##TITLE= Parameter file, TopSpin 4.3.0
##JCAMPDX= 5.0
##DATATYPE= Parameter Values
##ORIGIN= Bruker BioSpin GmbH
##OWNER= nmrsu
$$ 2024-05-21 17:08:35.576 +0100  nmrsu@4CE1161FJM
$$ C:/Bruker/TopSpin4.3.0/exp/stan/nmr/lists/wave/user/multisupp_aux_d8
$$ process C:\Bruker\TopSpin4.3.0\prog\mod\xwinshape.exe
##MINX= 0.40268100
##MAXX= 99.99938900
##MINY= 0.45620400
##MAXY= 359.54379600
##$SHAPE_ADDPHASE= 0
##$SHAPE_AMP= 99.99938934
##$SHAPE_BWFAC= 0
##$SHAPE_BWFAC50= 0
##$SHAPE_CALCBW= yes
##$SHAPE_CALCINTEG= yes
##$SHAPE_EXMODE= <Excitation>
##$SHAPE_EXPAND= <>
##$SHAPE_EXPANDCF= (0..143)
0 0 0 0 0 0 0 0 0 0 0 0 0 0 0 0 0 0 0 0 0 0 0 0 0 0 0 0 0 0 0 0 0 0 0 0
0 0 0 0 0 0 0 0 0 0 0 0 0 0 0 0 0 0 0 0 0 0 0 0 0 0 0 0 0 0 0 0 0 0 0 0
0 0 0 0 0 0 0 0 0 0 0 0 0 0 0 0 0 0 0 0 0 0 0 0 0 0 0 0 0 0 0 0 0 0 0 0
0 0 0 0 0 0 0 0 0 0 0 0 0 0 0 0 0 0 0 0 0 0 0 0 0 0 0 0 0 0 0 0 0 0 0 0
##$SHAPE_EXPFAC= 0
##$SHAPE_FRACEND= 0
##$SHAPE_FRACORG= 0
##$SHAPE_FRACSTART= 0
##$SHAPE_INTEGFAC= 0
##$SHAPE_KEEPRES= yes
##$SHAPE_LENGTH= 25000.000373
##$SHAPE_MAN= <M>
##$SHAPE_MODE= 3
##$SHAPE_MODFREQ= 0
##$SHAPE_MODPHASE= 0
##$SHAPE_MODSCALE= 0
##$SHAPE_MODSW= 0
##$SHAPE_MODSWDIR= -1
##$SHAPE_NPOINTS= 1250
##$SHAPE_OFFS= <1 3>
##$SHAPE_OFFSCOEFF= (0..95)
-159.2598 0 100 -226.99489 0 100 -295.50124 0 100 0 0 0 0 0 0 0 0 0 0 0
0 0 0 0 0 0 0 0 0 0 0 0 0 0 0 0 0 0 0 0 0 0 0 0 0 0 0 0 0 0 0 0 0 0 0 0
0 0 0 0 0 0 0 0 0 0 0 0 0 0 0 0 0 0 0 0 0 0 0 0 0 0 0 0 0 0 0 0 0 0 0 0
0 0 0 0
##$SHAPE_PARAMETER= <>
##$SHAPE_REPHFAC= 0
##$SHAPE_RES= 0
##$SHAPE_SCALEFAC= 1.00000611
##$SHAPE_SCALETYPE= 0
##$SHAPE_SPOAL= 0
##$SHAPE_SPOFFS= 0
##$SHAPE_SPOPH= 0
##$SHAPE_TOTROT= 90
##$SHAPE_TYPE= <Excitation>
##$SHAPE_USER_DEF= <>
##$SHAPE_VERSION= 2.1
##$SHL_ADDPHASE= (0..15)
0 0 0 0 0 0 0 0 0 0 0 0 0 0 0 0
##$SHL_ALIGNOFFSET= (0..15)
0 0 0 0 0 0 0 0 0 0 0 0 0 0 0 0
##$SHL_AMP= (0..15)
100 0 0 0 0 0 0 0 0 0 0 0 0 0 0 0
##$SHL_AMPFAC= (0..15)
0 0 0 0 0 0 0 0 0 0 0 0 0 0 0 0
##$SHL_BETA= (0..15)
0 0 0 0 0 0 0 0 0 0 0 0 0 0 0 0
##$SHL_BWFAC= (0..15)
1.116 0 0 0 0 0 0 0 0 0 0 0 0 0 0 0
##$SHL_CALCBW= (0..15)
yes yes yes yes yes yes yes yes yes yes yes yes yes yes yes yes
##$SHL_CALCINTEG= (0..15)
yes yes yes yes yes yes yes yes yes yes yes yes yes yes yes yes
##$SHL_CENTERAMP= (0..15)
0 0 0 0 0 0 0 0 0 0 0 0 0 0 0 0
##$SHL_CYCNUM= (0..15)
0 0 0 0 0 0 0 0 0 0 0 0 0 0 0 0
##$SHL_DIPOLCPL= (0..15)
0 0 0 0 0 0 0 0 0 0 0 0 0 0 0 0
##$SHL_ENDAMP= (0..15)
0 0 0 0 0 0 0 0 0 0 0 0 0 0 0 0
##$SHL_EXMODE= (0..15)
<Excitation> <> <> <> <> <> <> <> <> <> <> <> <> <> <> <>
##$SHL_EXPAND= (0..15)
<> <> <> <> <> <> <> <> <> <> <> <> <> <> <> <>
##$SHL_EXPANDCF0= (0..143)
0 0 0 0 0 0 0 0 0 0 0 0 0 0 0 0 0 0 0 0 0 0 0 0 0 0 0 0 0 0 0 0 0 0 0 0
0 0 0 0 0 0 0 0 0 0 0 0 0 0 0 0 0 0 0 0 0 0 0 0 0 0 0 0 0 0 0 0 0 0 0 0
0 0 0 0 0 0 0 0 0 0 0 0 0 0 0 0 0 0 0 0 0 0 0 0 0 0 0 0 0 0 0 0 0 0 0 0
0 0 0 0 0 0 0 0 0 0 0 0 0 0 0 0 0 0 0 0 0 0 0 0 0 0 0 0 0 0 0 0 0 0 0 0
##$SHL_EXPANDCF1= (0..143)
0 0 0 0 0 0 0 0 0 0 0 0 0 0 0 0 0 0 0 0 0 0 0 0 0 0 0 0 0 0 0 0 0 0 0 0
0 0 0 0 0 0 0 0 0 0 0 0 0 0 0 0 0 0 0 0 0 0 0 0 0 0 0 0 0 0 0 0 0 0 0 0
0 0 0 0 0 0 0 0 0 0 0 0 0 0 0 0 0 0 0 0 0 0 0 0 0 0 0 0 0 0 0 0 0 0 0 0
0 0 0 0 0 0 0 0 0 0 0 0 0 0 0 0 0 0 0 0 0 0 0 0 0 0 0 0 0 0 0 0 0 0 0 0
##$SHL_EXPANDCF10= (0..143)
0 0 0 0 0 0 0 0 0 0 0 0 0 0 0 0 0 0 0 0 0 0 0 0 0 0 0 0 0 0 0 0 0 0 0 0
0 0 0 0 0 0 0 0 0 0 0 0 0 0 0 0 0 0 0 0 0 0 0 0 0 0 0 0 0 0 0 0 0 0 0 0
0 0 0 0 0 0 0 0 0 0 0 0 0 0 0 0 0 0 0 0 0 0 0 0 0 0 0 0 0 0 0 0 0 0 0 0
0 0 0 0 0 0 0 0 0 0 0 0 0 0 0 0 0 0 0 0 0 0 0 0 0 0 0 0 0 0 0 0 0 0 0 0
##$SHL_EXPANDCF11= (0..143)
0 0 0 0 0 0 0 0 0 0 0 0 0 0 0 0 0 0 0 0 0 0 0 0 0 0 0 0 0 0 0 0 0 0 0 0
0 0 0 0 0 0 0 0 0 0 0 0 0 0 0 0 0 0 0 0 0 0 0 0 0 0 0 0 0 0 0 0 0 0 0 0
0 0 0 0 0 0 0 0 0 0 0 0 0 0 0 0 0 0 0 0 0 0 0 0 0 0 0 0 0 0 0 0 0 0 0 0
0 0 0 0 0 0 0 0 0 0 0 0 0 0 0 0 0 0 0 0 0 0 0 0 0 0 0 0 0 0 0 0 0 0 0 0
##$SHL_EXPANDCF12= (0..143)
0 0 0 0 0 0 0 0 0 0 0 0 0 0 0 0 0 0 0 0 0 0 0 0 0 0 0 0 0 0 0 0 0 0 0 0
0 0 0 0 0 0 0 0 0 0 0 0 0 0 0 0 0 0 0 0 0 0 0 0 0 0 0 0 0 0 0 0 0 0 0 0
0 0 0 0 0 0 0 0 0 0 0 0 0 0 0 0 0 0 0 0 0 0 0 0 0 0 0 0 0 0 0 0 0 0 0 0
0 0 0 0 0 0 0 0 0 0 0 0 0 0 0 0 0 0 0 0 0 0 0 0 0 0 0 0 0 0 0 0 0 0 0 0
##$SHL_EXPANDCF13= (0..143)
0 0 0 0 0 0 0 0 0 0 0 0 0 0 0 0 0 0 0 0 0 0 0 0 0 0 0 0 0 0 0 0 0 0 0 0
0 0 0 0 0 0 0 0 0 0 0 0 0 0 0 0 0 0 0 0 0 0 0 0 0 0 0 0 0 0 0 0 0 0 0 0
0 0 0 0 0 0 0 0 0 0 0 0 0 0 0 0 0 0 0 0 0 0 0 0 0 0 0 0 0 0 0 0 0 0 0 0
0 0 0 0 0 0 0 0 0 0 0 0 0 0 0 0 0 0 0 0 0 0 0 0 0 0 0 0 0 0 0 0 0 0 0 0
##$SHL_EXPANDCF14= (0..143)
0 0 0 0 0 0 0 0 0 0 0 0 0 0 0 0 0 0 0 0 0 0 0 0 0 0 0 0 0 0 0 0 0 0 0 0
0 0 0 0 0 0 0 0 0 0 0 0 0 0 0 0 0 0 0 0 0 0 0 0 0 0 0 0 0 0 0 0 0 0 0 0
0 0 0 0 0 0 0 0 0 0 0 0 0 0 0 0 0 0 0 0 0 0 0 0 0 0 0 0 0 0 0 0 0 0 0 0
0 0 0 0 0 0 0 0 0 0 0 0 0 0 0 0 0 0 0 0 0 0 0 0 0 0 0 0 0 0 0 0 0 0 0 0
##$SHL_EXPANDCF15= (0..143)
0 0 0 0 0 0 0 0 0 0 0 0 0 0 0 0 0 0 0 0 0 0 0 0 0 0 0 0 0 0 0 0 0 0 0 0
0 0 0 0 0 0 0 0 0 0 0 0 0 0 0 0 0 0 0 0 0 0 0 0 0 0 0 0 0 0 0 0 0 0 0 0
0 0 0 0 0 0 0 0 0 0 0 0 0 0 0 0 0 0 0 0 0 0 0 0 0 0 0 0 0 0 0 0 0 0 0 0
0 0 0 0 0 0 0 0 0 0 0 0 0 0 0 0 0 0 0 0 0 0 0 0 0 0 0 0 0 0 0 0 0 0 0 0
##$SHL_EXPANDCF2= (0..143)
0 0 0 0 0 0 0 0 0 0 0 0 0 0 0 0 0 0 0 0 0 0 0 0 0 0 0 0 0 0 0 0 0 0 0 0
0 0 0 0 0 0 0 0 0 0 0 0 0 0 0 0 0 0 0 0 0 0 0 0 0 0 0 0 0 0 0 0 0 0 0 0
0 0 0 0 0 0 0 0 0 0 0 0 0 0 0 0 0 0 0 0 0 0 0 0 0 0 0 0 0 0 0 0 0 0 0 0
0 0 0 0 0 0 0 0 0 0 0 0 0 0 0 0 0 0 0 0 0 0 0 0 0 0 0 0 0 0 0 0 0 0 0 0
##$SHL_EXPANDCF3= (0..143)
0 0 0 0 0 0 0 0 0 0 0 0 0 0 0 0 0 0 0 0 0 0 0 0 0 0 0 0 0 0 0 0 0 0 0 0
0 0 0 0 0 0 0 0 0 0 0 0 0 0 0 0 0 0 0 0 0 0 0 0 0 0 0 0 0 0 0 0 0 0 0 0
0 0 0 0 0 0 0 0 0 0 0 0 0 0 0 0 0 0 0 0 0 0 0 0 0 0 0 0 0 0 0 0 0 0 0 0
0 0 0 0 0 0 0 0 0 0 0 0 0 0 0 0 0 0 0 0 0 0 0 0 0 0 0 0 0 0 0 0 0 0 0 0
##$SHL_EXPANDCF4= (0..143)
0 0 0 0 0 0 0 0 0 0 0 0 0 0 0 0 0 0 0 0 0 0 0 0 0 0 0 0 0 0 0 0 0 0 0 0
0 0 0 0 0 0 0 0 0 0 0 0 0 0 0 0 0 0 0 0 0 0 0 0 0 0 0 0 0 0 0 0 0 0 0 0
0 0 0 0 0 0 0 0 0 0 0 0 0 0 0 0 0 0 0 0 0 0 0 0 0 0 0 0 0 0 0 0 0 0 0 0
0 0 0 0 0 0 0 0 0 0 0 0 0 0 0 0 0 0 0 0 0 0 0 0 0 0 0 0 0 0 0 0 0 0 0 0
##$SHL_EXPANDCF5= (0..143)
0 0 0 0 0 0 0 0 0 0 0 0 0 0 0 0 0 0 0 0 0 0 0 0 0 0 0 0 0 0 0 0 0 0 0 0
0 0 0 0 0 0 0 0 0 0 0 0 0 0 0 0 0 0 0 0 0 0 0 0 0 0 0 0 0 0 0 0 0 0 0 0
0 0 0 0 0 0 0 0 0 0 0 0 0 0 0 0 0 0 0 0 0 0 0 0 0 0 0 0 0 0 0 0 0 0 0 0
0 0 0 0 0 0 0 0 0 0 0 0 0 0 0 0 0 0 0 0 0 0 0 0 0 0 0 0 0 0 0 0 0 0 0 0
##$SHL_EXPANDCF6= (0..143)
0 0 0 0 0 0 0 0 0 0 0 0 0 0 0 0 0 0 0 0 0 0 0 0 0 0 0 0 0 0 0 0 0 0 0 0
0 0 0 0 0 0 0 0 0 0 0 0 0 0 0 0 0 0 0 0 0 0 0 0 0 0 0 0 0 0 0 0 0 0 0 0
0 0 0 0 0 0 0 0 0 0 0 0 0 0 0 0 0 0 0 0 0 0 0 0 0 0 0 0 0 0 0 0 0 0 0 0
0 0 0 0 0 0 0 0 0 0 0 0 0 0 0 0 0 0 0 0 0 0 0 0 0 0 0 0 0 0 0 0 0 0 0 0
##$SHL_EXPANDCF7= (0..143)
0 0 0 0 0 0 0 0 0 0 0 0 0 0 0 0 0 0 0 0 0 0 0 0 0 0 0 0 0 0 0 0 0 0 0 0
0 0 0 0 0 0 0 0 0 0 0 0 0 0 0 0 0 0 0 0 0 0 0 0 0 0 0 0 0 0 0 0 0 0 0 0
0 0 0 0 0 0 0 0 0 0 0 0 0 0 0 0 0 0 0 0 0 0 0 0 0 0 0 0 0 0 0 0 0 0 0 0
0 0 0 0 0 0 0 0 0 0 0 0 0 0 0 0 0 0 0 0 0 0 0 0 0 0 0 0 0 0 0 0 0 0 0 0
##$SHL_EXPANDCF8= (0..143)
0 0 0 0 0 0 0 0 0 0 0 0 0 0 0 0 0 0 0 0 0 0 0 0 0 0 0 0 0 0 0 0 0 0 0 0
0 0 0 0 0 0 0 0 0 0 0 0 0 0 0 0 0 0 0 0 0 0 0 0 0 0 0 0 0 0 0 0 0 0 0 0
0 0 0 0 0 0 0 0 0 0 0 0 0 0 0 0 0 0 0 0 0 0 0 0 0 0 0 0 0 0 0 0 0 0 0 0
0 0 0 0 0 0 0 0 0 0 0 0 0 0 0 0 0 0 0 0 0 0 0 0 0 0 0 0 0 0 0 0 0 0 0 0
##$SHL_EXPANDCF9= (0..143)
0 0 0 0 0 0 0 0 0 0 0 0 0 0 0 0 0 0 0 0 0 0 0 0 0 0 0 0 0 0 0 0 0 0 0 0
0 0 0 0 0 0 0 0 0 0 0 0 0 0 0 0 0 0 0 0 0 0 0 0 0 0 0 0 0 0 0 0 0 0 0 0
0 0 0 0 0 0 0 0 0 0 0 0 0 0 0 0 0 0 0 0 0 0 0 0 0 0 0 0 0 0 0 0 0 0 0 0
0 0 0 0 0 0 0 0 0 0 0 0 0 0 0 0 0 0 0 0 0 0 0 0 0 0 0 0 0 0 0 0 0 0 0 0
##$SHL_EXPFAC= (0..15)
0 0 0 0 0 0 0 0 0 0 0 0 0 0 0 0
##$SHL_FRACEND= (0..15)
0 0 0 0 0 0 0 0 0 0 0 0 0 0 0 0
##$SHL_FRACORG= (0..15)
0 0 0 0 0 0 0 0 0 0 0 0 0 0 0 0
##$SHL_FRACSTART= (0..15)
0 0 0 0 0 0 0 0 0 0 0 0 0 0 0 0
##$SHL_FULLHALF= (0..15)
0 0 0 0 0 0 0 0 0 0 0 0 0 0 0 0
##$SHL_FUNCAMP= (0..15)
100 0 0 0 0 0 0 0 0 0 0 0 0 0 0 0
##$SHL_FUNCTION= (0..15)
<Rectangle> <> <> <> <> <> <> <> <> <> <> <> <> <> <> <>
##$SHL_GCO= (0..15)
<> <> <> <> <> <> <> <> <> <> <> <> <> <> <> <>
##$SHL_GCOCOEFFS0= (0..59)
0 0 0 0 0 0 0 0 0 0 0 0 0 0 0 0 0 0 0 0 0 0 0 0 0 0 0 0 0 0 0 0 0 0 0 0
0 0 0 0 0 0 0 0 0 0 0 0 0 0 0 0 0 0 0 0 0 0 0 0
##$SHL_GCOCOEFFS1= (0..59)
0 0 0 0 0 0 0 0 0 0 0 0 0 0 0 0 0 0 0 0 0 0 0 0 0 0 0 0 0 0 0 0 0 0 0 0
0 0 0 0 0 0 0 0 0 0 0 0 0 0 0 0 0 0 0 0 0 0 0 0
##$SHL_GCOCOEFFS10= (0..59)
0 0 0 0 0 0 0 0 0 0 0 0 0 0 0 0 0 0 0 0 0 0 0 0 0 0 0 0 0 0 0 0 0 0 0 0
0 0 0 0 0 0 0 0 0 0 0 0 0 0 0 0 0 0 0 0 0 0 0 0
##$SHL_GCOCOEFFS11= (0..59)
0 0 0 0 0 0 0 0 0 0 0 0 0 0 0 0 0 0 0 0 0 0 0 0 0 0 0 0 0 0 0 0 0 0 0 0
0 0 0 0 0 0 0 0 0 0 0 0 0 0 0 0 0 0 0 0 0 0 0 0
##$SHL_GCOCOEFFS12= (0..59)
0 0 0 0 0 0 0 0 0 0 0 0 0 0 0 0 0 0 0 0 0 0 0 0 0 0 0 0 0 0 0 0 0 0 0 0
0 0 0 0 0 0 0 0 0 0 0 0 0 0 0 0 0 0 0 0 0 0 0 0
##$SHL_GCOCOEFFS13= (0..59)
0 0 0 0 0 0 0 0 0 0 0 0 0 0 0 0 0 0 0 0 0 0 0 0 0 0 0 0 0 0 0 0 0 0 0 0
0 0 0 0 0 0 0 0 0 0 0 0 0 0 0 0 0 0 0 0 0 0 0 0
##$SHL_GCOCOEFFS14= (0..59)
0 0 0 0 0 0 0 0 0 0 0 0 0 0 0 0 0 0 0 0 0 0 0 0 0 0 0 0 0 0 0 0 0 0 0 0
0 0 0 0 0 0 0 0 0 0 0 0 0 0 0 0 0 0 0 0 0 0 0 0
##$SHL_GCOCOEFFS15= (0..59)
0 0 0 0 0 0 0 0 0 0 0 0 0 0 0 0 0 0 0 0 0 0 0 0 0 0 0 0 0 0 0 0 0 0 0 0
0 0 0 0 0 0 0 0 0 0 0 0 0 0 0 0 0 0 0 0 0 0 0 0
##$SHL_GCOCOEFFS2= (0..59)
0 0 0 0 0 0 0 0 0 0 0 0 0 0 0 0 0 0 0 0 0 0 0 0 0 0 0 0 0 0 0 0 0 0 0 0
0 0 0 0 0 0 0 0 0 0 0 0 0 0 0 0 0 0 0 0 0 0 0 0
##$SHL_GCOCOEFFS3= (0..59)
0 0 0 0 0 0 0 0 0 0 0 0 0 0 0 0 0 0 0 0 0 0 0 0 0 0 0 0 0 0 0 0 0 0 0 0
0 0 0 0 0 0 0 0 0 0 0 0 0 0 0 0 0 0 0 0 0 0 0 0
##$SHL_GCOCOEFFS4= (0..59)
0 0 0 0 0 0 0 0 0 0 0 0 0 0 0 0 0 0 0 0 0 0 0 0 0 0 0 0 0 0 0 0 0 0 0 0
0 0 0 0 0 0 0 0 0 0 0 0 0 0 0 0 0 0 0 0 0 0 0 0
##$SHL_GCOCOEFFS5= (0..59)
0 0 0 0 0 0 0 0 0 0 0 0 0 0 0 0 0 0 0 0 0 0 0 0 0 0 0 0 0 0 0 0 0 0 0 0
0 0 0 0 0 0 0 0 0 0 0 0 0 0 0 0 0 0 0 0 0 0 0 0
##$SHL_GCOCOEFFS6= (0..59)
0 0 0 0 0 0 0 0 0 0 0 0 0 0 0 0 0 0 0 0 0 0 0 0 0 0 0 0 0 0 0 0 0 0 0 0
0 0 0 0 0 0 0 0 0 0 0 0 0 0 0 0 0 0 0 0 0 0 0 0
##$SHL_GCOCOEFFS7= (0..59)
0 0 0 0 0 0 0 0 0 0 0 0 0 0 0 0 0 0 0 0 0 0 0 0 0 0 0 0 0 0 0 0 0 0 0 0
0 0 0 0 0 0 0 0 0 0 0 0 0 0 0 0 0 0 0 0 0 0 0 0
##$SHL_GCOCOEFFS8= (0..59)
0 0 0 0 0 0 0 0 0 0 0 0 0 0 0 0 0 0 0 0 0 0 0 0 0 0 0 0 0 0 0 0 0 0 0 0
0 0 0 0 0 0 0 0 0 0 0 0 0 0 0 0 0 0 0 0 0 0 0 0
##$SHL_GCOCOEFFS9= (0..59)
0 0 0 0 0 0 0 0 0 0 0 0 0 0 0 0 0 0 0 0 0 0 0 0 0 0 0 0 0 0 0 0 0 0 0 0
0 0 0 0 0 0 0 0 0 0 0 0 0 0 0 0 0 0 0 0 0 0 0 0
##$SHL_INTEGFAC= (0..15)
1 0 0 0 0 0 0 0 0 0 0 0 0 0 0 0
##$SHL_LB= (0..15)
0 0 0 0 0 0 0 0 0 0 0 0 0 0 0 0
##$SHL_LEFTLIMIT= (0..15)
0 0 0 0 0 0 0 0 0 0 0 0 0 0 0 0
##$SHL_LENGTH= (0..15)
25000.000373 0 0 0 0 0 0 0 0 0 0 0 0 0 0 0
##$SHL_MAN= (0..15)
<> <> <> <> <> <> <> <> <> <> <> <> <> <> <> <>
##$SHL_MEANAMP= (0..15)
0 0 0 0 0 0 0 0 0 0 0 0 0 0 0 0
##$SHL_MODAMP= (0..15)
0 0 0 0 0 0 0 0 0 0 0 0 0 0 0 0
##$SHL_MODE= (0..15)
0 0 0 0 0 0 0 0 0 0 0 0 0 0 0 0
##$SHL_MODFREQ= (0..15)
0 0 0 0 0 0 0 0 0 0 0 0 0 0 0 0
##$SHL_MODPHASE= (0..15)
0 0 0 0 0 0 0 0 0 0 0 0 0 0 0 0
##$SHL_MODSCALE= (0..15)
0 0 0 0 0 0 0 0 0 0 0 0 0 0 0 0
##$SHL_MODSW= (0..15)
0 0 0 0 0 0 0 0 0 0 0 0 0 0 0 0
##$SHL_MODSWDIR= (0..15)
-1 -1 -1 -1 -1 -1 -1 -1 -1 -1 -1 -1 -1 -1 -1 -1
##$SHL_MU= (0..15)
0 0 0 0 0 0 0 0 0 0 0 0 0 0 0 0
##$SHL_NPOINTS= (0..15)
1250 0 0 0 0 0 0 0 0 0 0 0 0 0 0 0
##$SHL_OFFS= (0..15)
<> <> <> <> <> <> <> <> <> <> <> <> <> <> <> <>
##$SHL_OFFSCOEFF0= (0..95)
0 0 0 0 0 0 0 0 0 0 0 0 0 0 0 0 0 0 0 0 0 0 0 0 0 0 0 0 0 0 0 0 0 0 0 0
0 0 0 0 0 0 0 0 0 0 0 0 0 0 0 0 0 0 0 0 0 0 0 0 0 0 0 0 0 0 0 0 0 0 0 0
0 0 0 0 0 0 0 0 0 0 0 0 0 0 0 0 0 0 0 0 0 0 0 0
##$SHL_OFFSCOEFF1= (0..95)
0 0 0 0 0 0 0 0 0 0 0 0 0 0 0 0 0 0 0 0 0 0 0 0 0 0 0 0 0 0 0 0 0 0 0 0
0 0 0 0 0 0 0 0 0 0 0 0 0 0 0 0 0 0 0 0 0 0 0 0 0 0 0 0 0 0 0 0 0 0 0 0
0 0 0 0 0 0 0 0 0 0 0 0 0 0 0 0 0 0 0 0 0 0 0 0
##$SHL_OFFSCOEFF10= (0..95)
0 0 0 0 0 0 0 0 0 0 0 0 0 0 0 0 0 0 0 0 0 0 0 0 0 0 0 0 0 0 0 0 0 0 0 0
0 0 0 0 0 0 0 0 0 0 0 0 0 0 0 0 0 0 0 0 0 0 0 0 0 0 0 0 0 0 0 0 0 0 0 0
0 0 0 0 0 0 0 0 0 0 0 0 0 0 0 0 0 0 0 0 0 0 0 0
##$SHL_OFFSCOEFF11= (0..95)
0 0 0 0 0 0 0 0 0 0 0 0 0 0 0 0 0 0 0 0 0 0 0 0 0 0 0 0 0 0 0 0 0 0 0 0
0 0 0 0 0 0 0 0 0 0 0 0 0 0 0 0 0 0 0 0 0 0 0 0 0 0 0 0 0 0 0 0 0 0 0 0
0 0 0 0 0 0 0 0 0 0 0 0 0 0 0 0 0 0 0 0 0 0 0 0
##$SHL_OFFSCOEFF12= (0..95)
0 0 0 0 0 0 0 0 0 0 0 0 0 0 0 0 0 0 0 0 0 0 0 0 0 0 0 0 0 0 0 0 0 0 0 0
0 0 0 0 0 0 0 0 0 0 0 0 0 0 0 0 0 0 0 0 0 0 0 0 0 0 0 0 0 0 0 0 0 0 0 0
0 0 0 0 0 0 0 0 0 0 0 0 0 0 0 0 0 0 0 0 0 0 0 0
##$SHL_OFFSCOEFF13= (0..95)
0 0 0 0 0 0 0 0 0 0 0 0 0 0 0 0 0 0 0 0 0 0 0 0 0 0 0 0 0 0 0 0 0 0 0 0
0 0 0 0 0 0 0 0 0 0 0 0 0 0 0 0 0 0 0 0 0 0 0 0 0 0 0 0 0 0 0 0 0 0 0 0
0 0 0 0 0 0 0 0 0 0 0 0 0 0 0 0 0 0 0 0 0 0 0 0
##$SHL_OFFSCOEFF14= (0..95)
0 0 0 0 0 0 0 0 0 0 0 0 0 0 0 0 0 0 0 0 0 0 0 0 0 0 0 0 0 0 0 0 0 0 0 0
0 0 0 0 0 0 0 0 0 0 0 0 0 0 0 0 0 0 0 0 0 0 0 0 0 0 0 0 0 0 0 0 0 0 0 0
0 0 0 0 0 0 0 0 0 0 0 0 0 0 0 0 0 0 0 0 0 0 0 0
##$SHL_OFFSCOEFF15= (0..95)
0 0 0 0 0 0 0 0 0 0 0 0 0 0 0 0 0 0 0 0 0 0 0 0 0 0 0 0 0 0 0 0 0 0 0 0
0 0 0 0 0 0 0 0 0 0 0 0 0 0 0 0 0 0 0 0 0 0 0 0 0 0 0 0 0 0 0 0 0 0 0 0
0 0 0 0 0 0 0 0 0 0 0 0 0 0 0 0 0 0 0 0 0 0 0 0
##$SHL_OFFSCOEFF2= (0..95)
0 0 0 0 0 0 0 0 0 0 0 0 0 0 0 0 0 0 0 0 0 0 0 0 0 0 0 0 0 0 0 0 0 0 0 0
0 0 0 0 0 0 0 0 0 0 0 0 0 0 0 0 0 0 0 0 0 0 0 0 0 0 0 0 0 0 0 0 0 0 0 0
0 0 0 0 0 0 0 0 0 0 0 0 0 0 0 0 0 0 0 0 0 0 0 0
##$SHL_OFFSCOEFF3= (0..95)
0 0 0 0 0 0 0 0 0 0 0 0 0 0 0 0 0 0 0 0 0 0 0 0 0 0 0 0 0 0 0 0 0 0 0 0
0 0 0 0 0 0 0 0 0 0 0 0 0 0 0 0 0 0 0 0 0 0 0 0 0 0 0 0 0 0 0 0 0 0 0 0
0 0 0 0 0 0 0 0 0 0 0 0 0 0 0 0 0 0 0 0 0 0 0 0
##$SHL_OFFSCOEFF4= (0..95)
0 0 0 0 0 0 0 0 0 0 0 0 0 0 0 0 0 0 0 0 0 0 0 0 0 0 0 0 0 0 0 0 0 0 0 0
0 0 0 0 0 0 0 0 0 0 0 0 0 0 0 0 0 0 0 0 0 0 0 0 0 0 0 0 0 0 0 0 0 0 0 0
0 0 0 0 0 0 0 0 0 0 0 0 0 0 0 0 0 0 0 0 0 0 0 0
##$SHL_OFFSCOEFF5= (0..95)
0 0 0 0 0 0 0 0 0 0 0 0 0 0 0 0 0 0 0 0 0 0 0 0 0 0 0 0 0 0 0 0 0 0 0 0
0 0 0 0 0 0 0 0 0 0 0 0 0 0 0 0 0 0 0 0 0 0 0 0 0 0 0 0 0 0 0 0 0 0 0 0
0 0 0 0 0 0 0 0 0 0 0 0 0 0 0 0 0 0 0 0 0 0 0 0
##$SHL_OFFSCOEFF6= (0..95)
0 0 0 0 0 0 0 0 0 0 0 0 0 0 0 0 0 0 0 0 0 0 0 0 0 0 0 0 0 0 0 0 0 0 0 0
0 0 0 0 0 0 0 0 0 0 0 0 0 0 0 0 0 0 0 0 0 0 0 0 0 0 0 0 0 0 0 0 0 0 0 0
0 0 0 0 0 0 0 0 0 0 0 0 0 0 0 0 0 0 0 0 0 0 0 0
##$SHL_OFFSCOEFF7= (0..95)
0 0 0 0 0 0 0 0 0 0 0 0 0 0 0 0 0 0 0 0 0 0 0 0 0 0 0 0 0 0 0 0 0 0 0 0
0 0 0 0 0 0 0 0 0 0 0 0 0 0 0 0 0 0 0 0 0 0 0 0 0 0 0 0 0 0 0 0 0 0 0 0
0 0 0 0 0 0 0 0 0 0 0 0 0 0 0 0 0 0 0 0 0 0 0 0
##$SHL_OFFSCOEFF8= (0..95)
0 0 0 0 0 0 0 0 0 0 0 0 0 0 0 0 0 0 0 0 0 0 0 0 0 0 0 0 0 0 0 0 0 0 0 0
0 0 0 0 0 0 0 0 0 0 0 0 0 0 0 0 0 0 0 0 0 0 0 0 0 0 0 0 0 0 0 0 0 0 0 0
0 0 0 0 0 0 0 0 0 0 0 0 0 0 0 0 0 0 0 0 0 0 0 0
##$SHL_OFFSCOEFF9= (0..95)
0 0 0 0 0 0 0 0 0 0 0 0 0 0 0 0 0 0 0 0 0 0 0 0 0 0 0 0 0 0 0 0 0 0 0 0
0 0 0 0 0 0 0 0 0 0 0 0 0 0 0 0 0 0 0 0 0 0 0 0 0 0 0 0 0 0 0 0 0 0 0 0
0 0 0 0 0 0 0 0 0 0 0 0 0 0 0 0 0 0 0 0 0 0 0 0
##$SHL_PHASE= (0..15)
0 0 0 0 0 0 0 0 0 0 0 0 0 0 0 0
##$SHL_PHASEFAC= (0..15)
0 0 0 0 0 0 0 0 0 0 0 0 0 0 0 0
##$SHL_POWERINDEX= (0..15)
0 0 0 0 0 0 0 0 0 0 0 0 0 0 0 0
##$SHL_QUADCOEFF= (0..15)
0 0 0 0 0 0 0 0 0 0 0 0 0 0 0 0
##$SHL_RIGHTLIMIT= (0..15)
0 0 0 0 0 0 0 0 0 0 0 0 0 0 0 0
##$SHL_SCALEFACTOR= (0..15)
1 1 1 1 1 1 1 1 1 1 1 1 1 1 1 1
##$SHL_SF= (0..15)
<> <> <> <> <> <> <> <> <> <> <> <> <> <> <> <>
##$SHL_SFCOEFFS0= (0..200)
0 0 0 0 0 0 0 0 0 0 0 0 0 0 0 0 0 0 0 0 0 0 0 0 0 0 0 0 0 0 0 0 0 0 0 0
0 0 0 0 0 0 0 0 0 0 0 0 0 0 0 0 0 0 0 0 0 0 0 0 0 0 0 0 0 0 0 0 0 0 0 0
0 0 0 0 0 0 0 0 0 0 0 0 0 0 0 0 0 0 0 0 0 0 0 0 0 0 0 0 0 0 0 0 0 0 0 0
0 0 0 0 0 0 0 0 0 0 0 0 0 0 0 0 0 0 0 0 0 0 0 0 0 0 0 0 0 0 0 0 0 0 0 0
0 0 0 0 0 0 0 0 0 0 0 0 0 0 0 0 0 0 0 0 0 0 0 0 0 0 0 0 0 0 0 0 0 0 0 0
0 0 0 0 0 0 0 0 0 0 0 0 0 0 0 0 0 0 0 0 0
##$SHL_SFCOEFFS1= (0..200)
0 0 0 0 0 0 0 0 0 0 0 0 0 0 0 0 0 0 0 0 0 0 0 0 0 0 0 0 0 0 0 0 0 0 0 0
0 0 0 0 0 0 0 0 0 0 0 0 0 0 0 0 0 0 0 0 0 0 0 0 0 0 0 0 0 0 0 0 0 0 0 0
0 0 0 0 0 0 0 0 0 0 0 0 0 0 0 0 0 0 0 0 0 0 0 0 0 0 0 0 0 0 0 0 0 0 0 0
0 0 0 0 0 0 0 0 0 0 0 0 0 0 0 0 0 0 0 0 0 0 0 0 0 0 0 0 0 0 0 0 0 0 0 0
0 0 0 0 0 0 0 0 0 0 0 0 0 0 0 0 0 0 0 0 0 0 0 0 0 0 0 0 0 0 0 0 0 0 0 0
0 0 0 0 0 0 0 0 0 0 0 0 0 0 0 0 0 0 0 0 0
##$SHL_SFCOEFFS10= (0..200)
0 0 0 0 0 0 0 0 0 0 0 0 0 0 0 0 0 0 0 0 0 0 0 0 0 0 0 0 0 0 0 0 0 0 0 0
0 0 0 0 0 0 0 0 0 0 0 0 0 0 0 0 0 0 0 0 0 0 0 0 0 0 0 0 0 0 0 0 0 0 0 0
0 0 0 0 0 0 0 0 0 0 0 0 0 0 0 0 0 0 0 0 0 0 0 0 0 0 0 0 0 0 0 0 0 0 0 0
0 0 0 0 0 0 0 0 0 0 0 0 0 0 0 0 0 0 0 0 0 0 0 0 0 0 0 0 0 0 0 0 0 0 0 0
0 0 0 0 0 0 0 0 0 0 0 0 0 0 0 0 0 0 0 0 0 0 0 0 0 0 0 0 0 0 0 0 0 0 0 0
0 0 0 0 0 0 0 0 0 0 0 0 0 0 0 0 0 0 0 0 0
##$SHL_SFCOEFFS11= (0..200)
0 0 0 0 0 0 0 0 0 0 0 0 0 0 0 0 0 0 0 0 0 0 0 0 0 0 0 0 0 0 0 0 0 0 0 0
0 0 0 0 0 0 0 0 0 0 0 0 0 0 0 0 0 0 0 0 0 0 0 0 0 0 0 0 0 0 0 0 0 0 0 0
0 0 0 0 0 0 0 0 0 0 0 0 0 0 0 0 0 0 0 0 0 0 0 0 0 0 0 0 0 0 0 0 0 0 0 0
0 0 0 0 0 0 0 0 0 0 0 0 0 0 0 0 0 0 0 0 0 0 0 0 0 0 0 0 0 0 0 0 0 0 0 0
0 0 0 0 0 0 0 0 0 0 0 0 0 0 0 0 0 0 0 0 0 0 0 0 0 0 0 0 0 0 0 0 0 0 0 0
0 0 0 0 0 0 0 0 0 0 0 0 0 0 0 0 0 0 0 0 0
##$SHL_SFCOEFFS12= (0..200)
0 0 0 0 0 0 0 0 0 0 0 0 0 0 0 0 0 0 0 0 0 0 0 0 0 0 0 0 0 0 0 0 0 0 0 0
0 0 0 0 0 0 0 0 0 0 0 0 0 0 0 0 0 0 0 0 0 0 0 0 0 0 0 0 0 0 0 0 0 0 0 0
0 0 0 0 0 0 0 0 0 0 0 0 0 0 0 0 0 0 0 0 0 0 0 0 0 0 0 0 0 0 0 0 0 0 0 0
0 0 0 0 0 0 0 0 0 0 0 0 0 0 0 0 0 0 0 0 0 0 0 0 0 0 0 0 0 0 0 0 0 0 0 0
0 0 0 0 0 0 0 0 0 0 0 0 0 0 0 0 0 0 0 0 0 0 0 0 0 0 0 0 0 0 0 0 0 0 0 0
0 0 0 0 0 0 0 0 0 0 0 0 0 0 0 0 0 0 0 0 0
##$SHL_SFCOEFFS13= (0..200)
0 0 0 0 0 0 0 0 0 0 0 0 0 0 0 0 0 0 0 0 0 0 0 0 0 0 0 0 0 0 0 0 0 0 0 0
0 0 0 0 0 0 0 0 0 0 0 0 0 0 0 0 0 0 0 0 0 0 0 0 0 0 0 0 0 0 0 0 0 0 0 0
0 0 0 0 0 0 0 0 0 0 0 0 0 0 0 0 0 0 0 0 0 0 0 0 0 0 0 0 0 0 0 0 0 0 0 0
0 0 0 0 0 0 0 0 0 0 0 0 0 0 0 0 0 0 0 0 0 0 0 0 0 0 0 0 0 0 0 0 0 0 0 0
0 0 0 0 0 0 0 0 0 0 0 0 0 0 0 0 0 0 0 0 0 0 0 0 0 0 0 0 0 0 0 0 0 0 0 0
0 0 0 0 0 0 0 0 0 0 0 0 0 0 0 0 0 0 0 0 0
##$SHL_SFCOEFFS14= (0..200)
0 0 0 0 0 0 0 0 0 0 0 0 0 0 0 0 0 0 0 0 0 0 0 0 0 0 0 0 0 0 0 0 0 0 0 0
0 0 0 0 0 0 0 0 0 0 0 0 0 0 0 0 0 0 0 0 0 0 0 0 0 0 0 0 0 0 0 0 0 0 0 0
0 0 0 0 0 0 0 0 0 0 0 0 0 0 0 0 0 0 0 0 0 0 0 0 0 0 0 0 0 0 0 0 0 0 0 0
0 0 0 0 0 0 0 0 0 0 0 0 0 0 0 0 0 0 0 0 0 0 0 0 0 0 0 0 0 0 0 0 0 0 0 0
0 0 0 0 0 0 0 0 0 0 0 0 0 0 0 0 0 0 0 0 0 0 0 0 0 0 0 0 0 0 0 0 0 0 0 0
0 0 0 0 0 0 0 0 0 0 0 0 0 0 0 0 0 0 0 0 0
##$SHL_SFCOEFFS15= (0..200)
0 0 0 0 0 0 0 0 0 0 0 0 0 0 0 0 0 0 0 0 0 0 0 0 0 0 0 0 0 0 0 0 0 0 0 0
0 0 0 0 0 0 0 0 0 0 0 0 0 0 0 0 0 0 0 0 0 0 0 0 0 0 0 0 0 0 0 0 0 0 0 0
0 0 0 0 0 0 0 0 0 0 0 0 0 0 0 0 0 0 0 0 0 0 0 0 0 0 0 0 0 0 0 0 0 0 0 0
0 0 0 0 0 0 0 0 0 0 0 0 0 0 0 0 0 0 0 0 0 0 0 0 0 0 0 0 0 0 0 0 0 0 0 0
0 0 0 0 0 0 0 0 0 0 0 0 0 0 0 0 0 0 0 0 0 0 0 0 0 0 0 0 0 0 0 0 0 0 0 0
0 0 0 0 0 0 0 0 0 0 0 0 0 0 0 0 0 0 0 0 0
##$SHL_SFCOEFFS2= (0..200)
0 0 0 0 0 0 0 0 0 0 0 0 0 0 0 0 0 0 0 0 0 0 0 0 0 0 0 0 0 0 0 0 0 0 0 0
0 0 0 0 0 0 0 0 0 0 0 0 0 0 0 0 0 0 0 0 0 0 0 0 0 0 0 0 0 0 0 0 0 0 0 0
0 0 0 0 0 0 0 0 0 0 0 0 0 0 0 0 0 0 0 0 0 0 0 0 0 0 0 0 0 0 0 0 0 0 0 0
0 0 0 0 0 0 0 0 0 0 0 0 0 0 0 0 0 0 0 0 0 0 0 0 0 0 0 0 0 0 0 0 0 0 0 0
0 0 0 0 0 0 0 0 0 0 0 0 0 0 0 0 0 0 0 0 0 0 0 0 0 0 0 0 0 0 0 0 0 0 0 0
0 0 0 0 0 0 0 0 0 0 0 0 0 0 0 0 0 0 0 0 0
##$SHL_SFCOEFFS3= (0..200)
0 0 0 0 0 0 0 0 0 0 0 0 0 0 0 0 0 0 0 0 0 0 0 0 0 0 0 0 0 0 0 0 0 0 0 0
0 0 0 0 0 0 0 0 0 0 0 0 0 0 0 0 0 0 0 0 0 0 0 0 0 0 0 0 0 0 0 0 0 0 0 0
0 0 0 0 0 0 0 0 0 0 0 0 0 0 0 0 0 0 0 0 0 0 0 0 0 0 0 0 0 0 0 0 0 0 0 0
0 0 0 0 0 0 0 0 0 0 0 0 0 0 0 0 0 0 0 0 0 0 0 0 0 0 0 0 0 0 0 0 0 0 0 0
0 0 0 0 0 0 0 0 0 0 0 0 0 0 0 0 0 0 0 0 0 0 0 0 0 0 0 0 0 0 0 0 0 0 0 0
0 0 0 0 0 0 0 0 0 0 0 0 0 0 0 0 0 0 0 0 0
##$SHL_SFCOEFFS4= (0..200)
0 0 0 0 0 0 0 0 0 0 0 0 0 0 0 0 0 0 0 0 0 0 0 0 0 0 0 0 0 0 0 0 0 0 0 0
0 0 0 0 0 0 0 0 0 0 0 0 0 0 0 0 0 0 0 0 0 0 0 0 0 0 0 0 0 0 0 0 0 0 0 0
0 0 0 0 0 0 0 0 0 0 0 0 0 0 0 0 0 0 0 0 0 0 0 0 0 0 0 0 0 0 0 0 0 0 0 0
0 0 0 0 0 0 0 0 0 0 0 0 0 0 0 0 0 0 0 0 0 0 0 0 0 0 0 0 0 0 0 0 0 0 0 0
0 0 0 0 0 0 0 0 0 0 0 0 0 0 0 0 0 0 0 0 0 0 0 0 0 0 0 0 0 0 0 0 0 0 0 0
0 0 0 0 0 0 0 0 0 0 0 0 0 0 0 0 0 0 0 0 0
##$SHL_SFCOEFFS5= (0..200)
0 0 0 0 0 0 0 0 0 0 0 0 0 0 0 0 0 0 0 0 0 0 0 0 0 0 0 0 0 0 0 0 0 0 0 0
0 0 0 0 0 0 0 0 0 0 0 0 0 0 0 0 0 0 0 0 0 0 0 0 0 0 0 0 0 0 0 0 0 0 0 0
0 0 0 0 0 0 0 0 0 0 0 0 0 0 0 0 0 0 0 0 0 0 0 0 0 0 0 0 0 0 0 0 0 0 0 0
0 0 0 0 0 0 0 0 0 0 0 0 0 0 0 0 0 0 0 0 0 0 0 0 0 0 0 0 0 0 0 0 0 0 0 0
0 0 0 0 0 0 0 0 0 0 0 0 0 0 0 0 0 0 0 0 0 0 0 0 0 0 0 0 0 0 0 0 0 0 0 0
0 0 0 0 0 0 0 0 0 0 0 0 0 0 0 0 0 0 0 0 0
##$SHL_SFCOEFFS6= (0..200)
0 0 0 0 0 0 0 0 0 0 0 0 0 0 0 0 0 0 0 0 0 0 0 0 0 0 0 0 0 0 0 0 0 0 0 0
0 0 0 0 0 0 0 0 0 0 0 0 0 0 0 0 0 0 0 0 0 0 0 0 0 0 0 0 0 0 0 0 0 0 0 0
0 0 0 0 0 0 0 0 0 0 0 0 0 0 0 0 0 0 0 0 0 0 0 0 0 0 0 0 0 0 0 0 0 0 0 0
0 0 0 0 0 0 0 0 0 0 0 0 0 0 0 0 0 0 0 0 0 0 0 0 0 0 0 0 0 0 0 0 0 0 0 0
0 0 0 0 0 0 0 0 0 0 0 0 0 0 0 0 0 0 0 0 0 0 0 0 0 0 0 0 0 0 0 0 0 0 0 0
0 0 0 0 0 0 0 0 0 0 0 0 0 0 0 0 0 0 0 0 0
##$SHL_SFCOEFFS7= (0..200)
0 0 0 0 0 0 0 0 0 0 0 0 0 0 0 0 0 0 0 0 0 0 0 0 0 0 0 0 0 0 0 0 0 0 0 0
0 0 0 0 0 0 0 0 0 0 0 0 0 0 0 0 0 0 0 0 0 0 0 0 0 0 0 0 0 0 0 0 0 0 0 0
0 0 0 0 0 0 0 0 0 0 0 0 0 0 0 0 0 0 0 0 0 0 0 0 0 0 0 0 0 0 0 0 0 0 0 0
0 0 0 0 0 0 0 0 0 0 0 0 0 0 0 0 0 0 0 0 0 0 0 0 0 0 0 0 0 0 0 0 0 0 0 0
0 0 0 0 0 0 0 0 0 0 0 0 0 0 0 0 0 0 0 0 0 0 0 0 0 0 0 0 0 0 0 0 0 0 0 0
0 0 0 0 0 0 0 0 0 0 0 0 0 0 0 0 0 0 0 0 0
##$SHL_SFCOEFFS8= (0..200)
0 0 0 0 0 0 0 0 0 0 0 0 0 0 0 0 0 0 0 0 0 0 0 0 0 0 0 0 0 0 0 0 0 0 0 0
0 0 0 0 0 0 0 0 0 0 0 0 0 0 0 0 0 0 0 0 0 0 0 0 0 0 0 0 0 0 0 0 0 0 0 0
0 0 0 0 0 0 0 0 0 0 0 0 0 0 0 0 0 0 0 0 0 0 0 0 0 0 0 0 0 0 0 0 0 0 0 0
0 0 0 0 0 0 0 0 0 0 0 0 0 0 0 0 0 0 0 0 0 0 0 0 0 0 0 0 0 0 0 0 0 0 0 0
0 0 0 0 0 0 0 0 0 0 0 0 0 0 0 0 0 0 0 0 0 0 0 0 0 0 0 0 0 0 0 0 0 0 0 0
0 0 0 0 0 0 0 0 0 0 0 0 0 0 0 0 0 0 0 0 0
##$SHL_SFCOEFFS9= (0..200)
0 0 0 0 0 0 0 0 0 0 0 0 0 0 0 0 0 0 0 0 0 0 0 0 0 0 0 0 0 0 0 0 0 0 0 0
0 0 0 0 0 0 0 0 0 0 0 0 0 0 0 0 0 0 0 0 0 0 0 0 0 0 0 0 0 0 0 0 0 0 0 0
0 0 0 0 0 0 0 0 0 0 0 0 0 0 0 0 0 0 0 0 0 0 0 0 0 0 0 0 0 0 0 0 0 0 0 0
0 0 0 0 0 0 0 0 0 0 0 0 0 0 0 0 0 0 0 0 0 0 0 0 0 0 0 0 0 0 0 0 0 0 0 0
0 0 0 0 0 0 0 0 0 0 0 0 0 0 0 0 0 0 0 0 0 0 0 0 0 0 0 0 0 0 0 0 0 0 0 0
0 0 0 0 0 0 0 0 0 0 0 0 0 0 0 0 0 0 0 0 0
##$SHL_SMOOTHED= (0..15)
0 0 0 0 0 0 0 0 0 0 0 0 0 0 0 0
##$SHL_SMOOTHING= (0..15)
0 0 0 0 0 0 0 0 0 0 0 0 0 0 0 0
##$SHL_SPOAL= (0..15)
0 0 0 0 0 0 0 0 0 0 0 0 0 0 0 0
##$SHL_SPOFFS= (0..15)
0 0 0 0 0 0 0 0 0 0 0 0 0 0 0 0
##$SHL_SPOPH= (0..15)
0 0 0 0 0 0 0 0 0 0 0 0 0 0 0 0
##$SHL_STARTAMP= (0..15)
0 0 0 0 0 0 0 0 0 0 0 0 0 0 0 0
##$SHL_SW= (0..15)
0 0 0 0 0 0 0 0 0 0 0 0 0 0 0 0
##$SHL_SWDIR= (0..15)
-1 -1 -1 -1 -1 -1 -1 -1 -1 -1 -1 -1 -1 -1 -1 -1
##$SHL_TANKAPPA= (0..15)
0 0 0 0 0 0 0 0 0 0 0 0 0 0 0 0
##$SHL_TOTROT= (0..15)
90 0 0 0 0 0 0 0 0 0 0 0 0 0 0 0
##$SHL_TRUNCLEV= (0..15)
0 0 0 0 0 0 0 0 0 0 0 0 0 0 0 0
##$SHL_TYPE= (0..15)
<Excitation> <> <> <> <> <> <> <> <> <> <> <> <> <> <> <>
##$SHL_WINDOWSIZE= (0..15)
0 0 0 0 0 0 0 0 0 0 0 0 0 0 0 0
##$SHL_ZETA= (0..15)
0 0 0 0 0 0 0 0 0 0 0 0 0 0 0 0
##NPOINTS= 1250
##XYPOINTS= (XY..XY)
72.790738, 58.400152
72.329424, 60.041076
71.865252, 61.682081
71.398257, 63.323169
70.928473, 64.964340
70.455933, 66.605596
69.980674, 68.246940
69.502728, 69.888374
69.022133, 71.529898
68.538922, 73.171516
68.053132, 74.813229
67.564797, 76.455039
67.073954, 78.096949
66.580639, 79.738961
66.084887, 81.381077
65.586736, 83.023300
65.086221, 84.665632
64.583380, 86.308076
64.078250, 87.950635
63.570866, 89.593310
63.061267, 91.236107
62.549490, 92.879026
62.035572, 94.522072
61.519552, 96.165247
61.001466, 97.808555
60.481354, 99.452000
59.959252, 101.095585
59.435200, 102.739313
58.909236, 104.383189
58.381398, 106.027217
57.851725, 107.671401
57.320256, 109.315745
56.787031, 110.960254
56.252087, 112.604932
55.715464, 114.249784
55.177203, 115.894816
54.637341, 117.540032
54.095919, 119.185439
53.552977, 120.831042
53.008554, 122.476847
52.462690, 124.122859
51.915425, 125.769087
51.366800, 127.415536
50.816855, 129.062213
50.265630, 130.709127
49.713165, 132.356284
49.159501, 134.003692
48.604680, 135.651361
48.048740, 137.299299
47.491724, 138.947516
46.933672, 140.596020
46.374625, 142.244822
45.814624, 143.893933
45.253711, 145.543364
44.691926, 147.193127
44.129311, 148.843234
43.565907, 150.493697
43.001755, 152.144531
42.436898, 153.795749
41.871375, 155.447367
41.305230, 157.099401
40.738503, 158.751868
40.171237, 160.404784
39.603472, 162.058168
39.035252, 163.712041
38.466616, 165.366423
37.897608, 167.021336
37.328270, 168.676803
36.758642, 170.332849
36.188767, 171.989500
35.618688, 173.646783
35.048445, 175.304729
34.478082, 176.963369
33.907639, 178.622736
33.337160, 180.282865
32.766686, 181.943795
32.196259, 183.605566
31.625921, 185.268221
31.055715, 186.931806
30.485683, 188.596372
29.915867, 190.261972
29.346308, 191.928662
28.777050, 193.596504
28.208134, 195.265564
27.639603, 196.935913
27.071498, 198.607629
26.503863, 200.280795
25.936738, 201.955501
25.370168, 203.631844
24.804193, 205.309931
24.238856, 206.989878
23.674199, 208.671811
23.110265, 210.355867
22.547097, 212.042198
21.984735, 213.730968
21.423224, 215.422361
20.862606, 217.116575
20.302923, 218.813834
19.744218, 220.514381
19.186534, 222.218490
18.629913, 223.926463
18.074400, 225.638640
17.520037, 227.355399
16.966868, 229.077166
16.414937, 230.804423
15.864288, 232.537713
15.314966, 234.277656
14.767016, 236.024958
14.220484, 237.780427
13.675417, 239.544998
13.131861, 241.319749
12.589865, 243.105940
12.049481, 244.905042
11.510758, 246.718795
10.973752, 248.549261
10.438518, 250.398909
9.905116, 252.270719
9.373612, 254.168317
8.844074, 256.096168
8.316582, 258.059824
7.791221, 260.066278
7.268092, 262.124465
6.747316, 264.245978
6.229037, 266.446132
5.713438, 268.745577
5.200756, 271.172819
4.691315, 273.768305
4.185569, 276.591322
3.684197, 279.732185
3.188270, 283.335054
2.699589, 287.643512
2.221455, 293.098818
1.760568, 300.569593
1.332352, 311.917680
0.977038, 331.163034
0.794269, 3.130979
0.892620, 38.137414
1.202103, 60.973477
1.602597, 74.170031
2.039384, 82.555212
2.491942, 88.503329
2.951727, 93.101542
3.414685, 96.887367
3.878665, 100.150472
4.342424, 103.058932
4.805189, 105.716359
5.266450, 108.189865
5.725855, 110.524737
6.183148, 112.752594
6.638135, 114.896160
7.090666, 116.972173
7.540620, 118.993231
7.987897, 120.968988
8.432411, 122.906970
8.874088, 124.813126
9.312862, 126.692220
9.748675, 128.548114
10.181473, 130.383968
10.611205, 132.202393
11.037825, 134.005567
11.461289, 135.795321
11.881555, 137.573201
12.298583, 139.340528
12.712335, 141.098433
13.122773, 142.847889
13.529862, 144.589742
13.933566, 146.324728
14.333851, 148.053490
14.730685, 149.776594
15.124035, 151.494539
15.513867, 153.207767
15.900153, 154.916672
16.282860, 156.621602
16.661958, 158.322873
17.037417, 160.020764
17.409209, 161.715529
17.777305, 163.407396
18.141675, 165.096571
18.502292, 166.783243
18.859129, 168.467580
19.212157, 170.149739
19.561351, 171.829860
19.906684, 173.508074
20.248129, 175.184498
20.585660, 176.859241
20.919254, 178.532404
21.248883, 180.204080
21.574524, 181.874352
21.896151, 183.543301
22.213742, 185.210998
22.527272, 186.877511
22.836717, 188.542903
23.142055, 190.207232
23.443263, 191.870553
23.740319, 193.532915
24.033200, 195.194366
24.321884, 196.854950
24.606350, 198.514709
24.886578, 200.173680
25.162545, 201.831899
25.434232, 203.489401
25.701619, 205.146217
25.964686, 206.802377
26.223413, 208.457909
26.477780, 210.112840
26.727771, 211.767194
26.973365, 213.420995
27.214544, 215.074265
27.451291, 216.727024
27.683589, 218.379293
27.911420, 220.031090
28.134767, 221.682433
28.353614, 223.333338
28.567945, 224.983822
28.777743, 226.633899
28.982994, 228.283583
29.183682, 229.932889
29.379792, 231.581828
29.571310, 233.230413
29.758223, 234.878656
29.940515, 236.526566
30.118174, 238.174156
30.291186, 239.821435
30.459539, 241.468411
30.623220, 243.115095
30.782218, 244.761495
30.936520, 246.407618
31.086116, 248.053473
31.230993, 249.699067
31.371142, 251.344408
31.506553, 252.989500
31.637214, 254.634352
31.763117, 256.278969
31.884252, 257.923358
32.000611, 259.567522
32.112185, 261.211469
32.218965, 262.855202
32.320944, 264.498727
32.418114, 266.142048
32.510468, 267.785170
32.597999, 269.428096
32.680701, 271.070831
32.758568, 272.713378
32.831594, 274.355740
32.899773, 275.997922
32.963101, 277.639926
33.021573, 279.281756
33.075184, 280.923413
33.123931, 282.564902
33.167810, 284.206224
33.206818, 285.847382
33.240952, 287.488378
33.270209, 289.129214
33.294587, 290.769892
33.314085, 292.410415
33.328701, 294.050783
33.338433, 295.690998
33.343282, 297.331063
33.343246, 298.970977
33.338326, 300.610743
33.328523, 302.250361
33.313836, 303.889833
33.294267, 305.529159
33.269817, 307.168340
33.240488, 308.807376
33.206282, 310.446269
33.167202, 312.085019
33.123251, 313.723625
33.074431, 315.362088
33.020747, 317.000409
32.962202, 318.638587
32.898800, 320.276621
32.830547, 321.914512
32.757447, 323.552260
32.679505, 325.189863
32.596727, 326.827321
32.509120, 328.464633
32.416690, 330.101799
32.319442, 331.738817
32.217386, 333.375685
32.110527, 335.012404
31.998875, 336.648971
31.882436, 338.285385
31.761220, 339.921644
31.635236, 341.557746
31.504492, 343.193689
31.368998, 344.829471
31.228765, 346.465089
31.083802, 348.100541
30.934120, 349.735825
30.779731, 351.370936
30.620645, 353.005872
30.456873, 354.640630
30.288429, 356.275206
30.115325, 357.909596
29.937572, 359.543796
29.755185, 1.177801
29.568176, 2.811608
29.376560, 4.445211
29.180350, 6.078605
28.979560, 7.711785
28.774206, 9.344744
28.564303, 10.977477
28.349865, 12.609977
28.130909, 14.242236
27.907451, 15.874248
27.679507, 17.506005
27.447093, 19.137498
27.210228, 20.768718
26.968928, 22.399657
26.723210, 24.030303
26.473094, 25.660647
26.218597, 27.290677
25.959739, 28.920380
25.696537, 30.549745
25.429012, 32.178758
25.157183, 33.807403
24.881070, 35.435666
24.600693, 37.063530
24.316073, 38.690977
24.027231, 40.317989
23.734188, 41.944544
23.436966, 43.570622
23.135586, 45.196198
22.830071, 46.821249
22.520443, 48.445747
22.206725, 50.069663
21.888941, 51.692967
21.567112, 53.315624
21.241264, 54.937599
20.911419, 56.558852
20.577604, 58.179341
20.239841, 59.799019
19.898156, 61.417838
19.552575, 63.035742
19.203123, 64.652673
18.849825, 66.268566
18.492707, 67.883349
18.131797, 69.496946
17.767121, 71.109271
17.398706, 72.720230
17.026579, 74.329720
16.650768, 75.937627
16.271301, 77.543824
15.888207, 79.148169
15.501513, 80.750506
15.111249, 82.350658
14.717444, 83.948428
14.320129, 85.543594
13.919331, 87.135905
13.515083, 88.725077
13.107415, 90.310786
12.696358, 91.892660
12.281943, 93.470275
11.864203, 95.043138
11.443171, 96.610680
11.018879, 98.172233
10.591361, 99.727015
10.160652, 101.274101
9.726787, 102.812387
9.289803, 104.340548
8.849736, 105.856980
8.406628, 107.359717
7.960517, 108.846331
7.511448, 110.313782
7.059466, 111.758214
6.604622, 113.174662
6.146972, 114.556626
5.686580, 115.895422
5.223520, 117.179190
4.757884, 118.391295
4.289789, 119.507664
3.819397, 120.492120
3.346938, 121.287727
2.872780, 121.799503
2.397554, 121.856637
1.922493, 121.119292
1.450410, 118.808083
0.989434, 112.715523
0.573881, 94.372790
0.402681, 38.464684
0.696201, 355.755592
1.141991, 343.053567
1.620974, 338.555809
2.112316, 336.865485
2.610354, 336.427804
3.112953, 336.651077
3.619123, 337.264148
4.128335, 338.125906
4.640271, 339.155857
5.154722, 340.304796
5.671541, 341.540973
6.190615, 342.842997
6.711855, 344.195933
7.235184, 345.589040
7.760538, 347.014397
8.287857, 348.466034
8.817087, 349.939368
9.348175, 351.430824
9.881075, 352.937567
10.415738, 354.457327
10.952120, 355.988260
11.490174, 357.528855
12.029859, 359.077861
12.571131, 0.634233
13.113946, 2.197094
13.658263, 3.765699
14.204039, 5.339413
14.751233, 6.917692
15.299803, 8.500066
15.849707, 10.086127
16.400904, 11.675519
16.953352, 13.267931
17.507010, 14.863090
18.061836, 16.460753
18.617789, 18.060707
19.174828, 19.662761
19.732911, 21.266744
20.291996, 22.872505
20.852043, 24.479907
21.413010, 26.088827
21.974855, 27.699153
22.537537, 29.310786
23.101014, 30.923634
23.665245, 32.537614
24.230187, 34.152650
24.795801, 35.768673
25.362043, 37.385621
25.928872, 39.003435
26.496246, 40.622061
27.064124, 42.241452
27.632464, 43.861561
28.201223, 45.482348
28.770361, 47.103773
29.339836, 48.725800
29.909604, 50.348398
30.479626, 51.971534
31.049858, 53.595181
31.620259, 55.219312
32.190787, 56.843901
32.761401, 58.468927
33.332057, 60.094366
33.902715, 61.720200
34.473333, 63.346408
35.043868, 64.972974
35.614279, 66.599879
36.184523, 68.227110
36.754560, 69.854651
37.324347, 71.482487
37.893842, 73.110607
38.463004, 74.738998
39.031791, 76.367648
39.600161, 77.996546
40.168072, 79.625681
40.735484, 81.255045
41.302353, 82.884627
41.868640, 84.514419
42.434301, 86.144413
42.999296, 87.774600
43.563583, 89.404973
44.127122, 91.035525
44.689869, 92.666249
45.251785, 94.297139
45.812828, 95.928189
46.372957, 97.559392
46.932131, 99.190743
47.490309, 100.822237
48.047449, 102.453869
48.603512, 104.085633
49.158456, 105.717526
49.712241, 107.349543
50.264826, 108.981679
50.816171, 110.613931
51.366234, 112.246295
51.914977, 113.878767
52.462358, 115.511343
53.008338, 117.144020
53.552876, 118.776795
54.095932, 120.409665
54.637468, 122.042627
55.177442, 123.675677
55.715816, 125.308814
56.252550, 126.942034
56.787605, 128.575335
57.320941, 130.208715
57.852520, 131.842170
58.382302, 133.475700
58.910248, 135.109301
59.436321, 136.742971
59.960481, 138.376710
60.482689, 140.010513
61.002909, 141.644381
61.521101, 143.278310
62.037227, 144.912300
62.551250, 146.546348
63.063132, 148.180453
63.572836, 149.814613
64.080324, 151.448827
64.585559, 153.083093
65.088504, 154.717410
65.589122, 156.351777
66.087376, 157.986192
66.583231, 159.620654
67.076648, 161.255161
67.567594, 162.889713
68.056030, 164.524308
68.541923, 166.158946
69.025235, 167.793624
69.505932, 169.428343
69.983978, 171.063101
70.459339, 172.697896
70.931979, 174.332729
71.401864, 175.967598
71.868959, 177.602502
72.333231, 179.237441
72.794644, 180.872413
73.253167, 182.507418
73.708763, 184.142455
74.161402, 185.777523
74.611048, 187.412621
75.057670, 189.047749
75.501234, 190.682906
75.941708, 192.318091
76.379060, 193.953304
76.813258, 195.588544
77.244269, 197.223810
77.672063, 198.859101
78.096607, 200.494418
78.517872, 202.129759
78.935825, 203.765124
79.350437, 205.400513
79.761676, 207.035924
80.169514, 208.671357
80.573919, 210.306812
80.974863, 211.942289
81.372315, 213.577786
81.766248, 215.213303
82.156631, 216.848841
82.543436, 218.484397
82.926636, 220.119973
83.306201, 221.755567
83.682104, 223.391179
84.054318, 225.026809
84.422815, 226.662456
84.787568, 228.298119
85.148551, 229.933800
85.505737, 231.569496
85.859099, 233.205208
86.208613, 234.840936
86.554252, 236.476678
86.895991, 238.112436
87.233805, 239.748207
87.567669, 241.383993
87.897559, 243.019792
88.223450, 244.655605
88.545320, 246.291430
88.863143, 247.927269
89.176897, 249.563120
89.486559, 251.198983
89.792106, 252.834858
90.093516, 254.470744
90.390767, 256.106642
90.683836, 257.742551
90.972703, 259.378471
91.257347, 261.014402
91.537745, 262.650342
91.813878, 264.286293
92.085726, 265.922254
92.353269, 267.558224
92.616487, 269.194204
92.875360, 270.830192
93.129871, 272.466190
93.379999, 274.102196
93.625727, 275.738211
93.867037, 277.374234
94.103912, 279.010265
94.336333, 280.646303
94.564284, 282.282350
94.787748, 283.918404
95.006708, 285.554465
95.221149, 287.190533
95.431055, 288.826607
95.636411, 290.462689
95.837201, 292.098777
96.033411, 293.734871
96.225026, 295.370971
96.412033, 297.007077
96.594417, 298.643189
96.772166, 300.279306
96.945266, 301.915429
97.113704, 303.551557
97.277469, 305.187690
97.436548, 306.823828
97.590929, 308.459971
97.740602, 310.096118
97.885555, 311.732269
98.025778, 313.368425
98.161260, 315.004585
98.291991, 316.640748
98.417963, 318.276916
98.539165, 319.913087
98.655589, 321.549261
98.767226, 323.185439
98.874068, 324.821620
98.976107, 326.457804
99.073336, 328.093991
99.165748, 329.730180
99.253336, 331.366372
99.336093, 333.002567
99.414013, 334.638764
99.487091, 336.274962
99.555322, 337.911163
99.618700, 339.547366
99.677220, 341.183571
99.730879, 342.819777
99.779672, 344.455984
99.823596, 346.092193
99.862648, 347.728403
99.896825, 349.364614
99.926123, 351.000825
99.950542, 352.637038
99.970080, 354.273251
99.984734, 355.909465
99.994504, 357.545679
99.999389, 359.181893
99.999389, 0.818107
99.994504, 2.454321
99.984734, 4.090535
99.970080, 5.726749
99.950542, 7.362962
99.926123, 8.999175
99.896825, 10.635386
99.862648, 12.271597
99.823596, 13.907807
99.779672, 15.544016
99.730879, 17.180223
99.677220, 18.816429
99.618700, 20.452634
99.555322, 22.088837
99.487091, 23.725038
99.414013, 25.361236
99.336093, 26.997433
99.253336, 28.633628
99.165748, 30.269820
99.073336, 31.906009
98.976107, 33.542196
98.874068, 35.178380
98.767226, 36.814561
98.655589, 38.450739
98.539165, 40.086913
98.417963, 41.723084
98.291991, 43.359252
98.161260, 44.995415
98.025778, 46.631575
97.885555, 48.267731
97.740602, 49.903882
97.590929, 51.540029
97.436548, 53.176172
97.277469, 54.812310
97.113704, 56.448443
96.945266, 58.084571
96.772166, 59.720694
96.594417, 61.356811
96.412033, 62.992923
96.225026, 64.629029
96.033411, 66.265129
95.837201, 67.901223
95.636411, 69.537311
95.431055, 71.173393
95.221149, 72.809467
95.006708, 74.445535
94.787748, 76.081596
94.564284, 77.717650
94.336333, 79.353697
94.103912, 80.989735
93.867037, 82.625766
93.625727, 84.261789
93.379999, 85.897804
93.129871, 87.533810
92.875360, 89.169808
92.616487, 90.805796
92.353269, 92.441776
92.085726, 94.077746
91.813878, 95.713707
91.537745, 97.349658
91.257347, 98.985598
90.972703, 100.621529
90.683836, 102.257449
90.390767, 103.893358
90.093516, 105.529256
89.792106, 107.165142
89.486559, 108.801017
89.176897, 110.436880
88.863143, 112.072731
88.545320, 113.708570
88.223450, 115.344395
87.897559, 116.980208
87.567669, 118.616007
87.233805, 120.251793
86.895991, 121.887564
86.554252, 123.523322
86.208613, 125.159064
85.859099, 126.794792
85.505737, 128.430504
85.148551, 130.066200
84.787568, 131.701881
84.422815, 133.337544
84.054318, 134.973191
83.682104, 136.608821
83.306201, 138.244433
82.926636, 139.880027
82.543436, 141.515603
82.156631, 143.151159
81.766248, 144.786697
81.372315, 146.422214
80.974863, 148.057711
80.573919, 149.693188
80.169514, 151.328643
79.761676, 152.964076
79.350437, 154.599487
78.935825, 156.234876
78.517872, 157.870241
78.096607, 159.505582
77.672063, 161.140899
77.244269, 162.776190
76.813258, 164.411456
76.379060, 166.046696
75.941708, 167.681909
75.501234, 169.317094
75.057670, 170.952251
74.611048, 172.587379
74.161402, 174.222477
73.708763, 175.857545
73.253167, 177.492582
72.794644, 179.127587
72.333231, 180.762559
71.868959, 182.397498
71.401864, 184.032402
70.931979, 185.667271
70.459339, 187.302104
69.983978, 188.936899
69.505932, 190.571657
69.025235, 192.206376
68.541923, 193.841054
68.056030, 195.475692
67.567594, 197.110287
67.076648, 198.744839
66.583231, 200.379346
66.087376, 202.013808
65.589122, 203.648223
65.088504, 205.282590
64.585559, 206.916907
64.080324, 208.551173
63.572836, 210.185387
63.063132, 211.819547
62.551250, 213.453652
62.037227, 215.087700
61.521101, 216.721690
61.002909, 218.355619
60.482689, 219.989487
59.960481, 221.623290
59.436321, 223.257029
58.910248, 224.890699
58.382302, 226.524300
57.852520, 228.157830
57.320941, 229.791285
56.787605, 231.424665
56.252550, 233.057966
55.715816, 234.691186
55.177442, 236.324323
54.637468, 237.957373
54.095932, 239.590335
53.552876, 241.223205
53.008338, 242.855980
52.462358, 244.488657
51.914977, 246.121233
51.366234, 247.753705
50.816171, 249.386069
50.264826, 251.018321
49.712241, 252.650457
49.158456, 254.282474
48.603512, 255.914367
48.047449, 257.546131
47.490309, 259.177763
46.932131, 260.809257
46.372957, 262.440608
45.812828, 264.071811
45.251785, 265.702861
44.689869, 267.333751
44.127122, 268.964475
43.563583, 270.595027
42.999296, 272.225400
42.434301, 273.855587
41.868640, 275.485581
41.302353, 277.115373
40.735484, 278.744955
40.168072, 280.374319
39.600161, 282.003454
39.031791, 283.632352
38.463004, 285.261002
37.893842, 286.889393
37.324347, 288.517513
36.754560, 290.145349
36.184523, 291.772890
35.614279, 293.400121
35.043868, 295.027026
34.473333, 296.653592
33.902715, 298.279800
33.332057, 299.905634
32.761401, 301.531073
32.190787, 303.156099
31.620259, 304.780688
31.049858, 306.404819
30.479626, 308.028466
29.909604, 309.651602
29.339836, 311.274200
28.770361, 312.896227
28.201223, 314.517652
27.632464, 316.138439
27.064124, 317.758548
26.496246, 319.377939
25.928872, 320.996565
25.362043, 322.614379
24.795801, 324.231327
24.230187, 325.847350
23.665245, 327.462386
23.101014, 329.076366
22.537537, 330.689214
21.974855, 332.300847
21.413010, 333.911173
20.852043, 335.520093
20.291996, 337.127495
19.732911, 338.733256
19.174828, 340.337239
18.617789, 341.939293
18.061836, 343.539247
17.507010, 345.136910
16.953352, 346.732069
16.400904, 348.324481
15.849707, 349.913873
15.299803, 351.499934
14.751233, 353.082308
14.204039, 354.660587
13.658263, 356.234301
13.113946, 357.802906
12.571131, 359.365767
12.029859, 0.922139
11.490174, 2.471145
10.952120, 4.011740
10.415738, 5.542673
9.881075, 7.062433
9.348175, 8.569176
8.817087, 10.060632
8.287857, 11.533966
7.760538, 12.985603
7.235184, 14.410960
6.711855, 15.804067
6.190615, 17.157003
5.671541, 18.459027
5.154722, 19.695204
4.640271, 20.844143
4.128335, 21.874094
3.619123, 22.735852
3.112953, 23.348923
2.610354, 23.572196
2.112316, 23.134515
1.620974, 21.444191
1.141991, 16.946433
0.696201, 4.244408
0.402681, 321.535316
0.573881, 265.627210
0.989434, 247.284477
1.450410, 241.191917
1.922493, 238.880708
2.397554, 238.143363
2.872780, 238.200497
3.346938, 238.712273
3.819397, 239.507880
4.289789, 240.492336
4.757884, 241.608705
5.223520, 242.820810
5.686580, 244.104578
6.146972, 245.443374
6.604622, 246.825338
7.059466, 248.241786
7.511448, 249.686218
7.960517, 251.153669
8.406628, 252.640283
8.849736, 254.143020
9.289803, 255.659452
9.726787, 257.187613
10.160652, 258.725899
10.591361, 260.272985
11.018879, 261.827767
11.443171, 263.389320
11.864203, 264.956862
12.281943, 266.529725
12.696358, 268.107340
13.107415, 269.689214
13.515083, 271.274923
13.919331, 272.864095
14.320129, 274.456406
14.717444, 276.051572
15.111249, 277.649342
15.501513, 279.249494
15.888207, 280.851831
16.271301, 282.456176
16.650768, 284.062373
17.026579, 285.670280
17.398706, 287.279770
17.767121, 288.890729
18.131797, 290.503054
18.492707, 292.116651
18.849825, 293.731434
19.203123, 295.347327
19.552575, 296.964258
19.898156, 298.582162
20.239841, 300.200981
20.577604, 301.820659
20.911419, 303.441148
21.241264, 305.062401
21.567112, 306.684376
21.888941, 308.307033
22.206725, 309.930337
22.520443, 311.554253
22.830071, 313.178751
23.135586, 314.803802
23.436966, 316.429378
23.734188, 318.055456
24.027231, 319.682011
24.316073, 321.309023
24.600693, 322.936470
24.881070, 324.564334
25.157183, 326.192597
25.429012, 327.821242
25.696537, 329.450255
25.959739, 331.079620
26.218597, 332.709323
26.473094, 334.339353
26.723210, 335.969697
26.968928, 337.600343
27.210228, 339.231282
27.447093, 340.862502
27.679507, 342.493995
27.907451, 344.125752
28.130909, 345.757764
28.349865, 347.390023
28.564303, 349.022523
28.774206, 350.655256
28.979560, 352.288215
29.180350, 353.921395
29.376560, 355.554789
29.568176, 357.188392
29.755185, 358.822199
29.937572, 0.456204
30.115325, 2.090404
30.288429, 3.724794
30.456873, 5.359370
30.620645, 6.994128
30.779731, 8.629064
30.934120, 10.264175
31.083802, 11.899459
31.228765, 13.534911
31.368998, 15.170529
31.504492, 16.806311
31.635236, 18.442254
31.761220, 20.078356
31.882436, 21.714615
31.998875, 23.351029
32.110527, 24.987596
32.217386, 26.624315
32.319442, 28.261183
32.416690, 29.898201
32.509120, 31.535367
32.596727, 33.172679
32.679505, 34.810137
32.757447, 36.447740
32.830547, 38.085488
32.898800, 39.723379
32.962202, 41.361413
33.020747, 42.999591
33.074431, 44.637912
33.123251, 46.276375
33.167202, 47.914981
33.206282, 49.553731
33.240488, 51.192624
33.269817, 52.831660
33.294267, 54.470841
33.313836, 56.110167
33.328523, 57.749639
33.338326, 59.389257
33.343246, 61.029023
33.343282, 62.668937
33.338433, 64.309002
33.328701, 65.949217
33.314085, 67.589585
33.294587, 69.230108
33.270209, 70.870786
33.240952, 72.511622
33.206818, 74.152618
33.167810, 75.793776
33.123931, 77.435098
33.075184, 79.076587
33.021573, 80.718244
32.963101, 82.360074
32.899773, 84.002078
32.831594, 85.644260
32.758568, 87.286622
32.680701, 88.929169
32.597999, 90.571904
32.510468, 92.214830
32.418114, 93.857952
32.320944, 95.501273
32.218965, 97.144798
32.112185, 98.788531
32.000611, 100.432478
31.884252, 102.076642
31.763117, 103.721031
31.637214, 105.365648
31.506553, 107.010500
31.371142, 108.655592
31.230993, 110.300933
31.086116, 111.946527
30.936520, 113.592382
30.782218, 115.238505
30.623220, 116.884905
30.459539, 118.531589
30.291186, 120.178565
30.118174, 121.825844
29.940515, 123.473434
29.758223, 125.121344
29.571310, 126.769587
29.379792, 128.418172
29.183682, 130.067111
28.982994, 131.716417
28.777743, 133.366101
28.567945, 135.016178
28.353614, 136.666662
28.134767, 138.317567
27.911420, 139.968910
27.683589, 141.620707
27.451291, 143.272976
27.214544, 144.925735
26.973365, 146.579005
26.727771, 148.232806
26.477780, 149.887160
26.223413, 151.542091
25.964686, 153.197623
25.701619, 154.853783
25.434232, 156.510599
25.162545, 158.168101
24.886578, 159.826320
24.606350, 161.485291
24.321884, 163.145050
24.033200, 164.805634
23.740319, 166.467085
23.443263, 168.129447
23.142055, 169.792768
22.836717, 171.457097
22.527272, 173.122489
22.213742, 174.789002
21.896151, 176.456699
21.574524, 178.125648
21.248883, 179.795920
20.919254, 181.467596
20.585660, 183.140759
20.248129, 184.815502
19.906684, 186.491926
19.561351, 188.170140
19.212157, 189.850261
18.859129, 191.532420
18.502292, 193.216757
18.141675, 194.903429
17.777305, 196.592604
17.409209, 198.284471
17.037417, 199.979236
16.661958, 201.677127
16.282860, 203.378398
15.900153, 205.083328
15.513867, 206.792233
15.124035, 208.505461
14.730685, 210.223406
14.333851, 211.946510
13.933566, 213.675272
13.529862, 215.410258
13.122773, 217.152111
12.712335, 218.901567
12.298583, 220.659472
11.881555, 222.426799
11.461289, 224.204679
11.037825, 225.994433
10.611205, 227.797607
10.181473, 229.616032
9.748675, 231.451886
9.312862, 233.307780
8.874088, 235.186874
8.432411, 237.093030
7.987897, 239.031012
7.540620, 241.006769
7.090666, 243.027827
6.638135, 245.103840
6.183148, 247.247406
5.725855, 249.475263
5.266450, 251.810135
4.805189, 254.283641
4.342424, 256.941068
3.878665, 259.849528
3.414685, 263.112633
2.951727, 266.898458
2.491942, 271.496671
2.039384, 277.444788
1.602597, 285.829969
1.202103, 299.026523
0.892620, 321.862586
0.794269, 356.869021
0.977038, 28.836966
1.332352, 48.082320
1.760568, 59.430407
2.221455, 66.901182
2.699589, 72.356488
3.188270, 76.664946
3.684197, 80.267815
4.185569, 83.408678
4.691315, 86.231695
5.200756, 88.827181
5.713438, 91.254423
6.229037, 93.553868
6.747316, 95.754022
7.268092, 97.875535
7.791221, 99.933722
8.316582, 101.940176
8.844074, 103.903832
9.373612, 105.831683
9.905116, 107.729281
10.438518, 109.601091
10.973752, 111.450739
11.510758, 113.281205
12.049481, 115.094958
12.589865, 116.894060
13.131861, 118.680251
13.675417, 120.455002
14.220484, 122.219573
14.767016, 123.975042
15.314966, 125.722344
15.864288, 127.462287
16.414937, 129.195577
16.966868, 130.922834
17.520037, 132.644601
18.074400, 134.361360
18.629913, 136.073537
19.186534, 137.781510
19.744218, 139.485619
20.302923, 141.186166
20.862606, 142.883425
21.423224, 144.577639
21.984735, 146.269032
22.547097, 147.957802
23.110265, 149.644133
23.674199, 151.328189
24.238856, 153.010122
24.804193, 154.690069
25.370168, 156.368156
25.936738, 158.044499
26.503863, 159.719205
27.071498, 161.392371
27.639603, 163.064087
28.208134, 164.734436
28.777050, 166.403496
29.346308, 168.071338
29.915867, 169.738028
30.485683, 171.403628
31.055715, 173.068194
31.625921, 174.731779
32.196259, 176.394434
32.766686, 178.056205
33.337160, 179.717135
33.907639, 181.377264
34.478082, 183.036631
35.048445, 184.695271
35.618688, 186.353217
36.188767, 188.010500
36.758642, 189.667151
37.328270, 191.323197
37.897608, 192.978664
38.466616, 194.633577
39.035252, 196.287959
39.603472, 197.941832
40.171237, 199.595216
40.738503, 201.248132
41.305230, 202.900599
41.871375, 204.552633
42.436898, 206.204251
43.001755, 207.855469
43.565907, 209.506303
44.129311, 211.156766
44.691926, 212.806873
45.253711, 214.456636
45.814624, 216.106067
46.374625, 217.755178
46.933672, 219.403980
47.491724, 221.052484
48.048740, 222.700701
48.604680, 224.348639
49.159501, 225.996308
49.713165, 227.643716
50.265630, 229.290873
50.816855, 230.937787
51.366800, 232.584464
51.915425, 234.230913
52.462690, 235.877141
53.008554, 237.523153
53.552977, 239.168958
54.095919, 240.814561
54.637341, 242.459968
55.177203, 244.105184
55.715464, 245.750216
56.252087, 247.395068
56.787031, 249.039746
57.320256, 250.684255
57.851725, 252.328599
58.381398, 253.972783
58.909236, 255.616811
59.435200, 257.260687
59.959252, 258.904415
60.481354, 260.548000
61.001466, 262.191445
61.519552, 263.834753
62.035572, 265.477928
62.549490, 267.120974
63.061267, 268.763893
63.570866, 270.406690
64.078250, 272.049365
64.583380, 273.691924
65.086221, 275.334368
65.586736, 276.976700
66.084887, 278.618923
66.580639, 280.261039
67.073954, 281.903051
67.564797, 283.544961
68.053132, 285.186771
68.538922, 286.828484
69.022133, 288.470102
69.502728, 290.111626
69.980674, 291.753060
70.455933, 293.394404
70.928473, 295.035660
71.398257, 296.676831
71.865252, 298.317919
72.329424, 299.958924
72.790738, 301.599848
##END=
