##TITLE= Parameter file, TopSpin 4.3.0
##JCAMPDX= 5.0
##DATATYPE= Parameter Values
##ORIGIN= Bruker BioSpin GmbH
##OWNER= nmrsu
$$ 2024-05-09 13:05:42.651 +0100  nmrsu@4CE1161FJM
$$ C:/Bruker/TopSpin4.3.0/exp/stan/nmr/lists/wave/user/multisupp_aux_d8
$$ process C:\Bruker\TopSpin4.3.0\prog\mod\xwinshape.exe
##MINX= 14.11704700
##MAXX= 99.99953400
##MINY= 0.49529700
##MAXY= 359.50470300
##$SHAPE_ADDPHASE= 0
##$SHAPE_AMP= 99.99953401
##$SHAPE_BWFAC= 0
##$SHAPE_BWFAC50= 0
##$SHAPE_CALCBW= yes
##$SHAPE_CALCINTEG= yes
##$SHAPE_EXMODE= <Excitation>
##$SHAPE_EXPAND= <>
##$SHAPE_EXPANDCF= (0..143)
0 0 0 0 0 0 0 0 0 0 0 0 0 0 0 0 0 0 0 0 0 0 0 0 0 0 0 0 0 0 0 0 0 0 0 0
0 0 0 0 0 0 0 0 0 0 0 0 0 0 0 0 0 0 0 0 0 0 0 0 0 0 0 0 0 0 0 0 0 0 0 0
0 0 0 0 0 0 0 0 0 0 0 0 0 0 0 0 0 0 0 0 0 0 0 0 0 0 0 0 0 0 0 0 0 0 0 0
0 0 0 0 0 0 0 0 0 0 0 0 0 0 0 0 0 0 0 0 0 0 0 0 0 0 0 0 0 0 0 0 0 0 0 0
##$SHAPE_EXPFAC= 0
##$SHAPE_FRACEND= 0
##$SHAPE_FRACORG= 0
##$SHAPE_FRACSTART= 0
##$SHAPE_INTEGFAC= 0
##$SHAPE_KEEPRES= yes
##$SHAPE_LENGTH= 25000.000373
##$SHAPE_MAN= <M>
##$SHAPE_MODE= 4
##$SHAPE_MODFREQ= 0
##$SHAPE_MODPHASE= 0
##$SHAPE_MODSCALE= 0
##$SHAPE_MODSW= 0
##$SHAPE_MODSWDIR= -1
##$SHAPE_NPOINTS= 1250
##$SHAPE_OFFS= <1 4>
##$SHAPE_OFFSCOEFF= (0..95)
-157.27145 0 100 -210.56656 0 100 -225.01079 0 100 -293.51281 0 100 0 0
0 0 0 0 0 0 0 0 0 0 0 0 0 0 0 0 0 0 0 0 0 0 0 0 0 0 0 0 0 0 0 0 0 0 0 0
0 0 0 0 0 0 0 0 0 0 0 0 0 0 0 0 0 0 0 0 0 0 0 0 0 0 0 0 0 0 0 0 0 0 0 0
0 0 0 0 0 0 0 0 0 0
##$SHAPE_PARAMETER= <>
##$SHAPE_REPHFAC= 0
##$SHAPE_RES= 0
##$SHAPE_SCALEFAC= 1.00000466
##$SHAPE_SCALETYPE= 0
##$SHAPE_SPOAL= 0
##$SHAPE_SPOFFS= 0
##$SHAPE_SPOPH= 0
##$SHAPE_TOTROT= 90
##$SHAPE_TYPE= <Excitation>
##$SHAPE_USER_DEF= <>
##$SHAPE_VERSION= 2.1
##$SHL_ADDPHASE= (0..15)
0 0 0 0 0 0 0 0 0 0 0 0 0 0 0 0
##$SHL_ALIGNOFFSET= (0..15)
0 0 0 0 0 0 0 0 0 0 0 0 0 0 0 0
##$SHL_AMP= (0..15)
100 0 0 0 0 0 0 0 0 0 0 0 0 0 0 0
##$SHL_AMPFAC= (0..15)
0 0 0 0 0 0 0 0 0 0 0 0 0 0 0 0
##$SHL_BETA= (0..15)
0 0 0 0 0 0 0 0 0 0 0 0 0 0 0 0
##$SHL_BWFAC= (0..15)
1.116 0 0 0 0 0 0 0 0 0 0 0 0 0 0 0
##$SHL_CALCBW= (0..15)
yes yes yes yes yes yes yes yes yes yes yes yes yes yes yes yes
##$SHL_CALCINTEG= (0..15)
yes yes yes yes yes yes yes yes yes yes yes yes yes yes yes yes
##$SHL_CENTERAMP= (0..15)
0 0 0 0 0 0 0 0 0 0 0 0 0 0 0 0
##$SHL_CYCNUM= (0..15)
0 0 0 0 0 0 0 0 0 0 0 0 0 0 0 0
##$SHL_DIPOLCPL= (0..15)
0 0 0 0 0 0 0 0 0 0 0 0 0 0 0 0
##$SHL_ENDAMP= (0..15)
0 0 0 0 0 0 0 0 0 0 0 0 0 0 0 0
##$SHL_EXMODE= (0..15)
<Excitation> <> <> <> <> <> <> <> <> <> <> <> <> <> <> <>
##$SHL_EXPAND= (0..15)
<> <> <> <> <> <> <> <> <> <> <> <> <> <> <> <>
##$SHL_EXPANDCF0= (0..143)
0 0 0 0 0 0 0 0 0 0 0 0 0 0 0 0 0 0 0 0 0 0 0 0 0 0 0 0 0 0 0 0 0 0 0 0
0 0 0 0 0 0 0 0 0 0 0 0 0 0 0 0 0 0 0 0 0 0 0 0 0 0 0 0 0 0 0 0 0 0 0 0
0 0 0 0 0 0 0 0 0 0 0 0 0 0 0 0 0 0 0 0 0 0 0 0 0 0 0 0 0 0 0 0 0 0 0 0
0 0 0 0 0 0 0 0 0 0 0 0 0 0 0 0 0 0 0 0 0 0 0 0 0 0 0 0 0 0 0 0 0 0 0 0
##$SHL_EXPANDCF1= (0..143)
0 0 0 0 0 0 0 0 0 0 0 0 0 0 0 0 0 0 0 0 0 0 0 0 0 0 0 0 0 0 0 0 0 0 0 0
0 0 0 0 0 0 0 0 0 0 0 0 0 0 0 0 0 0 0 0 0 0 0 0 0 0 0 0 0 0 0 0 0 0 0 0
0 0 0 0 0 0 0 0 0 0 0 0 0 0 0 0 0 0 0 0 0 0 0 0 0 0 0 0 0 0 0 0 0 0 0 0
0 0 0 0 0 0 0 0 0 0 0 0 0 0 0 0 0 0 0 0 0 0 0 0 0 0 0 0 0 0 0 0 0 0 0 0
##$SHL_EXPANDCF10= (0..143)
0 0 0 0 0 0 0 0 0 0 0 0 0 0 0 0 0 0 0 0 0 0 0 0 0 0 0 0 0 0 0 0 0 0 0 0
0 0 0 0 0 0 0 0 0 0 0 0 0 0 0 0 0 0 0 0 0 0 0 0 0 0 0 0 0 0 0 0 0 0 0 0
0 0 0 0 0 0 0 0 0 0 0 0 0 0 0 0 0 0 0 0 0 0 0 0 0 0 0 0 0 0 0 0 0 0 0 0
0 0 0 0 0 0 0 0 0 0 0 0 0 0 0 0 0 0 0 0 0 0 0 0 0 0 0 0 0 0 0 0 0 0 0 0
##$SHL_EXPANDCF11= (0..143)
0 0 0 0 0 0 0 0 0 0 0 0 0 0 0 0 0 0 0 0 0 0 0 0 0 0 0 0 0 0 0 0 0 0 0 0
0 0 0 0 0 0 0 0 0 0 0 0 0 0 0 0 0 0 0 0 0 0 0 0 0 0 0 0 0 0 0 0 0 0 0 0
0 0 0 0 0 0 0 0 0 0 0 0 0 0 0 0 0 0 0 0 0 0 0 0 0 0 0 0 0 0 0 0 0 0 0 0
0 0 0 0 0 0 0 0 0 0 0 0 0 0 0 0 0 0 0 0 0 0 0 0 0 0 0 0 0 0 0 0 0 0 0 0
##$SHL_EXPANDCF12= (0..143)
0 0 0 0 0 0 0 0 0 0 0 0 0 0 0 0 0 0 0 0 0 0 0 0 0 0 0 0 0 0 0 0 0 0 0 0
0 0 0 0 0 0 0 0 0 0 0 0 0 0 0 0 0 0 0 0 0 0 0 0 0 0 0 0 0 0 0 0 0 0 0 0
0 0 0 0 0 0 0 0 0 0 0 0 0 0 0 0 0 0 0 0 0 0 0 0 0 0 0 0 0 0 0 0 0 0 0 0
0 0 0 0 0 0 0 0 0 0 0 0 0 0 0 0 0 0 0 0 0 0 0 0 0 0 0 0 0 0 0 0 0 0 0 0
##$SHL_EXPANDCF13= (0..143)
0 0 0 0 0 0 0 0 0 0 0 0 0 0 0 0 0 0 0 0 0 0 0 0 0 0 0 0 0 0 0 0 0 0 0 0
0 0 0 0 0 0 0 0 0 0 0 0 0 0 0 0 0 0 0 0 0 0 0 0 0 0 0 0 0 0 0 0 0 0 0 0
0 0 0 0 0 0 0 0 0 0 0 0 0 0 0 0 0 0 0 0 0 0 0 0 0 0 0 0 0 0 0 0 0 0 0 0
0 0 0 0 0 0 0 0 0 0 0 0 0 0 0 0 0 0 0 0 0 0 0 0 0 0 0 0 0 0 0 0 0 0 0 0
##$SHL_EXPANDCF14= (0..143)
0 0 0 0 0 0 0 0 0 0 0 0 0 0 0 0 0 0 0 0 0 0 0 0 0 0 0 0 0 0 0 0 0 0 0 0
0 0 0 0 0 0 0 0 0 0 0 0 0 0 0 0 0 0 0 0 0 0 0 0 0 0 0 0 0 0 0 0 0 0 0 0
0 0 0 0 0 0 0 0 0 0 0 0 0 0 0 0 0 0 0 0 0 0 0 0 0 0 0 0 0 0 0 0 0 0 0 0
0 0 0 0 0 0 0 0 0 0 0 0 0 0 0 0 0 0 0 0 0 0 0 0 0 0 0 0 0 0 0 0 0 0 0 0
##$SHL_EXPANDCF15= (0..143)
0 0 0 0 0 0 0 0 0 0 0 0 0 0 0 0 0 0 0 0 0 0 0 0 0 0 0 0 0 0 0 0 0 0 0 0
0 0 0 0 0 0 0 0 0 0 0 0 0 0 0 0 0 0 0 0 0 0 0 0 0 0 0 0 0 0 0 0 0 0 0 0
0 0 0 0 0 0 0 0 0 0 0 0 0 0 0 0 0 0 0 0 0 0 0 0 0 0 0 0 0 0 0 0 0 0 0 0
0 0 0 0 0 0 0 0 0 0 0 0 0 0 0 0 0 0 0 0 0 0 0 0 0 0 0 0 0 0 0 0 0 0 0 0
##$SHL_EXPANDCF2= (0..143)
0 0 0 0 0 0 0 0 0 0 0 0 0 0 0 0 0 0 0 0 0 0 0 0 0 0 0 0 0 0 0 0 0 0 0 0
0 0 0 0 0 0 0 0 0 0 0 0 0 0 0 0 0 0 0 0 0 0 0 0 0 0 0 0 0 0 0 0 0 0 0 0
0 0 0 0 0 0 0 0 0 0 0 0 0 0 0 0 0 0 0 0 0 0 0 0 0 0 0 0 0 0 0 0 0 0 0 0
0 0 0 0 0 0 0 0 0 0 0 0 0 0 0 0 0 0 0 0 0 0 0 0 0 0 0 0 0 0 0 0 0 0 0 0
##$SHL_EXPANDCF3= (0..143)
0 0 0 0 0 0 0 0 0 0 0 0 0 0 0 0 0 0 0 0 0 0 0 0 0 0 0 0 0 0 0 0 0 0 0 0
0 0 0 0 0 0 0 0 0 0 0 0 0 0 0 0 0 0 0 0 0 0 0 0 0 0 0 0 0 0 0 0 0 0 0 0
0 0 0 0 0 0 0 0 0 0 0 0 0 0 0 0 0 0 0 0 0 0 0 0 0 0 0 0 0 0 0 0 0 0 0 0
0 0 0 0 0 0 0 0 0 0 0 0 0 0 0 0 0 0 0 0 0 0 0 0 0 0 0 0 0 0 0 0 0 0 0 0
##$SHL_EXPANDCF4= (0..143)
0 0 0 0 0 0 0 0 0 0 0 0 0 0 0 0 0 0 0 0 0 0 0 0 0 0 0 0 0 0 0 0 0 0 0 0
0 0 0 0 0 0 0 0 0 0 0 0 0 0 0 0 0 0 0 0 0 0 0 0 0 0 0 0 0 0 0 0 0 0 0 0
0 0 0 0 0 0 0 0 0 0 0 0 0 0 0 0 0 0 0 0 0 0 0 0 0 0 0 0 0 0 0 0 0 0 0 0
0 0 0 0 0 0 0 0 0 0 0 0 0 0 0 0 0 0 0 0 0 0 0 0 0 0 0 0 0 0 0 0 0 0 0 0
##$SHL_EXPANDCF5= (0..143)
0 0 0 0 0 0 0 0 0 0 0 0 0 0 0 0 0 0 0 0 0 0 0 0 0 0 0 0 0 0 0 0 0 0 0 0
0 0 0 0 0 0 0 0 0 0 0 0 0 0 0 0 0 0 0 0 0 0 0 0 0 0 0 0 0 0 0 0 0 0 0 0
0 0 0 0 0 0 0 0 0 0 0 0 0 0 0 0 0 0 0 0 0 0 0 0 0 0 0 0 0 0 0 0 0 0 0 0
0 0 0 0 0 0 0 0 0 0 0 0 0 0 0 0 0 0 0 0 0 0 0 0 0 0 0 0 0 0 0 0 0 0 0 0
##$SHL_EXPANDCF6= (0..143)
0 0 0 0 0 0 0 0 0 0 0 0 0 0 0 0 0 0 0 0 0 0 0 0 0 0 0 0 0 0 0 0 0 0 0 0
0 0 0 0 0 0 0 0 0 0 0 0 0 0 0 0 0 0 0 0 0 0 0 0 0 0 0 0 0 0 0 0 0 0 0 0
0 0 0 0 0 0 0 0 0 0 0 0 0 0 0 0 0 0 0 0 0 0 0 0 0 0 0 0 0 0 0 0 0 0 0 0
0 0 0 0 0 0 0 0 0 0 0 0 0 0 0 0 0 0 0 0 0 0 0 0 0 0 0 0 0 0 0 0 0 0 0 0
##$SHL_EXPANDCF7= (0..143)
0 0 0 0 0 0 0 0 0 0 0 0 0 0 0 0 0 0 0 0 0 0 0 0 0 0 0 0 0 0 0 0 0 0 0 0
0 0 0 0 0 0 0 0 0 0 0 0 0 0 0 0 0 0 0 0 0 0 0 0 0 0 0 0 0 0 0 0 0 0 0 0
0 0 0 0 0 0 0 0 0 0 0 0 0 0 0 0 0 0 0 0 0 0 0 0 0 0 0 0 0 0 0 0 0 0 0 0
0 0 0 0 0 0 0 0 0 0 0 0 0 0 0 0 0 0 0 0 0 0 0 0 0 0 0 0 0 0 0 0 0 0 0 0
##$SHL_EXPANDCF8= (0..143)
0 0 0 0 0 0 0 0 0 0 0 0 0 0 0 0 0 0 0 0 0 0 0 0 0 0 0 0 0 0 0 0 0 0 0 0
0 0 0 0 0 0 0 0 0 0 0 0 0 0 0 0 0 0 0 0 0 0 0 0 0 0 0 0 0 0 0 0 0 0 0 0
0 0 0 0 0 0 0 0 0 0 0 0 0 0 0 0 0 0 0 0 0 0 0 0 0 0 0 0 0 0 0 0 0 0 0 0
0 0 0 0 0 0 0 0 0 0 0 0 0 0 0 0 0 0 0 0 0 0 0 0 0 0 0 0 0 0 0 0 0 0 0 0
##$SHL_EXPANDCF9= (0..143)
0 0 0 0 0 0 0 0 0 0 0 0 0 0 0 0 0 0 0 0 0 0 0 0 0 0 0 0 0 0 0 0 0 0 0 0
0 0 0 0 0 0 0 0 0 0 0 0 0 0 0 0 0 0 0 0 0 0 0 0 0 0 0 0 0 0 0 0 0 0 0 0
0 0 0 0 0 0 0 0 0 0 0 0 0 0 0 0 0 0 0 0 0 0 0 0 0 0 0 0 0 0 0 0 0 0 0 0
0 0 0 0 0 0 0 0 0 0 0 0 0 0 0 0 0 0 0 0 0 0 0 0 0 0 0 0 0 0 0 0 0 0 0 0
##$SHL_EXPFAC= (0..15)
0 0 0 0 0 0 0 0 0 0 0 0 0 0 0 0
##$SHL_FRACEND= (0..15)
0 0 0 0 0 0 0 0 0 0 0 0 0 0 0 0
##$SHL_FRACORG= (0..15)
0 0 0 0 0 0 0 0 0 0 0 0 0 0 0 0
##$SHL_FRACSTART= (0..15)
0 0 0 0 0 0 0 0 0 0 0 0 0 0 0 0
##$SHL_FULLHALF= (0..15)
0 0 0 0 0 0 0 0 0 0 0 0 0 0 0 0
##$SHL_FUNCAMP= (0..15)
100 0 0 0 0 0 0 0 0 0 0 0 0 0 0 0
##$SHL_FUNCTION= (0..15)
<Rectangle> <> <> <> <> <> <> <> <> <> <> <> <> <> <> <>
##$SHL_GCO= (0..15)
<> <> <> <> <> <> <> <> <> <> <> <> <> <> <> <>
##$SHL_GCOCOEFFS0= (0..59)
0 0 0 0 0 0 0 0 0 0 0 0 0 0 0 0 0 0 0 0 0 0 0 0 0 0 0 0 0 0 0 0 0 0 0 0
0 0 0 0 0 0 0 0 0 0 0 0 0 0 0 0 0 0 0 0 0 0 0 0
##$SHL_GCOCOEFFS1= (0..59)
0 0 0 0 0 0 0 0 0 0 0 0 0 0 0 0 0 0 0 0 0 0 0 0 0 0 0 0 0 0 0 0 0 0 0 0
0 0 0 0 0 0 0 0 0 0 0 0 0 0 0 0 0 0 0 0 0 0 0 0
##$SHL_GCOCOEFFS10= (0..59)
0 0 0 0 0 0 0 0 0 0 0 0 0 0 0 0 0 0 0 0 0 0 0 0 0 0 0 0 0 0 0 0 0 0 0 0
0 0 0 0 0 0 0 0 0 0 0 0 0 0 0 0 0 0 0 0 0 0 0 0
##$SHL_GCOCOEFFS11= (0..59)
0 0 0 0 0 0 0 0 0 0 0 0 0 0 0 0 0 0 0 0 0 0 0 0 0 0 0 0 0 0 0 0 0 0 0 0
0 0 0 0 0 0 0 0 0 0 0 0 0 0 0 0 0 0 0 0 0 0 0 0
##$SHL_GCOCOEFFS12= (0..59)
0 0 0 0 0 0 0 0 0 0 0 0 0 0 0 0 0 0 0 0 0 0 0 0 0 0 0 0 0 0 0 0 0 0 0 0
0 0 0 0 0 0 0 0 0 0 0 0 0 0 0 0 0 0 0 0 0 0 0 0
##$SHL_GCOCOEFFS13= (0..59)
0 0 0 0 0 0 0 0 0 0 0 0 0 0 0 0 0 0 0 0 0 0 0 0 0 0 0 0 0 0 0 0 0 0 0 0
0 0 0 0 0 0 0 0 0 0 0 0 0 0 0 0 0 0 0 0 0 0 0 0
##$SHL_GCOCOEFFS14= (0..59)
0 0 0 0 0 0 0 0 0 0 0 0 0 0 0 0 0 0 0 0 0 0 0 0 0 0 0 0 0 0 0 0 0 0 0 0
0 0 0 0 0 0 0 0 0 0 0 0 0 0 0 0 0 0 0 0 0 0 0 0
##$SHL_GCOCOEFFS15= (0..59)
0 0 0 0 0 0 0 0 0 0 0 0 0 0 0 0 0 0 0 0 0 0 0 0 0 0 0 0 0 0 0 0 0 0 0 0
0 0 0 0 0 0 0 0 0 0 0 0 0 0 0 0 0 0 0 0 0 0 0 0
##$SHL_GCOCOEFFS2= (0..59)
0 0 0 0 0 0 0 0 0 0 0 0 0 0 0 0 0 0 0 0 0 0 0 0 0 0 0 0 0 0 0 0 0 0 0 0
0 0 0 0 0 0 0 0 0 0 0 0 0 0 0 0 0 0 0 0 0 0 0 0
##$SHL_GCOCOEFFS3= (0..59)
0 0 0 0 0 0 0 0 0 0 0 0 0 0 0 0 0 0 0 0 0 0 0 0 0 0 0 0 0 0 0 0 0 0 0 0
0 0 0 0 0 0 0 0 0 0 0 0 0 0 0 0 0 0 0 0 0 0 0 0
##$SHL_GCOCOEFFS4= (0..59)
0 0 0 0 0 0 0 0 0 0 0 0 0 0 0 0 0 0 0 0 0 0 0 0 0 0 0 0 0 0 0 0 0 0 0 0
0 0 0 0 0 0 0 0 0 0 0 0 0 0 0 0 0 0 0 0 0 0 0 0
##$SHL_GCOCOEFFS5= (0..59)
0 0 0 0 0 0 0 0 0 0 0 0 0 0 0 0 0 0 0 0 0 0 0 0 0 0 0 0 0 0 0 0 0 0 0 0
0 0 0 0 0 0 0 0 0 0 0 0 0 0 0 0 0 0 0 0 0 0 0 0
##$SHL_GCOCOEFFS6= (0..59)
0 0 0 0 0 0 0 0 0 0 0 0 0 0 0 0 0 0 0 0 0 0 0 0 0 0 0 0 0 0 0 0 0 0 0 0
0 0 0 0 0 0 0 0 0 0 0 0 0 0 0 0 0 0 0 0 0 0 0 0
##$SHL_GCOCOEFFS7= (0..59)
0 0 0 0 0 0 0 0 0 0 0 0 0 0 0 0 0 0 0 0 0 0 0 0 0 0 0 0 0 0 0 0 0 0 0 0
0 0 0 0 0 0 0 0 0 0 0 0 0 0 0 0 0 0 0 0 0 0 0 0
##$SHL_GCOCOEFFS8= (0..59)
0 0 0 0 0 0 0 0 0 0 0 0 0 0 0 0 0 0 0 0 0 0 0 0 0 0 0 0 0 0 0 0 0 0 0 0
0 0 0 0 0 0 0 0 0 0 0 0 0 0 0 0 0 0 0 0 0 0 0 0
##$SHL_GCOCOEFFS9= (0..59)
0 0 0 0 0 0 0 0 0 0 0 0 0 0 0 0 0 0 0 0 0 0 0 0 0 0 0 0 0 0 0 0 0 0 0 0
0 0 0 0 0 0 0 0 0 0 0 0 0 0 0 0 0 0 0 0 0 0 0 0
##$SHL_INTEGFAC= (0..15)
1 0 0 0 0 0 0 0 0 0 0 0 0 0 0 0
##$SHL_LB= (0..15)
0 0 0 0 0 0 0 0 0 0 0 0 0 0 0 0
##$SHL_LEFTLIMIT= (0..15)
0 0 0 0 0 0 0 0 0 0 0 0 0 0 0 0
##$SHL_LENGTH= (0..15)
25000.000373 0 0 0 0 0 0 0 0 0 0 0 0 0 0 0
##$SHL_MAN= (0..15)
<> <> <> <> <> <> <> <> <> <> <> <> <> <> <> <>
##$SHL_MEANAMP= (0..15)
0 0 0 0 0 0 0 0 0 0 0 0 0 0 0 0
##$SHL_MODAMP= (0..15)
0 0 0 0 0 0 0 0 0 0 0 0 0 0 0 0
##$SHL_MODE= (0..15)
0 0 0 0 0 0 0 0 0 0 0 0 0 0 0 0
##$SHL_MODFREQ= (0..15)
0 0 0 0 0 0 0 0 0 0 0 0 0 0 0 0
##$SHL_MODPHASE= (0..15)
0 0 0 0 0 0 0 0 0 0 0 0 0 0 0 0
##$SHL_MODSCALE= (0..15)
0 0 0 0 0 0 0 0 0 0 0 0 0 0 0 0
##$SHL_MODSW= (0..15)
0 0 0 0 0 0 0 0 0 0 0 0 0 0 0 0
##$SHL_MODSWDIR= (0..15)
-1 -1 -1 -1 -1 -1 -1 -1 -1 -1 -1 -1 -1 -1 -1 -1
##$SHL_MU= (0..15)
0 0 0 0 0 0 0 0 0 0 0 0 0 0 0 0
##$SHL_NPOINTS= (0..15)
1250 0 0 0 0 0 0 0 0 0 0 0 0 0 0 0
##$SHL_OFFS= (0..15)
<> <> <> <> <> <> <> <> <> <> <> <> <> <> <> <>
##$SHL_OFFSCOEFF0= (0..95)
0 0 0 0 0 0 0 0 0 0 0 0 0 0 0 0 0 0 0 0 0 0 0 0 0 0 0 0 0 0 0 0 0 0 0 0
0 0 0 0 0 0 0 0 0 0 0 0 0 0 0 0 0 0 0 0 0 0 0 0 0 0 0 0 0 0 0 0 0 0 0 0
0 0 0 0 0 0 0 0 0 0 0 0 0 0 0 0 0 0 0 0 0 0 0 0
##$SHL_OFFSCOEFF1= (0..95)
0 0 0 0 0 0 0 0 0 0 0 0 0 0 0 0 0 0 0 0 0 0 0 0 0 0 0 0 0 0 0 0 0 0 0 0
0 0 0 0 0 0 0 0 0 0 0 0 0 0 0 0 0 0 0 0 0 0 0 0 0 0 0 0 0 0 0 0 0 0 0 0
0 0 0 0 0 0 0 0 0 0 0 0 0 0 0 0 0 0 0 0 0 0 0 0
##$SHL_OFFSCOEFF10= (0..95)
0 0 0 0 0 0 0 0 0 0 0 0 0 0 0 0 0 0 0 0 0 0 0 0 0 0 0 0 0 0 0 0 0 0 0 0
0 0 0 0 0 0 0 0 0 0 0 0 0 0 0 0 0 0 0 0 0 0 0 0 0 0 0 0 0 0 0 0 0 0 0 0
0 0 0 0 0 0 0 0 0 0 0 0 0 0 0 0 0 0 0 0 0 0 0 0
##$SHL_OFFSCOEFF11= (0..95)
0 0 0 0 0 0 0 0 0 0 0 0 0 0 0 0 0 0 0 0 0 0 0 0 0 0 0 0 0 0 0 0 0 0 0 0
0 0 0 0 0 0 0 0 0 0 0 0 0 0 0 0 0 0 0 0 0 0 0 0 0 0 0 0 0 0 0 0 0 0 0 0
0 0 0 0 0 0 0 0 0 0 0 0 0 0 0 0 0 0 0 0 0 0 0 0
##$SHL_OFFSCOEFF12= (0..95)
0 0 0 0 0 0 0 0 0 0 0 0 0 0 0 0 0 0 0 0 0 0 0 0 0 0 0 0 0 0 0 0 0 0 0 0
0 0 0 0 0 0 0 0 0 0 0 0 0 0 0 0 0 0 0 0 0 0 0 0 0 0 0 0 0 0 0 0 0 0 0 0
0 0 0 0 0 0 0 0 0 0 0 0 0 0 0 0 0 0 0 0 0 0 0 0
##$SHL_OFFSCOEFF13= (0..95)
0 0 0 0 0 0 0 0 0 0 0 0 0 0 0 0 0 0 0 0 0 0 0 0 0 0 0 0 0 0 0 0 0 0 0 0
0 0 0 0 0 0 0 0 0 0 0 0 0 0 0 0 0 0 0 0 0 0 0 0 0 0 0 0 0 0 0 0 0 0 0 0
0 0 0 0 0 0 0 0 0 0 0 0 0 0 0 0 0 0 0 0 0 0 0 0
##$SHL_OFFSCOEFF14= (0..95)
0 0 0 0 0 0 0 0 0 0 0 0 0 0 0 0 0 0 0 0 0 0 0 0 0 0 0 0 0 0 0 0 0 0 0 0
0 0 0 0 0 0 0 0 0 0 0 0 0 0 0 0 0 0 0 0 0 0 0 0 0 0 0 0 0 0 0 0 0 0 0 0
0 0 0 0 0 0 0 0 0 0 0 0 0 0 0 0 0 0 0 0 0 0 0 0
##$SHL_OFFSCOEFF15= (0..95)
0 0 0 0 0 0 0 0 0 0 0 0 0 0 0 0 0 0 0 0 0 0 0 0 0 0 0 0 0 0 0 0 0 0 0 0
0 0 0 0 0 0 0 0 0 0 0 0 0 0 0 0 0 0 0 0 0 0 0 0 0 0 0 0 0 0 0 0 0 0 0 0
0 0 0 0 0 0 0 0 0 0 0 0 0 0 0 0 0 0 0 0 0 0 0 0
##$SHL_OFFSCOEFF2= (0..95)
0 0 0 0 0 0 0 0 0 0 0 0 0 0 0 0 0 0 0 0 0 0 0 0 0 0 0 0 0 0 0 0 0 0 0 0
0 0 0 0 0 0 0 0 0 0 0 0 0 0 0 0 0 0 0 0 0 0 0 0 0 0 0 0 0 0 0 0 0 0 0 0
0 0 0 0 0 0 0 0 0 0 0 0 0 0 0 0 0 0 0 0 0 0 0 0
##$SHL_OFFSCOEFF3= (0..95)
0 0 0 0 0 0 0 0 0 0 0 0 0 0 0 0 0 0 0 0 0 0 0 0 0 0 0 0 0 0 0 0 0 0 0 0
0 0 0 0 0 0 0 0 0 0 0 0 0 0 0 0 0 0 0 0 0 0 0 0 0 0 0 0 0 0 0 0 0 0 0 0
0 0 0 0 0 0 0 0 0 0 0 0 0 0 0 0 0 0 0 0 0 0 0 0
##$SHL_OFFSCOEFF4= (0..95)
0 0 0 0 0 0 0 0 0 0 0 0 0 0 0 0 0 0 0 0 0 0 0 0 0 0 0 0 0 0 0 0 0 0 0 0
0 0 0 0 0 0 0 0 0 0 0 0 0 0 0 0 0 0 0 0 0 0 0 0 0 0 0 0 0 0 0 0 0 0 0 0
0 0 0 0 0 0 0 0 0 0 0 0 0 0 0 0 0 0 0 0 0 0 0 0
##$SHL_OFFSCOEFF5= (0..95)
0 0 0 0 0 0 0 0 0 0 0 0 0 0 0 0 0 0 0 0 0 0 0 0 0 0 0 0 0 0 0 0 0 0 0 0
0 0 0 0 0 0 0 0 0 0 0 0 0 0 0 0 0 0 0 0 0 0 0 0 0 0 0 0 0 0 0 0 0 0 0 0
0 0 0 0 0 0 0 0 0 0 0 0 0 0 0 0 0 0 0 0 0 0 0 0
##$SHL_OFFSCOEFF6= (0..95)
0 0 0 0 0 0 0 0 0 0 0 0 0 0 0 0 0 0 0 0 0 0 0 0 0 0 0 0 0 0 0 0 0 0 0 0
0 0 0 0 0 0 0 0 0 0 0 0 0 0 0 0 0 0 0 0 0 0 0 0 0 0 0 0 0 0 0 0 0 0 0 0
0 0 0 0 0 0 0 0 0 0 0 0 0 0 0 0 0 0 0 0 0 0 0 0
##$SHL_OFFSCOEFF7= (0..95)
0 0 0 0 0 0 0 0 0 0 0 0 0 0 0 0 0 0 0 0 0 0 0 0 0 0 0 0 0 0 0 0 0 0 0 0
0 0 0 0 0 0 0 0 0 0 0 0 0 0 0 0 0 0 0 0 0 0 0 0 0 0 0 0 0 0 0 0 0 0 0 0
0 0 0 0 0 0 0 0 0 0 0 0 0 0 0 0 0 0 0 0 0 0 0 0
##$SHL_OFFSCOEFF8= (0..95)
0 0 0 0 0 0 0 0 0 0 0 0 0 0 0 0 0 0 0 0 0 0 0 0 0 0 0 0 0 0 0 0 0 0 0 0
0 0 0 0 0 0 0 0 0 0 0 0 0 0 0 0 0 0 0 0 0 0 0 0 0 0 0 0 0 0 0 0 0 0 0 0
0 0 0 0 0 0 0 0 0 0 0 0 0 0 0 0 0 0 0 0 0 0 0 0
##$SHL_OFFSCOEFF9= (0..95)
0 0 0 0 0 0 0 0 0 0 0 0 0 0 0 0 0 0 0 0 0 0 0 0 0 0 0 0 0 0 0 0 0 0 0 0
0 0 0 0 0 0 0 0 0 0 0 0 0 0 0 0 0 0 0 0 0 0 0 0 0 0 0 0 0 0 0 0 0 0 0 0
0 0 0 0 0 0 0 0 0 0 0 0 0 0 0 0 0 0 0 0 0 0 0 0
##$SHL_PHASE= (0..15)
0 0 0 0 0 0 0 0 0 0 0 0 0 0 0 0
##$SHL_PHASEFAC= (0..15)
0 0 0 0 0 0 0 0 0 0 0 0 0 0 0 0
##$SHL_POWERINDEX= (0..15)
0 0 0 0 0 0 0 0 0 0 0 0 0 0 0 0
##$SHL_QUADCOEFF= (0..15)
0 0 0 0 0 0 0 0 0 0 0 0 0 0 0 0
##$SHL_RIGHTLIMIT= (0..15)
0 0 0 0 0 0 0 0 0 0 0 0 0 0 0 0
##$SHL_SCALEFACTOR= (0..15)
1 1 1 1 1 1 1 1 1 1 1 1 1 1 1 1
##$SHL_SF= (0..15)
<> <> <> <> <> <> <> <> <> <> <> <> <> <> <> <>
##$SHL_SFCOEFFS0= (0..200)
0 0 0 0 0 0 0 0 0 0 0 0 0 0 0 0 0 0 0 0 0 0 0 0 0 0 0 0 0 0 0 0 0 0 0 0
0 0 0 0 0 0 0 0 0 0 0 0 0 0 0 0 0 0 0 0 0 0 0 0 0 0 0 0 0 0 0 0 0 0 0 0
0 0 0 0 0 0 0 0 0 0 0 0 0 0 0 0 0 0 0 0 0 0 0 0 0 0 0 0 0 0 0 0 0 0 0 0
0 0 0 0 0 0 0 0 0 0 0 0 0 0 0 0 0 0 0 0 0 0 0 0 0 0 0 0 0 0 0 0 0 0 0 0
0 0 0 0 0 0 0 0 0 0 0 0 0 0 0 0 0 0 0 0 0 0 0 0 0 0 0 0 0 0 0 0 0 0 0 0
0 0 0 0 0 0 0 0 0 0 0 0 0 0 0 0 0 0 0 0 0
##$SHL_SFCOEFFS1= (0..200)
0 0 0 0 0 0 0 0 0 0 0 0 0 0 0 0 0 0 0 0 0 0 0 0 0 0 0 0 0 0 0 0 0 0 0 0
0 0 0 0 0 0 0 0 0 0 0 0 0 0 0 0 0 0 0 0 0 0 0 0 0 0 0 0 0 0 0 0 0 0 0 0
0 0 0 0 0 0 0 0 0 0 0 0 0 0 0 0 0 0 0 0 0 0 0 0 0 0 0 0 0 0 0 0 0 0 0 0
0 0 0 0 0 0 0 0 0 0 0 0 0 0 0 0 0 0 0 0 0 0 0 0 0 0 0 0 0 0 0 0 0 0 0 0
0 0 0 0 0 0 0 0 0 0 0 0 0 0 0 0 0 0 0 0 0 0 0 0 0 0 0 0 0 0 0 0 0 0 0 0
0 0 0 0 0 0 0 0 0 0 0 0 0 0 0 0 0 0 0 0 0
##$SHL_SFCOEFFS10= (0..200)
0 0 0 0 0 0 0 0 0 0 0 0 0 0 0 0 0 0 0 0 0 0 0 0 0 0 0 0 0 0 0 0 0 0 0 0
0 0 0 0 0 0 0 0 0 0 0 0 0 0 0 0 0 0 0 0 0 0 0 0 0 0 0 0 0 0 0 0 0 0 0 0
0 0 0 0 0 0 0 0 0 0 0 0 0 0 0 0 0 0 0 0 0 0 0 0 0 0 0 0 0 0 0 0 0 0 0 0
0 0 0 0 0 0 0 0 0 0 0 0 0 0 0 0 0 0 0 0 0 0 0 0 0 0 0 0 0 0 0 0 0 0 0 0
0 0 0 0 0 0 0 0 0 0 0 0 0 0 0 0 0 0 0 0 0 0 0 0 0 0 0 0 0 0 0 0 0 0 0 0
0 0 0 0 0 0 0 0 0 0 0 0 0 0 0 0 0 0 0 0 0
##$SHL_SFCOEFFS11= (0..200)
0 0 0 0 0 0 0 0 0 0 0 0 0 0 0 0 0 0 0 0 0 0 0 0 0 0 0 0 0 0 0 0 0 0 0 0
0 0 0 0 0 0 0 0 0 0 0 0 0 0 0 0 0 0 0 0 0 0 0 0 0 0 0 0 0 0 0 0 0 0 0 0
0 0 0 0 0 0 0 0 0 0 0 0 0 0 0 0 0 0 0 0 0 0 0 0 0 0 0 0 0 0 0 0 0 0 0 0
0 0 0 0 0 0 0 0 0 0 0 0 0 0 0 0 0 0 0 0 0 0 0 0 0 0 0 0 0 0 0 0 0 0 0 0
0 0 0 0 0 0 0 0 0 0 0 0 0 0 0 0 0 0 0 0 0 0 0 0 0 0 0 0 0 0 0 0 0 0 0 0
0 0 0 0 0 0 0 0 0 0 0 0 0 0 0 0 0 0 0 0 0
##$SHL_SFCOEFFS12= (0..200)
0 0 0 0 0 0 0 0 0 0 0 0 0 0 0 0 0 0 0 0 0 0 0 0 0 0 0 0 0 0 0 0 0 0 0 0
0 0 0 0 0 0 0 0 0 0 0 0 0 0 0 0 0 0 0 0 0 0 0 0 0 0 0 0 0 0 0 0 0 0 0 0
0 0 0 0 0 0 0 0 0 0 0 0 0 0 0 0 0 0 0 0 0 0 0 0 0 0 0 0 0 0 0 0 0 0 0 0
0 0 0 0 0 0 0 0 0 0 0 0 0 0 0 0 0 0 0 0 0 0 0 0 0 0 0 0 0 0 0 0 0 0 0 0
0 0 0 0 0 0 0 0 0 0 0 0 0 0 0 0 0 0 0 0 0 0 0 0 0 0 0 0 0 0 0 0 0 0 0 0
0 0 0 0 0 0 0 0 0 0 0 0 0 0 0 0 0 0 0 0 0
##$SHL_SFCOEFFS13= (0..200)
0 0 0 0 0 0 0 0 0 0 0 0 0 0 0 0 0 0 0 0 0 0 0 0 0 0 0 0 0 0 0 0 0 0 0 0
0 0 0 0 0 0 0 0 0 0 0 0 0 0 0 0 0 0 0 0 0 0 0 0 0 0 0 0 0 0 0 0 0 0 0 0
0 0 0 0 0 0 0 0 0 0 0 0 0 0 0 0 0 0 0 0 0 0 0 0 0 0 0 0 0 0 0 0 0 0 0 0
0 0 0 0 0 0 0 0 0 0 0 0 0 0 0 0 0 0 0 0 0 0 0 0 0 0 0 0 0 0 0 0 0 0 0 0
0 0 0 0 0 0 0 0 0 0 0 0 0 0 0 0 0 0 0 0 0 0 0 0 0 0 0 0 0 0 0 0 0 0 0 0
0 0 0 0 0 0 0 0 0 0 0 0 0 0 0 0 0 0 0 0 0
##$SHL_SFCOEFFS14= (0..200)
0 0 0 0 0 0 0 0 0 0 0 0 0 0 0 0 0 0 0 0 0 0 0 0 0 0 0 0 0 0 0 0 0 0 0 0
0 0 0 0 0 0 0 0 0 0 0 0 0 0 0 0 0 0 0 0 0 0 0 0 0 0 0 0 0 0 0 0 0 0 0 0
0 0 0 0 0 0 0 0 0 0 0 0 0 0 0 0 0 0 0 0 0 0 0 0 0 0 0 0 0 0 0 0 0 0 0 0
0 0 0 0 0 0 0 0 0 0 0 0 0 0 0 0 0 0 0 0 0 0 0 0 0 0 0 0 0 0 0 0 0 0 0 0
0 0 0 0 0 0 0 0 0 0 0 0 0 0 0 0 0 0 0 0 0 0 0 0 0 0 0 0 0 0 0 0 0 0 0 0
0 0 0 0 0 0 0 0 0 0 0 0 0 0 0 0 0 0 0 0 0
##$SHL_SFCOEFFS15= (0..200)
0 0 0 0 0 0 0 0 0 0 0 0 0 0 0 0 0 0 0 0 0 0 0 0 0 0 0 0 0 0 0 0 0 0 0 0
0 0 0 0 0 0 0 0 0 0 0 0 0 0 0 0 0 0 0 0 0 0 0 0 0 0 0 0 0 0 0 0 0 0 0 0
0 0 0 0 0 0 0 0 0 0 0 0 0 0 0 0 0 0 0 0 0 0 0 0 0 0 0 0 0 0 0 0 0 0 0 0
0 0 0 0 0 0 0 0 0 0 0 0 0 0 0 0 0 0 0 0 0 0 0 0 0 0 0 0 0 0 0 0 0 0 0 0
0 0 0 0 0 0 0 0 0 0 0 0 0 0 0 0 0 0 0 0 0 0 0 0 0 0 0 0 0 0 0 0 0 0 0 0
0 0 0 0 0 0 0 0 0 0 0 0 0 0 0 0 0 0 0 0 0
##$SHL_SFCOEFFS2= (0..200)
0 0 0 0 0 0 0 0 0 0 0 0 0 0 0 0 0 0 0 0 0 0 0 0 0 0 0 0 0 0 0 0 0 0 0 0
0 0 0 0 0 0 0 0 0 0 0 0 0 0 0 0 0 0 0 0 0 0 0 0 0 0 0 0 0 0 0 0 0 0 0 0
0 0 0 0 0 0 0 0 0 0 0 0 0 0 0 0 0 0 0 0 0 0 0 0 0 0 0 0 0 0 0 0 0 0 0 0
0 0 0 0 0 0 0 0 0 0 0 0 0 0 0 0 0 0 0 0 0 0 0 0 0 0 0 0 0 0 0 0 0 0 0 0
0 0 0 0 0 0 0 0 0 0 0 0 0 0 0 0 0 0 0 0 0 0 0 0 0 0 0 0 0 0 0 0 0 0 0 0
0 0 0 0 0 0 0 0 0 0 0 0 0 0 0 0 0 0 0 0 0
##$SHL_SFCOEFFS3= (0..200)
0 0 0 0 0 0 0 0 0 0 0 0 0 0 0 0 0 0 0 0 0 0 0 0 0 0 0 0 0 0 0 0 0 0 0 0
0 0 0 0 0 0 0 0 0 0 0 0 0 0 0 0 0 0 0 0 0 0 0 0 0 0 0 0 0 0 0 0 0 0 0 0
0 0 0 0 0 0 0 0 0 0 0 0 0 0 0 0 0 0 0 0 0 0 0 0 0 0 0 0 0 0 0 0 0 0 0 0
0 0 0 0 0 0 0 0 0 0 0 0 0 0 0 0 0 0 0 0 0 0 0 0 0 0 0 0 0 0 0 0 0 0 0 0
0 0 0 0 0 0 0 0 0 0 0 0 0 0 0 0 0 0 0 0 0 0 0 0 0 0 0 0 0 0 0 0 0 0 0 0
0 0 0 0 0 0 0 0 0 0 0 0 0 0 0 0 0 0 0 0 0
##$SHL_SFCOEFFS4= (0..200)
0 0 0 0 0 0 0 0 0 0 0 0 0 0 0 0 0 0 0 0 0 0 0 0 0 0 0 0 0 0 0 0 0 0 0 0
0 0 0 0 0 0 0 0 0 0 0 0 0 0 0 0 0 0 0 0 0 0 0 0 0 0 0 0 0 0 0 0 0 0 0 0
0 0 0 0 0 0 0 0 0 0 0 0 0 0 0 0 0 0 0 0 0 0 0 0 0 0 0 0 0 0 0 0 0 0 0 0
0 0 0 0 0 0 0 0 0 0 0 0 0 0 0 0 0 0 0 0 0 0 0 0 0 0 0 0 0 0 0 0 0 0 0 0
0 0 0 0 0 0 0 0 0 0 0 0 0 0 0 0 0 0 0 0 0 0 0 0 0 0 0 0 0 0 0 0 0 0 0 0
0 0 0 0 0 0 0 0 0 0 0 0 0 0 0 0 0 0 0 0 0
##$SHL_SFCOEFFS5= (0..200)
0 0 0 0 0 0 0 0 0 0 0 0 0 0 0 0 0 0 0 0 0 0 0 0 0 0 0 0 0 0 0 0 0 0 0 0
0 0 0 0 0 0 0 0 0 0 0 0 0 0 0 0 0 0 0 0 0 0 0 0 0 0 0 0 0 0 0 0 0 0 0 0
0 0 0 0 0 0 0 0 0 0 0 0 0 0 0 0 0 0 0 0 0 0 0 0 0 0 0 0 0 0 0 0 0 0 0 0
0 0 0 0 0 0 0 0 0 0 0 0 0 0 0 0 0 0 0 0 0 0 0 0 0 0 0 0 0 0 0 0 0 0 0 0
0 0 0 0 0 0 0 0 0 0 0 0 0 0 0 0 0 0 0 0 0 0 0 0 0 0 0 0 0 0 0 0 0 0 0 0
0 0 0 0 0 0 0 0 0 0 0 0 0 0 0 0 0 0 0 0 0
##$SHL_SFCOEFFS6= (0..200)
0 0 0 0 0 0 0 0 0 0 0 0 0 0 0 0 0 0 0 0 0 0 0 0 0 0 0 0 0 0 0 0 0 0 0 0
0 0 0 0 0 0 0 0 0 0 0 0 0 0 0 0 0 0 0 0 0 0 0 0 0 0 0 0 0 0 0 0 0 0 0 0
0 0 0 0 0 0 0 0 0 0 0 0 0 0 0 0 0 0 0 0 0 0 0 0 0 0 0 0 0 0 0 0 0 0 0 0
0 0 0 0 0 0 0 0 0 0 0 0 0 0 0 0 0 0 0 0 0 0 0 0 0 0 0 0 0 0 0 0 0 0 0 0
0 0 0 0 0 0 0 0 0 0 0 0 0 0 0 0 0 0 0 0 0 0 0 0 0 0 0 0 0 0 0 0 0 0 0 0
0 0 0 0 0 0 0 0 0 0 0 0 0 0 0 0 0 0 0 0 0
##$SHL_SFCOEFFS7= (0..200)
0 0 0 0 0 0 0 0 0 0 0 0 0 0 0 0 0 0 0 0 0 0 0 0 0 0 0 0 0 0 0 0 0 0 0 0
0 0 0 0 0 0 0 0 0 0 0 0 0 0 0 0 0 0 0 0 0 0 0 0 0 0 0 0 0 0 0 0 0 0 0 0
0 0 0 0 0 0 0 0 0 0 0 0 0 0 0 0 0 0 0 0 0 0 0 0 0 0 0 0 0 0 0 0 0 0 0 0
0 0 0 0 0 0 0 0 0 0 0 0 0 0 0 0 0 0 0 0 0 0 0 0 0 0 0 0 0 0 0 0 0 0 0 0
0 0 0 0 0 0 0 0 0 0 0 0 0 0 0 0 0 0 0 0 0 0 0 0 0 0 0 0 0 0 0 0 0 0 0 0
0 0 0 0 0 0 0 0 0 0 0 0 0 0 0 0 0 0 0 0 0
##$SHL_SFCOEFFS8= (0..200)
0 0 0 0 0 0 0 0 0 0 0 0 0 0 0 0 0 0 0 0 0 0 0 0 0 0 0 0 0 0 0 0 0 0 0 0
0 0 0 0 0 0 0 0 0 0 0 0 0 0 0 0 0 0 0 0 0 0 0 0 0 0 0 0 0 0 0 0 0 0 0 0
0 0 0 0 0 0 0 0 0 0 0 0 0 0 0 0 0 0 0 0 0 0 0 0 0 0 0 0 0 0 0 0 0 0 0 0
0 0 0 0 0 0 0 0 0 0 0 0 0 0 0 0 0 0 0 0 0 0 0 0 0 0 0 0 0 0 0 0 0 0 0 0
0 0 0 0 0 0 0 0 0 0 0 0 0 0 0 0 0 0 0 0 0 0 0 0 0 0 0 0 0 0 0 0 0 0 0 0
0 0 0 0 0 0 0 0 0 0 0 0 0 0 0 0 0 0 0 0 0
##$SHL_SFCOEFFS9= (0..200)
0 0 0 0 0 0 0 0 0 0 0 0 0 0 0 0 0 0 0 0 0 0 0 0 0 0 0 0 0 0 0 0 0 0 0 0
0 0 0 0 0 0 0 0 0 0 0 0 0 0 0 0 0 0 0 0 0 0 0 0 0 0 0 0 0 0 0 0 0 0 0 0
0 0 0 0 0 0 0 0 0 0 0 0 0 0 0 0 0 0 0 0 0 0 0 0 0 0 0 0 0 0 0 0 0 0 0 0
0 0 0 0 0 0 0 0 0 0 0 0 0 0 0 0 0 0 0 0 0 0 0 0 0 0 0 0 0 0 0 0 0 0 0 0
0 0 0 0 0 0 0 0 0 0 0 0 0 0 0 0 0 0 0 0 0 0 0 0 0 0 0 0 0 0 0 0 0 0 0 0
0 0 0 0 0 0 0 0 0 0 0 0 0 0 0 0 0 0 0 0 0
##$SHL_SMOOTHED= (0..15)
0 0 0 0 0 0 0 0 0 0 0 0 0 0 0 0
##$SHL_SMOOTHING= (0..15)
0 0 0 0 0 0 0 0 0 0 0 0 0 0 0 0
##$SHL_SPOAL= (0..15)
0 0 0 0 0 0 0 0 0 0 0 0 0 0 0 0
##$SHL_SPOFFS= (0..15)
0 0 0 0 0 0 0 0 0 0 0 0 0 0 0 0
##$SHL_SPOPH= (0..15)
0 0 0 0 0 0 0 0 0 0 0 0 0 0 0 0
##$SHL_STARTAMP= (0..15)
0 0 0 0 0 0 0 0 0 0 0 0 0 0 0 0
##$SHL_SW= (0..15)
0 0 0 0 0 0 0 0 0 0 0 0 0 0 0 0
##$SHL_SWDIR= (0..15)
-1 -1 -1 -1 -1 -1 -1 -1 -1 -1 -1 -1 -1 -1 -1 -1
##$SHL_TANKAPPA= (0..15)
0 0 0 0 0 0 0 0 0 0 0 0 0 0 0 0
##$SHL_TOTROT= (0..15)
90 0 0 0 0 0 0 0 0 0 0 0 0 0 0 0
##$SHL_TRUNCLEV= (0..15)
0 0 0 0 0 0 0 0 0 0 0 0 0 0 0 0
##$SHL_TYPE= (0..15)
<Excitation> <> <> <> <> <> <> <> <> <> <> <> <> <> <> <>
##$SHL_WINDOWSIZE= (0..15)
0 0 0 0 0 0 0 0 0 0 0 0 0 0 0 0
##$SHL_ZETA= (0..15)
0 0 0 0 0 0 0 0 0 0 0 0 0 0 0 0
##NPOINTS= 1250
##XYPOINTS= (XY..XY)
68.709688, 86.726608
68.418311, 88.421562
68.124972, 90.117706
67.829700, 91.815056
67.532524, 93.513625
67.233470, 95.213429
66.932569, 96.914483
66.629848, 98.616803
66.325336, 100.320405
66.019063, 102.025305
65.711058, 103.731521
65.401350, 105.439069
65.089969, 107.147967
64.776945, 108.858232
64.462308, 110.569883
64.146089, 112.282938
63.828317, 113.997416
63.509025, 115.713336
63.188241, 117.430718
62.865999, 119.149583
62.542329, 120.869950
62.217262, 122.591840
61.890831, 124.315275
61.563067, 126.040277
61.234003, 127.766867
60.903670, 129.495069
60.572101, 131.224905
60.239330, 132.956399
59.905389, 134.689575
59.570311, 136.424458
59.234129, 138.161073
58.896877, 139.899444
58.558588, 141.639599
58.219298, 143.381563
57.879039, 145.125364
57.537846, 146.871030
57.195753, 148.618587
56.852796, 150.368067
56.509008, 152.119496
56.164426, 153.872906
55.819084, 155.628327
55.473018, 157.385790
55.126264, 159.145327
54.778857, 160.906969
54.430834, 162.670751
54.082231, 164.436704
53.733084, 166.204865
53.383431, 167.975267
53.033307, 169.747946
52.682750, 171.522938
52.331797, 173.300281
51.980487, 175.080012
51.628855, 176.862169
51.276941, 178.646792
50.924783, 180.433920
50.572419, 182.223594
50.219887, 184.015856
49.867226, 185.810747
49.514474, 187.608311
49.161673, 189.408591
48.808859, 191.211631
48.456074, 193.017478
48.103357, 194.826177
47.750747, 196.637775
47.398286, 198.452321
47.046013, 200.269862
46.693970, 202.090448
46.342196, 203.914131
45.990734, 205.740960
45.639624, 207.570988
45.288908, 209.404269
44.938628, 211.240856
44.588826, 213.080803
44.239544, 214.924167
43.890824, 216.771004
43.542709, 218.621371
43.195242, 220.475328
42.848467, 222.332932
42.502426, 224.194244
42.157163, 226.059326
41.812722, 227.928238
41.469147, 229.801043
41.126483, 231.677806
40.784773, 233.558589
40.444063, 235.443460
40.104397, 237.332482
39.765821, 239.225723
39.428381, 241.123251
39.092121, 243.025133
38.757088, 244.931439
38.423329, 246.842237
38.090888, 248.757598
37.759814, 250.677593
37.430152, 252.602292
37.101951, 254.531767
36.775256, 256.466091
36.450116, 258.405336
36.126577, 260.349574
35.804689, 262.298879
35.484499, 264.253323
35.166055, 266.212981
34.849406, 268.177924
34.534600, 270.148226
34.221686, 272.123959
33.910712, 274.105197
33.601729, 276.092012
33.294784, 278.084475
32.989928, 280.082656
32.687208, 282.086627
32.386676, 284.096455
32.088380, 286.112209
31.792370, 288.133956
31.498695, 290.161761
31.207405, 292.195688
30.918549, 294.235798
30.632177, 296.282151
30.348338, 298.334805
30.067081, 300.393815
29.788455, 302.459233
29.512510, 304.531109
29.239294, 306.609489
28.968855, 308.694417
28.701242, 310.785931
28.436502, 312.884067
28.174683, 314.988857
27.915832, 317.100326
27.659996, 319.218497
27.407220, 321.343387
27.157550, 323.475007
26.911031, 325.613363
26.667706, 327.758455
26.427620, 329.910275
26.190815, 332.068810
25.957332, 334.234041
25.727212, 336.405940
25.500495, 338.584472
25.277219, 340.769593
25.057422, 342.961252
24.841139, 345.159390
24.628407, 347.363939
24.419257, 349.574820
24.213722, 351.791946
24.011831, 354.015223
23.813615, 356.244542
23.619099, 358.479789
23.428308, 0.720837
23.241266, 2.967550
23.057993, 5.219780
22.878509, 7.477372
22.702830, 9.740156
22.530970, 12.007954
22.362943, 14.280578
22.198757, 16.557828
22.038420, 18.839495
21.881937, 21.125359
21.729310, 23.415189
21.580537, 25.708745
21.435616, 28.005779
21.294541, 30.306032
21.157302, 32.609236
21.023887, 34.915114
20.894282, 37.223384
20.768469, 39.533752
20.646427, 41.845920
20.528132, 44.159583
20.413557, 46.474428
20.302673, 48.790140
20.195446, 51.106397
20.091842, 53.422873
19.991821, 55.739239
19.895341, 58.055163
19.802358, 60.370313
19.712826, 62.684354
19.626692, 64.996950
19.543906, 67.307766
19.464411, 69.616468
19.388150, 71.922725
19.315062, 74.226205
19.245085, 76.526583
19.178152, 78.823536
19.114198, 81.116744
19.053152, 83.405894
18.994944, 85.690678
18.939500, 87.970794
18.886747, 90.245946
18.836606, 92.515847
18.789002, 94.780216
18.743854, 97.038781
18.701083, 99.291276
18.660606, 101.537446
18.622342, 103.777044
18.586208, 106.009832
18.552120, 108.235582
18.519994, 110.454075
18.489745, 112.665099
18.461287, 114.868457
18.434536, 117.063955
18.409407, 119.251414
18.385814, 121.430661
18.363672, 123.601534
18.342897, 125.763880
18.323404, 127.917553
18.305109, 130.062419
18.287930, 132.198351
18.271782, 134.325230
18.256585, 136.442945
18.242257, 138.551395
18.228719, 140.650484
18.215890, 142.740124
18.203694, 144.820234
18.192052, 146.890741
18.180890, 148.951577
18.170132, 151.002678
18.159706, 153.043989
18.149539, 155.075459
18.139562, 157.097040
18.129704, 159.108692
18.119898, 161.110377
18.110079, 163.102059
18.100182, 165.083710
18.090143, 167.055302
18.079901, 169.016809
18.069398, 170.968211
18.058573, 172.909487
18.047372, 174.840618
18.035739, 176.761589
18.023622, 178.672384
18.010968, 180.572988
17.997729, 182.463387
17.983856, 184.343567
17.969304, 186.213515
17.954028, 188.073218
17.937986, 189.922659
17.921137, 191.761825
17.903441, 193.590699
17.884862, 195.409264
17.865364, 197.217501
17.844914, 199.015389
17.823481, 200.802907
17.801033, 202.580029
17.777543, 204.346728
17.752985, 206.102976
17.727335, 207.848740
17.700570, 209.583985
17.672669, 211.308673
17.643614, 213.022764
17.613388, 214.726211
17.581975, 216.418967
17.549364, 218.100981
17.515542, 219.772195
17.480501, 221.432551
17.444234, 223.081985
17.406735, 224.720427
17.368002, 226.347806
17.328033, 227.964043
17.286829, 229.569058
17.244393, 231.162764
17.200730, 232.745069
17.155849, 234.315876
17.109757, 235.875085
17.062468, 237.422589
17.013994, 238.958276
16.964352, 240.482029
16.913561, 241.993727
16.861641, 243.493242
16.808616, 244.980440
16.754511, 246.455185
16.699354, 247.917333
16.643177, 249.366736
16.586012, 250.803240
16.527896, 252.226686
16.468867, 253.636911
16.408966, 255.033746
16.348238, 256.417018
16.286730, 257.786550
16.224492, 259.142159
16.161577, 260.483660
16.098041, 261.810862
16.033943, 263.123574
15.969345, 264.421599
15.904314, 265.704739
15.838918, 266.972794
15.773229, 268.225561
15.707323, 269.462839
15.641280, 270.684425
15.575182, 271.890117
15.509116, 273.079715
15.443172, 274.253022
15.377443, 275.409842
15.312028, 276.549986
15.247026, 277.673270
15.182545, 278.779518
15.118692, 279.868560
15.055580, 280.940239
14.993327, 281.994406
14.932052, 283.030929
14.871879, 284.049687
14.812937, 285.050579
14.755357, 286.033520
14.699275, 286.998448
14.644829, 287.945320
14.592161, 288.874123
14.541416, 289.784866
14.492743, 290.677589
14.446294, 291.552365
14.402221, 292.409298
14.360682, 293.248529
14.321834, 294.070236
14.285837, 294.874637
14.252855, 295.661990
14.223048, 296.432599
14.196581, 297.186811
14.173617, 297.925018
14.154320, 298.647661
14.138854, 299.355227
14.127380, 300.048252
14.120058, 300.727320
14.117047, 301.393062
14.118502, 302.046156
14.124576, 302.687327
14.135418, 303.317343
14.151171, 303.937014
14.171976, 304.547189
14.197966, 305.148755
14.229271, 305.742631
14.266013, 306.329765
14.308306, 306.911132
14.356260, 307.487726
14.409975, 308.060558
14.469544, 308.630650
14.535052, 309.199031
14.606575, 309.766729
14.684181, 310.334771
14.767930, 310.904173
14.857872, 311.475936
14.954048, 312.051043
15.056493, 312.630455
15.165229, 313.215103
15.280274, 313.805887
15.401634, 314.403672
15.529309, 315.009282
15.663290, 315.623504
15.803562, 316.247078
15.950102, 316.880698
16.102879, 317.525014
16.261857, 318.180625
16.426994, 318.848082
16.598240, 319.527889
16.775542, 320.220498
16.958843, 320.926316
17.148078, 321.645701
17.343181, 322.378965
17.544081, 323.126374
17.750703, 323.888154
17.962972, 324.664486
18.180807, 325.455513
18.404126, 326.261341
18.632847, 327.082038
18.866884, 327.917642
19.106149, 328.768157
19.350557, 329.633560
19.600018, 330.513799
19.854444, 331.408799
20.113745, 332.318462
20.377832, 333.242669
20.646617, 334.181282
20.920010, 335.134147
21.197922, 336.101096
21.480265, 337.081944
21.766952, 338.076499
22.057895, 339.084556
22.353010, 340.105900
22.652210, 341.140313
22.955411, 342.187566
23.262530, 343.247428
23.573485, 344.319663
23.888194, 345.404032
24.206577, 346.500294
24.528556, 347.608206
24.854052, 348.727525
25.182989, 349.858008
25.515290, 350.999413
25.850882, 352.151497
26.189691, 353.314022
26.531646, 354.486749
26.876674, 355.669444
27.224705, 356.861874
27.575672, 358.063809
27.929506, 359.275025
28.286141, 0.495297
28.645510, 1.724408
29.007549, 2.962142
29.372194, 4.208288
29.739383, 5.462641
30.109053, 6.724995
30.481144, 7.995154
30.855596, 9.272923
31.232349, 10.558112
31.611345, 11.850536
31.992527, 13.150012
32.375838, 14.456363
32.761222, 15.769418
33.148623, 17.089006
33.537989, 18.414963
33.929263, 19.747129
34.322395, 21.085348
34.717330, 22.429466
35.114018, 23.779336
35.512407, 25.134813
35.912447, 26.495755
36.314087, 27.862025
36.717278, 29.233491
37.121971, 30.610022
37.528119, 31.991491
37.935672, 33.377775
38.344583, 34.768755
38.754806, 36.164314
39.166295, 37.564338
39.579002, 38.968718
39.992882, 40.377345
40.407891, 41.790116
40.823983, 43.206929
41.241114, 44.627684
41.659240, 46.052287
42.078317, 47.480644
42.498302, 48.912663
42.919151, 50.348256
43.340823, 51.787338
43.763274, 53.229824
44.186463, 54.675633
44.610348, 56.124687
45.034887, 57.576908
45.460040, 59.032220
45.885765, 60.490552
46.312021, 61.951833
46.738769, 63.415993
47.165968, 64.882965
47.593578, 66.352684
48.021560, 67.825086
48.449874, 69.300110
48.878480, 70.777695
49.307341, 72.257783
49.736417, 73.740316
50.165670, 75.225240
50.595061, 76.712499
51.024552, 78.202041
51.454105, 79.693816
51.883683, 81.187773
52.313247, 82.683863
52.742762, 84.182039
53.172188, 85.682255
53.601490, 87.184466
54.030631, 88.688628
54.459574, 90.194699
54.888282, 91.702636
55.316719, 93.212400
55.744849, 94.723951
56.172636, 96.237251
56.600044, 97.752261
57.027039, 99.268945
57.453583, 100.787268
57.879642, 102.307195
58.305180, 103.828692
58.730163, 105.351726
59.154557, 106.876264
59.578325, 108.402275
60.001433, 109.929729
60.423848, 111.458594
60.845535, 112.988844
61.266460, 114.520447
61.686589, 116.053378
62.105888, 117.587607
62.524323, 119.123110
62.941861, 120.659860
63.358470, 122.197832
63.774114, 123.737001
64.188763, 125.277343
64.602382, 126.818834
65.014939, 128.361451
65.426401, 129.905173
65.836737, 131.449976
66.245913, 132.995839
66.653897, 134.542742
67.060659, 136.090664
67.466165, 137.639585
67.870384, 139.189486
68.273285, 140.740346
68.674836, 142.292148
69.075006, 143.844872
69.473764, 145.398502
69.871079, 146.953020
70.266921, 148.508408
70.661258, 150.064650
71.054061, 151.621730
71.445299, 153.179630
71.834942, 154.738337
72.222960, 156.297833
72.609323, 157.858105
72.994002, 159.419138
73.376968, 160.980916
73.758190, 162.543427
74.137640, 164.106656
74.515289, 165.670589
74.891109, 167.235214
75.265069, 168.800517
75.637143, 170.366486
76.007302, 171.933109
76.375517, 173.500372
76.741761, 175.068265
77.106005, 176.636775
77.468224, 178.205890
77.828388, 179.775601
78.186471, 181.345895
78.542445, 182.916762
78.896285, 184.488191
79.247962, 186.060172
79.597452, 187.632695
79.944726, 189.205749
80.289760, 190.779325
80.632527, 192.353413
80.973002, 193.928004
81.311158, 195.503088
81.646971, 197.078657
81.980415, 198.654701
82.311466, 200.231212
82.640098, 201.808181
82.966287, 203.385599
83.290009, 204.963458
83.611239, 206.541751
83.929953, 208.120469
84.246128, 209.699604
84.559740, 211.279149
84.870765, 212.859096
85.179180, 214.439437
85.484963, 216.020165
85.788090, 217.601274
86.088540, 219.182755
86.386288, 220.764602
86.681314, 222.346809
86.973596, 223.929367
87.263111, 225.512272
87.549839, 227.095515
87.833757, 228.679092
88.114845, 230.262995
88.393082, 231.847219
88.668447, 233.431756
88.940920, 235.016602
89.210480, 236.601750
89.477109, 238.187195
89.740785, 239.772931
90.001489, 241.358952
90.259202, 242.945252
90.513906, 244.531826
90.765580, 246.118669
91.014207, 247.705776
91.259767, 249.293141
91.502244, 250.880758
91.741619, 252.468624
91.977873, 254.056732
92.210991, 255.645079
92.440954, 257.233659
92.667746, 258.822466
92.891349, 260.411498
93.111748, 262.000748
93.328926, 263.590212
93.542866, 265.179887
93.753554, 266.769766
93.960974, 268.359846
94.165110, 269.950122
94.365947, 271.540590
94.563471, 273.131246
94.757666, 274.722086
94.948520, 276.313105
95.136016, 277.904299
95.320143, 279.495664
95.500886, 281.087196
95.678231, 282.678891
95.852166, 284.270746
96.022679, 285.862755
96.189756, 287.454916
96.353384, 289.047224
96.513553, 290.639677
96.670251, 292.232269
96.823465, 293.824997
96.973184, 295.417858
97.119398, 297.010848
97.262096, 298.603964
97.401267, 300.197201
97.536901, 301.790556
97.668987, 303.384027
97.797518, 304.977608
97.922482, 306.571298
98.043871, 308.165091
98.161675, 309.758986
98.275887, 311.352979
98.386497, 312.947066
98.493498, 314.541243
98.596881, 316.135509
98.696640, 317.729859
98.792767, 319.324290
98.885254, 320.918799
98.974095, 322.513382
99.059283, 324.108038
99.140813, 325.702761
99.218678, 327.297550
99.292872, 328.892401
99.363390, 330.487311
99.430228, 332.082276
99.493379, 333.677295
99.552839, 335.272363
99.608604, 336.867477
99.660670, 338.462635
99.709033, 340.057834
99.753689, 341.653070
99.794636, 343.248340
99.831869, 344.843642
99.865388, 346.438972
99.895188, 348.034327
99.921268, 349.629705
99.943625, 351.225102
99.962259, 352.820516
99.977168, 354.415943
99.988351, 356.011380
99.995806, 357.606825
99.999534, 359.202275
99.999534, 0.797725
99.995806, 2.393175
99.988351, 3.988620
99.977168, 5.584057
99.962259, 7.179484
99.943625, 8.774898
99.921268, 10.370295
99.895188, 11.965673
99.865388, 13.561028
99.831869, 15.156358
99.794636, 16.751660
99.753689, 18.346930
99.709033, 19.942166
99.660670, 21.537365
99.608604, 23.132523
99.552839, 24.727637
99.493379, 26.322705
99.430228, 27.917724
99.363390, 29.512689
99.292872, 31.107599
99.218678, 32.702450
99.140813, 34.297239
99.059283, 35.891962
98.974095, 37.486618
98.885254, 39.081201
98.792767, 40.675710
98.696640, 42.270141
98.596881, 43.864491
98.493498, 45.458757
98.386497, 47.052934
98.275887, 48.647021
98.161675, 50.241014
98.043871, 51.834909
97.922482, 53.428702
97.797518, 55.022392
97.668987, 56.615973
97.536901, 58.209444
97.401267, 59.802799
97.262096, 61.396036
97.119398, 62.989152
96.973184, 64.582142
96.823465, 66.175003
96.670251, 67.767731
96.513553, 69.360323
96.353384, 70.952776
96.189756, 72.545084
96.022679, 74.137245
95.852166, 75.729254
95.678231, 77.321109
95.500886, 78.912804
95.320143, 80.504336
95.136016, 82.095701
94.948520, 83.686895
94.757666, 85.277914
94.563471, 86.868754
94.365947, 88.459410
94.165110, 90.049878
93.960974, 91.640154
93.753554, 93.230234
93.542866, 94.820113
93.328926, 96.409788
93.111748, 97.999252
92.891349, 99.588502
92.667746, 101.177534
92.440954, 102.766341
92.210991, 104.354921
91.977873, 105.943268
91.741619, 107.531376
91.502244, 109.119242
91.259767, 110.706859
91.014207, 112.294224
90.765580, 113.881331
90.513906, 115.468174
90.259202, 117.054748
90.001489, 118.641048
89.740785, 120.227069
89.477109, 121.812805
89.210480, 123.398250
88.940920, 124.983398
88.668447, 126.568244
88.393082, 128.152781
88.114845, 129.737005
87.833757, 131.320908
87.549839, 132.904485
87.263111, 134.487728
86.973596, 136.070633
86.681314, 137.653191
86.386288, 139.235398
86.088540, 140.817245
85.788090, 142.398726
85.484963, 143.979835
85.179180, 145.560563
84.870765, 147.140904
84.559740, 148.720851
84.246128, 150.300396
83.929953, 151.879531
83.611239, 153.458249
83.290009, 155.036542
82.966287, 156.614401
82.640098, 158.191819
82.311466, 159.768788
81.980415, 161.345299
81.646971, 162.921343
81.311158, 164.496912
80.973002, 166.071996
80.632527, 167.646587
80.289760, 169.220675
79.944726, 170.794251
79.597452, 172.367305
79.247962, 173.939828
78.896285, 175.511809
78.542445, 177.083238
78.186471, 178.654105
77.828388, 180.224399
77.468224, 181.794110
77.106005, 183.363225
76.741761, 184.931735
76.375517, 186.499628
76.007302, 188.066891
75.637143, 189.633514
75.265069, 191.199483
74.891109, 192.764786
74.515289, 194.329411
74.137640, 195.893344
73.758190, 197.456573
73.376968, 199.019084
72.994002, 200.580862
72.609323, 202.141895
72.222960, 203.702167
71.834942, 205.261663
71.445299, 206.820370
71.054061, 208.378270
70.661258, 209.935350
70.266921, 211.491592
69.871079, 213.046980
69.473764, 214.601498
69.075006, 216.155128
68.674836, 217.707852
68.273285, 219.259654
67.870384, 220.810514
67.466165, 222.360415
67.060659, 223.909336
66.653897, 225.457258
66.245913, 227.004161
65.836737, 228.550024
65.426401, 230.094827
65.014939, 231.638549
64.602382, 233.181166
64.188763, 234.722657
63.774114, 236.262999
63.358470, 237.802168
62.941861, 239.340140
62.524323, 240.876890
62.105888, 242.412393
61.686589, 243.946622
61.266460, 245.479553
60.845535, 247.011156
60.423848, 248.541406
60.001433, 250.070271
59.578325, 251.597725
59.154557, 253.123736
58.730163, 254.648274
58.305180, 256.171308
57.879642, 257.692805
57.453583, 259.212732
57.027039, 260.731055
56.600044, 262.247739
56.172636, 263.762749
55.744849, 265.276049
55.316719, 266.787600
54.888282, 268.297364
54.459574, 269.805301
54.030631, 271.311372
53.601490, 272.815534
53.172188, 274.317745
52.742762, 275.817961
52.313247, 277.316137
51.883683, 278.812227
51.454105, 280.306184
51.024552, 281.797959
50.595061, 283.287501
50.165670, 284.774760
49.736417, 286.259684
49.307341, 287.742217
48.878480, 289.222305
48.449874, 290.699890
48.021560, 292.174914
47.593578, 293.647316
47.165968, 295.117035
46.738769, 296.584007
46.312021, 298.048167
45.885765, 299.509448
45.460040, 300.967780
45.034887, 302.423092
44.610348, 303.875313
44.186463, 305.324367
43.763274, 306.770176
43.340823, 308.212662
42.919151, 309.651744
42.498302, 311.087337
42.078317, 312.519356
41.659240, 313.947713
41.241114, 315.372316
40.823983, 316.793071
40.407891, 318.209884
39.992882, 319.622655
39.579002, 321.031282
39.166295, 322.435662
38.754806, 323.835686
38.344583, 325.231245
37.935672, 326.622225
37.528119, 328.008509
37.121971, 329.389978
36.717278, 330.766509
36.314087, 332.137975
35.912447, 333.504245
35.512407, 334.865187
35.114018, 336.220664
34.717330, 337.570534
34.322395, 338.914652
33.929263, 340.252871
33.537989, 341.585037
33.148623, 342.910994
32.761222, 344.230582
32.375838, 345.543637
31.992527, 346.849988
31.611345, 348.149464
31.232349, 349.441888
30.855596, 350.727077
30.481144, 352.004846
30.109053, 353.275005
29.739383, 354.537359
29.372194, 355.791712
29.007549, 357.037858
28.645510, 358.275592
28.286141, 359.504703
27.929506, 0.724975
27.575672, 1.936191
27.224705, 3.138126
26.876674, 4.330556
26.531646, 5.513251
26.189691, 6.685978
25.850882, 7.848503
25.515290, 9.000587
25.182989, 10.141992
24.854052, 11.272475
24.528556, 12.391794
24.206577, 13.499706
23.888194, 14.595968
23.573485, 15.680337
23.262530, 16.752572
22.955411, 17.812434
22.652210, 18.859687
22.353010, 19.894100
22.057895, 20.915444
21.766952, 21.923501
21.480265, 22.918056
21.197922, 23.898904
20.920010, 24.865853
20.646617, 25.818718
20.377832, 26.757331
20.113745, 27.681538
19.854444, 28.591201
19.600018, 29.486201
19.350557, 30.366440
19.106149, 31.231843
18.866884, 32.082358
18.632847, 32.917962
18.404126, 33.738659
18.180807, 34.544487
17.962972, 35.335514
17.750703, 36.111846
17.544081, 36.873626
17.343181, 37.621035
17.148078, 38.354299
16.958843, 39.073684
16.775542, 39.779502
16.598240, 40.472111
16.426994, 41.151918
16.261857, 41.819375
16.102879, 42.474986
15.950102, 43.119302
15.803562, 43.752922
15.663290, 44.376496
15.529309, 44.990718
15.401634, 45.596328
15.280274, 46.194113
15.165229, 46.784897
15.056493, 47.369545
14.954048, 47.948957
14.857872, 48.524064
14.767930, 49.095827
14.684181, 49.665229
14.606575, 50.233271
14.535052, 50.800969
14.469544, 51.369350
14.409975, 51.939442
14.356260, 52.512274
14.308306, 53.088868
14.266013, 53.670235
14.229271, 54.257369
14.197966, 54.851245
14.171976, 55.452811
14.151171, 56.062986
14.135418, 56.682657
14.124576, 57.312673
14.118502, 57.953844
14.117047, 58.606938
14.120058, 59.272680
14.127380, 59.951748
14.138854, 60.644773
14.154320, 61.352339
14.173617, 62.074982
14.196581, 62.813189
14.223048, 63.567401
14.252855, 64.338010
14.285837, 65.125363
14.321834, 65.929764
14.360682, 66.751471
14.402221, 67.590702
14.446294, 68.447635
14.492743, 69.322411
14.541416, 70.215134
14.592161, 71.125877
14.644829, 72.054680
14.699275, 73.001552
14.755357, 73.966480
14.812937, 74.949421
14.871879, 75.950313
14.932052, 76.969071
14.993327, 78.005594
15.055580, 79.059761
15.118692, 80.131440
15.182545, 81.220482
15.247026, 82.326730
15.312028, 83.450014
15.377443, 84.590158
15.443172, 85.746978
15.509116, 86.920285
15.575182, 88.109883
15.641280, 89.315575
15.707323, 90.537161
15.773229, 91.774439
15.838918, 93.027206
15.904314, 94.295261
15.969345, 95.578401
16.033943, 96.876426
16.098041, 98.189138
16.161577, 99.516340
16.224492, 100.857841
16.286730, 102.213450
16.348238, 103.582982
16.408966, 104.966254
16.468867, 106.363089
16.527896, 107.773314
16.586012, 109.196760
16.643177, 110.633264
16.699354, 112.082667
16.754511, 113.544815
16.808616, 115.019560
16.861641, 116.506758
16.913561, 118.006273
16.964352, 119.517971
17.013994, 121.041724
17.062468, 122.577411
17.109757, 124.124915
17.155849, 125.684124
17.200730, 127.254931
17.244393, 128.837236
17.286829, 130.430942
17.328033, 132.035957
17.368002, 133.652194
17.406735, 135.279573
17.444234, 136.918015
17.480501, 138.567449
17.515542, 140.227805
17.549364, 141.899019
17.581975, 143.581033
17.613388, 145.273789
17.643614, 146.977236
17.672669, 148.691327
17.700570, 150.416015
17.727335, 152.151260
17.752985, 153.897024
17.777543, 155.653272
17.801033, 157.419971
17.823481, 159.197093
17.844914, 160.984611
17.865364, 162.782499
17.884862, 164.590736
17.903441, 166.409301
17.921137, 168.238175
17.937986, 170.077341
17.954028, 171.926782
17.969304, 173.786485
17.983856, 175.656433
17.997729, 177.536613
18.010968, 179.427012
18.023622, 181.327616
18.035739, 183.238411
18.047372, 185.159382
18.058573, 187.090513
18.069398, 189.031789
18.079901, 190.983191
18.090143, 192.944698
18.100182, 194.916290
18.110079, 196.897941
18.119898, 198.889623
18.129704, 200.891308
18.139562, 202.902960
18.149539, 204.924541
18.159706, 206.956011
18.170132, 208.997322
18.180890, 211.048423
18.192052, 213.109259
18.203694, 215.179766
18.215890, 217.259876
18.228719, 219.349516
18.242257, 221.448605
18.256585, 223.557055
18.271782, 225.674770
18.287930, 227.801649
18.305109, 229.937581
18.323404, 232.082447
18.342897, 234.236120
18.363672, 236.398466
18.385814, 238.569339
18.409407, 240.748586
18.434536, 242.936045
18.461287, 245.131543
18.489745, 247.334901
18.519994, 249.545925
18.552120, 251.764418
18.586208, 253.990168
18.622342, 256.222956
18.660606, 258.462554
18.701083, 260.708724
18.743854, 262.961219
18.789002, 265.219784
18.836606, 267.484153
18.886747, 269.754054
18.939500, 272.029206
18.994944, 274.309322
19.053152, 276.594106
19.114198, 278.883256
19.178152, 281.176464
19.245085, 283.473417
19.315062, 285.773795
19.388150, 288.077275
19.464411, 290.383532
19.543906, 292.692234
19.626692, 295.003050
19.712826, 297.315646
19.802358, 299.629687
19.895341, 301.944837
19.991821, 304.260761
20.091842, 306.577127
20.195446, 308.893603
20.302673, 311.209860
20.413557, 313.525572
20.528132, 315.840417
20.646427, 318.154080
20.768469, 320.466248
20.894282, 322.776616
21.023887, 325.084886
21.157302, 327.390764
21.294541, 329.693968
21.435616, 331.994221
21.580537, 334.291255
21.729310, 336.584811
21.881937, 338.874641
22.038420, 341.160505
22.198757, 343.442172
22.362943, 345.719422
22.530970, 347.992046
22.702830, 350.259844
22.878509, 352.522628
23.057993, 354.780220
23.241266, 357.032450
23.428308, 359.279163
23.619099, 1.520211
23.813615, 3.755458
24.011831, 5.984777
24.213722, 8.208054
24.419257, 10.425180
24.628407, 12.636061
24.841139, 14.840610
25.057422, 17.038748
25.277219, 19.230407
25.500495, 21.415528
25.727212, 23.594060
25.957332, 25.765959
26.190815, 27.931190
26.427620, 30.089725
26.667706, 32.241545
26.911031, 34.386637
27.157550, 36.524993
27.407220, 38.656613
27.659996, 40.781503
27.915832, 42.899674
28.174683, 45.011143
28.436502, 47.115933
28.701242, 49.214069
28.968855, 51.305583
29.239294, 53.390511
29.512510, 55.468891
29.788455, 57.540767
30.067081, 59.606185
30.348338, 61.665195
30.632177, 63.717849
30.918549, 65.764202
31.207405, 67.804312
31.498695, 69.838239
31.792370, 71.866044
32.088380, 73.887791
32.386676, 75.903545
32.687208, 77.913373
32.989928, 79.917344
33.294784, 81.915525
33.601729, 83.907988
33.910712, 85.894803
34.221686, 87.876041
34.534600, 89.851774
34.849406, 91.822076
35.166055, 93.787019
35.484499, 95.746677
35.804689, 97.701121
36.126577, 99.650426
36.450116, 101.594664
36.775256, 103.533909
37.101951, 105.468233
37.430152, 107.397708
37.759814, 109.322407
38.090888, 111.242402
38.423329, 113.157763
38.757088, 115.068561
39.092121, 116.974867
39.428381, 118.876749
39.765821, 120.774277
40.104397, 122.667518
40.444063, 124.556540
40.784773, 126.441411
41.126483, 128.322194
41.469147, 130.198957
41.812722, 132.071762
42.157163, 133.940674
42.502426, 135.805756
42.848467, 137.667068
43.195242, 139.524672
43.542709, 141.378629
43.890824, 143.228996
44.239544, 145.075833
44.588826, 146.919197
44.938628, 148.759144
45.288908, 150.595731
45.639624, 152.429012
45.990734, 154.259040
46.342196, 156.085869
46.693970, 157.909552
47.046013, 159.730138
47.398286, 161.547679
47.750747, 163.362225
48.103357, 165.173823
48.456074, 166.982522
48.808859, 168.788369
49.161673, 170.591409
49.514474, 172.391689
49.867226, 174.189253
50.219887, 175.984144
50.572419, 177.776406
50.924783, 179.566080
51.276941, 181.353208
51.628855, 183.137831
51.980487, 184.919988
52.331797, 186.699719
52.682750, 188.477062
53.033307, 190.252054
53.383431, 192.024733
53.733084, 193.795135
54.082231, 195.563296
54.430834, 197.329249
54.778857, 199.093031
55.126264, 200.854673
55.473018, 202.614210
55.819084, 204.371673
56.164426, 206.127094
56.509008, 207.880504
56.852796, 209.631933
57.195753, 211.381413
57.537846, 213.128970
57.879039, 214.874636
58.219298, 216.618437
58.558588, 218.360401
58.896877, 220.100556
59.234129, 221.838927
59.570311, 223.575542
59.905389, 225.310425
60.239330, 227.043601
60.572101, 228.775095
60.903670, 230.504931
61.234003, 232.233133
61.563067, 233.959723
61.890831, 235.684725
62.217262, 237.408160
62.542329, 239.130050
62.865999, 240.850417
63.188241, 242.569282
63.509025, 244.286664
63.828317, 246.002584
64.146089, 247.717062
64.462308, 249.430117
64.776945, 251.141768
65.089969, 252.852033
65.401350, 254.560931
65.711058, 256.268479
66.019063, 257.974695
66.325336, 259.679595
66.629848, 261.383197
66.932569, 263.085517
67.233470, 264.786571
67.532524, 266.486375
67.829700, 268.184944
68.124972, 269.882294
68.418311, 271.578438
68.709688, 273.273392
##END=
