##TITLE= Parameter file, TopSpin 4.3.0
##JCAMPDX= 5.0
##DATATYPE= Parameter Values
##ORIGIN= Bruker BioSpin GmbH
##OWNER= nmrsu
$$ 2024-05-23 11:13:25.660 +0100  nmrsu@4CE1161FJM
$$ C:/Bruker/TopSpin4.3.0/exp/stan/nmr/lists/wave/user/multisupp_aux_d8
$$ process C:\Bruker\TopSpin4.3.0\prog\mod\xwinshape.exe
##MINX= 14.41558000
##MAXX= 99.99953400
##MINY= 0.28978600
##MAXY= 359.71021400
##$SHAPE_ADDPHASE= 0
##$SHAPE_AMP= 99.99953356
##$SHAPE_BWFAC= 0
##$SHAPE_BWFAC50= 0
##$SHAPE_CALCBW= yes
##$SHAPE_CALCINTEG= yes
##$SHAPE_EXMODE= <Excitation>
##$SHAPE_EXPAND= <>
##$SHAPE_EXPANDCF= (0..143)
0 0 0 0 0 0 0 0 0 0 0 0 0 0 0 0 0 0 0 0 0 0 0 0 0 0 0 0 0 0 0 0 0 0 0 0
0 0 0 0 0 0 0 0 0 0 0 0 0 0 0 0 0 0 0 0 0 0 0 0 0 0 0 0 0 0 0 0 0 0 0 0
0 0 0 0 0 0 0 0 0 0 0 0 0 0 0 0 0 0 0 0 0 0 0 0 0 0 0 0 0 0 0 0 0 0 0 0
0 0 0 0 0 0 0 0 0 0 0 0 0 0 0 0 0 0 0 0 0 0 0 0 0 0 0 0 0 0 0 0 0 0 0 0
##$SHAPE_EXPFAC= 0
##$SHAPE_FRACEND= 0
##$SHAPE_FRACORG= 0
##$SHAPE_FRACSTART= 0
##$SHAPE_INTEGFAC= 0
##$SHAPE_KEEPRES= yes
##$SHAPE_LENGTH= 25000.000373
##$SHAPE_MAN= <M>
##$SHAPE_MODE= 4
##$SHAPE_MODFREQ= 0
##$SHAPE_MODPHASE= 0
##$SHAPE_MODSCALE= 0
##$SHAPE_MODSW= 0
##$SHAPE_MODSWDIR= -1
##$SHAPE_NPOINTS= 1250
##$SHAPE_OFFS= <1 4>
##$SHAPE_OFFSCOEFF= (0..95)
-153.66048 0 100 -206.54211 0 100 -221.39261 0 100 -289.90175 0 100 0 0
0 0 0 0 0 0 0 0 0 0 0 0 0 0 0 0 0 0 0 0 0 0 0 0 0 0 0 0 0 0 0 0 0 0 0 0
0 0 0 0 0 0 0 0 0 0 0 0 0 0 0 0 0 0 0 0 0 0 0 0 0 0 0 0 0 0 0 0 0 0 0 0
0 0 0 0 0 0 0 0 0 0
##$SHAPE_PARAMETER= <>
##$SHAPE_REPHFAC= 0
##$SHAPE_RES= 0
##$SHAPE_SCALEFAC= 1.00000466
##$SHAPE_SCALETYPE= 0
##$SHAPE_SPOAL= 0
##$SHAPE_SPOFFS= 0
##$SHAPE_SPOPH= 0
##$SHAPE_TOTROT= 90
##$SHAPE_TYPE= <Excitation>
##$SHAPE_USER_DEF= <>
##$SHAPE_VERSION= 2.1
##$SHL_ADDPHASE= (0..15)
0 0 0 0 0 0 0 0 0 0 0 0 0 0 0 0
##$SHL_ALIGNOFFSET= (0..15)
0 0 0 0 0 0 0 0 0 0 0 0 0 0 0 0
##$SHL_AMP= (0..15)
100 0 0 0 0 0 0 0 0 0 0 0 0 0 0 0
##$SHL_AMPFAC= (0..15)
0 0 0 0 0 0 0 0 0 0 0 0 0 0 0 0
##$SHL_BETA= (0..15)
0 0 0 0 0 0 0 0 0 0 0 0 0 0 0 0
##$SHL_BWFAC= (0..15)
1.116 0 0 0 0 0 0 0 0 0 0 0 0 0 0 0
##$SHL_CALCBW= (0..15)
yes yes yes yes yes yes yes yes yes yes yes yes yes yes yes yes
##$SHL_CALCINTEG= (0..15)
yes yes yes yes yes yes yes yes yes yes yes yes yes yes yes yes
##$SHL_CENTERAMP= (0..15)
0 0 0 0 0 0 0 0 0 0 0 0 0 0 0 0
##$SHL_CYCNUM= (0..15)
0 0 0 0 0 0 0 0 0 0 0 0 0 0 0 0
##$SHL_DIPOLCPL= (0..15)
0 0 0 0 0 0 0 0 0 0 0 0 0 0 0 0
##$SHL_ENDAMP= (0..15)
0 0 0 0 0 0 0 0 0 0 0 0 0 0 0 0
##$SHL_EXMODE= (0..15)
<Excitation> <> <> <> <> <> <> <> <> <> <> <> <> <> <> <>
##$SHL_EXPAND= (0..15)
<> <> <> <> <> <> <> <> <> <> <> <> <> <> <> <>
##$SHL_EXPANDCF0= (0..143)
0 0 0 0 0 0 0 0 0 0 0 0 0 0 0 0 0 0 0 0 0 0 0 0 0 0 0 0 0 0 0 0 0 0 0 0
0 0 0 0 0 0 0 0 0 0 0 0 0 0 0 0 0 0 0 0 0 0 0 0 0 0 0 0 0 0 0 0 0 0 0 0
0 0 0 0 0 0 0 0 0 0 0 0 0 0 0 0 0 0 0 0 0 0 0 0 0 0 0 0 0 0 0 0 0 0 0 0
0 0 0 0 0 0 0 0 0 0 0 0 0 0 0 0 0 0 0 0 0 0 0 0 0 0 0 0 0 0 0 0 0 0 0 0
##$SHL_EXPANDCF1= (0..143)
0 0 0 0 0 0 0 0 0 0 0 0 0 0 0 0 0 0 0 0 0 0 0 0 0 0 0 0 0 0 0 0 0 0 0 0
0 0 0 0 0 0 0 0 0 0 0 0 0 0 0 0 0 0 0 0 0 0 0 0 0 0 0 0 0 0 0 0 0 0 0 0
0 0 0 0 0 0 0 0 0 0 0 0 0 0 0 0 0 0 0 0 0 0 0 0 0 0 0 0 0 0 0 0 0 0 0 0
0 0 0 0 0 0 0 0 0 0 0 0 0 0 0 0 0 0 0 0 0 0 0 0 0 0 0 0 0 0 0 0 0 0 0 0
##$SHL_EXPANDCF10= (0..143)
0 0 0 0 0 0 0 0 0 0 0 0 0 0 0 0 0 0 0 0 0 0 0 0 0 0 0 0 0 0 0 0 0 0 0 0
0 0 0 0 0 0 0 0 0 0 0 0 0 0 0 0 0 0 0 0 0 0 0 0 0 0 0 0 0 0 0 0 0 0 0 0
0 0 0 0 0 0 0 0 0 0 0 0 0 0 0 0 0 0 0 0 0 0 0 0 0 0 0 0 0 0 0 0 0 0 0 0
0 0 0 0 0 0 0 0 0 0 0 0 0 0 0 0 0 0 0 0 0 0 0 0 0 0 0 0 0 0 0 0 0 0 0 0
##$SHL_EXPANDCF11= (0..143)
0 0 0 0 0 0 0 0 0 0 0 0 0 0 0 0 0 0 0 0 0 0 0 0 0 0 0 0 0 0 0 0 0 0 0 0
0 0 0 0 0 0 0 0 0 0 0 0 0 0 0 0 0 0 0 0 0 0 0 0 0 0 0 0 0 0 0 0 0 0 0 0
0 0 0 0 0 0 0 0 0 0 0 0 0 0 0 0 0 0 0 0 0 0 0 0 0 0 0 0 0 0 0 0 0 0 0 0
0 0 0 0 0 0 0 0 0 0 0 0 0 0 0 0 0 0 0 0 0 0 0 0 0 0 0 0 0 0 0 0 0 0 0 0
##$SHL_EXPANDCF12= (0..143)
0 0 0 0 0 0 0 0 0 0 0 0 0 0 0 0 0 0 0 0 0 0 0 0 0 0 0 0 0 0 0 0 0 0 0 0
0 0 0 0 0 0 0 0 0 0 0 0 0 0 0 0 0 0 0 0 0 0 0 0 0 0 0 0 0 0 0 0 0 0 0 0
0 0 0 0 0 0 0 0 0 0 0 0 0 0 0 0 0 0 0 0 0 0 0 0 0 0 0 0 0 0 0 0 0 0 0 0
0 0 0 0 0 0 0 0 0 0 0 0 0 0 0 0 0 0 0 0 0 0 0 0 0 0 0 0 0 0 0 0 0 0 0 0
##$SHL_EXPANDCF13= (0..143)
0 0 0 0 0 0 0 0 0 0 0 0 0 0 0 0 0 0 0 0 0 0 0 0 0 0 0 0 0 0 0 0 0 0 0 0
0 0 0 0 0 0 0 0 0 0 0 0 0 0 0 0 0 0 0 0 0 0 0 0 0 0 0 0 0 0 0 0 0 0 0 0
0 0 0 0 0 0 0 0 0 0 0 0 0 0 0 0 0 0 0 0 0 0 0 0 0 0 0 0 0 0 0 0 0 0 0 0
0 0 0 0 0 0 0 0 0 0 0 0 0 0 0 0 0 0 0 0 0 0 0 0 0 0 0 0 0 0 0 0 0 0 0 0
##$SHL_EXPANDCF14= (0..143)
0 0 0 0 0 0 0 0 0 0 0 0 0 0 0 0 0 0 0 0 0 0 0 0 0 0 0 0 0 0 0 0 0 0 0 0
0 0 0 0 0 0 0 0 0 0 0 0 0 0 0 0 0 0 0 0 0 0 0 0 0 0 0 0 0 0 0 0 0 0 0 0
0 0 0 0 0 0 0 0 0 0 0 0 0 0 0 0 0 0 0 0 0 0 0 0 0 0 0 0 0 0 0 0 0 0 0 0
0 0 0 0 0 0 0 0 0 0 0 0 0 0 0 0 0 0 0 0 0 0 0 0 0 0 0 0 0 0 0 0 0 0 0 0
##$SHL_EXPANDCF15= (0..143)
0 0 0 0 0 0 0 0 0 0 0 0 0 0 0 0 0 0 0 0 0 0 0 0 0 0 0 0 0 0 0 0 0 0 0 0
0 0 0 0 0 0 0 0 0 0 0 0 0 0 0 0 0 0 0 0 0 0 0 0 0 0 0 0 0 0 0 0 0 0 0 0
0 0 0 0 0 0 0 0 0 0 0 0 0 0 0 0 0 0 0 0 0 0 0 0 0 0 0 0 0 0 0 0 0 0 0 0
0 0 0 0 0 0 0 0 0 0 0 0 0 0 0 0 0 0 0 0 0 0 0 0 0 0 0 0 0 0 0 0 0 0 0 0
##$SHL_EXPANDCF2= (0..143)
0 0 0 0 0 0 0 0 0 0 0 0 0 0 0 0 0 0 0 0 0 0 0 0 0 0 0 0 0 0 0 0 0 0 0 0
0 0 0 0 0 0 0 0 0 0 0 0 0 0 0 0 0 0 0 0 0 0 0 0 0 0 0 0 0 0 0 0 0 0 0 0
0 0 0 0 0 0 0 0 0 0 0 0 0 0 0 0 0 0 0 0 0 0 0 0 0 0 0 0 0 0 0 0 0 0 0 0
0 0 0 0 0 0 0 0 0 0 0 0 0 0 0 0 0 0 0 0 0 0 0 0 0 0 0 0 0 0 0 0 0 0 0 0
##$SHL_EXPANDCF3= (0..143)
0 0 0 0 0 0 0 0 0 0 0 0 0 0 0 0 0 0 0 0 0 0 0 0 0 0 0 0 0 0 0 0 0 0 0 0
0 0 0 0 0 0 0 0 0 0 0 0 0 0 0 0 0 0 0 0 0 0 0 0 0 0 0 0 0 0 0 0 0 0 0 0
0 0 0 0 0 0 0 0 0 0 0 0 0 0 0 0 0 0 0 0 0 0 0 0 0 0 0 0 0 0 0 0 0 0 0 0
0 0 0 0 0 0 0 0 0 0 0 0 0 0 0 0 0 0 0 0 0 0 0 0 0 0 0 0 0 0 0 0 0 0 0 0
##$SHL_EXPANDCF4= (0..143)
0 0 0 0 0 0 0 0 0 0 0 0 0 0 0 0 0 0 0 0 0 0 0 0 0 0 0 0 0 0 0 0 0 0 0 0
0 0 0 0 0 0 0 0 0 0 0 0 0 0 0 0 0 0 0 0 0 0 0 0 0 0 0 0 0 0 0 0 0 0 0 0
0 0 0 0 0 0 0 0 0 0 0 0 0 0 0 0 0 0 0 0 0 0 0 0 0 0 0 0 0 0 0 0 0 0 0 0
0 0 0 0 0 0 0 0 0 0 0 0 0 0 0 0 0 0 0 0 0 0 0 0 0 0 0 0 0 0 0 0 0 0 0 0
##$SHL_EXPANDCF5= (0..143)
0 0 0 0 0 0 0 0 0 0 0 0 0 0 0 0 0 0 0 0 0 0 0 0 0 0 0 0 0 0 0 0 0 0 0 0
0 0 0 0 0 0 0 0 0 0 0 0 0 0 0 0 0 0 0 0 0 0 0 0 0 0 0 0 0 0 0 0 0 0 0 0
0 0 0 0 0 0 0 0 0 0 0 0 0 0 0 0 0 0 0 0 0 0 0 0 0 0 0 0 0 0 0 0 0 0 0 0
0 0 0 0 0 0 0 0 0 0 0 0 0 0 0 0 0 0 0 0 0 0 0 0 0 0 0 0 0 0 0 0 0 0 0 0
##$SHL_EXPANDCF6= (0..143)
0 0 0 0 0 0 0 0 0 0 0 0 0 0 0 0 0 0 0 0 0 0 0 0 0 0 0 0 0 0 0 0 0 0 0 0
0 0 0 0 0 0 0 0 0 0 0 0 0 0 0 0 0 0 0 0 0 0 0 0 0 0 0 0 0 0 0 0 0 0 0 0
0 0 0 0 0 0 0 0 0 0 0 0 0 0 0 0 0 0 0 0 0 0 0 0 0 0 0 0 0 0 0 0 0 0 0 0
0 0 0 0 0 0 0 0 0 0 0 0 0 0 0 0 0 0 0 0 0 0 0 0 0 0 0 0 0 0 0 0 0 0 0 0
##$SHL_EXPANDCF7= (0..143)
0 0 0 0 0 0 0 0 0 0 0 0 0 0 0 0 0 0 0 0 0 0 0 0 0 0 0 0 0 0 0 0 0 0 0 0
0 0 0 0 0 0 0 0 0 0 0 0 0 0 0 0 0 0 0 0 0 0 0 0 0 0 0 0 0 0 0 0 0 0 0 0
0 0 0 0 0 0 0 0 0 0 0 0 0 0 0 0 0 0 0 0 0 0 0 0 0 0 0 0 0 0 0 0 0 0 0 0
0 0 0 0 0 0 0 0 0 0 0 0 0 0 0 0 0 0 0 0 0 0 0 0 0 0 0 0 0 0 0 0 0 0 0 0
##$SHL_EXPANDCF8= (0..143)
0 0 0 0 0 0 0 0 0 0 0 0 0 0 0 0 0 0 0 0 0 0 0 0 0 0 0 0 0 0 0 0 0 0 0 0
0 0 0 0 0 0 0 0 0 0 0 0 0 0 0 0 0 0 0 0 0 0 0 0 0 0 0 0 0 0 0 0 0 0 0 0
0 0 0 0 0 0 0 0 0 0 0 0 0 0 0 0 0 0 0 0 0 0 0 0 0 0 0 0 0 0 0 0 0 0 0 0
0 0 0 0 0 0 0 0 0 0 0 0 0 0 0 0 0 0 0 0 0 0 0 0 0 0 0 0 0 0 0 0 0 0 0 0
##$SHL_EXPANDCF9= (0..143)
0 0 0 0 0 0 0 0 0 0 0 0 0 0 0 0 0 0 0 0 0 0 0 0 0 0 0 0 0 0 0 0 0 0 0 0
0 0 0 0 0 0 0 0 0 0 0 0 0 0 0 0 0 0 0 0 0 0 0 0 0 0 0 0 0 0 0 0 0 0 0 0
0 0 0 0 0 0 0 0 0 0 0 0 0 0 0 0 0 0 0 0 0 0 0 0 0 0 0 0 0 0 0 0 0 0 0 0
0 0 0 0 0 0 0 0 0 0 0 0 0 0 0 0 0 0 0 0 0 0 0 0 0 0 0 0 0 0 0 0 0 0 0 0
##$SHL_EXPFAC= (0..15)
0 0 0 0 0 0 0 0 0 0 0 0 0 0 0 0
##$SHL_FRACEND= (0..15)
0 0 0 0 0 0 0 0 0 0 0 0 0 0 0 0
##$SHL_FRACORG= (0..15)
0 0 0 0 0 0 0 0 0 0 0 0 0 0 0 0
##$SHL_FRACSTART= (0..15)
0 0 0 0 0 0 0 0 0 0 0 0 0 0 0 0
##$SHL_FULLHALF= (0..15)
0 0 0 0 0 0 0 0 0 0 0 0 0 0 0 0
##$SHL_FUNCAMP= (0..15)
100 0 0 0 0 0 0 0 0 0 0 0 0 0 0 0
##$SHL_FUNCTION= (0..15)
<Rectangle> <> <> <> <> <> <> <> <> <> <> <> <> <> <> <>
##$SHL_GCO= (0..15)
<> <> <> <> <> <> <> <> <> <> <> <> <> <> <> <>
##$SHL_GCOCOEFFS0= (0..59)
0 0 0 0 0 0 0 0 0 0 0 0 0 0 0 0 0 0 0 0 0 0 0 0 0 0 0 0 0 0 0 0 0 0 0 0
0 0 0 0 0 0 0 0 0 0 0 0 0 0 0 0 0 0 0 0 0 0 0 0
##$SHL_GCOCOEFFS1= (0..59)
0 0 0 0 0 0 0 0 0 0 0 0 0 0 0 0 0 0 0 0 0 0 0 0 0 0 0 0 0 0 0 0 0 0 0 0
0 0 0 0 0 0 0 0 0 0 0 0 0 0 0 0 0 0 0 0 0 0 0 0
##$SHL_GCOCOEFFS10= (0..59)
0 0 0 0 0 0 0 0 0 0 0 0 0 0 0 0 0 0 0 0 0 0 0 0 0 0 0 0 0 0 0 0 0 0 0 0
0 0 0 0 0 0 0 0 0 0 0 0 0 0 0 0 0 0 0 0 0 0 0 0
##$SHL_GCOCOEFFS11= (0..59)
0 0 0 0 0 0 0 0 0 0 0 0 0 0 0 0 0 0 0 0 0 0 0 0 0 0 0 0 0 0 0 0 0 0 0 0
0 0 0 0 0 0 0 0 0 0 0 0 0 0 0 0 0 0 0 0 0 0 0 0
##$SHL_GCOCOEFFS12= (0..59)
0 0 0 0 0 0 0 0 0 0 0 0 0 0 0 0 0 0 0 0 0 0 0 0 0 0 0 0 0 0 0 0 0 0 0 0
0 0 0 0 0 0 0 0 0 0 0 0 0 0 0 0 0 0 0 0 0 0 0 0
##$SHL_GCOCOEFFS13= (0..59)
0 0 0 0 0 0 0 0 0 0 0 0 0 0 0 0 0 0 0 0 0 0 0 0 0 0 0 0 0 0 0 0 0 0 0 0
0 0 0 0 0 0 0 0 0 0 0 0 0 0 0 0 0 0 0 0 0 0 0 0
##$SHL_GCOCOEFFS14= (0..59)
0 0 0 0 0 0 0 0 0 0 0 0 0 0 0 0 0 0 0 0 0 0 0 0 0 0 0 0 0 0 0 0 0 0 0 0
0 0 0 0 0 0 0 0 0 0 0 0 0 0 0 0 0 0 0 0 0 0 0 0
##$SHL_GCOCOEFFS15= (0..59)
0 0 0 0 0 0 0 0 0 0 0 0 0 0 0 0 0 0 0 0 0 0 0 0 0 0 0 0 0 0 0 0 0 0 0 0
0 0 0 0 0 0 0 0 0 0 0 0 0 0 0 0 0 0 0 0 0 0 0 0
##$SHL_GCOCOEFFS2= (0..59)
0 0 0 0 0 0 0 0 0 0 0 0 0 0 0 0 0 0 0 0 0 0 0 0 0 0 0 0 0 0 0 0 0 0 0 0
0 0 0 0 0 0 0 0 0 0 0 0 0 0 0 0 0 0 0 0 0 0 0 0
##$SHL_GCOCOEFFS3= (0..59)
0 0 0 0 0 0 0 0 0 0 0 0 0 0 0 0 0 0 0 0 0 0 0 0 0 0 0 0 0 0 0 0 0 0 0 0
0 0 0 0 0 0 0 0 0 0 0 0 0 0 0 0 0 0 0 0 0 0 0 0
##$SHL_GCOCOEFFS4= (0..59)
0 0 0 0 0 0 0 0 0 0 0 0 0 0 0 0 0 0 0 0 0 0 0 0 0 0 0 0 0 0 0 0 0 0 0 0
0 0 0 0 0 0 0 0 0 0 0 0 0 0 0 0 0 0 0 0 0 0 0 0
##$SHL_GCOCOEFFS5= (0..59)
0 0 0 0 0 0 0 0 0 0 0 0 0 0 0 0 0 0 0 0 0 0 0 0 0 0 0 0 0 0 0 0 0 0 0 0
0 0 0 0 0 0 0 0 0 0 0 0 0 0 0 0 0 0 0 0 0 0 0 0
##$SHL_GCOCOEFFS6= (0..59)
0 0 0 0 0 0 0 0 0 0 0 0 0 0 0 0 0 0 0 0 0 0 0 0 0 0 0 0 0 0 0 0 0 0 0 0
0 0 0 0 0 0 0 0 0 0 0 0 0 0 0 0 0 0 0 0 0 0 0 0
##$SHL_GCOCOEFFS7= (0..59)
0 0 0 0 0 0 0 0 0 0 0 0 0 0 0 0 0 0 0 0 0 0 0 0 0 0 0 0 0 0 0 0 0 0 0 0
0 0 0 0 0 0 0 0 0 0 0 0 0 0 0 0 0 0 0 0 0 0 0 0
##$SHL_GCOCOEFFS8= (0..59)
0 0 0 0 0 0 0 0 0 0 0 0 0 0 0 0 0 0 0 0 0 0 0 0 0 0 0 0 0 0 0 0 0 0 0 0
0 0 0 0 0 0 0 0 0 0 0 0 0 0 0 0 0 0 0 0 0 0 0 0
##$SHL_GCOCOEFFS9= (0..59)
0 0 0 0 0 0 0 0 0 0 0 0 0 0 0 0 0 0 0 0 0 0 0 0 0 0 0 0 0 0 0 0 0 0 0 0
0 0 0 0 0 0 0 0 0 0 0 0 0 0 0 0 0 0 0 0 0 0 0 0
##$SHL_INTEGFAC= (0..15)
1 0 0 0 0 0 0 0 0 0 0 0 0 0 0 0
##$SHL_LB= (0..15)
0 0 0 0 0 0 0 0 0 0 0 0 0 0 0 0
##$SHL_LEFTLIMIT= (0..15)
0 0 0 0 0 0 0 0 0 0 0 0 0 0 0 0
##$SHL_LENGTH= (0..15)
25000.000373 0 0 0 0 0 0 0 0 0 0 0 0 0 0 0
##$SHL_MAN= (0..15)
<> <> <> <> <> <> <> <> <> <> <> <> <> <> <> <>
##$SHL_MEANAMP= (0..15)
0 0 0 0 0 0 0 0 0 0 0 0 0 0 0 0
##$SHL_MODAMP= (0..15)
0 0 0 0 0 0 0 0 0 0 0 0 0 0 0 0
##$SHL_MODE= (0..15)
0 0 0 0 0 0 0 0 0 0 0 0 0 0 0 0
##$SHL_MODFREQ= (0..15)
0 0 0 0 0 0 0 0 0 0 0 0 0 0 0 0
##$SHL_MODPHASE= (0..15)
0 0 0 0 0 0 0 0 0 0 0 0 0 0 0 0
##$SHL_MODSCALE= (0..15)
0 0 0 0 0 0 0 0 0 0 0 0 0 0 0 0
##$SHL_MODSW= (0..15)
0 0 0 0 0 0 0 0 0 0 0 0 0 0 0 0
##$SHL_MODSWDIR= (0..15)
-1 -1 -1 -1 -1 -1 -1 -1 -1 -1 -1 -1 -1 -1 -1 -1
##$SHL_MU= (0..15)
0 0 0 0 0 0 0 0 0 0 0 0 0 0 0 0
##$SHL_NPOINTS= (0..15)
1250 0 0 0 0 0 0 0 0 0 0 0 0 0 0 0
##$SHL_OFFS= (0..15)
<> <> <> <> <> <> <> <> <> <> <> <> <> <> <> <>
##$SHL_OFFSCOEFF0= (0..95)
0 0 0 0 0 0 0 0 0 0 0 0 0 0 0 0 0 0 0 0 0 0 0 0 0 0 0 0 0 0 0 0 0 0 0 0
0 0 0 0 0 0 0 0 0 0 0 0 0 0 0 0 0 0 0 0 0 0 0 0 0 0 0 0 0 0 0 0 0 0 0 0
0 0 0 0 0 0 0 0 0 0 0 0 0 0 0 0 0 0 0 0 0 0 0 0
##$SHL_OFFSCOEFF1= (0..95)
0 0 0 0 0 0 0 0 0 0 0 0 0 0 0 0 0 0 0 0 0 0 0 0 0 0 0 0 0 0 0 0 0 0 0 0
0 0 0 0 0 0 0 0 0 0 0 0 0 0 0 0 0 0 0 0 0 0 0 0 0 0 0 0 0 0 0 0 0 0 0 0
0 0 0 0 0 0 0 0 0 0 0 0 0 0 0 0 0 0 0 0 0 0 0 0
##$SHL_OFFSCOEFF10= (0..95)
0 0 0 0 0 0 0 0 0 0 0 0 0 0 0 0 0 0 0 0 0 0 0 0 0 0 0 0 0 0 0 0 0 0 0 0
0 0 0 0 0 0 0 0 0 0 0 0 0 0 0 0 0 0 0 0 0 0 0 0 0 0 0 0 0 0 0 0 0 0 0 0
0 0 0 0 0 0 0 0 0 0 0 0 0 0 0 0 0 0 0 0 0 0 0 0
##$SHL_OFFSCOEFF11= (0..95)
0 0 0 0 0 0 0 0 0 0 0 0 0 0 0 0 0 0 0 0 0 0 0 0 0 0 0 0 0 0 0 0 0 0 0 0
0 0 0 0 0 0 0 0 0 0 0 0 0 0 0 0 0 0 0 0 0 0 0 0 0 0 0 0 0 0 0 0 0 0 0 0
0 0 0 0 0 0 0 0 0 0 0 0 0 0 0 0 0 0 0 0 0 0 0 0
##$SHL_OFFSCOEFF12= (0..95)
0 0 0 0 0 0 0 0 0 0 0 0 0 0 0 0 0 0 0 0 0 0 0 0 0 0 0 0 0 0 0 0 0 0 0 0
0 0 0 0 0 0 0 0 0 0 0 0 0 0 0 0 0 0 0 0 0 0 0 0 0 0 0 0 0 0 0 0 0 0 0 0
0 0 0 0 0 0 0 0 0 0 0 0 0 0 0 0 0 0 0 0 0 0 0 0
##$SHL_OFFSCOEFF13= (0..95)
0 0 0 0 0 0 0 0 0 0 0 0 0 0 0 0 0 0 0 0 0 0 0 0 0 0 0 0 0 0 0 0 0 0 0 0
0 0 0 0 0 0 0 0 0 0 0 0 0 0 0 0 0 0 0 0 0 0 0 0 0 0 0 0 0 0 0 0 0 0 0 0
0 0 0 0 0 0 0 0 0 0 0 0 0 0 0 0 0 0 0 0 0 0 0 0
##$SHL_OFFSCOEFF14= (0..95)
0 0 0 0 0 0 0 0 0 0 0 0 0 0 0 0 0 0 0 0 0 0 0 0 0 0 0 0 0 0 0 0 0 0 0 0
0 0 0 0 0 0 0 0 0 0 0 0 0 0 0 0 0 0 0 0 0 0 0 0 0 0 0 0 0 0 0 0 0 0 0 0
0 0 0 0 0 0 0 0 0 0 0 0 0 0 0 0 0 0 0 0 0 0 0 0
##$SHL_OFFSCOEFF15= (0..95)
0 0 0 0 0 0 0 0 0 0 0 0 0 0 0 0 0 0 0 0 0 0 0 0 0 0 0 0 0 0 0 0 0 0 0 0
0 0 0 0 0 0 0 0 0 0 0 0 0 0 0 0 0 0 0 0 0 0 0 0 0 0 0 0 0 0 0 0 0 0 0 0
0 0 0 0 0 0 0 0 0 0 0 0 0 0 0 0 0 0 0 0 0 0 0 0
##$SHL_OFFSCOEFF2= (0..95)
0 0 0 0 0 0 0 0 0 0 0 0 0 0 0 0 0 0 0 0 0 0 0 0 0 0 0 0 0 0 0 0 0 0 0 0
0 0 0 0 0 0 0 0 0 0 0 0 0 0 0 0 0 0 0 0 0 0 0 0 0 0 0 0 0 0 0 0 0 0 0 0
0 0 0 0 0 0 0 0 0 0 0 0 0 0 0 0 0 0 0 0 0 0 0 0
##$SHL_OFFSCOEFF3= (0..95)
0 0 0 0 0 0 0 0 0 0 0 0 0 0 0 0 0 0 0 0 0 0 0 0 0 0 0 0 0 0 0 0 0 0 0 0
0 0 0 0 0 0 0 0 0 0 0 0 0 0 0 0 0 0 0 0 0 0 0 0 0 0 0 0 0 0 0 0 0 0 0 0
0 0 0 0 0 0 0 0 0 0 0 0 0 0 0 0 0 0 0 0 0 0 0 0
##$SHL_OFFSCOEFF4= (0..95)
0 0 0 0 0 0 0 0 0 0 0 0 0 0 0 0 0 0 0 0 0 0 0 0 0 0 0 0 0 0 0 0 0 0 0 0
0 0 0 0 0 0 0 0 0 0 0 0 0 0 0 0 0 0 0 0 0 0 0 0 0 0 0 0 0 0 0 0 0 0 0 0
0 0 0 0 0 0 0 0 0 0 0 0 0 0 0 0 0 0 0 0 0 0 0 0
##$SHL_OFFSCOEFF5= (0..95)
0 0 0 0 0 0 0 0 0 0 0 0 0 0 0 0 0 0 0 0 0 0 0 0 0 0 0 0 0 0 0 0 0 0 0 0
0 0 0 0 0 0 0 0 0 0 0 0 0 0 0 0 0 0 0 0 0 0 0 0 0 0 0 0 0 0 0 0 0 0 0 0
0 0 0 0 0 0 0 0 0 0 0 0 0 0 0 0 0 0 0 0 0 0 0 0
##$SHL_OFFSCOEFF6= (0..95)
0 0 0 0 0 0 0 0 0 0 0 0 0 0 0 0 0 0 0 0 0 0 0 0 0 0 0 0 0 0 0 0 0 0 0 0
0 0 0 0 0 0 0 0 0 0 0 0 0 0 0 0 0 0 0 0 0 0 0 0 0 0 0 0 0 0 0 0 0 0 0 0
0 0 0 0 0 0 0 0 0 0 0 0 0 0 0 0 0 0 0 0 0 0 0 0
##$SHL_OFFSCOEFF7= (0..95)
0 0 0 0 0 0 0 0 0 0 0 0 0 0 0 0 0 0 0 0 0 0 0 0 0 0 0 0 0 0 0 0 0 0 0 0
0 0 0 0 0 0 0 0 0 0 0 0 0 0 0 0 0 0 0 0 0 0 0 0 0 0 0 0 0 0 0 0 0 0 0 0
0 0 0 0 0 0 0 0 0 0 0 0 0 0 0 0 0 0 0 0 0 0 0 0
##$SHL_OFFSCOEFF8= (0..95)
0 0 0 0 0 0 0 0 0 0 0 0 0 0 0 0 0 0 0 0 0 0 0 0 0 0 0 0 0 0 0 0 0 0 0 0
0 0 0 0 0 0 0 0 0 0 0 0 0 0 0 0 0 0 0 0 0 0 0 0 0 0 0 0 0 0 0 0 0 0 0 0
0 0 0 0 0 0 0 0 0 0 0 0 0 0 0 0 0 0 0 0 0 0 0 0
##$SHL_OFFSCOEFF9= (0..95)
0 0 0 0 0 0 0 0 0 0 0 0 0 0 0 0 0 0 0 0 0 0 0 0 0 0 0 0 0 0 0 0 0 0 0 0
0 0 0 0 0 0 0 0 0 0 0 0 0 0 0 0 0 0 0 0 0 0 0 0 0 0 0 0 0 0 0 0 0 0 0 0
0 0 0 0 0 0 0 0 0 0 0 0 0 0 0 0 0 0 0 0 0 0 0 0
##$SHL_PHASE= (0..15)
0 0 0 0 0 0 0 0 0 0 0 0 0 0 0 0
##$SHL_PHASEFAC= (0..15)
0 0 0 0 0 0 0 0 0 0 0 0 0 0 0 0
##$SHL_POWERINDEX= (0..15)
0 0 0 0 0 0 0 0 0 0 0 0 0 0 0 0
##$SHL_QUADCOEFF= (0..15)
0 0 0 0 0 0 0 0 0 0 0 0 0 0 0 0
##$SHL_RIGHTLIMIT= (0..15)
0 0 0 0 0 0 0 0 0 0 0 0 0 0 0 0
##$SHL_SCALEFACTOR= (0..15)
1 1 1 1 1 1 1 1 1 1 1 1 1 1 1 1
##$SHL_SF= (0..15)
<> <> <> <> <> <> <> <> <> <> <> <> <> <> <> <>
##$SHL_SFCOEFFS0= (0..200)
0 0 0 0 0 0 0 0 0 0 0 0 0 0 0 0 0 0 0 0 0 0 0 0 0 0 0 0 0 0 0 0 0 0 0 0
0 0 0 0 0 0 0 0 0 0 0 0 0 0 0 0 0 0 0 0 0 0 0 0 0 0 0 0 0 0 0 0 0 0 0 0
0 0 0 0 0 0 0 0 0 0 0 0 0 0 0 0 0 0 0 0 0 0 0 0 0 0 0 0 0 0 0 0 0 0 0 0
0 0 0 0 0 0 0 0 0 0 0 0 0 0 0 0 0 0 0 0 0 0 0 0 0 0 0 0 0 0 0 0 0 0 0 0
0 0 0 0 0 0 0 0 0 0 0 0 0 0 0 0 0 0 0 0 0 0 0 0 0 0 0 0 0 0 0 0 0 0 0 0
0 0 0 0 0 0 0 0 0 0 0 0 0 0 0 0 0 0 0 0 0
##$SHL_SFCOEFFS1= (0..200)
0 0 0 0 0 0 0 0 0 0 0 0 0 0 0 0 0 0 0 0 0 0 0 0 0 0 0 0 0 0 0 0 0 0 0 0
0 0 0 0 0 0 0 0 0 0 0 0 0 0 0 0 0 0 0 0 0 0 0 0 0 0 0 0 0 0 0 0 0 0 0 0
0 0 0 0 0 0 0 0 0 0 0 0 0 0 0 0 0 0 0 0 0 0 0 0 0 0 0 0 0 0 0 0 0 0 0 0
0 0 0 0 0 0 0 0 0 0 0 0 0 0 0 0 0 0 0 0 0 0 0 0 0 0 0 0 0 0 0 0 0 0 0 0
0 0 0 0 0 0 0 0 0 0 0 0 0 0 0 0 0 0 0 0 0 0 0 0 0 0 0 0 0 0 0 0 0 0 0 0
0 0 0 0 0 0 0 0 0 0 0 0 0 0 0 0 0 0 0 0 0
##$SHL_SFCOEFFS10= (0..200)
0 0 0 0 0 0 0 0 0 0 0 0 0 0 0 0 0 0 0 0 0 0 0 0 0 0 0 0 0 0 0 0 0 0 0 0
0 0 0 0 0 0 0 0 0 0 0 0 0 0 0 0 0 0 0 0 0 0 0 0 0 0 0 0 0 0 0 0 0 0 0 0
0 0 0 0 0 0 0 0 0 0 0 0 0 0 0 0 0 0 0 0 0 0 0 0 0 0 0 0 0 0 0 0 0 0 0 0
0 0 0 0 0 0 0 0 0 0 0 0 0 0 0 0 0 0 0 0 0 0 0 0 0 0 0 0 0 0 0 0 0 0 0 0
0 0 0 0 0 0 0 0 0 0 0 0 0 0 0 0 0 0 0 0 0 0 0 0 0 0 0 0 0 0 0 0 0 0 0 0
0 0 0 0 0 0 0 0 0 0 0 0 0 0 0 0 0 0 0 0 0
##$SHL_SFCOEFFS11= (0..200)
0 0 0 0 0 0 0 0 0 0 0 0 0 0 0 0 0 0 0 0 0 0 0 0 0 0 0 0 0 0 0 0 0 0 0 0
0 0 0 0 0 0 0 0 0 0 0 0 0 0 0 0 0 0 0 0 0 0 0 0 0 0 0 0 0 0 0 0 0 0 0 0
0 0 0 0 0 0 0 0 0 0 0 0 0 0 0 0 0 0 0 0 0 0 0 0 0 0 0 0 0 0 0 0 0 0 0 0
0 0 0 0 0 0 0 0 0 0 0 0 0 0 0 0 0 0 0 0 0 0 0 0 0 0 0 0 0 0 0 0 0 0 0 0
0 0 0 0 0 0 0 0 0 0 0 0 0 0 0 0 0 0 0 0 0 0 0 0 0 0 0 0 0 0 0 0 0 0 0 0
0 0 0 0 0 0 0 0 0 0 0 0 0 0 0 0 0 0 0 0 0
##$SHL_SFCOEFFS12= (0..200)
0 0 0 0 0 0 0 0 0 0 0 0 0 0 0 0 0 0 0 0 0 0 0 0 0 0 0 0 0 0 0 0 0 0 0 0
0 0 0 0 0 0 0 0 0 0 0 0 0 0 0 0 0 0 0 0 0 0 0 0 0 0 0 0 0 0 0 0 0 0 0 0
0 0 0 0 0 0 0 0 0 0 0 0 0 0 0 0 0 0 0 0 0 0 0 0 0 0 0 0 0 0 0 0 0 0 0 0
0 0 0 0 0 0 0 0 0 0 0 0 0 0 0 0 0 0 0 0 0 0 0 0 0 0 0 0 0 0 0 0 0 0 0 0
0 0 0 0 0 0 0 0 0 0 0 0 0 0 0 0 0 0 0 0 0 0 0 0 0 0 0 0 0 0 0 0 0 0 0 0
0 0 0 0 0 0 0 0 0 0 0 0 0 0 0 0 0 0 0 0 0
##$SHL_SFCOEFFS13= (0..200)
0 0 0 0 0 0 0 0 0 0 0 0 0 0 0 0 0 0 0 0 0 0 0 0 0 0 0 0 0 0 0 0 0 0 0 0
0 0 0 0 0 0 0 0 0 0 0 0 0 0 0 0 0 0 0 0 0 0 0 0 0 0 0 0 0 0 0 0 0 0 0 0
0 0 0 0 0 0 0 0 0 0 0 0 0 0 0 0 0 0 0 0 0 0 0 0 0 0 0 0 0 0 0 0 0 0 0 0
0 0 0 0 0 0 0 0 0 0 0 0 0 0 0 0 0 0 0 0 0 0 0 0 0 0 0 0 0 0 0 0 0 0 0 0
0 0 0 0 0 0 0 0 0 0 0 0 0 0 0 0 0 0 0 0 0 0 0 0 0 0 0 0 0 0 0 0 0 0 0 0
0 0 0 0 0 0 0 0 0 0 0 0 0 0 0 0 0 0 0 0 0
##$SHL_SFCOEFFS14= (0..200)
0 0 0 0 0 0 0 0 0 0 0 0 0 0 0 0 0 0 0 0 0 0 0 0 0 0 0 0 0 0 0 0 0 0 0 0
0 0 0 0 0 0 0 0 0 0 0 0 0 0 0 0 0 0 0 0 0 0 0 0 0 0 0 0 0 0 0 0 0 0 0 0
0 0 0 0 0 0 0 0 0 0 0 0 0 0 0 0 0 0 0 0 0 0 0 0 0 0 0 0 0 0 0 0 0 0 0 0
0 0 0 0 0 0 0 0 0 0 0 0 0 0 0 0 0 0 0 0 0 0 0 0 0 0 0 0 0 0 0 0 0 0 0 0
0 0 0 0 0 0 0 0 0 0 0 0 0 0 0 0 0 0 0 0 0 0 0 0 0 0 0 0 0 0 0 0 0 0 0 0
0 0 0 0 0 0 0 0 0 0 0 0 0 0 0 0 0 0 0 0 0
##$SHL_SFCOEFFS15= (0..200)
0 0 0 0 0 0 0 0 0 0 0 0 0 0 0 0 0 0 0 0 0 0 0 0 0 0 0 0 0 0 0 0 0 0 0 0
0 0 0 0 0 0 0 0 0 0 0 0 0 0 0 0 0 0 0 0 0 0 0 0 0 0 0 0 0 0 0 0 0 0 0 0
0 0 0 0 0 0 0 0 0 0 0 0 0 0 0 0 0 0 0 0 0 0 0 0 0 0 0 0 0 0 0 0 0 0 0 0
0 0 0 0 0 0 0 0 0 0 0 0 0 0 0 0 0 0 0 0 0 0 0 0 0 0 0 0 0 0 0 0 0 0 0 0
0 0 0 0 0 0 0 0 0 0 0 0 0 0 0 0 0 0 0 0 0 0 0 0 0 0 0 0 0 0 0 0 0 0 0 0
0 0 0 0 0 0 0 0 0 0 0 0 0 0 0 0 0 0 0 0 0
##$SHL_SFCOEFFS2= (0..200)
0 0 0 0 0 0 0 0 0 0 0 0 0 0 0 0 0 0 0 0 0 0 0 0 0 0 0 0 0 0 0 0 0 0 0 0
0 0 0 0 0 0 0 0 0 0 0 0 0 0 0 0 0 0 0 0 0 0 0 0 0 0 0 0 0 0 0 0 0 0 0 0
0 0 0 0 0 0 0 0 0 0 0 0 0 0 0 0 0 0 0 0 0 0 0 0 0 0 0 0 0 0 0 0 0 0 0 0
0 0 0 0 0 0 0 0 0 0 0 0 0 0 0 0 0 0 0 0 0 0 0 0 0 0 0 0 0 0 0 0 0 0 0 0
0 0 0 0 0 0 0 0 0 0 0 0 0 0 0 0 0 0 0 0 0 0 0 0 0 0 0 0 0 0 0 0 0 0 0 0
0 0 0 0 0 0 0 0 0 0 0 0 0 0 0 0 0 0 0 0 0
##$SHL_SFCOEFFS3= (0..200)
0 0 0 0 0 0 0 0 0 0 0 0 0 0 0 0 0 0 0 0 0 0 0 0 0 0 0 0 0 0 0 0 0 0 0 0
0 0 0 0 0 0 0 0 0 0 0 0 0 0 0 0 0 0 0 0 0 0 0 0 0 0 0 0 0 0 0 0 0 0 0 0
0 0 0 0 0 0 0 0 0 0 0 0 0 0 0 0 0 0 0 0 0 0 0 0 0 0 0 0 0 0 0 0 0 0 0 0
0 0 0 0 0 0 0 0 0 0 0 0 0 0 0 0 0 0 0 0 0 0 0 0 0 0 0 0 0 0 0 0 0 0 0 0
0 0 0 0 0 0 0 0 0 0 0 0 0 0 0 0 0 0 0 0 0 0 0 0 0 0 0 0 0 0 0 0 0 0 0 0
0 0 0 0 0 0 0 0 0 0 0 0 0 0 0 0 0 0 0 0 0
##$SHL_SFCOEFFS4= (0..200)
0 0 0 0 0 0 0 0 0 0 0 0 0 0 0 0 0 0 0 0 0 0 0 0 0 0 0 0 0 0 0 0 0 0 0 0
0 0 0 0 0 0 0 0 0 0 0 0 0 0 0 0 0 0 0 0 0 0 0 0 0 0 0 0 0 0 0 0 0 0 0 0
0 0 0 0 0 0 0 0 0 0 0 0 0 0 0 0 0 0 0 0 0 0 0 0 0 0 0 0 0 0 0 0 0 0 0 0
0 0 0 0 0 0 0 0 0 0 0 0 0 0 0 0 0 0 0 0 0 0 0 0 0 0 0 0 0 0 0 0 0 0 0 0
0 0 0 0 0 0 0 0 0 0 0 0 0 0 0 0 0 0 0 0 0 0 0 0 0 0 0 0 0 0 0 0 0 0 0 0
0 0 0 0 0 0 0 0 0 0 0 0 0 0 0 0 0 0 0 0 0
##$SHL_SFCOEFFS5= (0..200)
0 0 0 0 0 0 0 0 0 0 0 0 0 0 0 0 0 0 0 0 0 0 0 0 0 0 0 0 0 0 0 0 0 0 0 0
0 0 0 0 0 0 0 0 0 0 0 0 0 0 0 0 0 0 0 0 0 0 0 0 0 0 0 0 0 0 0 0 0 0 0 0
0 0 0 0 0 0 0 0 0 0 0 0 0 0 0 0 0 0 0 0 0 0 0 0 0 0 0 0 0 0 0 0 0 0 0 0
0 0 0 0 0 0 0 0 0 0 0 0 0 0 0 0 0 0 0 0 0 0 0 0 0 0 0 0 0 0 0 0 0 0 0 0
0 0 0 0 0 0 0 0 0 0 0 0 0 0 0 0 0 0 0 0 0 0 0 0 0 0 0 0 0 0 0 0 0 0 0 0
0 0 0 0 0 0 0 0 0 0 0 0 0 0 0 0 0 0 0 0 0
##$SHL_SFCOEFFS6= (0..200)
0 0 0 0 0 0 0 0 0 0 0 0 0 0 0 0 0 0 0 0 0 0 0 0 0 0 0 0 0 0 0 0 0 0 0 0
0 0 0 0 0 0 0 0 0 0 0 0 0 0 0 0 0 0 0 0 0 0 0 0 0 0 0 0 0 0 0 0 0 0 0 0
0 0 0 0 0 0 0 0 0 0 0 0 0 0 0 0 0 0 0 0 0 0 0 0 0 0 0 0 0 0 0 0 0 0 0 0
0 0 0 0 0 0 0 0 0 0 0 0 0 0 0 0 0 0 0 0 0 0 0 0 0 0 0 0 0 0 0 0 0 0 0 0
0 0 0 0 0 0 0 0 0 0 0 0 0 0 0 0 0 0 0 0 0 0 0 0 0 0 0 0 0 0 0 0 0 0 0 0
0 0 0 0 0 0 0 0 0 0 0 0 0 0 0 0 0 0 0 0 0
##$SHL_SFCOEFFS7= (0..200)
0 0 0 0 0 0 0 0 0 0 0 0 0 0 0 0 0 0 0 0 0 0 0 0 0 0 0 0 0 0 0 0 0 0 0 0
0 0 0 0 0 0 0 0 0 0 0 0 0 0 0 0 0 0 0 0 0 0 0 0 0 0 0 0 0 0 0 0 0 0 0 0
0 0 0 0 0 0 0 0 0 0 0 0 0 0 0 0 0 0 0 0 0 0 0 0 0 0 0 0 0 0 0 0 0 0 0 0
0 0 0 0 0 0 0 0 0 0 0 0 0 0 0 0 0 0 0 0 0 0 0 0 0 0 0 0 0 0 0 0 0 0 0 0
0 0 0 0 0 0 0 0 0 0 0 0 0 0 0 0 0 0 0 0 0 0 0 0 0 0 0 0 0 0 0 0 0 0 0 0
0 0 0 0 0 0 0 0 0 0 0 0 0 0 0 0 0 0 0 0 0
##$SHL_SFCOEFFS8= (0..200)
0 0 0 0 0 0 0 0 0 0 0 0 0 0 0 0 0 0 0 0 0 0 0 0 0 0 0 0 0 0 0 0 0 0 0 0
0 0 0 0 0 0 0 0 0 0 0 0 0 0 0 0 0 0 0 0 0 0 0 0 0 0 0 0 0 0 0 0 0 0 0 0
0 0 0 0 0 0 0 0 0 0 0 0 0 0 0 0 0 0 0 0 0 0 0 0 0 0 0 0 0 0 0 0 0 0 0 0
0 0 0 0 0 0 0 0 0 0 0 0 0 0 0 0 0 0 0 0 0 0 0 0 0 0 0 0 0 0 0 0 0 0 0 0
0 0 0 0 0 0 0 0 0 0 0 0 0 0 0 0 0 0 0 0 0 0 0 0 0 0 0 0 0 0 0 0 0 0 0 0
0 0 0 0 0 0 0 0 0 0 0 0 0 0 0 0 0 0 0 0 0
##$SHL_SFCOEFFS9= (0..200)
0 0 0 0 0 0 0 0 0 0 0 0 0 0 0 0 0 0 0 0 0 0 0 0 0 0 0 0 0 0 0 0 0 0 0 0
0 0 0 0 0 0 0 0 0 0 0 0 0 0 0 0 0 0 0 0 0 0 0 0 0 0 0 0 0 0 0 0 0 0 0 0
0 0 0 0 0 0 0 0 0 0 0 0 0 0 0 0 0 0 0 0 0 0 0 0 0 0 0 0 0 0 0 0 0 0 0 0
0 0 0 0 0 0 0 0 0 0 0 0 0 0 0 0 0 0 0 0 0 0 0 0 0 0 0 0 0 0 0 0 0 0 0 0
0 0 0 0 0 0 0 0 0 0 0 0 0 0 0 0 0 0 0 0 0 0 0 0 0 0 0 0 0 0 0 0 0 0 0 0
0 0 0 0 0 0 0 0 0 0 0 0 0 0 0 0 0 0 0 0 0
##$SHL_SMOOTHED= (0..15)
0 0 0 0 0 0 0 0 0 0 0 0 0 0 0 0
##$SHL_SMOOTHING= (0..15)
0 0 0 0 0 0 0 0 0 0 0 0 0 0 0 0
##$SHL_SPOAL= (0..15)
0 0 0 0 0 0 0 0 0 0 0 0 0 0 0 0
##$SHL_SPOFFS= (0..15)
0 0 0 0 0 0 0 0 0 0 0 0 0 0 0 0
##$SHL_SPOPH= (0..15)
0 0 0 0 0 0 0 0 0 0 0 0 0 0 0 0
##$SHL_STARTAMP= (0..15)
0 0 0 0 0 0 0 0 0 0 0 0 0 0 0 0
##$SHL_SW= (0..15)
0 0 0 0 0 0 0 0 0 0 0 0 0 0 0 0
##$SHL_SWDIR= (0..15)
-1 -1 -1 -1 -1 -1 -1 -1 -1 -1 -1 -1 -1 -1 -1 -1
##$SHL_TANKAPPA= (0..15)
0 0 0 0 0 0 0 0 0 0 0 0 0 0 0 0
##$SHL_TOTROT= (0..15)
90 0 0 0 0 0 0 0 0 0 0 0 0 0 0 0
##$SHL_TRUNCLEV= (0..15)
0 0 0 0 0 0 0 0 0 0 0 0 0 0 0 0
##$SHL_TYPE= (0..15)
<Excitation> <> <> <> <> <> <> <> <> <> <> <> <> <> <> <>
##$SHL_WINDOWSIZE= (0..15)
0 0 0 0 0 0 0 0 0 0 0 0 0 0 0 0
##$SHL_ZETA= (0..15)
0 0 0 0 0 0 0 0 0 0 0 0 0 0 0 0
##NPOINTS= 1250
##XYPOINTS= (XY..XY)
68.119172, 103.436116
67.830506, 105.107902
67.539891, 106.780916
67.247356, 108.455175
66.952929, 110.130693
66.656637, 111.807486
66.358510, 113.485571
66.058577, 115.164962
65.756867, 116.845678
65.453408, 118.527735
65.148231, 120.211150
64.841365, 121.895942
64.532840, 123.582127
64.222686, 125.269725
63.910934, 126.958754
63.597614, 128.649234
63.282757, 130.341185
62.966393, 132.034625
62.648554, 133.729576
62.329272, 135.426057
62.008577, 137.124092
61.686502, 138.823700
61.363079, 140.524905
61.038339, 142.227728
60.712316, 143.932193
60.385041, 145.638322
60.056548, 147.346141
59.726869, 149.055673
59.396038, 150.766943
59.064088, 152.479976
58.731053, 154.194799
58.396966, 155.911437
58.061862, 157.629918
57.725775, 159.350268
57.388738, 161.072517
57.050788, 162.796691
56.711958, 164.522822
56.372283, 166.250937
56.031800, 167.981067
55.690542, 169.713244
55.348547, 171.447497
55.005849, 173.183861
54.662485, 174.922366
54.318491, 176.663047
53.973903, 178.405937
53.628759, 180.151071
53.283094, 181.898484
52.936947, 183.648212
52.590354, 185.400292
52.243353, 187.154760
51.895981, 188.911655
51.548277, 190.671016
51.200278, 192.432881
50.852023, 194.197292
50.503551, 195.964288
50.154900, 197.733912
49.806109, 199.506206
49.457218, 201.281214
49.108266, 203.058978
48.759292, 204.839545
48.410336, 206.622959
48.061439, 208.409266
47.712640, 210.198515
47.363981, 211.990753
47.015501, 213.786029
46.667243, 215.584393
46.319247, 217.385894
45.971554, 219.190585
45.624206, 220.998517
45.277246, 222.809744
44.930715, 224.624320
44.584655, 226.442299
44.239110, 228.263736
43.894121, 230.088689
43.549733, 231.917215
43.205988, 233.749371
42.862929, 235.585217
42.520602, 237.424812
42.179048, 239.268218
41.838314, 241.115495
41.498443, 242.966705
41.159480, 244.821913
40.821469, 246.681181
40.484457, 248.544574
40.148489, 250.412157
39.813609, 252.283997
39.479865, 254.160159
39.147302, 256.040712
38.815966, 257.925722
38.485904, 259.815259
38.157164, 261.709391
37.829791, 263.608187
37.503833, 265.511718
37.179339, 267.420054
36.856354, 269.333264
36.534928, 271.251421
36.215107, 273.174594
35.896942, 275.102855
35.580479, 277.036275
35.265768, 278.974926
34.952857, 280.918876
34.641796, 282.868199
34.332633, 284.822962
34.025418, 286.783237
33.720199, 288.749093
33.417028, 290.720598
33.115952, 292.697819
32.817022, 294.680823
32.520287, 296.669677
32.225798, 298.664443
31.933603, 300.665184
31.643753, 302.671963
31.356297, 304.684837
31.071285, 306.703864
30.788767, 308.729100
30.508792, 310.760596
30.231409, 312.798403
29.956667, 314.842568
29.684616, 316.893135
29.415304, 318.950144
29.148780, 321.013632
28.885091, 323.083633
28.624286, 325.160175
28.366411, 327.243284
28.111513, 329.332978
27.859639, 331.429274
27.610834, 333.532180
27.365144, 335.641701
27.122613, 337.757835
26.883284, 339.880574
26.647200, 342.009904
26.414404, 344.145804
26.184936, 346.288245
25.958836, 348.437192
25.736143, 350.592602
25.516894, 352.754424
25.301127, 354.922598
25.088877, 357.097057
24.880176, 359.277724
24.675058, 1.464514
24.473554, 3.657332
24.275691, 5.856075
24.081498, 8.060628
23.891000, 10.270869
23.704220, 12.486664
23.521181, 14.707870
23.341902, 16.934334
23.166400, 19.165893
22.994691, 21.402373
22.826787, 23.643591
22.662699, 25.889353
22.502435, 28.139456
22.346001, 30.393687
22.193400, 32.651823
22.044632, 34.913631
21.899694, 37.178869
21.758582, 39.447288
21.621288, 41.718628
21.487801, 43.992623
21.358106, 46.268996
21.232189, 48.547467
21.110028, 50.827745
20.991603, 53.109536
20.876886, 55.392538
20.765851, 57.676444
20.658465, 59.960944
20.554695, 62.245724
20.454503, 64.530464
20.357850, 66.814843
20.264692, 69.098540
20.174983, 71.381230
20.088677, 73.662588
20.005720, 75.942290
19.926060, 78.220013
19.849641, 80.495433
19.776403, 82.768232
19.706286, 85.038092
19.639227, 87.304700
19.575159, 89.567745
19.514016, 91.826923
19.455727, 94.081934
19.400222, 96.332485
19.347428, 98.578288
19.297269, 100.819062
19.249670, 103.054533
19.204554, 105.284436
19.161840, 107.508511
19.121450, 109.726509
19.083302, 111.938188
19.047316, 114.143315
19.013407, 116.341666
18.981494, 118.533026
18.951493, 120.717188
18.923320, 122.893956
18.896890, 125.063142
18.872120, 127.224568
18.848924, 129.378062
18.827220, 131.523466
18.806922, 133.660628
18.787948, 135.789404
18.770213, 137.909660
18.753635, 140.021271
18.738132, 142.124119
18.723622, 144.218094
18.710024, 146.303093
18.697258, 148.379024
18.685245, 150.445797
18.673908, 152.503332
18.663168, 154.551555
18.652950, 156.590399
18.643180, 158.619802
18.633783, 160.639706
18.624688, 162.650061
18.615823, 164.650821
18.607118, 166.641944
18.598507, 168.623393
18.589920, 170.595134
18.581295, 172.557137
18.572565, 174.509376
18.563670, 176.451827
18.554549, 178.384469
18.545142, 180.307282
18.535391, 182.220251
18.525242, 184.123361
18.514639, 186.016596
18.503530, 187.899945
18.491863, 189.773397
18.479591, 191.636939
18.466664, 193.490561
18.453038, 195.334252
18.438667, 197.168001
18.423510, 198.991796
18.407526, 200.805626
18.390675, 202.609476
18.372920, 204.403332
18.354226, 206.187179
18.334559, 207.960998
18.313888, 209.724772
18.292181, 211.478479
18.269410, 213.222095
18.245548, 214.955595
18.220572, 216.678950
18.194457, 218.392130
18.167182, 220.095101
18.138728, 221.787825
18.109077, 223.470263
18.078214, 225.142371
18.046124, 226.804102
18.012795, 228.455405
17.978217, 230.096226
17.942382, 231.726506
17.905284, 233.346184
17.866917, 234.955192
17.827280, 236.553459
17.786371, 238.140910
17.744193, 239.717465
17.700748, 241.283040
17.656043, 242.837545
17.610085, 244.380886
17.562883, 245.912965
17.514450, 247.433678
17.464799, 248.942915
17.413947, 250.440564
17.361912, 251.926504
17.308715, 253.400612
17.254379, 254.862758
17.198930, 256.312808
17.142395, 257.750623
17.084805, 259.176058
17.026192, 260.588962
16.966592, 261.989182
16.906043, 263.376557
16.844586, 264.750923
16.782265, 266.112111
16.719124, 267.459947
16.655215, 268.794254
16.590588, 270.114849
16.525298, 271.421547
16.459404, 272.714159
16.392966, 273.992492
16.326049, 275.256351
16.258721, 276.505540
16.191052, 277.739859
16.123116, 278.959108
16.054992, 280.163087
15.986759, 281.351595
15.918502, 282.524433
15.850310, 283.681402
15.782275, 284.822309
15.714491, 285.946962
15.647058, 287.055175
15.580079, 288.146766
15.513660, 289.221563
15.447912, 290.279401
15.382950, 291.320126
15.318890, 292.343594
15.255855, 293.349675
15.193971, 294.338255
15.133365, 295.309236
15.074172, 296.262537
15.016528, 297.198100
14.960571, 298.115888
14.906446, 299.015889
14.854298, 299.898117
14.804276, 300.762618
14.756532, 301.609464
14.711220, 302.438763
14.668498, 303.250658
14.628524, 304.045329
14.591458, 304.822994
14.557462, 305.583913
14.526699, 306.328388
14.499333, 307.056763
14.475526, 307.769430
14.455443, 308.466824
14.439247, 309.149430
14.427098, 309.817777
14.419156, 310.472441
14.415580, 311.114046
14.416524, 311.743261
14.422139, 312.360800
14.432575, 312.967419
14.447974, 313.563915
14.468474, 314.151124
14.494210, 314.729917
14.525309, 315.301197
14.561892, 315.865896
14.604073, 316.424970
14.651959, 316.979395
14.705652, 317.530165
14.765241, 318.078281
14.830812, 318.624752
14.902439, 319.170589
14.980190, 319.716797
15.064122, 320.264374
15.154286, 320.814302
15.250722, 321.367548
15.353462, 321.925052
15.462530, 322.487730
15.577941, 323.056465
15.699701, 323.632109
15.827811, 324.215472
15.962259, 324.807327
16.103030, 325.408403
16.250100, 326.019385
16.403438, 326.640912
16.563007, 327.273578
16.728764, 327.917925
16.900659, 328.574452
17.078640, 329.243609
17.262645, 329.925798
17.452613, 330.621375
17.648475, 331.330651
17.850159, 332.053894
18.057592, 332.791328
18.270695, 333.543137
18.489389, 334.309466
18.713590, 335.090424
18.943215, 335.886084
19.178178, 336.696485
19.418392, 337.521637
19.663767, 338.361522
19.914216, 339.216093
20.169649, 340.085279
20.429975, 340.968990
20.695105, 341.867110
20.964949, 342.779508
21.239417, 343.706037
21.518419, 344.646531
21.801866, 345.600815
22.089671, 346.568700
22.381744, 347.549986
22.678000, 348.544467
22.978352, 349.551927
23.282716, 350.572144
23.591006, 351.604892
23.903140, 352.649940
24.219036, 353.707052
24.538612, 354.775994
24.861789, 355.856526
25.188488, 356.948410
25.518632, 358.051407
25.852144, 359.165278
26.188948, 0.289786
26.528971, 1.424694
26.872139, 2.569769
27.218381, 3.724778
27.567626, 4.889492
27.919804, 6.063684
28.274847, 7.247132
28.632686, 8.439615
28.993256, 9.640917
29.356491, 10.850825
29.722326, 12.069131
30.090699, 13.295631
30.461546, 14.530122
30.834806, 15.772408
31.210419, 17.022298
31.588324, 18.279601
31.968462, 19.544135
32.350776, 20.815719
32.735207, 22.094178
33.121700, 23.379339
33.510199, 24.671035
33.900648, 25.969103
34.292994, 27.273382
34.687182, 28.583718
35.083160, 29.899959
35.480875, 31.221957
35.880276, 32.549568
36.281312, 33.882652
36.683931, 35.221072
37.088085, 36.564696
37.493723, 37.913393
37.900798, 39.267039
38.309259, 40.625510
38.719061, 41.988686
39.130155, 43.356452
39.542494, 44.728695
39.956032, 46.105304
40.370723, 47.486172
40.786521, 48.871196
41.203382, 50.260273
41.621260, 51.653306
42.040110, 53.050199
42.459890, 54.450857
42.880555, 55.855191
43.302062, 57.263112
43.724368, 58.674534
44.147429, 60.089373
44.571205, 61.507549
44.995653, 62.928982
45.420730, 64.353594
45.846396, 65.781313
46.272610, 67.212063
46.699330, 68.645775
47.126516, 70.082379
47.554127, 71.521809
47.982124, 72.963999
48.410466, 74.408884
48.839114, 75.856405
49.268028, 77.306499
49.697170, 78.759108
50.126499, 80.214176
50.555979, 81.671647
50.985569, 83.131466
51.415233, 84.593580
51.844930, 86.057939
52.274625, 87.524493
52.704278, 88.993192
53.133853, 90.463989
53.563313, 91.936837
53.992619, 93.411693
54.421735, 94.888512
54.850625, 96.367250
55.279251, 97.847867
55.707578, 99.330322
56.135569, 100.814575
56.563187, 102.300588
56.990398, 103.788322
57.417166, 105.277742
57.843454, 106.768811
58.269227, 108.261494
58.694451, 109.755758
59.119090, 111.251569
59.543109, 112.748895
59.966473, 114.247705
60.389148, 115.747966
60.811100, 117.249650
61.232294, 118.752727
61.652696, 120.257168
62.072272, 121.762945
62.490989, 123.270031
62.908812, 124.778399
63.325708, 126.288024
63.741643, 127.798880
64.156586, 129.310941
64.570502, 130.824184
64.983359, 132.338586
65.395123, 133.854122
65.805763, 135.370771
66.215246, 136.888509
66.623540, 138.407317
67.030612, 139.927172
67.436431, 141.448054
67.840965, 142.969942
68.244182, 144.492818
68.646051, 146.016661
69.046540, 147.541453
69.445618, 149.067176
69.843255, 150.593812
70.239419, 152.121342
70.634079, 153.649750
71.027206, 155.179018
71.418769, 156.709131
71.808737, 158.240072
72.197081, 159.771825
72.583771, 161.304376
72.968777, 162.837707
73.352069, 164.371806
73.733618, 165.906657
74.113395, 167.442246
74.491370, 168.978560
74.867516, 170.515584
75.241803, 172.053305
75.614202, 173.591711
75.984686, 175.130788
76.353226, 176.670523
76.719795, 178.210906
77.084363, 179.751923
77.446905, 181.293562
77.807391, 182.835813
78.165795, 184.378663
78.522090, 185.922102
78.876249, 187.466119
79.228245, 189.010703
79.578052, 190.555843
79.925642, 192.101530
80.270991, 193.647752
80.614072, 195.194502
80.954858, 196.741767
81.293325, 198.289540
81.629448, 199.837810
81.963200, 201.386569
82.294556, 202.935807
82.623493, 204.485516
82.949985, 206.035687
83.274008, 207.586311
83.595537, 209.137380
83.914549, 210.688886
84.231019, 212.240821
84.544924, 213.793177
84.856241, 215.345945
85.164946, 216.899119
85.471017, 218.452691
85.774429, 220.006653
86.075162, 221.560998
86.373191, 223.115719
86.668496, 224.670809
86.961054, 226.226261
87.250844, 227.782069
87.537843, 229.338225
87.822031, 230.894722
88.103386, 232.451556
88.381888, 234.008718
88.657515, 235.566203
88.930248, 237.124005
89.200065, 238.682117
89.466948, 240.240534
89.730876, 241.799250
89.991830, 243.358258
90.249789, 244.917554
90.504737, 246.477131
90.756652, 248.036985
91.005517, 249.597109
91.251313, 251.157498
91.494023, 252.718147
91.733627, 254.279051
91.970109, 255.840204
92.203451, 257.401602
92.433635, 258.963239
92.660645, 260.525110
92.884464, 262.087211
93.105075, 263.649537
93.322462, 265.212083
93.536609, 266.774845
93.747500, 268.337817
93.955120, 269.900995
94.159453, 271.464375
94.360484, 273.027952
94.558199, 274.591722
94.752582, 276.155680
94.943620, 277.719823
95.131298, 279.284145
95.315603, 280.848643
95.496520, 282.413313
95.674037, 283.978150
95.848141, 285.543151
96.018819, 287.108311
96.186057, 288.673627
96.349845, 290.239094
96.510169, 291.804708
96.667018, 293.370467
96.820380, 294.936365
96.970245, 296.502400
97.116601, 298.068567
97.259437, 299.634863
97.398743, 301.201284
97.534508, 302.767827
97.666723, 304.334487
97.795378, 305.901262
97.920464, 307.468147
98.041970, 309.035140
98.159889, 310.602236
98.274212, 312.169433
98.384929, 313.736726
98.492034, 315.304113
98.595518, 316.871591
98.695374, 318.439154
98.791593, 320.006801
98.884170, 321.574529
98.973098, 323.142332
99.058369, 324.710210
99.139978, 326.278157
99.217919, 327.846172
99.292185, 329.414250
99.362772, 330.982389
99.429674, 332.550585
99.492886, 334.118835
99.552404, 335.687137
99.608223, 337.255486
99.660340, 338.823879
99.708750, 340.392315
99.753450, 341.960789
99.794436, 343.529298
99.831706, 345.097839
99.865257, 346.666409
99.895086, 348.235006
99.921191, 349.803625
99.943571, 351.372265
99.962223, 352.940921
99.977146, 354.509591
99.988339, 356.078272
99.995802, 357.646960
99.999534, 359.215653
99.999534, 0.784347
99.995802, 2.353040
99.988339, 3.921728
99.977146, 5.490409
99.962223, 7.059079
99.943571, 8.627735
99.921191, 10.196375
99.895086, 11.764994
99.865257, 13.333591
99.831706, 14.902161
99.794436, 16.470702
99.753450, 18.039211
99.708750, 19.607685
99.660340, 21.176121
99.608223, 22.744514
99.552404, 24.312863
99.492886, 25.881165
99.429674, 27.449415
99.362772, 29.017611
99.292185, 30.585750
99.217919, 32.153828
99.139978, 33.721843
99.058369, 35.289790
98.973098, 36.857668
98.884170, 38.425471
98.791593, 39.993199
98.695374, 41.560846
98.595518, 43.128409
98.492034, 44.695887
98.384929, 46.263274
98.274212, 47.830567
98.159889, 49.397764
98.041970, 50.964860
97.920464, 52.531853
97.795378, 54.098738
97.666723, 55.665513
97.534508, 57.232173
97.398743, 58.798716
97.259437, 60.365137
97.116601, 61.931433
96.970245, 63.497600
96.820380, 65.063635
96.667018, 66.629533
96.510169, 68.195292
96.349845, 69.760906
96.186057, 71.326373
96.018819, 72.891689
95.848141, 74.456849
95.674037, 76.021850
95.496520, 77.586687
95.315603, 79.151357
95.131298, 80.715855
94.943620, 82.280177
94.752582, 83.844320
94.558199, 85.408278
94.360484, 86.972048
94.159453, 88.535625
93.955120, 90.099005
93.747500, 91.662183
93.536609, 93.225155
93.322462, 94.787917
93.105075, 96.350463
92.884464, 97.912789
92.660645, 99.474890
92.433635, 101.036761
92.203451, 102.598398
91.970109, 104.159796
91.733627, 105.720949
91.494023, 107.281853
91.251313, 108.842502
91.005517, 110.402891
90.756652, 111.963015
90.504737, 113.522869
90.249789, 115.082446
89.991830, 116.641742
89.730876, 118.200750
89.466948, 119.759466
89.200065, 121.317883
88.930248, 122.875995
88.657515, 124.433797
88.381888, 125.991282
88.103386, 127.548444
87.822031, 129.105278
87.537843, 130.661775
87.250844, 132.217931
86.961054, 133.773739
86.668496, 135.329191
86.373191, 136.884281
86.075162, 138.439002
85.774429, 139.993347
85.471017, 141.547309
85.164946, 143.100881
84.856241, 144.654055
84.544924, 146.206823
84.231019, 147.759179
83.914549, 149.311114
83.595537, 150.862620
83.274008, 152.413689
82.949985, 153.964313
82.623493, 155.514484
82.294556, 157.064193
81.963200, 158.613431
81.629448, 160.162190
81.293325, 161.710460
80.954858, 163.258233
80.614072, 164.805498
80.270991, 166.352248
79.925642, 167.898470
79.578052, 169.444157
79.228245, 170.989297
78.876249, 172.533881
78.522090, 174.077898
78.165795, 175.621337
77.807391, 177.164187
77.446905, 178.706438
77.084363, 180.248077
76.719795, 181.789094
76.353226, 183.329477
75.984686, 184.869212
75.614202, 186.408289
75.241803, 187.946695
74.867516, 189.484416
74.491370, 191.021440
74.113395, 192.557754
73.733618, 194.093343
73.352069, 195.628194
72.968777, 197.162293
72.583771, 198.695624
72.197081, 200.228175
71.808737, 201.759928
71.418769, 203.290869
71.027206, 204.820982
70.634079, 206.350250
70.239419, 207.878658
69.843255, 209.406188
69.445618, 210.932824
69.046540, 212.458547
68.646051, 213.983339
68.244182, 215.507182
67.840965, 217.030058
67.436431, 218.551946
67.030612, 220.072828
66.623540, 221.592683
66.215246, 223.111491
65.805763, 224.629229
65.395123, 226.145878
64.983359, 227.661414
64.570502, 229.175816
64.156586, 230.689059
63.741643, 232.201120
63.325708, 233.711976
62.908812, 235.221601
62.490989, 236.729969
62.072272, 238.237055
61.652696, 239.742832
61.232294, 241.247273
60.811100, 242.750350
60.389148, 244.252034
59.966473, 245.752295
59.543109, 247.251105
59.119090, 248.748431
58.694451, 250.244242
58.269227, 251.738506
57.843454, 253.231189
57.417166, 254.722258
56.990398, 256.211678
56.563187, 257.699412
56.135569, 259.185425
55.707578, 260.669678
55.279251, 262.152133
54.850625, 263.632750
54.421735, 265.111488
53.992619, 266.588307
53.563313, 268.063163
53.133853, 269.536011
52.704278, 271.006808
52.274625, 272.475507
51.844930, 273.942061
51.415233, 275.406420
50.985569, 276.868534
50.555979, 278.328353
50.126499, 279.785824
49.697170, 281.240892
49.268028, 282.693501
48.839114, 284.143595
48.410466, 285.591116
47.982124, 287.036001
47.554127, 288.478191
47.126516, 289.917621
46.699330, 291.354225
46.272610, 292.787937
45.846396, 294.218687
45.420730, 295.646406
44.995653, 297.071018
44.571205, 298.492451
44.147429, 299.910627
43.724368, 301.325466
43.302062, 302.736888
42.880555, 304.144809
42.459890, 305.549143
42.040110, 306.949801
41.621260, 308.346694
41.203382, 309.739727
40.786521, 311.128804
40.370723, 312.513828
39.956032, 313.894696
39.542494, 315.271305
39.130155, 316.643548
38.719061, 318.011314
38.309259, 319.374490
37.900798, 320.732961
37.493723, 322.086607
37.088085, 323.435304
36.683931, 324.778928
36.281312, 326.117348
35.880276, 327.450432
35.480875, 328.778043
35.083160, 330.100041
34.687182, 331.416282
34.292994, 332.726618
33.900648, 334.030897
33.510199, 335.328965
33.121700, 336.620661
32.735207, 337.905822
32.350776, 339.184281
31.968462, 340.455865
31.588324, 341.720399
31.210419, 342.977702
30.834806, 344.227592
30.461546, 345.469878
30.090699, 346.704369
29.722326, 347.930869
29.356491, 349.149175
28.993256, 350.359083
28.632686, 351.560385
28.274847, 352.752868
27.919804, 353.936316
27.567626, 355.110508
27.218381, 356.275222
26.872139, 357.430231
26.528971, 358.575306
26.188948, 359.710214
25.852144, 0.834722
25.518632, 1.948593
25.188488, 3.051590
24.861789, 4.143474
24.538612, 5.224006
24.219036, 6.292948
23.903140, 7.350060
23.591006, 8.395108
23.282716, 9.427856
22.978352, 10.448073
22.678000, 11.455533
22.381744, 12.450014
22.089671, 13.431300
21.801866, 14.399185
21.518419, 15.353469
21.239417, 16.293963
20.964949, 17.220492
20.695105, 18.132890
20.429975, 19.031010
20.169649, 19.914721
19.914216, 20.783907
19.663767, 21.638478
19.418392, 22.478363
19.178178, 23.303515
18.943215, 24.113916
18.713590, 24.909576
18.489389, 25.690534
18.270695, 26.456863
18.057592, 27.208672
17.850159, 27.946106
17.648475, 28.669349
17.452613, 29.378625
17.262645, 30.074202
17.078640, 30.756391
16.900659, 31.425548
16.728764, 32.082075
16.563007, 32.726422
16.403438, 33.359088
16.250100, 33.980615
16.103030, 34.591597
15.962259, 35.192673
15.827811, 35.784528
15.699701, 36.367891
15.577941, 36.943535
15.462530, 37.512270
15.353462, 38.074948
15.250722, 38.632452
15.154286, 39.185698
15.064122, 39.735626
14.980190, 40.283203
14.902439, 40.829411
14.830812, 41.375248
14.765241, 41.921719
14.705652, 42.469835
14.651959, 43.020605
14.604073, 43.575030
14.561892, 44.134104
14.525309, 44.698803
14.494210, 45.270083
14.468474, 45.848876
14.447974, 46.436085
14.432575, 47.032581
14.422139, 47.639200
14.416524, 48.256739
14.415580, 48.885954
14.419156, 49.527559
14.427098, 50.182223
14.439247, 50.850570
14.455443, 51.533176
14.475526, 52.230570
14.499333, 52.943237
14.526699, 53.671612
14.557462, 54.416087
14.591458, 55.177006
14.628524, 55.954671
14.668498, 56.749342
14.711220, 57.561237
14.756532, 58.390536
14.804276, 59.237382
14.854298, 60.101883
14.906446, 60.984111
14.960571, 61.884112
15.016528, 62.801900
15.074172, 63.737463
15.133365, 64.690764
15.193971, 65.661745
15.255855, 66.650325
15.318890, 67.656406
15.382950, 68.679874
15.447912, 69.720599
15.513660, 70.778437
15.580079, 71.853234
15.647058, 72.944825
15.714491, 74.053038
15.782275, 75.177691
15.850310, 76.318598
15.918502, 77.475567
15.986759, 78.648405
16.054992, 79.836913
16.123116, 81.040892
16.191052, 82.260141
16.258721, 83.494460
16.326049, 84.743649
16.392966, 86.007508
16.459404, 87.285841
16.525298, 88.578453
16.590588, 89.885151
16.655215, 91.205746
16.719124, 92.540053
16.782265, 93.887889
16.844586, 95.249077
16.906043, 96.623443
16.966592, 98.010818
17.026192, 99.411038
17.084805, 100.823942
17.142395, 102.249377
17.198930, 103.687192
17.254379, 105.137242
17.308715, 106.599388
17.361912, 108.073496
17.413947, 109.559436
17.464799, 111.057085
17.514450, 112.566322
17.562883, 114.087035
17.610085, 115.619114
17.656043, 117.162455
17.700748, 118.716960
17.744193, 120.282535
17.786371, 121.859090
17.827280, 123.446541
17.866917, 125.044808
17.905284, 126.653816
17.942382, 128.273494
17.978217, 129.903774
18.012795, 131.544595
18.046124, 133.195898
18.078214, 134.857629
18.109077, 136.529737
18.138728, 138.212175
18.167182, 139.904899
18.194457, 141.607870
18.220572, 143.321050
18.245548, 145.044405
18.269410, 146.777905
18.292181, 148.521521
18.313888, 150.275228
18.334559, 152.039002
18.354226, 153.812821
18.372920, 155.596668
18.390675, 157.390524
18.407526, 159.194374
18.423510, 161.008204
18.438667, 162.831999
18.453038, 164.665748
18.466664, 166.509439
18.479591, 168.363061
18.491863, 170.226603
18.503530, 172.100055
18.514639, 173.983404
18.525242, 175.876639
18.535391, 177.779749
18.545142, 179.692718
18.554549, 181.615531
18.563670, 183.548173
18.572565, 185.490624
18.581295, 187.442863
18.589920, 189.404866
18.598507, 191.376607
18.607118, 193.358056
18.615823, 195.349179
18.624688, 197.349939
18.633783, 199.360294
18.643180, 201.380198
18.652950, 203.409601
18.663168, 205.448445
18.673908, 207.496668
18.685245, 209.554203
18.697258, 211.620976
18.710024, 213.696907
18.723622, 215.781906
18.738132, 217.875881
18.753635, 219.978729
18.770213, 222.090340
18.787948, 224.210596
18.806922, 226.339372
18.827220, 228.476534
18.848924, 230.621938
18.872120, 232.775432
18.896890, 234.936858
18.923320, 237.106044
18.951493, 239.282812
18.981494, 241.466974
19.013407, 243.658334
19.047316, 245.856685
19.083302, 248.061812
19.121450, 250.273491
19.161840, 252.491489
19.204554, 254.715564
19.249670, 256.945467
19.297269, 259.180938
19.347428, 261.421712
19.400222, 263.667515
19.455727, 265.918066
19.514016, 268.173077
19.575159, 270.432255
19.639227, 272.695300
19.706286, 274.961908
19.776403, 277.231768
19.849641, 279.504567
19.926060, 281.779987
20.005720, 284.057710
20.088677, 286.337412
20.174983, 288.618770
20.264692, 290.901460
20.357850, 293.185157
20.454503, 295.469536
20.554695, 297.754276
20.658465, 300.039056
20.765851, 302.323556
20.876886, 304.607462
20.991603, 306.890464
21.110028, 309.172255
21.232189, 311.452533
21.358106, 313.731004
21.487801, 316.007377
21.621288, 318.281372
21.758582, 320.552712
21.899694, 322.821131
22.044632, 325.086369
22.193400, 327.348177
22.346001, 329.606313
22.502435, 331.860544
22.662699, 334.110647
22.826787, 336.356409
22.994691, 338.597627
23.166400, 340.834107
23.341902, 343.065666
23.521181, 345.292130
23.704220, 347.513336
23.891000, 349.729131
24.081498, 351.939372
24.275691, 354.143925
24.473554, 356.342668
24.675058, 358.535486
24.880176, 0.722276
25.088877, 2.902943
25.301127, 5.077402
25.516894, 7.245576
25.736143, 9.407398
25.958836, 11.562808
26.184936, 13.711755
26.414404, 15.854196
26.647200, 17.990096
26.883284, 20.119426
27.122613, 22.242165
27.365144, 24.358299
27.610834, 26.467820
27.859639, 28.570726
28.111513, 30.667022
28.366411, 32.756716
28.624286, 34.839825
28.885091, 36.916367
29.148780, 38.986368
29.415304, 41.049856
29.684616, 43.106865
29.956667, 45.157432
30.231409, 47.201597
30.508792, 49.239404
30.788767, 51.270900
31.071285, 53.296136
31.356297, 55.315163
31.643753, 57.328037
31.933603, 59.334816
32.225798, 61.335557
32.520287, 63.330323
32.817022, 65.319177
33.115952, 67.302181
33.417028, 69.279402
33.720199, 71.250907
34.025418, 73.216763
34.332633, 75.177038
34.641796, 77.131801
34.952857, 79.081124
35.265768, 81.025074
35.580479, 82.963725
35.896942, 84.897145
36.215107, 86.825406
36.534928, 88.748579
36.856354, 90.666736
37.179339, 92.579946
37.503833, 94.488282
37.829791, 96.391813
38.157164, 98.290609
38.485904, 100.184741
38.815966, 102.074278
39.147302, 103.959288
39.479865, 105.839841
39.813609, 107.716003
40.148489, 109.587843
40.484457, 111.455426
40.821469, 113.318819
41.159480, 115.178087
41.498443, 117.033295
41.838314, 118.884505
42.179048, 120.731782
42.520602, 122.575188
42.862929, 124.414783
43.205988, 126.250629
43.549733, 128.082785
43.894121, 129.911311
44.239110, 131.736264
44.584655, 133.557701
44.930715, 135.375680
45.277246, 137.190256
45.624206, 139.001483
45.971554, 140.809415
46.319247, 142.614106
46.667243, 144.415607
47.015501, 146.213971
47.363981, 148.009247
47.712640, 149.801485
48.061439, 151.590734
48.410336, 153.377041
48.759292, 155.160455
49.108266, 156.941022
49.457218, 158.718786
49.806109, 160.493794
50.154900, 162.266088
50.503551, 164.035712
50.852023, 165.802708
51.200278, 167.567119
51.548277, 169.328984
51.895981, 171.088345
52.243353, 172.845240
52.590354, 174.599708
52.936947, 176.351788
53.283094, 178.101516
53.628759, 179.848929
53.973903, 181.594063
54.318491, 183.336953
54.662485, 185.077634
55.005849, 186.816139
55.348547, 188.552503
55.690542, 190.286756
56.031800, 192.018933
56.372283, 193.749063
56.711958, 195.477178
57.050788, 197.203309
57.388738, 198.927483
57.725775, 200.649732
58.061862, 202.370082
58.396966, 204.088563
58.731053, 205.805201
59.064088, 207.520024
59.396038, 209.233057
59.726869, 210.944327
60.056548, 212.653859
60.385041, 214.361678
60.712316, 216.067807
61.038339, 217.772272
61.363079, 219.475095
61.686502, 221.176300
62.008577, 222.875908
62.329272, 224.573943
62.648554, 226.270424
62.966393, 227.965375
63.282757, 229.658815
63.597614, 231.350766
63.910934, 233.041246
64.222686, 234.730275
64.532840, 236.417873
64.841365, 238.104058
65.148231, 239.788850
65.453408, 241.472265
65.756867, 243.154322
66.058577, 244.835038
66.358510, 246.514429
66.656637, 248.192514
66.952929, 249.869307
67.247356, 251.544825
67.539891, 253.219084
67.830506, 254.892098
68.119172, 256.563884
##END=
