##TITLE= Parameter file, TopSpin 4.3.0
##JCAMPDX= 5.0
##DATATYPE= Parameter Values
##ORIGIN= Bruker BioSpin GmbH
##OWNER= nmrsu
$$ 2024-03-04 14:54:39.793 +0000  nmrsu@4CE1161FJM
$$ C:/Bruker/TopSpin4.3.0/exp/stan/nmr/lists/wave/user/multisupp_aux_d8
$$ process C:\Bruker\TopSpin4.3.0\prog\mod\xwinshape.exe
##MINX= 0.48947200
##MAXX= 99.99938900
##MINY= 0.32997500
##MAXY= 359.67002500
##$SHAPE_ADDPHASE= 0
##$SHAPE_AMP= 99.9993893
##$SHAPE_BWFAC= 0
##$SHAPE_BWFAC50= 0
##$SHAPE_CALCBW= yes
##$SHAPE_CALCINTEG= yes
##$SHAPE_EXMODE= <Excitation>
##$SHAPE_EXPAND= <>
##$SHAPE_EXPANDCF= (0..143)
0 0 0 0 0 0 0 0 0 0 0 0 0 0 0 0 0 0 0 0 0 0 0 0 0 0 0 0 0 0 0 0 0 0 0 0
0 0 0 0 0 0 0 0 0 0 0 0 0 0 0 0 0 0 0 0 0 0 0 0 0 0 0 0 0 0 0 0 0 0 0 0
0 0 0 0 0 0 0 0 0 0 0 0 0 0 0 0 0 0 0 0 0 0 0 0 0 0 0 0 0 0 0 0 0 0 0 0
0 0 0 0 0 0 0 0 0 0 0 0 0 0 0 0 0 0 0 0 0 0 0 0 0 0 0 0 0 0 0 0 0 0 0 0
##$SHAPE_EXPFAC= 0
##$SHAPE_FRACEND= 0
##$SHAPE_FRACORG= 0
##$SHAPE_FRACSTART= 0
##$SHAPE_INTEGFAC= 0
##$SHAPE_KEEPRES= yes
##$SHAPE_LENGTH= 25000.000373
##$SHAPE_MAN= <M>
##$SHAPE_MODE= 3
##$SHAPE_MODFREQ= 0
##$SHAPE_MODPHASE= 0
##$SHAPE_MODSCALE= 0
##$SHAPE_MODSW= 0
##$SHAPE_MODSWDIR= -1
##$SHAPE_NPOINTS= 1250
##$SHAPE_OFFS= <1 3>
##$SHAPE_OFFSCOEFF= (0..95)
-150.77628 0 100 -218.42659 0 100 -287.02188 0 100 0 0 0 0 0 0 0 0 0 0
0 0 0 0 0 0 0 0 0 0 0 0 0 0 0 0 0 0 0 0 0 0 0 0 0 0 0 0 0 0 0 0 0 0 0 0
0 0 0 0 0 0 0 0 0 0 0 0 0 0 0 0 0 0 0 0 0 0 0 0 0 0 0 0 0 0 0 0 0 0 0 0
0 0 0 0 0
##$SHAPE_PARAMETER= <>
##$SHAPE_REPHFAC= 0
##$SHAPE_RES= 0
##$SHAPE_SCALEFAC= 1.00000611
##$SHAPE_SCALETYPE= 0
##$SHAPE_SPOAL= 0
##$SHAPE_SPOFFS= 0
##$SHAPE_SPOPH= 0
##$SHAPE_TOTROT= 90
##$SHAPE_TYPE= <Excitation>
##$SHAPE_USER_DEF= <>
##$SHAPE_VERSION= 2.1
##$SHL_ADDPHASE= (0..15)
0 0 0 0 0 0 0 0 0 0 0 0 0 0 0 0
##$SHL_ALIGNOFFSET= (0..15)
0 0 0 0 0 0 0 0 0 0 0 0 0 0 0 0
##$SHL_AMP= (0..15)
100 0 0 0 0 0 0 0 0 0 0 0 0 0 0 0
##$SHL_AMPFAC= (0..15)
0 0 0 0 0 0 0 0 0 0 0 0 0 0 0 0
##$SHL_BETA= (0..15)
0 0 0 0 0 0 0 0 0 0 0 0 0 0 0 0
##$SHL_BWFAC= (0..15)
1.116 0 0 0 0 0 0 0 0 0 0 0 0 0 0 0
##$SHL_CALCBW= (0..15)
yes yes yes yes yes yes yes yes yes yes yes yes yes yes yes yes
##$SHL_CALCINTEG= (0..15)
yes yes yes yes yes yes yes yes yes yes yes yes yes yes yes yes
##$SHL_CENTERAMP= (0..15)
0 0 0 0 0 0 0 0 0 0 0 0 0 0 0 0
##$SHL_CYCNUM= (0..15)
0 0 0 0 0 0 0 0 0 0 0 0 0 0 0 0
##$SHL_DIPOLCPL= (0..15)
0 0 0 0 0 0 0 0 0 0 0 0 0 0 0 0
##$SHL_ENDAMP= (0..15)
0 0 0 0 0 0 0 0 0 0 0 0 0 0 0 0
##$SHL_EXMODE= (0..15)
<Excitation> <> <> <> <> <> <> <> <> <> <> <> <> <> <> <>
##$SHL_EXPAND= (0..15)
<> <> <> <> <> <> <> <> <> <> <> <> <> <> <> <>
##$SHL_EXPANDCF0= (0..143)
0 0 0 0 0 0 0 0 0 0 0 0 0 0 0 0 0 0 0 0 0 0 0 0 0 0 0 0 0 0 0 0 0 0 0 0
0 0 0 0 0 0 0 0 0 0 0 0 0 0 0 0 0 0 0 0 0 0 0 0 0 0 0 0 0 0 0 0 0 0 0 0
0 0 0 0 0 0 0 0 0 0 0 0 0 0 0 0 0 0 0 0 0 0 0 0 0 0 0 0 0 0 0 0 0 0 0 0
0 0 0 0 0 0 0 0 0 0 0 0 0 0 0 0 0 0 0 0 0 0 0 0 0 0 0 0 0 0 0 0 0 0 0 0
##$SHL_EXPANDCF1= (0..143)
0 0 0 0 0 0 0 0 0 0 0 0 0 0 0 0 0 0 0 0 0 0 0 0 0 0 0 0 0 0 0 0 0 0 0 0
0 0 0 0 0 0 0 0 0 0 0 0 0 0 0 0 0 0 0 0 0 0 0 0 0 0 0 0 0 0 0 0 0 0 0 0
0 0 0 0 0 0 0 0 0 0 0 0 0 0 0 0 0 0 0 0 0 0 0 0 0 0 0 0 0 0 0 0 0 0 0 0
0 0 0 0 0 0 0 0 0 0 0 0 0 0 0 0 0 0 0 0 0 0 0 0 0 0 0 0 0 0 0 0 0 0 0 0
##$SHL_EXPANDCF10= (0..143)
0 0 0 0 0 0 0 0 0 0 0 0 0 0 0 0 0 0 0 0 0 0 0 0 0 0 0 0 0 0 0 0 0 0 0 0
0 0 0 0 0 0 0 0 0 0 0 0 0 0 0 0 0 0 0 0 0 0 0 0 0 0 0 0 0 0 0 0 0 0 0 0
0 0 0 0 0 0 0 0 0 0 0 0 0 0 0 0 0 0 0 0 0 0 0 0 0 0 0 0 0 0 0 0 0 0 0 0
0 0 0 0 0 0 0 0 0 0 0 0 0 0 0 0 0 0 0 0 0 0 0 0 0 0 0 0 0 0 0 0 0 0 0 0
##$SHL_EXPANDCF11= (0..143)
0 0 0 0 0 0 0 0 0 0 0 0 0 0 0 0 0 0 0 0 0 0 0 0 0 0 0 0 0 0 0 0 0 0 0 0
0 0 0 0 0 0 0 0 0 0 0 0 0 0 0 0 0 0 0 0 0 0 0 0 0 0 0 0 0 0 0 0 0 0 0 0
0 0 0 0 0 0 0 0 0 0 0 0 0 0 0 0 0 0 0 0 0 0 0 0 0 0 0 0 0 0 0 0 0 0 0 0
0 0 0 0 0 0 0 0 0 0 0 0 0 0 0 0 0 0 0 0 0 0 0 0 0 0 0 0 0 0 0 0 0 0 0 0
##$SHL_EXPANDCF12= (0..143)
0 0 0 0 0 0 0 0 0 0 0 0 0 0 0 0 0 0 0 0 0 0 0 0 0 0 0 0 0 0 0 0 0 0 0 0
0 0 0 0 0 0 0 0 0 0 0 0 0 0 0 0 0 0 0 0 0 0 0 0 0 0 0 0 0 0 0 0 0 0 0 0
0 0 0 0 0 0 0 0 0 0 0 0 0 0 0 0 0 0 0 0 0 0 0 0 0 0 0 0 0 0 0 0 0 0 0 0
0 0 0 0 0 0 0 0 0 0 0 0 0 0 0 0 0 0 0 0 0 0 0 0 0 0 0 0 0 0 0 0 0 0 0 0
##$SHL_EXPANDCF13= (0..143)
0 0 0 0 0 0 0 0 0 0 0 0 0 0 0 0 0 0 0 0 0 0 0 0 0 0 0 0 0 0 0 0 0 0 0 0
0 0 0 0 0 0 0 0 0 0 0 0 0 0 0 0 0 0 0 0 0 0 0 0 0 0 0 0 0 0 0 0 0 0 0 0
0 0 0 0 0 0 0 0 0 0 0 0 0 0 0 0 0 0 0 0 0 0 0 0 0 0 0 0 0 0 0 0 0 0 0 0
0 0 0 0 0 0 0 0 0 0 0 0 0 0 0 0 0 0 0 0 0 0 0 0 0 0 0 0 0 0 0 0 0 0 0 0
##$SHL_EXPANDCF14= (0..143)
0 0 0 0 0 0 0 0 0 0 0 0 0 0 0 0 0 0 0 0 0 0 0 0 0 0 0 0 0 0 0 0 0 0 0 0
0 0 0 0 0 0 0 0 0 0 0 0 0 0 0 0 0 0 0 0 0 0 0 0 0 0 0 0 0 0 0 0 0 0 0 0
0 0 0 0 0 0 0 0 0 0 0 0 0 0 0 0 0 0 0 0 0 0 0 0 0 0 0 0 0 0 0 0 0 0 0 0
0 0 0 0 0 0 0 0 0 0 0 0 0 0 0 0 0 0 0 0 0 0 0 0 0 0 0 0 0 0 0 0 0 0 0 0
##$SHL_EXPANDCF15= (0..143)
0 0 0 0 0 0 0 0 0 0 0 0 0 0 0 0 0 0 0 0 0 0 0 0 0 0 0 0 0 0 0 0 0 0 0 0
0 0 0 0 0 0 0 0 0 0 0 0 0 0 0 0 0 0 0 0 0 0 0 0 0 0 0 0 0 0 0 0 0 0 0 0
0 0 0 0 0 0 0 0 0 0 0 0 0 0 0 0 0 0 0 0 0 0 0 0 0 0 0 0 0 0 0 0 0 0 0 0
0 0 0 0 0 0 0 0 0 0 0 0 0 0 0 0 0 0 0 0 0 0 0 0 0 0 0 0 0 0 0 0 0 0 0 0
##$SHL_EXPANDCF2= (0..143)
0 0 0 0 0 0 0 0 0 0 0 0 0 0 0 0 0 0 0 0 0 0 0 0 0 0 0 0 0 0 0 0 0 0 0 0
0 0 0 0 0 0 0 0 0 0 0 0 0 0 0 0 0 0 0 0 0 0 0 0 0 0 0 0 0 0 0 0 0 0 0 0
0 0 0 0 0 0 0 0 0 0 0 0 0 0 0 0 0 0 0 0 0 0 0 0 0 0 0 0 0 0 0 0 0 0 0 0
0 0 0 0 0 0 0 0 0 0 0 0 0 0 0 0 0 0 0 0 0 0 0 0 0 0 0 0 0 0 0 0 0 0 0 0
##$SHL_EXPANDCF3= (0..143)
0 0 0 0 0 0 0 0 0 0 0 0 0 0 0 0 0 0 0 0 0 0 0 0 0 0 0 0 0 0 0 0 0 0 0 0
0 0 0 0 0 0 0 0 0 0 0 0 0 0 0 0 0 0 0 0 0 0 0 0 0 0 0 0 0 0 0 0 0 0 0 0
0 0 0 0 0 0 0 0 0 0 0 0 0 0 0 0 0 0 0 0 0 0 0 0 0 0 0 0 0 0 0 0 0 0 0 0
0 0 0 0 0 0 0 0 0 0 0 0 0 0 0 0 0 0 0 0 0 0 0 0 0 0 0 0 0 0 0 0 0 0 0 0
##$SHL_EXPANDCF4= (0..143)
0 0 0 0 0 0 0 0 0 0 0 0 0 0 0 0 0 0 0 0 0 0 0 0 0 0 0 0 0 0 0 0 0 0 0 0
0 0 0 0 0 0 0 0 0 0 0 0 0 0 0 0 0 0 0 0 0 0 0 0 0 0 0 0 0 0 0 0 0 0 0 0
0 0 0 0 0 0 0 0 0 0 0 0 0 0 0 0 0 0 0 0 0 0 0 0 0 0 0 0 0 0 0 0 0 0 0 0
0 0 0 0 0 0 0 0 0 0 0 0 0 0 0 0 0 0 0 0 0 0 0 0 0 0 0 0 0 0 0 0 0 0 0 0
##$SHL_EXPANDCF5= (0..143)
0 0 0 0 0 0 0 0 0 0 0 0 0 0 0 0 0 0 0 0 0 0 0 0 0 0 0 0 0 0 0 0 0 0 0 0
0 0 0 0 0 0 0 0 0 0 0 0 0 0 0 0 0 0 0 0 0 0 0 0 0 0 0 0 0 0 0 0 0 0 0 0
0 0 0 0 0 0 0 0 0 0 0 0 0 0 0 0 0 0 0 0 0 0 0 0 0 0 0 0 0 0 0 0 0 0 0 0
0 0 0 0 0 0 0 0 0 0 0 0 0 0 0 0 0 0 0 0 0 0 0 0 0 0 0 0 0 0 0 0 0 0 0 0
##$SHL_EXPANDCF6= (0..143)
0 0 0 0 0 0 0 0 0 0 0 0 0 0 0 0 0 0 0 0 0 0 0 0 0 0 0 0 0 0 0 0 0 0 0 0
0 0 0 0 0 0 0 0 0 0 0 0 0 0 0 0 0 0 0 0 0 0 0 0 0 0 0 0 0 0 0 0 0 0 0 0
0 0 0 0 0 0 0 0 0 0 0 0 0 0 0 0 0 0 0 0 0 0 0 0 0 0 0 0 0 0 0 0 0 0 0 0
0 0 0 0 0 0 0 0 0 0 0 0 0 0 0 0 0 0 0 0 0 0 0 0 0 0 0 0 0 0 0 0 0 0 0 0
##$SHL_EXPANDCF7= (0..143)
0 0 0 0 0 0 0 0 0 0 0 0 0 0 0 0 0 0 0 0 0 0 0 0 0 0 0 0 0 0 0 0 0 0 0 0
0 0 0 0 0 0 0 0 0 0 0 0 0 0 0 0 0 0 0 0 0 0 0 0 0 0 0 0 0 0 0 0 0 0 0 0
0 0 0 0 0 0 0 0 0 0 0 0 0 0 0 0 0 0 0 0 0 0 0 0 0 0 0 0 0 0 0 0 0 0 0 0
0 0 0 0 0 0 0 0 0 0 0 0 0 0 0 0 0 0 0 0 0 0 0 0 0 0 0 0 0 0 0 0 0 0 0 0
##$SHL_EXPANDCF8= (0..143)
0 0 0 0 0 0 0 0 0 0 0 0 0 0 0 0 0 0 0 0 0 0 0 0 0 0 0 0 0 0 0 0 0 0 0 0
0 0 0 0 0 0 0 0 0 0 0 0 0 0 0 0 0 0 0 0 0 0 0 0 0 0 0 0 0 0 0 0 0 0 0 0
0 0 0 0 0 0 0 0 0 0 0 0 0 0 0 0 0 0 0 0 0 0 0 0 0 0 0 0 0 0 0 0 0 0 0 0
0 0 0 0 0 0 0 0 0 0 0 0 0 0 0 0 0 0 0 0 0 0 0 0 0 0 0 0 0 0 0 0 0 0 0 0
##$SHL_EXPANDCF9= (0..143)
0 0 0 0 0 0 0 0 0 0 0 0 0 0 0 0 0 0 0 0 0 0 0 0 0 0 0 0 0 0 0 0 0 0 0 0
0 0 0 0 0 0 0 0 0 0 0 0 0 0 0 0 0 0 0 0 0 0 0 0 0 0 0 0 0 0 0 0 0 0 0 0
0 0 0 0 0 0 0 0 0 0 0 0 0 0 0 0 0 0 0 0 0 0 0 0 0 0 0 0 0 0 0 0 0 0 0 0
0 0 0 0 0 0 0 0 0 0 0 0 0 0 0 0 0 0 0 0 0 0 0 0 0 0 0 0 0 0 0 0 0 0 0 0
##$SHL_EXPFAC= (0..15)
0 0 0 0 0 0 0 0 0 0 0 0 0 0 0 0
##$SHL_FRACEND= (0..15)
0 0 0 0 0 0 0 0 0 0 0 0 0 0 0 0
##$SHL_FRACORG= (0..15)
0 0 0 0 0 0 0 0 0 0 0 0 0 0 0 0
##$SHL_FRACSTART= (0..15)
0 0 0 0 0 0 0 0 0 0 0 0 0 0 0 0
##$SHL_FULLHALF= (0..15)
0 0 0 0 0 0 0 0 0 0 0 0 0 0 0 0
##$SHL_FUNCAMP= (0..15)
100 0 0 0 0 0 0 0 0 0 0 0 0 0 0 0
##$SHL_FUNCTION= (0..15)
<Rectangle> <> <> <> <> <> <> <> <> <> <> <> <> <> <> <>
##$SHL_GCO= (0..15)
<> <> <> <> <> <> <> <> <> <> <> <> <> <> <> <>
##$SHL_GCOCOEFFS0= (0..59)
0 0 0 0 0 0 0 0 0 0 0 0 0 0 0 0 0 0 0 0 0 0 0 0 0 0 0 0 0 0 0 0 0 0 0 0
0 0 0 0 0 0 0 0 0 0 0 0 0 0 0 0 0 0 0 0 0 0 0 0
##$SHL_GCOCOEFFS1= (0..59)
0 0 0 0 0 0 0 0 0 0 0 0 0 0 0 0 0 0 0 0 0 0 0 0 0 0 0 0 0 0 0 0 0 0 0 0
0 0 0 0 0 0 0 0 0 0 0 0 0 0 0 0 0 0 0 0 0 0 0 0
##$SHL_GCOCOEFFS10= (0..59)
0 0 0 0 0 0 0 0 0 0 0 0 0 0 0 0 0 0 0 0 0 0 0 0 0 0 0 0 0 0 0 0 0 0 0 0
0 0 0 0 0 0 0 0 0 0 0 0 0 0 0 0 0 0 0 0 0 0 0 0
##$SHL_GCOCOEFFS11= (0..59)
0 0 0 0 0 0 0 0 0 0 0 0 0 0 0 0 0 0 0 0 0 0 0 0 0 0 0 0 0 0 0 0 0 0 0 0
0 0 0 0 0 0 0 0 0 0 0 0 0 0 0 0 0 0 0 0 0 0 0 0
##$SHL_GCOCOEFFS12= (0..59)
0 0 0 0 0 0 0 0 0 0 0 0 0 0 0 0 0 0 0 0 0 0 0 0 0 0 0 0 0 0 0 0 0 0 0 0
0 0 0 0 0 0 0 0 0 0 0 0 0 0 0 0 0 0 0 0 0 0 0 0
##$SHL_GCOCOEFFS13= (0..59)
0 0 0 0 0 0 0 0 0 0 0 0 0 0 0 0 0 0 0 0 0 0 0 0 0 0 0 0 0 0 0 0 0 0 0 0
0 0 0 0 0 0 0 0 0 0 0 0 0 0 0 0 0 0 0 0 0 0 0 0
##$SHL_GCOCOEFFS14= (0..59)
0 0 0 0 0 0 0 0 0 0 0 0 0 0 0 0 0 0 0 0 0 0 0 0 0 0 0 0 0 0 0 0 0 0 0 0
0 0 0 0 0 0 0 0 0 0 0 0 0 0 0 0 0 0 0 0 0 0 0 0
##$SHL_GCOCOEFFS15= (0..59)
0 0 0 0 0 0 0 0 0 0 0 0 0 0 0 0 0 0 0 0 0 0 0 0 0 0 0 0 0 0 0 0 0 0 0 0
0 0 0 0 0 0 0 0 0 0 0 0 0 0 0 0 0 0 0 0 0 0 0 0
##$SHL_GCOCOEFFS2= (0..59)
0 0 0 0 0 0 0 0 0 0 0 0 0 0 0 0 0 0 0 0 0 0 0 0 0 0 0 0 0 0 0 0 0 0 0 0
0 0 0 0 0 0 0 0 0 0 0 0 0 0 0 0 0 0 0 0 0 0 0 0
##$SHL_GCOCOEFFS3= (0..59)
0 0 0 0 0 0 0 0 0 0 0 0 0 0 0 0 0 0 0 0 0 0 0 0 0 0 0 0 0 0 0 0 0 0 0 0
0 0 0 0 0 0 0 0 0 0 0 0 0 0 0 0 0 0 0 0 0 0 0 0
##$SHL_GCOCOEFFS4= (0..59)
0 0 0 0 0 0 0 0 0 0 0 0 0 0 0 0 0 0 0 0 0 0 0 0 0 0 0 0 0 0 0 0 0 0 0 0
0 0 0 0 0 0 0 0 0 0 0 0 0 0 0 0 0 0 0 0 0 0 0 0
##$SHL_GCOCOEFFS5= (0..59)
0 0 0 0 0 0 0 0 0 0 0 0 0 0 0 0 0 0 0 0 0 0 0 0 0 0 0 0 0 0 0 0 0 0 0 0
0 0 0 0 0 0 0 0 0 0 0 0 0 0 0 0 0 0 0 0 0 0 0 0
##$SHL_GCOCOEFFS6= (0..59)
0 0 0 0 0 0 0 0 0 0 0 0 0 0 0 0 0 0 0 0 0 0 0 0 0 0 0 0 0 0 0 0 0 0 0 0
0 0 0 0 0 0 0 0 0 0 0 0 0 0 0 0 0 0 0 0 0 0 0 0
##$SHL_GCOCOEFFS7= (0..59)
0 0 0 0 0 0 0 0 0 0 0 0 0 0 0 0 0 0 0 0 0 0 0 0 0 0 0 0 0 0 0 0 0 0 0 0
0 0 0 0 0 0 0 0 0 0 0 0 0 0 0 0 0 0 0 0 0 0 0 0
##$SHL_GCOCOEFFS8= (0..59)
0 0 0 0 0 0 0 0 0 0 0 0 0 0 0 0 0 0 0 0 0 0 0 0 0 0 0 0 0 0 0 0 0 0 0 0
0 0 0 0 0 0 0 0 0 0 0 0 0 0 0 0 0 0 0 0 0 0 0 0
##$SHL_GCOCOEFFS9= (0..59)
0 0 0 0 0 0 0 0 0 0 0 0 0 0 0 0 0 0 0 0 0 0 0 0 0 0 0 0 0 0 0 0 0 0 0 0
0 0 0 0 0 0 0 0 0 0 0 0 0 0 0 0 0 0 0 0 0 0 0 0
##$SHL_INTEGFAC= (0..15)
1 0 0 0 0 0 0 0 0 0 0 0 0 0 0 0
##$SHL_LB= (0..15)
0 0 0 0 0 0 0 0 0 0 0 0 0 0 0 0
##$SHL_LEFTLIMIT= (0..15)
0 0 0 0 0 0 0 0 0 0 0 0 0 0 0 0
##$SHL_LENGTH= (0..15)
25000.000373 0 0 0 0 0 0 0 0 0 0 0 0 0 0 0
##$SHL_MAN= (0..15)
<> <> <> <> <> <> <> <> <> <> <> <> <> <> <> <>
##$SHL_MEANAMP= (0..15)
0 0 0 0 0 0 0 0 0 0 0 0 0 0 0 0
##$SHL_MODAMP= (0..15)
0 0 0 0 0 0 0 0 0 0 0 0 0 0 0 0
##$SHL_MODE= (0..15)
0 0 0 0 0 0 0 0 0 0 0 0 0 0 0 0
##$SHL_MODFREQ= (0..15)
0 0 0 0 0 0 0 0 0 0 0 0 0 0 0 0
##$SHL_MODPHASE= (0..15)
0 0 0 0 0 0 0 0 0 0 0 0 0 0 0 0
##$SHL_MODSCALE= (0..15)
0 0 0 0 0 0 0 0 0 0 0 0 0 0 0 0
##$SHL_MODSW= (0..15)
0 0 0 0 0 0 0 0 0 0 0 0 0 0 0 0
##$SHL_MODSWDIR= (0..15)
-1 -1 -1 -1 -1 -1 -1 -1 -1 -1 -1 -1 -1 -1 -1 -1
##$SHL_MU= (0..15)
0 0 0 0 0 0 0 0 0 0 0 0 0 0 0 0
##$SHL_NPOINTS= (0..15)
1250 0 0 0 0 0 0 0 0 0 0 0 0 0 0 0
##$SHL_OFFS= (0..15)
<> <> <> <> <> <> <> <> <> <> <> <> <> <> <> <>
##$SHL_OFFSCOEFF0= (0..95)
0 0 0 0 0 0 0 0 0 0 0 0 0 0 0 0 0 0 0 0 0 0 0 0 0 0 0 0 0 0 0 0 0 0 0 0
0 0 0 0 0 0 0 0 0 0 0 0 0 0 0 0 0 0 0 0 0 0 0 0 0 0 0 0 0 0 0 0 0 0 0 0
0 0 0 0 0 0 0 0 0 0 0 0 0 0 0 0 0 0 0 0 0 0 0 0
##$SHL_OFFSCOEFF1= (0..95)
0 0 0 0 0 0 0 0 0 0 0 0 0 0 0 0 0 0 0 0 0 0 0 0 0 0 0 0 0 0 0 0 0 0 0 0
0 0 0 0 0 0 0 0 0 0 0 0 0 0 0 0 0 0 0 0 0 0 0 0 0 0 0 0 0 0 0 0 0 0 0 0
0 0 0 0 0 0 0 0 0 0 0 0 0 0 0 0 0 0 0 0 0 0 0 0
##$SHL_OFFSCOEFF10= (0..95)
0 0 0 0 0 0 0 0 0 0 0 0 0 0 0 0 0 0 0 0 0 0 0 0 0 0 0 0 0 0 0 0 0 0 0 0
0 0 0 0 0 0 0 0 0 0 0 0 0 0 0 0 0 0 0 0 0 0 0 0 0 0 0 0 0 0 0 0 0 0 0 0
0 0 0 0 0 0 0 0 0 0 0 0 0 0 0 0 0 0 0 0 0 0 0 0
##$SHL_OFFSCOEFF11= (0..95)
0 0 0 0 0 0 0 0 0 0 0 0 0 0 0 0 0 0 0 0 0 0 0 0 0 0 0 0 0 0 0 0 0 0 0 0
0 0 0 0 0 0 0 0 0 0 0 0 0 0 0 0 0 0 0 0 0 0 0 0 0 0 0 0 0 0 0 0 0 0 0 0
0 0 0 0 0 0 0 0 0 0 0 0 0 0 0 0 0 0 0 0 0 0 0 0
##$SHL_OFFSCOEFF12= (0..95)
0 0 0 0 0 0 0 0 0 0 0 0 0 0 0 0 0 0 0 0 0 0 0 0 0 0 0 0 0 0 0 0 0 0 0 0
0 0 0 0 0 0 0 0 0 0 0 0 0 0 0 0 0 0 0 0 0 0 0 0 0 0 0 0 0 0 0 0 0 0 0 0
0 0 0 0 0 0 0 0 0 0 0 0 0 0 0 0 0 0 0 0 0 0 0 0
##$SHL_OFFSCOEFF13= (0..95)
0 0 0 0 0 0 0 0 0 0 0 0 0 0 0 0 0 0 0 0 0 0 0 0 0 0 0 0 0 0 0 0 0 0 0 0
0 0 0 0 0 0 0 0 0 0 0 0 0 0 0 0 0 0 0 0 0 0 0 0 0 0 0 0 0 0 0 0 0 0 0 0
0 0 0 0 0 0 0 0 0 0 0 0 0 0 0 0 0 0 0 0 0 0 0 0
##$SHL_OFFSCOEFF14= (0..95)
0 0 0 0 0 0 0 0 0 0 0 0 0 0 0 0 0 0 0 0 0 0 0 0 0 0 0 0 0 0 0 0 0 0 0 0
0 0 0 0 0 0 0 0 0 0 0 0 0 0 0 0 0 0 0 0 0 0 0 0 0 0 0 0 0 0 0 0 0 0 0 0
0 0 0 0 0 0 0 0 0 0 0 0 0 0 0 0 0 0 0 0 0 0 0 0
##$SHL_OFFSCOEFF15= (0..95)
0 0 0 0 0 0 0 0 0 0 0 0 0 0 0 0 0 0 0 0 0 0 0 0 0 0 0 0 0 0 0 0 0 0 0 0
0 0 0 0 0 0 0 0 0 0 0 0 0 0 0 0 0 0 0 0 0 0 0 0 0 0 0 0 0 0 0 0 0 0 0 0
0 0 0 0 0 0 0 0 0 0 0 0 0 0 0 0 0 0 0 0 0 0 0 0
##$SHL_OFFSCOEFF2= (0..95)
0 0 0 0 0 0 0 0 0 0 0 0 0 0 0 0 0 0 0 0 0 0 0 0 0 0 0 0 0 0 0 0 0 0 0 0
0 0 0 0 0 0 0 0 0 0 0 0 0 0 0 0 0 0 0 0 0 0 0 0 0 0 0 0 0 0 0 0 0 0 0 0
0 0 0 0 0 0 0 0 0 0 0 0 0 0 0 0 0 0 0 0 0 0 0 0
##$SHL_OFFSCOEFF3= (0..95)
0 0 0 0 0 0 0 0 0 0 0 0 0 0 0 0 0 0 0 0 0 0 0 0 0 0 0 0 0 0 0 0 0 0 0 0
0 0 0 0 0 0 0 0 0 0 0 0 0 0 0 0 0 0 0 0 0 0 0 0 0 0 0 0 0 0 0 0 0 0 0 0
0 0 0 0 0 0 0 0 0 0 0 0 0 0 0 0 0 0 0 0 0 0 0 0
##$SHL_OFFSCOEFF4= (0..95)
0 0 0 0 0 0 0 0 0 0 0 0 0 0 0 0 0 0 0 0 0 0 0 0 0 0 0 0 0 0 0 0 0 0 0 0
0 0 0 0 0 0 0 0 0 0 0 0 0 0 0 0 0 0 0 0 0 0 0 0 0 0 0 0 0 0 0 0 0 0 0 0
0 0 0 0 0 0 0 0 0 0 0 0 0 0 0 0 0 0 0 0 0 0 0 0
##$SHL_OFFSCOEFF5= (0..95)
0 0 0 0 0 0 0 0 0 0 0 0 0 0 0 0 0 0 0 0 0 0 0 0 0 0 0 0 0 0 0 0 0 0 0 0
0 0 0 0 0 0 0 0 0 0 0 0 0 0 0 0 0 0 0 0 0 0 0 0 0 0 0 0 0 0 0 0 0 0 0 0
0 0 0 0 0 0 0 0 0 0 0 0 0 0 0 0 0 0 0 0 0 0 0 0
##$SHL_OFFSCOEFF6= (0..95)
0 0 0 0 0 0 0 0 0 0 0 0 0 0 0 0 0 0 0 0 0 0 0 0 0 0 0 0 0 0 0 0 0 0 0 0
0 0 0 0 0 0 0 0 0 0 0 0 0 0 0 0 0 0 0 0 0 0 0 0 0 0 0 0 0 0 0 0 0 0 0 0
0 0 0 0 0 0 0 0 0 0 0 0 0 0 0 0 0 0 0 0 0 0 0 0
##$SHL_OFFSCOEFF7= (0..95)
0 0 0 0 0 0 0 0 0 0 0 0 0 0 0 0 0 0 0 0 0 0 0 0 0 0 0 0 0 0 0 0 0 0 0 0
0 0 0 0 0 0 0 0 0 0 0 0 0 0 0 0 0 0 0 0 0 0 0 0 0 0 0 0 0 0 0 0 0 0 0 0
0 0 0 0 0 0 0 0 0 0 0 0 0 0 0 0 0 0 0 0 0 0 0 0
##$SHL_OFFSCOEFF8= (0..95)
0 0 0 0 0 0 0 0 0 0 0 0 0 0 0 0 0 0 0 0 0 0 0 0 0 0 0 0 0 0 0 0 0 0 0 0
0 0 0 0 0 0 0 0 0 0 0 0 0 0 0 0 0 0 0 0 0 0 0 0 0 0 0 0 0 0 0 0 0 0 0 0
0 0 0 0 0 0 0 0 0 0 0 0 0 0 0 0 0 0 0 0 0 0 0 0
##$SHL_OFFSCOEFF9= (0..95)
0 0 0 0 0 0 0 0 0 0 0 0 0 0 0 0 0 0 0 0 0 0 0 0 0 0 0 0 0 0 0 0 0 0 0 0
0 0 0 0 0 0 0 0 0 0 0 0 0 0 0 0 0 0 0 0 0 0 0 0 0 0 0 0 0 0 0 0 0 0 0 0
0 0 0 0 0 0 0 0 0 0 0 0 0 0 0 0 0 0 0 0 0 0 0 0
##$SHL_PHASE= (0..15)
0 0 0 0 0 0 0 0 0 0 0 0 0 0 0 0
##$SHL_PHASEFAC= (0..15)
0 0 0 0 0 0 0 0 0 0 0 0 0 0 0 0
##$SHL_POWERINDEX= (0..15)
0 0 0 0 0 0 0 0 0 0 0 0 0 0 0 0
##$SHL_QUADCOEFF= (0..15)
0 0 0 0 0 0 0 0 0 0 0 0 0 0 0 0
##$SHL_RIGHTLIMIT= (0..15)
0 0 0 0 0 0 0 0 0 0 0 0 0 0 0 0
##$SHL_SCALEFACTOR= (0..15)
1 1 1 1 1 1 1 1 1 1 1 1 1 1 1 1
##$SHL_SF= (0..15)
<> <> <> <> <> <> <> <> <> <> <> <> <> <> <> <>
##$SHL_SFCOEFFS0= (0..200)
0 0 0 0 0 0 0 0 0 0 0 0 0 0 0 0 0 0 0 0 0 0 0 0 0 0 0 0 0 0 0 0 0 0 0 0
0 0 0 0 0 0 0 0 0 0 0 0 0 0 0 0 0 0 0 0 0 0 0 0 0 0 0 0 0 0 0 0 0 0 0 0
0 0 0 0 0 0 0 0 0 0 0 0 0 0 0 0 0 0 0 0 0 0 0 0 0 0 0 0 0 0 0 0 0 0 0 0
0 0 0 0 0 0 0 0 0 0 0 0 0 0 0 0 0 0 0 0 0 0 0 0 0 0 0 0 0 0 0 0 0 0 0 0
0 0 0 0 0 0 0 0 0 0 0 0 0 0 0 0 0 0 0 0 0 0 0 0 0 0 0 0 0 0 0 0 0 0 0 0
0 0 0 0 0 0 0 0 0 0 0 0 0 0 0 0 0 0 0 0 0
##$SHL_SFCOEFFS1= (0..200)
0 0 0 0 0 0 0 0 0 0 0 0 0 0 0 0 0 0 0 0 0 0 0 0 0 0 0 0 0 0 0 0 0 0 0 0
0 0 0 0 0 0 0 0 0 0 0 0 0 0 0 0 0 0 0 0 0 0 0 0 0 0 0 0 0 0 0 0 0 0 0 0
0 0 0 0 0 0 0 0 0 0 0 0 0 0 0 0 0 0 0 0 0 0 0 0 0 0 0 0 0 0 0 0 0 0 0 0
0 0 0 0 0 0 0 0 0 0 0 0 0 0 0 0 0 0 0 0 0 0 0 0 0 0 0 0 0 0 0 0 0 0 0 0
0 0 0 0 0 0 0 0 0 0 0 0 0 0 0 0 0 0 0 0 0 0 0 0 0 0 0 0 0 0 0 0 0 0 0 0
0 0 0 0 0 0 0 0 0 0 0 0 0 0 0 0 0 0 0 0 0
##$SHL_SFCOEFFS10= (0..200)
0 0 0 0 0 0 0 0 0 0 0 0 0 0 0 0 0 0 0 0 0 0 0 0 0 0 0 0 0 0 0 0 0 0 0 0
0 0 0 0 0 0 0 0 0 0 0 0 0 0 0 0 0 0 0 0 0 0 0 0 0 0 0 0 0 0 0 0 0 0 0 0
0 0 0 0 0 0 0 0 0 0 0 0 0 0 0 0 0 0 0 0 0 0 0 0 0 0 0 0 0 0 0 0 0 0 0 0
0 0 0 0 0 0 0 0 0 0 0 0 0 0 0 0 0 0 0 0 0 0 0 0 0 0 0 0 0 0 0 0 0 0 0 0
0 0 0 0 0 0 0 0 0 0 0 0 0 0 0 0 0 0 0 0 0 0 0 0 0 0 0 0 0 0 0 0 0 0 0 0
0 0 0 0 0 0 0 0 0 0 0 0 0 0 0 0 0 0 0 0 0
##$SHL_SFCOEFFS11= (0..200)
0 0 0 0 0 0 0 0 0 0 0 0 0 0 0 0 0 0 0 0 0 0 0 0 0 0 0 0 0 0 0 0 0 0 0 0
0 0 0 0 0 0 0 0 0 0 0 0 0 0 0 0 0 0 0 0 0 0 0 0 0 0 0 0 0 0 0 0 0 0 0 0
0 0 0 0 0 0 0 0 0 0 0 0 0 0 0 0 0 0 0 0 0 0 0 0 0 0 0 0 0 0 0 0 0 0 0 0
0 0 0 0 0 0 0 0 0 0 0 0 0 0 0 0 0 0 0 0 0 0 0 0 0 0 0 0 0 0 0 0 0 0 0 0
0 0 0 0 0 0 0 0 0 0 0 0 0 0 0 0 0 0 0 0 0 0 0 0 0 0 0 0 0 0 0 0 0 0 0 0
0 0 0 0 0 0 0 0 0 0 0 0 0 0 0 0 0 0 0 0 0
##$SHL_SFCOEFFS12= (0..200)
0 0 0 0 0 0 0 0 0 0 0 0 0 0 0 0 0 0 0 0 0 0 0 0 0 0 0 0 0 0 0 0 0 0 0 0
0 0 0 0 0 0 0 0 0 0 0 0 0 0 0 0 0 0 0 0 0 0 0 0 0 0 0 0 0 0 0 0 0 0 0 0
0 0 0 0 0 0 0 0 0 0 0 0 0 0 0 0 0 0 0 0 0 0 0 0 0 0 0 0 0 0 0 0 0 0 0 0
0 0 0 0 0 0 0 0 0 0 0 0 0 0 0 0 0 0 0 0 0 0 0 0 0 0 0 0 0 0 0 0 0 0 0 0
0 0 0 0 0 0 0 0 0 0 0 0 0 0 0 0 0 0 0 0 0 0 0 0 0 0 0 0 0 0 0 0 0 0 0 0
0 0 0 0 0 0 0 0 0 0 0 0 0 0 0 0 0 0 0 0 0
##$SHL_SFCOEFFS13= (0..200)
0 0 0 0 0 0 0 0 0 0 0 0 0 0 0 0 0 0 0 0 0 0 0 0 0 0 0 0 0 0 0 0 0 0 0 0
0 0 0 0 0 0 0 0 0 0 0 0 0 0 0 0 0 0 0 0 0 0 0 0 0 0 0 0 0 0 0 0 0 0 0 0
0 0 0 0 0 0 0 0 0 0 0 0 0 0 0 0 0 0 0 0 0 0 0 0 0 0 0 0 0 0 0 0 0 0 0 0
0 0 0 0 0 0 0 0 0 0 0 0 0 0 0 0 0 0 0 0 0 0 0 0 0 0 0 0 0 0 0 0 0 0 0 0
0 0 0 0 0 0 0 0 0 0 0 0 0 0 0 0 0 0 0 0 0 0 0 0 0 0 0 0 0 0 0 0 0 0 0 0
0 0 0 0 0 0 0 0 0 0 0 0 0 0 0 0 0 0 0 0 0
##$SHL_SFCOEFFS14= (0..200)
0 0 0 0 0 0 0 0 0 0 0 0 0 0 0 0 0 0 0 0 0 0 0 0 0 0 0 0 0 0 0 0 0 0 0 0
0 0 0 0 0 0 0 0 0 0 0 0 0 0 0 0 0 0 0 0 0 0 0 0 0 0 0 0 0 0 0 0 0 0 0 0
0 0 0 0 0 0 0 0 0 0 0 0 0 0 0 0 0 0 0 0 0 0 0 0 0 0 0 0 0 0 0 0 0 0 0 0
0 0 0 0 0 0 0 0 0 0 0 0 0 0 0 0 0 0 0 0 0 0 0 0 0 0 0 0 0 0 0 0 0 0 0 0
0 0 0 0 0 0 0 0 0 0 0 0 0 0 0 0 0 0 0 0 0 0 0 0 0 0 0 0 0 0 0 0 0 0 0 0
0 0 0 0 0 0 0 0 0 0 0 0 0 0 0 0 0 0 0 0 0
##$SHL_SFCOEFFS15= (0..200)
0 0 0 0 0 0 0 0 0 0 0 0 0 0 0 0 0 0 0 0 0 0 0 0 0 0 0 0 0 0 0 0 0 0 0 0
0 0 0 0 0 0 0 0 0 0 0 0 0 0 0 0 0 0 0 0 0 0 0 0 0 0 0 0 0 0 0 0 0 0 0 0
0 0 0 0 0 0 0 0 0 0 0 0 0 0 0 0 0 0 0 0 0 0 0 0 0 0 0 0 0 0 0 0 0 0 0 0
0 0 0 0 0 0 0 0 0 0 0 0 0 0 0 0 0 0 0 0 0 0 0 0 0 0 0 0 0 0 0 0 0 0 0 0
0 0 0 0 0 0 0 0 0 0 0 0 0 0 0 0 0 0 0 0 0 0 0 0 0 0 0 0 0 0 0 0 0 0 0 0
0 0 0 0 0 0 0 0 0 0 0 0 0 0 0 0 0 0 0 0 0
##$SHL_SFCOEFFS2= (0..200)
0 0 0 0 0 0 0 0 0 0 0 0 0 0 0 0 0 0 0 0 0 0 0 0 0 0 0 0 0 0 0 0 0 0 0 0
0 0 0 0 0 0 0 0 0 0 0 0 0 0 0 0 0 0 0 0 0 0 0 0 0 0 0 0 0 0 0 0 0 0 0 0
0 0 0 0 0 0 0 0 0 0 0 0 0 0 0 0 0 0 0 0 0 0 0 0 0 0 0 0 0 0 0 0 0 0 0 0
0 0 0 0 0 0 0 0 0 0 0 0 0 0 0 0 0 0 0 0 0 0 0 0 0 0 0 0 0 0 0 0 0 0 0 0
0 0 0 0 0 0 0 0 0 0 0 0 0 0 0 0 0 0 0 0 0 0 0 0 0 0 0 0 0 0 0 0 0 0 0 0
0 0 0 0 0 0 0 0 0 0 0 0 0 0 0 0 0 0 0 0 0
##$SHL_SFCOEFFS3= (0..200)
0 0 0 0 0 0 0 0 0 0 0 0 0 0 0 0 0 0 0 0 0 0 0 0 0 0 0 0 0 0 0 0 0 0 0 0
0 0 0 0 0 0 0 0 0 0 0 0 0 0 0 0 0 0 0 0 0 0 0 0 0 0 0 0 0 0 0 0 0 0 0 0
0 0 0 0 0 0 0 0 0 0 0 0 0 0 0 0 0 0 0 0 0 0 0 0 0 0 0 0 0 0 0 0 0 0 0 0
0 0 0 0 0 0 0 0 0 0 0 0 0 0 0 0 0 0 0 0 0 0 0 0 0 0 0 0 0 0 0 0 0 0 0 0
0 0 0 0 0 0 0 0 0 0 0 0 0 0 0 0 0 0 0 0 0 0 0 0 0 0 0 0 0 0 0 0 0 0 0 0
0 0 0 0 0 0 0 0 0 0 0 0 0 0 0 0 0 0 0 0 0
##$SHL_SFCOEFFS4= (0..200)
0 0 0 0 0 0 0 0 0 0 0 0 0 0 0 0 0 0 0 0 0 0 0 0 0 0 0 0 0 0 0 0 0 0 0 0
0 0 0 0 0 0 0 0 0 0 0 0 0 0 0 0 0 0 0 0 0 0 0 0 0 0 0 0 0 0 0 0 0 0 0 0
0 0 0 0 0 0 0 0 0 0 0 0 0 0 0 0 0 0 0 0 0 0 0 0 0 0 0 0 0 0 0 0 0 0 0 0
0 0 0 0 0 0 0 0 0 0 0 0 0 0 0 0 0 0 0 0 0 0 0 0 0 0 0 0 0 0 0 0 0 0 0 0
0 0 0 0 0 0 0 0 0 0 0 0 0 0 0 0 0 0 0 0 0 0 0 0 0 0 0 0 0 0 0 0 0 0 0 0
0 0 0 0 0 0 0 0 0 0 0 0 0 0 0 0 0 0 0 0 0
##$SHL_SFCOEFFS5= (0..200)
0 0 0 0 0 0 0 0 0 0 0 0 0 0 0 0 0 0 0 0 0 0 0 0 0 0 0 0 0 0 0 0 0 0 0 0
0 0 0 0 0 0 0 0 0 0 0 0 0 0 0 0 0 0 0 0 0 0 0 0 0 0 0 0 0 0 0 0 0 0 0 0
0 0 0 0 0 0 0 0 0 0 0 0 0 0 0 0 0 0 0 0 0 0 0 0 0 0 0 0 0 0 0 0 0 0 0 0
0 0 0 0 0 0 0 0 0 0 0 0 0 0 0 0 0 0 0 0 0 0 0 0 0 0 0 0 0 0 0 0 0 0 0 0
0 0 0 0 0 0 0 0 0 0 0 0 0 0 0 0 0 0 0 0 0 0 0 0 0 0 0 0 0 0 0 0 0 0 0 0
0 0 0 0 0 0 0 0 0 0 0 0 0 0 0 0 0 0 0 0 0
##$SHL_SFCOEFFS6= (0..200)
0 0 0 0 0 0 0 0 0 0 0 0 0 0 0 0 0 0 0 0 0 0 0 0 0 0 0 0 0 0 0 0 0 0 0 0
0 0 0 0 0 0 0 0 0 0 0 0 0 0 0 0 0 0 0 0 0 0 0 0 0 0 0 0 0 0 0 0 0 0 0 0
0 0 0 0 0 0 0 0 0 0 0 0 0 0 0 0 0 0 0 0 0 0 0 0 0 0 0 0 0 0 0 0 0 0 0 0
0 0 0 0 0 0 0 0 0 0 0 0 0 0 0 0 0 0 0 0 0 0 0 0 0 0 0 0 0 0 0 0 0 0 0 0
0 0 0 0 0 0 0 0 0 0 0 0 0 0 0 0 0 0 0 0 0 0 0 0 0 0 0 0 0 0 0 0 0 0 0 0
0 0 0 0 0 0 0 0 0 0 0 0 0 0 0 0 0 0 0 0 0
##$SHL_SFCOEFFS7= (0..200)
0 0 0 0 0 0 0 0 0 0 0 0 0 0 0 0 0 0 0 0 0 0 0 0 0 0 0 0 0 0 0 0 0 0 0 0
0 0 0 0 0 0 0 0 0 0 0 0 0 0 0 0 0 0 0 0 0 0 0 0 0 0 0 0 0 0 0 0 0 0 0 0
0 0 0 0 0 0 0 0 0 0 0 0 0 0 0 0 0 0 0 0 0 0 0 0 0 0 0 0 0 0 0 0 0 0 0 0
0 0 0 0 0 0 0 0 0 0 0 0 0 0 0 0 0 0 0 0 0 0 0 0 0 0 0 0 0 0 0 0 0 0 0 0
0 0 0 0 0 0 0 0 0 0 0 0 0 0 0 0 0 0 0 0 0 0 0 0 0 0 0 0 0 0 0 0 0 0 0 0
0 0 0 0 0 0 0 0 0 0 0 0 0 0 0 0 0 0 0 0 0
##$SHL_SFCOEFFS8= (0..200)
0 0 0 0 0 0 0 0 0 0 0 0 0 0 0 0 0 0 0 0 0 0 0 0 0 0 0 0 0 0 0 0 0 0 0 0
0 0 0 0 0 0 0 0 0 0 0 0 0 0 0 0 0 0 0 0 0 0 0 0 0 0 0 0 0 0 0 0 0 0 0 0
0 0 0 0 0 0 0 0 0 0 0 0 0 0 0 0 0 0 0 0 0 0 0 0 0 0 0 0 0 0 0 0 0 0 0 0
0 0 0 0 0 0 0 0 0 0 0 0 0 0 0 0 0 0 0 0 0 0 0 0 0 0 0 0 0 0 0 0 0 0 0 0
0 0 0 0 0 0 0 0 0 0 0 0 0 0 0 0 0 0 0 0 0 0 0 0 0 0 0 0 0 0 0 0 0 0 0 0
0 0 0 0 0 0 0 0 0 0 0 0 0 0 0 0 0 0 0 0 0
##$SHL_SFCOEFFS9= (0..200)
0 0 0 0 0 0 0 0 0 0 0 0 0 0 0 0 0 0 0 0 0 0 0 0 0 0 0 0 0 0 0 0 0 0 0 0
0 0 0 0 0 0 0 0 0 0 0 0 0 0 0 0 0 0 0 0 0 0 0 0 0 0 0 0 0 0 0 0 0 0 0 0
0 0 0 0 0 0 0 0 0 0 0 0 0 0 0 0 0 0 0 0 0 0 0 0 0 0 0 0 0 0 0 0 0 0 0 0
0 0 0 0 0 0 0 0 0 0 0 0 0 0 0 0 0 0 0 0 0 0 0 0 0 0 0 0 0 0 0 0 0 0 0 0
0 0 0 0 0 0 0 0 0 0 0 0 0 0 0 0 0 0 0 0 0 0 0 0 0 0 0 0 0 0 0 0 0 0 0 0
0 0 0 0 0 0 0 0 0 0 0 0 0 0 0 0 0 0 0 0 0
##$SHL_SMOOTHED= (0..15)
0 0 0 0 0 0 0 0 0 0 0 0 0 0 0 0
##$SHL_SMOOTHING= (0..15)
0 0 0 0 0 0 0 0 0 0 0 0 0 0 0 0
##$SHL_SPOAL= (0..15)
0 0 0 0 0 0 0 0 0 0 0 0 0 0 0 0
##$SHL_SPOFFS= (0..15)
0 0 0 0 0 0 0 0 0 0 0 0 0 0 0 0
##$SHL_SPOPH= (0..15)
0 0 0 0 0 0 0 0 0 0 0 0 0 0 0 0
##$SHL_STARTAMP= (0..15)
0 0 0 0 0 0 0 0 0 0 0 0 0 0 0 0
##$SHL_SW= (0..15)
0 0 0 0 0 0 0 0 0 0 0 0 0 0 0 0
##$SHL_SWDIR= (0..15)
-1 -1 -1 -1 -1 -1 -1 -1 -1 -1 -1 -1 -1 -1 -1 -1
##$SHL_TANKAPPA= (0..15)
0 0 0 0 0 0 0 0 0 0 0 0 0 0 0 0
##$SHL_TOTROT= (0..15)
90 0 0 0 0 0 0 0 0 0 0 0 0 0 0 0
##$SHL_TRUNCLEV= (0..15)
0 0 0 0 0 0 0 0 0 0 0 0 0 0 0 0
##$SHL_TYPE= (0..15)
<Excitation> <> <> <> <> <> <> <> <> <> <> <> <> <> <> <>
##$SHL_WINDOWSIZE= (0..15)
0 0 0 0 0 0 0 0 0 0 0 0 0 0 0 0
##$SHL_ZETA= (0..15)
0 0 0 0 0 0 0 0 0 0 0 0 0 0 0 0
##NPOINTS= 1250
##XYPOINTS= (XY..XY)
72.795359, 96.714806
72.334121, 98.295515
71.870025, 99.876323
71.403105, 101.457231
70.933395, 103.038242
70.460930, 104.619358
69.985744, 106.200581
69.507872, 107.781913
69.027348, 109.363357
68.544210, 110.944915
68.058490, 112.526590
67.570227, 114.108384
67.079454, 115.690300
66.586209, 117.272341
66.090527, 118.854510
65.592444, 120.436809
65.091998, 122.019242
64.589225, 123.601812
64.084162, 125.184522
63.576846, 126.767376
63.067313, 128.350377
62.555602, 129.933530
62.041751, 131.516837
61.525796, 133.100303
61.007775, 134.683931
60.487727, 136.267727
59.965690, 137.851694
59.441702, 139.435837
58.915801, 141.020161
58.388027, 142.604671
57.858417, 144.189372
57.327011, 145.774269
56.793848, 147.359368
56.258966, 148.944674
55.722406, 150.530194
55.184206, 152.115933
54.644406, 153.701898
54.103046, 155.288097
53.560164, 156.874535
53.015803, 158.461221
52.470000, 160.048162
51.922796, 161.635365
51.374232, 163.222840
50.824348, 164.810595
50.273183, 166.398638
49.720780, 167.986980
49.167177, 169.575630
48.612416, 171.164599
48.056538, 172.753897
47.499583, 174.343536
46.941593, 175.933528
46.382608, 177.523884
45.822669, 179.114619
45.261818, 180.705745
44.700096, 182.297278
44.137544, 183.889231
43.574203, 185.481621
43.010115, 187.074465
42.445322, 188.667780
41.879865, 190.261585
41.313786, 191.855898
40.747125, 193.450740
40.179926, 195.046134
39.612230, 196.642101
39.044078, 198.238665
38.475513, 199.835853
37.906576, 201.433691
37.337310, 203.032207
36.767756, 204.631432
36.197956, 206.231397
35.627953, 207.832138
35.057788, 209.433688
34.487504, 211.036088
33.917143, 212.639378
33.346747, 214.243601
32.776358, 215.848804
32.206018, 217.455037
31.635770, 219.062351
31.065657, 220.670805
30.495719, 222.280458
29.926001, 223.891376
29.356543, 225.503629
28.787389, 227.117291
28.218581, 228.732444
27.650161, 230.349175
27.082171, 231.967577
26.514656, 233.587753
25.947656, 235.209814
25.381214, 236.833877
24.815374, 238.460075
24.250177, 240.088547
23.685667, 241.719447
23.121886, 243.352946
22.558878, 244.989225
21.996685, 246.628489
21.435350, 248.270959
20.874918, 249.916879
20.315430, 251.566521
19.756931, 253.220184
19.199464, 254.878200
18.643074, 256.540939
18.087805, 258.208814
17.533702, 259.882289
16.980809, 261.561882
16.429172, 263.248181
15.878838, 264.941850
15.329852, 266.643641
14.782264, 268.354415
14.236120, 270.075159
13.691472, 271.807008
13.148370, 273.551277
12.606867, 275.309494
12.067018, 277.083452
11.528881, 278.875261
10.992516, 280.687426
10.457989, 282.522941
9.925369, 284.385416
9.394734, 286.279244
8.866168, 288.209818
8.339767, 290.183843
7.815643, 292.209744
7.293925, 294.298266
6.774773, 296.463314
6.258380, 298.723200
5.744999, 301.102519
5.234958, 303.635060
4.728710, 306.368464
4.226898, 309.371981
3.730479, 312.749918
3.240954, 316.666129
2.760821, 321.391043
2.294541, 327.396976
1.850793, 335.558801
1.448051, 347.556405
1.127930, 6.314527
0.971853, 33.868952
1.051902, 63.309585
1.323234, 84.857230
1.694246, 98.613116
2.111297, 107.748082
2.550427, 114.310890
3.000684, 119.374613
3.456598, 123.509279
3.915190, 127.035182
4.374708, 130.143094
4.834058, 132.952682
5.292514, 135.542407
5.749578, 137.965678
6.204890, 140.260033
6.658181, 142.452583
7.109245, 144.563378
7.557920, 146.607553
8.004072, 148.596740
8.447590, 150.540023
8.888380, 152.444595
9.326361, 154.316226
9.761460, 156.159596
10.193613, 157.978542
10.622760, 159.776236
11.048848, 161.555325
11.471826, 163.318035
11.891648, 165.066252
12.308268, 166.801582
12.721644, 168.525402
13.131736, 170.238902
13.538505, 171.943110
13.941913, 173.638925
14.341924, 175.327133
14.738504, 177.008423
15.131616, 178.683406
15.521229, 180.352620
15.907310, 182.016545
16.289825, 183.675610
16.668745, 185.330197
17.044038, 186.980651
17.415675, 188.627279
17.783625, 190.270362
18.147859, 191.910151
18.508349, 193.546876
18.865067, 195.180744
19.217984, 196.811946
19.567074, 198.440654
19.912309, 200.067027
20.253663, 201.691209
20.591110, 203.313335
20.924623, 204.933526
21.254178, 206.551895
21.579750, 208.168547
21.901313, 209.783578
22.218843, 211.397077
22.532317, 213.009126
22.841710, 214.619803
23.146999, 216.229179
23.448162, 217.837319
23.745176, 219.444286
24.038019, 221.050137
24.326667, 222.654927
24.611101, 224.258705
24.891299, 225.861519
25.167239, 227.463413
25.438902, 229.064428
25.706266, 230.664603
25.969313, 232.263975
26.228021, 233.862578
26.482373, 235.460444
26.732350, 237.057604
26.977932, 238.654086
27.219101, 240.249918
27.455840, 241.845125
27.688131, 243.439732
27.915956, 245.033760
28.139299, 246.627232
28.358144, 248.220168
28.572474, 249.812588
28.782272, 251.404510
28.987525, 252.995951
29.188216, 254.586927
29.384330, 256.177455
29.575854, 257.767549
29.762772, 259.357224
29.945071, 260.946492
30.122738, 262.535368
30.295760, 264.123861
30.464123, 265.711986
30.627815, 267.299751
30.786825, 268.887168
30.941140, 270.474247
31.090748, 272.060998
31.235640, 273.647428
31.375804, 275.233548
31.511230, 276.819365
31.641907, 278.404886
31.767827, 279.990120
31.888980, 281.575074
32.005357, 283.159753
32.116949, 284.744166
32.223748, 286.328317
32.325746, 287.912213
32.422936, 289.495860
32.515310, 291.079262
32.602863, 292.662424
32.685586, 294.245353
32.763475, 295.828051
32.836522, 297.410523
32.904724, 298.992774
32.968075, 300.574807
33.026570, 302.156626
33.080205, 303.738235
33.128975, 305.319637
33.172878, 306.900835
33.211910, 308.481831
33.246069, 310.062629
33.275350, 311.643232
33.299754, 313.223641
33.319277, 314.803859
33.333918, 316.383889
33.343676, 317.963731
33.348550, 319.543388
33.348541, 321.122861
33.343647, 322.702152
33.333869, 324.281263
33.319209, 325.860194
33.299666, 327.438947
33.275243, 329.017522
33.245941, 330.595920
33.211762, 332.174142
33.172710, 333.752189
33.128785, 335.330060
33.079993, 336.907756
33.026336, 338.485277
32.967818, 340.062624
32.904444, 341.639794
32.836218, 343.216790
32.763145, 344.793609
32.685231, 346.370251
32.602481, 347.946716
32.514901, 349.523002
32.422498, 351.099108
32.325279, 352.675034
32.223250, 354.250777
32.116419, 355.826337
32.004794, 357.401710
31.888384, 358.976896
31.767196, 0.551892
31.641239, 2.126696
31.510523, 3.701305
31.375057, 5.275717
31.234852, 6.849928
31.089917, 8.423936
30.940263, 9.997737
30.785902, 11.571328
30.626843, 13.144704
30.463100, 14.717862
30.294684, 16.290796
30.121608, 17.863503
29.943883, 19.435978
29.761524, 21.008215
29.574543, 22.580208
29.382955, 24.151951
29.186773, 25.723439
28.986012, 27.294664
28.780686, 28.865619
28.570811, 30.436297
28.356402, 32.006690
28.137475, 33.576788
27.914045, 35.146584
27.686130, 36.716066
27.453745, 38.285226
27.216909, 39.854052
26.975638, 41.422533
26.729950, 42.990656
26.479863, 44.558409
26.225396, 46.125777
25.966567, 47.692746
25.703395, 49.259300
25.435901, 50.825423
25.164102, 52.391097
24.888020, 53.956302
24.607675, 55.521018
24.323086, 57.085224
24.034276, 58.648897
23.741266, 60.212012
23.444077, 61.774542
23.142730, 63.336458
22.837249, 64.897731
22.527656, 66.458327
22.213973, 68.018211
21.896224, 69.577345
21.574432, 71.135689
21.248620, 72.693196
20.918814, 74.249820
20.585038, 75.805510
20.247315, 77.360207
19.905672, 78.913852
19.560133, 80.466378
19.210724, 82.017713
18.857471, 83.567777
18.500400, 85.116483
18.139539, 86.663738
17.774913, 88.209437
17.406549, 89.753464
17.034477, 91.295695
16.658722, 92.835988
16.279315, 94.374188
15.896282, 95.910124
15.509653, 97.443603
15.119457, 98.974410
14.725725, 100.502303
14.328485, 102.027012
13.927768, 103.548229
13.523606, 105.065608
13.116029, 106.578751
12.705069, 108.087207
12.290759, 109.590455
11.873131, 111.087896
11.452219, 112.578832
11.028058, 114.062450
10.600682, 115.537794
10.170127, 117.003737
9.736432, 118.458931
9.299634, 119.901761
8.859774, 121.330270
8.416895, 122.742064
7.971040, 124.134186
7.522260, 125.502934
7.070606, 126.843617
6.616138, 128.150200
6.158921, 129.414787
5.699035, 130.626842
5.236575, 131.771993
4.771660, 132.830117
4.304447, 133.772155
3.835158, 134.554562
3.364119, 135.109065
2.891851, 135.322405
2.419260, 134.992584
1.948111, 133.723124
1.482374, 130.626787
1.033100, 123.319704
0.642042, 103.895243
0.489472, 55.987010
0.746105, 16.459325
1.170751, 2.002861
1.639696, 356.325315
2.125431, 353.894990
2.619934, 352.953658
3.120113, 352.807672
3.624529, 353.133770
4.132414, 353.762183
4.643312, 354.595541
5.156931, 355.574112
5.673068, 356.659265
6.191575, 357.824925
6.712335, 359.052869
7.235256, 0.329975
7.760256, 1.646563
8.287268, 2.995332
8.816228, 4.370676
9.347080, 5.768216
9.879768, 7.184487
10.414244, 8.616705
10.950457, 10.062614
11.488360, 11.520363
12.027909, 12.988418
12.569057, 14.465502
13.111761, 15.950537
13.655976, 17.442613
14.201660, 18.940950
14.748770, 20.444882
15.297263, 21.953833
15.847097, 23.467303
16.398230, 24.984856
16.950619, 26.506110
17.504224, 28.030731
18.059001, 29.558422
18.614910, 31.088920
19.171908, 32.621991
19.729954, 34.157429
20.289006, 35.695045
20.849022, 37.234672
21.409961, 38.776159
21.971781, 40.319371
22.534441, 41.864184
23.097898, 43.410486
23.662110, 44.958176
24.227037, 46.507160
24.792637, 48.057355
25.358867, 49.608682
25.925685, 51.161071
26.493051, 52.714456
27.060922, 54.268777
27.629256, 55.823979
28.198011, 57.380011
28.767146, 58.936826
29.336619, 60.494380
29.906387, 62.052631
30.476410, 63.611544
31.046644, 65.171082
31.617048, 66.731213
32.187580, 68.291906
32.758198, 69.853134
33.328860, 71.414869
33.899525, 72.977087
34.470149, 74.539764
35.040693, 76.102879
35.611112, 77.666411
36.181367, 79.230341
36.751414, 80.794651
37.321211, 82.359325
37.890719, 83.924345
38.459893, 85.489696
39.028693, 87.055366
39.597076, 88.621339
40.165002, 90.187604
40.732428, 91.754149
41.299312, 93.320961
41.865614, 94.888030
42.431292, 96.455346
42.996303, 98.022900
43.560608, 99.590681
44.124163, 101.158682
44.686929, 102.726894
45.248863, 104.295309
45.809924, 105.863919
46.370072, 107.432718
46.929265, 109.001698
47.487463, 110.570853
48.044624, 112.140177
48.600707, 113.709664
49.155672, 115.279308
49.709477, 116.849104
50.262083, 118.419046
50.813449, 119.989130
51.363535, 121.559351
51.912299, 123.129704
52.459703, 124.700185
53.005705, 126.270791
53.550265, 127.841516
54.093345, 129.412357
54.634903, 130.983311
55.174901, 132.554373
55.713299, 134.125542
56.250056, 135.696812
56.785135, 137.268182
57.318495, 138.839647
57.850097, 140.411206
58.379904, 141.982856
58.907875, 143.554593
59.433972, 145.126415
59.958156, 146.698321
60.480389, 148.270306
61.000634, 149.842370
61.518850, 151.414510
62.035002, 152.986723
62.549050, 154.559008
63.060958, 156.131363
63.570687, 157.703785
64.078200, 159.276274
64.583460, 160.848826
65.086430, 162.421441
65.587074, 163.994116
66.085354, 165.566851
66.581233, 167.139643
67.074677, 168.712491
67.565648, 170.285393
68.054110, 171.858349
68.540028, 173.431356
69.023366, 175.004414
69.504088, 176.577520
69.982160, 178.150675
70.457546, 179.723876
70.930212, 181.297123
71.400122, 182.870414
71.867243, 184.443748
72.331540, 186.017124
72.792979, 187.590542
73.251527, 189.164000
73.707149, 190.737496
74.159812, 192.311031
74.609484, 193.884603
75.056130, 195.458211
75.499720, 197.031855
75.940219, 198.605534
76.377595, 200.179246
76.811818, 201.752991
77.242854, 203.326769
77.670672, 204.900577
78.095241, 206.474417
78.516530, 208.048287
78.934508, 209.622185
79.349144, 211.196113
79.760407, 212.770068
80.168269, 214.344051
80.572698, 215.918060
80.973665, 217.492095
81.371141, 219.066156
81.765097, 220.640242
82.155503, 222.214352
82.542332, 223.788485
82.925554, 225.362642
83.305142, 226.936821
83.681068, 228.511023
84.053304, 230.085246
84.421824, 231.659491
84.786599, 233.233755
85.147604, 234.808041
85.504811, 236.382346
85.858196, 237.956670
86.207731, 239.531013
86.553391, 241.105374
86.895151, 242.679753
87.232986, 244.254150
87.566870, 245.828565
87.896781, 247.402995
88.222693, 248.977443
88.544582, 250.551906
88.862425, 252.126385
89.176199, 253.700879
89.485880, 255.275388
89.791447, 256.849912
90.092875, 258.424450
90.390145, 259.999002
90.683233, 261.573567
90.972118, 263.148146
91.256779, 264.722738
91.537195, 266.297342
91.813346, 267.871959
92.085211, 269.446587
92.352771, 271.021228
92.616006, 272.595880
92.874896, 274.170543
93.129422, 275.745216
93.379567, 277.319901
93.625311, 278.894596
93.866637, 280.469301
94.103526, 282.044016
94.335962, 283.618740
94.563928, 285.193474
94.787406, 286.768216
95.006381, 288.342968
95.220836, 289.917728
95.430755, 291.492497
95.636124, 293.067274
95.836928, 294.642058
96.033150, 296.216850
96.224778, 297.791650
96.411797, 299.366457
96.594193, 300.941271
96.771953, 302.516092
96.945064, 304.090919
97.113514, 305.665753
97.277289, 307.240593
97.436379, 308.815438
97.590770, 310.390290
97.740453, 311.965147
97.885415, 313.540010
98.025647, 315.114877
98.161138, 316.689750
98.291878, 318.264627
98.417858, 319.839510
98.539068, 321.414396
98.655500, 322.989287
98.767144, 324.564181
98.873993, 326.139080
98.976039, 327.713982
99.073275, 329.288888
99.165693, 330.863797
99.253286, 332.438709
99.336049, 334.013625
99.413974, 335.588543
99.487057, 337.163463
99.555292, 338.738386
99.618674, 340.313311
99.677199, 341.888239
99.730861, 343.463168
99.779658, 345.038099
99.823585, 346.613032
99.862639, 348.187966
99.896818, 349.762901
99.926119, 351.337838
99.950539, 352.912775
99.970078, 354.487713
99.984733, 356.062652
99.994504, 357.637591
99.999389, 359.212530
99.999389, 0.787470
99.994504, 2.362409
99.984733, 3.937348
99.970078, 5.512287
99.950539, 7.087225
99.926119, 8.662162
99.896818, 10.237099
99.862639, 11.812034
99.823585, 13.386968
99.779658, 14.961901
99.730861, 16.536832
99.677199, 18.111761
99.618674, 19.686689
99.555292, 21.261614
99.487057, 22.836537
99.413974, 24.411457
99.336049, 25.986375
99.253286, 27.561291
99.165693, 29.136203
99.073275, 30.711112
98.976039, 32.286018
98.873993, 33.860920
98.767144, 35.435819
98.655500, 37.010713
98.539068, 38.585604
98.417858, 40.160490
98.291878, 41.735373
98.161138, 43.310250
98.025647, 44.885123
97.885415, 46.459990
97.740453, 48.034853
97.590770, 49.609710
97.436379, 51.184562
97.277289, 52.759407
97.113514, 54.334247
96.945064, 55.909081
96.771953, 57.483908
96.594193, 59.058729
96.411797, 60.633543
96.224778, 62.208350
96.033150, 63.783150
95.836928, 65.357942
95.636124, 66.932726
95.430755, 68.507503
95.220836, 70.082272
95.006381, 71.657032
94.787406, 73.231784
94.563928, 74.806526
94.335962, 76.381260
94.103526, 77.955984
93.866637, 79.530699
93.625311, 81.105404
93.379567, 82.680099
93.129422, 84.254784
92.874896, 85.829457
92.616006, 87.404120
92.352771, 88.978772
92.085211, 90.553413
91.813346, 92.128041
91.537195, 93.702658
91.256779, 95.277262
90.972118, 96.851854
90.683233, 98.426433
90.390145, 100.000998
90.092875, 101.575550
89.791447, 103.150088
89.485880, 104.724612
89.176199, 106.299121
88.862425, 107.873615
88.544582, 109.448094
88.222693, 111.022557
87.896781, 112.597005
87.566870, 114.171435
87.232986, 115.745850
86.895151, 117.320247
86.553391, 118.894626
86.207731, 120.468987
85.858196, 122.043330
85.504811, 123.617654
85.147604, 125.191959
84.786599, 126.766245
84.421824, 128.340509
84.053304, 129.914754
83.681068, 131.488977
83.305142, 133.063179
82.925554, 134.637358
82.542332, 136.211515
82.155503, 137.785648
81.765097, 139.359758
81.371141, 140.933844
80.973665, 142.507905
80.572698, 144.081940
80.168269, 145.655949
79.760407, 147.229932
79.349144, 148.803887
78.934508, 150.377815
78.516530, 151.951713
78.095241, 153.525583
77.670672, 155.099423
77.242854, 156.673231
76.811818, 158.247009
76.377595, 159.820754
75.940219, 161.394466
75.499720, 162.968145
75.056130, 164.541789
74.609484, 166.115397
74.159812, 167.688969
73.707149, 169.262504
73.251527, 170.836000
72.792979, 172.409458
72.331540, 173.982876
71.867243, 175.556252
71.400122, 177.129586
70.930212, 178.702877
70.457546, 180.276124
69.982160, 181.849325
69.504088, 183.422480
69.023366, 184.995586
68.540028, 186.568644
68.054110, 188.141651
67.565648, 189.714607
67.074677, 191.287509
66.581233, 192.860357
66.085354, 194.433149
65.587074, 196.005884
65.086430, 197.578559
64.583460, 199.151174
64.078200, 200.723726
63.570687, 202.296215
63.060958, 203.868637
62.549050, 205.440992
62.035002, 207.013277
61.518850, 208.585490
61.000634, 210.157630
60.480389, 211.729694
59.958156, 213.301679
59.433972, 214.873585
58.907875, 216.445407
58.379904, 218.017144
57.850097, 219.588794
57.318495, 221.160353
56.785135, 222.731818
56.250056, 224.303188
55.713299, 225.874458
55.174901, 227.445627
54.634903, 229.016689
54.093345, 230.587643
53.550265, 232.158484
53.005705, 233.729209
52.459703, 235.299815
51.912299, 236.870296
51.363535, 238.440649
50.813449, 240.010870
50.262083, 241.580954
49.709477, 243.150896
49.155672, 244.720692
48.600707, 246.290336
48.044624, 247.859823
47.487463, 249.429147
46.929265, 250.998302
46.370072, 252.567282
45.809924, 254.136081
45.248863, 255.704691
44.686929, 257.273106
44.124163, 258.841318
43.560608, 260.409319
42.996303, 261.977100
42.431292, 263.544654
41.865614, 265.111970
41.299312, 266.679039
40.732428, 268.245851
40.165002, 269.812396
39.597076, 271.378661
39.028693, 272.944634
38.459893, 274.510304
37.890719, 276.075655
37.321211, 277.640675
36.751414, 279.205349
36.181367, 280.769659
35.611112, 282.333589
35.040693, 283.897121
34.470149, 285.460236
33.899525, 287.022913
33.328860, 288.585131
32.758198, 290.146866
32.187580, 291.708094
31.617048, 293.268787
31.046644, 294.828918
30.476410, 296.388456
29.906387, 297.947369
29.336619, 299.505620
28.767146, 301.063174
28.198011, 302.619989
27.629256, 304.176021
27.060922, 305.731223
26.493051, 307.285544
25.925685, 308.838929
25.358867, 310.391318
24.792637, 311.942645
24.227037, 313.492840
23.662110, 315.041824
23.097898, 316.589514
22.534441, 318.135816
21.971781, 319.680629
21.409961, 321.223841
20.849022, 322.765328
20.289006, 324.304955
19.729954, 325.842571
19.171908, 327.378009
18.614910, 328.911080
18.059001, 330.441578
17.504224, 331.969269
16.950619, 333.493890
16.398230, 335.015144
15.847097, 336.532697
15.297263, 338.046167
14.748770, 339.555118
14.201660, 341.059050
13.655976, 342.557387
13.111761, 344.049463
12.569057, 345.534498
12.027909, 347.011582
11.488360, 348.479637
10.950457, 349.937386
10.414244, 351.383295
9.879768, 352.815513
9.347080, 354.231784
8.816228, 355.629324
8.287268, 357.004668
7.760256, 358.353437
7.235256, 359.670025
6.712335, 0.947131
6.191575, 2.175075
5.673068, 3.340735
5.156931, 4.425888
4.643312, 5.404459
4.132414, 6.237817
3.624529, 6.866230
3.120113, 7.192328
2.619934, 7.046342
2.125431, 6.105010
1.639696, 3.674685
1.170751, 357.997139
0.746105, 343.540675
0.489472, 304.012990
0.642042, 256.104757
1.033100, 236.680296
1.482374, 229.373213
1.948111, 226.276876
2.419260, 225.007416
2.891851, 224.677595
3.364119, 224.890935
3.835158, 225.445438
4.304447, 226.227845
4.771660, 227.169883
5.236575, 228.228007
5.699035, 229.373158
6.158921, 230.585213
6.616138, 231.849800
7.070606, 233.156383
7.522260, 234.497066
7.971040, 235.865814
8.416895, 237.257936
8.859774, 238.669730
9.299634, 240.098239
9.736432, 241.541069
10.170127, 242.996263
10.600682, 244.462206
11.028058, 245.937550
11.452219, 247.421168
11.873131, 248.912104
12.290759, 250.409545
12.705069, 251.912793
13.116029, 253.421249
13.523606, 254.934392
13.927768, 256.451771
14.328485, 257.972988
14.725725, 259.497697
15.119457, 261.025590
15.509653, 262.556397
15.896282, 264.089876
16.279315, 265.625812
16.658722, 267.164012
17.034477, 268.704305
17.406549, 270.246536
17.774913, 271.790563
18.139539, 273.336262
18.500400, 274.883517
18.857471, 276.432223
19.210724, 277.982287
19.560133, 279.533622
19.905672, 281.086148
20.247315, 282.639793
20.585038, 284.194490
20.918814, 285.750180
21.248620, 287.306804
21.574432, 288.864311
21.896224, 290.422655
22.213973, 291.981789
22.527656, 293.541673
22.837249, 295.102269
23.142730, 296.663542
23.444077, 298.225458
23.741266, 299.787988
24.034276, 301.351103
24.323086, 302.914776
24.607675, 304.478982
24.888020, 306.043698
25.164102, 307.608903
25.435901, 309.174577
25.703395, 310.740700
25.966567, 312.307254
26.225396, 313.874223
26.479863, 315.441591
26.729950, 317.009344
26.975638, 318.577467
27.216909, 320.145948
27.453745, 321.714774
27.686130, 323.283934
27.914045, 324.853416
28.137475, 326.423212
28.356402, 327.993310
28.570811, 329.563703
28.780686, 331.134381
28.986012, 332.705336
29.186773, 334.276561
29.382955, 335.848049
29.574543, 337.419792
29.761524, 338.991785
29.943883, 340.564022
30.121608, 342.136497
30.294684, 343.709204
30.463100, 345.282138
30.626843, 346.855296
30.785902, 348.428672
30.940263, 350.002263
31.089917, 351.576064
31.234852, 353.150072
31.375057, 354.724283
31.510523, 356.298695
31.641239, 357.873304
31.767196, 359.448108
31.888384, 1.023104
32.004794, 2.598290
32.116419, 4.173663
32.223250, 5.749223
32.325279, 7.324966
32.422498, 8.900892
32.514901, 10.476998
32.602481, 12.053284
32.685231, 13.629749
32.763145, 15.206391
32.836218, 16.783210
32.904444, 18.360206
32.967818, 19.937376
33.026336, 21.514723
33.079993, 23.092244
33.128785, 24.669940
33.172710, 26.247811
33.211762, 27.825858
33.245941, 29.404080
33.275243, 30.982478
33.299666, 32.561053
33.319209, 34.139806
33.333869, 35.718737
33.343647, 37.297848
33.348541, 38.877139
33.348550, 40.456612
33.343676, 42.036269
33.333918, 43.616111
33.319277, 45.196141
33.299754, 46.776359
33.275350, 48.356768
33.246069, 49.937371
33.211910, 51.518169
33.172878, 53.099165
33.128975, 54.680363
33.080205, 56.261765
33.026570, 57.843374
32.968075, 59.425193
32.904724, 61.007226
32.836522, 62.589477
32.763475, 64.171949
32.685586, 65.754647
32.602863, 67.337576
32.515310, 68.920738
32.422936, 70.504140
32.325746, 72.087787
32.223748, 73.671683
32.116949, 75.255834
32.005357, 76.840247
31.888980, 78.424926
31.767827, 80.009880
31.641907, 81.595114
31.511230, 83.180635
31.375804, 84.766452
31.235640, 86.352572
31.090748, 87.939002
30.941140, 89.525753
30.786825, 91.112832
30.627815, 92.700249
30.464123, 94.288014
30.295760, 95.876139
30.122738, 97.464632
29.945071, 99.053508
29.762772, 100.642776
29.575854, 102.232451
29.384330, 103.822545
29.188216, 105.413073
28.987525, 107.004049
28.782272, 108.595490
28.572474, 110.187412
28.358144, 111.779832
28.139299, 113.372768
27.915956, 114.966240
27.688131, 116.560268
27.455840, 118.154875
27.219101, 119.750082
26.977932, 121.345914
26.732350, 122.942396
26.482373, 124.539556
26.228021, 126.137422
25.969313, 127.736025
25.706266, 129.335397
25.438902, 130.935572
25.167239, 132.536587
24.891299, 134.138481
24.611101, 135.741295
24.326667, 137.345073
24.038019, 138.949863
23.745176, 140.555714
23.448162, 142.162681
23.146999, 143.770821
22.841710, 145.380197
22.532317, 146.990874
22.218843, 148.602923
21.901313, 150.216422
21.579750, 151.831453
21.254178, 153.448105
20.924623, 155.066474
20.591110, 156.686665
20.253663, 158.308791
19.912309, 159.932973
19.567074, 161.559346
19.217984, 163.188054
18.865067, 164.819256
18.508349, 166.453124
18.147859, 168.089849
17.783625, 169.729638
17.415675, 171.372721
17.044038, 173.019349
16.668745, 174.669803
16.289825, 176.324390
15.907310, 177.983455
15.521229, 179.647380
15.131616, 181.316594
14.738504, 182.991577
14.341924, 184.672867
13.941913, 186.361075
13.538505, 188.056890
13.131736, 189.761098
12.721644, 191.474598
12.308268, 193.198418
11.891648, 194.933748
11.471826, 196.681965
11.048848, 198.444675
10.622760, 200.223764
10.193613, 202.021458
9.761460, 203.840404
9.326361, 205.683774
8.888380, 207.555405
8.447590, 209.459977
8.004072, 211.403260
7.557920, 213.392447
7.109245, 215.436622
6.658181, 217.547417
6.204890, 219.739967
5.749578, 222.034322
5.292514, 224.457593
4.834058, 227.047318
4.374708, 229.856906
3.915190, 232.964818
3.456598, 236.490721
3.000684, 240.625387
2.550427, 245.689110
2.111297, 252.251918
1.694246, 261.386884
1.323234, 275.142770
1.051902, 296.690415
0.971853, 326.131048
1.127930, 353.685473
1.448051, 12.443595
1.850793, 24.441199
2.294541, 32.603024
2.760821, 38.608957
3.240954, 43.333871
3.730479, 47.250082
4.226898, 50.628019
4.728710, 53.631536
5.234958, 56.364940
5.744999, 58.897481
6.258380, 61.276800
6.774773, 63.536686
7.293925, 65.701734
7.815643, 67.790256
8.339767, 69.816157
8.866168, 71.790182
9.394734, 73.720756
9.925369, 75.614584
10.457989, 77.477059
10.992516, 79.312574
11.528881, 81.124739
12.067018, 82.916548
12.606867, 84.690506
13.148370, 86.448723
13.691472, 88.192992
14.236120, 89.924841
14.782264, 91.645585
15.329852, 93.356359
15.878838, 95.058150
16.429172, 96.751819
16.980809, 98.438118
17.533702, 100.117711
18.087805, 101.791186
18.643074, 103.459061
19.199464, 105.121800
19.756931, 106.779816
20.315430, 108.433479
20.874918, 110.083121
21.435350, 111.729041
21.996685, 113.371511
22.558878, 115.010775
23.121886, 116.647054
23.685667, 118.280553
24.250177, 119.911453
24.815374, 121.539925
25.381214, 123.166123
25.947656, 124.790186
26.514656, 126.412247
27.082171, 128.032423
27.650161, 129.650825
28.218581, 131.267556
28.787389, 132.882709
29.356543, 134.496371
29.926001, 136.108624
30.495719, 137.719542
31.065657, 139.329195
31.635770, 140.937649
32.206018, 142.544963
32.776358, 144.151196
33.346747, 145.756399
33.917143, 147.360622
34.487504, 148.963912
35.057788, 150.566312
35.627953, 152.167862
36.197956, 153.768603
36.767756, 155.368568
37.337310, 156.967793
37.906576, 158.566309
38.475513, 160.164147
39.044078, 161.761335
39.612230, 163.357899
40.179926, 164.953866
40.747125, 166.549260
41.313786, 168.144102
41.879865, 169.738415
42.445322, 171.332220
43.010115, 172.925535
43.574203, 174.518379
44.137544, 176.110769
44.700096, 177.702722
45.261818, 179.294255
45.822669, 180.885381
46.382608, 182.476116
46.941593, 184.066472
47.499583, 185.656464
48.056538, 187.246103
48.612416, 188.835401
49.167177, 190.424370
49.720780, 192.013020
50.273183, 193.601362
50.824348, 195.189405
51.374232, 196.777160
51.922796, 198.364635
52.470000, 199.951838
53.015803, 201.538779
53.560164, 203.125465
54.103046, 204.711903
54.644406, 206.298102
55.184206, 207.884067
55.722406, 209.469806
56.258966, 211.055326
56.793848, 212.640632
57.327011, 214.225731
57.858417, 215.810628
58.388027, 217.395329
58.915801, 218.979839
59.441702, 220.564163
59.965690, 222.148306
60.487727, 223.732273
61.007775, 225.316069
61.525796, 226.899697
62.041751, 228.483163
62.555602, 230.066470
63.067313, 231.649623
63.576846, 233.232624
64.084162, 234.815478
64.589225, 236.398188
65.091998, 237.980758
65.592444, 239.563191
66.090527, 241.145490
66.586209, 242.727659
67.079454, 244.309700
67.570227, 245.891616
68.058490, 247.473410
68.544210, 249.055085
69.027348, 250.636643
69.507872, 252.218087
69.985744, 253.799419
70.460930, 255.380642
70.933395, 256.961758
71.403105, 258.542769
71.870025, 260.123677
72.334121, 261.704485
72.795359, 263.285194
##END=
