##TITLE= Parameter file, TopSpin 4.3.0
##JCAMPDX= 5.0
##DATATYPE= Parameter Values
##ORIGIN= Bruker BioSpin GmbH
##OWNER= nmrsu
$$ 2024-05-09 14:17:22.829 +0100  nmrsu@4CE1161FJM
$$ C:/Bruker/TopSpin4.3.0/exp/stan/nmr/lists/wave/user/multisupp_aux_d8
$$ process C:\Bruker\TopSpin4.3.0\prog\mod\xwinshape.exe
##MINX= 0.42166100
##MAXX= 99.99938900
##MINY= 0.28850700
##MAXY= 359.71149300
##$SHAPE_ADDPHASE= 0
##$SHAPE_AMP= 99.99938936
##$SHAPE_BWFAC= 0
##$SHAPE_BWFAC50= 0
##$SHAPE_CALCBW= yes
##$SHAPE_CALCINTEG= yes
##$SHAPE_EXMODE= <Excitation>
##$SHAPE_EXPAND= <>
##$SHAPE_EXPANDCF= (0..143)
0 0 0 0 0 0 0 0 0 0 0 0 0 0 0 0 0 0 0 0 0 0 0 0 0 0 0 0 0 0 0 0 0 0 0 0
0 0 0 0 0 0 0 0 0 0 0 0 0 0 0 0 0 0 0 0 0 0 0 0 0 0 0 0 0 0 0 0 0 0 0 0
0 0 0 0 0 0 0 0 0 0 0 0 0 0 0 0 0 0 0 0 0 0 0 0 0 0 0 0 0 0 0 0 0 0 0 0
0 0 0 0 0 0 0 0 0 0 0 0 0 0 0 0 0 0 0 0 0 0 0 0 0 0 0 0 0 0 0 0 0 0 0 0
##$SHAPE_EXPFAC= 0
##$SHAPE_FRACEND= 0
##$SHAPE_FRACORG= 0
##$SHAPE_FRACSTART= 0
##$SHAPE_INTEGFAC= 0
##$SHAPE_KEEPRES= yes
##$SHAPE_LENGTH= 25000.000373
##$SHAPE_MAN= <M>
##$SHAPE_MODE= 3
##$SHAPE_MODFREQ= 0
##$SHAPE_MODPHASE= 0
##$SHAPE_MODSCALE= 0
##$SHAPE_MODSW= 0
##$SHAPE_MODSWDIR= -1
##$SHAPE_NPOINTS= 1250
##$SHAPE_OFFS= <1 3>
##$SHAPE_OFFSCOEFF= (0..95)
-160.88068 0 100 -228.59596 0 100 -297.11946 0 100 0 0 0 0 0 0 0 0 0 0
0 0 0 0 0 0 0 0 0 0 0 0 0 0 0 0 0 0 0 0 0 0 0 0 0 0 0 0 0 0 0 0 0 0 0 0
0 0 0 0 0 0 0 0 0 0 0 0 0 0 0 0 0 0 0 0 0 0 0 0 0 0 0 0 0 0 0 0 0 0 0 0
0 0 0 0 0
##$SHAPE_PARAMETER= <>
##$SHAPE_REPHFAC= 0
##$SHAPE_RES= 0
##$SHAPE_SCALEFAC= 1.00000611
##$SHAPE_SCALETYPE= 0
##$SHAPE_SPOAL= 0
##$SHAPE_SPOFFS= 0
##$SHAPE_SPOPH= 0
##$SHAPE_TOTROT= 90
##$SHAPE_TYPE= <Excitation>
##$SHAPE_USER_DEF= <>
##$SHAPE_VERSION= 2.1
##$SHL_ADDPHASE= (0..15)
0 0 0 0 0 0 0 0 0 0 0 0 0 0 0 0
##$SHL_ALIGNOFFSET= (0..15)
0 0 0 0 0 0 0 0 0 0 0 0 0 0 0 0
##$SHL_AMP= (0..15)
100 0 0 0 0 0 0 0 0 0 0 0 0 0 0 0
##$SHL_AMPFAC= (0..15)
0 0 0 0 0 0 0 0 0 0 0 0 0 0 0 0
##$SHL_BETA= (0..15)
0 0 0 0 0 0 0 0 0 0 0 0 0 0 0 0
##$SHL_BWFAC= (0..15)
1.116 0 0 0 0 0 0 0 0 0 0 0 0 0 0 0
##$SHL_CALCBW= (0..15)
yes yes yes yes yes yes yes yes yes yes yes yes yes yes yes yes
##$SHL_CALCINTEG= (0..15)
yes yes yes yes yes yes yes yes yes yes yes yes yes yes yes yes
##$SHL_CENTERAMP= (0..15)
0 0 0 0 0 0 0 0 0 0 0 0 0 0 0 0
##$SHL_CYCNUM= (0..15)
0 0 0 0 0 0 0 0 0 0 0 0 0 0 0 0
##$SHL_DIPOLCPL= (0..15)
0 0 0 0 0 0 0 0 0 0 0 0 0 0 0 0
##$SHL_ENDAMP= (0..15)
0 0 0 0 0 0 0 0 0 0 0 0 0 0 0 0
##$SHL_EXMODE= (0..15)
<Excitation> <> <> <> <> <> <> <> <> <> <> <> <> <> <> <>
##$SHL_EXPAND= (0..15)
<> <> <> <> <> <> <> <> <> <> <> <> <> <> <> <>
##$SHL_EXPANDCF0= (0..143)
0 0 0 0 0 0 0 0 0 0 0 0 0 0 0 0 0 0 0 0 0 0 0 0 0 0 0 0 0 0 0 0 0 0 0 0
0 0 0 0 0 0 0 0 0 0 0 0 0 0 0 0 0 0 0 0 0 0 0 0 0 0 0 0 0 0 0 0 0 0 0 0
0 0 0 0 0 0 0 0 0 0 0 0 0 0 0 0 0 0 0 0 0 0 0 0 0 0 0 0 0 0 0 0 0 0 0 0
0 0 0 0 0 0 0 0 0 0 0 0 0 0 0 0 0 0 0 0 0 0 0 0 0 0 0 0 0 0 0 0 0 0 0 0
##$SHL_EXPANDCF1= (0..143)
0 0 0 0 0 0 0 0 0 0 0 0 0 0 0 0 0 0 0 0 0 0 0 0 0 0 0 0 0 0 0 0 0 0 0 0
0 0 0 0 0 0 0 0 0 0 0 0 0 0 0 0 0 0 0 0 0 0 0 0 0 0 0 0 0 0 0 0 0 0 0 0
0 0 0 0 0 0 0 0 0 0 0 0 0 0 0 0 0 0 0 0 0 0 0 0 0 0 0 0 0 0 0 0 0 0 0 0
0 0 0 0 0 0 0 0 0 0 0 0 0 0 0 0 0 0 0 0 0 0 0 0 0 0 0 0 0 0 0 0 0 0 0 0
##$SHL_EXPANDCF10= (0..143)
0 0 0 0 0 0 0 0 0 0 0 0 0 0 0 0 0 0 0 0 0 0 0 0 0 0 0 0 0 0 0 0 0 0 0 0
0 0 0 0 0 0 0 0 0 0 0 0 0 0 0 0 0 0 0 0 0 0 0 0 0 0 0 0 0 0 0 0 0 0 0 0
0 0 0 0 0 0 0 0 0 0 0 0 0 0 0 0 0 0 0 0 0 0 0 0 0 0 0 0 0 0 0 0 0 0 0 0
0 0 0 0 0 0 0 0 0 0 0 0 0 0 0 0 0 0 0 0 0 0 0 0 0 0 0 0 0 0 0 0 0 0 0 0
##$SHL_EXPANDCF11= (0..143)
0 0 0 0 0 0 0 0 0 0 0 0 0 0 0 0 0 0 0 0 0 0 0 0 0 0 0 0 0 0 0 0 0 0 0 0
0 0 0 0 0 0 0 0 0 0 0 0 0 0 0 0 0 0 0 0 0 0 0 0 0 0 0 0 0 0 0 0 0 0 0 0
0 0 0 0 0 0 0 0 0 0 0 0 0 0 0 0 0 0 0 0 0 0 0 0 0 0 0 0 0 0 0 0 0 0 0 0
0 0 0 0 0 0 0 0 0 0 0 0 0 0 0 0 0 0 0 0 0 0 0 0 0 0 0 0 0 0 0 0 0 0 0 0
##$SHL_EXPANDCF12= (0..143)
0 0 0 0 0 0 0 0 0 0 0 0 0 0 0 0 0 0 0 0 0 0 0 0 0 0 0 0 0 0 0 0 0 0 0 0
0 0 0 0 0 0 0 0 0 0 0 0 0 0 0 0 0 0 0 0 0 0 0 0 0 0 0 0 0 0 0 0 0 0 0 0
0 0 0 0 0 0 0 0 0 0 0 0 0 0 0 0 0 0 0 0 0 0 0 0 0 0 0 0 0 0 0 0 0 0 0 0
0 0 0 0 0 0 0 0 0 0 0 0 0 0 0 0 0 0 0 0 0 0 0 0 0 0 0 0 0 0 0 0 0 0 0 0
##$SHL_EXPANDCF13= (0..143)
0 0 0 0 0 0 0 0 0 0 0 0 0 0 0 0 0 0 0 0 0 0 0 0 0 0 0 0 0 0 0 0 0 0 0 0
0 0 0 0 0 0 0 0 0 0 0 0 0 0 0 0 0 0 0 0 0 0 0 0 0 0 0 0 0 0 0 0 0 0 0 0
0 0 0 0 0 0 0 0 0 0 0 0 0 0 0 0 0 0 0 0 0 0 0 0 0 0 0 0 0 0 0 0 0 0 0 0
0 0 0 0 0 0 0 0 0 0 0 0 0 0 0 0 0 0 0 0 0 0 0 0 0 0 0 0 0 0 0 0 0 0 0 0
##$SHL_EXPANDCF14= (0..143)
0 0 0 0 0 0 0 0 0 0 0 0 0 0 0 0 0 0 0 0 0 0 0 0 0 0 0 0 0 0 0 0 0 0 0 0
0 0 0 0 0 0 0 0 0 0 0 0 0 0 0 0 0 0 0 0 0 0 0 0 0 0 0 0 0 0 0 0 0 0 0 0
0 0 0 0 0 0 0 0 0 0 0 0 0 0 0 0 0 0 0 0 0 0 0 0 0 0 0 0 0 0 0 0 0 0 0 0
0 0 0 0 0 0 0 0 0 0 0 0 0 0 0 0 0 0 0 0 0 0 0 0 0 0 0 0 0 0 0 0 0 0 0 0
##$SHL_EXPANDCF15= (0..143)
0 0 0 0 0 0 0 0 0 0 0 0 0 0 0 0 0 0 0 0 0 0 0 0 0 0 0 0 0 0 0 0 0 0 0 0
0 0 0 0 0 0 0 0 0 0 0 0 0 0 0 0 0 0 0 0 0 0 0 0 0 0 0 0 0 0 0 0 0 0 0 0
0 0 0 0 0 0 0 0 0 0 0 0 0 0 0 0 0 0 0 0 0 0 0 0 0 0 0 0 0 0 0 0 0 0 0 0
0 0 0 0 0 0 0 0 0 0 0 0 0 0 0 0 0 0 0 0 0 0 0 0 0 0 0 0 0 0 0 0 0 0 0 0
##$SHL_EXPANDCF2= (0..143)
0 0 0 0 0 0 0 0 0 0 0 0 0 0 0 0 0 0 0 0 0 0 0 0 0 0 0 0 0 0 0 0 0 0 0 0
0 0 0 0 0 0 0 0 0 0 0 0 0 0 0 0 0 0 0 0 0 0 0 0 0 0 0 0 0 0 0 0 0 0 0 0
0 0 0 0 0 0 0 0 0 0 0 0 0 0 0 0 0 0 0 0 0 0 0 0 0 0 0 0 0 0 0 0 0 0 0 0
0 0 0 0 0 0 0 0 0 0 0 0 0 0 0 0 0 0 0 0 0 0 0 0 0 0 0 0 0 0 0 0 0 0 0 0
##$SHL_EXPANDCF3= (0..143)
0 0 0 0 0 0 0 0 0 0 0 0 0 0 0 0 0 0 0 0 0 0 0 0 0 0 0 0 0 0 0 0 0 0 0 0
0 0 0 0 0 0 0 0 0 0 0 0 0 0 0 0 0 0 0 0 0 0 0 0 0 0 0 0 0 0 0 0 0 0 0 0
0 0 0 0 0 0 0 0 0 0 0 0 0 0 0 0 0 0 0 0 0 0 0 0 0 0 0 0 0 0 0 0 0 0 0 0
0 0 0 0 0 0 0 0 0 0 0 0 0 0 0 0 0 0 0 0 0 0 0 0 0 0 0 0 0 0 0 0 0 0 0 0
##$SHL_EXPANDCF4= (0..143)
0 0 0 0 0 0 0 0 0 0 0 0 0 0 0 0 0 0 0 0 0 0 0 0 0 0 0 0 0 0 0 0 0 0 0 0
0 0 0 0 0 0 0 0 0 0 0 0 0 0 0 0 0 0 0 0 0 0 0 0 0 0 0 0 0 0 0 0 0 0 0 0
0 0 0 0 0 0 0 0 0 0 0 0 0 0 0 0 0 0 0 0 0 0 0 0 0 0 0 0 0 0 0 0 0 0 0 0
0 0 0 0 0 0 0 0 0 0 0 0 0 0 0 0 0 0 0 0 0 0 0 0 0 0 0 0 0 0 0 0 0 0 0 0
##$SHL_EXPANDCF5= (0..143)
0 0 0 0 0 0 0 0 0 0 0 0 0 0 0 0 0 0 0 0 0 0 0 0 0 0 0 0 0 0 0 0 0 0 0 0
0 0 0 0 0 0 0 0 0 0 0 0 0 0 0 0 0 0 0 0 0 0 0 0 0 0 0 0 0 0 0 0 0 0 0 0
0 0 0 0 0 0 0 0 0 0 0 0 0 0 0 0 0 0 0 0 0 0 0 0 0 0 0 0 0 0 0 0 0 0 0 0
0 0 0 0 0 0 0 0 0 0 0 0 0 0 0 0 0 0 0 0 0 0 0 0 0 0 0 0 0 0 0 0 0 0 0 0
##$SHL_EXPANDCF6= (0..143)
0 0 0 0 0 0 0 0 0 0 0 0 0 0 0 0 0 0 0 0 0 0 0 0 0 0 0 0 0 0 0 0 0 0 0 0
0 0 0 0 0 0 0 0 0 0 0 0 0 0 0 0 0 0 0 0 0 0 0 0 0 0 0 0 0 0 0 0 0 0 0 0
0 0 0 0 0 0 0 0 0 0 0 0 0 0 0 0 0 0 0 0 0 0 0 0 0 0 0 0 0 0 0 0 0 0 0 0
0 0 0 0 0 0 0 0 0 0 0 0 0 0 0 0 0 0 0 0 0 0 0 0 0 0 0 0 0 0 0 0 0 0 0 0
##$SHL_EXPANDCF7= (0..143)
0 0 0 0 0 0 0 0 0 0 0 0 0 0 0 0 0 0 0 0 0 0 0 0 0 0 0 0 0 0 0 0 0 0 0 0
0 0 0 0 0 0 0 0 0 0 0 0 0 0 0 0 0 0 0 0 0 0 0 0 0 0 0 0 0 0 0 0 0 0 0 0
0 0 0 0 0 0 0 0 0 0 0 0 0 0 0 0 0 0 0 0 0 0 0 0 0 0 0 0 0 0 0 0 0 0 0 0
0 0 0 0 0 0 0 0 0 0 0 0 0 0 0 0 0 0 0 0 0 0 0 0 0 0 0 0 0 0 0 0 0 0 0 0
##$SHL_EXPANDCF8= (0..143)
0 0 0 0 0 0 0 0 0 0 0 0 0 0 0 0 0 0 0 0 0 0 0 0 0 0 0 0 0 0 0 0 0 0 0 0
0 0 0 0 0 0 0 0 0 0 0 0 0 0 0 0 0 0 0 0 0 0 0 0 0 0 0 0 0 0 0 0 0 0 0 0
0 0 0 0 0 0 0 0 0 0 0 0 0 0 0 0 0 0 0 0 0 0 0 0 0 0 0 0 0 0 0 0 0 0 0 0
0 0 0 0 0 0 0 0 0 0 0 0 0 0 0 0 0 0 0 0 0 0 0 0 0 0 0 0 0 0 0 0 0 0 0 0
##$SHL_EXPANDCF9= (0..143)
0 0 0 0 0 0 0 0 0 0 0 0 0 0 0 0 0 0 0 0 0 0 0 0 0 0 0 0 0 0 0 0 0 0 0 0
0 0 0 0 0 0 0 0 0 0 0 0 0 0 0 0 0 0 0 0 0 0 0 0 0 0 0 0 0 0 0 0 0 0 0 0
0 0 0 0 0 0 0 0 0 0 0 0 0 0 0 0 0 0 0 0 0 0 0 0 0 0 0 0 0 0 0 0 0 0 0 0
0 0 0 0 0 0 0 0 0 0 0 0 0 0 0 0 0 0 0 0 0 0 0 0 0 0 0 0 0 0 0 0 0 0 0 0
##$SHL_EXPFAC= (0..15)
0 0 0 0 0 0 0 0 0 0 0 0 0 0 0 0
##$SHL_FRACEND= (0..15)
0 0 0 0 0 0 0 0 0 0 0 0 0 0 0 0
##$SHL_FRACORG= (0..15)
0 0 0 0 0 0 0 0 0 0 0 0 0 0 0 0
##$SHL_FRACSTART= (0..15)
0 0 0 0 0 0 0 0 0 0 0 0 0 0 0 0
##$SHL_FULLHALF= (0..15)
0 0 0 0 0 0 0 0 0 0 0 0 0 0 0 0
##$SHL_FUNCAMP= (0..15)
100 0 0 0 0 0 0 0 0 0 0 0 0 0 0 0
##$SHL_FUNCTION= (0..15)
<Rectangle> <> <> <> <> <> <> <> <> <> <> <> <> <> <> <>
##$SHL_GCO= (0..15)
<> <> <> <> <> <> <> <> <> <> <> <> <> <> <> <>
##$SHL_GCOCOEFFS0= (0..59)
0 0 0 0 0 0 0 0 0 0 0 0 0 0 0 0 0 0 0 0 0 0 0 0 0 0 0 0 0 0 0 0 0 0 0 0
0 0 0 0 0 0 0 0 0 0 0 0 0 0 0 0 0 0 0 0 0 0 0 0
##$SHL_GCOCOEFFS1= (0..59)
0 0 0 0 0 0 0 0 0 0 0 0 0 0 0 0 0 0 0 0 0 0 0 0 0 0 0 0 0 0 0 0 0 0 0 0
0 0 0 0 0 0 0 0 0 0 0 0 0 0 0 0 0 0 0 0 0 0 0 0
##$SHL_GCOCOEFFS10= (0..59)
0 0 0 0 0 0 0 0 0 0 0 0 0 0 0 0 0 0 0 0 0 0 0 0 0 0 0 0 0 0 0 0 0 0 0 0
0 0 0 0 0 0 0 0 0 0 0 0 0 0 0 0 0 0 0 0 0 0 0 0
##$SHL_GCOCOEFFS11= (0..59)
0 0 0 0 0 0 0 0 0 0 0 0 0 0 0 0 0 0 0 0 0 0 0 0 0 0 0 0 0 0 0 0 0 0 0 0
0 0 0 0 0 0 0 0 0 0 0 0 0 0 0 0 0 0 0 0 0 0 0 0
##$SHL_GCOCOEFFS12= (0..59)
0 0 0 0 0 0 0 0 0 0 0 0 0 0 0 0 0 0 0 0 0 0 0 0 0 0 0 0 0 0 0 0 0 0 0 0
0 0 0 0 0 0 0 0 0 0 0 0 0 0 0 0 0 0 0 0 0 0 0 0
##$SHL_GCOCOEFFS13= (0..59)
0 0 0 0 0 0 0 0 0 0 0 0 0 0 0 0 0 0 0 0 0 0 0 0 0 0 0 0 0 0 0 0 0 0 0 0
0 0 0 0 0 0 0 0 0 0 0 0 0 0 0 0 0 0 0 0 0 0 0 0
##$SHL_GCOCOEFFS14= (0..59)
0 0 0 0 0 0 0 0 0 0 0 0 0 0 0 0 0 0 0 0 0 0 0 0 0 0 0 0 0 0 0 0 0 0 0 0
0 0 0 0 0 0 0 0 0 0 0 0 0 0 0 0 0 0 0 0 0 0 0 0
##$SHL_GCOCOEFFS15= (0..59)
0 0 0 0 0 0 0 0 0 0 0 0 0 0 0 0 0 0 0 0 0 0 0 0 0 0 0 0 0 0 0 0 0 0 0 0
0 0 0 0 0 0 0 0 0 0 0 0 0 0 0 0 0 0 0 0 0 0 0 0
##$SHL_GCOCOEFFS2= (0..59)
0 0 0 0 0 0 0 0 0 0 0 0 0 0 0 0 0 0 0 0 0 0 0 0 0 0 0 0 0 0 0 0 0 0 0 0
0 0 0 0 0 0 0 0 0 0 0 0 0 0 0 0 0 0 0 0 0 0 0 0
##$SHL_GCOCOEFFS3= (0..59)
0 0 0 0 0 0 0 0 0 0 0 0 0 0 0 0 0 0 0 0 0 0 0 0 0 0 0 0 0 0 0 0 0 0 0 0
0 0 0 0 0 0 0 0 0 0 0 0 0 0 0 0 0 0 0 0 0 0 0 0
##$SHL_GCOCOEFFS4= (0..59)
0 0 0 0 0 0 0 0 0 0 0 0 0 0 0 0 0 0 0 0 0 0 0 0 0 0 0 0 0 0 0 0 0 0 0 0
0 0 0 0 0 0 0 0 0 0 0 0 0 0 0 0 0 0 0 0 0 0 0 0
##$SHL_GCOCOEFFS5= (0..59)
0 0 0 0 0 0 0 0 0 0 0 0 0 0 0 0 0 0 0 0 0 0 0 0 0 0 0 0 0 0 0 0 0 0 0 0
0 0 0 0 0 0 0 0 0 0 0 0 0 0 0 0 0 0 0 0 0 0 0 0
##$SHL_GCOCOEFFS6= (0..59)
0 0 0 0 0 0 0 0 0 0 0 0 0 0 0 0 0 0 0 0 0 0 0 0 0 0 0 0 0 0 0 0 0 0 0 0
0 0 0 0 0 0 0 0 0 0 0 0 0 0 0 0 0 0 0 0 0 0 0 0
##$SHL_GCOCOEFFS7= (0..59)
0 0 0 0 0 0 0 0 0 0 0 0 0 0 0 0 0 0 0 0 0 0 0 0 0 0 0 0 0 0 0 0 0 0 0 0
0 0 0 0 0 0 0 0 0 0 0 0 0 0 0 0 0 0 0 0 0 0 0 0
##$SHL_GCOCOEFFS8= (0..59)
0 0 0 0 0 0 0 0 0 0 0 0 0 0 0 0 0 0 0 0 0 0 0 0 0 0 0 0 0 0 0 0 0 0 0 0
0 0 0 0 0 0 0 0 0 0 0 0 0 0 0 0 0 0 0 0 0 0 0 0
##$SHL_GCOCOEFFS9= (0..59)
0 0 0 0 0 0 0 0 0 0 0 0 0 0 0 0 0 0 0 0 0 0 0 0 0 0 0 0 0 0 0 0 0 0 0 0
0 0 0 0 0 0 0 0 0 0 0 0 0 0 0 0 0 0 0 0 0 0 0 0
##$SHL_INTEGFAC= (0..15)
1 0 0 0 0 0 0 0 0 0 0 0 0 0 0 0
##$SHL_LB= (0..15)
0 0 0 0 0 0 0 0 0 0 0 0 0 0 0 0
##$SHL_LEFTLIMIT= (0..15)
0 0 0 0 0 0 0 0 0 0 0 0 0 0 0 0
##$SHL_LENGTH= (0..15)
25000.000373 0 0 0 0 0 0 0 0 0 0 0 0 0 0 0
##$SHL_MAN= (0..15)
<> <> <> <> <> <> <> <> <> <> <> <> <> <> <> <>
##$SHL_MEANAMP= (0..15)
0 0 0 0 0 0 0 0 0 0 0 0 0 0 0 0
##$SHL_MODAMP= (0..15)
0 0 0 0 0 0 0 0 0 0 0 0 0 0 0 0
##$SHL_MODE= (0..15)
0 0 0 0 0 0 0 0 0 0 0 0 0 0 0 0
##$SHL_MODFREQ= (0..15)
0 0 0 0 0 0 0 0 0 0 0 0 0 0 0 0
##$SHL_MODPHASE= (0..15)
0 0 0 0 0 0 0 0 0 0 0 0 0 0 0 0
##$SHL_MODSCALE= (0..15)
0 0 0 0 0 0 0 0 0 0 0 0 0 0 0 0
##$SHL_MODSW= (0..15)
0 0 0 0 0 0 0 0 0 0 0 0 0 0 0 0
##$SHL_MODSWDIR= (0..15)
-1 -1 -1 -1 -1 -1 -1 -1 -1 -1 -1 -1 -1 -1 -1 -1
##$SHL_MU= (0..15)
0 0 0 0 0 0 0 0 0 0 0 0 0 0 0 0
##$SHL_NPOINTS= (0..15)
1250 0 0 0 0 0 0 0 0 0 0 0 0 0 0 0
##$SHL_OFFS= (0..15)
<> <> <> <> <> <> <> <> <> <> <> <> <> <> <> <>
##$SHL_OFFSCOEFF0= (0..95)
0 0 0 0 0 0 0 0 0 0 0 0 0 0 0 0 0 0 0 0 0 0 0 0 0 0 0 0 0 0 0 0 0 0 0 0
0 0 0 0 0 0 0 0 0 0 0 0 0 0 0 0 0 0 0 0 0 0 0 0 0 0 0 0 0 0 0 0 0 0 0 0
0 0 0 0 0 0 0 0 0 0 0 0 0 0 0 0 0 0 0 0 0 0 0 0
##$SHL_OFFSCOEFF1= (0..95)
0 0 0 0 0 0 0 0 0 0 0 0 0 0 0 0 0 0 0 0 0 0 0 0 0 0 0 0 0 0 0 0 0 0 0 0
0 0 0 0 0 0 0 0 0 0 0 0 0 0 0 0 0 0 0 0 0 0 0 0 0 0 0 0 0 0 0 0 0 0 0 0
0 0 0 0 0 0 0 0 0 0 0 0 0 0 0 0 0 0 0 0 0 0 0 0
##$SHL_OFFSCOEFF10= (0..95)
0 0 0 0 0 0 0 0 0 0 0 0 0 0 0 0 0 0 0 0 0 0 0 0 0 0 0 0 0 0 0 0 0 0 0 0
0 0 0 0 0 0 0 0 0 0 0 0 0 0 0 0 0 0 0 0 0 0 0 0 0 0 0 0 0 0 0 0 0 0 0 0
0 0 0 0 0 0 0 0 0 0 0 0 0 0 0 0 0 0 0 0 0 0 0 0
##$SHL_OFFSCOEFF11= (0..95)
0 0 0 0 0 0 0 0 0 0 0 0 0 0 0 0 0 0 0 0 0 0 0 0 0 0 0 0 0 0 0 0 0 0 0 0
0 0 0 0 0 0 0 0 0 0 0 0 0 0 0 0 0 0 0 0 0 0 0 0 0 0 0 0 0 0 0 0 0 0 0 0
0 0 0 0 0 0 0 0 0 0 0 0 0 0 0 0 0 0 0 0 0 0 0 0
##$SHL_OFFSCOEFF12= (0..95)
0 0 0 0 0 0 0 0 0 0 0 0 0 0 0 0 0 0 0 0 0 0 0 0 0 0 0 0 0 0 0 0 0 0 0 0
0 0 0 0 0 0 0 0 0 0 0 0 0 0 0 0 0 0 0 0 0 0 0 0 0 0 0 0 0 0 0 0 0 0 0 0
0 0 0 0 0 0 0 0 0 0 0 0 0 0 0 0 0 0 0 0 0 0 0 0
##$SHL_OFFSCOEFF13= (0..95)
0 0 0 0 0 0 0 0 0 0 0 0 0 0 0 0 0 0 0 0 0 0 0 0 0 0 0 0 0 0 0 0 0 0 0 0
0 0 0 0 0 0 0 0 0 0 0 0 0 0 0 0 0 0 0 0 0 0 0 0 0 0 0 0 0 0 0 0 0 0 0 0
0 0 0 0 0 0 0 0 0 0 0 0 0 0 0 0 0 0 0 0 0 0 0 0
##$SHL_OFFSCOEFF14= (0..95)
0 0 0 0 0 0 0 0 0 0 0 0 0 0 0 0 0 0 0 0 0 0 0 0 0 0 0 0 0 0 0 0 0 0 0 0
0 0 0 0 0 0 0 0 0 0 0 0 0 0 0 0 0 0 0 0 0 0 0 0 0 0 0 0 0 0 0 0 0 0 0 0
0 0 0 0 0 0 0 0 0 0 0 0 0 0 0 0 0 0 0 0 0 0 0 0
##$SHL_OFFSCOEFF15= (0..95)
0 0 0 0 0 0 0 0 0 0 0 0 0 0 0 0 0 0 0 0 0 0 0 0 0 0 0 0 0 0 0 0 0 0 0 0
0 0 0 0 0 0 0 0 0 0 0 0 0 0 0 0 0 0 0 0 0 0 0 0 0 0 0 0 0 0 0 0 0 0 0 0
0 0 0 0 0 0 0 0 0 0 0 0 0 0 0 0 0 0 0 0 0 0 0 0
##$SHL_OFFSCOEFF2= (0..95)
0 0 0 0 0 0 0 0 0 0 0 0 0 0 0 0 0 0 0 0 0 0 0 0 0 0 0 0 0 0 0 0 0 0 0 0
0 0 0 0 0 0 0 0 0 0 0 0 0 0 0 0 0 0 0 0 0 0 0 0 0 0 0 0 0 0 0 0 0 0 0 0
0 0 0 0 0 0 0 0 0 0 0 0 0 0 0 0 0 0 0 0 0 0 0 0
##$SHL_OFFSCOEFF3= (0..95)
0 0 0 0 0 0 0 0 0 0 0 0 0 0 0 0 0 0 0 0 0 0 0 0 0 0 0 0 0 0 0 0 0 0 0 0
0 0 0 0 0 0 0 0 0 0 0 0 0 0 0 0 0 0 0 0 0 0 0 0 0 0 0 0 0 0 0 0 0 0 0 0
0 0 0 0 0 0 0 0 0 0 0 0 0 0 0 0 0 0 0 0 0 0 0 0
##$SHL_OFFSCOEFF4= (0..95)
0 0 0 0 0 0 0 0 0 0 0 0 0 0 0 0 0 0 0 0 0 0 0 0 0 0 0 0 0 0 0 0 0 0 0 0
0 0 0 0 0 0 0 0 0 0 0 0 0 0 0 0 0 0 0 0 0 0 0 0 0 0 0 0 0 0 0 0 0 0 0 0
0 0 0 0 0 0 0 0 0 0 0 0 0 0 0 0 0 0 0 0 0 0 0 0
##$SHL_OFFSCOEFF5= (0..95)
0 0 0 0 0 0 0 0 0 0 0 0 0 0 0 0 0 0 0 0 0 0 0 0 0 0 0 0 0 0 0 0 0 0 0 0
0 0 0 0 0 0 0 0 0 0 0 0 0 0 0 0 0 0 0 0 0 0 0 0 0 0 0 0 0 0 0 0 0 0 0 0
0 0 0 0 0 0 0 0 0 0 0 0 0 0 0 0 0 0 0 0 0 0 0 0
##$SHL_OFFSCOEFF6= (0..95)
0 0 0 0 0 0 0 0 0 0 0 0 0 0 0 0 0 0 0 0 0 0 0 0 0 0 0 0 0 0 0 0 0 0 0 0
0 0 0 0 0 0 0 0 0 0 0 0 0 0 0 0 0 0 0 0 0 0 0 0 0 0 0 0 0 0 0 0 0 0 0 0
0 0 0 0 0 0 0 0 0 0 0 0 0 0 0 0 0 0 0 0 0 0 0 0
##$SHL_OFFSCOEFF7= (0..95)
0 0 0 0 0 0 0 0 0 0 0 0 0 0 0 0 0 0 0 0 0 0 0 0 0 0 0 0 0 0 0 0 0 0 0 0
0 0 0 0 0 0 0 0 0 0 0 0 0 0 0 0 0 0 0 0 0 0 0 0 0 0 0 0 0 0 0 0 0 0 0 0
0 0 0 0 0 0 0 0 0 0 0 0 0 0 0 0 0 0 0 0 0 0 0 0
##$SHL_OFFSCOEFF8= (0..95)
0 0 0 0 0 0 0 0 0 0 0 0 0 0 0 0 0 0 0 0 0 0 0 0 0 0 0 0 0 0 0 0 0 0 0 0
0 0 0 0 0 0 0 0 0 0 0 0 0 0 0 0 0 0 0 0 0 0 0 0 0 0 0 0 0 0 0 0 0 0 0 0
0 0 0 0 0 0 0 0 0 0 0 0 0 0 0 0 0 0 0 0 0 0 0 0
##$SHL_OFFSCOEFF9= (0..95)
0 0 0 0 0 0 0 0 0 0 0 0 0 0 0 0 0 0 0 0 0 0 0 0 0 0 0 0 0 0 0 0 0 0 0 0
0 0 0 0 0 0 0 0 0 0 0 0 0 0 0 0 0 0 0 0 0 0 0 0 0 0 0 0 0 0 0 0 0 0 0 0
0 0 0 0 0 0 0 0 0 0 0 0 0 0 0 0 0 0 0 0 0 0 0 0
##$SHL_PHASE= (0..15)
0 0 0 0 0 0 0 0 0 0 0 0 0 0 0 0
##$SHL_PHASEFAC= (0..15)
0 0 0 0 0 0 0 0 0 0 0 0 0 0 0 0
##$SHL_POWERINDEX= (0..15)
0 0 0 0 0 0 0 0 0 0 0 0 0 0 0 0
##$SHL_QUADCOEFF= (0..15)
0 0 0 0 0 0 0 0 0 0 0 0 0 0 0 0
##$SHL_RIGHTLIMIT= (0..15)
0 0 0 0 0 0 0 0 0 0 0 0 0 0 0 0
##$SHL_SCALEFACTOR= (0..15)
1 1 1 1 1 1 1 1 1 1 1 1 1 1 1 1
##$SHL_SF= (0..15)
<> <> <> <> <> <> <> <> <> <> <> <> <> <> <> <>
##$SHL_SFCOEFFS0= (0..200)
0 0 0 0 0 0 0 0 0 0 0 0 0 0 0 0 0 0 0 0 0 0 0 0 0 0 0 0 0 0 0 0 0 0 0 0
0 0 0 0 0 0 0 0 0 0 0 0 0 0 0 0 0 0 0 0 0 0 0 0 0 0 0 0 0 0 0 0 0 0 0 0
0 0 0 0 0 0 0 0 0 0 0 0 0 0 0 0 0 0 0 0 0 0 0 0 0 0 0 0 0 0 0 0 0 0 0 0
0 0 0 0 0 0 0 0 0 0 0 0 0 0 0 0 0 0 0 0 0 0 0 0 0 0 0 0 0 0 0 0 0 0 0 0
0 0 0 0 0 0 0 0 0 0 0 0 0 0 0 0 0 0 0 0 0 0 0 0 0 0 0 0 0 0 0 0 0 0 0 0
0 0 0 0 0 0 0 0 0 0 0 0 0 0 0 0 0 0 0 0 0
##$SHL_SFCOEFFS1= (0..200)
0 0 0 0 0 0 0 0 0 0 0 0 0 0 0 0 0 0 0 0 0 0 0 0 0 0 0 0 0 0 0 0 0 0 0 0
0 0 0 0 0 0 0 0 0 0 0 0 0 0 0 0 0 0 0 0 0 0 0 0 0 0 0 0 0 0 0 0 0 0 0 0
0 0 0 0 0 0 0 0 0 0 0 0 0 0 0 0 0 0 0 0 0 0 0 0 0 0 0 0 0 0 0 0 0 0 0 0
0 0 0 0 0 0 0 0 0 0 0 0 0 0 0 0 0 0 0 0 0 0 0 0 0 0 0 0 0 0 0 0 0 0 0 0
0 0 0 0 0 0 0 0 0 0 0 0 0 0 0 0 0 0 0 0 0 0 0 0 0 0 0 0 0 0 0 0 0 0 0 0
0 0 0 0 0 0 0 0 0 0 0 0 0 0 0 0 0 0 0 0 0
##$SHL_SFCOEFFS10= (0..200)
0 0 0 0 0 0 0 0 0 0 0 0 0 0 0 0 0 0 0 0 0 0 0 0 0 0 0 0 0 0 0 0 0 0 0 0
0 0 0 0 0 0 0 0 0 0 0 0 0 0 0 0 0 0 0 0 0 0 0 0 0 0 0 0 0 0 0 0 0 0 0 0
0 0 0 0 0 0 0 0 0 0 0 0 0 0 0 0 0 0 0 0 0 0 0 0 0 0 0 0 0 0 0 0 0 0 0 0
0 0 0 0 0 0 0 0 0 0 0 0 0 0 0 0 0 0 0 0 0 0 0 0 0 0 0 0 0 0 0 0 0 0 0 0
0 0 0 0 0 0 0 0 0 0 0 0 0 0 0 0 0 0 0 0 0 0 0 0 0 0 0 0 0 0 0 0 0 0 0 0
0 0 0 0 0 0 0 0 0 0 0 0 0 0 0 0 0 0 0 0 0
##$SHL_SFCOEFFS11= (0..200)
0 0 0 0 0 0 0 0 0 0 0 0 0 0 0 0 0 0 0 0 0 0 0 0 0 0 0 0 0 0 0 0 0 0 0 0
0 0 0 0 0 0 0 0 0 0 0 0 0 0 0 0 0 0 0 0 0 0 0 0 0 0 0 0 0 0 0 0 0 0 0 0
0 0 0 0 0 0 0 0 0 0 0 0 0 0 0 0 0 0 0 0 0 0 0 0 0 0 0 0 0 0 0 0 0 0 0 0
0 0 0 0 0 0 0 0 0 0 0 0 0 0 0 0 0 0 0 0 0 0 0 0 0 0 0 0 0 0 0 0 0 0 0 0
0 0 0 0 0 0 0 0 0 0 0 0 0 0 0 0 0 0 0 0 0 0 0 0 0 0 0 0 0 0 0 0 0 0 0 0
0 0 0 0 0 0 0 0 0 0 0 0 0 0 0 0 0 0 0 0 0
##$SHL_SFCOEFFS12= (0..200)
0 0 0 0 0 0 0 0 0 0 0 0 0 0 0 0 0 0 0 0 0 0 0 0 0 0 0 0 0 0 0 0 0 0 0 0
0 0 0 0 0 0 0 0 0 0 0 0 0 0 0 0 0 0 0 0 0 0 0 0 0 0 0 0 0 0 0 0 0 0 0 0
0 0 0 0 0 0 0 0 0 0 0 0 0 0 0 0 0 0 0 0 0 0 0 0 0 0 0 0 0 0 0 0 0 0 0 0
0 0 0 0 0 0 0 0 0 0 0 0 0 0 0 0 0 0 0 0 0 0 0 0 0 0 0 0 0 0 0 0 0 0 0 0
0 0 0 0 0 0 0 0 0 0 0 0 0 0 0 0 0 0 0 0 0 0 0 0 0 0 0 0 0 0 0 0 0 0 0 0
0 0 0 0 0 0 0 0 0 0 0 0 0 0 0 0 0 0 0 0 0
##$SHL_SFCOEFFS13= (0..200)
0 0 0 0 0 0 0 0 0 0 0 0 0 0 0 0 0 0 0 0 0 0 0 0 0 0 0 0 0 0 0 0 0 0 0 0
0 0 0 0 0 0 0 0 0 0 0 0 0 0 0 0 0 0 0 0 0 0 0 0 0 0 0 0 0 0 0 0 0 0 0 0
0 0 0 0 0 0 0 0 0 0 0 0 0 0 0 0 0 0 0 0 0 0 0 0 0 0 0 0 0 0 0 0 0 0 0 0
0 0 0 0 0 0 0 0 0 0 0 0 0 0 0 0 0 0 0 0 0 0 0 0 0 0 0 0 0 0 0 0 0 0 0 0
0 0 0 0 0 0 0 0 0 0 0 0 0 0 0 0 0 0 0 0 0 0 0 0 0 0 0 0 0 0 0 0 0 0 0 0
0 0 0 0 0 0 0 0 0 0 0 0 0 0 0 0 0 0 0 0 0
##$SHL_SFCOEFFS14= (0..200)
0 0 0 0 0 0 0 0 0 0 0 0 0 0 0 0 0 0 0 0 0 0 0 0 0 0 0 0 0 0 0 0 0 0 0 0
0 0 0 0 0 0 0 0 0 0 0 0 0 0 0 0 0 0 0 0 0 0 0 0 0 0 0 0 0 0 0 0 0 0 0 0
0 0 0 0 0 0 0 0 0 0 0 0 0 0 0 0 0 0 0 0 0 0 0 0 0 0 0 0 0 0 0 0 0 0 0 0
0 0 0 0 0 0 0 0 0 0 0 0 0 0 0 0 0 0 0 0 0 0 0 0 0 0 0 0 0 0 0 0 0 0 0 0
0 0 0 0 0 0 0 0 0 0 0 0 0 0 0 0 0 0 0 0 0 0 0 0 0 0 0 0 0 0 0 0 0 0 0 0
0 0 0 0 0 0 0 0 0 0 0 0 0 0 0 0 0 0 0 0 0
##$SHL_SFCOEFFS15= (0..200)
0 0 0 0 0 0 0 0 0 0 0 0 0 0 0 0 0 0 0 0 0 0 0 0 0 0 0 0 0 0 0 0 0 0 0 0
0 0 0 0 0 0 0 0 0 0 0 0 0 0 0 0 0 0 0 0 0 0 0 0 0 0 0 0 0 0 0 0 0 0 0 0
0 0 0 0 0 0 0 0 0 0 0 0 0 0 0 0 0 0 0 0 0 0 0 0 0 0 0 0 0 0 0 0 0 0 0 0
0 0 0 0 0 0 0 0 0 0 0 0 0 0 0 0 0 0 0 0 0 0 0 0 0 0 0 0 0 0 0 0 0 0 0 0
0 0 0 0 0 0 0 0 0 0 0 0 0 0 0 0 0 0 0 0 0 0 0 0 0 0 0 0 0 0 0 0 0 0 0 0
0 0 0 0 0 0 0 0 0 0 0 0 0 0 0 0 0 0 0 0 0
##$SHL_SFCOEFFS2= (0..200)
0 0 0 0 0 0 0 0 0 0 0 0 0 0 0 0 0 0 0 0 0 0 0 0 0 0 0 0 0 0 0 0 0 0 0 0
0 0 0 0 0 0 0 0 0 0 0 0 0 0 0 0 0 0 0 0 0 0 0 0 0 0 0 0 0 0 0 0 0 0 0 0
0 0 0 0 0 0 0 0 0 0 0 0 0 0 0 0 0 0 0 0 0 0 0 0 0 0 0 0 0 0 0 0 0 0 0 0
0 0 0 0 0 0 0 0 0 0 0 0 0 0 0 0 0 0 0 0 0 0 0 0 0 0 0 0 0 0 0 0 0 0 0 0
0 0 0 0 0 0 0 0 0 0 0 0 0 0 0 0 0 0 0 0 0 0 0 0 0 0 0 0 0 0 0 0 0 0 0 0
0 0 0 0 0 0 0 0 0 0 0 0 0 0 0 0 0 0 0 0 0
##$SHL_SFCOEFFS3= (0..200)
0 0 0 0 0 0 0 0 0 0 0 0 0 0 0 0 0 0 0 0 0 0 0 0 0 0 0 0 0 0 0 0 0 0 0 0
0 0 0 0 0 0 0 0 0 0 0 0 0 0 0 0 0 0 0 0 0 0 0 0 0 0 0 0 0 0 0 0 0 0 0 0
0 0 0 0 0 0 0 0 0 0 0 0 0 0 0 0 0 0 0 0 0 0 0 0 0 0 0 0 0 0 0 0 0 0 0 0
0 0 0 0 0 0 0 0 0 0 0 0 0 0 0 0 0 0 0 0 0 0 0 0 0 0 0 0 0 0 0 0 0 0 0 0
0 0 0 0 0 0 0 0 0 0 0 0 0 0 0 0 0 0 0 0 0 0 0 0 0 0 0 0 0 0 0 0 0 0 0 0
0 0 0 0 0 0 0 0 0 0 0 0 0 0 0 0 0 0 0 0 0
##$SHL_SFCOEFFS4= (0..200)
0 0 0 0 0 0 0 0 0 0 0 0 0 0 0 0 0 0 0 0 0 0 0 0 0 0 0 0 0 0 0 0 0 0 0 0
0 0 0 0 0 0 0 0 0 0 0 0 0 0 0 0 0 0 0 0 0 0 0 0 0 0 0 0 0 0 0 0 0 0 0 0
0 0 0 0 0 0 0 0 0 0 0 0 0 0 0 0 0 0 0 0 0 0 0 0 0 0 0 0 0 0 0 0 0 0 0 0
0 0 0 0 0 0 0 0 0 0 0 0 0 0 0 0 0 0 0 0 0 0 0 0 0 0 0 0 0 0 0 0 0 0 0 0
0 0 0 0 0 0 0 0 0 0 0 0 0 0 0 0 0 0 0 0 0 0 0 0 0 0 0 0 0 0 0 0 0 0 0 0
0 0 0 0 0 0 0 0 0 0 0 0 0 0 0 0 0 0 0 0 0
##$SHL_SFCOEFFS5= (0..200)
0 0 0 0 0 0 0 0 0 0 0 0 0 0 0 0 0 0 0 0 0 0 0 0 0 0 0 0 0 0 0 0 0 0 0 0
0 0 0 0 0 0 0 0 0 0 0 0 0 0 0 0 0 0 0 0 0 0 0 0 0 0 0 0 0 0 0 0 0 0 0 0
0 0 0 0 0 0 0 0 0 0 0 0 0 0 0 0 0 0 0 0 0 0 0 0 0 0 0 0 0 0 0 0 0 0 0 0
0 0 0 0 0 0 0 0 0 0 0 0 0 0 0 0 0 0 0 0 0 0 0 0 0 0 0 0 0 0 0 0 0 0 0 0
0 0 0 0 0 0 0 0 0 0 0 0 0 0 0 0 0 0 0 0 0 0 0 0 0 0 0 0 0 0 0 0 0 0 0 0
0 0 0 0 0 0 0 0 0 0 0 0 0 0 0 0 0 0 0 0 0
##$SHL_SFCOEFFS6= (0..200)
0 0 0 0 0 0 0 0 0 0 0 0 0 0 0 0 0 0 0 0 0 0 0 0 0 0 0 0 0 0 0 0 0 0 0 0
0 0 0 0 0 0 0 0 0 0 0 0 0 0 0 0 0 0 0 0 0 0 0 0 0 0 0 0 0 0 0 0 0 0 0 0
0 0 0 0 0 0 0 0 0 0 0 0 0 0 0 0 0 0 0 0 0 0 0 0 0 0 0 0 0 0 0 0 0 0 0 0
0 0 0 0 0 0 0 0 0 0 0 0 0 0 0 0 0 0 0 0 0 0 0 0 0 0 0 0 0 0 0 0 0 0 0 0
0 0 0 0 0 0 0 0 0 0 0 0 0 0 0 0 0 0 0 0 0 0 0 0 0 0 0 0 0 0 0 0 0 0 0 0
0 0 0 0 0 0 0 0 0 0 0 0 0 0 0 0 0 0 0 0 0
##$SHL_SFCOEFFS7= (0..200)
0 0 0 0 0 0 0 0 0 0 0 0 0 0 0 0 0 0 0 0 0 0 0 0 0 0 0 0 0 0 0 0 0 0 0 0
0 0 0 0 0 0 0 0 0 0 0 0 0 0 0 0 0 0 0 0 0 0 0 0 0 0 0 0 0 0 0 0 0 0 0 0
0 0 0 0 0 0 0 0 0 0 0 0 0 0 0 0 0 0 0 0 0 0 0 0 0 0 0 0 0 0 0 0 0 0 0 0
0 0 0 0 0 0 0 0 0 0 0 0 0 0 0 0 0 0 0 0 0 0 0 0 0 0 0 0 0 0 0 0 0 0 0 0
0 0 0 0 0 0 0 0 0 0 0 0 0 0 0 0 0 0 0 0 0 0 0 0 0 0 0 0 0 0 0 0 0 0 0 0
0 0 0 0 0 0 0 0 0 0 0 0 0 0 0 0 0 0 0 0 0
##$SHL_SFCOEFFS8= (0..200)
0 0 0 0 0 0 0 0 0 0 0 0 0 0 0 0 0 0 0 0 0 0 0 0 0 0 0 0 0 0 0 0 0 0 0 0
0 0 0 0 0 0 0 0 0 0 0 0 0 0 0 0 0 0 0 0 0 0 0 0 0 0 0 0 0 0 0 0 0 0 0 0
0 0 0 0 0 0 0 0 0 0 0 0 0 0 0 0 0 0 0 0 0 0 0 0 0 0 0 0 0 0 0 0 0 0 0 0
0 0 0 0 0 0 0 0 0 0 0 0 0 0 0 0 0 0 0 0 0 0 0 0 0 0 0 0 0 0 0 0 0 0 0 0
0 0 0 0 0 0 0 0 0 0 0 0 0 0 0 0 0 0 0 0 0 0 0 0 0 0 0 0 0 0 0 0 0 0 0 0
0 0 0 0 0 0 0 0 0 0 0 0 0 0 0 0 0 0 0 0 0
##$SHL_SFCOEFFS9= (0..200)
0 0 0 0 0 0 0 0 0 0 0 0 0 0 0 0 0 0 0 0 0 0 0 0 0 0 0 0 0 0 0 0 0 0 0 0
0 0 0 0 0 0 0 0 0 0 0 0 0 0 0 0 0 0 0 0 0 0 0 0 0 0 0 0 0 0 0 0 0 0 0 0
0 0 0 0 0 0 0 0 0 0 0 0 0 0 0 0 0 0 0 0 0 0 0 0 0 0 0 0 0 0 0 0 0 0 0 0
0 0 0 0 0 0 0 0 0 0 0 0 0 0 0 0 0 0 0 0 0 0 0 0 0 0 0 0 0 0 0 0 0 0 0 0
0 0 0 0 0 0 0 0 0 0 0 0 0 0 0 0 0 0 0 0 0 0 0 0 0 0 0 0 0 0 0 0 0 0 0 0
0 0 0 0 0 0 0 0 0 0 0 0 0 0 0 0 0 0 0 0 0
##$SHL_SMOOTHED= (0..15)
0 0 0 0 0 0 0 0 0 0 0 0 0 0 0 0
##$SHL_SMOOTHING= (0..15)
0 0 0 0 0 0 0 0 0 0 0 0 0 0 0 0
##$SHL_SPOAL= (0..15)
0 0 0 0 0 0 0 0 0 0 0 0 0 0 0 0
##$SHL_SPOFFS= (0..15)
0 0 0 0 0 0 0 0 0 0 0 0 0 0 0 0
##$SHL_SPOPH= (0..15)
0 0 0 0 0 0 0 0 0 0 0 0 0 0 0 0
##$SHL_STARTAMP= (0..15)
0 0 0 0 0 0 0 0 0 0 0 0 0 0 0 0
##$SHL_SW= (0..15)
0 0 0 0 0 0 0 0 0 0 0 0 0 0 0 0
##$SHL_SWDIR= (0..15)
-1 -1 -1 -1 -1 -1 -1 -1 -1 -1 -1 -1 -1 -1 -1 -1
##$SHL_TANKAPPA= (0..15)
0 0 0 0 0 0 0 0 0 0 0 0 0 0 0 0
##$SHL_TOTROT= (0..15)
90 0 0 0 0 0 0 0 0 0 0 0 0 0 0 0
##$SHL_TRUNCLEV= (0..15)
0 0 0 0 0 0 0 0 0 0 0 0 0 0 0 0
##$SHL_TYPE= (0..15)
<Excitation> <> <> <> <> <> <> <> <> <> <> <> <> <> <> <>
##$SHL_WINDOWSIZE= (0..15)
0 0 0 0 0 0 0 0 0 0 0 0 0 0 0 0
##$SHL_ZETA= (0..15)
0 0 0 0 0 0 0 0 0 0 0 0 0 0 0 0
##NPOINTS= 1250
##XYPOINTS= (XY..XY)
72.784318, 51.156117
72.322985, 52.808885
71.858795, 54.461737
71.391782, 56.114675
70.921980, 57.767702
70.449424, 59.420817
69.974148, 61.074025
69.496187, 62.727326
69.015577, 64.380722
68.532352, 66.034217
68.046547, 67.687811
67.558200, 69.341507
67.067344, 70.995308
66.574017, 72.649215
66.078254, 74.303232
65.580092, 75.957361
65.079567, 77.611604
64.576716, 79.265964
64.071576, 80.920444
63.564184, 82.575048
63.054578, 84.229777
62.542793, 85.884636
62.028869, 87.539627
61.512843, 89.194754
60.994752, 90.850021
60.474634, 92.505430
59.952529, 94.160986
59.428473, 95.816693
58.902506, 97.472555
58.374666, 99.128575
57.844991, 100.784759
57.313521, 102.441111
56.780295, 104.097636
56.245351, 105.754338
55.708730, 107.411223
55.170470, 109.068296
54.630610, 110.725563
54.089191, 112.383029
53.546252, 114.040700
53.001833, 115.698583
52.455974, 117.356685
51.908715, 119.015011
51.360095, 120.673570
50.810157, 122.332368
50.258939, 123.991413
49.706482, 125.650714
49.152827, 127.310279
48.598015, 128.970116
48.042085, 130.630236
47.485080, 132.290647
46.927039, 133.951360
46.368005, 135.612386
45.808017, 137.273735
45.247117, 138.935419
44.685346, 140.597452
44.122746, 142.259844
43.559358, 143.922611
42.995222, 145.585766
42.430382, 147.249325
41.864877, 148.913303
41.298751, 150.577716
40.732043, 152.242582
40.164797, 153.907920
39.597054, 155.573750
39.028855, 157.240091
38.460242, 158.906966
37.891258, 160.574397
37.321943, 162.242410
36.752341, 163.911029
36.182492, 165.580282
35.612439, 167.250199
35.042225, 168.920811
34.471890, 170.592149
33.901477, 172.264250
33.331028, 173.937150
32.760586, 175.610890
32.190192, 177.285511
31.619888, 178.961059
31.049717, 180.637583
30.479720, 182.315135
29.909941, 183.993770
29.340420, 185.673549
28.771202, 187.354535
28.202326, 189.036799
27.633837, 190.720414
27.065776, 192.405462
26.498185, 194.092030
25.931107, 195.780213
25.364584, 197.470113
24.798658, 199.161841
24.233372, 200.855519
23.668768, 202.551279
23.104889, 204.249266
22.541777, 205.949637
21.979474, 207.652567
21.418024, 209.358246
20.857468, 211.066884
20.297851, 212.778713
19.739214, 214.493991
19.181600, 216.213004
18.625054, 217.936068
18.069618, 219.663540
17.515336, 221.395816
16.962251, 223.133345
16.410409, 224.876629
15.859853, 226.626240
15.310629, 228.382827
14.762783, 230.147130
14.216360, 231.919997
13.671408, 233.702408
13.127975, 235.495494
12.586111, 237.300574
12.045867, 239.119193
11.507295, 240.953173
10.970451, 242.804677
10.435394, 244.676294
9.902184, 246.571145
9.370889, 248.493033
8.841582, 250.446636
8.314345, 252.437772
7.789269, 254.473768
7.266461, 256.563981
6.746050, 258.720551
6.228190, 260.959509
5.713077, 263.302457
5.200971, 265.779200
4.692219, 268.431989
4.187318, 271.322679
3.687008, 274.545336
3.192453, 278.249723
2.705614, 282.687897
2.230070, 288.313527
1.773030, 296.009531
1.350847, 307.626753
1.004848, 326.973069
0.831487, 358.060114
0.928747, 31.656506
1.231276, 54.132170
1.626161, 67.436556
2.059164, 75.987671
2.509130, 82.079974
2.967059, 86.794468
3.428629, 90.674072
3.891536, 94.014122
4.354438, 96.987019
4.816502, 99.699479
5.277180, 102.220833
5.736088, 104.597965
6.192953, 106.863667
6.647567, 109.041533
7.099768, 111.148965
7.549428, 113.199068
7.996440, 115.201895
8.440714, 117.165285
8.882171, 119.095439
9.320744, 120.997325
9.756370, 122.874971
10.188994, 124.731674
10.618563, 126.570161
11.045031, 128.392706
11.468351, 130.201218
11.888481, 131.997315
12.305380, 133.782376
12.719009, 135.557581
13.129330, 137.323951
13.536306, 139.082366
13.939902, 140.833598
14.340084, 142.578318
14.736817, 144.317118
15.130069, 146.050520
15.519808, 147.778986
15.906002, 149.502927
16.288620, 151.222709
16.667632, 152.938661
17.043007, 154.651076
17.414717, 156.360218
17.782732, 158.066328
18.147024, 159.769620
18.507564, 161.470291
18.864325, 163.168518
19.217279, 164.864465
19.566400, 166.558279
19.911661, 168.250095
20.253036, 169.940038
20.590498, 171.628221
20.924023, 173.314750
21.253585, 174.999721
21.579159, 176.683224
21.900721, 178.365339
22.218246, 180.046145
22.531712, 181.725711
22.841094, 183.404103
23.146369, 185.081382
23.447515, 186.757604
23.744509, 188.432824
24.037329, 190.107089
24.325953, 191.780446
24.610360, 193.452939
24.890528, 195.124606
25.166437, 196.795487
25.438066, 198.465616
25.705394, 200.135028
25.968404, 201.803752
26.227074, 203.471818
26.481385, 205.139255
26.731319, 206.806087
26.976857, 208.472340
27.217981, 210.138037
27.454674, 211.803200
27.686917, 213.467848
27.914694, 215.132003
28.137987, 216.795682
28.356780, 218.458902
28.571058, 220.121681
28.780803, 221.784034
28.986001, 223.445975
29.186637, 225.107520
29.382696, 226.768681
29.574162, 228.429471
29.761023, 230.089902
29.943264, 231.749986
30.120872, 233.409734
30.293834, 235.069155
30.462137, 236.728261
30.625769, 238.387059
30.784717, 240.045560
30.938970, 241.703772
31.088516, 243.361702
31.233345, 245.019359
31.373445, 246.676750
31.508807, 248.333882
31.639421, 249.990762
31.765276, 251.647395
31.886364, 253.303789
32.002676, 254.959949
32.114203, 256.615880
32.220936, 258.271588
32.322869, 259.927077
32.419993, 261.582353
32.512301, 263.237420
32.599787, 264.892282
32.682443, 266.546943
32.760265, 268.201408
32.833246, 269.855680
32.901381, 271.509762
32.964665, 273.163659
33.023093, 274.817372
33.076661, 276.470905
33.125364, 278.124261
33.169200, 279.777443
33.208165, 281.430452
33.242256, 283.083292
33.271471, 284.735965
33.295807, 286.388472
33.315263, 288.040816
33.329837, 289.692998
33.339529, 291.345020
33.344336, 292.996884
33.344260, 294.648590
33.339300, 296.300141
33.329456, 297.951538
33.314729, 299.602780
33.295121, 301.253871
33.270632, 302.904809
33.241264, 304.555596
33.207020, 306.206232
33.167902, 307.856719
33.123912, 309.507055
33.075055, 311.157241
33.021333, 312.807278
32.962751, 314.457165
32.899312, 316.106902
32.831022, 317.756489
32.757886, 319.405925
32.679908, 321.055210
32.597095, 322.704343
32.509453, 324.353323
32.416987, 326.002149
32.319705, 327.650821
32.217614, 329.299337
32.110722, 330.947695
31.999035, 332.595894
31.882563, 334.243933
31.761314, 335.891809
31.635297, 337.539521
31.504521, 339.187066
31.368995, 340.834443
31.228730, 342.481648
31.083736, 344.128679
30.934023, 345.775533
30.779602, 347.422206
30.620486, 349.068697
30.456685, 350.715000
30.288211, 352.361112
30.115077, 354.007030
29.937295, 355.652749
29.754879, 357.298264
29.567842, 358.943571
29.376198, 0.588664
29.179960, 2.233538
28.979143, 3.878187
28.773763, 5.522606
28.563833, 7.166787
28.349369, 8.810723
28.130387, 10.454409
27.906903, 12.097834
27.678934, 13.740992
27.446496, 15.383874
27.209607, 17.026470
26.968283, 18.668771
26.722542, 20.310765
26.472403, 21.952442
26.217883, 23.593791
25.959003, 25.234797
25.695779, 26.875448
25.428233, 28.515730
25.156383, 30.155628
24.880249, 31.795124
24.599852, 33.434202
24.315213, 35.072844
24.026352, 36.711028
23.733290, 38.348735
23.436050, 39.985941
23.134652, 41.622622
22.829120, 43.258752
22.519476, 44.894302
22.205741, 46.529243
21.887941, 48.163541
21.566097, 49.797162
21.240234, 51.430068
20.910376, 53.062217
20.576547, 54.693566
20.238771, 56.324065
19.897074, 57.953663
19.551481, 59.582302
19.202017, 61.209921
18.848709, 62.836452
18.491582, 64.461820
18.130663, 66.085945
17.765978, 67.708736
17.397556, 69.330096
17.025422, 70.949916
16.649606, 72.568077
16.270134, 74.184445
15.887035, 75.798872
15.500339, 77.411194
15.110073, 79.021226
14.716267, 80.628761
14.318952, 82.233567
13.918156, 83.835381
13.513911, 85.433904
13.106247, 87.028796
12.695196, 88.619669
12.280789, 90.206077
11.863059, 91.787505
11.442039, 93.363355
11.017761, 94.932927
10.590260, 96.495402
10.159570, 98.049809
9.725729, 99.594992
9.288771, 101.129562
8.848736, 102.651836
8.405663, 104.159756
7.959594, 105.650775
7.510574, 107.121707
7.058649, 108.568510
6.603872, 109.985982
6.146301, 111.367309
5.686002, 112.703393
5.223054, 113.981805
4.757556, 115.185118
4.289632, 116.288116
3.819454, 117.252919
3.347276, 118.019933
2.873494, 118.489813
2.398800, 118.484098
1.924538, 117.648426
1.453778, 115.173236
0.995337, 108.786440
0.585671, 90.022297
0.421661, 35.831445
0.708757, 354.075947
1.150563, 341.067349
1.627647, 336.360284
2.117924, 334.545418
2.615287, 334.029731
3.117423, 334.201783
3.623257, 334.780176
4.132213, 335.618109
4.643948, 336.631711
5.158238, 337.769659
5.674924, 338.998811
6.193887, 340.296826
6.715032, 341.648097
7.238280, 343.041396
7.763563, 344.468443
8.290820, 345.922993
8.819994, 347.400255
9.351034, 348.896484
9.883889, 350.408719
10.418512, 351.934581
10.954856, 353.472141
11.492877, 355.019818
12.032530, 356.576302
12.573773, 358.140500
13.116561, 359.711493
13.660852, 1.288502
14.206605, 2.870862
14.753776, 4.458002
15.302324, 6.049431
15.852208, 7.644722
16.403385, 9.243501
16.955814, 10.845445
17.509454, 12.450264
18.064262, 14.057708
18.620198, 15.667550
19.177221, 17.279592
19.735288, 18.893656
20.294358, 20.509582
20.854389, 22.127226
21.415341, 23.746461
21.977171, 25.367169
22.539838, 26.989246
23.103301, 28.612595
23.667518, 30.237131
24.232447, 31.862773
24.798046, 33.489449
25.364274, 35.117094
25.931090, 36.745645
26.498450, 38.375049
27.066315, 40.005253
27.634641, 41.636209
28.203388, 43.267875
28.772512, 44.900211
29.341973, 46.533177
29.911729, 48.166741
30.481737, 49.800869
31.051956, 51.435532
31.622344, 53.070702
32.192859, 54.706352
32.763459, 56.342460
33.334102, 57.979001
33.904747, 59.615955
34.475351, 61.253301
35.045872, 62.891022
35.616269, 64.529099
36.186501, 66.167517
36.756524, 67.806260
37.326297, 69.445312
37.895779, 71.084662
38.464927, 72.724295
39.033700, 74.364199
39.602056, 76.004364
40.169954, 77.644778
40.737351, 79.285430
41.304207, 80.926312
41.870479, 82.567413
42.436127, 84.208726
43.001108, 85.850241
43.565381, 87.491951
44.128905, 89.133849
44.691638, 90.775927
45.253540, 92.418179
45.814568, 94.060598
46.374683, 95.703177
46.933842, 97.345913
47.492006, 98.988797
48.049132, 100.631826
48.605180, 102.274994
49.160110, 103.918297
49.713880, 105.561729
50.266450, 107.205287
50.817780, 108.848966
51.367828, 110.492762
51.916556, 112.136671
52.463922, 113.780690
53.009887, 115.424814
53.554410, 117.069041
54.097452, 118.713368
54.638972, 120.357790
55.178932, 122.002306
55.717291, 123.646911
56.254009, 125.291605
56.789049, 126.936383
57.322370, 128.581243
57.853933, 130.226183
58.383700, 131.871200
58.911632, 133.516293
59.437689, 135.161458
59.961833, 136.806694
60.484027, 138.451999
61.004231, 140.097371
61.522408, 141.742807
62.038519, 143.388307
62.552527, 145.033868
63.064394, 146.679488
63.574082, 148.325166
64.081555, 149.970901
64.586774, 151.616690
65.089704, 153.262533
65.590307, 154.908428
66.088546, 156.554373
66.584385, 158.200367
67.077788, 159.846409
67.568718, 161.492498
68.057139, 163.138632
68.543016, 164.784811
69.026313, 166.431032
69.506995, 168.077296
69.985026, 169.723600
70.460372, 171.369944
70.932997, 173.016327
71.402867, 174.662748
71.869947, 176.309206
72.334204, 177.955700
72.795603, 179.602230
73.254110, 181.248793
73.709692, 182.895390
74.162316, 184.542019
74.611947, 186.188681
75.058554, 187.835373
75.502104, 189.482096
75.942564, 191.128848
76.379901, 192.775630
76.814084, 194.422439
77.245082, 196.069276
77.672861, 197.716140
78.097391, 199.363030
78.518642, 201.009946
78.936581, 202.656886
79.351179, 204.303852
79.762405, 205.950841
80.170228, 207.597853
80.574620, 209.244888
80.975550, 210.891946
81.372989, 212.539025
81.766907, 214.186126
82.157277, 215.833247
82.544069, 217.480388
82.927255, 219.127550
83.306808, 220.774731
83.682698, 222.421930
84.054899, 224.069148
84.423383, 225.716385
84.788123, 227.363639
85.149093, 229.010910
85.506267, 230.658198
85.859617, 232.305502
86.209118, 233.952823
86.554745, 235.600159
86.896472, 237.247511
87.234274, 238.894878
87.568126, 240.542259
87.898004, 242.189655
88.223884, 243.837065
88.545742, 245.484488
88.863554, 247.131925
89.177297, 248.779375
89.486948, 250.426838
89.792484, 252.074313
90.093883, 253.721800
90.391123, 255.369300
90.684182, 257.016810
90.973038, 258.664333
91.257671, 260.311866
91.538060, 261.959410
91.814183, 263.606965
92.086021, 265.254529
92.353554, 266.902104
92.616762, 268.549689
92.875626, 270.197283
93.130127, 271.844887
93.380246, 273.492500
93.625966, 275.140121
93.867267, 276.787751
94.104132, 278.435390
94.336545, 280.083037
94.564487, 281.730691
94.787943, 283.378354
95.006895, 285.026024
95.221329, 286.673701
95.431227, 288.321386
95.636575, 289.969077
95.837358, 291.616776
96.033560, 293.264480
96.225168, 294.912192
96.412168, 296.559909
96.594546, 298.207632
96.772288, 299.855361
96.945381, 301.503096
97.113813, 303.150836
97.277572, 304.798582
97.436644, 306.446333
97.591020, 308.094088
97.740687, 309.741848
97.885635, 311.389613
98.025852, 313.037383
98.161329, 314.685156
98.292056, 316.332934
98.418022, 317.980716
98.539220, 319.628501
98.655639, 321.276290
98.767272, 322.924082
98.874110, 324.571878
98.976146, 326.219677
99.073371, 327.867479
99.165780, 329.515284
99.253364, 331.163091
99.336118, 332.810901
99.414036, 334.458713
99.487111, 336.106528
99.555339, 337.754345
99.618714, 339.402163
99.677232, 341.049983
99.730889, 342.697806
99.779680, 344.345629
99.823603, 345.993454
99.862653, 347.641280
99.896828, 349.289107
99.926126, 350.936935
99.950544, 352.584764
99.970081, 354.232594
99.984735, 355.880424
99.994504, 357.528254
99.999389, 359.176085
99.999389, 0.823915
99.994504, 2.471746
99.984735, 4.119576
99.970081, 5.767406
99.950544, 7.415236
99.926126, 9.063065
99.896828, 10.710893
99.862653, 12.358720
99.823603, 14.006546
99.779680, 15.654371
99.730889, 17.302194
99.677232, 18.950017
99.618714, 20.597837
99.555339, 22.245655
99.487111, 23.893472
99.414036, 25.541287
99.336118, 27.189099
99.253364, 28.836909
99.165780, 30.484716
99.073371, 32.132521
98.976146, 33.780323
98.874110, 35.428122
98.767272, 37.075918
98.655639, 38.723710
98.539220, 40.371499
98.418022, 42.019284
98.292056, 43.667066
98.161329, 45.314844
98.025852, 46.962617
97.885635, 48.610387
97.740687, 50.258152
97.591020, 51.905912
97.436644, 53.553667
97.277572, 55.201418
97.113813, 56.849164
96.945381, 58.496904
96.772288, 60.144639
96.594546, 61.792368
96.412168, 63.440091
96.225168, 65.087808
96.033560, 66.735520
95.837358, 68.383224
95.636575, 70.030923
95.431227, 71.678614
95.221329, 73.326299
95.006895, 74.973976
94.787943, 76.621646
94.564487, 78.269309
94.336545, 79.916963
94.104132, 81.564610
93.867267, 83.212249
93.625966, 84.859879
93.380246, 86.507500
93.130127, 88.155113
92.875626, 89.802717
92.616762, 91.450311
92.353554, 93.097896
92.086021, 94.745471
91.814183, 96.393035
91.538060, 98.040590
91.257671, 99.688134
90.973038, 101.335667
90.684182, 102.983190
90.391123, 104.630700
90.093883, 106.278200
89.792484, 107.925687
89.486948, 109.573162
89.177297, 111.220625
88.863554, 112.868075
88.545742, 114.515512
88.223884, 116.162935
87.898004, 117.810345
87.568126, 119.457741
87.234274, 121.105122
86.896472, 122.752489
86.554745, 124.399841
86.209118, 126.047177
85.859617, 127.694498
85.506267, 129.341802
85.149093, 130.989090
84.788123, 132.636361
84.423383, 134.283615
84.054899, 135.930852
83.682698, 137.578070
83.306808, 139.225269
82.927255, 140.872450
82.544069, 142.519612
82.157277, 144.166753
81.766907, 145.813874
81.372989, 147.460975
80.975550, 149.108054
80.574620, 150.755112
80.170228, 152.402147
79.762405, 154.049159
79.351179, 155.696148
78.936581, 157.343114
78.518642, 158.990054
78.097391, 160.636970
77.672861, 162.283860
77.245082, 163.930724
76.814084, 165.577561
76.379901, 167.224370
75.942564, 168.871152
75.502104, 170.517904
75.058554, 172.164627
74.611947, 173.811319
74.162316, 175.457981
73.709692, 177.104610
73.254110, 178.751207
72.795603, 180.397770
72.334204, 182.044300
71.869947, 183.690794
71.402867, 185.337252
70.932997, 186.983673
70.460372, 188.630056
69.985026, 190.276400
69.506995, 191.922704
69.026313, 193.568968
68.543016, 195.215189
68.057139, 196.861368
67.568718, 198.507502
67.077788, 200.153591
66.584385, 201.799633
66.088546, 203.445627
65.590307, 205.091572
65.089704, 206.737467
64.586774, 208.383310
64.081555, 210.029099
63.574082, 211.674834
63.064394, 213.320512
62.552527, 214.966132
62.038519, 216.611693
61.522408, 218.257193
61.004231, 219.902629
60.484027, 221.548001
59.961833, 223.193306
59.437689, 224.838542
58.911632, 226.483707
58.383700, 228.128800
57.853933, 229.773817
57.322370, 231.418757
56.789049, 233.063617
56.254009, 234.708395
55.717291, 236.353089
55.178932, 237.997694
54.638972, 239.642210
54.097452, 241.286632
53.554410, 242.930959
53.009887, 244.575186
52.463922, 246.219310
51.916556, 247.863329
51.367828, 249.507238
50.817780, 251.151034
50.266450, 252.794713
49.713880, 254.438271
49.160110, 256.081703
48.605180, 257.725006
48.049132, 259.368174
47.492006, 261.011203
46.933842, 262.654087
46.374683, 264.296823
45.814568, 265.939402
45.253540, 267.581821
44.691638, 269.224073
44.128905, 270.866151
43.565381, 272.508049
43.001108, 274.149759
42.436127, 275.791274
41.870479, 277.432587
41.304207, 279.073688
40.737351, 280.714570
40.169954, 282.355222
39.602056, 283.995636
39.033700, 285.635801
38.464927, 287.275705
37.895779, 288.915338
37.326297, 290.554688
36.756524, 292.193740
36.186501, 293.832483
35.616269, 295.470901
35.045872, 297.108978
34.475351, 298.746699
33.904747, 300.384045
33.334102, 302.020999
32.763459, 303.657540
32.192859, 305.293648
31.622344, 306.929298
31.051956, 308.564468
30.481737, 310.199131
29.911729, 311.833259
29.341973, 313.466823
28.772512, 315.099789
28.203388, 316.732125
27.634641, 318.363791
27.066315, 319.994747
26.498450, 321.624951
25.931090, 323.254355
25.364274, 324.882906
24.798046, 326.510551
24.232447, 328.137227
23.667518, 329.762869
23.103301, 331.387405
22.539838, 333.010754
21.977171, 334.632831
21.415341, 336.253539
20.854389, 337.872774
20.294358, 339.490418
19.735288, 341.106344
19.177221, 342.720408
18.620198, 344.332450
18.064262, 345.942292
17.509454, 347.549736
16.955814, 349.154555
16.403385, 350.756499
15.852208, 352.355278
15.302324, 353.950569
14.753776, 355.541998
14.206605, 357.129138
13.660852, 358.711498
13.116561, 0.288507
12.573773, 1.859500
12.032530, 3.423698
11.492877, 4.980182
10.954856, 6.527859
10.418512, 8.065419
9.883889, 9.591281
9.351034, 11.103516
8.819994, 12.599745
8.290820, 14.077007
7.763563, 15.531557
7.238280, 16.958604
6.715032, 18.351903
6.193887, 19.703174
5.674924, 21.001189
5.158238, 22.230341
4.643948, 23.368289
4.132213, 24.381891
3.623257, 25.219824
3.117423, 25.798217
2.615287, 25.970269
2.117924, 25.454582
1.627647, 23.639716
1.150563, 18.932651
0.708757, 5.924053
0.421661, 324.168555
0.585671, 269.977703
0.995337, 251.213560
1.453778, 244.826764
1.924538, 242.351574
2.398800, 241.515902
2.873494, 241.510187
3.347276, 241.980067
3.819454, 242.747081
4.289632, 243.711884
4.757556, 244.814882
5.223054, 246.018195
5.686002, 247.296607
6.146301, 248.632691
6.603872, 250.014018
7.058649, 251.431490
7.510574, 252.878293
7.959594, 254.349225
8.405663, 255.840244
8.848736, 257.348164
9.288771, 258.870438
9.725729, 260.405008
10.159570, 261.950191
10.590260, 263.504598
11.017761, 265.067073
11.442039, 266.636645
11.863059, 268.212495
12.280789, 269.793923
12.695196, 271.380331
13.106247, 272.971204
13.513911, 274.566096
13.918156, 276.164619
14.318952, 277.766433
14.716267, 279.371239
15.110073, 280.978774
15.500339, 282.588806
15.887035, 284.201128
16.270134, 285.815555
16.649606, 287.431923
17.025422, 289.050084
17.397556, 290.669904
17.765978, 292.291264
18.130663, 293.914055
18.491582, 295.538180
18.848709, 297.163548
19.202017, 298.790079
19.551481, 300.417698
19.897074, 302.046337
20.238771, 303.675935
20.576547, 305.306434
20.910376, 306.937783
21.240234, 308.569932
21.566097, 310.202838
21.887941, 311.836459
22.205741, 313.470757
22.519476, 315.105698
22.829120, 316.741248
23.134652, 318.377378
23.436050, 320.014059
23.733290, 321.651265
24.026352, 323.288972
24.315213, 324.927156
24.599852, 326.565798
24.880249, 328.204876
25.156383, 329.844372
25.428233, 331.484270
25.695779, 333.124552
25.959003, 334.765203
26.217883, 336.406209
26.472403, 338.047558
26.722542, 339.689235
26.968283, 341.331229
27.209607, 342.973530
27.446496, 344.616126
27.678934, 346.259008
27.906903, 347.902166
28.130387, 349.545591
28.349369, 351.189277
28.563833, 352.833213
28.773763, 354.477394
28.979143, 356.121813
29.179960, 357.766462
29.376198, 359.411336
29.567842, 1.056429
29.754879, 2.701736
29.937295, 4.347251
30.115077, 5.992970
30.288211, 7.638888
30.456685, 9.285000
30.620486, 10.931303
30.779602, 12.577794
30.934023, 14.224467
31.083736, 15.871321
31.228730, 17.518352
31.368995, 19.165557
31.504521, 20.812934
31.635297, 22.460479
31.761314, 24.108191
31.882563, 25.756067
31.999035, 27.404106
32.110722, 29.052305
32.217614, 30.700663
32.319705, 32.349179
32.416987, 33.997851
32.509453, 35.646677
32.597095, 37.295657
32.679908, 38.944790
32.757886, 40.594075
32.831022, 42.243511
32.899312, 43.893098
32.962751, 45.542835
33.021333, 47.192722
33.075055, 48.842759
33.123912, 50.492945
33.167902, 52.143281
33.207020, 53.793768
33.241264, 55.444404
33.270632, 57.095191
33.295121, 58.746129
33.314729, 60.397220
33.329456, 62.048462
33.339300, 63.699859
33.344260, 65.351410
33.344336, 67.003116
33.339529, 68.654980
33.329837, 70.307002
33.315263, 71.959184
33.295807, 73.611528
33.271471, 75.264035
33.242256, 76.916708
33.208165, 78.569548
33.169200, 80.222557
33.125364, 81.875739
33.076661, 83.529095
33.023093, 85.182628
32.964665, 86.836341
32.901381, 88.490238
32.833246, 90.144320
32.760265, 91.798592
32.682443, 93.453057
32.599787, 95.107718
32.512301, 96.762580
32.419993, 98.417647
32.322869, 100.072923
32.220936, 101.728412
32.114203, 103.384120
32.002676, 105.040051
31.886364, 106.696211
31.765276, 108.352605
31.639421, 110.009238
31.508807, 111.666118
31.373445, 113.323250
31.233345, 114.980641
31.088516, 116.638298
30.938970, 118.296228
30.784717, 119.954440
30.625769, 121.612941
30.462137, 123.271739
30.293834, 124.930845
30.120872, 126.590266
29.943264, 128.250014
29.761023, 129.910098
29.574162, 131.570529
29.382696, 133.231319
29.186637, 134.892480
28.986001, 136.554025
28.780803, 138.215966
28.571058, 139.878319
28.356780, 141.541098
28.137987, 143.204318
27.914694, 144.867997
27.686917, 146.532152
27.454674, 148.196800
27.217981, 149.861963
26.976857, 151.527660
26.731319, 153.193913
26.481385, 154.860745
26.227074, 156.528182
25.968404, 158.196248
25.705394, 159.864972
25.438066, 161.534384
25.166437, 163.204513
24.890528, 164.875394
24.610360, 166.547061
24.325953, 168.219554
24.037329, 169.892911
23.744509, 171.567176
23.447515, 173.242396
23.146369, 174.918618
22.841094, 176.595897
22.531712, 178.274289
22.218246, 179.953855
21.900721, 181.634661
21.579159, 183.316776
21.253585, 185.000279
20.924023, 186.685250
20.590498, 188.371779
20.253036, 190.059962
19.911661, 191.749905
19.566400, 193.441721
19.217279, 195.135535
18.864325, 196.831482
18.507564, 198.529709
18.147024, 200.230380
17.782732, 201.933672
17.414717, 203.639782
17.043007, 205.348924
16.667632, 207.061339
16.288620, 208.777291
15.906002, 210.497073
15.519808, 212.221014
15.130069, 213.949480
14.736817, 215.682882
14.340084, 217.421682
13.939902, 219.166402
13.536306, 220.917634
13.129330, 222.676049
12.719009, 224.442419
12.305380, 226.217624
11.888481, 228.002685
11.468351, 229.798782
11.045031, 231.607294
10.618563, 233.429839
10.188994, 235.268326
9.756370, 237.125029
9.320744, 239.002675
8.882171, 240.904561
8.440714, 242.834715
7.996440, 244.798105
7.549428, 246.800932
7.099768, 248.851035
6.647567, 250.958467
6.192953, 253.136333
5.736088, 255.402035
5.277180, 257.779167
4.816502, 260.300521
4.354438, 263.012981
3.891536, 265.985878
3.428629, 269.325928
2.967059, 273.205532
2.509130, 277.920026
2.059164, 284.012329
1.626161, 292.563444
1.231276, 305.867830
0.928747, 328.343494
0.831487, 1.939886
1.004848, 33.026931
1.350847, 52.373247
1.773030, 63.990469
2.230070, 71.686473
2.705614, 77.312103
3.192453, 81.750277
3.687008, 85.454664
4.187318, 88.677321
4.692219, 91.568011
5.200971, 94.220800
5.713077, 96.697543
6.228190, 99.040491
6.746050, 101.279449
7.266461, 103.436019
7.789269, 105.526232
8.314345, 107.562228
8.841582, 109.553364
9.370889, 111.506967
9.902184, 113.428855
10.435394, 115.323706
10.970451, 117.195323
11.507295, 119.046827
12.045867, 120.880807
12.586111, 122.699426
13.127975, 124.504506
13.671408, 126.297592
14.216360, 128.080003
14.762783, 129.852870
15.310629, 131.617173
15.859853, 133.373760
16.410409, 135.123371
16.962251, 136.866655
17.515336, 138.604184
18.069618, 140.336460
18.625054, 142.063932
19.181600, 143.786996
19.739214, 145.506009
20.297851, 147.221287
20.857468, 148.933116
21.418024, 150.641754
21.979474, 152.347433
22.541777, 154.050363
23.104889, 155.750734
23.668768, 157.448721
24.233372, 159.144481
24.798658, 160.838159
25.364584, 162.529887
25.931107, 164.219787
26.498185, 165.907970
27.065776, 167.594538
27.633837, 169.279586
28.202326, 170.963201
28.771202, 172.645465
29.340420, 174.326451
29.909941, 176.006230
30.479720, 177.684865
31.049717, 179.362417
31.619888, 181.038941
32.190192, 182.714489
32.760586, 184.389110
33.331028, 186.062850
33.901477, 187.735750
34.471890, 189.407851
35.042225, 191.079189
35.612439, 192.749801
36.182492, 194.419718
36.752341, 196.088971
37.321943, 197.757590
37.891258, 199.425603
38.460242, 201.093034
39.028855, 202.759909
39.597054, 204.426250
40.164797, 206.092080
40.732043, 207.757418
41.298751, 209.422284
41.864877, 211.086697
42.430382, 212.750675
42.995222, 214.414234
43.559358, 216.077389
44.122746, 217.740156
44.685346, 219.402548
45.247117, 221.064581
45.808017, 222.726265
46.368005, 224.387614
46.927039, 226.048640
47.485080, 227.709353
48.042085, 229.369764
48.598015, 231.029884
49.152827, 232.689721
49.706482, 234.349286
50.258939, 236.008587
50.810157, 237.667632
51.360095, 239.326430
51.908715, 240.984989
52.455974, 242.643315
53.001833, 244.301417
53.546252, 245.959300
54.089191, 247.616971
54.630610, 249.274437
55.170470, 250.931704
55.708730, 252.588777
56.245351, 254.245662
56.780295, 255.902364
57.313521, 257.558889
57.844991, 259.215241
58.374666, 260.871425
58.902506, 262.527445
59.428473, 264.183307
59.952529, 265.839014
60.474634, 267.494570
60.994752, 269.149979
61.512843, 270.805246
62.028869, 272.460373
62.542793, 274.115364
63.054578, 275.770223
63.564184, 277.424952
64.071576, 279.079556
64.576716, 280.734036
65.079567, 282.388396
65.580092, 284.042639
66.078254, 285.696768
66.574017, 287.350785
67.067344, 289.004692
67.558200, 290.658493
68.046547, 292.312189
68.532352, 293.965783
69.015577, 295.619278
69.496187, 297.272674
69.974148, 298.925975
70.449424, 300.579183
70.921980, 302.232298
71.391782, 303.885325
71.858795, 305.538263
72.322985, 307.191115
72.784318, 308.843883
##END=
