##TITLE= Parameter file, TopSpin 4.3.0
##JCAMPDX= 5.0
##DATATYPE= Parameter Values
##ORIGIN= Bruker BioSpin GmbH
##OWNER= nmrsu
$$ 2024-02-29 11:22:59.432 +0000  nmrsu@4CE1161FJM
$$ C:/Bruker/TopSpin4.3.0/exp/stan/nmr/lists/wave/user/multisupp_aux_d8
$$ process C:\Bruker\TopSpin4.3.0\prog\mod\xwinshape.exe
##MINX= 0.39825300
##MAXX= 99.99938900
##MINY= 0.08307600
##MAXY= 359.91692400
##$SHAPE_ADDPHASE= 0
##$SHAPE_AMP= 99.99938935
##$SHAPE_BWFAC= 0
##$SHAPE_BWFAC50= 0
##$SHAPE_CALCBW= yes
##$SHAPE_CALCINTEG= yes
##$SHAPE_EXMODE= <Excitation>
##$SHAPE_EXPAND= <>
##$SHAPE_EXPANDCF= (0..143)
0 0 0 0 0 0 0 0 0 0 0 0 0 0 0 0 0 0 0 0 0 0 0 0 0 0 0 0 0 0 0 0 0 0 0 0
0 0 0 0 0 0 0 0 0 0 0 0 0 0 0 0 0 0 0 0 0 0 0 0 0 0 0 0 0 0 0 0 0 0 0 0
0 0 0 0 0 0 0 0 0 0 0 0 0 0 0 0 0 0 0 0 0 0 0 0 0 0 0 0 0 0 0 0 0 0 0 0
0 0 0 0 0 0 0 0 0 0 0 0 0 0 0 0 0 0 0 0 0 0 0 0 0 0 0 0 0 0 0 0 0 0 0 0
##$SHAPE_EXPFAC= 0
##$SHAPE_FRACEND= 0
##$SHAPE_FRACORG= 0
##$SHAPE_FRACSTART= 0
##$SHAPE_INTEGFAC= 0
##$SHAPE_KEEPRES= yes
##$SHAPE_LENGTH= 25000.000373
##$SHAPE_MAN= <M>
##$SHAPE_MODE= 3
##$SHAPE_MODFREQ= 0
##$SHAPE_MODPHASE= 0
##$SHAPE_MODSCALE= 0
##$SHAPE_MODSW= 0
##$SHAPE_MODSWDIR= -1
##$SHAPE_NPOINTS= 1250
##$SHAPE_OFFS= <1 3>
##$SHAPE_OFFSCOEFF= (0..95)
-140.73407 0 100 -208.47324 0 100 -276.97446 0 100 0 0 0 0 0 0 0 0 0 0
0 0 0 0 0 0 0 0 0 0 0 0 0 0 0 0 0 0 0 0 0 0 0 0 0 0 0 0 0 0 0 0 0 0 0 0
0 0 0 0 0 0 0 0 0 0 0 0 0 0 0 0 0 0 0 0 0 0 0 0 0 0 0 0 0 0 0 0 0 0 0 0
0 0 0 0 0
##$SHAPE_PARAMETER= <>
##$SHAPE_REPHFAC= 0
##$SHAPE_RES= 0
##$SHAPE_SCALEFAC= 1.00000611
##$SHAPE_SCALETYPE= 0
##$SHAPE_SPOAL= 0
##$SHAPE_SPOFFS= 0
##$SHAPE_SPOPH= 0
##$SHAPE_TOTROT= 90
##$SHAPE_TYPE= <Excitation>
##$SHAPE_USER_DEF= <>
##$SHAPE_VERSION= 2.1
##$SHL_ADDPHASE= (0..15)
0 0 0 0 0 0 0 0 0 0 0 0 0 0 0 0
##$SHL_ALIGNOFFSET= (0..15)
0 0 0 0 0 0 0 0 0 0 0 0 0 0 0 0
##$SHL_AMP= (0..15)
100 0 0 0 0 0 0 0 0 0 0 0 0 0 0 0
##$SHL_AMPFAC= (0..15)
0 0 0 0 0 0 0 0 0 0 0 0 0 0 0 0
##$SHL_BETA= (0..15)
0 0 0 0 0 0 0 0 0 0 0 0 0 0 0 0
##$SHL_BWFAC= (0..15)
1.116 0 0 0 0 0 0 0 0 0 0 0 0 0 0 0
##$SHL_CALCBW= (0..15)
yes yes yes yes yes yes yes yes yes yes yes yes yes yes yes yes
##$SHL_CALCINTEG= (0..15)
yes yes yes yes yes yes yes yes yes yes yes yes yes yes yes yes
##$SHL_CENTERAMP= (0..15)
0 0 0 0 0 0 0 0 0 0 0 0 0 0 0 0
##$SHL_CYCNUM= (0..15)
0 0 0 0 0 0 0 0 0 0 0 0 0 0 0 0
##$SHL_DIPOLCPL= (0..15)
0 0 0 0 0 0 0 0 0 0 0 0 0 0 0 0
##$SHL_ENDAMP= (0..15)
0 0 0 0 0 0 0 0 0 0 0 0 0 0 0 0
##$SHL_EXMODE= (0..15)
<Excitation> <> <> <> <> <> <> <> <> <> <> <> <> <> <> <>
##$SHL_EXPAND= (0..15)
<> <> <> <> <> <> <> <> <> <> <> <> <> <> <> <>
##$SHL_EXPANDCF0= (0..143)
0 0 0 0 0 0 0 0 0 0 0 0 0 0 0 0 0 0 0 0 0 0 0 0 0 0 0 0 0 0 0 0 0 0 0 0
0 0 0 0 0 0 0 0 0 0 0 0 0 0 0 0 0 0 0 0 0 0 0 0 0 0 0 0 0 0 0 0 0 0 0 0
0 0 0 0 0 0 0 0 0 0 0 0 0 0 0 0 0 0 0 0 0 0 0 0 0 0 0 0 0 0 0 0 0 0 0 0
0 0 0 0 0 0 0 0 0 0 0 0 0 0 0 0 0 0 0 0 0 0 0 0 0 0 0 0 0 0 0 0 0 0 0 0
##$SHL_EXPANDCF1= (0..143)
0 0 0 0 0 0 0 0 0 0 0 0 0 0 0 0 0 0 0 0 0 0 0 0 0 0 0 0 0 0 0 0 0 0 0 0
0 0 0 0 0 0 0 0 0 0 0 0 0 0 0 0 0 0 0 0 0 0 0 0 0 0 0 0 0 0 0 0 0 0 0 0
0 0 0 0 0 0 0 0 0 0 0 0 0 0 0 0 0 0 0 0 0 0 0 0 0 0 0 0 0 0 0 0 0 0 0 0
0 0 0 0 0 0 0 0 0 0 0 0 0 0 0 0 0 0 0 0 0 0 0 0 0 0 0 0 0 0 0 0 0 0 0 0
##$SHL_EXPANDCF10= (0..143)
0 0 0 0 0 0 0 0 0 0 0 0 0 0 0 0 0 0 0 0 0 0 0 0 0 0 0 0 0 0 0 0 0 0 0 0
0 0 0 0 0 0 0 0 0 0 0 0 0 0 0 0 0 0 0 0 0 0 0 0 0 0 0 0 0 0 0 0 0 0 0 0
0 0 0 0 0 0 0 0 0 0 0 0 0 0 0 0 0 0 0 0 0 0 0 0 0 0 0 0 0 0 0 0 0 0 0 0
0 0 0 0 0 0 0 0 0 0 0 0 0 0 0 0 0 0 0 0 0 0 0 0 0 0 0 0 0 0 0 0 0 0 0 0
##$SHL_EXPANDCF11= (0..143)
0 0 0 0 0 0 0 0 0 0 0 0 0 0 0 0 0 0 0 0 0 0 0 0 0 0 0 0 0 0 0 0 0 0 0 0
0 0 0 0 0 0 0 0 0 0 0 0 0 0 0 0 0 0 0 0 0 0 0 0 0 0 0 0 0 0 0 0 0 0 0 0
0 0 0 0 0 0 0 0 0 0 0 0 0 0 0 0 0 0 0 0 0 0 0 0 0 0 0 0 0 0 0 0 0 0 0 0
0 0 0 0 0 0 0 0 0 0 0 0 0 0 0 0 0 0 0 0 0 0 0 0 0 0 0 0 0 0 0 0 0 0 0 0
##$SHL_EXPANDCF12= (0..143)
0 0 0 0 0 0 0 0 0 0 0 0 0 0 0 0 0 0 0 0 0 0 0 0 0 0 0 0 0 0 0 0 0 0 0 0
0 0 0 0 0 0 0 0 0 0 0 0 0 0 0 0 0 0 0 0 0 0 0 0 0 0 0 0 0 0 0 0 0 0 0 0
0 0 0 0 0 0 0 0 0 0 0 0 0 0 0 0 0 0 0 0 0 0 0 0 0 0 0 0 0 0 0 0 0 0 0 0
0 0 0 0 0 0 0 0 0 0 0 0 0 0 0 0 0 0 0 0 0 0 0 0 0 0 0 0 0 0 0 0 0 0 0 0
##$SHL_EXPANDCF13= (0..143)
0 0 0 0 0 0 0 0 0 0 0 0 0 0 0 0 0 0 0 0 0 0 0 0 0 0 0 0 0 0 0 0 0 0 0 0
0 0 0 0 0 0 0 0 0 0 0 0 0 0 0 0 0 0 0 0 0 0 0 0 0 0 0 0 0 0 0 0 0 0 0 0
0 0 0 0 0 0 0 0 0 0 0 0 0 0 0 0 0 0 0 0 0 0 0 0 0 0 0 0 0 0 0 0 0 0 0 0
0 0 0 0 0 0 0 0 0 0 0 0 0 0 0 0 0 0 0 0 0 0 0 0 0 0 0 0 0 0 0 0 0 0 0 0
##$SHL_EXPANDCF14= (0..143)
0 0 0 0 0 0 0 0 0 0 0 0 0 0 0 0 0 0 0 0 0 0 0 0 0 0 0 0 0 0 0 0 0 0 0 0
0 0 0 0 0 0 0 0 0 0 0 0 0 0 0 0 0 0 0 0 0 0 0 0 0 0 0 0 0 0 0 0 0 0 0 0
0 0 0 0 0 0 0 0 0 0 0 0 0 0 0 0 0 0 0 0 0 0 0 0 0 0 0 0 0 0 0 0 0 0 0 0
0 0 0 0 0 0 0 0 0 0 0 0 0 0 0 0 0 0 0 0 0 0 0 0 0 0 0 0 0 0 0 0 0 0 0 0
##$SHL_EXPANDCF15= (0..143)
0 0 0 0 0 0 0 0 0 0 0 0 0 0 0 0 0 0 0 0 0 0 0 0 0 0 0 0 0 0 0 0 0 0 0 0
0 0 0 0 0 0 0 0 0 0 0 0 0 0 0 0 0 0 0 0 0 0 0 0 0 0 0 0 0 0 0 0 0 0 0 0
0 0 0 0 0 0 0 0 0 0 0 0 0 0 0 0 0 0 0 0 0 0 0 0 0 0 0 0 0 0 0 0 0 0 0 0
0 0 0 0 0 0 0 0 0 0 0 0 0 0 0 0 0 0 0 0 0 0 0 0 0 0 0 0 0 0 0 0 0 0 0 0
##$SHL_EXPANDCF2= (0..143)
0 0 0 0 0 0 0 0 0 0 0 0 0 0 0 0 0 0 0 0 0 0 0 0 0 0 0 0 0 0 0 0 0 0 0 0
0 0 0 0 0 0 0 0 0 0 0 0 0 0 0 0 0 0 0 0 0 0 0 0 0 0 0 0 0 0 0 0 0 0 0 0
0 0 0 0 0 0 0 0 0 0 0 0 0 0 0 0 0 0 0 0 0 0 0 0 0 0 0 0 0 0 0 0 0 0 0 0
0 0 0 0 0 0 0 0 0 0 0 0 0 0 0 0 0 0 0 0 0 0 0 0 0 0 0 0 0 0 0 0 0 0 0 0
##$SHL_EXPANDCF3= (0..143)
0 0 0 0 0 0 0 0 0 0 0 0 0 0 0 0 0 0 0 0 0 0 0 0 0 0 0 0 0 0 0 0 0 0 0 0
0 0 0 0 0 0 0 0 0 0 0 0 0 0 0 0 0 0 0 0 0 0 0 0 0 0 0 0 0 0 0 0 0 0 0 0
0 0 0 0 0 0 0 0 0 0 0 0 0 0 0 0 0 0 0 0 0 0 0 0 0 0 0 0 0 0 0 0 0 0 0 0
0 0 0 0 0 0 0 0 0 0 0 0 0 0 0 0 0 0 0 0 0 0 0 0 0 0 0 0 0 0 0 0 0 0 0 0
##$SHL_EXPANDCF4= (0..143)
0 0 0 0 0 0 0 0 0 0 0 0 0 0 0 0 0 0 0 0 0 0 0 0 0 0 0 0 0 0 0 0 0 0 0 0
0 0 0 0 0 0 0 0 0 0 0 0 0 0 0 0 0 0 0 0 0 0 0 0 0 0 0 0 0 0 0 0 0 0 0 0
0 0 0 0 0 0 0 0 0 0 0 0 0 0 0 0 0 0 0 0 0 0 0 0 0 0 0 0 0 0 0 0 0 0 0 0
0 0 0 0 0 0 0 0 0 0 0 0 0 0 0 0 0 0 0 0 0 0 0 0 0 0 0 0 0 0 0 0 0 0 0 0
##$SHL_EXPANDCF5= (0..143)
0 0 0 0 0 0 0 0 0 0 0 0 0 0 0 0 0 0 0 0 0 0 0 0 0 0 0 0 0 0 0 0 0 0 0 0
0 0 0 0 0 0 0 0 0 0 0 0 0 0 0 0 0 0 0 0 0 0 0 0 0 0 0 0 0 0 0 0 0 0 0 0
0 0 0 0 0 0 0 0 0 0 0 0 0 0 0 0 0 0 0 0 0 0 0 0 0 0 0 0 0 0 0 0 0 0 0 0
0 0 0 0 0 0 0 0 0 0 0 0 0 0 0 0 0 0 0 0 0 0 0 0 0 0 0 0 0 0 0 0 0 0 0 0
##$SHL_EXPANDCF6= (0..143)
0 0 0 0 0 0 0 0 0 0 0 0 0 0 0 0 0 0 0 0 0 0 0 0 0 0 0 0 0 0 0 0 0 0 0 0
0 0 0 0 0 0 0 0 0 0 0 0 0 0 0 0 0 0 0 0 0 0 0 0 0 0 0 0 0 0 0 0 0 0 0 0
0 0 0 0 0 0 0 0 0 0 0 0 0 0 0 0 0 0 0 0 0 0 0 0 0 0 0 0 0 0 0 0 0 0 0 0
0 0 0 0 0 0 0 0 0 0 0 0 0 0 0 0 0 0 0 0 0 0 0 0 0 0 0 0 0 0 0 0 0 0 0 0
##$SHL_EXPANDCF7= (0..143)
0 0 0 0 0 0 0 0 0 0 0 0 0 0 0 0 0 0 0 0 0 0 0 0 0 0 0 0 0 0 0 0 0 0 0 0
0 0 0 0 0 0 0 0 0 0 0 0 0 0 0 0 0 0 0 0 0 0 0 0 0 0 0 0 0 0 0 0 0 0 0 0
0 0 0 0 0 0 0 0 0 0 0 0 0 0 0 0 0 0 0 0 0 0 0 0 0 0 0 0 0 0 0 0 0 0 0 0
0 0 0 0 0 0 0 0 0 0 0 0 0 0 0 0 0 0 0 0 0 0 0 0 0 0 0 0 0 0 0 0 0 0 0 0
##$SHL_EXPANDCF8= (0..143)
0 0 0 0 0 0 0 0 0 0 0 0 0 0 0 0 0 0 0 0 0 0 0 0 0 0 0 0 0 0 0 0 0 0 0 0
0 0 0 0 0 0 0 0 0 0 0 0 0 0 0 0 0 0 0 0 0 0 0 0 0 0 0 0 0 0 0 0 0 0 0 0
0 0 0 0 0 0 0 0 0 0 0 0 0 0 0 0 0 0 0 0 0 0 0 0 0 0 0 0 0 0 0 0 0 0 0 0
0 0 0 0 0 0 0 0 0 0 0 0 0 0 0 0 0 0 0 0 0 0 0 0 0 0 0 0 0 0 0 0 0 0 0 0
##$SHL_EXPANDCF9= (0..143)
0 0 0 0 0 0 0 0 0 0 0 0 0 0 0 0 0 0 0 0 0 0 0 0 0 0 0 0 0 0 0 0 0 0 0 0
0 0 0 0 0 0 0 0 0 0 0 0 0 0 0 0 0 0 0 0 0 0 0 0 0 0 0 0 0 0 0 0 0 0 0 0
0 0 0 0 0 0 0 0 0 0 0 0 0 0 0 0 0 0 0 0 0 0 0 0 0 0 0 0 0 0 0 0 0 0 0 0
0 0 0 0 0 0 0 0 0 0 0 0 0 0 0 0 0 0 0 0 0 0 0 0 0 0 0 0 0 0 0 0 0 0 0 0
##$SHL_EXPFAC= (0..15)
0 0 0 0 0 0 0 0 0 0 0 0 0 0 0 0
##$SHL_FRACEND= (0..15)
0 0 0 0 0 0 0 0 0 0 0 0 0 0 0 0
##$SHL_FRACORG= (0..15)
0 0 0 0 0 0 0 0 0 0 0 0 0 0 0 0
##$SHL_FRACSTART= (0..15)
0 0 0 0 0 0 0 0 0 0 0 0 0 0 0 0
##$SHL_FULLHALF= (0..15)
0 0 0 0 0 0 0 0 0 0 0 0 0 0 0 0
##$SHL_FUNCAMP= (0..15)
100 0 0 0 0 0 0 0 0 0 0 0 0 0 0 0
##$SHL_FUNCTION= (0..15)
<Rectangle> <> <> <> <> <> <> <> <> <> <> <> <> <> <> <>
##$SHL_GCO= (0..15)
<> <> <> <> <> <> <> <> <> <> <> <> <> <> <> <>
##$SHL_GCOCOEFFS0= (0..59)
0 0 0 0 0 0 0 0 0 0 0 0 0 0 0 0 0 0 0 0 0 0 0 0 0 0 0 0 0 0 0 0 0 0 0 0
0 0 0 0 0 0 0 0 0 0 0 0 0 0 0 0 0 0 0 0 0 0 0 0
##$SHL_GCOCOEFFS1= (0..59)
0 0 0 0 0 0 0 0 0 0 0 0 0 0 0 0 0 0 0 0 0 0 0 0 0 0 0 0 0 0 0 0 0 0 0 0
0 0 0 0 0 0 0 0 0 0 0 0 0 0 0 0 0 0 0 0 0 0 0 0
##$SHL_GCOCOEFFS10= (0..59)
0 0 0 0 0 0 0 0 0 0 0 0 0 0 0 0 0 0 0 0 0 0 0 0 0 0 0 0 0 0 0 0 0 0 0 0
0 0 0 0 0 0 0 0 0 0 0 0 0 0 0 0 0 0 0 0 0 0 0 0
##$SHL_GCOCOEFFS11= (0..59)
0 0 0 0 0 0 0 0 0 0 0 0 0 0 0 0 0 0 0 0 0 0 0 0 0 0 0 0 0 0 0 0 0 0 0 0
0 0 0 0 0 0 0 0 0 0 0 0 0 0 0 0 0 0 0 0 0 0 0 0
##$SHL_GCOCOEFFS12= (0..59)
0 0 0 0 0 0 0 0 0 0 0 0 0 0 0 0 0 0 0 0 0 0 0 0 0 0 0 0 0 0 0 0 0 0 0 0
0 0 0 0 0 0 0 0 0 0 0 0 0 0 0 0 0 0 0 0 0 0 0 0
##$SHL_GCOCOEFFS13= (0..59)
0 0 0 0 0 0 0 0 0 0 0 0 0 0 0 0 0 0 0 0 0 0 0 0 0 0 0 0 0 0 0 0 0 0 0 0
0 0 0 0 0 0 0 0 0 0 0 0 0 0 0 0 0 0 0 0 0 0 0 0
##$SHL_GCOCOEFFS14= (0..59)
0 0 0 0 0 0 0 0 0 0 0 0 0 0 0 0 0 0 0 0 0 0 0 0 0 0 0 0 0 0 0 0 0 0 0 0
0 0 0 0 0 0 0 0 0 0 0 0 0 0 0 0 0 0 0 0 0 0 0 0
##$SHL_GCOCOEFFS15= (0..59)
0 0 0 0 0 0 0 0 0 0 0 0 0 0 0 0 0 0 0 0 0 0 0 0 0 0 0 0 0 0 0 0 0 0 0 0
0 0 0 0 0 0 0 0 0 0 0 0 0 0 0 0 0 0 0 0 0 0 0 0
##$SHL_GCOCOEFFS2= (0..59)
0 0 0 0 0 0 0 0 0 0 0 0 0 0 0 0 0 0 0 0 0 0 0 0 0 0 0 0 0 0 0 0 0 0 0 0
0 0 0 0 0 0 0 0 0 0 0 0 0 0 0 0 0 0 0 0 0 0 0 0
##$SHL_GCOCOEFFS3= (0..59)
0 0 0 0 0 0 0 0 0 0 0 0 0 0 0 0 0 0 0 0 0 0 0 0 0 0 0 0 0 0 0 0 0 0 0 0
0 0 0 0 0 0 0 0 0 0 0 0 0 0 0 0 0 0 0 0 0 0 0 0
##$SHL_GCOCOEFFS4= (0..59)
0 0 0 0 0 0 0 0 0 0 0 0 0 0 0 0 0 0 0 0 0 0 0 0 0 0 0 0 0 0 0 0 0 0 0 0
0 0 0 0 0 0 0 0 0 0 0 0 0 0 0 0 0 0 0 0 0 0 0 0
##$SHL_GCOCOEFFS5= (0..59)
0 0 0 0 0 0 0 0 0 0 0 0 0 0 0 0 0 0 0 0 0 0 0 0 0 0 0 0 0 0 0 0 0 0 0 0
0 0 0 0 0 0 0 0 0 0 0 0 0 0 0 0 0 0 0 0 0 0 0 0
##$SHL_GCOCOEFFS6= (0..59)
0 0 0 0 0 0 0 0 0 0 0 0 0 0 0 0 0 0 0 0 0 0 0 0 0 0 0 0 0 0 0 0 0 0 0 0
0 0 0 0 0 0 0 0 0 0 0 0 0 0 0 0 0 0 0 0 0 0 0 0
##$SHL_GCOCOEFFS7= (0..59)
0 0 0 0 0 0 0 0 0 0 0 0 0 0 0 0 0 0 0 0 0 0 0 0 0 0 0 0 0 0 0 0 0 0 0 0
0 0 0 0 0 0 0 0 0 0 0 0 0 0 0 0 0 0 0 0 0 0 0 0
##$SHL_GCOCOEFFS8= (0..59)
0 0 0 0 0 0 0 0 0 0 0 0 0 0 0 0 0 0 0 0 0 0 0 0 0 0 0 0 0 0 0 0 0 0 0 0
0 0 0 0 0 0 0 0 0 0 0 0 0 0 0 0 0 0 0 0 0 0 0 0
##$SHL_GCOCOEFFS9= (0..59)
0 0 0 0 0 0 0 0 0 0 0 0 0 0 0 0 0 0 0 0 0 0 0 0 0 0 0 0 0 0 0 0 0 0 0 0
0 0 0 0 0 0 0 0 0 0 0 0 0 0 0 0 0 0 0 0 0 0 0 0
##$SHL_INTEGFAC= (0..15)
1 0 0 0 0 0 0 0 0 0 0 0 0 0 0 0
##$SHL_LB= (0..15)
0 0 0 0 0 0 0 0 0 0 0 0 0 0 0 0
##$SHL_LEFTLIMIT= (0..15)
0 0 0 0 0 0 0 0 0 0 0 0 0 0 0 0
##$SHL_LENGTH= (0..15)
25000.000373 0 0 0 0 0 0 0 0 0 0 0 0 0 0 0
##$SHL_MAN= (0..15)
<> <> <> <> <> <> <> <> <> <> <> <> <> <> <> <>
##$SHL_MEANAMP= (0..15)
0 0 0 0 0 0 0 0 0 0 0 0 0 0 0 0
##$SHL_MODAMP= (0..15)
0 0 0 0 0 0 0 0 0 0 0 0 0 0 0 0
##$SHL_MODE= (0..15)
0 0 0 0 0 0 0 0 0 0 0 0 0 0 0 0
##$SHL_MODFREQ= (0..15)
0 0 0 0 0 0 0 0 0 0 0 0 0 0 0 0
##$SHL_MODPHASE= (0..15)
0 0 0 0 0 0 0 0 0 0 0 0 0 0 0 0
##$SHL_MODSCALE= (0..15)
0 0 0 0 0 0 0 0 0 0 0 0 0 0 0 0
##$SHL_MODSW= (0..15)
0 0 0 0 0 0 0 0 0 0 0 0 0 0 0 0
##$SHL_MODSWDIR= (0..15)
-1 -1 -1 -1 -1 -1 -1 -1 -1 -1 -1 -1 -1 -1 -1 -1
##$SHL_MU= (0..15)
0 0 0 0 0 0 0 0 0 0 0 0 0 0 0 0
##$SHL_NPOINTS= (0..15)
1250 0 0 0 0 0 0 0 0 0 0 0 0 0 0 0
##$SHL_OFFS= (0..15)
<> <> <> <> <> <> <> <> <> <> <> <> <> <> <> <>
##$SHL_OFFSCOEFF0= (0..95)
0 0 0 0 0 0 0 0 0 0 0 0 0 0 0 0 0 0 0 0 0 0 0 0 0 0 0 0 0 0 0 0 0 0 0 0
0 0 0 0 0 0 0 0 0 0 0 0 0 0 0 0 0 0 0 0 0 0 0 0 0 0 0 0 0 0 0 0 0 0 0 0
0 0 0 0 0 0 0 0 0 0 0 0 0 0 0 0 0 0 0 0 0 0 0 0
##$SHL_OFFSCOEFF1= (0..95)
0 0 0 0 0 0 0 0 0 0 0 0 0 0 0 0 0 0 0 0 0 0 0 0 0 0 0 0 0 0 0 0 0 0 0 0
0 0 0 0 0 0 0 0 0 0 0 0 0 0 0 0 0 0 0 0 0 0 0 0 0 0 0 0 0 0 0 0 0 0 0 0
0 0 0 0 0 0 0 0 0 0 0 0 0 0 0 0 0 0 0 0 0 0 0 0
##$SHL_OFFSCOEFF10= (0..95)
0 0 0 0 0 0 0 0 0 0 0 0 0 0 0 0 0 0 0 0 0 0 0 0 0 0 0 0 0 0 0 0 0 0 0 0
0 0 0 0 0 0 0 0 0 0 0 0 0 0 0 0 0 0 0 0 0 0 0 0 0 0 0 0 0 0 0 0 0 0 0 0
0 0 0 0 0 0 0 0 0 0 0 0 0 0 0 0 0 0 0 0 0 0 0 0
##$SHL_OFFSCOEFF11= (0..95)
0 0 0 0 0 0 0 0 0 0 0 0 0 0 0 0 0 0 0 0 0 0 0 0 0 0 0 0 0 0 0 0 0 0 0 0
0 0 0 0 0 0 0 0 0 0 0 0 0 0 0 0 0 0 0 0 0 0 0 0 0 0 0 0 0 0 0 0 0 0 0 0
0 0 0 0 0 0 0 0 0 0 0 0 0 0 0 0 0 0 0 0 0 0 0 0
##$SHL_OFFSCOEFF12= (0..95)
0 0 0 0 0 0 0 0 0 0 0 0 0 0 0 0 0 0 0 0 0 0 0 0 0 0 0 0 0 0 0 0 0 0 0 0
0 0 0 0 0 0 0 0 0 0 0 0 0 0 0 0 0 0 0 0 0 0 0 0 0 0 0 0 0 0 0 0 0 0 0 0
0 0 0 0 0 0 0 0 0 0 0 0 0 0 0 0 0 0 0 0 0 0 0 0
##$SHL_OFFSCOEFF13= (0..95)
0 0 0 0 0 0 0 0 0 0 0 0 0 0 0 0 0 0 0 0 0 0 0 0 0 0 0 0 0 0 0 0 0 0 0 0
0 0 0 0 0 0 0 0 0 0 0 0 0 0 0 0 0 0 0 0 0 0 0 0 0 0 0 0 0 0 0 0 0 0 0 0
0 0 0 0 0 0 0 0 0 0 0 0 0 0 0 0 0 0 0 0 0 0 0 0
##$SHL_OFFSCOEFF14= (0..95)
0 0 0 0 0 0 0 0 0 0 0 0 0 0 0 0 0 0 0 0 0 0 0 0 0 0 0 0 0 0 0 0 0 0 0 0
0 0 0 0 0 0 0 0 0 0 0 0 0 0 0 0 0 0 0 0 0 0 0 0 0 0 0 0 0 0 0 0 0 0 0 0
0 0 0 0 0 0 0 0 0 0 0 0 0 0 0 0 0 0 0 0 0 0 0 0
##$SHL_OFFSCOEFF15= (0..95)
0 0 0 0 0 0 0 0 0 0 0 0 0 0 0 0 0 0 0 0 0 0 0 0 0 0 0 0 0 0 0 0 0 0 0 0
0 0 0 0 0 0 0 0 0 0 0 0 0 0 0 0 0 0 0 0 0 0 0 0 0 0 0 0 0 0 0 0 0 0 0 0
0 0 0 0 0 0 0 0 0 0 0 0 0 0 0 0 0 0 0 0 0 0 0 0
##$SHL_OFFSCOEFF2= (0..95)
0 0 0 0 0 0 0 0 0 0 0 0 0 0 0 0 0 0 0 0 0 0 0 0 0 0 0 0 0 0 0 0 0 0 0 0
0 0 0 0 0 0 0 0 0 0 0 0 0 0 0 0 0 0 0 0 0 0 0 0 0 0 0 0 0 0 0 0 0 0 0 0
0 0 0 0 0 0 0 0 0 0 0 0 0 0 0 0 0 0 0 0 0 0 0 0
##$SHL_OFFSCOEFF3= (0..95)
0 0 0 0 0 0 0 0 0 0 0 0 0 0 0 0 0 0 0 0 0 0 0 0 0 0 0 0 0 0 0 0 0 0 0 0
0 0 0 0 0 0 0 0 0 0 0 0 0 0 0 0 0 0 0 0 0 0 0 0 0 0 0 0 0 0 0 0 0 0 0 0
0 0 0 0 0 0 0 0 0 0 0 0 0 0 0 0 0 0 0 0 0 0 0 0
##$SHL_OFFSCOEFF4= (0..95)
0 0 0 0 0 0 0 0 0 0 0 0 0 0 0 0 0 0 0 0 0 0 0 0 0 0 0 0 0 0 0 0 0 0 0 0
0 0 0 0 0 0 0 0 0 0 0 0 0 0 0 0 0 0 0 0 0 0 0 0 0 0 0 0 0 0 0 0 0 0 0 0
0 0 0 0 0 0 0 0 0 0 0 0 0 0 0 0 0 0 0 0 0 0 0 0
##$SHL_OFFSCOEFF5= (0..95)
0 0 0 0 0 0 0 0 0 0 0 0 0 0 0 0 0 0 0 0 0 0 0 0 0 0 0 0 0 0 0 0 0 0 0 0
0 0 0 0 0 0 0 0 0 0 0 0 0 0 0 0 0 0 0 0 0 0 0 0 0 0 0 0 0 0 0 0 0 0 0 0
0 0 0 0 0 0 0 0 0 0 0 0 0 0 0 0 0 0 0 0 0 0 0 0
##$SHL_OFFSCOEFF6= (0..95)
0 0 0 0 0 0 0 0 0 0 0 0 0 0 0 0 0 0 0 0 0 0 0 0 0 0 0 0 0 0 0 0 0 0 0 0
0 0 0 0 0 0 0 0 0 0 0 0 0 0 0 0 0 0 0 0 0 0 0 0 0 0 0 0 0 0 0 0 0 0 0 0
0 0 0 0 0 0 0 0 0 0 0 0 0 0 0 0 0 0 0 0 0 0 0 0
##$SHL_OFFSCOEFF7= (0..95)
0 0 0 0 0 0 0 0 0 0 0 0 0 0 0 0 0 0 0 0 0 0 0 0 0 0 0 0 0 0 0 0 0 0 0 0
0 0 0 0 0 0 0 0 0 0 0 0 0 0 0 0 0 0 0 0 0 0 0 0 0 0 0 0 0 0 0 0 0 0 0 0
0 0 0 0 0 0 0 0 0 0 0 0 0 0 0 0 0 0 0 0 0 0 0 0
##$SHL_OFFSCOEFF8= (0..95)
0 0 0 0 0 0 0 0 0 0 0 0 0 0 0 0 0 0 0 0 0 0 0 0 0 0 0 0 0 0 0 0 0 0 0 0
0 0 0 0 0 0 0 0 0 0 0 0 0 0 0 0 0 0 0 0 0 0 0 0 0 0 0 0 0 0 0 0 0 0 0 0
0 0 0 0 0 0 0 0 0 0 0 0 0 0 0 0 0 0 0 0 0 0 0 0
##$SHL_OFFSCOEFF9= (0..95)
0 0 0 0 0 0 0 0 0 0 0 0 0 0 0 0 0 0 0 0 0 0 0 0 0 0 0 0 0 0 0 0 0 0 0 0
0 0 0 0 0 0 0 0 0 0 0 0 0 0 0 0 0 0 0 0 0 0 0 0 0 0 0 0 0 0 0 0 0 0 0 0
0 0 0 0 0 0 0 0 0 0 0 0 0 0 0 0 0 0 0 0 0 0 0 0
##$SHL_PHASE= (0..15)
0 0 0 0 0 0 0 0 0 0 0 0 0 0 0 0
##$SHL_PHASEFAC= (0..15)
0 0 0 0 0 0 0 0 0 0 0 0 0 0 0 0
##$SHL_POWERINDEX= (0..15)
0 0 0 0 0 0 0 0 0 0 0 0 0 0 0 0
##$SHL_QUADCOEFF= (0..15)
0 0 0 0 0 0 0 0 0 0 0 0 0 0 0 0
##$SHL_RIGHTLIMIT= (0..15)
0 0 0 0 0 0 0 0 0 0 0 0 0 0 0 0
##$SHL_SCALEFACTOR= (0..15)
1 1 1 1 1 1 1 1 1 1 1 1 1 1 1 1
##$SHL_SF= (0..15)
<> <> <> <> <> <> <> <> <> <> <> <> <> <> <> <>
##$SHL_SFCOEFFS0= (0..200)
0 0 0 0 0 0 0 0 0 0 0 0 0 0 0 0 0 0 0 0 0 0 0 0 0 0 0 0 0 0 0 0 0 0 0 0
0 0 0 0 0 0 0 0 0 0 0 0 0 0 0 0 0 0 0 0 0 0 0 0 0 0 0 0 0 0 0 0 0 0 0 0
0 0 0 0 0 0 0 0 0 0 0 0 0 0 0 0 0 0 0 0 0 0 0 0 0 0 0 0 0 0 0 0 0 0 0 0
0 0 0 0 0 0 0 0 0 0 0 0 0 0 0 0 0 0 0 0 0 0 0 0 0 0 0 0 0 0 0 0 0 0 0 0
0 0 0 0 0 0 0 0 0 0 0 0 0 0 0 0 0 0 0 0 0 0 0 0 0 0 0 0 0 0 0 0 0 0 0 0
0 0 0 0 0 0 0 0 0 0 0 0 0 0 0 0 0 0 0 0 0
##$SHL_SFCOEFFS1= (0..200)
0 0 0 0 0 0 0 0 0 0 0 0 0 0 0 0 0 0 0 0 0 0 0 0 0 0 0 0 0 0 0 0 0 0 0 0
0 0 0 0 0 0 0 0 0 0 0 0 0 0 0 0 0 0 0 0 0 0 0 0 0 0 0 0 0 0 0 0 0 0 0 0
0 0 0 0 0 0 0 0 0 0 0 0 0 0 0 0 0 0 0 0 0 0 0 0 0 0 0 0 0 0 0 0 0 0 0 0
0 0 0 0 0 0 0 0 0 0 0 0 0 0 0 0 0 0 0 0 0 0 0 0 0 0 0 0 0 0 0 0 0 0 0 0
0 0 0 0 0 0 0 0 0 0 0 0 0 0 0 0 0 0 0 0 0 0 0 0 0 0 0 0 0 0 0 0 0 0 0 0
0 0 0 0 0 0 0 0 0 0 0 0 0 0 0 0 0 0 0 0 0
##$SHL_SFCOEFFS10= (0..200)
0 0 0 0 0 0 0 0 0 0 0 0 0 0 0 0 0 0 0 0 0 0 0 0 0 0 0 0 0 0 0 0 0 0 0 0
0 0 0 0 0 0 0 0 0 0 0 0 0 0 0 0 0 0 0 0 0 0 0 0 0 0 0 0 0 0 0 0 0 0 0 0
0 0 0 0 0 0 0 0 0 0 0 0 0 0 0 0 0 0 0 0 0 0 0 0 0 0 0 0 0 0 0 0 0 0 0 0
0 0 0 0 0 0 0 0 0 0 0 0 0 0 0 0 0 0 0 0 0 0 0 0 0 0 0 0 0 0 0 0 0 0 0 0
0 0 0 0 0 0 0 0 0 0 0 0 0 0 0 0 0 0 0 0 0 0 0 0 0 0 0 0 0 0 0 0 0 0 0 0
0 0 0 0 0 0 0 0 0 0 0 0 0 0 0 0 0 0 0 0 0
##$SHL_SFCOEFFS11= (0..200)
0 0 0 0 0 0 0 0 0 0 0 0 0 0 0 0 0 0 0 0 0 0 0 0 0 0 0 0 0 0 0 0 0 0 0 0
0 0 0 0 0 0 0 0 0 0 0 0 0 0 0 0 0 0 0 0 0 0 0 0 0 0 0 0 0 0 0 0 0 0 0 0
0 0 0 0 0 0 0 0 0 0 0 0 0 0 0 0 0 0 0 0 0 0 0 0 0 0 0 0 0 0 0 0 0 0 0 0
0 0 0 0 0 0 0 0 0 0 0 0 0 0 0 0 0 0 0 0 0 0 0 0 0 0 0 0 0 0 0 0 0 0 0 0
0 0 0 0 0 0 0 0 0 0 0 0 0 0 0 0 0 0 0 0 0 0 0 0 0 0 0 0 0 0 0 0 0 0 0 0
0 0 0 0 0 0 0 0 0 0 0 0 0 0 0 0 0 0 0 0 0
##$SHL_SFCOEFFS12= (0..200)
0 0 0 0 0 0 0 0 0 0 0 0 0 0 0 0 0 0 0 0 0 0 0 0 0 0 0 0 0 0 0 0 0 0 0 0
0 0 0 0 0 0 0 0 0 0 0 0 0 0 0 0 0 0 0 0 0 0 0 0 0 0 0 0 0 0 0 0 0 0 0 0
0 0 0 0 0 0 0 0 0 0 0 0 0 0 0 0 0 0 0 0 0 0 0 0 0 0 0 0 0 0 0 0 0 0 0 0
0 0 0 0 0 0 0 0 0 0 0 0 0 0 0 0 0 0 0 0 0 0 0 0 0 0 0 0 0 0 0 0 0 0 0 0
0 0 0 0 0 0 0 0 0 0 0 0 0 0 0 0 0 0 0 0 0 0 0 0 0 0 0 0 0 0 0 0 0 0 0 0
0 0 0 0 0 0 0 0 0 0 0 0 0 0 0 0 0 0 0 0 0
##$SHL_SFCOEFFS13= (0..200)
0 0 0 0 0 0 0 0 0 0 0 0 0 0 0 0 0 0 0 0 0 0 0 0 0 0 0 0 0 0 0 0 0 0 0 0
0 0 0 0 0 0 0 0 0 0 0 0 0 0 0 0 0 0 0 0 0 0 0 0 0 0 0 0 0 0 0 0 0 0 0 0
0 0 0 0 0 0 0 0 0 0 0 0 0 0 0 0 0 0 0 0 0 0 0 0 0 0 0 0 0 0 0 0 0 0 0 0
0 0 0 0 0 0 0 0 0 0 0 0 0 0 0 0 0 0 0 0 0 0 0 0 0 0 0 0 0 0 0 0 0 0 0 0
0 0 0 0 0 0 0 0 0 0 0 0 0 0 0 0 0 0 0 0 0 0 0 0 0 0 0 0 0 0 0 0 0 0 0 0
0 0 0 0 0 0 0 0 0 0 0 0 0 0 0 0 0 0 0 0 0
##$SHL_SFCOEFFS14= (0..200)
0 0 0 0 0 0 0 0 0 0 0 0 0 0 0 0 0 0 0 0 0 0 0 0 0 0 0 0 0 0 0 0 0 0 0 0
0 0 0 0 0 0 0 0 0 0 0 0 0 0 0 0 0 0 0 0 0 0 0 0 0 0 0 0 0 0 0 0 0 0 0 0
0 0 0 0 0 0 0 0 0 0 0 0 0 0 0 0 0 0 0 0 0 0 0 0 0 0 0 0 0 0 0 0 0 0 0 0
0 0 0 0 0 0 0 0 0 0 0 0 0 0 0 0 0 0 0 0 0 0 0 0 0 0 0 0 0 0 0 0 0 0 0 0
0 0 0 0 0 0 0 0 0 0 0 0 0 0 0 0 0 0 0 0 0 0 0 0 0 0 0 0 0 0 0 0 0 0 0 0
0 0 0 0 0 0 0 0 0 0 0 0 0 0 0 0 0 0 0 0 0
##$SHL_SFCOEFFS15= (0..200)
0 0 0 0 0 0 0 0 0 0 0 0 0 0 0 0 0 0 0 0 0 0 0 0 0 0 0 0 0 0 0 0 0 0 0 0
0 0 0 0 0 0 0 0 0 0 0 0 0 0 0 0 0 0 0 0 0 0 0 0 0 0 0 0 0 0 0 0 0 0 0 0
0 0 0 0 0 0 0 0 0 0 0 0 0 0 0 0 0 0 0 0 0 0 0 0 0 0 0 0 0 0 0 0 0 0 0 0
0 0 0 0 0 0 0 0 0 0 0 0 0 0 0 0 0 0 0 0 0 0 0 0 0 0 0 0 0 0 0 0 0 0 0 0
0 0 0 0 0 0 0 0 0 0 0 0 0 0 0 0 0 0 0 0 0 0 0 0 0 0 0 0 0 0 0 0 0 0 0 0
0 0 0 0 0 0 0 0 0 0 0 0 0 0 0 0 0 0 0 0 0
##$SHL_SFCOEFFS2= (0..200)
0 0 0 0 0 0 0 0 0 0 0 0 0 0 0 0 0 0 0 0 0 0 0 0 0 0 0 0 0 0 0 0 0 0 0 0
0 0 0 0 0 0 0 0 0 0 0 0 0 0 0 0 0 0 0 0 0 0 0 0 0 0 0 0 0 0 0 0 0 0 0 0
0 0 0 0 0 0 0 0 0 0 0 0 0 0 0 0 0 0 0 0 0 0 0 0 0 0 0 0 0 0 0 0 0 0 0 0
0 0 0 0 0 0 0 0 0 0 0 0 0 0 0 0 0 0 0 0 0 0 0 0 0 0 0 0 0 0 0 0 0 0 0 0
0 0 0 0 0 0 0 0 0 0 0 0 0 0 0 0 0 0 0 0 0 0 0 0 0 0 0 0 0 0 0 0 0 0 0 0
0 0 0 0 0 0 0 0 0 0 0 0 0 0 0 0 0 0 0 0 0
##$SHL_SFCOEFFS3= (0..200)
0 0 0 0 0 0 0 0 0 0 0 0 0 0 0 0 0 0 0 0 0 0 0 0 0 0 0 0 0 0 0 0 0 0 0 0
0 0 0 0 0 0 0 0 0 0 0 0 0 0 0 0 0 0 0 0 0 0 0 0 0 0 0 0 0 0 0 0 0 0 0 0
0 0 0 0 0 0 0 0 0 0 0 0 0 0 0 0 0 0 0 0 0 0 0 0 0 0 0 0 0 0 0 0 0 0 0 0
0 0 0 0 0 0 0 0 0 0 0 0 0 0 0 0 0 0 0 0 0 0 0 0 0 0 0 0 0 0 0 0 0 0 0 0
0 0 0 0 0 0 0 0 0 0 0 0 0 0 0 0 0 0 0 0 0 0 0 0 0 0 0 0 0 0 0 0 0 0 0 0
0 0 0 0 0 0 0 0 0 0 0 0 0 0 0 0 0 0 0 0 0
##$SHL_SFCOEFFS4= (0..200)
0 0 0 0 0 0 0 0 0 0 0 0 0 0 0 0 0 0 0 0 0 0 0 0 0 0 0 0 0 0 0 0 0 0 0 0
0 0 0 0 0 0 0 0 0 0 0 0 0 0 0 0 0 0 0 0 0 0 0 0 0 0 0 0 0 0 0 0 0 0 0 0
0 0 0 0 0 0 0 0 0 0 0 0 0 0 0 0 0 0 0 0 0 0 0 0 0 0 0 0 0 0 0 0 0 0 0 0
0 0 0 0 0 0 0 0 0 0 0 0 0 0 0 0 0 0 0 0 0 0 0 0 0 0 0 0 0 0 0 0 0 0 0 0
0 0 0 0 0 0 0 0 0 0 0 0 0 0 0 0 0 0 0 0 0 0 0 0 0 0 0 0 0 0 0 0 0 0 0 0
0 0 0 0 0 0 0 0 0 0 0 0 0 0 0 0 0 0 0 0 0
##$SHL_SFCOEFFS5= (0..200)
0 0 0 0 0 0 0 0 0 0 0 0 0 0 0 0 0 0 0 0 0 0 0 0 0 0 0 0 0 0 0 0 0 0 0 0
0 0 0 0 0 0 0 0 0 0 0 0 0 0 0 0 0 0 0 0 0 0 0 0 0 0 0 0 0 0 0 0 0 0 0 0
0 0 0 0 0 0 0 0 0 0 0 0 0 0 0 0 0 0 0 0 0 0 0 0 0 0 0 0 0 0 0 0 0 0 0 0
0 0 0 0 0 0 0 0 0 0 0 0 0 0 0 0 0 0 0 0 0 0 0 0 0 0 0 0 0 0 0 0 0 0 0 0
0 0 0 0 0 0 0 0 0 0 0 0 0 0 0 0 0 0 0 0 0 0 0 0 0 0 0 0 0 0 0 0 0 0 0 0
0 0 0 0 0 0 0 0 0 0 0 0 0 0 0 0 0 0 0 0 0
##$SHL_SFCOEFFS6= (0..200)
0 0 0 0 0 0 0 0 0 0 0 0 0 0 0 0 0 0 0 0 0 0 0 0 0 0 0 0 0 0 0 0 0 0 0 0
0 0 0 0 0 0 0 0 0 0 0 0 0 0 0 0 0 0 0 0 0 0 0 0 0 0 0 0 0 0 0 0 0 0 0 0
0 0 0 0 0 0 0 0 0 0 0 0 0 0 0 0 0 0 0 0 0 0 0 0 0 0 0 0 0 0 0 0 0 0 0 0
0 0 0 0 0 0 0 0 0 0 0 0 0 0 0 0 0 0 0 0 0 0 0 0 0 0 0 0 0 0 0 0 0 0 0 0
0 0 0 0 0 0 0 0 0 0 0 0 0 0 0 0 0 0 0 0 0 0 0 0 0 0 0 0 0 0 0 0 0 0 0 0
0 0 0 0 0 0 0 0 0 0 0 0 0 0 0 0 0 0 0 0 0
##$SHL_SFCOEFFS7= (0..200)
0 0 0 0 0 0 0 0 0 0 0 0 0 0 0 0 0 0 0 0 0 0 0 0 0 0 0 0 0 0 0 0 0 0 0 0
0 0 0 0 0 0 0 0 0 0 0 0 0 0 0 0 0 0 0 0 0 0 0 0 0 0 0 0 0 0 0 0 0 0 0 0
0 0 0 0 0 0 0 0 0 0 0 0 0 0 0 0 0 0 0 0 0 0 0 0 0 0 0 0 0 0 0 0 0 0 0 0
0 0 0 0 0 0 0 0 0 0 0 0 0 0 0 0 0 0 0 0 0 0 0 0 0 0 0 0 0 0 0 0 0 0 0 0
0 0 0 0 0 0 0 0 0 0 0 0 0 0 0 0 0 0 0 0 0 0 0 0 0 0 0 0 0 0 0 0 0 0 0 0
0 0 0 0 0 0 0 0 0 0 0 0 0 0 0 0 0 0 0 0 0
##$SHL_SFCOEFFS8= (0..200)
0 0 0 0 0 0 0 0 0 0 0 0 0 0 0 0 0 0 0 0 0 0 0 0 0 0 0 0 0 0 0 0 0 0 0 0
0 0 0 0 0 0 0 0 0 0 0 0 0 0 0 0 0 0 0 0 0 0 0 0 0 0 0 0 0 0 0 0 0 0 0 0
0 0 0 0 0 0 0 0 0 0 0 0 0 0 0 0 0 0 0 0 0 0 0 0 0 0 0 0 0 0 0 0 0 0 0 0
0 0 0 0 0 0 0 0 0 0 0 0 0 0 0 0 0 0 0 0 0 0 0 0 0 0 0 0 0 0 0 0 0 0 0 0
0 0 0 0 0 0 0 0 0 0 0 0 0 0 0 0 0 0 0 0 0 0 0 0 0 0 0 0 0 0 0 0 0 0 0 0
0 0 0 0 0 0 0 0 0 0 0 0 0 0 0 0 0 0 0 0 0
##$SHL_SFCOEFFS9= (0..200)
0 0 0 0 0 0 0 0 0 0 0 0 0 0 0 0 0 0 0 0 0 0 0 0 0 0 0 0 0 0 0 0 0 0 0 0
0 0 0 0 0 0 0 0 0 0 0 0 0 0 0 0 0 0 0 0 0 0 0 0 0 0 0 0 0 0 0 0 0 0 0 0
0 0 0 0 0 0 0 0 0 0 0 0 0 0 0 0 0 0 0 0 0 0 0 0 0 0 0 0 0 0 0 0 0 0 0 0
0 0 0 0 0 0 0 0 0 0 0 0 0 0 0 0 0 0 0 0 0 0 0 0 0 0 0 0 0 0 0 0 0 0 0 0
0 0 0 0 0 0 0 0 0 0 0 0 0 0 0 0 0 0 0 0 0 0 0 0 0 0 0 0 0 0 0 0 0 0 0 0
0 0 0 0 0 0 0 0 0 0 0 0 0 0 0 0 0 0 0 0 0
##$SHL_SMOOTHED= (0..15)
0 0 0 0 0 0 0 0 0 0 0 0 0 0 0 0
##$SHL_SMOOTHING= (0..15)
0 0 0 0 0 0 0 0 0 0 0 0 0 0 0 0
##$SHL_SPOAL= (0..15)
0 0 0 0 0 0 0 0 0 0 0 0 0 0 0 0
##$SHL_SPOFFS= (0..15)
0 0 0 0 0 0 0 0 0 0 0 0 0 0 0 0
##$SHL_SPOPH= (0..15)
0 0 0 0 0 0 0 0 0 0 0 0 0 0 0 0
##$SHL_STARTAMP= (0..15)
0 0 0 0 0 0 0 0 0 0 0 0 0 0 0 0
##$SHL_SW= (0..15)
0 0 0 0 0 0 0 0 0 0 0 0 0 0 0 0
##$SHL_SWDIR= (0..15)
-1 -1 -1 -1 -1 -1 -1 -1 -1 -1 -1 -1 -1 -1 -1 -1
##$SHL_TANKAPPA= (0..15)
0 0 0 0 0 0 0 0 0 0 0 0 0 0 0 0
##$SHL_TOTROT= (0..15)
90 0 0 0 0 0 0 0 0 0 0 0 0 0 0 0
##$SHL_TRUNCLEV= (0..15)
0 0 0 0 0 0 0 0 0 0 0 0 0 0 0 0
##$SHL_TYPE= (0..15)
<Excitation> <> <> <> <> <> <> <> <> <> <> <> <> <> <> <>
##$SHL_WINDOWSIZE= (0..15)
0 0 0 0 0 0 0 0 0 0 0 0 0 0 0 0
##$SHL_ZETA= (0..15)
0 0 0 0 0 0 0 0 0 0 0 0 0 0 0 0
##NPOINTS= 1250
##XYPOINTS= (XY..XY)
72.788721, 141.692149
72.327395, 143.199640
71.863211, 144.707210
71.396205, 146.214862
70.926409, 147.722596
70.453858, 149.230415
69.978588, 150.738320
69.500632, 152.246313
69.020026, 153.754397
68.536804, 155.262572
68.051004, 156.770842
67.562659, 158.279208
67.071806, 159.787673
66.578481, 161.296238
66.082721, 162.804906
65.584560, 164.313680
65.084036, 165.822561
64.581186, 167.331553
64.076047, 168.840659
63.568655, 170.349880
63.059048, 171.859220
62.547263, 173.368682
62.033337, 174.878268
61.517309, 176.387983
60.999216, 177.897829
60.479096, 179.407810
59.956987, 180.917930
59.432928, 182.428191
58.906957, 183.938599
58.379113, 185.449156
57.849433, 186.959867
57.317958, 188.470737
56.784726, 189.981769
56.249777, 191.492969
55.713149, 193.004341
55.174881, 194.515890
54.635014, 196.027622
54.093587, 197.539542
53.550640, 199.051655
53.006212, 200.563968
52.460343, 202.076487
51.913074, 203.589218
51.364445, 205.102168
50.814495, 206.615343
50.263266, 208.128752
49.710798, 209.642402
49.157130, 211.156300
48.602305, 212.670455
48.046362, 214.184876
47.489343, 215.699573
46.931288, 217.214553
46.372238, 218.729829
45.812234, 220.245409
45.251318, 221.761306
44.689531, 223.277530
44.126914, 224.794094
43.563507, 226.311011
42.999354, 227.828294
42.434494, 229.345957
41.868970, 230.864015
41.302823, 232.382484
40.736094, 233.901380
40.168827, 235.420721
39.601061, 236.940524
39.032839, 238.460810
38.464202, 239.981600
37.895193, 241.502913
37.325854, 243.024775
36.756225, 244.547209
36.186350, 246.070240
35.616270, 247.593897
35.046026, 249.118209
34.475662, 250.643205
33.905219, 252.168921
33.334739, 253.695390
32.764265, 255.222650
32.193838, 256.750741
31.623500, 258.279707
31.053294, 259.809592
30.483261, 261.340445
29.913444, 262.872320
29.343886, 264.405273
28.774627, 265.939365
28.205711, 267.474660
27.637179, 269.011229
27.069074, 270.549150
26.501438, 272.088502
25.934314, 273.629377
25.367742, 275.171871
24.801766, 276.716088
24.236429, 278.262143
23.671771, 279.810160
23.107836, 281.360277
22.544666, 282.912641
21.982303, 284.467417
21.420790, 286.024784
20.860169, 287.584941
20.300484, 289.148107
19.741776, 290.714523
19.184088, 292.284459
18.627464, 293.858215
18.071946, 295.436126
17.517578, 297.018566
16.964403, 298.605958
16.412466, 300.198775
15.861810, 301.797557
15.312480, 303.402915
14.764521, 305.015547
14.217978, 306.636254
13.672899, 308.265958
13.129330, 309.905727
12.587320, 311.556806
12.046918, 313.220651
11.508177, 314.898980
10.971149, 316.593835
10.435890, 318.307657
9.902461, 320.043393
9.370925, 321.804632
8.841351, 323.595791
8.313816, 325.422361
7.788406, 327.291266
7.265221, 329.211346
6.744378, 331.194078
6.226021, 333.254625
5.710328, 335.413437
5.197533, 337.698754
4.687952, 340.150662
4.182032, 342.827943
3.680440, 345.820211
3.184224, 349.270637
2.695155, 353.421453
2.216477, 358.712370
1.754796, 6.011827
1.325382, 17.192279
0.968408, 36.342260
0.784716, 68.478430
0.885076, 103.676475
1.197196, 126.391352
1.599423, 139.384928
2.037277, 147.575894
2.490527, 153.345816
2.950789, 157.777795
3.414090, 161.405569
3.878327, 164.516255
4.342284, 167.276271
4.805205, 169.788134
5.266593, 172.118223
5.726100, 174.311312
6.183478, 176.398658
6.638535, 178.402721
7.091126, 180.340041
7.541130, 182.223067
7.988450, 184.061339
8.433000, 185.862291
8.874708, 187.631803
9.313508, 189.374581
9.749344, 191.094439
10.182160, 192.794500
10.611909, 194.477343
11.038542, 196.145121
11.462017, 197.799640
11.882292, 199.442430
12.299328, 201.074795
12.713085, 202.697851
13.123527, 204.312561
13.530619, 205.919760
13.934325, 207.520175
14.334611, 209.114442
14.731444, 210.703120
15.124792, 212.286701
15.514623, 213.865622
15.900906, 215.440272
16.283609, 217.010996
16.662703, 218.578104
17.038158, 220.141873
17.409944, 221.702555
17.778034, 223.260373
18.142398, 224.815533
18.503008, 226.368218
18.859838, 227.918598
19.212859, 229.466826
19.562044, 231.013040
19.907369, 232.557370
20.248805, 234.099932
20.586328, 235.640834
20.919912, 237.180175
21.249532, 238.718045
21.575163, 240.254530
21.896780, 241.789707
22.214361, 243.323647
22.527880, 244.856418
22.837315, 246.388081
23.142643, 247.918694
23.443840, 249.448311
23.740884, 250.976981
24.033753, 252.504751
24.322426, 254.031664
24.606881, 255.557761
24.887097, 257.083081
25.163053, 258.607658
25.434728, 260.131526
25.702103, 261.654716
25.965157, 263.177259
26.223871, 264.699181
26.478227, 266.220509
26.728205, 267.741267
26.973786, 269.261479
27.214953, 270.781166
27.451688, 272.300348
27.683973, 273.819047
27.911791, 275.337279
28.135125, 276.855062
28.353959, 278.372413
28.568276, 279.889347
28.778062, 281.405880
28.983300, 282.922025
29.183974, 284.437795
29.380072, 285.953203
29.571577, 287.468262
29.758476, 288.982982
29.940755, 290.497374
30.118400, 292.011450
30.291399, 293.525217
30.459739, 295.038687
30.623407, 296.551867
30.782392, 298.064766
30.936681, 299.577393
31.086263, 301.089754
31.231127, 302.601858
31.371263, 304.113710
31.506660, 305.625318
31.637308, 307.136689
31.763198, 308.647827
31.884320, 310.158739
32.000665, 311.669430
32.112225, 313.179906
32.218992, 314.690171
32.320958, 316.200230
32.418115, 317.710088
32.510455, 319.219749
32.597974, 320.729216
32.680663, 322.238495
32.758516, 323.747588
32.831529, 325.256499
32.899695, 326.765231
32.963010, 328.273787
33.021469, 329.782171
33.075068, 331.290386
33.123802, 332.798433
33.167668, 334.306316
33.206663, 335.814036
33.240784, 337.321597
33.270028, 338.828999
33.294394, 340.336246
33.313879, 341.843338
33.328482, 343.350279
33.338202, 344.857068
33.343038, 346.363708
33.342990, 347.870200
33.338058, 349.376545
33.328241, 350.882744
33.313542, 352.388798
33.293961, 353.894709
33.269499, 355.400476
33.240158, 356.906101
33.205940, 358.411583
33.166848, 359.916924
33.122885, 1.422124
33.074054, 2.927182
33.020357, 4.432099
32.961801, 5.936875
32.898387, 7.441509
32.830122, 8.946002
32.757011, 10.450353
32.679057, 11.954561
32.596269, 13.458626
32.508650, 14.962547
32.416208, 16.466322
32.318950, 17.969952
32.216882, 19.473435
32.110013, 20.976769
31.998349, 22.479954
31.881900, 23.982987
31.760673, 25.485867
31.634678, 26.988592
31.503923, 28.491160
31.368419, 29.993568
31.228175, 31.495815
31.083202, 32.997898
30.933510, 34.499814
30.779110, 36.001560
30.620014, 37.503133
30.456233, 39.004530
30.287779, 40.505747
30.114664, 42.006780
29.936902, 43.507625
29.754505, 45.008279
29.567487, 46.508736
29.375861, 48.008992
29.179641, 49.509041
28.978842, 51.008878
28.773479, 52.508498
28.563566, 54.007894
28.349119, 55.507059
28.130154, 57.005987
27.906687, 58.504671
27.678734, 60.003102
27.446312, 61.501273
27.209438, 62.999174
26.968129, 64.496797
26.722403, 65.994131
26.472278, 67.491166
26.217773, 68.987891
25.958906, 70.484293
25.695696, 71.980361
25.428163, 73.476081
25.156326, 74.971438
24.880205, 76.466416
24.599820, 77.961001
24.315193, 79.455174
24.026343, 80.948916
23.733292, 82.442207
23.436063, 83.935026
23.134675, 85.427351
22.829153, 86.919155
22.519517, 88.410414
22.205792, 89.901097
21.888000, 91.391175
21.566164, 92.880615
21.240309, 94.369380
20.910457, 95.857431
20.576635, 97.344728
20.238865, 98.831224
19.897173, 100.316870
19.551585, 101.801613
19.202126, 103.285393
18.848821, 104.768147
18.491697, 106.249806
18.130780, 107.730291
17.766097, 109.209520
17.397675, 110.687399
17.025541, 112.163827
16.649724, 113.638689
16.270250, 115.111862
15.887148, 116.583204
15.500448, 118.052562
15.110177, 119.519761
14.716365, 120.984606
14.319042, 122.446877
13.918237, 123.906327
13.513982, 125.362674
13.106306, 126.815598
12.695241, 128.264733
12.280818, 129.709658
11.863070, 131.149887
11.442029, 132.584856
11.017728, 134.013906
10.590201, 135.436264
10.159482, 136.851014
9.725606, 138.257067
9.288611, 139.653112
8.848532, 141.037563
8.405411, 142.408477
7.959286, 143.763452
7.510201, 145.099484
7.058201, 146.412760
6.603338, 147.698370
6.145666, 148.949886
5.685248, 150.158720
5.222158, 151.313142
4.756487, 152.396695
4.288349, 153.385564
3.817904, 154.243949
3.345377, 154.915494
2.871129, 155.306151
2.395779, 155.246695
1.920534, 154.400171
1.448153, 151.992673
0.986626, 145.825624
0.569902, 127.395339
0.398253, 70.806535
0.694377, 27.870003
1.141325, 15.162831
1.620819, 10.601033
2.112440, 8.816948
2.610651, 8.271000
3.113367, 8.378105
3.619622, 8.870284
4.128898, 9.608117
4.640884, 10.512087
5.155375, 11.533588
5.672226, 12.641259
6.191327, 13.813972
6.712589, 15.036974
7.235938, 16.299656
7.761308, 17.594194
8.288641, 18.914691
8.817883, 20.256622
9.348982, 21.616452
9.881891, 22.991385
10.416562, 24.379176
10.952950, 25.778004
11.491011, 27.186376
12.030701, 28.603057
12.571977, 30.027016
13.114796, 31.457384
13.659117, 32.893427
14.204896, 34.334517
14.752092, 35.780116
15.300664, 37.229761
15.850570, 38.683048
16.401768, 40.139626
16.954217, 41.599188
17.507875, 43.061463
18.062702, 44.526213
18.618655, 45.993225
19.175694, 47.462311
19.733776, 48.933304
20.292861, 50.406054
20.852907, 51.880424
21.413873, 53.356294
21.975717, 54.833554
22.538397, 56.312104
23.101873, 57.791855
23.666102, 59.272724
24.231043, 60.754636
24.796654, 62.237524
25.362893, 63.721325
25.929720, 65.205982
26.497092, 66.691442
27.064967, 68.177656
27.633304, 69.664581
28.202061, 71.152175
28.771196, 72.640399
29.340667, 74.129219
29.910433, 75.618602
30.480451, 77.108518
31.050680, 78.598937
31.621077, 80.089835
32.191602, 81.581186
32.762212, 83.072968
33.332864, 84.565158
33.903519, 86.057738
34.474132, 87.550689
35.044663, 89.043992
35.615069, 90.537631
36.185310, 92.031592
36.755342, 93.525858
37.325125, 95.020417
37.894616, 96.515256
38.463773, 98.010363
39.032555, 99.505725
39.600921, 101.001333
40.168827, 102.497175
40.736234, 103.993243
41.303099, 105.489527
41.869380, 106.986018
42.435036, 108.482708
43.000026, 109.979589
43.564309, 111.476654
44.127842, 112.973896
44.690584, 114.471308
45.252495, 115.968884
45.813532, 117.466617
46.373656, 118.964502
46.932825, 120.462534
47.490997, 121.960706
48.048132, 123.459015
48.604189, 124.957455
49.159128, 126.456022
49.712907, 127.954711
50.265487, 129.453518
50.816825, 130.952439
51.366883, 132.451471
51.915620, 133.950610
52.462995, 135.449852
53.008969, 136.949193
53.553502, 138.448632
54.096552, 139.948164
54.638082, 141.447786
55.178050, 142.947497
55.716418, 144.447292
56.253147, 145.947170
56.788195, 147.447128
57.321525, 148.947163
57.853098, 150.447274
58.382874, 151.947457
58.910814, 153.447712
59.436881, 154.948035
59.961034, 156.448425
60.483237, 157.948879
61.003450, 159.449397
61.521636, 160.949976
62.037756, 162.450614
62.551773, 163.951310
63.063650, 165.452062
63.573347, 166.952869
64.080829, 168.453729
64.586058, 169.954640
65.088996, 171.455602
65.589608, 172.956613
66.087856, 174.457671
66.583705, 175.958776
67.077116, 177.459926
67.568055, 178.961120
68.056486, 180.462357
68.542372, 181.963635
69.025678, 183.464954
69.506369, 184.966312
69.984409, 186.467710
70.459763, 187.969144
70.932397, 189.470616
71.402276, 190.972123
71.869366, 192.473665
72.333631, 193.975241
72.795039, 195.476850
73.253555, 196.978491
73.709146, 198.480164
74.161778, 199.981868
74.611418, 201.483601
75.058034, 202.985364
75.501592, 204.487156
75.942060, 205.988976
76.379406, 207.490822
76.813598, 208.992696
77.244603, 210.494595
77.672391, 211.996520
78.096930, 213.498469
78.518189, 215.000443
78.936136, 216.502440
79.350742, 218.004460
79.761976, 219.506503
80.169808, 221.008568
80.574208, 222.510654
80.975146, 224.012761
81.372593, 225.514889
81.766519, 227.017037
82.156897, 228.519204
82.543697, 230.021391
82.926891, 231.523596
83.306451, 233.025819
83.682349, 234.528061
84.054557, 236.030319
84.423049, 237.532595
84.787797, 239.034888
85.148774, 240.537196
85.505955, 242.039521
85.859313, 243.541861
86.208821, 245.044216
86.554455, 246.546587
86.896189, 248.048971
87.233998, 249.551370
87.567857, 251.053783
87.897743, 252.556209
88.223629, 254.058648
88.545494, 255.561101
88.863312, 257.063566
89.177062, 258.566043
89.486719, 260.068532
89.792262, 261.571033
90.093668, 263.073546
90.390914, 264.576070
90.683979, 266.078604
90.972842, 267.581150
91.257480, 269.083706
91.537875, 270.586272
91.814004, 272.088848
92.085848, 273.591433
92.353386, 275.094029
92.616600, 276.596633
92.875470, 278.099246
93.129976, 279.601868
93.380101, 281.104499
93.625826, 282.607138
93.867132, 284.109786
94.104003, 285.612441
94.336420, 287.115104
94.564368, 288.617774
94.787828, 290.120452
95.006785, 291.623136
95.221223, 293.125828
95.431126, 294.628527
95.636479, 296.131232
95.837266, 297.633943
96.033473, 299.136661
96.225085, 300.639384
96.412089, 302.142114
96.594470, 303.644849
96.772216, 305.147589
96.945313, 306.650335
97.113749, 308.153086
97.277511, 309.655842
97.436588, 311.158603
97.590967, 312.661369
97.740637, 314.164138
97.885588, 315.666913
98.025808, 317.169691
98.161288, 318.672474
98.292018, 320.175260
98.417987, 321.678050
98.539187, 323.180844
98.655610, 324.683640
98.767245, 326.186441
98.874085, 327.689244
98.976123, 329.192050
99.073351, 330.694860
99.165761, 332.197671
99.253347, 333.700486
99.336103, 335.203302
99.414023, 336.706121
99.487099, 338.208942
99.555329, 339.711765
99.618706, 341.214590
99.677225, 342.717417
99.730883, 344.220245
99.779676, 345.723075
99.823599, 347.225905
99.862650, 348.728737
99.896826, 350.231570
99.926125, 351.734404
99.950543, 353.237239
99.970080, 354.740074
99.984734, 356.242910
99.994504, 357.745746
99.999389, 359.248582
99.999389, 0.751418
99.994504, 2.254254
99.984734, 3.757090
99.970080, 5.259926
99.950543, 6.762761
99.926125, 8.265596
99.896826, 9.768430
99.862650, 11.271263
99.823599, 12.774095
99.779676, 14.276925
99.730883, 15.779755
99.677225, 17.282583
99.618706, 18.785410
99.555329, 20.288235
99.487099, 21.791058
99.414023, 23.293879
99.336103, 24.796698
99.253347, 26.299514
99.165761, 27.802329
99.073351, 29.305140
98.976123, 30.807950
98.874085, 32.310756
98.767245, 33.813559
98.655610, 35.316360
98.539187, 36.819156
98.417987, 38.321950
98.292018, 39.824740
98.161288, 41.327526
98.025808, 42.830309
97.885588, 44.333087
97.740637, 45.835862
97.590967, 47.338631
97.436588, 48.841397
97.277511, 50.344158
97.113749, 51.846914
96.945313, 53.349665
96.772216, 54.852411
96.594470, 56.355151
96.412089, 57.857886
96.225085, 59.360616
96.033473, 60.863339
95.837266, 62.366057
95.636479, 63.868768
95.431126, 65.371473
95.221223, 66.874172
95.006785, 68.376864
94.787828, 69.879548
94.564368, 71.382226
94.336420, 72.884896
94.104003, 74.387559
93.867132, 75.890214
93.625826, 77.392862
93.380101, 78.895501
93.129976, 80.398132
92.875470, 81.900754
92.616600, 83.403367
92.353386, 84.905971
92.085848, 86.408567
91.814004, 87.911152
91.537875, 89.413728
91.257480, 90.916294
90.972842, 92.418850
90.683979, 93.921396
90.390914, 95.423930
90.093668, 96.926454
89.792262, 98.428967
89.486719, 99.931468
89.177062, 101.433957
88.863312, 102.936434
88.545494, 104.438899
88.223629, 105.941352
87.897743, 107.443791
87.567857, 108.946217
87.233998, 110.448630
86.896189, 111.951029
86.554455, 113.453413
86.208821, 114.955784
85.859313, 116.458139
85.505955, 117.960479
85.148774, 119.462804
84.787797, 120.965112
84.423049, 122.467405
84.054557, 123.969681
83.682349, 125.471939
83.306451, 126.974181
82.926891, 128.476404
82.543697, 129.978609
82.156897, 131.480796
81.766519, 132.982963
81.372593, 134.485111
80.975146, 135.987239
80.574208, 137.489346
80.169808, 138.991432
79.761976, 140.493497
79.350742, 141.995540
78.936136, 143.497560
78.518189, 144.999557
78.096930, 146.501531
77.672391, 148.003480
77.244603, 149.505405
76.813598, 151.007304
76.379406, 152.509178
75.942060, 154.011024
75.501592, 155.512844
75.058034, 157.014636
74.611418, 158.516399
74.161778, 160.018132
73.709146, 161.519836
73.253555, 163.021509
72.795039, 164.523150
72.333631, 166.024759
71.869366, 167.526335
71.402276, 169.027877
70.932397, 170.529384
70.459763, 172.030856
69.984409, 173.532290
69.506369, 175.033688
69.025678, 176.535046
68.542372, 178.036365
68.056486, 179.537643
67.568055, 181.038880
67.077116, 182.540074
66.583705, 184.041224
66.087856, 185.542329
65.589608, 187.043387
65.088996, 188.544398
64.586058, 190.045360
64.080829, 191.546271
63.573347, 193.047131
63.063650, 194.547938
62.551773, 196.048690
62.037756, 197.549386
61.521636, 199.050024
61.003450, 200.550603
60.483237, 202.051121
59.961034, 203.551575
59.436881, 205.051965
58.910814, 206.552288
58.382874, 208.052543
57.853098, 209.552726
57.321525, 211.052837
56.788195, 212.552872
56.253147, 214.052830
55.716418, 215.552708
55.178050, 217.052503
54.638082, 218.552214
54.096552, 220.051836
53.553502, 221.551368
53.008969, 223.050807
52.462995, 224.550148
51.915620, 226.049390
51.366883, 227.548529
50.816825, 229.047561
50.265487, 230.546482
49.712907, 232.045289
49.159128, 233.543978
48.604189, 235.042545
48.048132, 236.540985
47.490997, 238.039294
46.932825, 239.537466
46.373656, 241.035498
45.813532, 242.533383
45.252495, 244.031116
44.690584, 245.528692
44.127842, 247.026104
43.564309, 248.523346
43.000026, 250.020411
42.435036, 251.517292
41.869380, 253.013982
41.303099, 254.510473
40.736234, 256.006757
40.168827, 257.502825
39.600921, 258.998667
39.032555, 260.494275
38.463773, 261.989637
37.894616, 263.484744
37.325125, 264.979583
36.755342, 266.474142
36.185310, 267.968408
35.615069, 269.462369
35.044663, 270.956008
34.474132, 272.449311
33.903519, 273.942262
33.332864, 275.434842
32.762212, 276.927032
32.191602, 278.418814
31.621077, 279.910165
31.050680, 281.401063
30.480451, 282.891482
29.910433, 284.381398
29.340667, 285.870781
28.771196, 287.359601
28.202061, 288.847825
27.633304, 290.335419
27.064967, 291.822344
26.497092, 293.308558
25.929720, 294.794018
25.362893, 296.278675
24.796654, 297.762476
24.231043, 299.245364
23.666102, 300.727276
23.101873, 302.208145
22.538397, 303.687896
21.975717, 305.166446
21.413873, 306.643706
20.852907, 308.119576
20.292861, 309.593946
19.733776, 311.066696
19.175694, 312.537689
18.618655, 314.006775
18.062702, 315.473787
17.507875, 316.938537
16.954217, 318.400812
16.401768, 319.860374
15.850570, 321.316952
15.300664, 322.770239
14.752092, 324.219884
14.204896, 325.665483
13.659117, 327.106573
13.114796, 328.542616
12.571977, 329.972984
12.030701, 331.396943
11.491011, 332.813624
10.952950, 334.221996
10.416562, 335.620824
9.881891, 337.008615
9.348982, 338.383548
8.817883, 339.743378
8.288641, 341.085309
7.761308, 342.405806
7.235938, 343.700344
6.712589, 344.963026
6.191327, 346.186028
5.672226, 347.358741
5.155375, 348.466412
4.640884, 349.487913
4.128898, 350.391883
3.619622, 351.129716
3.113367, 351.621895
2.610651, 351.729000
2.112440, 351.183052
1.620819, 349.398967
1.141325, 344.837169
0.694377, 332.129997
0.398253, 289.193465
0.569902, 232.604661
0.986626, 214.174376
1.448153, 208.007327
1.920534, 205.599829
2.395779, 204.753305
2.871129, 204.693849
3.345377, 205.084506
3.817904, 205.756051
4.288349, 206.614436
4.756487, 207.603305
5.222158, 208.686858
5.685248, 209.841280
6.145666, 211.050114
6.603338, 212.301630
7.058201, 213.587240
7.510201, 214.900516
7.959286, 216.236548
8.405411, 217.591523
8.848532, 218.962437
9.288611, 220.346888
9.725606, 221.742933
10.159482, 223.148986
10.590201, 224.563736
11.017728, 225.986094
11.442029, 227.415144
11.863070, 228.850113
12.280818, 230.290342
12.695241, 231.735267
13.106306, 233.184402
13.513982, 234.637326
13.918237, 236.093673
14.319042, 237.553123
14.716365, 239.015394
15.110177, 240.480239
15.500448, 241.947438
15.887148, 243.416796
16.270250, 244.888138
16.649724, 246.361311
17.025541, 247.836173
17.397675, 249.312601
17.766097, 250.790480
18.130780, 252.269709
18.491697, 253.750194
18.848821, 255.231853
19.202126, 256.714607
19.551585, 258.198387
19.897173, 259.683130
20.238865, 261.168776
20.576635, 262.655272
20.910457, 264.142569
21.240309, 265.630620
21.566164, 267.119385
21.888000, 268.608825
22.205792, 270.098903
22.519517, 271.589586
22.829153, 273.080845
23.134675, 274.572649
23.436063, 276.064974
23.733292, 277.557793
24.026343, 279.051084
24.315193, 280.544826
24.599820, 282.038999
24.880205, 283.533584
25.156326, 285.028562
25.428163, 286.523919
25.695696, 288.019639
25.958906, 289.515707
26.217773, 291.012109
26.472278, 292.508834
26.722403, 294.005869
26.968129, 295.503203
27.209438, 297.000826
27.446312, 298.498727
27.678734, 299.996898
27.906687, 301.495329
28.130154, 302.994013
28.349119, 304.492941
28.563566, 305.992106
28.773479, 307.491502
28.978842, 308.991122
29.179641, 310.490959
29.375861, 311.991008
29.567487, 313.491264
29.754505, 314.991721
29.936902, 316.492375
30.114664, 317.993220
30.287779, 319.494253
30.456233, 320.995470
30.620014, 322.496867
30.779110, 323.998440
30.933510, 325.500186
31.083202, 327.002102
31.228175, 328.504185
31.368419, 330.006432
31.503923, 331.508840
31.634678, 333.011408
31.760673, 334.514133
31.881900, 336.017013
31.998349, 337.520046
32.110013, 339.023231
32.216882, 340.526565
32.318950, 342.030048
32.416208, 343.533678
32.508650, 345.037453
32.596269, 346.541374
32.679057, 348.045439
32.757011, 349.549647
32.830122, 351.053998
32.898387, 352.558491
32.961801, 354.063125
33.020357, 355.567901
33.074054, 357.072818
33.122885, 358.577876
33.166848, 0.083076
33.205940, 1.588417
33.240158, 3.093899
33.269499, 4.599524
33.293961, 6.105291
33.313542, 7.611202
33.328241, 9.117256
33.338058, 10.623455
33.342990, 12.129800
33.343038, 13.636292
33.338202, 15.142932
33.328482, 16.649721
33.313879, 18.156662
33.294394, 19.663754
33.270028, 21.171001
33.240784, 22.678403
33.206663, 24.185964
33.167668, 25.693684
33.123802, 27.201567
33.075068, 28.709614
33.021469, 30.217829
32.963010, 31.726213
32.899695, 33.234769
32.831529, 34.743501
32.758516, 36.252412
32.680663, 37.761505
32.597974, 39.270784
32.510455, 40.780251
32.418115, 42.289912
32.320958, 43.799770
32.218992, 45.309829
32.112225, 46.820094
32.000665, 48.330570
31.884320, 49.841261
31.763198, 51.352173
31.637308, 52.863311
31.506660, 54.374682
31.371263, 55.886290
31.231127, 57.398142
31.086263, 58.910246
30.936681, 60.422607
30.782392, 61.935234
30.623407, 63.448133
30.459739, 64.961313
30.291399, 66.474783
30.118400, 67.988550
29.940755, 69.502626
29.758476, 71.017018
29.571577, 72.531738
29.380072, 74.046797
29.183974, 75.562205
28.983300, 77.077975
28.778062, 78.594120
28.568276, 80.110653
28.353959, 81.627587
28.135125, 83.144938
27.911791, 84.662721
27.683973, 86.180953
27.451688, 87.699652
27.214953, 89.218834
26.973786, 90.738521
26.728205, 92.258733
26.478227, 93.779491
26.223871, 95.300819
25.965157, 96.822741
25.702103, 98.345284
25.434728, 99.868474
25.163053, 101.392342
24.887097, 102.916919
24.606881, 104.442239
24.322426, 105.968336
24.033753, 107.495249
23.740884, 109.023019
23.443840, 110.551689
23.142643, 112.081306
22.837315, 113.611919
22.527880, 115.143582
22.214361, 116.676353
21.896780, 118.210293
21.575163, 119.745470
21.249532, 121.281955
20.919912, 122.819825
20.586328, 124.359166
20.248805, 125.900068
19.907369, 127.442630
19.562044, 128.986960
19.212859, 130.533174
18.859838, 132.081402
18.503008, 133.631782
18.142398, 135.184467
17.778034, 136.739627
17.409944, 138.297445
17.038158, 139.858127
16.662703, 141.421896
16.283609, 142.989004
15.900906, 144.559728
15.514623, 146.134378
15.124792, 147.713299
14.731444, 149.296880
14.334611, 150.885558
13.934325, 152.479825
13.530619, 154.080240
13.123527, 155.687439
12.713085, 157.302149
12.299328, 158.925205
11.882292, 160.557570
11.462017, 162.200360
11.038542, 163.854879
10.611909, 165.522657
10.182160, 167.205500
9.749344, 168.905561
9.313508, 170.625419
8.874708, 172.368197
8.433000, 174.137709
7.988450, 175.938661
7.541130, 177.776933
7.091126, 179.659959
6.638535, 181.597279
6.183478, 183.601342
5.726100, 185.688688
5.266593, 187.881777
4.805205, 190.211866
4.342284, 192.723729
3.878327, 195.483745
3.414090, 198.594431
2.950789, 202.222205
2.490527, 206.654184
2.037277, 212.424106
1.599423, 220.615072
1.197196, 233.608648
0.885076, 256.323525
0.784716, 291.521570
0.968408, 323.657740
1.325382, 342.807721
1.754796, 353.988173
2.216477, 1.287630
2.695155, 6.578547
3.184224, 10.729363
3.680440, 14.179789
4.182032, 17.172057
4.687952, 19.849338
5.197533, 22.301246
5.710328, 24.586563
6.226021, 26.745375
6.744378, 28.805922
7.265221, 30.788654
7.788406, 32.708734
8.313816, 34.577639
8.841351, 36.404209
9.370925, 38.195368
9.902461, 39.956607
10.435890, 41.692343
10.971149, 43.406165
11.508177, 45.101020
12.046918, 46.779349
12.587320, 48.443194
13.129330, 50.094273
13.672899, 51.734042
14.217978, 53.363746
14.764521, 54.984453
15.312480, 56.597085
15.861810, 58.202443
16.412466, 59.801225
16.964403, 61.394042
17.517578, 62.981434
18.071946, 64.563874
18.627464, 66.141785
19.184088, 67.715541
19.741776, 69.285477
20.300484, 70.851893
20.860169, 72.415059
21.420790, 73.975216
21.982303, 75.532583
22.544666, 77.087359
23.107836, 78.639723
23.671771, 80.189840
24.236429, 81.737857
24.801766, 83.283912
25.367742, 84.828129
25.934314, 86.370623
26.501438, 87.911498
27.069074, 89.450850
27.637179, 90.988771
28.205711, 92.525340
28.774627, 94.060635
29.343886, 95.594727
29.913444, 97.127680
30.483261, 98.659555
31.053294, 100.190408
31.623500, 101.720293
32.193838, 103.249259
32.764265, 104.777350
33.334739, 106.304610
33.905219, 107.831079
34.475662, 109.356795
35.046026, 110.881791
35.616270, 112.406103
36.186350, 113.929760
36.756225, 115.452791
37.325854, 116.975225
37.895193, 118.497087
38.464202, 120.018400
39.032839, 121.539190
39.601061, 123.059476
40.168827, 124.579279
40.736094, 126.098620
41.302823, 127.617516
41.868970, 129.135985
42.434494, 130.654043
42.999354, 132.171706
43.563507, 133.688989
44.126914, 135.205906
44.689531, 136.722470
45.251318, 138.238694
45.812234, 139.754591
46.372238, 141.270171
46.931288, 142.785447
47.489343, 144.300427
48.046362, 145.815124
48.602305, 147.329545
49.157130, 148.843700
49.710798, 150.357598
50.263266, 151.871248
50.814495, 153.384657
51.364445, 154.897832
51.913074, 156.410782
52.460343, 157.923513
53.006212, 159.436032
53.550640, 160.948345
54.093587, 162.460458
54.635014, 163.972378
55.174881, 165.484110
55.713149, 166.995659
56.249777, 168.507031
56.784726, 170.018231
57.317958, 171.529263
57.849433, 173.040133
58.379113, 174.550844
58.906957, 176.061401
59.432928, 177.571809
59.956987, 179.082070
60.479096, 180.592190
60.999216, 182.102171
61.517309, 183.612017
62.033337, 185.121732
62.547263, 186.631318
63.059048, 188.140780
63.568655, 189.650120
64.076047, 191.159341
64.581186, 192.668447
65.084036, 194.177439
65.584560, 195.686320
66.082721, 197.195094
66.578481, 198.703762
67.071806, 200.212327
67.562659, 201.720792
68.051004, 203.229158
68.536804, 204.737428
69.020026, 206.245603
69.500632, 207.753687
69.978588, 209.261680
70.453858, 210.769585
70.926409, 212.277404
71.396205, 213.785138
71.863211, 215.292790
72.327395, 216.800360
72.788721, 218.307851
##END=
