##TITLE= Parameter file, TopSpin 4.3.0
##JCAMPDX= 5.0
##DATATYPE= Parameter Values
##ORIGIN= Bruker BioSpin GmbH
##OWNER= nmrsu
$$ 2024-03-10 21:50:45.162 +0000  nmrsu@4CE1161FJM
$$ C:/Bruker/TopSpin4.3.0/exp/stan/nmr/lists/wave/user/multisupp_aux_d8
$$ process C:\Bruker\TopSpin4.3.0\prog\mod\xwinshape.exe
##MINX= 0.45297300
##MAXX= 99.99938900
##MINY= 0.06396400
##MAXY= 359.93603600
##$SHAPE_ADDPHASE= 0
##$SHAPE_AMP= 99.99938931
##$SHAPE_BWFAC= 0
##$SHAPE_BWFAC50= 0
##$SHAPE_CALCBW= yes
##$SHAPE_CALCINTEG= yes
##$SHAPE_EXMODE= <Excitation>
##$SHAPE_EXPAND= <>
##$SHAPE_EXPANDCF= (0..143)
0 0 0 0 0 0 0 0 0 0 0 0 0 0 0 0 0 0 0 0 0 0 0 0 0 0 0 0 0 0 0 0 0 0 0 0
0 0 0 0 0 0 0 0 0 0 0 0 0 0 0 0 0 0 0 0 0 0 0 0 0 0 0 0 0 0 0 0 0 0 0 0
0 0 0 0 0 0 0 0 0 0 0 0 0 0 0 0 0 0 0 0 0 0 0 0 0 0 0 0 0 0 0 0 0 0 0 0
0 0 0 0 0 0 0 0 0 0 0 0 0 0 0 0 0 0 0 0 0 0 0 0 0 0 0 0 0 0 0 0 0 0 0 0
##$SHAPE_EXPFAC= 0
##$SHAPE_FRACEND= 0
##$SHAPE_FRACORG= 0
##$SHAPE_FRACSTART= 0
##$SHAPE_INTEGFAC= 0
##$SHAPE_KEEPRES= yes
##$SHAPE_LENGTH= 25000.000373
##$SHAPE_MAN= <M>
##$SHAPE_MODE= 3
##$SHAPE_MODFREQ= 0
##$SHAPE_MODPHASE= 0
##$SHAPE_MODSCALE= 0
##$SHAPE_MODSW= 0
##$SHAPE_MODSWDIR= -1
##$SHAPE_NPOINTS= 1250
##$SHAPE_OFFS= <1 3>
##$SHAPE_OFFSCOEFF= (0..95)
-153.00621 0 100 -220.69235 0 100 -289.25085 0 100 0 0 0 0 0 0 0 0 0 0
0 0 0 0 0 0 0 0 0 0 0 0 0 0 0 0 0 0 0 0 0 0 0 0 0 0 0 0 0 0 0 0 0 0 0 0
0 0 0 0 0 0 0 0 0 0 0 0 0 0 0 0 0 0 0 0 0 0 0 0 0 0 0 0 0 0 0 0 0 0 0 0
0 0 0 0 0
##$SHAPE_PARAMETER= <>
##$SHAPE_REPHFAC= 0
##$SHAPE_RES= 0
##$SHAPE_SCALEFAC= 1.00000611
##$SHAPE_SCALETYPE= 0
##$SHAPE_SPOAL= 0
##$SHAPE_SPOFFS= 0
##$SHAPE_SPOPH= 0
##$SHAPE_TOTROT= 90
##$SHAPE_TYPE= <Excitation>
##$SHAPE_USER_DEF= <>
##$SHAPE_VERSION= 2.1
##$SHL_ADDPHASE= (0..15)
0 0 0 0 0 0 0 0 0 0 0 0 0 0 0 0
##$SHL_ALIGNOFFSET= (0..15)
0 0 0 0 0 0 0 0 0 0 0 0 0 0 0 0
##$SHL_AMP= (0..15)
100 0 0 0 0 0 0 0 0 0 0 0 0 0 0 0
##$SHL_AMPFAC= (0..15)
0 0 0 0 0 0 0 0 0 0 0 0 0 0 0 0
##$SHL_BETA= (0..15)
0 0 0 0 0 0 0 0 0 0 0 0 0 0 0 0
##$SHL_BWFAC= (0..15)
1.116 0 0 0 0 0 0 0 0 0 0 0 0 0 0 0
##$SHL_CALCBW= (0..15)
yes yes yes yes yes yes yes yes yes yes yes yes yes yes yes yes
##$SHL_CALCINTEG= (0..15)
yes yes yes yes yes yes yes yes yes yes yes yes yes yes yes yes
##$SHL_CENTERAMP= (0..15)
0 0 0 0 0 0 0 0 0 0 0 0 0 0 0 0
##$SHL_CYCNUM= (0..15)
0 0 0 0 0 0 0 0 0 0 0 0 0 0 0 0
##$SHL_DIPOLCPL= (0..15)
0 0 0 0 0 0 0 0 0 0 0 0 0 0 0 0
##$SHL_ENDAMP= (0..15)
0 0 0 0 0 0 0 0 0 0 0 0 0 0 0 0
##$SHL_EXMODE= (0..15)
<Excitation> <> <> <> <> <> <> <> <> <> <> <> <> <> <> <>
##$SHL_EXPAND= (0..15)
<> <> <> <> <> <> <> <> <> <> <> <> <> <> <> <>
##$SHL_EXPANDCF0= (0..143)
0 0 0 0 0 0 0 0 0 0 0 0 0 0 0 0 0 0 0 0 0 0 0 0 0 0 0 0 0 0 0 0 0 0 0 0
0 0 0 0 0 0 0 0 0 0 0 0 0 0 0 0 0 0 0 0 0 0 0 0 0 0 0 0 0 0 0 0 0 0 0 0
0 0 0 0 0 0 0 0 0 0 0 0 0 0 0 0 0 0 0 0 0 0 0 0 0 0 0 0 0 0 0 0 0 0 0 0
0 0 0 0 0 0 0 0 0 0 0 0 0 0 0 0 0 0 0 0 0 0 0 0 0 0 0 0 0 0 0 0 0 0 0 0
##$SHL_EXPANDCF1= (0..143)
0 0 0 0 0 0 0 0 0 0 0 0 0 0 0 0 0 0 0 0 0 0 0 0 0 0 0 0 0 0 0 0 0 0 0 0
0 0 0 0 0 0 0 0 0 0 0 0 0 0 0 0 0 0 0 0 0 0 0 0 0 0 0 0 0 0 0 0 0 0 0 0
0 0 0 0 0 0 0 0 0 0 0 0 0 0 0 0 0 0 0 0 0 0 0 0 0 0 0 0 0 0 0 0 0 0 0 0
0 0 0 0 0 0 0 0 0 0 0 0 0 0 0 0 0 0 0 0 0 0 0 0 0 0 0 0 0 0 0 0 0 0 0 0
##$SHL_EXPANDCF10= (0..143)
0 0 0 0 0 0 0 0 0 0 0 0 0 0 0 0 0 0 0 0 0 0 0 0 0 0 0 0 0 0 0 0 0 0 0 0
0 0 0 0 0 0 0 0 0 0 0 0 0 0 0 0 0 0 0 0 0 0 0 0 0 0 0 0 0 0 0 0 0 0 0 0
0 0 0 0 0 0 0 0 0 0 0 0 0 0 0 0 0 0 0 0 0 0 0 0 0 0 0 0 0 0 0 0 0 0 0 0
0 0 0 0 0 0 0 0 0 0 0 0 0 0 0 0 0 0 0 0 0 0 0 0 0 0 0 0 0 0 0 0 0 0 0 0
##$SHL_EXPANDCF11= (0..143)
0 0 0 0 0 0 0 0 0 0 0 0 0 0 0 0 0 0 0 0 0 0 0 0 0 0 0 0 0 0 0 0 0 0 0 0
0 0 0 0 0 0 0 0 0 0 0 0 0 0 0 0 0 0 0 0 0 0 0 0 0 0 0 0 0 0 0 0 0 0 0 0
0 0 0 0 0 0 0 0 0 0 0 0 0 0 0 0 0 0 0 0 0 0 0 0 0 0 0 0 0 0 0 0 0 0 0 0
0 0 0 0 0 0 0 0 0 0 0 0 0 0 0 0 0 0 0 0 0 0 0 0 0 0 0 0 0 0 0 0 0 0 0 0
##$SHL_EXPANDCF12= (0..143)
0 0 0 0 0 0 0 0 0 0 0 0 0 0 0 0 0 0 0 0 0 0 0 0 0 0 0 0 0 0 0 0 0 0 0 0
0 0 0 0 0 0 0 0 0 0 0 0 0 0 0 0 0 0 0 0 0 0 0 0 0 0 0 0 0 0 0 0 0 0 0 0
0 0 0 0 0 0 0 0 0 0 0 0 0 0 0 0 0 0 0 0 0 0 0 0 0 0 0 0 0 0 0 0 0 0 0 0
0 0 0 0 0 0 0 0 0 0 0 0 0 0 0 0 0 0 0 0 0 0 0 0 0 0 0 0 0 0 0 0 0 0 0 0
##$SHL_EXPANDCF13= (0..143)
0 0 0 0 0 0 0 0 0 0 0 0 0 0 0 0 0 0 0 0 0 0 0 0 0 0 0 0 0 0 0 0 0 0 0 0
0 0 0 0 0 0 0 0 0 0 0 0 0 0 0 0 0 0 0 0 0 0 0 0 0 0 0 0 0 0 0 0 0 0 0 0
0 0 0 0 0 0 0 0 0 0 0 0 0 0 0 0 0 0 0 0 0 0 0 0 0 0 0 0 0 0 0 0 0 0 0 0
0 0 0 0 0 0 0 0 0 0 0 0 0 0 0 0 0 0 0 0 0 0 0 0 0 0 0 0 0 0 0 0 0 0 0 0
##$SHL_EXPANDCF14= (0..143)
0 0 0 0 0 0 0 0 0 0 0 0 0 0 0 0 0 0 0 0 0 0 0 0 0 0 0 0 0 0 0 0 0 0 0 0
0 0 0 0 0 0 0 0 0 0 0 0 0 0 0 0 0 0 0 0 0 0 0 0 0 0 0 0 0 0 0 0 0 0 0 0
0 0 0 0 0 0 0 0 0 0 0 0 0 0 0 0 0 0 0 0 0 0 0 0 0 0 0 0 0 0 0 0 0 0 0 0
0 0 0 0 0 0 0 0 0 0 0 0 0 0 0 0 0 0 0 0 0 0 0 0 0 0 0 0 0 0 0 0 0 0 0 0
##$SHL_EXPANDCF15= (0..143)
0 0 0 0 0 0 0 0 0 0 0 0 0 0 0 0 0 0 0 0 0 0 0 0 0 0 0 0 0 0 0 0 0 0 0 0
0 0 0 0 0 0 0 0 0 0 0 0 0 0 0 0 0 0 0 0 0 0 0 0 0 0 0 0 0 0 0 0 0 0 0 0
0 0 0 0 0 0 0 0 0 0 0 0 0 0 0 0 0 0 0 0 0 0 0 0 0 0 0 0 0 0 0 0 0 0 0 0
0 0 0 0 0 0 0 0 0 0 0 0 0 0 0 0 0 0 0 0 0 0 0 0 0 0 0 0 0 0 0 0 0 0 0 0
##$SHL_EXPANDCF2= (0..143)
0 0 0 0 0 0 0 0 0 0 0 0 0 0 0 0 0 0 0 0 0 0 0 0 0 0 0 0 0 0 0 0 0 0 0 0
0 0 0 0 0 0 0 0 0 0 0 0 0 0 0 0 0 0 0 0 0 0 0 0 0 0 0 0 0 0 0 0 0 0 0 0
0 0 0 0 0 0 0 0 0 0 0 0 0 0 0 0 0 0 0 0 0 0 0 0 0 0 0 0 0 0 0 0 0 0 0 0
0 0 0 0 0 0 0 0 0 0 0 0 0 0 0 0 0 0 0 0 0 0 0 0 0 0 0 0 0 0 0 0 0 0 0 0
##$SHL_EXPANDCF3= (0..143)
0 0 0 0 0 0 0 0 0 0 0 0 0 0 0 0 0 0 0 0 0 0 0 0 0 0 0 0 0 0 0 0 0 0 0 0
0 0 0 0 0 0 0 0 0 0 0 0 0 0 0 0 0 0 0 0 0 0 0 0 0 0 0 0 0 0 0 0 0 0 0 0
0 0 0 0 0 0 0 0 0 0 0 0 0 0 0 0 0 0 0 0 0 0 0 0 0 0 0 0 0 0 0 0 0 0 0 0
0 0 0 0 0 0 0 0 0 0 0 0 0 0 0 0 0 0 0 0 0 0 0 0 0 0 0 0 0 0 0 0 0 0 0 0
##$SHL_EXPANDCF4= (0..143)
0 0 0 0 0 0 0 0 0 0 0 0 0 0 0 0 0 0 0 0 0 0 0 0 0 0 0 0 0 0 0 0 0 0 0 0
0 0 0 0 0 0 0 0 0 0 0 0 0 0 0 0 0 0 0 0 0 0 0 0 0 0 0 0 0 0 0 0 0 0 0 0
0 0 0 0 0 0 0 0 0 0 0 0 0 0 0 0 0 0 0 0 0 0 0 0 0 0 0 0 0 0 0 0 0 0 0 0
0 0 0 0 0 0 0 0 0 0 0 0 0 0 0 0 0 0 0 0 0 0 0 0 0 0 0 0 0 0 0 0 0 0 0 0
##$SHL_EXPANDCF5= (0..143)
0 0 0 0 0 0 0 0 0 0 0 0 0 0 0 0 0 0 0 0 0 0 0 0 0 0 0 0 0 0 0 0 0 0 0 0
0 0 0 0 0 0 0 0 0 0 0 0 0 0 0 0 0 0 0 0 0 0 0 0 0 0 0 0 0 0 0 0 0 0 0 0
0 0 0 0 0 0 0 0 0 0 0 0 0 0 0 0 0 0 0 0 0 0 0 0 0 0 0 0 0 0 0 0 0 0 0 0
0 0 0 0 0 0 0 0 0 0 0 0 0 0 0 0 0 0 0 0 0 0 0 0 0 0 0 0 0 0 0 0 0 0 0 0
##$SHL_EXPANDCF6= (0..143)
0 0 0 0 0 0 0 0 0 0 0 0 0 0 0 0 0 0 0 0 0 0 0 0 0 0 0 0 0 0 0 0 0 0 0 0
0 0 0 0 0 0 0 0 0 0 0 0 0 0 0 0 0 0 0 0 0 0 0 0 0 0 0 0 0 0 0 0 0 0 0 0
0 0 0 0 0 0 0 0 0 0 0 0 0 0 0 0 0 0 0 0 0 0 0 0 0 0 0 0 0 0 0 0 0 0 0 0
0 0 0 0 0 0 0 0 0 0 0 0 0 0 0 0 0 0 0 0 0 0 0 0 0 0 0 0 0 0 0 0 0 0 0 0
##$SHL_EXPANDCF7= (0..143)
0 0 0 0 0 0 0 0 0 0 0 0 0 0 0 0 0 0 0 0 0 0 0 0 0 0 0 0 0 0 0 0 0 0 0 0
0 0 0 0 0 0 0 0 0 0 0 0 0 0 0 0 0 0 0 0 0 0 0 0 0 0 0 0 0 0 0 0 0 0 0 0
0 0 0 0 0 0 0 0 0 0 0 0 0 0 0 0 0 0 0 0 0 0 0 0 0 0 0 0 0 0 0 0 0 0 0 0
0 0 0 0 0 0 0 0 0 0 0 0 0 0 0 0 0 0 0 0 0 0 0 0 0 0 0 0 0 0 0 0 0 0 0 0
##$SHL_EXPANDCF8= (0..143)
0 0 0 0 0 0 0 0 0 0 0 0 0 0 0 0 0 0 0 0 0 0 0 0 0 0 0 0 0 0 0 0 0 0 0 0
0 0 0 0 0 0 0 0 0 0 0 0 0 0 0 0 0 0 0 0 0 0 0 0 0 0 0 0 0 0 0 0 0 0 0 0
0 0 0 0 0 0 0 0 0 0 0 0 0 0 0 0 0 0 0 0 0 0 0 0 0 0 0 0 0 0 0 0 0 0 0 0
0 0 0 0 0 0 0 0 0 0 0 0 0 0 0 0 0 0 0 0 0 0 0 0 0 0 0 0 0 0 0 0 0 0 0 0
##$SHL_EXPANDCF9= (0..143)
0 0 0 0 0 0 0 0 0 0 0 0 0 0 0 0 0 0 0 0 0 0 0 0 0 0 0 0 0 0 0 0 0 0 0 0
0 0 0 0 0 0 0 0 0 0 0 0 0 0 0 0 0 0 0 0 0 0 0 0 0 0 0 0 0 0 0 0 0 0 0 0
0 0 0 0 0 0 0 0 0 0 0 0 0 0 0 0 0 0 0 0 0 0 0 0 0 0 0 0 0 0 0 0 0 0 0 0
0 0 0 0 0 0 0 0 0 0 0 0 0 0 0 0 0 0 0 0 0 0 0 0 0 0 0 0 0 0 0 0 0 0 0 0
##$SHL_EXPFAC= (0..15)
0 0 0 0 0 0 0 0 0 0 0 0 0 0 0 0
##$SHL_FRACEND= (0..15)
0 0 0 0 0 0 0 0 0 0 0 0 0 0 0 0
##$SHL_FRACORG= (0..15)
0 0 0 0 0 0 0 0 0 0 0 0 0 0 0 0
##$SHL_FRACSTART= (0..15)
0 0 0 0 0 0 0 0 0 0 0 0 0 0 0 0
##$SHL_FULLHALF= (0..15)
0 0 0 0 0 0 0 0 0 0 0 0 0 0 0 0
##$SHL_FUNCAMP= (0..15)
100 0 0 0 0 0 0 0 0 0 0 0 0 0 0 0
##$SHL_FUNCTION= (0..15)
<Rectangle> <> <> <> <> <> <> <> <> <> <> <> <> <> <> <>
##$SHL_GCO= (0..15)
<> <> <> <> <> <> <> <> <> <> <> <> <> <> <> <>
##$SHL_GCOCOEFFS0= (0..59)
0 0 0 0 0 0 0 0 0 0 0 0 0 0 0 0 0 0 0 0 0 0 0 0 0 0 0 0 0 0 0 0 0 0 0 0
0 0 0 0 0 0 0 0 0 0 0 0 0 0 0 0 0 0 0 0 0 0 0 0
##$SHL_GCOCOEFFS1= (0..59)
0 0 0 0 0 0 0 0 0 0 0 0 0 0 0 0 0 0 0 0 0 0 0 0 0 0 0 0 0 0 0 0 0 0 0 0
0 0 0 0 0 0 0 0 0 0 0 0 0 0 0 0 0 0 0 0 0 0 0 0
##$SHL_GCOCOEFFS10= (0..59)
0 0 0 0 0 0 0 0 0 0 0 0 0 0 0 0 0 0 0 0 0 0 0 0 0 0 0 0 0 0 0 0 0 0 0 0
0 0 0 0 0 0 0 0 0 0 0 0 0 0 0 0 0 0 0 0 0 0 0 0
##$SHL_GCOCOEFFS11= (0..59)
0 0 0 0 0 0 0 0 0 0 0 0 0 0 0 0 0 0 0 0 0 0 0 0 0 0 0 0 0 0 0 0 0 0 0 0
0 0 0 0 0 0 0 0 0 0 0 0 0 0 0 0 0 0 0 0 0 0 0 0
##$SHL_GCOCOEFFS12= (0..59)
0 0 0 0 0 0 0 0 0 0 0 0 0 0 0 0 0 0 0 0 0 0 0 0 0 0 0 0 0 0 0 0 0 0 0 0
0 0 0 0 0 0 0 0 0 0 0 0 0 0 0 0 0 0 0 0 0 0 0 0
##$SHL_GCOCOEFFS13= (0..59)
0 0 0 0 0 0 0 0 0 0 0 0 0 0 0 0 0 0 0 0 0 0 0 0 0 0 0 0 0 0 0 0 0 0 0 0
0 0 0 0 0 0 0 0 0 0 0 0 0 0 0 0 0 0 0 0 0 0 0 0
##$SHL_GCOCOEFFS14= (0..59)
0 0 0 0 0 0 0 0 0 0 0 0 0 0 0 0 0 0 0 0 0 0 0 0 0 0 0 0 0 0 0 0 0 0 0 0
0 0 0 0 0 0 0 0 0 0 0 0 0 0 0 0 0 0 0 0 0 0 0 0
##$SHL_GCOCOEFFS15= (0..59)
0 0 0 0 0 0 0 0 0 0 0 0 0 0 0 0 0 0 0 0 0 0 0 0 0 0 0 0 0 0 0 0 0 0 0 0
0 0 0 0 0 0 0 0 0 0 0 0 0 0 0 0 0 0 0 0 0 0 0 0
##$SHL_GCOCOEFFS2= (0..59)
0 0 0 0 0 0 0 0 0 0 0 0 0 0 0 0 0 0 0 0 0 0 0 0 0 0 0 0 0 0 0 0 0 0 0 0
0 0 0 0 0 0 0 0 0 0 0 0 0 0 0 0 0 0 0 0 0 0 0 0
##$SHL_GCOCOEFFS3= (0..59)
0 0 0 0 0 0 0 0 0 0 0 0 0 0 0 0 0 0 0 0 0 0 0 0 0 0 0 0 0 0 0 0 0 0 0 0
0 0 0 0 0 0 0 0 0 0 0 0 0 0 0 0 0 0 0 0 0 0 0 0
##$SHL_GCOCOEFFS4= (0..59)
0 0 0 0 0 0 0 0 0 0 0 0 0 0 0 0 0 0 0 0 0 0 0 0 0 0 0 0 0 0 0 0 0 0 0 0
0 0 0 0 0 0 0 0 0 0 0 0 0 0 0 0 0 0 0 0 0 0 0 0
##$SHL_GCOCOEFFS5= (0..59)
0 0 0 0 0 0 0 0 0 0 0 0 0 0 0 0 0 0 0 0 0 0 0 0 0 0 0 0 0 0 0 0 0 0 0 0
0 0 0 0 0 0 0 0 0 0 0 0 0 0 0 0 0 0 0 0 0 0 0 0
##$SHL_GCOCOEFFS6= (0..59)
0 0 0 0 0 0 0 0 0 0 0 0 0 0 0 0 0 0 0 0 0 0 0 0 0 0 0 0 0 0 0 0 0 0 0 0
0 0 0 0 0 0 0 0 0 0 0 0 0 0 0 0 0 0 0 0 0 0 0 0
##$SHL_GCOCOEFFS7= (0..59)
0 0 0 0 0 0 0 0 0 0 0 0 0 0 0 0 0 0 0 0 0 0 0 0 0 0 0 0 0 0 0 0 0 0 0 0
0 0 0 0 0 0 0 0 0 0 0 0 0 0 0 0 0 0 0 0 0 0 0 0
##$SHL_GCOCOEFFS8= (0..59)
0 0 0 0 0 0 0 0 0 0 0 0 0 0 0 0 0 0 0 0 0 0 0 0 0 0 0 0 0 0 0 0 0 0 0 0
0 0 0 0 0 0 0 0 0 0 0 0 0 0 0 0 0 0 0 0 0 0 0 0
##$SHL_GCOCOEFFS9= (0..59)
0 0 0 0 0 0 0 0 0 0 0 0 0 0 0 0 0 0 0 0 0 0 0 0 0 0 0 0 0 0 0 0 0 0 0 0
0 0 0 0 0 0 0 0 0 0 0 0 0 0 0 0 0 0 0 0 0 0 0 0
##$SHL_INTEGFAC= (0..15)
1 0 0 0 0 0 0 0 0 0 0 0 0 0 0 0
##$SHL_LB= (0..15)
0 0 0 0 0 0 0 0 0 0 0 0 0 0 0 0
##$SHL_LEFTLIMIT= (0..15)
0 0 0 0 0 0 0 0 0 0 0 0 0 0 0 0
##$SHL_LENGTH= (0..15)
25000.000373 0 0 0 0 0 0 0 0 0 0 0 0 0 0 0
##$SHL_MAN= (0..15)
<> <> <> <> <> <> <> <> <> <> <> <> <> <> <> <>
##$SHL_MEANAMP= (0..15)
0 0 0 0 0 0 0 0 0 0 0 0 0 0 0 0
##$SHL_MODAMP= (0..15)
0 0 0 0 0 0 0 0 0 0 0 0 0 0 0 0
##$SHL_MODE= (0..15)
0 0 0 0 0 0 0 0 0 0 0 0 0 0 0 0
##$SHL_MODFREQ= (0..15)
0 0 0 0 0 0 0 0 0 0 0 0 0 0 0 0
##$SHL_MODPHASE= (0..15)
0 0 0 0 0 0 0 0 0 0 0 0 0 0 0 0
##$SHL_MODSCALE= (0..15)
0 0 0 0 0 0 0 0 0 0 0 0 0 0 0 0
##$SHL_MODSW= (0..15)
0 0 0 0 0 0 0 0 0 0 0 0 0 0 0 0
##$SHL_MODSWDIR= (0..15)
-1 -1 -1 -1 -1 -1 -1 -1 -1 -1 -1 -1 -1 -1 -1 -1
##$SHL_MU= (0..15)
0 0 0 0 0 0 0 0 0 0 0 0 0 0 0 0
##$SHL_NPOINTS= (0..15)
1250 0 0 0 0 0 0 0 0 0 0 0 0 0 0 0
##$SHL_OFFS= (0..15)
<> <> <> <> <> <> <> <> <> <> <> <> <> <> <> <>
##$SHL_OFFSCOEFF0= (0..95)
0 0 0 0 0 0 0 0 0 0 0 0 0 0 0 0 0 0 0 0 0 0 0 0 0 0 0 0 0 0 0 0 0 0 0 0
0 0 0 0 0 0 0 0 0 0 0 0 0 0 0 0 0 0 0 0 0 0 0 0 0 0 0 0 0 0 0 0 0 0 0 0
0 0 0 0 0 0 0 0 0 0 0 0 0 0 0 0 0 0 0 0 0 0 0 0
##$SHL_OFFSCOEFF1= (0..95)
0 0 0 0 0 0 0 0 0 0 0 0 0 0 0 0 0 0 0 0 0 0 0 0 0 0 0 0 0 0 0 0 0 0 0 0
0 0 0 0 0 0 0 0 0 0 0 0 0 0 0 0 0 0 0 0 0 0 0 0 0 0 0 0 0 0 0 0 0 0 0 0
0 0 0 0 0 0 0 0 0 0 0 0 0 0 0 0 0 0 0 0 0 0 0 0
##$SHL_OFFSCOEFF10= (0..95)
0 0 0 0 0 0 0 0 0 0 0 0 0 0 0 0 0 0 0 0 0 0 0 0 0 0 0 0 0 0 0 0 0 0 0 0
0 0 0 0 0 0 0 0 0 0 0 0 0 0 0 0 0 0 0 0 0 0 0 0 0 0 0 0 0 0 0 0 0 0 0 0
0 0 0 0 0 0 0 0 0 0 0 0 0 0 0 0 0 0 0 0 0 0 0 0
##$SHL_OFFSCOEFF11= (0..95)
0 0 0 0 0 0 0 0 0 0 0 0 0 0 0 0 0 0 0 0 0 0 0 0 0 0 0 0 0 0 0 0 0 0 0 0
0 0 0 0 0 0 0 0 0 0 0 0 0 0 0 0 0 0 0 0 0 0 0 0 0 0 0 0 0 0 0 0 0 0 0 0
0 0 0 0 0 0 0 0 0 0 0 0 0 0 0 0 0 0 0 0 0 0 0 0
##$SHL_OFFSCOEFF12= (0..95)
0 0 0 0 0 0 0 0 0 0 0 0 0 0 0 0 0 0 0 0 0 0 0 0 0 0 0 0 0 0 0 0 0 0 0 0
0 0 0 0 0 0 0 0 0 0 0 0 0 0 0 0 0 0 0 0 0 0 0 0 0 0 0 0 0 0 0 0 0 0 0 0
0 0 0 0 0 0 0 0 0 0 0 0 0 0 0 0 0 0 0 0 0 0 0 0
##$SHL_OFFSCOEFF13= (0..95)
0 0 0 0 0 0 0 0 0 0 0 0 0 0 0 0 0 0 0 0 0 0 0 0 0 0 0 0 0 0 0 0 0 0 0 0
0 0 0 0 0 0 0 0 0 0 0 0 0 0 0 0 0 0 0 0 0 0 0 0 0 0 0 0 0 0 0 0 0 0 0 0
0 0 0 0 0 0 0 0 0 0 0 0 0 0 0 0 0 0 0 0 0 0 0 0
##$SHL_OFFSCOEFF14= (0..95)
0 0 0 0 0 0 0 0 0 0 0 0 0 0 0 0 0 0 0 0 0 0 0 0 0 0 0 0 0 0 0 0 0 0 0 0
0 0 0 0 0 0 0 0 0 0 0 0 0 0 0 0 0 0 0 0 0 0 0 0 0 0 0 0 0 0 0 0 0 0 0 0
0 0 0 0 0 0 0 0 0 0 0 0 0 0 0 0 0 0 0 0 0 0 0 0
##$SHL_OFFSCOEFF15= (0..95)
0 0 0 0 0 0 0 0 0 0 0 0 0 0 0 0 0 0 0 0 0 0 0 0 0 0 0 0 0 0 0 0 0 0 0 0
0 0 0 0 0 0 0 0 0 0 0 0 0 0 0 0 0 0 0 0 0 0 0 0 0 0 0 0 0 0 0 0 0 0 0 0
0 0 0 0 0 0 0 0 0 0 0 0 0 0 0 0 0 0 0 0 0 0 0 0
##$SHL_OFFSCOEFF2= (0..95)
0 0 0 0 0 0 0 0 0 0 0 0 0 0 0 0 0 0 0 0 0 0 0 0 0 0 0 0 0 0 0 0 0 0 0 0
0 0 0 0 0 0 0 0 0 0 0 0 0 0 0 0 0 0 0 0 0 0 0 0 0 0 0 0 0 0 0 0 0 0 0 0
0 0 0 0 0 0 0 0 0 0 0 0 0 0 0 0 0 0 0 0 0 0 0 0
##$SHL_OFFSCOEFF3= (0..95)
0 0 0 0 0 0 0 0 0 0 0 0 0 0 0 0 0 0 0 0 0 0 0 0 0 0 0 0 0 0 0 0 0 0 0 0
0 0 0 0 0 0 0 0 0 0 0 0 0 0 0 0 0 0 0 0 0 0 0 0 0 0 0 0 0 0 0 0 0 0 0 0
0 0 0 0 0 0 0 0 0 0 0 0 0 0 0 0 0 0 0 0 0 0 0 0
##$SHL_OFFSCOEFF4= (0..95)
0 0 0 0 0 0 0 0 0 0 0 0 0 0 0 0 0 0 0 0 0 0 0 0 0 0 0 0 0 0 0 0 0 0 0 0
0 0 0 0 0 0 0 0 0 0 0 0 0 0 0 0 0 0 0 0 0 0 0 0 0 0 0 0 0 0 0 0 0 0 0 0
0 0 0 0 0 0 0 0 0 0 0 0 0 0 0 0 0 0 0 0 0 0 0 0
##$SHL_OFFSCOEFF5= (0..95)
0 0 0 0 0 0 0 0 0 0 0 0 0 0 0 0 0 0 0 0 0 0 0 0 0 0 0 0 0 0 0 0 0 0 0 0
0 0 0 0 0 0 0 0 0 0 0 0 0 0 0 0 0 0 0 0 0 0 0 0 0 0 0 0 0 0 0 0 0 0 0 0
0 0 0 0 0 0 0 0 0 0 0 0 0 0 0 0 0 0 0 0 0 0 0 0
##$SHL_OFFSCOEFF6= (0..95)
0 0 0 0 0 0 0 0 0 0 0 0 0 0 0 0 0 0 0 0 0 0 0 0 0 0 0 0 0 0 0 0 0 0 0 0
0 0 0 0 0 0 0 0 0 0 0 0 0 0 0 0 0 0 0 0 0 0 0 0 0 0 0 0 0 0 0 0 0 0 0 0
0 0 0 0 0 0 0 0 0 0 0 0 0 0 0 0 0 0 0 0 0 0 0 0
##$SHL_OFFSCOEFF7= (0..95)
0 0 0 0 0 0 0 0 0 0 0 0 0 0 0 0 0 0 0 0 0 0 0 0 0 0 0 0 0 0 0 0 0 0 0 0
0 0 0 0 0 0 0 0 0 0 0 0 0 0 0 0 0 0 0 0 0 0 0 0 0 0 0 0 0 0 0 0 0 0 0 0
0 0 0 0 0 0 0 0 0 0 0 0 0 0 0 0 0 0 0 0 0 0 0 0
##$SHL_OFFSCOEFF8= (0..95)
0 0 0 0 0 0 0 0 0 0 0 0 0 0 0 0 0 0 0 0 0 0 0 0 0 0 0 0 0 0 0 0 0 0 0 0
0 0 0 0 0 0 0 0 0 0 0 0 0 0 0 0 0 0 0 0 0 0 0 0 0 0 0 0 0 0 0 0 0 0 0 0
0 0 0 0 0 0 0 0 0 0 0 0 0 0 0 0 0 0 0 0 0 0 0 0
##$SHL_OFFSCOEFF9= (0..95)
0 0 0 0 0 0 0 0 0 0 0 0 0 0 0 0 0 0 0 0 0 0 0 0 0 0 0 0 0 0 0 0 0 0 0 0
0 0 0 0 0 0 0 0 0 0 0 0 0 0 0 0 0 0 0 0 0 0 0 0 0 0 0 0 0 0 0 0 0 0 0 0
0 0 0 0 0 0 0 0 0 0 0 0 0 0 0 0 0 0 0 0 0 0 0 0
##$SHL_PHASE= (0..15)
0 0 0 0 0 0 0 0 0 0 0 0 0 0 0 0
##$SHL_PHASEFAC= (0..15)
0 0 0 0 0 0 0 0 0 0 0 0 0 0 0 0
##$SHL_POWERINDEX= (0..15)
0 0 0 0 0 0 0 0 0 0 0 0 0 0 0 0
##$SHL_QUADCOEFF= (0..15)
0 0 0 0 0 0 0 0 0 0 0 0 0 0 0 0
##$SHL_RIGHTLIMIT= (0..15)
0 0 0 0 0 0 0 0 0 0 0 0 0 0 0 0
##$SHL_SCALEFACTOR= (0..15)
1 1 1 1 1 1 1 1 1 1 1 1 1 1 1 1
##$SHL_SF= (0..15)
<> <> <> <> <> <> <> <> <> <> <> <> <> <> <> <>
##$SHL_SFCOEFFS0= (0..200)
0 0 0 0 0 0 0 0 0 0 0 0 0 0 0 0 0 0 0 0 0 0 0 0 0 0 0 0 0 0 0 0 0 0 0 0
0 0 0 0 0 0 0 0 0 0 0 0 0 0 0 0 0 0 0 0 0 0 0 0 0 0 0 0 0 0 0 0 0 0 0 0
0 0 0 0 0 0 0 0 0 0 0 0 0 0 0 0 0 0 0 0 0 0 0 0 0 0 0 0 0 0 0 0 0 0 0 0
0 0 0 0 0 0 0 0 0 0 0 0 0 0 0 0 0 0 0 0 0 0 0 0 0 0 0 0 0 0 0 0 0 0 0 0
0 0 0 0 0 0 0 0 0 0 0 0 0 0 0 0 0 0 0 0 0 0 0 0 0 0 0 0 0 0 0 0 0 0 0 0
0 0 0 0 0 0 0 0 0 0 0 0 0 0 0 0 0 0 0 0 0
##$SHL_SFCOEFFS1= (0..200)
0 0 0 0 0 0 0 0 0 0 0 0 0 0 0 0 0 0 0 0 0 0 0 0 0 0 0 0 0 0 0 0 0 0 0 0
0 0 0 0 0 0 0 0 0 0 0 0 0 0 0 0 0 0 0 0 0 0 0 0 0 0 0 0 0 0 0 0 0 0 0 0
0 0 0 0 0 0 0 0 0 0 0 0 0 0 0 0 0 0 0 0 0 0 0 0 0 0 0 0 0 0 0 0 0 0 0 0
0 0 0 0 0 0 0 0 0 0 0 0 0 0 0 0 0 0 0 0 0 0 0 0 0 0 0 0 0 0 0 0 0 0 0 0
0 0 0 0 0 0 0 0 0 0 0 0 0 0 0 0 0 0 0 0 0 0 0 0 0 0 0 0 0 0 0 0 0 0 0 0
0 0 0 0 0 0 0 0 0 0 0 0 0 0 0 0 0 0 0 0 0
##$SHL_SFCOEFFS10= (0..200)
0 0 0 0 0 0 0 0 0 0 0 0 0 0 0 0 0 0 0 0 0 0 0 0 0 0 0 0 0 0 0 0 0 0 0 0
0 0 0 0 0 0 0 0 0 0 0 0 0 0 0 0 0 0 0 0 0 0 0 0 0 0 0 0 0 0 0 0 0 0 0 0
0 0 0 0 0 0 0 0 0 0 0 0 0 0 0 0 0 0 0 0 0 0 0 0 0 0 0 0 0 0 0 0 0 0 0 0
0 0 0 0 0 0 0 0 0 0 0 0 0 0 0 0 0 0 0 0 0 0 0 0 0 0 0 0 0 0 0 0 0 0 0 0
0 0 0 0 0 0 0 0 0 0 0 0 0 0 0 0 0 0 0 0 0 0 0 0 0 0 0 0 0 0 0 0 0 0 0 0
0 0 0 0 0 0 0 0 0 0 0 0 0 0 0 0 0 0 0 0 0
##$SHL_SFCOEFFS11= (0..200)
0 0 0 0 0 0 0 0 0 0 0 0 0 0 0 0 0 0 0 0 0 0 0 0 0 0 0 0 0 0 0 0 0 0 0 0
0 0 0 0 0 0 0 0 0 0 0 0 0 0 0 0 0 0 0 0 0 0 0 0 0 0 0 0 0 0 0 0 0 0 0 0
0 0 0 0 0 0 0 0 0 0 0 0 0 0 0 0 0 0 0 0 0 0 0 0 0 0 0 0 0 0 0 0 0 0 0 0
0 0 0 0 0 0 0 0 0 0 0 0 0 0 0 0 0 0 0 0 0 0 0 0 0 0 0 0 0 0 0 0 0 0 0 0
0 0 0 0 0 0 0 0 0 0 0 0 0 0 0 0 0 0 0 0 0 0 0 0 0 0 0 0 0 0 0 0 0 0 0 0
0 0 0 0 0 0 0 0 0 0 0 0 0 0 0 0 0 0 0 0 0
##$SHL_SFCOEFFS12= (0..200)
0 0 0 0 0 0 0 0 0 0 0 0 0 0 0 0 0 0 0 0 0 0 0 0 0 0 0 0 0 0 0 0 0 0 0 0
0 0 0 0 0 0 0 0 0 0 0 0 0 0 0 0 0 0 0 0 0 0 0 0 0 0 0 0 0 0 0 0 0 0 0 0
0 0 0 0 0 0 0 0 0 0 0 0 0 0 0 0 0 0 0 0 0 0 0 0 0 0 0 0 0 0 0 0 0 0 0 0
0 0 0 0 0 0 0 0 0 0 0 0 0 0 0 0 0 0 0 0 0 0 0 0 0 0 0 0 0 0 0 0 0 0 0 0
0 0 0 0 0 0 0 0 0 0 0 0 0 0 0 0 0 0 0 0 0 0 0 0 0 0 0 0 0 0 0 0 0 0 0 0
0 0 0 0 0 0 0 0 0 0 0 0 0 0 0 0 0 0 0 0 0
##$SHL_SFCOEFFS13= (0..200)
0 0 0 0 0 0 0 0 0 0 0 0 0 0 0 0 0 0 0 0 0 0 0 0 0 0 0 0 0 0 0 0 0 0 0 0
0 0 0 0 0 0 0 0 0 0 0 0 0 0 0 0 0 0 0 0 0 0 0 0 0 0 0 0 0 0 0 0 0 0 0 0
0 0 0 0 0 0 0 0 0 0 0 0 0 0 0 0 0 0 0 0 0 0 0 0 0 0 0 0 0 0 0 0 0 0 0 0
0 0 0 0 0 0 0 0 0 0 0 0 0 0 0 0 0 0 0 0 0 0 0 0 0 0 0 0 0 0 0 0 0 0 0 0
0 0 0 0 0 0 0 0 0 0 0 0 0 0 0 0 0 0 0 0 0 0 0 0 0 0 0 0 0 0 0 0 0 0 0 0
0 0 0 0 0 0 0 0 0 0 0 0 0 0 0 0 0 0 0 0 0
##$SHL_SFCOEFFS14= (0..200)
0 0 0 0 0 0 0 0 0 0 0 0 0 0 0 0 0 0 0 0 0 0 0 0 0 0 0 0 0 0 0 0 0 0 0 0
0 0 0 0 0 0 0 0 0 0 0 0 0 0 0 0 0 0 0 0 0 0 0 0 0 0 0 0 0 0 0 0 0 0 0 0
0 0 0 0 0 0 0 0 0 0 0 0 0 0 0 0 0 0 0 0 0 0 0 0 0 0 0 0 0 0 0 0 0 0 0 0
0 0 0 0 0 0 0 0 0 0 0 0 0 0 0 0 0 0 0 0 0 0 0 0 0 0 0 0 0 0 0 0 0 0 0 0
0 0 0 0 0 0 0 0 0 0 0 0 0 0 0 0 0 0 0 0 0 0 0 0 0 0 0 0 0 0 0 0 0 0 0 0
0 0 0 0 0 0 0 0 0 0 0 0 0 0 0 0 0 0 0 0 0
##$SHL_SFCOEFFS15= (0..200)
0 0 0 0 0 0 0 0 0 0 0 0 0 0 0 0 0 0 0 0 0 0 0 0 0 0 0 0 0 0 0 0 0 0 0 0
0 0 0 0 0 0 0 0 0 0 0 0 0 0 0 0 0 0 0 0 0 0 0 0 0 0 0 0 0 0 0 0 0 0 0 0
0 0 0 0 0 0 0 0 0 0 0 0 0 0 0 0 0 0 0 0 0 0 0 0 0 0 0 0 0 0 0 0 0 0 0 0
0 0 0 0 0 0 0 0 0 0 0 0 0 0 0 0 0 0 0 0 0 0 0 0 0 0 0 0 0 0 0 0 0 0 0 0
0 0 0 0 0 0 0 0 0 0 0 0 0 0 0 0 0 0 0 0 0 0 0 0 0 0 0 0 0 0 0 0 0 0 0 0
0 0 0 0 0 0 0 0 0 0 0 0 0 0 0 0 0 0 0 0 0
##$SHL_SFCOEFFS2= (0..200)
0 0 0 0 0 0 0 0 0 0 0 0 0 0 0 0 0 0 0 0 0 0 0 0 0 0 0 0 0 0 0 0 0 0 0 0
0 0 0 0 0 0 0 0 0 0 0 0 0 0 0 0 0 0 0 0 0 0 0 0 0 0 0 0 0 0 0 0 0 0 0 0
0 0 0 0 0 0 0 0 0 0 0 0 0 0 0 0 0 0 0 0 0 0 0 0 0 0 0 0 0 0 0 0 0 0 0 0
0 0 0 0 0 0 0 0 0 0 0 0 0 0 0 0 0 0 0 0 0 0 0 0 0 0 0 0 0 0 0 0 0 0 0 0
0 0 0 0 0 0 0 0 0 0 0 0 0 0 0 0 0 0 0 0 0 0 0 0 0 0 0 0 0 0 0 0 0 0 0 0
0 0 0 0 0 0 0 0 0 0 0 0 0 0 0 0 0 0 0 0 0
##$SHL_SFCOEFFS3= (0..200)
0 0 0 0 0 0 0 0 0 0 0 0 0 0 0 0 0 0 0 0 0 0 0 0 0 0 0 0 0 0 0 0 0 0 0 0
0 0 0 0 0 0 0 0 0 0 0 0 0 0 0 0 0 0 0 0 0 0 0 0 0 0 0 0 0 0 0 0 0 0 0 0
0 0 0 0 0 0 0 0 0 0 0 0 0 0 0 0 0 0 0 0 0 0 0 0 0 0 0 0 0 0 0 0 0 0 0 0
0 0 0 0 0 0 0 0 0 0 0 0 0 0 0 0 0 0 0 0 0 0 0 0 0 0 0 0 0 0 0 0 0 0 0 0
0 0 0 0 0 0 0 0 0 0 0 0 0 0 0 0 0 0 0 0 0 0 0 0 0 0 0 0 0 0 0 0 0 0 0 0
0 0 0 0 0 0 0 0 0 0 0 0 0 0 0 0 0 0 0 0 0
##$SHL_SFCOEFFS4= (0..200)
0 0 0 0 0 0 0 0 0 0 0 0 0 0 0 0 0 0 0 0 0 0 0 0 0 0 0 0 0 0 0 0 0 0 0 0
0 0 0 0 0 0 0 0 0 0 0 0 0 0 0 0 0 0 0 0 0 0 0 0 0 0 0 0 0 0 0 0 0 0 0 0
0 0 0 0 0 0 0 0 0 0 0 0 0 0 0 0 0 0 0 0 0 0 0 0 0 0 0 0 0 0 0 0 0 0 0 0
0 0 0 0 0 0 0 0 0 0 0 0 0 0 0 0 0 0 0 0 0 0 0 0 0 0 0 0 0 0 0 0 0 0 0 0
0 0 0 0 0 0 0 0 0 0 0 0 0 0 0 0 0 0 0 0 0 0 0 0 0 0 0 0 0 0 0 0 0 0 0 0
0 0 0 0 0 0 0 0 0 0 0 0 0 0 0 0 0 0 0 0 0
##$SHL_SFCOEFFS5= (0..200)
0 0 0 0 0 0 0 0 0 0 0 0 0 0 0 0 0 0 0 0 0 0 0 0 0 0 0 0 0 0 0 0 0 0 0 0
0 0 0 0 0 0 0 0 0 0 0 0 0 0 0 0 0 0 0 0 0 0 0 0 0 0 0 0 0 0 0 0 0 0 0 0
0 0 0 0 0 0 0 0 0 0 0 0 0 0 0 0 0 0 0 0 0 0 0 0 0 0 0 0 0 0 0 0 0 0 0 0
0 0 0 0 0 0 0 0 0 0 0 0 0 0 0 0 0 0 0 0 0 0 0 0 0 0 0 0 0 0 0 0 0 0 0 0
0 0 0 0 0 0 0 0 0 0 0 0 0 0 0 0 0 0 0 0 0 0 0 0 0 0 0 0 0 0 0 0 0 0 0 0
0 0 0 0 0 0 0 0 0 0 0 0 0 0 0 0 0 0 0 0 0
##$SHL_SFCOEFFS6= (0..200)
0 0 0 0 0 0 0 0 0 0 0 0 0 0 0 0 0 0 0 0 0 0 0 0 0 0 0 0 0 0 0 0 0 0 0 0
0 0 0 0 0 0 0 0 0 0 0 0 0 0 0 0 0 0 0 0 0 0 0 0 0 0 0 0 0 0 0 0 0 0 0 0
0 0 0 0 0 0 0 0 0 0 0 0 0 0 0 0 0 0 0 0 0 0 0 0 0 0 0 0 0 0 0 0 0 0 0 0
0 0 0 0 0 0 0 0 0 0 0 0 0 0 0 0 0 0 0 0 0 0 0 0 0 0 0 0 0 0 0 0 0 0 0 0
0 0 0 0 0 0 0 0 0 0 0 0 0 0 0 0 0 0 0 0 0 0 0 0 0 0 0 0 0 0 0 0 0 0 0 0
0 0 0 0 0 0 0 0 0 0 0 0 0 0 0 0 0 0 0 0 0
##$SHL_SFCOEFFS7= (0..200)
0 0 0 0 0 0 0 0 0 0 0 0 0 0 0 0 0 0 0 0 0 0 0 0 0 0 0 0 0 0 0 0 0 0 0 0
0 0 0 0 0 0 0 0 0 0 0 0 0 0 0 0 0 0 0 0 0 0 0 0 0 0 0 0 0 0 0 0 0 0 0 0
0 0 0 0 0 0 0 0 0 0 0 0 0 0 0 0 0 0 0 0 0 0 0 0 0 0 0 0 0 0 0 0 0 0 0 0
0 0 0 0 0 0 0 0 0 0 0 0 0 0 0 0 0 0 0 0 0 0 0 0 0 0 0 0 0 0 0 0 0 0 0 0
0 0 0 0 0 0 0 0 0 0 0 0 0 0 0 0 0 0 0 0 0 0 0 0 0 0 0 0 0 0 0 0 0 0 0 0
0 0 0 0 0 0 0 0 0 0 0 0 0 0 0 0 0 0 0 0 0
##$SHL_SFCOEFFS8= (0..200)
0 0 0 0 0 0 0 0 0 0 0 0 0 0 0 0 0 0 0 0 0 0 0 0 0 0 0 0 0 0 0 0 0 0 0 0
0 0 0 0 0 0 0 0 0 0 0 0 0 0 0 0 0 0 0 0 0 0 0 0 0 0 0 0 0 0 0 0 0 0 0 0
0 0 0 0 0 0 0 0 0 0 0 0 0 0 0 0 0 0 0 0 0 0 0 0 0 0 0 0 0 0 0 0 0 0 0 0
0 0 0 0 0 0 0 0 0 0 0 0 0 0 0 0 0 0 0 0 0 0 0 0 0 0 0 0 0 0 0 0 0 0 0 0
0 0 0 0 0 0 0 0 0 0 0 0 0 0 0 0 0 0 0 0 0 0 0 0 0 0 0 0 0 0 0 0 0 0 0 0
0 0 0 0 0 0 0 0 0 0 0 0 0 0 0 0 0 0 0 0 0
##$SHL_SFCOEFFS9= (0..200)
0 0 0 0 0 0 0 0 0 0 0 0 0 0 0 0 0 0 0 0 0 0 0 0 0 0 0 0 0 0 0 0 0 0 0 0
0 0 0 0 0 0 0 0 0 0 0 0 0 0 0 0 0 0 0 0 0 0 0 0 0 0 0 0 0 0 0 0 0 0 0 0
0 0 0 0 0 0 0 0 0 0 0 0 0 0 0 0 0 0 0 0 0 0 0 0 0 0 0 0 0 0 0 0 0 0 0 0
0 0 0 0 0 0 0 0 0 0 0 0 0 0 0 0 0 0 0 0 0 0 0 0 0 0 0 0 0 0 0 0 0 0 0 0
0 0 0 0 0 0 0 0 0 0 0 0 0 0 0 0 0 0 0 0 0 0 0 0 0 0 0 0 0 0 0 0 0 0 0 0
0 0 0 0 0 0 0 0 0 0 0 0 0 0 0 0 0 0 0 0 0
##$SHL_SMOOTHED= (0..15)
0 0 0 0 0 0 0 0 0 0 0 0 0 0 0 0
##$SHL_SMOOTHING= (0..15)
0 0 0 0 0 0 0 0 0 0 0 0 0 0 0 0
##$SHL_SPOAL= (0..15)
0 0 0 0 0 0 0 0 0 0 0 0 0 0 0 0
##$SHL_SPOFFS= (0..15)
0 0 0 0 0 0 0 0 0 0 0 0 0 0 0 0
##$SHL_SPOPH= (0..15)
0 0 0 0 0 0 0 0 0 0 0 0 0 0 0 0
##$SHL_STARTAMP= (0..15)
0 0 0 0 0 0 0 0 0 0 0 0 0 0 0 0
##$SHL_SW= (0..15)
0 0 0 0 0 0 0 0 0 0 0 0 0 0 0 0
##$SHL_SWDIR= (0..15)
-1 -1 -1 -1 -1 -1 -1 -1 -1 -1 -1 -1 -1 -1 -1 -1
##$SHL_TANKAPPA= (0..15)
0 0 0 0 0 0 0 0 0 0 0 0 0 0 0 0
##$SHL_TOTROT= (0..15)
90 0 0 0 0 0 0 0 0 0 0 0 0 0 0 0
##$SHL_TRUNCLEV= (0..15)
0 0 0 0 0 0 0 0 0 0 0 0 0 0 0 0
##$SHL_TYPE= (0..15)
<Excitation> <> <> <> <> <> <> <> <> <> <> <> <> <> <> <>
##$SHL_WINDOWSIZE= (0..15)
0 0 0 0 0 0 0 0 0 0 0 0 0 0 0 0
##$SHL_ZETA= (0..15)
0 0 0 0 0 0 0 0 0 0 0 0 0 0 0 0
##NPOINTS= 1250
##XYPOINTS= (XY..XY)
72.795171, 86.615587
72.333909, 88.211993
71.869788, 89.808489
71.402843, 91.405078
70.933108, 93.001762
70.460618, 94.598543
69.985407, 96.195422
69.507510, 97.792403
69.026962, 99.389486
68.543799, 100.986675
68.058055, 102.583972
67.569767, 104.181379
67.078970, 105.778898
66.585700, 107.376533
66.089993, 108.974286
65.591887, 110.572159
65.091416, 112.170156
64.588619, 113.768279
64.083531, 115.366531
63.576191, 116.964917
63.066634, 118.563438
62.554899, 120.162099
62.041023, 121.760903
61.525044, 123.359853
61.006999, 124.958954
60.486927, 126.558208
59.964866, 128.157622
59.440854, 129.757197
58.914929, 131.356940
58.387130, 132.956854
57.857496, 134.556945
57.326065, 136.157216
56.792878, 137.757674
56.257972, 139.358323
55.721387, 140.959170
55.183162, 142.560219
54.643337, 144.161477
54.101952, 145.762950
53.559046, 147.364645
53.014659, 148.966568
52.468831, 150.568727
51.921602, 152.171128
51.373013, 153.773780
50.823103, 155.376689
50.271912, 156.979866
49.719483, 158.583318
49.165854, 160.187055
48.611067, 161.791086
48.055162, 163.395421
47.498180, 165.000071
46.940163, 166.605046
46.381150, 168.210358
45.821184, 169.816020
45.260305, 171.422043
44.698555, 173.028441
44.135974, 174.635227
43.572604, 176.242417
43.008488, 177.850026
42.443665, 179.458070
41.878177, 181.066566
41.312067, 182.675531
40.745376, 184.284985
40.178145, 185.894948
39.610417, 187.505441
39.042233, 189.116485
38.473634, 190.728105
37.904663, 192.340325
37.335362, 193.953171
36.765773, 195.566672
36.195937, 197.180856
35.625897, 198.795756
35.055695, 200.411405
34.485372, 202.027837
33.914972, 203.645091
33.344535, 205.263208
32.774105, 206.882228
32.203723, 208.502200
31.633431, 210.123171
31.063272, 211.745193
30.493288, 213.368324
29.923522, 214.992622
29.354015, 216.618153
28.784810, 218.244986
28.215949, 219.873195
27.647475, 221.502861
27.079429, 223.134072
26.511855, 224.766921
25.944795, 226.401509
25.378290, 228.037948
24.812384, 229.676357
24.247120, 231.316868
23.682539, 232.959622
23.118684, 234.604774
22.555598, 236.252497
21.993325, 237.902975
21.431905, 239.556415
20.871384, 241.213043
20.311803, 242.873108
19.753205, 244.536888
19.195635, 246.204690
18.639136, 247.876855
18.083752, 249.553767
17.529526, 251.235852
16.976503, 252.923591
16.424728, 254.617527
15.874247, 256.318273
15.325104, 258.026527
14.777348, 259.743085
14.231024, 261.468858
13.686182, 263.204898
13.142870, 264.952421
12.601141, 266.712843
12.061046, 268.487822
11.522641, 270.279315
10.985983, 272.089640
10.451134, 273.921573
9.918159, 275.778461
9.387130, 277.664378
8.858125, 279.584329
8.331231, 281.544540
7.806550, 283.552841
7.284199, 285.619225
6.764318, 287.756638
6.247082, 289.982153
5.732710, 292.318738
5.221492, 294.798010
4.713824, 297.464671
4.210266, 300.383928
3.711655, 303.654474
3.219305, 307.432412
2.735415, 311.977985
2.263958, 317.752885
1.812798, 325.634798
1.399238, 337.389248
1.064634, 356.379133
0.897728, 25.603181
0.983926, 57.153424
1.269940, 79.308721
1.653012, 92.906321
2.078396, 101.762201
2.523292, 108.080449
2.977681, 112.951768
3.436670, 116.937837
3.897626, 120.348520
4.359013, 123.366245
4.819871, 126.104555
5.279572, 128.637491
5.737676, 131.015256
6.193871, 133.273025
6.647921, 135.436148
7.099644, 137.523336
7.548895, 139.548695
7.995554, 141.523053
8.439524, 143.454856
8.880718, 145.350789
9.319061, 147.216211
9.754488, 149.055463
10.186937, 150.872105
10.616355, 152.669078
11.042691, 154.448837
11.465896, 156.213443
11.885926, 157.964643
12.302739, 159.703924
12.716294, 161.432561
13.126552, 163.151656
13.533475, 164.862161
13.937027, 166.564906
14.337172, 168.260620
14.733877, 169.949939
15.127107, 171.633429
15.516830, 173.311587
15.903014, 174.984859
16.285627, 176.653639
16.664639, 178.318281
17.040019, 179.979104
17.411737, 181.636392
17.779765, 183.290405
18.144073, 184.941375
18.504632, 186.589514
18.861416, 188.235014
19.214396, 189.878051
19.563545, 191.518784
19.908836, 193.157360
20.250244, 194.793912
20.587742, 196.428565
20.921304, 198.061431
21.250905, 199.692614
21.576520, 201.322211
21.898125, 202.950311
22.215696, 204.576995
22.529208, 206.202341
22.838638, 207.826419
23.143962, 209.449296
23.445159, 211.071031
23.742205, 212.691683
24.035077, 214.311305
24.323756, 215.929946
24.608217, 217.547653
24.888442, 219.164470
25.164408, 220.780437
25.436095, 222.395592
25.703482, 224.009972
25.966551, 225.623610
26.225282, 227.236538
26.479654, 228.848785
26.729650, 230.460380
26.975251, 232.071350
27.216438, 233.681719
27.453195, 235.291511
27.685502, 236.900748
27.913343, 238.509452
28.136702, 240.117642
28.355561, 241.725337
28.569904, 243.332555
28.779716, 244.939313
28.984981, 246.545627
29.185684, 248.151513
29.381810, 249.756984
29.573345, 251.362055
29.760274, 252.966738
29.942583, 254.571047
30.120260, 256.174992
30.293291, 257.778585
30.461663, 259.381837
30.625363, 260.984757
30.784381, 262.587356
30.938703, 264.189643
31.088319, 265.791626
31.233218, 267.393314
31.373388, 268.994715
31.508820, 270.595836
31.639503, 272.196685
31.765429, 273.797268
31.886586, 275.397592
32.002968, 276.997664
32.114565, 278.597488
32.221368, 280.197072
32.323370, 281.796420
32.420564, 283.395537
32.512942, 284.994429
32.600498, 286.593099
32.683224, 288.191553
32.761116, 289.789795
32.834166, 291.387828
32.902371, 292.985657
32.965724, 294.583285
33.024221, 296.180715
33.077857, 297.777951
33.126630, 299.374996
33.170534, 300.971853
33.209568, 302.568523
33.243727, 304.165011
33.273010, 305.761318
33.297414, 307.357446
33.316938, 308.953398
33.331579, 310.549176
33.341338, 312.144781
33.346212, 313.740214
33.346203, 315.335479
33.341309, 316.930575
33.331531, 318.525505
33.316871, 320.120268
33.297328, 321.714867
33.272904, 323.309302
33.243601, 324.903574
33.209422, 326.497683
33.170368, 328.091630
33.126443, 329.685415
33.077649, 331.279039
33.023991, 332.872500
32.965472, 334.465801
32.902096, 336.058939
32.833869, 337.651916
32.760794, 339.244729
32.682878, 340.837380
32.600127, 342.429866
32.512545, 344.022188
32.420140, 345.614344
32.322919, 347.206332
32.220888, 348.798153
32.114055, 350.389803
32.002427, 351.981282
31.886014, 353.572588
31.764824, 355.163718
31.638864, 356.754672
31.508146, 358.345445
31.372677, 359.936036
31.232469, 1.526442
31.087531, 3.116660
30.937874, 4.706687
30.783509, 6.296520
30.624448, 7.886155
30.460701, 9.475588
30.292282, 11.064815
30.119202, 12.653832
29.941474, 14.242635
29.759111, 15.831217
29.572126, 17.419575
29.380534, 19.007703
29.184348, 20.595594
28.983582, 22.183242
28.778252, 23.770642
28.568373, 25.357785
28.353959, 26.944665
28.135027, 28.531274
27.911593, 30.117602
27.683672, 31.703642
27.451283, 33.289384
27.214441, 34.874817
26.973164, 36.459932
26.727471, 38.044716
26.477378, 39.629159
26.222905, 41.213246
25.964070, 42.796965
25.700893, 44.380301
25.433391, 45.963238
25.161586, 47.545761
24.885497, 49.127851
24.605144, 50.709490
24.320549, 52.290657
24.031731, 53.871332
23.738713, 55.451492
23.441515, 57.031111
23.140160, 58.610165
22.834670, 60.188623
22.525067, 61.766457
22.211375, 63.343634
21.893615, 64.920118
21.571813, 66.495871
21.245991, 68.070853
20.916173, 69.645019
20.582385, 71.218321
20.244650, 72.790708
19.902993, 74.362122
19.557441, 75.932504
19.208017, 77.501784
18.854749, 79.069892
18.497663, 80.636746
18.136784, 82.202258
17.772141, 83.766334
17.403759, 85.328866
17.031667, 86.889739
16.655892, 88.448822
16.276462, 90.005972
15.893406, 91.561031
15.506752, 93.113820
15.116531, 94.664140
14.722770, 96.211770
14.325500, 97.756458
13.924751, 99.297921
13.520554, 100.835837
13.112940, 102.369841
12.701941, 103.899514
12.287588, 105.424375
11.869913, 106.943871
11.448951, 108.457357
11.024735, 109.964080
10.597299, 111.463159
10.166679, 112.953548
9.732911, 114.434004
9.296033, 115.903032
8.856085, 117.358822
8.413106, 118.799159
7.967140, 120.221307
7.518234, 121.621841
7.066437, 122.996418
6.611805, 124.339451
6.154398, 125.643623
5.694290, 126.899173
5.231566, 128.092776
4.766334, 129.205758
4.298733, 130.211135
3.828957, 131.068419
3.357292, 131.714028
2.884191, 132.042241
2.410439, 131.863835
1.937569, 130.805259
1.469051, 128.021795
1.014700, 121.192337
0.613335, 102.137777
0.452973, 51.182362
0.723817, 10.242258
1.157382, 356.417060
1.630679, 351.200295
2.118867, 349.062306
2.614923, 348.318902
3.116168, 348.316263
3.621357, 348.752002
4.129828, 349.467978
4.641184, 350.373717
5.155171, 351.413814
5.671610, 352.552471
6.190367, 353.765549
6.711340, 355.036186
7.234442, 356.352245
7.759599, 357.704777
8.286748, 359.087034
8.815828, 0.493834
9.346785, 1.921133
9.879568, 3.365728
10.414127, 4.825048
10.950416, 6.297010
11.488388, 7.779902
12.027998, 9.272311
12.569202, 10.773055
13.111956, 12.281141
13.656218, 13.795725
14.201944, 15.316091
14.749093, 16.841621
15.297622, 18.371785
15.847488, 19.906120
16.398651, 21.444225
16.951069, 22.985746
17.504699, 24.530376
18.059500, 26.077839
18.615430, 27.627893
19.172448, 29.180324
19.730513, 30.734938
20.289582, 32.291563
20.849614, 33.850045
21.410568, 35.410244
21.972401, 36.972035
22.535073, 38.535304
23.098542, 40.099947
23.662765, 41.665872
24.227702, 43.232991
24.793310, 44.801227
25.359549, 46.370509
25.926375, 47.940771
26.493747, 49.511953
27.061624, 51.083999
27.629964, 52.656858
28.198725, 54.230483
28.767864, 55.804831
29.337341, 57.379860
29.907113, 58.955535
30.477138, 60.531819
31.047375, 62.108680
31.617781, 63.686089
32.188315, 65.264017
32.758934, 66.842438
33.329598, 68.421327
33.900263, 70.000663
34.470889, 71.580422
35.041432, 73.160585
35.611851, 74.741134
36.182105, 76.322050
36.752152, 77.903316
37.321949, 79.484918
37.891455, 81.066840
38.460628, 82.649068
39.029426, 84.231589
39.597808, 85.814391
40.165731, 87.397462
40.733155, 88.980791
41.300037, 90.564367
41.866336, 92.148181
42.432011, 93.732223
42.997020, 95.316483
43.561321, 96.900954
44.124873, 98.485628
44.687635, 100.070496
45.249566, 101.655552
45.810624, 103.240788
46.370768, 104.826198
46.929957, 106.411775
47.488151, 107.997514
48.045307, 109.583409
48.601386, 111.169454
49.156347, 112.755644
49.710148, 114.341975
50.262749, 115.928440
50.814111, 117.515037
51.364191, 119.101760
51.912951, 120.688605
52.460349, 122.275568
53.006346, 123.862646
53.550902, 125.449834
54.093976, 127.037129
54.635530, 128.624529
55.175522, 130.212029
55.713914, 131.799626
56.250666, 133.387317
56.785739, 134.975101
57.319094, 136.562972
57.850691, 138.150930
58.380491, 139.738972
58.908456, 141.327095
59.434548, 142.915296
59.958726, 144.503574
60.480954, 146.091926
61.001192, 147.680350
61.519403, 149.268844
62.035549, 150.857406
62.549591, 152.446034
63.061492, 154.034727
63.571215, 155.623482
64.078722, 157.212298
64.583977, 158.801173
65.086941, 160.390105
65.587578, 161.979094
66.085852, 163.568137
66.581726, 165.157233
67.075163, 166.746381
67.566127, 168.335579
68.054583, 169.924827
68.540495, 171.514122
69.023827, 173.103463
69.504543, 174.692850
69.982609, 176.282281
70.457988, 177.871755
70.930648, 179.461271
71.400552, 181.050828
71.867667, 182.640425
72.331958, 184.230060
72.793390, 185.819734
73.251932, 187.409445
73.707548, 188.999191
74.160205, 190.588973
74.609870, 192.178790
75.056511, 193.768640
75.500094, 195.358522
75.940587, 196.948437
76.377958, 198.538383
76.812174, 200.128359
77.243204, 201.718365
77.671016, 203.308400
78.095579, 204.898463
78.516862, 206.488554
78.934834, 208.078672
79.349464, 209.668816
79.760721, 211.258986
80.168577, 212.849182
80.573000, 214.439402
80.973962, 216.029646
81.371432, 217.619913
81.765382, 219.210204
82.155782, 220.800516
82.542605, 222.390851
82.925822, 223.981207
83.305404, 225.571584
83.681325, 227.161982
84.053555, 228.752399
84.422069, 230.342836
84.786839, 231.933292
85.147838, 233.523767
85.505040, 235.114260
85.858419, 236.704770
86.207949, 238.295298
86.553604, 239.885843
86.895359, 241.476405
87.233188, 243.066983
87.567068, 244.657576
87.896974, 246.248186
88.222880, 247.838810
88.544765, 249.429449
88.862603, 251.020103
89.176372, 252.610770
89.486048, 254.201452
89.791610, 255.792146
90.093034, 257.382854
90.390299, 258.973575
90.683382, 260.564309
90.972263, 262.155054
91.256920, 263.745812
91.537332, 265.336581
91.813478, 266.927362
92.085339, 268.518153
92.352895, 270.108956
92.616125, 271.699769
92.875011, 273.290593
93.129533, 274.881426
93.379674, 276.472269
93.625414, 278.063122
93.866736, 279.653984
94.103622, 281.244856
94.336054, 282.835736
94.564016, 284.426624
94.787491, 286.017522
95.006462, 287.608427
95.220913, 289.199340
95.430830, 290.790261
95.636195, 292.381189
95.836995, 293.972125
96.033215, 295.563068
96.224840, 297.154017
96.411855, 298.744974
96.594249, 300.335936
96.772006, 301.926905
96.945114, 303.517880
97.113561, 305.108861
97.277334, 306.699848
97.436420, 308.290840
97.590810, 309.881838
97.740490, 311.472841
97.885450, 313.063848
98.025679, 314.654861
98.161168, 316.245878
98.291906, 317.836899
98.417884, 319.427925
98.539092, 321.018954
98.655522, 322.609988
98.767164, 324.201025
98.874012, 325.792066
98.976056, 327.383111
99.073290, 328.974158
99.165707, 330.565209
99.253299, 332.156262
99.336060, 333.747318
99.413984, 335.338377
99.487066, 336.929438
99.555300, 338.520502
99.618681, 340.111567
99.677204, 341.702635
99.730865, 343.293704
99.779661, 344.884775
99.823587, 346.475848
99.862641, 348.066921
99.896819, 349.657996
99.926120, 351.249072
99.950540, 352.840149
99.970078, 354.431226
99.984733, 356.022304
99.994504, 357.613382
99.999389, 359.204461
99.999389, 0.795539
99.994504, 2.386618
99.984733, 3.977696
99.970078, 5.568774
99.950540, 7.159851
99.926120, 8.750928
99.896819, 10.342004
99.862641, 11.933079
99.823587, 13.524152
99.779661, 15.115225
99.730865, 16.706296
99.677204, 18.297365
99.618681, 19.888433
99.555300, 21.479498
99.487066, 23.070562
99.413984, 24.661623
99.336060, 26.252682
99.253299, 27.843738
99.165707, 29.434791
99.073290, 31.025842
98.976056, 32.616889
98.874012, 34.207934
98.767164, 35.798975
98.655522, 37.390012
98.539092, 38.981046
98.417884, 40.572075
98.291906, 42.163101
98.161168, 43.754122
98.025679, 45.345139
97.885450, 46.936152
97.740490, 48.527159
97.590810, 50.118162
97.436420, 51.709160
97.277334, 53.300152
97.113561, 54.891139
96.945114, 56.482120
96.772006, 58.073095
96.594249, 59.664064
96.411855, 61.255026
96.224840, 62.845983
96.033215, 64.436932
95.836995, 66.027875
95.636195, 67.618811
95.430830, 69.209739
95.220913, 70.800660
95.006462, 72.391573
94.787491, 73.982478
94.564016, 75.573376
94.336054, 77.164264
94.103622, 78.755144
93.866736, 80.346016
93.625414, 81.936878
93.379674, 83.527731
93.129533, 85.118574
92.875011, 86.709407
92.616125, 88.300231
92.352895, 89.891044
92.085339, 91.481847
91.813478, 93.072638
91.537332, 94.663419
91.256920, 96.254188
90.972263, 97.844946
90.683382, 99.435691
90.390299, 101.026425
90.093034, 102.617146
89.791610, 104.207854
89.486048, 105.798548
89.176372, 107.389230
88.862603, 108.979897
88.544765, 110.570551
88.222880, 112.161190
87.896974, 113.751814
87.567068, 115.342424
87.233188, 116.933017
86.895359, 118.523595
86.553604, 120.114157
86.207949, 121.704702
85.858419, 123.295230
85.505040, 124.885740
85.147838, 126.476233
84.786839, 128.066708
84.422069, 129.657164
84.053555, 131.247601
83.681325, 132.838018
83.305404, 134.428416
82.925822, 136.018793
82.542605, 137.609149
82.155782, 139.199484
81.765382, 140.789796
81.371432, 142.380087
80.973962, 143.970354
80.573000, 145.560598
80.168577, 147.150818
79.760721, 148.741014
79.349464, 150.331184
78.934834, 151.921328
78.516862, 153.511446
78.095579, 155.101537
77.671016, 156.691600
77.243204, 158.281635
76.812174, 159.871641
76.377958, 161.461617
75.940587, 163.051563
75.500094, 164.641478
75.056511, 166.231360
74.609870, 167.821210
74.160205, 169.411027
73.707548, 171.000809
73.251932, 172.590555
72.793390, 174.180266
72.331958, 175.769940
71.867667, 177.359575
71.400552, 178.949172
70.930648, 180.538729
70.457988, 182.128245
69.982609, 183.717719
69.504543, 185.307150
69.023827, 186.896537
68.540495, 188.485878
68.054583, 190.075173
67.566127, 191.664421
67.075163, 193.253619
66.581726, 194.842767
66.085852, 196.431863
65.587578, 198.020906
65.086941, 199.609895
64.583977, 201.198827
64.078722, 202.787702
63.571215, 204.376518
63.061492, 205.965273
62.549591, 207.553966
62.035549, 209.142594
61.519403, 210.731156
61.001192, 212.319650
60.480954, 213.908074
59.958726, 215.496426
59.434548, 217.084704
58.908456, 218.672905
58.380491, 220.261028
57.850691, 221.849070
57.319094, 223.437028
56.785739, 225.024899
56.250666, 226.612683
55.713914, 228.200374
55.175522, 229.787971
54.635530, 231.375471
54.093976, 232.962871
53.550902, 234.550166
53.006346, 236.137354
52.460349, 237.724432
51.912951, 239.311395
51.364191, 240.898240
50.814111, 242.484963
50.262749, 244.071560
49.710148, 245.658025
49.156347, 247.244356
48.601386, 248.830546
48.045307, 250.416591
47.488151, 252.002486
46.929957, 253.588225
46.370768, 255.173802
45.810624, 256.759212
45.249566, 258.344448
44.687635, 259.929504
44.124873, 261.514372
43.561321, 263.099046
42.997020, 264.683517
42.432011, 266.267777
41.866336, 267.851819
41.300037, 269.435633
40.733155, 271.019209
40.165731, 272.602538
39.597808, 274.185609
39.029426, 275.768411
38.460628, 277.350932
37.891455, 278.933160
37.321949, 280.515082
36.752152, 282.096684
36.182105, 283.677950
35.611851, 285.258866
35.041432, 286.839415
34.470889, 288.419578
33.900263, 289.999337
33.329598, 291.578673
32.758934, 293.157562
32.188315, 294.735983
31.617781, 296.313911
31.047375, 297.891320
30.477138, 299.468181
29.907113, 301.044465
29.337341, 302.620140
28.767864, 304.195169
28.198725, 305.769517
27.629964, 307.343142
27.061624, 308.916001
26.493747, 310.488047
25.926375, 312.059229
25.359549, 313.629491
24.793310, 315.198773
24.227702, 316.767009
23.662765, 318.334128
23.098542, 319.900053
22.535073, 321.464696
21.972401, 323.027965
21.410568, 324.589756
20.849614, 326.149955
20.289582, 327.708437
19.730513, 329.265062
19.172448, 330.819676
18.615430, 332.372107
18.059500, 333.922161
17.504699, 335.469624
16.951069, 337.014254
16.398651, 338.555775
15.847488, 340.093880
15.297622, 341.628215
14.749093, 343.158379
14.201944, 344.683909
13.656218, 346.204275
13.111956, 347.718859
12.569202, 349.226945
12.027998, 350.727689
11.488388, 352.220098
10.950416, 353.702990
10.414127, 355.174952
9.879568, 356.634272
9.346785, 358.078867
8.815828, 359.506166
8.286748, 0.912966
7.759599, 2.295223
7.234442, 3.647755
6.711340, 4.963814
6.190367, 6.234451
5.671610, 7.447529
5.155171, 8.586186
4.641184, 9.626283
4.129828, 10.532022
3.621357, 11.247998
3.116168, 11.683737
2.614923, 11.681098
2.118867, 10.937694
1.630679, 8.799705
1.157382, 3.582940
0.723817, 349.757742
0.452973, 308.817638
0.613335, 257.862223
1.014700, 238.807663
1.469051, 231.978205
1.937569, 229.194741
2.410439, 228.136165
2.884191, 227.957759
3.357292, 228.285972
3.828957, 228.931581
4.298733, 229.788865
4.766334, 230.794242
5.231566, 231.907224
5.694290, 233.100827
6.154398, 234.356377
6.611805, 235.660549
7.066437, 237.003582
7.518234, 238.378159
7.967140, 239.778693
8.413106, 241.200841
8.856085, 242.641178
9.296033, 244.096968
9.732911, 245.565996
10.166679, 247.046452
10.597299, 248.536841
11.024735, 250.035920
11.448951, 251.542643
11.869913, 253.056129
12.287588, 254.575625
12.701941, 256.100486
13.112940, 257.630159
13.520554, 259.164163
13.924751, 260.702079
14.325500, 262.243542
14.722770, 263.788230
15.116531, 265.335860
15.506752, 266.886180
15.893406, 268.438969
16.276462, 269.994028
16.655892, 271.551178
17.031667, 273.110261
17.403759, 274.671134
17.772141, 276.233666
18.136784, 277.797742
18.497663, 279.363254
18.854749, 280.930108
19.208017, 282.498216
19.557441, 284.067496
19.902993, 285.637878
20.244650, 287.209292
20.582385, 288.781679
20.916173, 290.354981
21.245991, 291.929147
21.571813, 293.504129
21.893615, 295.079882
22.211375, 296.656366
22.525067, 298.233543
22.834670, 299.811377
23.140160, 301.389835
23.441515, 302.968889
23.738713, 304.548508
24.031731, 306.128668
24.320549, 307.709343
24.605144, 309.290510
24.885497, 310.872149
25.161586, 312.454239
25.433391, 314.036762
25.700893, 315.619699
25.964070, 317.203035
26.222905, 318.786754
26.477378, 320.370841
26.727471, 321.955284
26.973164, 323.540068
27.214441, 325.125183
27.451283, 326.710616
27.683672, 328.296358
27.911593, 329.882398
28.135027, 331.468726
28.353959, 333.055335
28.568373, 334.642215
28.778252, 336.229358
28.983582, 337.816758
29.184348, 339.404406
29.380534, 340.992297
29.572126, 342.580425
29.759111, 344.168783
29.941474, 345.757365
30.119202, 347.346168
30.292282, 348.935185
30.460701, 350.524412
30.624448, 352.113845
30.783509, 353.703480
30.937874, 355.293313
31.087531, 356.883340
31.232469, 358.473558
31.372677, 0.063964
31.508146, 1.654555
31.638864, 3.245328
31.764824, 4.836282
31.886014, 6.427412
32.002427, 8.018718
32.114055, 9.610197
32.220888, 11.201847
32.322919, 12.793668
32.420140, 14.385656
32.512545, 15.977812
32.600127, 17.570134
32.682878, 19.162620
32.760794, 20.755271
32.833869, 22.348084
32.902096, 23.941061
32.965472, 25.534199
33.023991, 27.127500
33.077649, 28.720961
33.126443, 30.314585
33.170368, 31.908370
33.209422, 33.502317
33.243601, 35.096426
33.272904, 36.690698
33.297328, 38.285133
33.316871, 39.879732
33.331531, 41.474495
33.341309, 43.069425
33.346203, 44.664521
33.346212, 46.259786
33.341338, 47.855219
33.331579, 49.450824
33.316938, 51.046602
33.297414, 52.642554
33.273010, 54.238682
33.243727, 55.834989
33.209568, 57.431477
33.170534, 59.028147
33.126630, 60.625004
33.077857, 62.222049
33.024221, 63.819285
32.965724, 65.416715
32.902371, 67.014343
32.834166, 68.612172
32.761116, 70.210205
32.683224, 71.808447
32.600498, 73.406901
32.512942, 75.005571
32.420564, 76.604463
32.323370, 78.203580
32.221368, 79.802928
32.114565, 81.402512
32.002968, 83.002336
31.886586, 84.602408
31.765429, 86.202732
31.639503, 87.803315
31.508820, 89.404164
31.373388, 91.005285
31.233218, 92.606686
31.088319, 94.208374
30.938703, 95.810357
30.784381, 97.412644
30.625363, 99.015243
30.461663, 100.618163
30.293291, 102.221415
30.120260, 103.825008
29.942583, 105.428953
29.760274, 107.033262
29.573345, 108.637945
29.381810, 110.243016
29.185684, 111.848487
28.984981, 113.454373
28.779716, 115.060687
28.569904, 116.667445
28.355561, 118.274663
28.136702, 119.882358
27.913343, 121.490548
27.685502, 123.099252
27.453195, 124.708489
27.216438, 126.318281
26.975251, 127.928650
26.729650, 129.539620
26.479654, 131.151215
26.225282, 132.763462
25.966551, 134.376390
25.703482, 135.990028
25.436095, 137.604408
25.164408, 139.219563
24.888442, 140.835530
24.608217, 142.452347
24.323756, 144.070054
24.035077, 145.688695
23.742205, 147.308317
23.445159, 148.928969
23.143962, 150.550704
22.838638, 152.173581
22.529208, 153.797659
22.215696, 155.423005
21.898125, 157.049689
21.576520, 158.677789
21.250905, 160.307386
20.921304, 161.938569
20.587742, 163.571435
20.250244, 165.206088
19.908836, 166.842640
19.563545, 168.481216
19.214396, 170.121949
18.861416, 171.764986
18.504632, 173.410486
18.144073, 175.058625
17.779765, 176.709595
17.411737, 178.363608
17.040019, 180.020896
16.664639, 181.681719
16.285627, 183.346361
15.903014, 185.015141
15.516830, 186.688413
15.127107, 188.366571
14.733877, 190.050061
14.337172, 191.739380
13.937027, 193.435094
13.533475, 195.137839
13.126552, 196.848344
12.716294, 198.567439
12.302739, 200.296076
11.885926, 202.035357
11.465896, 203.786557
11.042691, 205.551163
10.616355, 207.330922
10.186937, 209.127895
9.754488, 210.944537
9.319061, 212.783789
8.880718, 214.649211
8.439524, 216.545144
7.995554, 218.476947
7.548895, 220.451305
7.099644, 222.476664
6.647921, 224.563852
6.193871, 226.726975
5.737676, 228.984744
5.279572, 231.362509
4.819871, 233.895445
4.359013, 236.633755
3.897626, 239.651480
3.436670, 243.062163
2.977681, 247.048232
2.523292, 251.919551
2.078396, 258.237799
1.653012, 267.093679
1.269940, 280.691279
0.983926, 302.846576
0.897728, 334.396819
1.064634, 3.620867
1.399238, 22.610752
1.812798, 34.365202
2.263958, 42.247115
2.735415, 48.022015
3.219305, 52.567588
3.711655, 56.345526
4.210266, 59.616072
4.713824, 62.535329
5.221492, 65.201990
5.732710, 67.681262
6.247082, 70.017847
6.764318, 72.243362
7.284199, 74.380775
7.806550, 76.447159
8.331231, 78.455460
8.858125, 80.415671
9.387130, 82.335622
9.918159, 84.221539
10.451134, 86.078427
10.985983, 87.910360
11.522641, 89.720685
12.061046, 91.512178
12.601141, 93.287157
13.142870, 95.047579
13.686182, 96.795102
14.231024, 98.531142
14.777348, 100.256915
15.325104, 101.973473
15.874247, 103.681727
16.424728, 105.382473
16.976503, 107.076409
17.529526, 108.764148
18.083752, 110.446233
18.639136, 112.123145
19.195635, 113.795310
19.753205, 115.463112
20.311803, 117.126892
20.871384, 118.786957
21.431905, 120.443585
21.993325, 122.097025
22.555598, 123.747503
23.118684, 125.395226
23.682539, 127.040378
24.247120, 128.683132
24.812384, 130.323643
25.378290, 131.962052
25.944795, 133.598491
26.511855, 135.233079
27.079429, 136.865928
27.647475, 138.497139
28.215949, 140.126805
28.784810, 141.755014
29.354015, 143.381847
29.923522, 145.007378
30.493288, 146.631676
31.063272, 148.254807
31.633431, 149.876829
32.203723, 151.497800
32.774105, 153.117772
33.344535, 154.736792
33.914972, 156.354909
34.485372, 157.972163
35.055695, 159.588595
35.625897, 161.204244
36.195937, 162.819144
36.765773, 164.433328
37.335362, 166.046829
37.904663, 167.659675
38.473634, 169.271895
39.042233, 170.883515
39.610417, 172.494559
40.178145, 174.105052
40.745376, 175.715015
41.312067, 177.324469
41.878177, 178.933434
42.443665, 180.541930
43.008488, 182.149974
43.572604, 183.757583
44.135974, 185.364773
44.698555, 186.971559
45.260305, 188.577957
45.821184, 190.183980
46.381150, 191.789642
46.940163, 193.394954
47.498180, 194.999929
48.055162, 196.604579
48.611067, 198.208914
49.165854, 199.812945
49.719483, 201.416682
50.271912, 203.020134
50.823103, 204.623311
51.373013, 206.226220
51.921602, 207.828872
52.468831, 209.431273
53.014659, 211.033432
53.559046, 212.635355
54.101952, 214.237050
54.643337, 215.838523
55.183162, 217.439781
55.721387, 219.040830
56.257972, 220.641677
56.792878, 222.242326
57.326065, 223.842784
57.857496, 225.443055
58.387130, 227.043146
58.914929, 228.643060
59.440854, 230.242803
59.964866, 231.842378
60.486927, 233.441792
61.006999, 235.041046
61.525044, 236.640147
62.041023, 238.239097
62.554899, 239.837901
63.066634, 241.436562
63.576191, 243.035083
64.083531, 244.633469
64.588619, 246.231721
65.091416, 247.829844
65.591887, 249.427841
66.089993, 251.025714
66.585700, 252.623467
67.078970, 254.221102
67.569767, 255.818621
68.058055, 257.416028
68.543799, 259.013325
69.026962, 260.610514
69.507510, 262.207597
69.985407, 263.804578
70.460618, 265.401457
70.933108, 266.998238
71.402843, 268.594922
71.869788, 270.191511
72.333909, 271.788007
72.795171, 273.384413
##END=
