##TITLE= Parameter file, TopSpin 4.3.0
##JCAMPDX= 5.0
##DATATYPE= Parameter Values
##ORIGIN= Bruker BioSpin GmbH
##OWNER= nmrsu
$$ 2024-05-25 19:53:02.965 +0100  nmrsu@4CE1161FJM
$$ C:/Bruker/TopSpin4.3.0/exp/stan/nmr/lists/wave/user/multisupp_aux_d8
$$ process C:\Bruker\TopSpin4.3.0\prog\mod\xwinshape.exe
##MINX= 2.25967600
##MAXX= 99.99938900
##MINY= 0.19743000
##MAXY= 359.80257000
##$SHAPE_ADDPHASE= 0
##$SHAPE_AMP= 99.99938914
##$SHAPE_BWFAC= 0
##$SHAPE_BWFAC50= 0
##$SHAPE_CALCBW= yes
##$SHAPE_CALCINTEG= yes
##$SHAPE_EXMODE= <Excitation>
##$SHAPE_EXPAND= <>
##$SHAPE_EXPANDCF= (0..143)
0 0 0 0 0 0 0 0 0 0 0 0 0 0 0 0 0 0 0 0 0 0 0 0 0 0 0 0 0 0 0 0 0 0 0 0
0 0 0 0 0 0 0 0 0 0 0 0 0 0 0 0 0 0 0 0 0 0 0 0 0 0 0 0 0 0 0 0 0 0 0 0
0 0 0 0 0 0 0 0 0 0 0 0 0 0 0 0 0 0 0 0 0 0 0 0 0 0 0 0 0 0 0 0 0 0 0 0
0 0 0 0 0 0 0 0 0 0 0 0 0 0 0 0 0 0 0 0 0 0 0 0 0 0 0 0 0 0 0 0 0 0 0 0
##$SHAPE_EXPFAC= 0
##$SHAPE_FRACEND= 0
##$SHAPE_FRACORG= 0
##$SHAPE_FRACSTART= 0
##$SHAPE_INTEGFAC= 0
##$SHAPE_KEEPRES= yes
##$SHAPE_LENGTH= 25000.000373
##$SHAPE_MAN= <M>
##$SHAPE_MODE= 3
##$SHAPE_MODFREQ= 0
##$SHAPE_MODPHASE= 0
##$SHAPE_MODSCALE= 0
##$SHAPE_MODSW= 0
##$SHAPE_MODSWDIR= -1
##$SHAPE_NPOINTS= 1250
##$SHAPE_OFFS= <1 3>
##$SHAPE_OFFSCOEFF= (0..95)
-145.13528 0 100 -215.46362 0 100 -281.37584 0 100 0 0 0 0 0 0 0 0 0 0
0 0 0 0 0 0 0 0 0 0 0 0 0 0 0 0 0 0 0 0 0 0 0 0 0 0 0 0 0 0 0 0 0 0 0 0
0 0 0 0 0 0 0 0 0 0 0 0 0 0 0 0 0 0 0 0 0 0 0 0 0 0 0 0 0 0 0 0 0 0 0 0
0 0 0 0 0
##$SHAPE_PARAMETER= <>
##$SHAPE_REPHFAC= 0
##$SHAPE_RES= 0
##$SHAPE_SCALEFAC= 1.00000611
##$SHAPE_SCALETYPE= 0
##$SHAPE_SPOAL= 0
##$SHAPE_SPOFFS= 0
##$SHAPE_SPOPH= 0
##$SHAPE_TOTROT= 90
##$SHAPE_TYPE= <Excitation>
##$SHAPE_USER_DEF= <>
##$SHAPE_VERSION= 2.1
##$SHL_ADDPHASE= (0..15)
0 0 0 0 0 0 0 0 0 0 0 0 0 0 0 0
##$SHL_ALIGNOFFSET= (0..15)
0 0 0 0 0 0 0 0 0 0 0 0 0 0 0 0
##$SHL_AMP= (0..15)
100 0 0 0 0 0 0 0 0 0 0 0 0 0 0 0
##$SHL_AMPFAC= (0..15)
0 0 0 0 0 0 0 0 0 0 0 0 0 0 0 0
##$SHL_BETA= (0..15)
0 0 0 0 0 0 0 0 0 0 0 0 0 0 0 0
##$SHL_BWFAC= (0..15)
1.116 0 0 0 0 0 0 0 0 0 0 0 0 0 0 0
##$SHL_CALCBW= (0..15)
yes yes yes yes yes yes yes yes yes yes yes yes yes yes yes yes
##$SHL_CALCINTEG= (0..15)
yes yes yes yes yes yes yes yes yes yes yes yes yes yes yes yes
##$SHL_CENTERAMP= (0..15)
0 0 0 0 0 0 0 0 0 0 0 0 0 0 0 0
##$SHL_CYCNUM= (0..15)
0 0 0 0 0 0 0 0 0 0 0 0 0 0 0 0
##$SHL_DIPOLCPL= (0..15)
0 0 0 0 0 0 0 0 0 0 0 0 0 0 0 0
##$SHL_ENDAMP= (0..15)
0 0 0 0 0 0 0 0 0 0 0 0 0 0 0 0
##$SHL_EXMODE= (0..15)
<Excitation> <> <> <> <> <> <> <> <> <> <> <> <> <> <> <>
##$SHL_EXPAND= (0..15)
<> <> <> <> <> <> <> <> <> <> <> <> <> <> <> <>
##$SHL_EXPANDCF0= (0..143)
0 0 0 0 0 0 0 0 0 0 0 0 0 0 0 0 0 0 0 0 0 0 0 0 0 0 0 0 0 0 0 0 0 0 0 0
0 0 0 0 0 0 0 0 0 0 0 0 0 0 0 0 0 0 0 0 0 0 0 0 0 0 0 0 0 0 0 0 0 0 0 0
0 0 0 0 0 0 0 0 0 0 0 0 0 0 0 0 0 0 0 0 0 0 0 0 0 0 0 0 0 0 0 0 0 0 0 0
0 0 0 0 0 0 0 0 0 0 0 0 0 0 0 0 0 0 0 0 0 0 0 0 0 0 0 0 0 0 0 0 0 0 0 0
##$SHL_EXPANDCF1= (0..143)
0 0 0 0 0 0 0 0 0 0 0 0 0 0 0 0 0 0 0 0 0 0 0 0 0 0 0 0 0 0 0 0 0 0 0 0
0 0 0 0 0 0 0 0 0 0 0 0 0 0 0 0 0 0 0 0 0 0 0 0 0 0 0 0 0 0 0 0 0 0 0 0
0 0 0 0 0 0 0 0 0 0 0 0 0 0 0 0 0 0 0 0 0 0 0 0 0 0 0 0 0 0 0 0 0 0 0 0
0 0 0 0 0 0 0 0 0 0 0 0 0 0 0 0 0 0 0 0 0 0 0 0 0 0 0 0 0 0 0 0 0 0 0 0
##$SHL_EXPANDCF10= (0..143)
0 0 0 0 0 0 0 0 0 0 0 0 0 0 0 0 0 0 0 0 0 0 0 0 0 0 0 0 0 0 0 0 0 0 0 0
0 0 0 0 0 0 0 0 0 0 0 0 0 0 0 0 0 0 0 0 0 0 0 0 0 0 0 0 0 0 0 0 0 0 0 0
0 0 0 0 0 0 0 0 0 0 0 0 0 0 0 0 0 0 0 0 0 0 0 0 0 0 0 0 0 0 0 0 0 0 0 0
0 0 0 0 0 0 0 0 0 0 0 0 0 0 0 0 0 0 0 0 0 0 0 0 0 0 0 0 0 0 0 0 0 0 0 0
##$SHL_EXPANDCF11= (0..143)
0 0 0 0 0 0 0 0 0 0 0 0 0 0 0 0 0 0 0 0 0 0 0 0 0 0 0 0 0 0 0 0 0 0 0 0
0 0 0 0 0 0 0 0 0 0 0 0 0 0 0 0 0 0 0 0 0 0 0 0 0 0 0 0 0 0 0 0 0 0 0 0
0 0 0 0 0 0 0 0 0 0 0 0 0 0 0 0 0 0 0 0 0 0 0 0 0 0 0 0 0 0 0 0 0 0 0 0
0 0 0 0 0 0 0 0 0 0 0 0 0 0 0 0 0 0 0 0 0 0 0 0 0 0 0 0 0 0 0 0 0 0 0 0
##$SHL_EXPANDCF12= (0..143)
0 0 0 0 0 0 0 0 0 0 0 0 0 0 0 0 0 0 0 0 0 0 0 0 0 0 0 0 0 0 0 0 0 0 0 0
0 0 0 0 0 0 0 0 0 0 0 0 0 0 0 0 0 0 0 0 0 0 0 0 0 0 0 0 0 0 0 0 0 0 0 0
0 0 0 0 0 0 0 0 0 0 0 0 0 0 0 0 0 0 0 0 0 0 0 0 0 0 0 0 0 0 0 0 0 0 0 0
0 0 0 0 0 0 0 0 0 0 0 0 0 0 0 0 0 0 0 0 0 0 0 0 0 0 0 0 0 0 0 0 0 0 0 0
##$SHL_EXPANDCF13= (0..143)
0 0 0 0 0 0 0 0 0 0 0 0 0 0 0 0 0 0 0 0 0 0 0 0 0 0 0 0 0 0 0 0 0 0 0 0
0 0 0 0 0 0 0 0 0 0 0 0 0 0 0 0 0 0 0 0 0 0 0 0 0 0 0 0 0 0 0 0 0 0 0 0
0 0 0 0 0 0 0 0 0 0 0 0 0 0 0 0 0 0 0 0 0 0 0 0 0 0 0 0 0 0 0 0 0 0 0 0
0 0 0 0 0 0 0 0 0 0 0 0 0 0 0 0 0 0 0 0 0 0 0 0 0 0 0 0 0 0 0 0 0 0 0 0
##$SHL_EXPANDCF14= (0..143)
0 0 0 0 0 0 0 0 0 0 0 0 0 0 0 0 0 0 0 0 0 0 0 0 0 0 0 0 0 0 0 0 0 0 0 0
0 0 0 0 0 0 0 0 0 0 0 0 0 0 0 0 0 0 0 0 0 0 0 0 0 0 0 0 0 0 0 0 0 0 0 0
0 0 0 0 0 0 0 0 0 0 0 0 0 0 0 0 0 0 0 0 0 0 0 0 0 0 0 0 0 0 0 0 0 0 0 0
0 0 0 0 0 0 0 0 0 0 0 0 0 0 0 0 0 0 0 0 0 0 0 0 0 0 0 0 0 0 0 0 0 0 0 0
##$SHL_EXPANDCF15= (0..143)
0 0 0 0 0 0 0 0 0 0 0 0 0 0 0 0 0 0 0 0 0 0 0 0 0 0 0 0 0 0 0 0 0 0 0 0
0 0 0 0 0 0 0 0 0 0 0 0 0 0 0 0 0 0 0 0 0 0 0 0 0 0 0 0 0 0 0 0 0 0 0 0
0 0 0 0 0 0 0 0 0 0 0 0 0 0 0 0 0 0 0 0 0 0 0 0 0 0 0 0 0 0 0 0 0 0 0 0
0 0 0 0 0 0 0 0 0 0 0 0 0 0 0 0 0 0 0 0 0 0 0 0 0 0 0 0 0 0 0 0 0 0 0 0
##$SHL_EXPANDCF2= (0..143)
0 0 0 0 0 0 0 0 0 0 0 0 0 0 0 0 0 0 0 0 0 0 0 0 0 0 0 0 0 0 0 0 0 0 0 0
0 0 0 0 0 0 0 0 0 0 0 0 0 0 0 0 0 0 0 0 0 0 0 0 0 0 0 0 0 0 0 0 0 0 0 0
0 0 0 0 0 0 0 0 0 0 0 0 0 0 0 0 0 0 0 0 0 0 0 0 0 0 0 0 0 0 0 0 0 0 0 0
0 0 0 0 0 0 0 0 0 0 0 0 0 0 0 0 0 0 0 0 0 0 0 0 0 0 0 0 0 0 0 0 0 0 0 0
##$SHL_EXPANDCF3= (0..143)
0 0 0 0 0 0 0 0 0 0 0 0 0 0 0 0 0 0 0 0 0 0 0 0 0 0 0 0 0 0 0 0 0 0 0 0
0 0 0 0 0 0 0 0 0 0 0 0 0 0 0 0 0 0 0 0 0 0 0 0 0 0 0 0 0 0 0 0 0 0 0 0
0 0 0 0 0 0 0 0 0 0 0 0 0 0 0 0 0 0 0 0 0 0 0 0 0 0 0 0 0 0 0 0 0 0 0 0
0 0 0 0 0 0 0 0 0 0 0 0 0 0 0 0 0 0 0 0 0 0 0 0 0 0 0 0 0 0 0 0 0 0 0 0
##$SHL_EXPANDCF4= (0..143)
0 0 0 0 0 0 0 0 0 0 0 0 0 0 0 0 0 0 0 0 0 0 0 0 0 0 0 0 0 0 0 0 0 0 0 0
0 0 0 0 0 0 0 0 0 0 0 0 0 0 0 0 0 0 0 0 0 0 0 0 0 0 0 0 0 0 0 0 0 0 0 0
0 0 0 0 0 0 0 0 0 0 0 0 0 0 0 0 0 0 0 0 0 0 0 0 0 0 0 0 0 0 0 0 0 0 0 0
0 0 0 0 0 0 0 0 0 0 0 0 0 0 0 0 0 0 0 0 0 0 0 0 0 0 0 0 0 0 0 0 0 0 0 0
##$SHL_EXPANDCF5= (0..143)
0 0 0 0 0 0 0 0 0 0 0 0 0 0 0 0 0 0 0 0 0 0 0 0 0 0 0 0 0 0 0 0 0 0 0 0
0 0 0 0 0 0 0 0 0 0 0 0 0 0 0 0 0 0 0 0 0 0 0 0 0 0 0 0 0 0 0 0 0 0 0 0
0 0 0 0 0 0 0 0 0 0 0 0 0 0 0 0 0 0 0 0 0 0 0 0 0 0 0 0 0 0 0 0 0 0 0 0
0 0 0 0 0 0 0 0 0 0 0 0 0 0 0 0 0 0 0 0 0 0 0 0 0 0 0 0 0 0 0 0 0 0 0 0
##$SHL_EXPANDCF6= (0..143)
0 0 0 0 0 0 0 0 0 0 0 0 0 0 0 0 0 0 0 0 0 0 0 0 0 0 0 0 0 0 0 0 0 0 0 0
0 0 0 0 0 0 0 0 0 0 0 0 0 0 0 0 0 0 0 0 0 0 0 0 0 0 0 0 0 0 0 0 0 0 0 0
0 0 0 0 0 0 0 0 0 0 0 0 0 0 0 0 0 0 0 0 0 0 0 0 0 0 0 0 0 0 0 0 0 0 0 0
0 0 0 0 0 0 0 0 0 0 0 0 0 0 0 0 0 0 0 0 0 0 0 0 0 0 0 0 0 0 0 0 0 0 0 0
##$SHL_EXPANDCF7= (0..143)
0 0 0 0 0 0 0 0 0 0 0 0 0 0 0 0 0 0 0 0 0 0 0 0 0 0 0 0 0 0 0 0 0 0 0 0
0 0 0 0 0 0 0 0 0 0 0 0 0 0 0 0 0 0 0 0 0 0 0 0 0 0 0 0 0 0 0 0 0 0 0 0
0 0 0 0 0 0 0 0 0 0 0 0 0 0 0 0 0 0 0 0 0 0 0 0 0 0 0 0 0 0 0 0 0 0 0 0
0 0 0 0 0 0 0 0 0 0 0 0 0 0 0 0 0 0 0 0 0 0 0 0 0 0 0 0 0 0 0 0 0 0 0 0
##$SHL_EXPANDCF8= (0..143)
0 0 0 0 0 0 0 0 0 0 0 0 0 0 0 0 0 0 0 0 0 0 0 0 0 0 0 0 0 0 0 0 0 0 0 0
0 0 0 0 0 0 0 0 0 0 0 0 0 0 0 0 0 0 0 0 0 0 0 0 0 0 0 0 0 0 0 0 0 0 0 0
0 0 0 0 0 0 0 0 0 0 0 0 0 0 0 0 0 0 0 0 0 0 0 0 0 0 0 0 0 0 0 0 0 0 0 0
0 0 0 0 0 0 0 0 0 0 0 0 0 0 0 0 0 0 0 0 0 0 0 0 0 0 0 0 0 0 0 0 0 0 0 0
##$SHL_EXPANDCF9= (0..143)
0 0 0 0 0 0 0 0 0 0 0 0 0 0 0 0 0 0 0 0 0 0 0 0 0 0 0 0 0 0 0 0 0 0 0 0
0 0 0 0 0 0 0 0 0 0 0 0 0 0 0 0 0 0 0 0 0 0 0 0 0 0 0 0 0 0 0 0 0 0 0 0
0 0 0 0 0 0 0 0 0 0 0 0 0 0 0 0 0 0 0 0 0 0 0 0 0 0 0 0 0 0 0 0 0 0 0 0
0 0 0 0 0 0 0 0 0 0 0 0 0 0 0 0 0 0 0 0 0 0 0 0 0 0 0 0 0 0 0 0 0 0 0 0
##$SHL_EXPFAC= (0..15)
0 0 0 0 0 0 0 0 0 0 0 0 0 0 0 0
##$SHL_FRACEND= (0..15)
0 0 0 0 0 0 0 0 0 0 0 0 0 0 0 0
##$SHL_FRACORG= (0..15)
0 0 0 0 0 0 0 0 0 0 0 0 0 0 0 0
##$SHL_FRACSTART= (0..15)
0 0 0 0 0 0 0 0 0 0 0 0 0 0 0 0
##$SHL_FULLHALF= (0..15)
0 0 0 0 0 0 0 0 0 0 0 0 0 0 0 0
##$SHL_FUNCAMP= (0..15)
100 0 0 0 0 0 0 0 0 0 0 0 0 0 0 0
##$SHL_FUNCTION= (0..15)
<Rectangle> <> <> <> <> <> <> <> <> <> <> <> <> <> <> <>
##$SHL_GCO= (0..15)
<> <> <> <> <> <> <> <> <> <> <> <> <> <> <> <>
##$SHL_GCOCOEFFS0= (0..59)
0 0 0 0 0 0 0 0 0 0 0 0 0 0 0 0 0 0 0 0 0 0 0 0 0 0 0 0 0 0 0 0 0 0 0 0
0 0 0 0 0 0 0 0 0 0 0 0 0 0 0 0 0 0 0 0 0 0 0 0
##$SHL_GCOCOEFFS1= (0..59)
0 0 0 0 0 0 0 0 0 0 0 0 0 0 0 0 0 0 0 0 0 0 0 0 0 0 0 0 0 0 0 0 0 0 0 0
0 0 0 0 0 0 0 0 0 0 0 0 0 0 0 0 0 0 0 0 0 0 0 0
##$SHL_GCOCOEFFS10= (0..59)
0 0 0 0 0 0 0 0 0 0 0 0 0 0 0 0 0 0 0 0 0 0 0 0 0 0 0 0 0 0 0 0 0 0 0 0
0 0 0 0 0 0 0 0 0 0 0 0 0 0 0 0 0 0 0 0 0 0 0 0
##$SHL_GCOCOEFFS11= (0..59)
0 0 0 0 0 0 0 0 0 0 0 0 0 0 0 0 0 0 0 0 0 0 0 0 0 0 0 0 0 0 0 0 0 0 0 0
0 0 0 0 0 0 0 0 0 0 0 0 0 0 0 0 0 0 0 0 0 0 0 0
##$SHL_GCOCOEFFS12= (0..59)
0 0 0 0 0 0 0 0 0 0 0 0 0 0 0 0 0 0 0 0 0 0 0 0 0 0 0 0 0 0 0 0 0 0 0 0
0 0 0 0 0 0 0 0 0 0 0 0 0 0 0 0 0 0 0 0 0 0 0 0
##$SHL_GCOCOEFFS13= (0..59)
0 0 0 0 0 0 0 0 0 0 0 0 0 0 0 0 0 0 0 0 0 0 0 0 0 0 0 0 0 0 0 0 0 0 0 0
0 0 0 0 0 0 0 0 0 0 0 0 0 0 0 0 0 0 0 0 0 0 0 0
##$SHL_GCOCOEFFS14= (0..59)
0 0 0 0 0 0 0 0 0 0 0 0 0 0 0 0 0 0 0 0 0 0 0 0 0 0 0 0 0 0 0 0 0 0 0 0
0 0 0 0 0 0 0 0 0 0 0 0 0 0 0 0 0 0 0 0 0 0 0 0
##$SHL_GCOCOEFFS15= (0..59)
0 0 0 0 0 0 0 0 0 0 0 0 0 0 0 0 0 0 0 0 0 0 0 0 0 0 0 0 0 0 0 0 0 0 0 0
0 0 0 0 0 0 0 0 0 0 0 0 0 0 0 0 0 0 0 0 0 0 0 0
##$SHL_GCOCOEFFS2= (0..59)
0 0 0 0 0 0 0 0 0 0 0 0 0 0 0 0 0 0 0 0 0 0 0 0 0 0 0 0 0 0 0 0 0 0 0 0
0 0 0 0 0 0 0 0 0 0 0 0 0 0 0 0 0 0 0 0 0 0 0 0
##$SHL_GCOCOEFFS3= (0..59)
0 0 0 0 0 0 0 0 0 0 0 0 0 0 0 0 0 0 0 0 0 0 0 0 0 0 0 0 0 0 0 0 0 0 0 0
0 0 0 0 0 0 0 0 0 0 0 0 0 0 0 0 0 0 0 0 0 0 0 0
##$SHL_GCOCOEFFS4= (0..59)
0 0 0 0 0 0 0 0 0 0 0 0 0 0 0 0 0 0 0 0 0 0 0 0 0 0 0 0 0 0 0 0 0 0 0 0
0 0 0 0 0 0 0 0 0 0 0 0 0 0 0 0 0 0 0 0 0 0 0 0
##$SHL_GCOCOEFFS5= (0..59)
0 0 0 0 0 0 0 0 0 0 0 0 0 0 0 0 0 0 0 0 0 0 0 0 0 0 0 0 0 0 0 0 0 0 0 0
0 0 0 0 0 0 0 0 0 0 0 0 0 0 0 0 0 0 0 0 0 0 0 0
##$SHL_GCOCOEFFS6= (0..59)
0 0 0 0 0 0 0 0 0 0 0 0 0 0 0 0 0 0 0 0 0 0 0 0 0 0 0 0 0 0 0 0 0 0 0 0
0 0 0 0 0 0 0 0 0 0 0 0 0 0 0 0 0 0 0 0 0 0 0 0
##$SHL_GCOCOEFFS7= (0..59)
0 0 0 0 0 0 0 0 0 0 0 0 0 0 0 0 0 0 0 0 0 0 0 0 0 0 0 0 0 0 0 0 0 0 0 0
0 0 0 0 0 0 0 0 0 0 0 0 0 0 0 0 0 0 0 0 0 0 0 0
##$SHL_GCOCOEFFS8= (0..59)
0 0 0 0 0 0 0 0 0 0 0 0 0 0 0 0 0 0 0 0 0 0 0 0 0 0 0 0 0 0 0 0 0 0 0 0
0 0 0 0 0 0 0 0 0 0 0 0 0 0 0 0 0 0 0 0 0 0 0 0
##$SHL_GCOCOEFFS9= (0..59)
0 0 0 0 0 0 0 0 0 0 0 0 0 0 0 0 0 0 0 0 0 0 0 0 0 0 0 0 0 0 0 0 0 0 0 0
0 0 0 0 0 0 0 0 0 0 0 0 0 0 0 0 0 0 0 0 0 0 0 0
##$SHL_INTEGFAC= (0..15)
1 0 0 0 0 0 0 0 0 0 0 0 0 0 0 0
##$SHL_LB= (0..15)
0 0 0 0 0 0 0 0 0 0 0 0 0 0 0 0
##$SHL_LEFTLIMIT= (0..15)
0 0 0 0 0 0 0 0 0 0 0 0 0 0 0 0
##$SHL_LENGTH= (0..15)
25000.000373 0 0 0 0 0 0 0 0 0 0 0 0 0 0 0
##$SHL_MAN= (0..15)
<> <> <> <> <> <> <> <> <> <> <> <> <> <> <> <>
##$SHL_MEANAMP= (0..15)
0 0 0 0 0 0 0 0 0 0 0 0 0 0 0 0
##$SHL_MODAMP= (0..15)
0 0 0 0 0 0 0 0 0 0 0 0 0 0 0 0
##$SHL_MODE= (0..15)
0 0 0 0 0 0 0 0 0 0 0 0 0 0 0 0
##$SHL_MODFREQ= (0..15)
0 0 0 0 0 0 0 0 0 0 0 0 0 0 0 0
##$SHL_MODPHASE= (0..15)
0 0 0 0 0 0 0 0 0 0 0 0 0 0 0 0
##$SHL_MODSCALE= (0..15)
0 0 0 0 0 0 0 0 0 0 0 0 0 0 0 0
##$SHL_MODSW= (0..15)
0 0 0 0 0 0 0 0 0 0 0 0 0 0 0 0
##$SHL_MODSWDIR= (0..15)
-1 -1 -1 -1 -1 -1 -1 -1 -1 -1 -1 -1 -1 -1 -1 -1
##$SHL_MU= (0..15)
0 0 0 0 0 0 0 0 0 0 0 0 0 0 0 0
##$SHL_NPOINTS= (0..15)
1250 0 0 0 0 0 0 0 0 0 0 0 0 0 0 0
##$SHL_OFFS= (0..15)
<> <> <> <> <> <> <> <> <> <> <> <> <> <> <> <>
##$SHL_OFFSCOEFF0= (0..95)
0 0 0 0 0 0 0 0 0 0 0 0 0 0 0 0 0 0 0 0 0 0 0 0 0 0 0 0 0 0 0 0 0 0 0 0
0 0 0 0 0 0 0 0 0 0 0 0 0 0 0 0 0 0 0 0 0 0 0 0 0 0 0 0 0 0 0 0 0 0 0 0
0 0 0 0 0 0 0 0 0 0 0 0 0 0 0 0 0 0 0 0 0 0 0 0
##$SHL_OFFSCOEFF1= (0..95)
0 0 0 0 0 0 0 0 0 0 0 0 0 0 0 0 0 0 0 0 0 0 0 0 0 0 0 0 0 0 0 0 0 0 0 0
0 0 0 0 0 0 0 0 0 0 0 0 0 0 0 0 0 0 0 0 0 0 0 0 0 0 0 0 0 0 0 0 0 0 0 0
0 0 0 0 0 0 0 0 0 0 0 0 0 0 0 0 0 0 0 0 0 0 0 0
##$SHL_OFFSCOEFF10= (0..95)
0 0 0 0 0 0 0 0 0 0 0 0 0 0 0 0 0 0 0 0 0 0 0 0 0 0 0 0 0 0 0 0 0 0 0 0
0 0 0 0 0 0 0 0 0 0 0 0 0 0 0 0 0 0 0 0 0 0 0 0 0 0 0 0 0 0 0 0 0 0 0 0
0 0 0 0 0 0 0 0 0 0 0 0 0 0 0 0 0 0 0 0 0 0 0 0
##$SHL_OFFSCOEFF11= (0..95)
0 0 0 0 0 0 0 0 0 0 0 0 0 0 0 0 0 0 0 0 0 0 0 0 0 0 0 0 0 0 0 0 0 0 0 0
0 0 0 0 0 0 0 0 0 0 0 0 0 0 0 0 0 0 0 0 0 0 0 0 0 0 0 0 0 0 0 0 0 0 0 0
0 0 0 0 0 0 0 0 0 0 0 0 0 0 0 0 0 0 0 0 0 0 0 0
##$SHL_OFFSCOEFF12= (0..95)
0 0 0 0 0 0 0 0 0 0 0 0 0 0 0 0 0 0 0 0 0 0 0 0 0 0 0 0 0 0 0 0 0 0 0 0
0 0 0 0 0 0 0 0 0 0 0 0 0 0 0 0 0 0 0 0 0 0 0 0 0 0 0 0 0 0 0 0 0 0 0 0
0 0 0 0 0 0 0 0 0 0 0 0 0 0 0 0 0 0 0 0 0 0 0 0
##$SHL_OFFSCOEFF13= (0..95)
0 0 0 0 0 0 0 0 0 0 0 0 0 0 0 0 0 0 0 0 0 0 0 0 0 0 0 0 0 0 0 0 0 0 0 0
0 0 0 0 0 0 0 0 0 0 0 0 0 0 0 0 0 0 0 0 0 0 0 0 0 0 0 0 0 0 0 0 0 0 0 0
0 0 0 0 0 0 0 0 0 0 0 0 0 0 0 0 0 0 0 0 0 0 0 0
##$SHL_OFFSCOEFF14= (0..95)
0 0 0 0 0 0 0 0 0 0 0 0 0 0 0 0 0 0 0 0 0 0 0 0 0 0 0 0 0 0 0 0 0 0 0 0
0 0 0 0 0 0 0 0 0 0 0 0 0 0 0 0 0 0 0 0 0 0 0 0 0 0 0 0 0 0 0 0 0 0 0 0
0 0 0 0 0 0 0 0 0 0 0 0 0 0 0 0 0 0 0 0 0 0 0 0
##$SHL_OFFSCOEFF15= (0..95)
0 0 0 0 0 0 0 0 0 0 0 0 0 0 0 0 0 0 0 0 0 0 0 0 0 0 0 0 0 0 0 0 0 0 0 0
0 0 0 0 0 0 0 0 0 0 0 0 0 0 0 0 0 0 0 0 0 0 0 0 0 0 0 0 0 0 0 0 0 0 0 0
0 0 0 0 0 0 0 0 0 0 0 0 0 0 0 0 0 0 0 0 0 0 0 0
##$SHL_OFFSCOEFF2= (0..95)
0 0 0 0 0 0 0 0 0 0 0 0 0 0 0 0 0 0 0 0 0 0 0 0 0 0 0 0 0 0 0 0 0 0 0 0
0 0 0 0 0 0 0 0 0 0 0 0 0 0 0 0 0 0 0 0 0 0 0 0 0 0 0 0 0 0 0 0 0 0 0 0
0 0 0 0 0 0 0 0 0 0 0 0 0 0 0 0 0 0 0 0 0 0 0 0
##$SHL_OFFSCOEFF3= (0..95)
0 0 0 0 0 0 0 0 0 0 0 0 0 0 0 0 0 0 0 0 0 0 0 0 0 0 0 0 0 0 0 0 0 0 0 0
0 0 0 0 0 0 0 0 0 0 0 0 0 0 0 0 0 0 0 0 0 0 0 0 0 0 0 0 0 0 0 0 0 0 0 0
0 0 0 0 0 0 0 0 0 0 0 0 0 0 0 0 0 0 0 0 0 0 0 0
##$SHL_OFFSCOEFF4= (0..95)
0 0 0 0 0 0 0 0 0 0 0 0 0 0 0 0 0 0 0 0 0 0 0 0 0 0 0 0 0 0 0 0 0 0 0 0
0 0 0 0 0 0 0 0 0 0 0 0 0 0 0 0 0 0 0 0 0 0 0 0 0 0 0 0 0 0 0 0 0 0 0 0
0 0 0 0 0 0 0 0 0 0 0 0 0 0 0 0 0 0 0 0 0 0 0 0
##$SHL_OFFSCOEFF5= (0..95)
0 0 0 0 0 0 0 0 0 0 0 0 0 0 0 0 0 0 0 0 0 0 0 0 0 0 0 0 0 0 0 0 0 0 0 0
0 0 0 0 0 0 0 0 0 0 0 0 0 0 0 0 0 0 0 0 0 0 0 0 0 0 0 0 0 0 0 0 0 0 0 0
0 0 0 0 0 0 0 0 0 0 0 0 0 0 0 0 0 0 0 0 0 0 0 0
##$SHL_OFFSCOEFF6= (0..95)
0 0 0 0 0 0 0 0 0 0 0 0 0 0 0 0 0 0 0 0 0 0 0 0 0 0 0 0 0 0 0 0 0 0 0 0
0 0 0 0 0 0 0 0 0 0 0 0 0 0 0 0 0 0 0 0 0 0 0 0 0 0 0 0 0 0 0 0 0 0 0 0
0 0 0 0 0 0 0 0 0 0 0 0 0 0 0 0 0 0 0 0 0 0 0 0
##$SHL_OFFSCOEFF7= (0..95)
0 0 0 0 0 0 0 0 0 0 0 0 0 0 0 0 0 0 0 0 0 0 0 0 0 0 0 0 0 0 0 0 0 0 0 0
0 0 0 0 0 0 0 0 0 0 0 0 0 0 0 0 0 0 0 0 0 0 0 0 0 0 0 0 0 0 0 0 0 0 0 0
0 0 0 0 0 0 0 0 0 0 0 0 0 0 0 0 0 0 0 0 0 0 0 0
##$SHL_OFFSCOEFF8= (0..95)
0 0 0 0 0 0 0 0 0 0 0 0 0 0 0 0 0 0 0 0 0 0 0 0 0 0 0 0 0 0 0 0 0 0 0 0
0 0 0 0 0 0 0 0 0 0 0 0 0 0 0 0 0 0 0 0 0 0 0 0 0 0 0 0 0 0 0 0 0 0 0 0
0 0 0 0 0 0 0 0 0 0 0 0 0 0 0 0 0 0 0 0 0 0 0 0
##$SHL_OFFSCOEFF9= (0..95)
0 0 0 0 0 0 0 0 0 0 0 0 0 0 0 0 0 0 0 0 0 0 0 0 0 0 0 0 0 0 0 0 0 0 0 0
0 0 0 0 0 0 0 0 0 0 0 0 0 0 0 0 0 0 0 0 0 0 0 0 0 0 0 0 0 0 0 0 0 0 0 0
0 0 0 0 0 0 0 0 0 0 0 0 0 0 0 0 0 0 0 0 0 0 0 0
##$SHL_PHASE= (0..15)
0 0 0 0 0 0 0 0 0 0 0 0 0 0 0 0
##$SHL_PHASEFAC= (0..15)
0 0 0 0 0 0 0 0 0 0 0 0 0 0 0 0
##$SHL_POWERINDEX= (0..15)
0 0 0 0 0 0 0 0 0 0 0 0 0 0 0 0
##$SHL_QUADCOEFF= (0..15)
0 0 0 0 0 0 0 0 0 0 0 0 0 0 0 0
##$SHL_RIGHTLIMIT= (0..15)
0 0 0 0 0 0 0 0 0 0 0 0 0 0 0 0
##$SHL_SCALEFACTOR= (0..15)
1 1 1 1 1 1 1 1 1 1 1 1 1 1 1 1
##$SHL_SF= (0..15)
<> <> <> <> <> <> <> <> <> <> <> <> <> <> <> <>
##$SHL_SFCOEFFS0= (0..200)
0 0 0 0 0 0 0 0 0 0 0 0 0 0 0 0 0 0 0 0 0 0 0 0 0 0 0 0 0 0 0 0 0 0 0 0
0 0 0 0 0 0 0 0 0 0 0 0 0 0 0 0 0 0 0 0 0 0 0 0 0 0 0 0 0 0 0 0 0 0 0 0
0 0 0 0 0 0 0 0 0 0 0 0 0 0 0 0 0 0 0 0 0 0 0 0 0 0 0 0 0 0 0 0 0 0 0 0
0 0 0 0 0 0 0 0 0 0 0 0 0 0 0 0 0 0 0 0 0 0 0 0 0 0 0 0 0 0 0 0 0 0 0 0
0 0 0 0 0 0 0 0 0 0 0 0 0 0 0 0 0 0 0 0 0 0 0 0 0 0 0 0 0 0 0 0 0 0 0 0
0 0 0 0 0 0 0 0 0 0 0 0 0 0 0 0 0 0 0 0 0
##$SHL_SFCOEFFS1= (0..200)
0 0 0 0 0 0 0 0 0 0 0 0 0 0 0 0 0 0 0 0 0 0 0 0 0 0 0 0 0 0 0 0 0 0 0 0
0 0 0 0 0 0 0 0 0 0 0 0 0 0 0 0 0 0 0 0 0 0 0 0 0 0 0 0 0 0 0 0 0 0 0 0
0 0 0 0 0 0 0 0 0 0 0 0 0 0 0 0 0 0 0 0 0 0 0 0 0 0 0 0 0 0 0 0 0 0 0 0
0 0 0 0 0 0 0 0 0 0 0 0 0 0 0 0 0 0 0 0 0 0 0 0 0 0 0 0 0 0 0 0 0 0 0 0
0 0 0 0 0 0 0 0 0 0 0 0 0 0 0 0 0 0 0 0 0 0 0 0 0 0 0 0 0 0 0 0 0 0 0 0
0 0 0 0 0 0 0 0 0 0 0 0 0 0 0 0 0 0 0 0 0
##$SHL_SFCOEFFS10= (0..200)
0 0 0 0 0 0 0 0 0 0 0 0 0 0 0 0 0 0 0 0 0 0 0 0 0 0 0 0 0 0 0 0 0 0 0 0
0 0 0 0 0 0 0 0 0 0 0 0 0 0 0 0 0 0 0 0 0 0 0 0 0 0 0 0 0 0 0 0 0 0 0 0
0 0 0 0 0 0 0 0 0 0 0 0 0 0 0 0 0 0 0 0 0 0 0 0 0 0 0 0 0 0 0 0 0 0 0 0
0 0 0 0 0 0 0 0 0 0 0 0 0 0 0 0 0 0 0 0 0 0 0 0 0 0 0 0 0 0 0 0 0 0 0 0
0 0 0 0 0 0 0 0 0 0 0 0 0 0 0 0 0 0 0 0 0 0 0 0 0 0 0 0 0 0 0 0 0 0 0 0
0 0 0 0 0 0 0 0 0 0 0 0 0 0 0 0 0 0 0 0 0
##$SHL_SFCOEFFS11= (0..200)
0 0 0 0 0 0 0 0 0 0 0 0 0 0 0 0 0 0 0 0 0 0 0 0 0 0 0 0 0 0 0 0 0 0 0 0
0 0 0 0 0 0 0 0 0 0 0 0 0 0 0 0 0 0 0 0 0 0 0 0 0 0 0 0 0 0 0 0 0 0 0 0
0 0 0 0 0 0 0 0 0 0 0 0 0 0 0 0 0 0 0 0 0 0 0 0 0 0 0 0 0 0 0 0 0 0 0 0
0 0 0 0 0 0 0 0 0 0 0 0 0 0 0 0 0 0 0 0 0 0 0 0 0 0 0 0 0 0 0 0 0 0 0 0
0 0 0 0 0 0 0 0 0 0 0 0 0 0 0 0 0 0 0 0 0 0 0 0 0 0 0 0 0 0 0 0 0 0 0 0
0 0 0 0 0 0 0 0 0 0 0 0 0 0 0 0 0 0 0 0 0
##$SHL_SFCOEFFS12= (0..200)
0 0 0 0 0 0 0 0 0 0 0 0 0 0 0 0 0 0 0 0 0 0 0 0 0 0 0 0 0 0 0 0 0 0 0 0
0 0 0 0 0 0 0 0 0 0 0 0 0 0 0 0 0 0 0 0 0 0 0 0 0 0 0 0 0 0 0 0 0 0 0 0
0 0 0 0 0 0 0 0 0 0 0 0 0 0 0 0 0 0 0 0 0 0 0 0 0 0 0 0 0 0 0 0 0 0 0 0
0 0 0 0 0 0 0 0 0 0 0 0 0 0 0 0 0 0 0 0 0 0 0 0 0 0 0 0 0 0 0 0 0 0 0 0
0 0 0 0 0 0 0 0 0 0 0 0 0 0 0 0 0 0 0 0 0 0 0 0 0 0 0 0 0 0 0 0 0 0 0 0
0 0 0 0 0 0 0 0 0 0 0 0 0 0 0 0 0 0 0 0 0
##$SHL_SFCOEFFS13= (0..200)
0 0 0 0 0 0 0 0 0 0 0 0 0 0 0 0 0 0 0 0 0 0 0 0 0 0 0 0 0 0 0 0 0 0 0 0
0 0 0 0 0 0 0 0 0 0 0 0 0 0 0 0 0 0 0 0 0 0 0 0 0 0 0 0 0 0 0 0 0 0 0 0
0 0 0 0 0 0 0 0 0 0 0 0 0 0 0 0 0 0 0 0 0 0 0 0 0 0 0 0 0 0 0 0 0 0 0 0
0 0 0 0 0 0 0 0 0 0 0 0 0 0 0 0 0 0 0 0 0 0 0 0 0 0 0 0 0 0 0 0 0 0 0 0
0 0 0 0 0 0 0 0 0 0 0 0 0 0 0 0 0 0 0 0 0 0 0 0 0 0 0 0 0 0 0 0 0 0 0 0
0 0 0 0 0 0 0 0 0 0 0 0 0 0 0 0 0 0 0 0 0
##$SHL_SFCOEFFS14= (0..200)
0 0 0 0 0 0 0 0 0 0 0 0 0 0 0 0 0 0 0 0 0 0 0 0 0 0 0 0 0 0 0 0 0 0 0 0
0 0 0 0 0 0 0 0 0 0 0 0 0 0 0 0 0 0 0 0 0 0 0 0 0 0 0 0 0 0 0 0 0 0 0 0
0 0 0 0 0 0 0 0 0 0 0 0 0 0 0 0 0 0 0 0 0 0 0 0 0 0 0 0 0 0 0 0 0 0 0 0
0 0 0 0 0 0 0 0 0 0 0 0 0 0 0 0 0 0 0 0 0 0 0 0 0 0 0 0 0 0 0 0 0 0 0 0
0 0 0 0 0 0 0 0 0 0 0 0 0 0 0 0 0 0 0 0 0 0 0 0 0 0 0 0 0 0 0 0 0 0 0 0
0 0 0 0 0 0 0 0 0 0 0 0 0 0 0 0 0 0 0 0 0
##$SHL_SFCOEFFS15= (0..200)
0 0 0 0 0 0 0 0 0 0 0 0 0 0 0 0 0 0 0 0 0 0 0 0 0 0 0 0 0 0 0 0 0 0 0 0
0 0 0 0 0 0 0 0 0 0 0 0 0 0 0 0 0 0 0 0 0 0 0 0 0 0 0 0 0 0 0 0 0 0 0 0
0 0 0 0 0 0 0 0 0 0 0 0 0 0 0 0 0 0 0 0 0 0 0 0 0 0 0 0 0 0 0 0 0 0 0 0
0 0 0 0 0 0 0 0 0 0 0 0 0 0 0 0 0 0 0 0 0 0 0 0 0 0 0 0 0 0 0 0 0 0 0 0
0 0 0 0 0 0 0 0 0 0 0 0 0 0 0 0 0 0 0 0 0 0 0 0 0 0 0 0 0 0 0 0 0 0 0 0
0 0 0 0 0 0 0 0 0 0 0 0 0 0 0 0 0 0 0 0 0
##$SHL_SFCOEFFS2= (0..200)
0 0 0 0 0 0 0 0 0 0 0 0 0 0 0 0 0 0 0 0 0 0 0 0 0 0 0 0 0 0 0 0 0 0 0 0
0 0 0 0 0 0 0 0 0 0 0 0 0 0 0 0 0 0 0 0 0 0 0 0 0 0 0 0 0 0 0 0 0 0 0 0
0 0 0 0 0 0 0 0 0 0 0 0 0 0 0 0 0 0 0 0 0 0 0 0 0 0 0 0 0 0 0 0 0 0 0 0
0 0 0 0 0 0 0 0 0 0 0 0 0 0 0 0 0 0 0 0 0 0 0 0 0 0 0 0 0 0 0 0 0 0 0 0
0 0 0 0 0 0 0 0 0 0 0 0 0 0 0 0 0 0 0 0 0 0 0 0 0 0 0 0 0 0 0 0 0 0 0 0
0 0 0 0 0 0 0 0 0 0 0 0 0 0 0 0 0 0 0 0 0
##$SHL_SFCOEFFS3= (0..200)
0 0 0 0 0 0 0 0 0 0 0 0 0 0 0 0 0 0 0 0 0 0 0 0 0 0 0 0 0 0 0 0 0 0 0 0
0 0 0 0 0 0 0 0 0 0 0 0 0 0 0 0 0 0 0 0 0 0 0 0 0 0 0 0 0 0 0 0 0 0 0 0
0 0 0 0 0 0 0 0 0 0 0 0 0 0 0 0 0 0 0 0 0 0 0 0 0 0 0 0 0 0 0 0 0 0 0 0
0 0 0 0 0 0 0 0 0 0 0 0 0 0 0 0 0 0 0 0 0 0 0 0 0 0 0 0 0 0 0 0 0 0 0 0
0 0 0 0 0 0 0 0 0 0 0 0 0 0 0 0 0 0 0 0 0 0 0 0 0 0 0 0 0 0 0 0 0 0 0 0
0 0 0 0 0 0 0 0 0 0 0 0 0 0 0 0 0 0 0 0 0
##$SHL_SFCOEFFS4= (0..200)
0 0 0 0 0 0 0 0 0 0 0 0 0 0 0 0 0 0 0 0 0 0 0 0 0 0 0 0 0 0 0 0 0 0 0 0
0 0 0 0 0 0 0 0 0 0 0 0 0 0 0 0 0 0 0 0 0 0 0 0 0 0 0 0 0 0 0 0 0 0 0 0
0 0 0 0 0 0 0 0 0 0 0 0 0 0 0 0 0 0 0 0 0 0 0 0 0 0 0 0 0 0 0 0 0 0 0 0
0 0 0 0 0 0 0 0 0 0 0 0 0 0 0 0 0 0 0 0 0 0 0 0 0 0 0 0 0 0 0 0 0 0 0 0
0 0 0 0 0 0 0 0 0 0 0 0 0 0 0 0 0 0 0 0 0 0 0 0 0 0 0 0 0 0 0 0 0 0 0 0
0 0 0 0 0 0 0 0 0 0 0 0 0 0 0 0 0 0 0 0 0
##$SHL_SFCOEFFS5= (0..200)
0 0 0 0 0 0 0 0 0 0 0 0 0 0 0 0 0 0 0 0 0 0 0 0 0 0 0 0 0 0 0 0 0 0 0 0
0 0 0 0 0 0 0 0 0 0 0 0 0 0 0 0 0 0 0 0 0 0 0 0 0 0 0 0 0 0 0 0 0 0 0 0
0 0 0 0 0 0 0 0 0 0 0 0 0 0 0 0 0 0 0 0 0 0 0 0 0 0 0 0 0 0 0 0 0 0 0 0
0 0 0 0 0 0 0 0 0 0 0 0 0 0 0 0 0 0 0 0 0 0 0 0 0 0 0 0 0 0 0 0 0 0 0 0
0 0 0 0 0 0 0 0 0 0 0 0 0 0 0 0 0 0 0 0 0 0 0 0 0 0 0 0 0 0 0 0 0 0 0 0
0 0 0 0 0 0 0 0 0 0 0 0 0 0 0 0 0 0 0 0 0
##$SHL_SFCOEFFS6= (0..200)
0 0 0 0 0 0 0 0 0 0 0 0 0 0 0 0 0 0 0 0 0 0 0 0 0 0 0 0 0 0 0 0 0 0 0 0
0 0 0 0 0 0 0 0 0 0 0 0 0 0 0 0 0 0 0 0 0 0 0 0 0 0 0 0 0 0 0 0 0 0 0 0
0 0 0 0 0 0 0 0 0 0 0 0 0 0 0 0 0 0 0 0 0 0 0 0 0 0 0 0 0 0 0 0 0 0 0 0
0 0 0 0 0 0 0 0 0 0 0 0 0 0 0 0 0 0 0 0 0 0 0 0 0 0 0 0 0 0 0 0 0 0 0 0
0 0 0 0 0 0 0 0 0 0 0 0 0 0 0 0 0 0 0 0 0 0 0 0 0 0 0 0 0 0 0 0 0 0 0 0
0 0 0 0 0 0 0 0 0 0 0 0 0 0 0 0 0 0 0 0 0
##$SHL_SFCOEFFS7= (0..200)
0 0 0 0 0 0 0 0 0 0 0 0 0 0 0 0 0 0 0 0 0 0 0 0 0 0 0 0 0 0 0 0 0 0 0 0
0 0 0 0 0 0 0 0 0 0 0 0 0 0 0 0 0 0 0 0 0 0 0 0 0 0 0 0 0 0 0 0 0 0 0 0
0 0 0 0 0 0 0 0 0 0 0 0 0 0 0 0 0 0 0 0 0 0 0 0 0 0 0 0 0 0 0 0 0 0 0 0
0 0 0 0 0 0 0 0 0 0 0 0 0 0 0 0 0 0 0 0 0 0 0 0 0 0 0 0 0 0 0 0 0 0 0 0
0 0 0 0 0 0 0 0 0 0 0 0 0 0 0 0 0 0 0 0 0 0 0 0 0 0 0 0 0 0 0 0 0 0 0 0
0 0 0 0 0 0 0 0 0 0 0 0 0 0 0 0 0 0 0 0 0
##$SHL_SFCOEFFS8= (0..200)
0 0 0 0 0 0 0 0 0 0 0 0 0 0 0 0 0 0 0 0 0 0 0 0 0 0 0 0 0 0 0 0 0 0 0 0
0 0 0 0 0 0 0 0 0 0 0 0 0 0 0 0 0 0 0 0 0 0 0 0 0 0 0 0 0 0 0 0 0 0 0 0
0 0 0 0 0 0 0 0 0 0 0 0 0 0 0 0 0 0 0 0 0 0 0 0 0 0 0 0 0 0 0 0 0 0 0 0
0 0 0 0 0 0 0 0 0 0 0 0 0 0 0 0 0 0 0 0 0 0 0 0 0 0 0 0 0 0 0 0 0 0 0 0
0 0 0 0 0 0 0 0 0 0 0 0 0 0 0 0 0 0 0 0 0 0 0 0 0 0 0 0 0 0 0 0 0 0 0 0
0 0 0 0 0 0 0 0 0 0 0 0 0 0 0 0 0 0 0 0 0
##$SHL_SFCOEFFS9= (0..200)
0 0 0 0 0 0 0 0 0 0 0 0 0 0 0 0 0 0 0 0 0 0 0 0 0 0 0 0 0 0 0 0 0 0 0 0
0 0 0 0 0 0 0 0 0 0 0 0 0 0 0 0 0 0 0 0 0 0 0 0 0 0 0 0 0 0 0 0 0 0 0 0
0 0 0 0 0 0 0 0 0 0 0 0 0 0 0 0 0 0 0 0 0 0 0 0 0 0 0 0 0 0 0 0 0 0 0 0
0 0 0 0 0 0 0 0 0 0 0 0 0 0 0 0 0 0 0 0 0 0 0 0 0 0 0 0 0 0 0 0 0 0 0 0
0 0 0 0 0 0 0 0 0 0 0 0 0 0 0 0 0 0 0 0 0 0 0 0 0 0 0 0 0 0 0 0 0 0 0 0
0 0 0 0 0 0 0 0 0 0 0 0 0 0 0 0 0 0 0 0 0
##$SHL_SMOOTHED= (0..15)
0 0 0 0 0 0 0 0 0 0 0 0 0 0 0 0
##$SHL_SMOOTHING= (0..15)
0 0 0 0 0 0 0 0 0 0 0 0 0 0 0 0
##$SHL_SPOAL= (0..15)
0 0 0 0 0 0 0 0 0 0 0 0 0 0 0 0
##$SHL_SPOFFS= (0..15)
0 0 0 0 0 0 0 0 0 0 0 0 0 0 0 0
##$SHL_SPOPH= (0..15)
0 0 0 0 0 0 0 0 0 0 0 0 0 0 0 0
##$SHL_STARTAMP= (0..15)
0 0 0 0 0 0 0 0 0 0 0 0 0 0 0 0
##$SHL_SW= (0..15)
0 0 0 0 0 0 0 0 0 0 0 0 0 0 0 0
##$SHL_SWDIR= (0..15)
-1 -1 -1 -1 -1 -1 -1 -1 -1 -1 -1 -1 -1 -1 -1 -1
##$SHL_TANKAPPA= (0..15)
0 0 0 0 0 0 0 0 0 0 0 0 0 0 0 0
##$SHL_TOTROT= (0..15)
90 0 0 0 0 0 0 0 0 0 0 0 0 0 0 0
##$SHL_TRUNCLEV= (0..15)
0 0 0 0 0 0 0 0 0 0 0 0 0 0 0 0
##$SHL_TYPE= (0..15)
<Excitation> <> <> <> <> <> <> <> <> <> <> <> <> <> <> <>
##$SHL_WINDOWSIZE= (0..15)
0 0 0 0 0 0 0 0 0 0 0 0 0 0 0 0
##$SHL_ZETA= (0..15)
0 0 0 0 0 0 0 0 0 0 0 0 0 0 0 0
##NPOINTS= 1250
##XYPOINTS= (XY..XY)
72.526037, 116.572615
72.066966, 118.086308
71.605054, 119.599539
71.140336, 121.112299
70.672846, 122.624579
70.202619, 124.136367
69.729690, 125.647654
69.254094, 127.158429
68.775867, 128.668681
68.295044, 130.178398
67.811661, 131.687569
67.325754, 133.196182
66.837360, 134.704223
66.346516, 136.211680
65.853256, 137.718539
65.357620, 139.224786
64.859643, 140.730407
64.359363, 142.235386
63.856818, 143.739709
63.352044, 145.243359
62.845081, 146.746320
62.335965, 148.248574
61.824735, 149.750104
61.311430, 151.250891
60.796088, 152.750916
60.278748, 154.250159
59.759449, 155.748600
59.238229, 157.246217
58.715129, 158.742988
58.190187, 160.238890
57.663443, 161.733900
57.134937, 163.227991
56.604709, 164.721140
56.072800, 166.213318
55.539248, 167.704498
55.004096, 169.194652
54.467383, 170.683748
53.929151, 172.171755
53.389439, 173.658641
52.848291, 175.144372
52.305745, 176.628911
51.761846, 178.112223
51.216633, 179.594269
50.670148, 181.075007
50.122434, 182.554397
49.573533, 184.032394
49.023487, 185.508953
48.472339, 186.984025
47.920130, 188.457561
47.366905, 189.929507
46.812706, 191.399809
46.257576, 192.868410
45.701558, 194.335249
45.144697, 195.800264
44.587035, 197.263387
44.028617, 198.724549
43.469488, 200.183678
42.909690, 201.640696
42.349269, 203.095523
41.788270, 204.548075
41.226737, 205.998261
40.664716, 207.445987
40.102253, 208.891156
39.539392, 210.333662
38.976181, 211.773394
38.412665, 213.210236
37.848891, 214.644066
37.284906, 216.074752
36.720756, 217.502158
36.156491, 218.926136
35.592157, 220.346532
35.027803, 221.763182
34.463478, 223.175911
33.899231, 224.584534
33.335111, 225.988853
32.771169, 227.388659
32.207456, 228.783728
31.644023, 230.173820
31.080923, 231.558681
30.518207, 232.938038
29.955929, 234.311599
29.394144, 235.679051
28.832907, 237.040059
28.272274, 238.394262
27.712303, 239.741274
27.153052, 241.080678
26.594580, 242.412023
26.036950, 243.734824
25.480223, 245.048558
24.924465, 246.352656
24.369742, 247.646504
23.816122, 248.929431
23.263676, 250.200713
22.712478, 251.459558
22.162605, 252.705101
21.614136, 253.936398
21.067155, 255.152417
20.521750, 256.352022
19.978012, 257.533966
19.436040, 258.696876
18.895937, 259.839236
18.357813, 260.959369
17.821787, 262.055414
17.287985, 263.125305
16.756545, 264.166740
16.227615, 265.177146
15.701357, 266.153645
15.177948, 267.093005
14.657585, 267.991587
14.140484, 268.845284
13.626885, 269.649449
13.117060, 270.398804
12.611310, 271.087345
12.109982, 271.708215
11.613465, 272.253568
11.122210, 272.714401
10.636733, 273.080361
10.157633, 273.339517
9.685608, 273.478104
9.221475, 273.480229
8.766196, 273.327551
8.320909, 272.998951
7.886963, 272.470212
7.465966, 271.713772
7.059832, 270.698644
6.670840, 269.390648
6.301691, 267.753202
5.955567, 265.748995
5.636160, 263.342972
5.347663, 260.507055
5.094697, 257.226842
4.882112, 253.509908
4.714661, 249.394293
4.596534, 244.954392
4.530826, 240.300721
4.519043, 235.571022
4.560815, 230.913399
4.653921, 226.466132
4.794601, 222.340638
4.978074, 218.612339
5.199082, 215.320209
5.452360, 212.472548
5.732955, 210.055438
6.036408, 208.041077
6.358822, 206.394528
6.696860, 205.078497
7.047699, 204.056353
7.408966, 203.293839
7.778678, 202.759875
8.155174, 202.426805
8.537063, 202.270325
8.923178, 202.269235
9.312534, 202.405121
9.704297, 202.662031
10.097757, 203.026143
10.492307, 203.485483
10.887426, 204.029655
11.282662, 204.649623
11.677624, 205.337513
12.071969, 206.086443
12.465395, 206.890388
12.857638, 207.744051
13.248460, 208.642770
13.637653, 209.582424
14.025027, 210.559363
14.410412, 211.570345
14.793656, 212.612483
15.174618, 213.683197
15.553171, 214.780178
15.929198, 215.901355
16.302593, 217.044862
16.673255, 218.209019
17.041093, 219.392304
17.406022, 220.593342
17.767961, 221.810883
18.126837, 223.043789
18.482578, 224.291027
18.835119, 225.551648
19.184397, 226.824789
19.530353, 228.109657
19.872932, 229.405523
20.212079, 230.711718
20.547745, 232.027628
20.879880, 233.352682
21.208438, 234.686357
21.533374, 236.028167
21.854646, 237.377662
22.172212, 238.734425
22.486034, 240.098069
22.796072, 241.468234
23.102289, 242.844585
23.404651, 244.226809
23.703122, 245.614615
23.997669, 247.007731
24.288260, 248.405901
24.574864, 249.808888
24.857449, 251.216468
25.135986, 252.628433
25.410447, 254.044585
25.680803, 255.464740
25.947027, 256.888724
26.209093, 258.316374
26.466975, 259.747537
26.720647, 261.182066
26.970085, 262.619825
27.215266, 264.060686
27.456165, 265.504526
27.692761, 266.951230
27.925031, 268.400688
28.152954, 269.852798
28.376509, 271.307462
28.595675, 272.764587
28.810433, 274.224086
29.020762, 275.685875
29.226644, 277.149874
29.428062, 278.616010
29.624995, 280.084210
29.817428, 281.554408
30.005344, 283.026537
30.188725, 284.500538
30.367555, 285.976352
30.541820, 287.453923
30.711503, 288.933199
30.876591, 290.414128
31.037068, 291.896664
31.192921, 293.380761
31.344137, 294.866374
31.490702, 296.353463
31.632604, 297.841988
31.769830, 299.331911
31.902370, 300.823196
32.030211, 302.315809
32.153342, 303.809717
32.271754, 305.304889
32.385435, 306.801295
32.494377, 308.298908
32.598570, 309.797699
32.698004, 311.297643
32.792672, 312.798716
32.882565, 314.300894
32.967676, 315.804154
33.047997, 317.308477
33.123521, 318.813841
33.194242, 320.320228
33.260154, 321.827620
33.321250, 323.335998
33.377526, 324.845348
33.428976, 326.355653
33.475596, 327.866899
33.517381, 329.379072
33.554328, 330.892159
33.586434, 332.406149
33.613694, 333.921029
33.636107, 335.436788
33.653671, 336.953418
33.666383, 338.470909
33.674241, 339.989251
33.677245, 341.508438
33.675394, 343.028462
33.668687, 344.549317
33.657125, 346.070997
33.640708, 347.593495
33.619436, 349.116809
33.593310, 350.640934
33.562333, 352.165866
33.526506, 353.691604
33.485831, 355.218144
33.440311, 356.745485
33.389949, 358.273628
33.334748, 359.802570
33.274712, 1.332314
33.209846, 2.862860
33.140153, 4.394210
33.065638, 5.926366
32.986307, 7.459331
32.902166, 8.993110
32.813220, 10.527707
32.719475, 12.063126
32.620940, 13.599375
32.517619, 15.136459
32.409522, 16.674386
32.296656, 18.213164
32.179029, 19.752802
32.056649, 21.293310
31.929527, 22.834699
31.797670, 24.376980
31.661089, 25.920166
31.519794, 27.464270
31.373795, 29.009307
31.223103, 30.555292
31.067730, 32.102242
30.907686, 33.650175
30.742984, 35.199108
30.573636, 36.749063
30.399655, 38.300061
30.221054, 39.852125
30.037846, 41.405278
29.850044, 42.959547
29.657664, 44.514958
29.460719, 46.071541
29.259225, 47.629326
29.053197, 49.188346
28.842650, 50.748635
28.627601, 52.310230
28.408065, 53.873169
28.184060, 55.437495
27.955603, 57.003249
27.722712, 58.570480
27.485403, 60.139235
27.243697, 61.709568
26.997610, 63.281533
26.747163, 64.855189
26.492375, 66.430599
26.233266, 68.007829
25.969856, 69.586950
25.702166, 71.168037
25.430217, 72.751171
25.154030, 74.336438
24.873628, 75.923927
24.589033, 77.513737
24.300268, 79.105972
24.007356, 80.700742
23.710321, 82.298168
23.409187, 83.898376
23.103979, 85.501503
22.794722, 87.107697
22.481443, 88.717114
22.164166, 90.329925
21.842920, 91.946312
21.517731, 93.566473
21.188629, 95.190620
20.855640, 96.818984
20.518795, 98.451814
20.178125, 100.089380
19.833658, 101.731976
19.485429, 103.379922
19.133468, 105.033565
18.777809, 106.693286
18.418487, 108.359501
18.055538, 110.032664
17.688997, 111.713278
17.318903, 113.401891
16.945295, 115.099112
16.568215, 116.805611
16.187704, 118.522134
15.803807, 120.249506
15.416572, 121.988649
15.026047, 123.740592
14.632284, 125.506490
14.235339, 127.287640
13.835269, 129.085505
13.432139, 130.901744
13.026016, 132.738241
12.616974, 134.597145
12.205092, 136.480923
11.790458, 138.392412
11.373171, 140.334894
10.953339, 142.312190
10.531083, 144.328765
10.106544, 146.389874
9.679881, 148.501736
9.251277, 150.671768
8.820950, 152.908874
8.389156, 155.223828
7.956202, 157.629782
7.522463, 160.142928
7.088398, 162.783402
6.654583, 165.576496
6.221749, 168.554323
5.790838, 171.758115
5.363088, 175.241408
4.940150, 179.074471
4.524274, 183.350363
4.118579, 188.193001
3.727459, 193.767005
3.357187, 200.287185
3.016745, 208.020112
2.718781, 217.257906
2.480194, 228.225738
2.320996, 240.886918
2.259676, 254.712501
2.305644, 268.683141
2.454337, 281.709343
2.690081, 293.122302
2.993534, 302.780159
3.347347, 310.864632
3.738143, 317.663389
4.156296, 323.453679
4.595046, 328.463788
5.049656, 332.870169
5.516770, 336.805991
5.993972, 340.371229
6.479495, 343.641232
6.972016, 346.673267
7.470533, 349.511317
7.974269, 352.189540
8.482613, 354.734766
8.995075, 357.168294
9.511259, 359.507215
10.030837, 1.765374
10.553537, 3.954090
11.079128, 6.082698
11.607409, 8.158957
12.138210, 10.189365
12.671380, 12.179400
13.206783, 14.133714
13.744301, 16.056277
14.283823, 17.950499
14.825252, 19.819322
15.368494, 21.665300
15.913466, 23.490658
16.460088, 25.297345
17.008286, 27.087072
17.557987, 28.861350
18.109126, 30.621518
18.661637, 32.368764
19.215459, 34.104149
19.770532, 35.828620
20.326798, 37.543028
20.884201, 39.248139
21.442686, 40.944642
22.002199, 42.633161
22.562689, 44.314262
23.124103, 45.988459
23.686392, 47.656218
24.249505, 49.317968
24.813393, 50.974098
25.378007, 52.624965
25.943301, 54.270898
26.509225, 55.912198
27.075733, 57.549142
27.642779, 59.181987
28.210316, 60.810970
28.778297, 62.436309
29.346678, 64.058206
29.915413, 65.676851
30.484456, 67.292419
31.053763, 68.905071
31.623289, 70.514959
32.192989, 72.122225
32.762819, 73.727000
33.332735, 75.329409
33.902691, 76.929565
34.472646, 78.527579
35.042554, 80.123550
35.612372, 81.717575
36.182057, 83.309742
36.751565, 84.900136
37.320852, 86.488836
37.889876, 88.075916
38.458593, 89.661448
39.026961, 91.245497
39.594936, 92.828126
40.162475, 94.409394
40.729537, 95.989358
41.296078, 97.568071
41.862055, 99.145583
42.427427, 100.721942
42.992151, 102.297192
43.556184, 103.871378
44.119486, 105.444539
44.682012, 107.016715
45.243722, 108.587943
45.804574, 110.158257
46.364526, 111.727691
46.923536, 113.296278
47.481563, 114.864047
48.038565, 116.431027
48.594501, 117.997246
49.149330, 119.562731
49.703009, 121.127507
50.255500, 122.691598
50.806760, 124.255027
51.356748, 125.817817
51.905424, 127.379987
52.452748, 128.941559
52.998678, 130.502553
53.543175, 132.062986
54.086198, 133.622876
54.627707, 135.182241
55.167662, 136.741097
55.706023, 138.299460
56.242751, 139.857346
56.777806, 141.414767
57.311148, 142.971740
57.842738, 144.528277
58.372536, 146.084390
58.900505, 147.640094
59.426604, 149.195399
59.950795, 150.750317
60.473040, 152.304859
60.993300, 153.859037
61.511536, 155.412860
62.027711, 156.966338
62.541786, 158.519482
63.053724, 160.072300
63.563487, 161.624802
64.071038, 163.176995
64.576338, 164.728889
65.079351, 166.280492
65.580041, 167.831811
66.078369, 169.382854
66.574300, 170.933628
67.067796, 172.484141
67.558823, 174.034399
68.047343, 175.584409
68.533320, 177.134177
69.016720, 178.683710
69.497506, 180.233014
69.975643, 181.782093
70.451096, 183.330955
70.923830, 184.879605
71.393810, 186.428047
71.861002, 187.976287
72.325371, 189.524331
72.786884, 191.072182
73.245506, 192.619846
73.701204, 194.167327
74.153944, 195.714630
74.603693, 197.261759
75.050418, 198.808718
75.494086, 200.355511
75.934665, 201.902143
76.372123, 203.448617
76.806426, 204.994937
77.237544, 206.541106
77.665444, 208.087128
78.090095, 209.633007
78.511467, 211.178746
78.929527, 212.724348
79.344246, 214.269816
79.755593, 215.815154
80.163538, 217.360364
80.568051, 218.905450
80.969102, 220.450414
81.366661, 221.995259
81.760700, 223.539988
82.151190, 225.084603
82.538102, 226.629108
82.921408, 228.173505
83.301079, 229.717795
83.677087, 231.261982
84.049406, 232.806068
84.418007, 234.350056
84.782865, 235.893947
85.143951, 237.437743
85.501239, 238.981447
85.854704, 240.525062
86.204319, 242.068588
86.550059, 243.612028
86.891898, 245.155385
87.229812, 246.698659
87.563774, 248.241853
87.893762, 249.784968
88.219751, 251.328007
88.541716, 252.870971
88.859635, 254.413862
89.173484, 255.956682
89.483239, 257.499432
89.788879, 259.042113
90.090380, 260.584729
90.387722, 262.127279
90.680881, 263.669766
90.969836, 265.212190
91.254567, 266.754555
91.535052, 268.296860
91.811270, 269.839108
92.083202, 271.381299
92.350828, 272.923436
92.614127, 274.465519
92.873082, 276.007550
93.127671, 277.549530
93.377878, 279.091460
93.623684, 280.633342
93.865069, 282.175177
94.102018, 283.716966
94.334513, 285.258710
94.562535, 286.800411
94.786070, 288.342069
95.005100, 289.883686
95.219609, 291.425263
95.429582, 292.966801
95.635003, 294.508301
95.835857, 296.049764
96.032130, 297.591191
96.223806, 299.132583
96.410873, 300.673941
96.593315, 302.215267
96.771121, 303.756561
96.944276, 305.297824
97.112769, 306.839058
97.276586, 308.380262
97.435716, 309.921439
97.590147, 311.462589
97.739868, 313.003713
97.884868, 314.544811
98.025136, 316.085886
98.160662, 317.626937
98.291436, 319.167966
98.417448, 320.708973
98.538689, 322.249960
98.655151, 323.790927
98.766824, 325.331875
98.873701, 326.872806
98.975774, 328.413719
99.073034, 329.954615
99.165476, 331.495496
99.253092, 333.036363
99.335876, 334.577216
99.413822, 336.118055
99.486924, 337.658883
99.555177, 339.199699
99.618575, 340.740504
99.677115, 342.281300
99.730791, 343.822086
99.779600, 345.362865
99.823539, 346.903636
99.862603, 348.444400
99.896791, 349.985158
99.926099, 351.525912
99.950526, 353.066661
99.970070, 354.607407
99.984729, 356.148149
99.994502, 357.688890
99.999389, 359.229630
99.999389, 0.770370
99.994502, 2.311110
99.984729, 3.851851
99.970070, 5.392593
99.950526, 6.933339
99.926099, 8.474088
99.896791, 10.014842
99.862603, 11.555600
99.823539, 13.096364
99.779600, 14.637135
99.730791, 16.177914
99.677115, 17.718700
99.618575, 19.259496
99.555177, 20.800301
99.486924, 22.341117
99.413822, 23.881945
99.335876, 25.422784
99.253092, 26.963637
99.165476, 28.504504
99.073034, 30.045385
98.975774, 31.586281
98.873701, 33.127194
98.766824, 34.668125
98.655151, 36.209073
98.538689, 37.750040
98.417448, 39.291027
98.291436, 40.832034
98.160662, 42.373063
98.025136, 43.914114
97.884868, 45.455189
97.739868, 46.996287
97.590147, 48.537411
97.435716, 50.078561
97.276586, 51.619738
97.112769, 53.160942
96.944276, 54.702176
96.771121, 56.243439
96.593315, 57.784733
96.410873, 59.326059
96.223806, 60.867417
96.032130, 62.408809
95.835857, 63.950236
95.635003, 65.491699
95.429582, 67.033199
95.219609, 68.574737
95.005100, 70.116314
94.786070, 71.657931
94.562535, 73.199589
94.334513, 74.741290
94.102018, 76.283034
93.865069, 77.824823
93.623684, 79.366658
93.377878, 80.908540
93.127671, 82.450470
92.873082, 83.992450
92.614127, 85.534481
92.350828, 87.076564
92.083202, 88.618701
91.811270, 90.160892
91.535052, 91.703140
91.254567, 93.245445
90.969836, 94.787810
90.680881, 96.330234
90.387722, 97.872721
90.090380, 99.415271
89.788879, 100.957887
89.483239, 102.500568
89.173484, 104.043318
88.859635, 105.586138
88.541716, 107.129029
88.219751, 108.671993
87.893762, 110.215032
87.563774, 111.758147
87.229812, 113.301341
86.891898, 114.844615
86.550059, 116.387972
86.204319, 117.931412
85.854704, 119.474938
85.501239, 121.018553
85.143951, 122.562257
84.782865, 124.106053
84.418007, 125.649944
84.049406, 127.193932
83.677087, 128.738018
83.301079, 130.282205
82.921408, 131.826495
82.538102, 133.370892
82.151190, 134.915397
81.760700, 136.460012
81.366661, 138.004741
80.969102, 139.549586
80.568051, 141.094550
80.163538, 142.639636
79.755593, 144.184846
79.344246, 145.730184
78.929527, 147.275652
78.511467, 148.821254
78.090095, 150.366993
77.665444, 151.912872
77.237544, 153.458894
76.806426, 155.005063
76.372123, 156.551383
75.934665, 158.097857
75.494086, 159.644489
75.050418, 161.191282
74.603693, 162.738241
74.153944, 164.285370
73.701204, 165.832673
73.245506, 167.380154
72.786884, 168.927818
72.325371, 170.475669
71.861002, 172.023713
71.393810, 173.571953
70.923830, 175.120395
70.451096, 176.669045
69.975643, 178.217907
69.497506, 179.766986
69.016720, 181.316290
68.533320, 182.865823
68.047343, 184.415591
67.558823, 185.965601
67.067796, 187.515859
66.574300, 189.066372
66.078369, 190.617146
65.580041, 192.168189
65.079351, 193.719508
64.576338, 195.271111
64.071038, 196.823005
63.563487, 198.375198
63.053724, 199.927700
62.541786, 201.480518
62.027711, 203.033662
61.511536, 204.587140
60.993300, 206.140963
60.473040, 207.695141
59.950795, 209.249683
59.426604, 210.804601
58.900505, 212.359906
58.372536, 213.915610
57.842738, 215.471723
57.311148, 217.028260
56.777806, 218.585233
56.242751, 220.142654
55.706023, 221.700540
55.167662, 223.258903
54.627707, 224.817759
54.086198, 226.377124
53.543175, 227.937014
52.998678, 229.497447
52.452748, 231.058441
51.905424, 232.620013
51.356748, 234.182183
50.806760, 235.744973
50.255500, 237.308402
49.703009, 238.872493
49.149330, 240.437269
48.594501, 242.002754
48.038565, 243.568973
47.481563, 245.135953
46.923536, 246.703722
46.364526, 248.272309
45.804574, 249.841743
45.243722, 251.412057
44.682012, 252.983285
44.119486, 254.555461
43.556184, 256.128622
42.992151, 257.702808
42.427427, 259.278058
41.862055, 260.854417
41.296078, 262.431929
40.729537, 264.010642
40.162475, 265.590606
39.594936, 267.171874
39.026961, 268.754503
38.458593, 270.338552
37.889876, 271.924084
37.320852, 273.511164
36.751565, 275.099864
36.182057, 276.690258
35.612372, 278.282425
35.042554, 279.876450
34.472646, 281.472421
33.902691, 283.070435
33.332735, 284.670591
32.762819, 286.273000
32.192989, 287.877775
31.623289, 289.485041
31.053763, 291.094929
30.484456, 292.707581
29.915413, 294.323149
29.346678, 295.941794
28.778297, 297.563691
28.210316, 299.189030
27.642779, 300.818013
27.075733, 302.450858
26.509225, 304.087802
25.943301, 305.729102
25.378007, 307.375035
24.813393, 309.025902
24.249505, 310.682032
23.686392, 312.343782
23.124103, 314.011541
22.562689, 315.685738
22.002199, 317.366839
21.442686, 319.055358
20.884201, 320.751861
20.326798, 322.456972
19.770532, 324.171380
19.215459, 325.895851
18.661637, 327.631236
18.109126, 329.378482
17.557987, 331.138650
17.008286, 332.912928
16.460088, 334.702655
15.913466, 336.509342
15.368494, 338.334700
14.825252, 340.180678
14.283823, 342.049501
13.744301, 343.943723
13.206783, 345.866286
12.671380, 347.820600
12.138210, 349.810635
11.607409, 351.841043
11.079128, 353.917302
10.553537, 356.045910
10.030837, 358.234626
9.511259, 0.492785
8.995075, 2.831706
8.482613, 5.265234
7.974269, 7.810460
7.470533, 10.488683
6.972016, 13.326733
6.479495, 16.358768
5.993972, 19.628771
5.516770, 23.194009
5.049656, 27.129831
4.595046, 31.536212
4.156296, 36.546321
3.738143, 42.336611
3.347347, 49.135368
2.993534, 57.219841
2.690081, 66.877698
2.454337, 78.290657
2.305644, 91.316859
2.259676, 105.287499
2.320996, 119.113082
2.480194, 131.774262
2.718781, 142.742094
3.016745, 151.979888
3.357187, 159.712815
3.727459, 166.232995
4.118579, 171.806999
4.524274, 176.649637
4.940150, 180.925529
5.363088, 184.758592
5.790838, 188.241885
6.221749, 191.445677
6.654583, 194.423504
7.088398, 197.216598
7.522463, 199.857072
7.956202, 202.370218
8.389156, 204.776172
8.820950, 207.091126
9.251277, 209.328232
9.679881, 211.498264
10.106544, 213.610126
10.531083, 215.671235
10.953339, 217.687810
11.373171, 219.665106
11.790458, 221.607588
12.205092, 223.519077
12.616974, 225.402855
13.026016, 227.261759
13.432139, 229.098256
13.835269, 230.914495
14.235339, 232.712360
14.632284, 234.493510
15.026047, 236.259408
15.416572, 238.011351
15.803807, 239.750494
16.187704, 241.477866
16.568215, 243.194389
16.945295, 244.900888
17.318903, 246.598109
17.688997, 248.286722
18.055538, 249.967336
18.418487, 251.640499
18.777809, 253.306714
19.133468, 254.966435
19.485429, 256.620078
19.833658, 258.268024
20.178125, 259.910620
20.518795, 261.548186
20.855640, 263.181016
21.188629, 264.809380
21.517731, 266.433527
21.842920, 268.053688
22.164166, 269.670075
22.481443, 271.282886
22.794722, 272.892303
23.103979, 274.498497
23.409187, 276.101624
23.710321, 277.701832
24.007356, 279.299258
24.300268, 280.894028
24.589033, 282.486263
24.873628, 284.076073
25.154030, 285.663562
25.430217, 287.248829
25.702166, 288.831963
25.969856, 290.413050
26.233266, 291.992171
26.492375, 293.569401
26.747163, 295.144811
26.997610, 296.718467
27.243697, 298.290432
27.485403, 299.860765
27.722712, 301.429520
27.955603, 302.996751
28.184060, 304.562505
28.408065, 306.126831
28.627601, 307.689770
28.842650, 309.251365
29.053197, 310.811654
29.259225, 312.370674
29.460719, 313.928459
29.657664, 315.485042
29.850044, 317.040453
30.037846, 318.594722
30.221054, 320.147875
30.399655, 321.699939
30.573636, 323.250937
30.742984, 324.800892
30.907686, 326.349825
31.067730, 327.897758
31.223103, 329.444708
31.373795, 330.990693
31.519794, 332.535730
31.661089, 334.079834
31.797670, 335.623020
31.929527, 337.165301
32.056649, 338.706690
32.179029, 340.247198
32.296656, 341.786836
32.409522, 343.325614
32.517619, 344.863541
32.620940, 346.400625
32.719475, 347.936874
32.813220, 349.472293
32.902166, 351.006890
32.986307, 352.540669
33.065638, 354.073634
33.140153, 355.605790
33.209846, 357.137140
33.274712, 358.667686
33.334748, 0.197430
33.389949, 1.726372
33.440311, 3.254515
33.485831, 4.781856
33.526506, 6.308396
33.562333, 7.834134
33.593310, 9.359066
33.619436, 10.883191
33.640708, 12.406505
33.657125, 13.929003
33.668687, 15.450683
33.675394, 16.971538
33.677245, 18.491562
33.674241, 20.010749
33.666383, 21.529091
33.653671, 23.046582
33.636107, 24.563212
33.613694, 26.078971
33.586434, 27.593851
33.554328, 29.107841
33.517381, 30.620928
33.475596, 32.133101
33.428976, 33.644347
33.377526, 35.154652
33.321250, 36.664002
33.260154, 38.172380
33.194242, 39.679772
33.123521, 41.186159
33.047997, 42.691523
32.967676, 44.195846
32.882565, 45.699106
32.792672, 47.201284
32.698004, 48.702357
32.598570, 50.202301
32.494377, 51.701092
32.385435, 53.198705
32.271754, 54.695111
32.153342, 56.190283
32.030211, 57.684191
31.902370, 59.176804
31.769830, 60.668089
31.632604, 62.158012
31.490702, 63.646537
31.344137, 65.133626
31.192921, 66.619239
31.037068, 68.103336
30.876591, 69.585872
30.711503, 71.066801
30.541820, 72.546077
30.367555, 74.023648
30.188725, 75.499462
30.005344, 76.973463
29.817428, 78.445592
29.624995, 79.915790
29.428062, 81.383990
29.226644, 82.850126
29.020762, 84.314125
28.810433, 85.775914
28.595675, 87.235413
28.376509, 88.692538
28.152954, 90.147202
27.925031, 91.599312
27.692761, 93.048770
27.456165, 94.495474
27.215266, 95.939314
26.970085, 97.380175
26.720647, 98.817934
26.466975, 100.252463
26.209093, 101.683626
25.947027, 103.111276
25.680803, 104.535260
25.410447, 105.955415
25.135986, 107.371567
24.857449, 108.783532
24.574864, 110.191112
24.288260, 111.594099
23.997669, 112.992269
23.703122, 114.385385
23.404651, 115.773191
23.102289, 117.155415
22.796072, 118.531766
22.486034, 119.901931
22.172212, 121.265575
21.854646, 122.622338
21.533374, 123.971833
21.208438, 125.313643
20.879880, 126.647318
20.547745, 127.972372
20.212079, 129.288282
19.872932, 130.594477
19.530353, 131.890343
19.184397, 133.175211
18.835119, 134.448352
18.482578, 135.708973
18.126837, 136.956211
17.767961, 138.189117
17.406022, 139.406658
17.041093, 140.607696
16.673255, 141.790981
16.302593, 142.955138
15.929198, 144.098645
15.553171, 145.219822
15.174618, 146.316803
14.793656, 147.387517
14.410412, 148.429655
14.025027, 149.440637
13.637653, 150.417576
13.248460, 151.357230
12.857638, 152.255949
12.465395, 153.109612
12.071969, 153.913557
11.677624, 154.662487
11.282662, 155.350377
10.887426, 155.970345
10.492307, 156.514517
10.097757, 156.973857
9.704297, 157.337969
9.312534, 157.594879
8.923178, 157.730765
8.537063, 157.729675
8.155174, 157.573195
7.778678, 157.240125
7.408966, 156.706161
7.047699, 155.943647
6.696860, 154.921503
6.358822, 153.605472
6.036408, 151.958923
5.732955, 149.944562
5.452360, 147.527452
5.199082, 144.679791
4.978074, 141.387661
4.794601, 137.659362
4.653921, 133.533868
4.560815, 129.086601
4.519043, 124.428978
4.530826, 119.699279
4.596534, 115.045608
4.714661, 110.605707
4.882112, 106.490092
5.094697, 102.773158
5.347663, 99.492945
5.636160, 96.657028
5.955567, 94.251005
6.301691, 92.246798
6.670840, 90.609352
7.059832, 89.301356
7.465966, 88.286228
7.886963, 87.529788
8.320909, 87.001049
8.766196, 86.672449
9.221475, 86.519771
9.685608, 86.521896
10.157633, 86.660483
10.636733, 86.919639
11.122210, 87.285599
11.613465, 87.746432
12.109982, 88.291785
12.611310, 88.912655
13.117060, 89.601196
13.626885, 90.350551
14.140484, 91.154716
14.657585, 92.008413
15.177948, 92.906995
15.701357, 93.846355
16.227615, 94.822854
16.756545, 95.833260
17.287985, 96.874695
17.821787, 97.944586
18.357813, 99.040631
18.895937, 100.160764
19.436040, 101.303124
19.978012, 102.466034
20.521750, 103.647978
21.067155, 104.847583
21.614136, 106.063602
22.162605, 107.294899
22.712478, 108.540442
23.263676, 109.799287
23.816122, 111.070569
24.369742, 112.353496
24.924465, 113.647344
25.480223, 114.951442
26.036950, 116.265176
26.594580, 117.587977
27.153052, 118.919322
27.712303, 120.258726
28.272274, 121.605738
28.832907, 122.959941
29.394144, 124.320949
29.955929, 125.688401
30.518207, 127.061962
31.080923, 128.441319
31.644023, 129.826180
32.207456, 131.216272
32.771169, 132.611341
33.335111, 134.011147
33.899231, 135.415466
34.463478, 136.824089
35.027803, 138.236818
35.592157, 139.653468
36.156491, 141.073864
36.720756, 142.497842
37.284906, 143.925248
37.848891, 145.355934
38.412665, 146.789764
38.976181, 148.226606
39.539392, 149.666338
40.102253, 151.108844
40.664716, 152.554013
41.226737, 154.001739
41.788270, 155.451925
42.349269, 156.904477
42.909690, 158.359304
43.469488, 159.816322
44.028617, 161.275451
44.587035, 162.736613
45.144697, 164.199736
45.701558, 165.664751
46.257576, 167.131590
46.812706, 168.600191
47.366905, 170.070493
47.920130, 171.542439
48.472339, 173.015975
49.023487, 174.491047
49.573533, 175.967606
50.122434, 177.445603
50.670148, 178.924993
51.216633, 180.405731
51.761846, 181.887777
52.305745, 183.371089
52.848291, 184.855628
53.389439, 186.341359
53.929151, 187.828245
54.467383, 189.316252
55.004096, 190.805348
55.539248, 192.295502
56.072800, 193.786682
56.604709, 195.278860
57.134937, 196.772009
57.663443, 198.266100
58.190187, 199.761110
58.715129, 201.257012
59.238229, 202.753783
59.759449, 204.251400
60.278748, 205.749841
60.796088, 207.249084
61.311430, 208.749109
61.824735, 210.249896
62.335965, 211.751426
62.845081, 213.253680
63.352044, 214.756641
63.856818, 216.260291
64.359363, 217.764614
64.859643, 219.269593
65.357620, 220.775214
65.853256, 222.281461
66.346516, 223.788320
66.837360, 225.295777
67.325754, 226.803818
67.811661, 228.312431
68.295044, 229.821602
68.775867, 231.331319
69.254094, 232.841571
69.729690, 234.352346
70.202619, 235.863633
70.672846, 237.375421
71.140336, 238.887701
71.605054, 240.400461
72.066966, 241.913692
72.526037, 243.427385
##END=
