##TITLE= Parameter file, TopSpin 4.3.0
##JCAMPDX= 5.0
##DATATYPE= Parameter Values
##ORIGIN= Bruker BioSpin GmbH
##OWNER= nmrsu
$$ 2024-05-09 14:27:39.542 +0100  nmrsu@4CE1161FJM
$$ C:/Bruker/TopSpin4.3.0/exp/stan/nmr/lists/wave/user/multisupp_aux_d8
$$ process C:\Bruker\TopSpin4.3.0\prog\mod\xwinshape.exe
##MINX= 0.41138300
##MAXX= 99.99938900
##MINY= 0.42576500
##MAXY= 359.57423500
##$SHAPE_ADDPHASE= 0
##$SHAPE_AMP= 99.99938935
##$SHAPE_BWFAC= 0
##$SHAPE_BWFAC50= 0
##$SHAPE_CALCBW= yes
##$SHAPE_CALCINTEG= yes
##$SHAPE_EXMODE= <Excitation>
##$SHAPE_EXPAND= <>
##$SHAPE_EXPANDCF= (0..143)
0 0 0 0 0 0 0 0 0 0 0 0 0 0 0 0 0 0 0 0 0 0 0 0 0 0 0 0 0 0 0 0 0 0 0 0
0 0 0 0 0 0 0 0 0 0 0 0 0 0 0 0 0 0 0 0 0 0 0 0 0 0 0 0 0 0 0 0 0 0 0 0
0 0 0 0 0 0 0 0 0 0 0 0 0 0 0 0 0 0 0 0 0 0 0 0 0 0 0 0 0 0 0 0 0 0 0 0
0 0 0 0 0 0 0 0 0 0 0 0 0 0 0 0 0 0 0 0 0 0 0 0 0 0 0 0 0 0 0 0 0 0 0 0
##$SHAPE_EXPFAC= 0
##$SHAPE_FRACEND= 0
##$SHAPE_FRACORG= 0
##$SHAPE_FRACSTART= 0
##$SHAPE_INTEGFAC= 0
##$SHAPE_KEEPRES= yes
##$SHAPE_LENGTH= 25000.000373
##$SHAPE_MAN= <M>
##$SHAPE_MODE= 3
##$SHAPE_MODFREQ= 0
##$SHAPE_MODPHASE= 0
##$SHAPE_MODSCALE= 0
##$SHAPE_MODSW= 0
##$SHAPE_MODSWDIR= -1
##$SHAPE_NPOINTS= 1250
##$SHAPE_OFFS= <1 3>
##$SHAPE_OFFSCOEFF= (0..95)
-159.95044 0 100 -227.67624 0 100 -296.19003 0 100 0 0 0 0 0 0 0 0 0 0
0 0 0 0 0 0 0 0 0 0 0 0 0 0 0 0 0 0 0 0 0 0 0 0 0 0 0 0 0 0 0 0 0 0 0 0
0 0 0 0 0 0 0 0 0 0 0 0 0 0 0 0 0 0 0 0 0 0 0 0 0 0 0 0 0 0 0 0 0 0 0 0
0 0 0 0 0
##$SHAPE_PARAMETER= <>
##$SHAPE_REPHFAC= 0
##$SHAPE_RES= 0
##$SHAPE_SCALEFAC= 1.00000611
##$SHAPE_SCALETYPE= 0
##$SHAPE_SPOAL= 0
##$SHAPE_SPOFFS= 0
##$SHAPE_SPOPH= 0
##$SHAPE_TOTROT= 90
##$SHAPE_TYPE= <Excitation>
##$SHAPE_USER_DEF= <>
##$SHAPE_VERSION= 2.1
##$SHL_ADDPHASE= (0..15)
0 0 0 0 0 0 0 0 0 0 0 0 0 0 0 0
##$SHL_ALIGNOFFSET= (0..15)
0 0 0 0 0 0 0 0 0 0 0 0 0 0 0 0
##$SHL_AMP= (0..15)
100 0 0 0 0 0 0 0 0 0 0 0 0 0 0 0
##$SHL_AMPFAC= (0..15)
0 0 0 0 0 0 0 0 0 0 0 0 0 0 0 0
##$SHL_BETA= (0..15)
0 0 0 0 0 0 0 0 0 0 0 0 0 0 0 0
##$SHL_BWFAC= (0..15)
1.116 0 0 0 0 0 0 0 0 0 0 0 0 0 0 0
##$SHL_CALCBW= (0..15)
yes yes yes yes yes yes yes yes yes yes yes yes yes yes yes yes
##$SHL_CALCINTEG= (0..15)
yes yes yes yes yes yes yes yes yes yes yes yes yes yes yes yes
##$SHL_CENTERAMP= (0..15)
0 0 0 0 0 0 0 0 0 0 0 0 0 0 0 0
##$SHL_CYCNUM= (0..15)
0 0 0 0 0 0 0 0 0 0 0 0 0 0 0 0
##$SHL_DIPOLCPL= (0..15)
0 0 0 0 0 0 0 0 0 0 0 0 0 0 0 0
##$SHL_ENDAMP= (0..15)
0 0 0 0 0 0 0 0 0 0 0 0 0 0 0 0
##$SHL_EXMODE= (0..15)
<Excitation> <> <> <> <> <> <> <> <> <> <> <> <> <> <> <>
##$SHL_EXPAND= (0..15)
<> <> <> <> <> <> <> <> <> <> <> <> <> <> <> <>
##$SHL_EXPANDCF0= (0..143)
0 0 0 0 0 0 0 0 0 0 0 0 0 0 0 0 0 0 0 0 0 0 0 0 0 0 0 0 0 0 0 0 0 0 0 0
0 0 0 0 0 0 0 0 0 0 0 0 0 0 0 0 0 0 0 0 0 0 0 0 0 0 0 0 0 0 0 0 0 0 0 0
0 0 0 0 0 0 0 0 0 0 0 0 0 0 0 0 0 0 0 0 0 0 0 0 0 0 0 0 0 0 0 0 0 0 0 0
0 0 0 0 0 0 0 0 0 0 0 0 0 0 0 0 0 0 0 0 0 0 0 0 0 0 0 0 0 0 0 0 0 0 0 0
##$SHL_EXPANDCF1= (0..143)
0 0 0 0 0 0 0 0 0 0 0 0 0 0 0 0 0 0 0 0 0 0 0 0 0 0 0 0 0 0 0 0 0 0 0 0
0 0 0 0 0 0 0 0 0 0 0 0 0 0 0 0 0 0 0 0 0 0 0 0 0 0 0 0 0 0 0 0 0 0 0 0
0 0 0 0 0 0 0 0 0 0 0 0 0 0 0 0 0 0 0 0 0 0 0 0 0 0 0 0 0 0 0 0 0 0 0 0
0 0 0 0 0 0 0 0 0 0 0 0 0 0 0 0 0 0 0 0 0 0 0 0 0 0 0 0 0 0 0 0 0 0 0 0
##$SHL_EXPANDCF10= (0..143)
0 0 0 0 0 0 0 0 0 0 0 0 0 0 0 0 0 0 0 0 0 0 0 0 0 0 0 0 0 0 0 0 0 0 0 0
0 0 0 0 0 0 0 0 0 0 0 0 0 0 0 0 0 0 0 0 0 0 0 0 0 0 0 0 0 0 0 0 0 0 0 0
0 0 0 0 0 0 0 0 0 0 0 0 0 0 0 0 0 0 0 0 0 0 0 0 0 0 0 0 0 0 0 0 0 0 0 0
0 0 0 0 0 0 0 0 0 0 0 0 0 0 0 0 0 0 0 0 0 0 0 0 0 0 0 0 0 0 0 0 0 0 0 0
##$SHL_EXPANDCF11= (0..143)
0 0 0 0 0 0 0 0 0 0 0 0 0 0 0 0 0 0 0 0 0 0 0 0 0 0 0 0 0 0 0 0 0 0 0 0
0 0 0 0 0 0 0 0 0 0 0 0 0 0 0 0 0 0 0 0 0 0 0 0 0 0 0 0 0 0 0 0 0 0 0 0
0 0 0 0 0 0 0 0 0 0 0 0 0 0 0 0 0 0 0 0 0 0 0 0 0 0 0 0 0 0 0 0 0 0 0 0
0 0 0 0 0 0 0 0 0 0 0 0 0 0 0 0 0 0 0 0 0 0 0 0 0 0 0 0 0 0 0 0 0 0 0 0
##$SHL_EXPANDCF12= (0..143)
0 0 0 0 0 0 0 0 0 0 0 0 0 0 0 0 0 0 0 0 0 0 0 0 0 0 0 0 0 0 0 0 0 0 0 0
0 0 0 0 0 0 0 0 0 0 0 0 0 0 0 0 0 0 0 0 0 0 0 0 0 0 0 0 0 0 0 0 0 0 0 0
0 0 0 0 0 0 0 0 0 0 0 0 0 0 0 0 0 0 0 0 0 0 0 0 0 0 0 0 0 0 0 0 0 0 0 0
0 0 0 0 0 0 0 0 0 0 0 0 0 0 0 0 0 0 0 0 0 0 0 0 0 0 0 0 0 0 0 0 0 0 0 0
##$SHL_EXPANDCF13= (0..143)
0 0 0 0 0 0 0 0 0 0 0 0 0 0 0 0 0 0 0 0 0 0 0 0 0 0 0 0 0 0 0 0 0 0 0 0
0 0 0 0 0 0 0 0 0 0 0 0 0 0 0 0 0 0 0 0 0 0 0 0 0 0 0 0 0 0 0 0 0 0 0 0
0 0 0 0 0 0 0 0 0 0 0 0 0 0 0 0 0 0 0 0 0 0 0 0 0 0 0 0 0 0 0 0 0 0 0 0
0 0 0 0 0 0 0 0 0 0 0 0 0 0 0 0 0 0 0 0 0 0 0 0 0 0 0 0 0 0 0 0 0 0 0 0
##$SHL_EXPANDCF14= (0..143)
0 0 0 0 0 0 0 0 0 0 0 0 0 0 0 0 0 0 0 0 0 0 0 0 0 0 0 0 0 0 0 0 0 0 0 0
0 0 0 0 0 0 0 0 0 0 0 0 0 0 0 0 0 0 0 0 0 0 0 0 0 0 0 0 0 0 0 0 0 0 0 0
0 0 0 0 0 0 0 0 0 0 0 0 0 0 0 0 0 0 0 0 0 0 0 0 0 0 0 0 0 0 0 0 0 0 0 0
0 0 0 0 0 0 0 0 0 0 0 0 0 0 0 0 0 0 0 0 0 0 0 0 0 0 0 0 0 0 0 0 0 0 0 0
##$SHL_EXPANDCF15= (0..143)
0 0 0 0 0 0 0 0 0 0 0 0 0 0 0 0 0 0 0 0 0 0 0 0 0 0 0 0 0 0 0 0 0 0 0 0
0 0 0 0 0 0 0 0 0 0 0 0 0 0 0 0 0 0 0 0 0 0 0 0 0 0 0 0 0 0 0 0 0 0 0 0
0 0 0 0 0 0 0 0 0 0 0 0 0 0 0 0 0 0 0 0 0 0 0 0 0 0 0 0 0 0 0 0 0 0 0 0
0 0 0 0 0 0 0 0 0 0 0 0 0 0 0 0 0 0 0 0 0 0 0 0 0 0 0 0 0 0 0 0 0 0 0 0
##$SHL_EXPANDCF2= (0..143)
0 0 0 0 0 0 0 0 0 0 0 0 0 0 0 0 0 0 0 0 0 0 0 0 0 0 0 0 0 0 0 0 0 0 0 0
0 0 0 0 0 0 0 0 0 0 0 0 0 0 0 0 0 0 0 0 0 0 0 0 0 0 0 0 0 0 0 0 0 0 0 0
0 0 0 0 0 0 0 0 0 0 0 0 0 0 0 0 0 0 0 0 0 0 0 0 0 0 0 0 0 0 0 0 0 0 0 0
0 0 0 0 0 0 0 0 0 0 0 0 0 0 0 0 0 0 0 0 0 0 0 0 0 0 0 0 0 0 0 0 0 0 0 0
##$SHL_EXPANDCF3= (0..143)
0 0 0 0 0 0 0 0 0 0 0 0 0 0 0 0 0 0 0 0 0 0 0 0 0 0 0 0 0 0 0 0 0 0 0 0
0 0 0 0 0 0 0 0 0 0 0 0 0 0 0 0 0 0 0 0 0 0 0 0 0 0 0 0 0 0 0 0 0 0 0 0
0 0 0 0 0 0 0 0 0 0 0 0 0 0 0 0 0 0 0 0 0 0 0 0 0 0 0 0 0 0 0 0 0 0 0 0
0 0 0 0 0 0 0 0 0 0 0 0 0 0 0 0 0 0 0 0 0 0 0 0 0 0 0 0 0 0 0 0 0 0 0 0
##$SHL_EXPANDCF4= (0..143)
0 0 0 0 0 0 0 0 0 0 0 0 0 0 0 0 0 0 0 0 0 0 0 0 0 0 0 0 0 0 0 0 0 0 0 0
0 0 0 0 0 0 0 0 0 0 0 0 0 0 0 0 0 0 0 0 0 0 0 0 0 0 0 0 0 0 0 0 0 0 0 0
0 0 0 0 0 0 0 0 0 0 0 0 0 0 0 0 0 0 0 0 0 0 0 0 0 0 0 0 0 0 0 0 0 0 0 0
0 0 0 0 0 0 0 0 0 0 0 0 0 0 0 0 0 0 0 0 0 0 0 0 0 0 0 0 0 0 0 0 0 0 0 0
##$SHL_EXPANDCF5= (0..143)
0 0 0 0 0 0 0 0 0 0 0 0 0 0 0 0 0 0 0 0 0 0 0 0 0 0 0 0 0 0 0 0 0 0 0 0
0 0 0 0 0 0 0 0 0 0 0 0 0 0 0 0 0 0 0 0 0 0 0 0 0 0 0 0 0 0 0 0 0 0 0 0
0 0 0 0 0 0 0 0 0 0 0 0 0 0 0 0 0 0 0 0 0 0 0 0 0 0 0 0 0 0 0 0 0 0 0 0
0 0 0 0 0 0 0 0 0 0 0 0 0 0 0 0 0 0 0 0 0 0 0 0 0 0 0 0 0 0 0 0 0 0 0 0
##$SHL_EXPANDCF6= (0..143)
0 0 0 0 0 0 0 0 0 0 0 0 0 0 0 0 0 0 0 0 0 0 0 0 0 0 0 0 0 0 0 0 0 0 0 0
0 0 0 0 0 0 0 0 0 0 0 0 0 0 0 0 0 0 0 0 0 0 0 0 0 0 0 0 0 0 0 0 0 0 0 0
0 0 0 0 0 0 0 0 0 0 0 0 0 0 0 0 0 0 0 0 0 0 0 0 0 0 0 0 0 0 0 0 0 0 0 0
0 0 0 0 0 0 0 0 0 0 0 0 0 0 0 0 0 0 0 0 0 0 0 0 0 0 0 0 0 0 0 0 0 0 0 0
##$SHL_EXPANDCF7= (0..143)
0 0 0 0 0 0 0 0 0 0 0 0 0 0 0 0 0 0 0 0 0 0 0 0 0 0 0 0 0 0 0 0 0 0 0 0
0 0 0 0 0 0 0 0 0 0 0 0 0 0 0 0 0 0 0 0 0 0 0 0 0 0 0 0 0 0 0 0 0 0 0 0
0 0 0 0 0 0 0 0 0 0 0 0 0 0 0 0 0 0 0 0 0 0 0 0 0 0 0 0 0 0 0 0 0 0 0 0
0 0 0 0 0 0 0 0 0 0 0 0 0 0 0 0 0 0 0 0 0 0 0 0 0 0 0 0 0 0 0 0 0 0 0 0
##$SHL_EXPANDCF8= (0..143)
0 0 0 0 0 0 0 0 0 0 0 0 0 0 0 0 0 0 0 0 0 0 0 0 0 0 0 0 0 0 0 0 0 0 0 0
0 0 0 0 0 0 0 0 0 0 0 0 0 0 0 0 0 0 0 0 0 0 0 0 0 0 0 0 0 0 0 0 0 0 0 0
0 0 0 0 0 0 0 0 0 0 0 0 0 0 0 0 0 0 0 0 0 0 0 0 0 0 0 0 0 0 0 0 0 0 0 0
0 0 0 0 0 0 0 0 0 0 0 0 0 0 0 0 0 0 0 0 0 0 0 0 0 0 0 0 0 0 0 0 0 0 0 0
##$SHL_EXPANDCF9= (0..143)
0 0 0 0 0 0 0 0 0 0 0 0 0 0 0 0 0 0 0 0 0 0 0 0 0 0 0 0 0 0 0 0 0 0 0 0
0 0 0 0 0 0 0 0 0 0 0 0 0 0 0 0 0 0 0 0 0 0 0 0 0 0 0 0 0 0 0 0 0 0 0 0
0 0 0 0 0 0 0 0 0 0 0 0 0 0 0 0 0 0 0 0 0 0 0 0 0 0 0 0 0 0 0 0 0 0 0 0
0 0 0 0 0 0 0 0 0 0 0 0 0 0 0 0 0 0 0 0 0 0 0 0 0 0 0 0 0 0 0 0 0 0 0 0
##$SHL_EXPFAC= (0..15)
0 0 0 0 0 0 0 0 0 0 0 0 0 0 0 0
##$SHL_FRACEND= (0..15)
0 0 0 0 0 0 0 0 0 0 0 0 0 0 0 0
##$SHL_FRACORG= (0..15)
0 0 0 0 0 0 0 0 0 0 0 0 0 0 0 0
##$SHL_FRACSTART= (0..15)
0 0 0 0 0 0 0 0 0 0 0 0 0 0 0 0
##$SHL_FULLHALF= (0..15)
0 0 0 0 0 0 0 0 0 0 0 0 0 0 0 0
##$SHL_FUNCAMP= (0..15)
100 0 0 0 0 0 0 0 0 0 0 0 0 0 0 0
##$SHL_FUNCTION= (0..15)
<Rectangle> <> <> <> <> <> <> <> <> <> <> <> <> <> <> <>
##$SHL_GCO= (0..15)
<> <> <> <> <> <> <> <> <> <> <> <> <> <> <> <>
##$SHL_GCOCOEFFS0= (0..59)
0 0 0 0 0 0 0 0 0 0 0 0 0 0 0 0 0 0 0 0 0 0 0 0 0 0 0 0 0 0 0 0 0 0 0 0
0 0 0 0 0 0 0 0 0 0 0 0 0 0 0 0 0 0 0 0 0 0 0 0
##$SHL_GCOCOEFFS1= (0..59)
0 0 0 0 0 0 0 0 0 0 0 0 0 0 0 0 0 0 0 0 0 0 0 0 0 0 0 0 0 0 0 0 0 0 0 0
0 0 0 0 0 0 0 0 0 0 0 0 0 0 0 0 0 0 0 0 0 0 0 0
##$SHL_GCOCOEFFS10= (0..59)
0 0 0 0 0 0 0 0 0 0 0 0 0 0 0 0 0 0 0 0 0 0 0 0 0 0 0 0 0 0 0 0 0 0 0 0
0 0 0 0 0 0 0 0 0 0 0 0 0 0 0 0 0 0 0 0 0 0 0 0
##$SHL_GCOCOEFFS11= (0..59)
0 0 0 0 0 0 0 0 0 0 0 0 0 0 0 0 0 0 0 0 0 0 0 0 0 0 0 0 0 0 0 0 0 0 0 0
0 0 0 0 0 0 0 0 0 0 0 0 0 0 0 0 0 0 0 0 0 0 0 0
##$SHL_GCOCOEFFS12= (0..59)
0 0 0 0 0 0 0 0 0 0 0 0 0 0 0 0 0 0 0 0 0 0 0 0 0 0 0 0 0 0 0 0 0 0 0 0
0 0 0 0 0 0 0 0 0 0 0 0 0 0 0 0 0 0 0 0 0 0 0 0
##$SHL_GCOCOEFFS13= (0..59)
0 0 0 0 0 0 0 0 0 0 0 0 0 0 0 0 0 0 0 0 0 0 0 0 0 0 0 0 0 0 0 0 0 0 0 0
0 0 0 0 0 0 0 0 0 0 0 0 0 0 0 0 0 0 0 0 0 0 0 0
##$SHL_GCOCOEFFS14= (0..59)
0 0 0 0 0 0 0 0 0 0 0 0 0 0 0 0 0 0 0 0 0 0 0 0 0 0 0 0 0 0 0 0 0 0 0 0
0 0 0 0 0 0 0 0 0 0 0 0 0 0 0 0 0 0 0 0 0 0 0 0
##$SHL_GCOCOEFFS15= (0..59)
0 0 0 0 0 0 0 0 0 0 0 0 0 0 0 0 0 0 0 0 0 0 0 0 0 0 0 0 0 0 0 0 0 0 0 0
0 0 0 0 0 0 0 0 0 0 0 0 0 0 0 0 0 0 0 0 0 0 0 0
##$SHL_GCOCOEFFS2= (0..59)
0 0 0 0 0 0 0 0 0 0 0 0 0 0 0 0 0 0 0 0 0 0 0 0 0 0 0 0 0 0 0 0 0 0 0 0
0 0 0 0 0 0 0 0 0 0 0 0 0 0 0 0 0 0 0 0 0 0 0 0
##$SHL_GCOCOEFFS3= (0..59)
0 0 0 0 0 0 0 0 0 0 0 0 0 0 0 0 0 0 0 0 0 0 0 0 0 0 0 0 0 0 0 0 0 0 0 0
0 0 0 0 0 0 0 0 0 0 0 0 0 0 0 0 0 0 0 0 0 0 0 0
##$SHL_GCOCOEFFS4= (0..59)
0 0 0 0 0 0 0 0 0 0 0 0 0 0 0 0 0 0 0 0 0 0 0 0 0 0 0 0 0 0 0 0 0 0 0 0
0 0 0 0 0 0 0 0 0 0 0 0 0 0 0 0 0 0 0 0 0 0 0 0
##$SHL_GCOCOEFFS5= (0..59)
0 0 0 0 0 0 0 0 0 0 0 0 0 0 0 0 0 0 0 0 0 0 0 0 0 0 0 0 0 0 0 0 0 0 0 0
0 0 0 0 0 0 0 0 0 0 0 0 0 0 0 0 0 0 0 0 0 0 0 0
##$SHL_GCOCOEFFS6= (0..59)
0 0 0 0 0 0 0 0 0 0 0 0 0 0 0 0 0 0 0 0 0 0 0 0 0 0 0 0 0 0 0 0 0 0 0 0
0 0 0 0 0 0 0 0 0 0 0 0 0 0 0 0 0 0 0 0 0 0 0 0
##$SHL_GCOCOEFFS7= (0..59)
0 0 0 0 0 0 0 0 0 0 0 0 0 0 0 0 0 0 0 0 0 0 0 0 0 0 0 0 0 0 0 0 0 0 0 0
0 0 0 0 0 0 0 0 0 0 0 0 0 0 0 0 0 0 0 0 0 0 0 0
##$SHL_GCOCOEFFS8= (0..59)
0 0 0 0 0 0 0 0 0 0 0 0 0 0 0 0 0 0 0 0 0 0 0 0 0 0 0 0 0 0 0 0 0 0 0 0
0 0 0 0 0 0 0 0 0 0 0 0 0 0 0 0 0 0 0 0 0 0 0 0
##$SHL_GCOCOEFFS9= (0..59)
0 0 0 0 0 0 0 0 0 0 0 0 0 0 0 0 0 0 0 0 0 0 0 0 0 0 0 0 0 0 0 0 0 0 0 0
0 0 0 0 0 0 0 0 0 0 0 0 0 0 0 0 0 0 0 0 0 0 0 0
##$SHL_INTEGFAC= (0..15)
1 0 0 0 0 0 0 0 0 0 0 0 0 0 0 0
##$SHL_LB= (0..15)
0 0 0 0 0 0 0 0 0 0 0 0 0 0 0 0
##$SHL_LEFTLIMIT= (0..15)
0 0 0 0 0 0 0 0 0 0 0 0 0 0 0 0
##$SHL_LENGTH= (0..15)
25000.000373 0 0 0 0 0 0 0 0 0 0 0 0 0 0 0
##$SHL_MAN= (0..15)
<> <> <> <> <> <> <> <> <> <> <> <> <> <> <> <>
##$SHL_MEANAMP= (0..15)
0 0 0 0 0 0 0 0 0 0 0 0 0 0 0 0
##$SHL_MODAMP= (0..15)
0 0 0 0 0 0 0 0 0 0 0 0 0 0 0 0
##$SHL_MODE= (0..15)
0 0 0 0 0 0 0 0 0 0 0 0 0 0 0 0
##$SHL_MODFREQ= (0..15)
0 0 0 0 0 0 0 0 0 0 0 0 0 0 0 0
##$SHL_MODPHASE= (0..15)
0 0 0 0 0 0 0 0 0 0 0 0 0 0 0 0
##$SHL_MODSCALE= (0..15)
0 0 0 0 0 0 0 0 0 0 0 0 0 0 0 0
##$SHL_MODSW= (0..15)
0 0 0 0 0 0 0 0 0 0 0 0 0 0 0 0
##$SHL_MODSWDIR= (0..15)
-1 -1 -1 -1 -1 -1 -1 -1 -1 -1 -1 -1 -1 -1 -1 -1
##$SHL_MU= (0..15)
0 0 0 0 0 0 0 0 0 0 0 0 0 0 0 0
##$SHL_NPOINTS= (0..15)
1250 0 0 0 0 0 0 0 0 0 0 0 0 0 0 0
##$SHL_OFFS= (0..15)
<> <> <> <> <> <> <> <> <> <> <> <> <> <> <> <>
##$SHL_OFFSCOEFF0= (0..95)
0 0 0 0 0 0 0 0 0 0 0 0 0 0 0 0 0 0 0 0 0 0 0 0 0 0 0 0 0 0 0 0 0 0 0 0
0 0 0 0 0 0 0 0 0 0 0 0 0 0 0 0 0 0 0 0 0 0 0 0 0 0 0 0 0 0 0 0 0 0 0 0
0 0 0 0 0 0 0 0 0 0 0 0 0 0 0 0 0 0 0 0 0 0 0 0
##$SHL_OFFSCOEFF1= (0..95)
0 0 0 0 0 0 0 0 0 0 0 0 0 0 0 0 0 0 0 0 0 0 0 0 0 0 0 0 0 0 0 0 0 0 0 0
0 0 0 0 0 0 0 0 0 0 0 0 0 0 0 0 0 0 0 0 0 0 0 0 0 0 0 0 0 0 0 0 0 0 0 0
0 0 0 0 0 0 0 0 0 0 0 0 0 0 0 0 0 0 0 0 0 0 0 0
##$SHL_OFFSCOEFF10= (0..95)
0 0 0 0 0 0 0 0 0 0 0 0 0 0 0 0 0 0 0 0 0 0 0 0 0 0 0 0 0 0 0 0 0 0 0 0
0 0 0 0 0 0 0 0 0 0 0 0 0 0 0 0 0 0 0 0 0 0 0 0 0 0 0 0 0 0 0 0 0 0 0 0
0 0 0 0 0 0 0 0 0 0 0 0 0 0 0 0 0 0 0 0 0 0 0 0
##$SHL_OFFSCOEFF11= (0..95)
0 0 0 0 0 0 0 0 0 0 0 0 0 0 0 0 0 0 0 0 0 0 0 0 0 0 0 0 0 0 0 0 0 0 0 0
0 0 0 0 0 0 0 0 0 0 0 0 0 0 0 0 0 0 0 0 0 0 0 0 0 0 0 0 0 0 0 0 0 0 0 0
0 0 0 0 0 0 0 0 0 0 0 0 0 0 0 0 0 0 0 0 0 0 0 0
##$SHL_OFFSCOEFF12= (0..95)
0 0 0 0 0 0 0 0 0 0 0 0 0 0 0 0 0 0 0 0 0 0 0 0 0 0 0 0 0 0 0 0 0 0 0 0
0 0 0 0 0 0 0 0 0 0 0 0 0 0 0 0 0 0 0 0 0 0 0 0 0 0 0 0 0 0 0 0 0 0 0 0
0 0 0 0 0 0 0 0 0 0 0 0 0 0 0 0 0 0 0 0 0 0 0 0
##$SHL_OFFSCOEFF13= (0..95)
0 0 0 0 0 0 0 0 0 0 0 0 0 0 0 0 0 0 0 0 0 0 0 0 0 0 0 0 0 0 0 0 0 0 0 0
0 0 0 0 0 0 0 0 0 0 0 0 0 0 0 0 0 0 0 0 0 0 0 0 0 0 0 0 0 0 0 0 0 0 0 0
0 0 0 0 0 0 0 0 0 0 0 0 0 0 0 0 0 0 0 0 0 0 0 0
##$SHL_OFFSCOEFF14= (0..95)
0 0 0 0 0 0 0 0 0 0 0 0 0 0 0 0 0 0 0 0 0 0 0 0 0 0 0 0 0 0 0 0 0 0 0 0
0 0 0 0 0 0 0 0 0 0 0 0 0 0 0 0 0 0 0 0 0 0 0 0 0 0 0 0 0 0 0 0 0 0 0 0
0 0 0 0 0 0 0 0 0 0 0 0 0 0 0 0 0 0 0 0 0 0 0 0
##$SHL_OFFSCOEFF15= (0..95)
0 0 0 0 0 0 0 0 0 0 0 0 0 0 0 0 0 0 0 0 0 0 0 0 0 0 0 0 0 0 0 0 0 0 0 0
0 0 0 0 0 0 0 0 0 0 0 0 0 0 0 0 0 0 0 0 0 0 0 0 0 0 0 0 0 0 0 0 0 0 0 0
0 0 0 0 0 0 0 0 0 0 0 0 0 0 0 0 0 0 0 0 0 0 0 0
##$SHL_OFFSCOEFF2= (0..95)
0 0 0 0 0 0 0 0 0 0 0 0 0 0 0 0 0 0 0 0 0 0 0 0 0 0 0 0 0 0 0 0 0 0 0 0
0 0 0 0 0 0 0 0 0 0 0 0 0 0 0 0 0 0 0 0 0 0 0 0 0 0 0 0 0 0 0 0 0 0 0 0
0 0 0 0 0 0 0 0 0 0 0 0 0 0 0 0 0 0 0 0 0 0 0 0
##$SHL_OFFSCOEFF3= (0..95)
0 0 0 0 0 0 0 0 0 0 0 0 0 0 0 0 0 0 0 0 0 0 0 0 0 0 0 0 0 0 0 0 0 0 0 0
0 0 0 0 0 0 0 0 0 0 0 0 0 0 0 0 0 0 0 0 0 0 0 0 0 0 0 0 0 0 0 0 0 0 0 0
0 0 0 0 0 0 0 0 0 0 0 0 0 0 0 0 0 0 0 0 0 0 0 0
##$SHL_OFFSCOEFF4= (0..95)
0 0 0 0 0 0 0 0 0 0 0 0 0 0 0 0 0 0 0 0 0 0 0 0 0 0 0 0 0 0 0 0 0 0 0 0
0 0 0 0 0 0 0 0 0 0 0 0 0 0 0 0 0 0 0 0 0 0 0 0 0 0 0 0 0 0 0 0 0 0 0 0
0 0 0 0 0 0 0 0 0 0 0 0 0 0 0 0 0 0 0 0 0 0 0 0
##$SHL_OFFSCOEFF5= (0..95)
0 0 0 0 0 0 0 0 0 0 0 0 0 0 0 0 0 0 0 0 0 0 0 0 0 0 0 0 0 0 0 0 0 0 0 0
0 0 0 0 0 0 0 0 0 0 0 0 0 0 0 0 0 0 0 0 0 0 0 0 0 0 0 0 0 0 0 0 0 0 0 0
0 0 0 0 0 0 0 0 0 0 0 0 0 0 0 0 0 0 0 0 0 0 0 0
##$SHL_OFFSCOEFF6= (0..95)
0 0 0 0 0 0 0 0 0 0 0 0 0 0 0 0 0 0 0 0 0 0 0 0 0 0 0 0 0 0 0 0 0 0 0 0
0 0 0 0 0 0 0 0 0 0 0 0 0 0 0 0 0 0 0 0 0 0 0 0 0 0 0 0 0 0 0 0 0 0 0 0
0 0 0 0 0 0 0 0 0 0 0 0 0 0 0 0 0 0 0 0 0 0 0 0
##$SHL_OFFSCOEFF7= (0..95)
0 0 0 0 0 0 0 0 0 0 0 0 0 0 0 0 0 0 0 0 0 0 0 0 0 0 0 0 0 0 0 0 0 0 0 0
0 0 0 0 0 0 0 0 0 0 0 0 0 0 0 0 0 0 0 0 0 0 0 0 0 0 0 0 0 0 0 0 0 0 0 0
0 0 0 0 0 0 0 0 0 0 0 0 0 0 0 0 0 0 0 0 0 0 0 0
##$SHL_OFFSCOEFF8= (0..95)
0 0 0 0 0 0 0 0 0 0 0 0 0 0 0 0 0 0 0 0 0 0 0 0 0 0 0 0 0 0 0 0 0 0 0 0
0 0 0 0 0 0 0 0 0 0 0 0 0 0 0 0 0 0 0 0 0 0 0 0 0 0 0 0 0 0 0 0 0 0 0 0
0 0 0 0 0 0 0 0 0 0 0 0 0 0 0 0 0 0 0 0 0 0 0 0
##$SHL_OFFSCOEFF9= (0..95)
0 0 0 0 0 0 0 0 0 0 0 0 0 0 0 0 0 0 0 0 0 0 0 0 0 0 0 0 0 0 0 0 0 0 0 0
0 0 0 0 0 0 0 0 0 0 0 0 0 0 0 0 0 0 0 0 0 0 0 0 0 0 0 0 0 0 0 0 0 0 0 0
0 0 0 0 0 0 0 0 0 0 0 0 0 0 0 0 0 0 0 0 0 0 0 0
##$SHL_PHASE= (0..15)
0 0 0 0 0 0 0 0 0 0 0 0 0 0 0 0
##$SHL_PHASEFAC= (0..15)
0 0 0 0 0 0 0 0 0 0 0 0 0 0 0 0
##$SHL_POWERINDEX= (0..15)
0 0 0 0 0 0 0 0 0 0 0 0 0 0 0 0
##$SHL_QUADCOEFF= (0..15)
0 0 0 0 0 0 0 0 0 0 0 0 0 0 0 0
##$SHL_RIGHTLIMIT= (0..15)
0 0 0 0 0 0 0 0 0 0 0 0 0 0 0 0
##$SHL_SCALEFACTOR= (0..15)
1 1 1 1 1 1 1 1 1 1 1 1 1 1 1 1
##$SHL_SF= (0..15)
<> <> <> <> <> <> <> <> <> <> <> <> <> <> <> <>
##$SHL_SFCOEFFS0= (0..200)
0 0 0 0 0 0 0 0 0 0 0 0 0 0 0 0 0 0 0 0 0 0 0 0 0 0 0 0 0 0 0 0 0 0 0 0
0 0 0 0 0 0 0 0 0 0 0 0 0 0 0 0 0 0 0 0 0 0 0 0 0 0 0 0 0 0 0 0 0 0 0 0
0 0 0 0 0 0 0 0 0 0 0 0 0 0 0 0 0 0 0 0 0 0 0 0 0 0 0 0 0 0 0 0 0 0 0 0
0 0 0 0 0 0 0 0 0 0 0 0 0 0 0 0 0 0 0 0 0 0 0 0 0 0 0 0 0 0 0 0 0 0 0 0
0 0 0 0 0 0 0 0 0 0 0 0 0 0 0 0 0 0 0 0 0 0 0 0 0 0 0 0 0 0 0 0 0 0 0 0
0 0 0 0 0 0 0 0 0 0 0 0 0 0 0 0 0 0 0 0 0
##$SHL_SFCOEFFS1= (0..200)
0 0 0 0 0 0 0 0 0 0 0 0 0 0 0 0 0 0 0 0 0 0 0 0 0 0 0 0 0 0 0 0 0 0 0 0
0 0 0 0 0 0 0 0 0 0 0 0 0 0 0 0 0 0 0 0 0 0 0 0 0 0 0 0 0 0 0 0 0 0 0 0
0 0 0 0 0 0 0 0 0 0 0 0 0 0 0 0 0 0 0 0 0 0 0 0 0 0 0 0 0 0 0 0 0 0 0 0
0 0 0 0 0 0 0 0 0 0 0 0 0 0 0 0 0 0 0 0 0 0 0 0 0 0 0 0 0 0 0 0 0 0 0 0
0 0 0 0 0 0 0 0 0 0 0 0 0 0 0 0 0 0 0 0 0 0 0 0 0 0 0 0 0 0 0 0 0 0 0 0
0 0 0 0 0 0 0 0 0 0 0 0 0 0 0 0 0 0 0 0 0
##$SHL_SFCOEFFS10= (0..200)
0 0 0 0 0 0 0 0 0 0 0 0 0 0 0 0 0 0 0 0 0 0 0 0 0 0 0 0 0 0 0 0 0 0 0 0
0 0 0 0 0 0 0 0 0 0 0 0 0 0 0 0 0 0 0 0 0 0 0 0 0 0 0 0 0 0 0 0 0 0 0 0
0 0 0 0 0 0 0 0 0 0 0 0 0 0 0 0 0 0 0 0 0 0 0 0 0 0 0 0 0 0 0 0 0 0 0 0
0 0 0 0 0 0 0 0 0 0 0 0 0 0 0 0 0 0 0 0 0 0 0 0 0 0 0 0 0 0 0 0 0 0 0 0
0 0 0 0 0 0 0 0 0 0 0 0 0 0 0 0 0 0 0 0 0 0 0 0 0 0 0 0 0 0 0 0 0 0 0 0
0 0 0 0 0 0 0 0 0 0 0 0 0 0 0 0 0 0 0 0 0
##$SHL_SFCOEFFS11= (0..200)
0 0 0 0 0 0 0 0 0 0 0 0 0 0 0 0 0 0 0 0 0 0 0 0 0 0 0 0 0 0 0 0 0 0 0 0
0 0 0 0 0 0 0 0 0 0 0 0 0 0 0 0 0 0 0 0 0 0 0 0 0 0 0 0 0 0 0 0 0 0 0 0
0 0 0 0 0 0 0 0 0 0 0 0 0 0 0 0 0 0 0 0 0 0 0 0 0 0 0 0 0 0 0 0 0 0 0 0
0 0 0 0 0 0 0 0 0 0 0 0 0 0 0 0 0 0 0 0 0 0 0 0 0 0 0 0 0 0 0 0 0 0 0 0
0 0 0 0 0 0 0 0 0 0 0 0 0 0 0 0 0 0 0 0 0 0 0 0 0 0 0 0 0 0 0 0 0 0 0 0
0 0 0 0 0 0 0 0 0 0 0 0 0 0 0 0 0 0 0 0 0
##$SHL_SFCOEFFS12= (0..200)
0 0 0 0 0 0 0 0 0 0 0 0 0 0 0 0 0 0 0 0 0 0 0 0 0 0 0 0 0 0 0 0 0 0 0 0
0 0 0 0 0 0 0 0 0 0 0 0 0 0 0 0 0 0 0 0 0 0 0 0 0 0 0 0 0 0 0 0 0 0 0 0
0 0 0 0 0 0 0 0 0 0 0 0 0 0 0 0 0 0 0 0 0 0 0 0 0 0 0 0 0 0 0 0 0 0 0 0
0 0 0 0 0 0 0 0 0 0 0 0 0 0 0 0 0 0 0 0 0 0 0 0 0 0 0 0 0 0 0 0 0 0 0 0
0 0 0 0 0 0 0 0 0 0 0 0 0 0 0 0 0 0 0 0 0 0 0 0 0 0 0 0 0 0 0 0 0 0 0 0
0 0 0 0 0 0 0 0 0 0 0 0 0 0 0 0 0 0 0 0 0
##$SHL_SFCOEFFS13= (0..200)
0 0 0 0 0 0 0 0 0 0 0 0 0 0 0 0 0 0 0 0 0 0 0 0 0 0 0 0 0 0 0 0 0 0 0 0
0 0 0 0 0 0 0 0 0 0 0 0 0 0 0 0 0 0 0 0 0 0 0 0 0 0 0 0 0 0 0 0 0 0 0 0
0 0 0 0 0 0 0 0 0 0 0 0 0 0 0 0 0 0 0 0 0 0 0 0 0 0 0 0 0 0 0 0 0 0 0 0
0 0 0 0 0 0 0 0 0 0 0 0 0 0 0 0 0 0 0 0 0 0 0 0 0 0 0 0 0 0 0 0 0 0 0 0
0 0 0 0 0 0 0 0 0 0 0 0 0 0 0 0 0 0 0 0 0 0 0 0 0 0 0 0 0 0 0 0 0 0 0 0
0 0 0 0 0 0 0 0 0 0 0 0 0 0 0 0 0 0 0 0 0
##$SHL_SFCOEFFS14= (0..200)
0 0 0 0 0 0 0 0 0 0 0 0 0 0 0 0 0 0 0 0 0 0 0 0 0 0 0 0 0 0 0 0 0 0 0 0
0 0 0 0 0 0 0 0 0 0 0 0 0 0 0 0 0 0 0 0 0 0 0 0 0 0 0 0 0 0 0 0 0 0 0 0
0 0 0 0 0 0 0 0 0 0 0 0 0 0 0 0 0 0 0 0 0 0 0 0 0 0 0 0 0 0 0 0 0 0 0 0
0 0 0 0 0 0 0 0 0 0 0 0 0 0 0 0 0 0 0 0 0 0 0 0 0 0 0 0 0 0 0 0 0 0 0 0
0 0 0 0 0 0 0 0 0 0 0 0 0 0 0 0 0 0 0 0 0 0 0 0 0 0 0 0 0 0 0 0 0 0 0 0
0 0 0 0 0 0 0 0 0 0 0 0 0 0 0 0 0 0 0 0 0
##$SHL_SFCOEFFS15= (0..200)
0 0 0 0 0 0 0 0 0 0 0 0 0 0 0 0 0 0 0 0 0 0 0 0 0 0 0 0 0 0 0 0 0 0 0 0
0 0 0 0 0 0 0 0 0 0 0 0 0 0 0 0 0 0 0 0 0 0 0 0 0 0 0 0 0 0 0 0 0 0 0 0
0 0 0 0 0 0 0 0 0 0 0 0 0 0 0 0 0 0 0 0 0 0 0 0 0 0 0 0 0 0 0 0 0 0 0 0
0 0 0 0 0 0 0 0 0 0 0 0 0 0 0 0 0 0 0 0 0 0 0 0 0 0 0 0 0 0 0 0 0 0 0 0
0 0 0 0 0 0 0 0 0 0 0 0 0 0 0 0 0 0 0 0 0 0 0 0 0 0 0 0 0 0 0 0 0 0 0 0
0 0 0 0 0 0 0 0 0 0 0 0 0 0 0 0 0 0 0 0 0
##$SHL_SFCOEFFS2= (0..200)
0 0 0 0 0 0 0 0 0 0 0 0 0 0 0 0 0 0 0 0 0 0 0 0 0 0 0 0 0 0 0 0 0 0 0 0
0 0 0 0 0 0 0 0 0 0 0 0 0 0 0 0 0 0 0 0 0 0 0 0 0 0 0 0 0 0 0 0 0 0 0 0
0 0 0 0 0 0 0 0 0 0 0 0 0 0 0 0 0 0 0 0 0 0 0 0 0 0 0 0 0 0 0 0 0 0 0 0
0 0 0 0 0 0 0 0 0 0 0 0 0 0 0 0 0 0 0 0 0 0 0 0 0 0 0 0 0 0 0 0 0 0 0 0
0 0 0 0 0 0 0 0 0 0 0 0 0 0 0 0 0 0 0 0 0 0 0 0 0 0 0 0 0 0 0 0 0 0 0 0
0 0 0 0 0 0 0 0 0 0 0 0 0 0 0 0 0 0 0 0 0
##$SHL_SFCOEFFS3= (0..200)
0 0 0 0 0 0 0 0 0 0 0 0 0 0 0 0 0 0 0 0 0 0 0 0 0 0 0 0 0 0 0 0 0 0 0 0
0 0 0 0 0 0 0 0 0 0 0 0 0 0 0 0 0 0 0 0 0 0 0 0 0 0 0 0 0 0 0 0 0 0 0 0
0 0 0 0 0 0 0 0 0 0 0 0 0 0 0 0 0 0 0 0 0 0 0 0 0 0 0 0 0 0 0 0 0 0 0 0
0 0 0 0 0 0 0 0 0 0 0 0 0 0 0 0 0 0 0 0 0 0 0 0 0 0 0 0 0 0 0 0 0 0 0 0
0 0 0 0 0 0 0 0 0 0 0 0 0 0 0 0 0 0 0 0 0 0 0 0 0 0 0 0 0 0 0 0 0 0 0 0
0 0 0 0 0 0 0 0 0 0 0 0 0 0 0 0 0 0 0 0 0
##$SHL_SFCOEFFS4= (0..200)
0 0 0 0 0 0 0 0 0 0 0 0 0 0 0 0 0 0 0 0 0 0 0 0 0 0 0 0 0 0 0 0 0 0 0 0
0 0 0 0 0 0 0 0 0 0 0 0 0 0 0 0 0 0 0 0 0 0 0 0 0 0 0 0 0 0 0 0 0 0 0 0
0 0 0 0 0 0 0 0 0 0 0 0 0 0 0 0 0 0 0 0 0 0 0 0 0 0 0 0 0 0 0 0 0 0 0 0
0 0 0 0 0 0 0 0 0 0 0 0 0 0 0 0 0 0 0 0 0 0 0 0 0 0 0 0 0 0 0 0 0 0 0 0
0 0 0 0 0 0 0 0 0 0 0 0 0 0 0 0 0 0 0 0 0 0 0 0 0 0 0 0 0 0 0 0 0 0 0 0
0 0 0 0 0 0 0 0 0 0 0 0 0 0 0 0 0 0 0 0 0
##$SHL_SFCOEFFS5= (0..200)
0 0 0 0 0 0 0 0 0 0 0 0 0 0 0 0 0 0 0 0 0 0 0 0 0 0 0 0 0 0 0 0 0 0 0 0
0 0 0 0 0 0 0 0 0 0 0 0 0 0 0 0 0 0 0 0 0 0 0 0 0 0 0 0 0 0 0 0 0 0 0 0
0 0 0 0 0 0 0 0 0 0 0 0 0 0 0 0 0 0 0 0 0 0 0 0 0 0 0 0 0 0 0 0 0 0 0 0
0 0 0 0 0 0 0 0 0 0 0 0 0 0 0 0 0 0 0 0 0 0 0 0 0 0 0 0 0 0 0 0 0 0 0 0
0 0 0 0 0 0 0 0 0 0 0 0 0 0 0 0 0 0 0 0 0 0 0 0 0 0 0 0 0 0 0 0 0 0 0 0
0 0 0 0 0 0 0 0 0 0 0 0 0 0 0 0 0 0 0 0 0
##$SHL_SFCOEFFS6= (0..200)
0 0 0 0 0 0 0 0 0 0 0 0 0 0 0 0 0 0 0 0 0 0 0 0 0 0 0 0 0 0 0 0 0 0 0 0
0 0 0 0 0 0 0 0 0 0 0 0 0 0 0 0 0 0 0 0 0 0 0 0 0 0 0 0 0 0 0 0 0 0 0 0
0 0 0 0 0 0 0 0 0 0 0 0 0 0 0 0 0 0 0 0 0 0 0 0 0 0 0 0 0 0 0 0 0 0 0 0
0 0 0 0 0 0 0 0 0 0 0 0 0 0 0 0 0 0 0 0 0 0 0 0 0 0 0 0 0 0 0 0 0 0 0 0
0 0 0 0 0 0 0 0 0 0 0 0 0 0 0 0 0 0 0 0 0 0 0 0 0 0 0 0 0 0 0 0 0 0 0 0
0 0 0 0 0 0 0 0 0 0 0 0 0 0 0 0 0 0 0 0 0
##$SHL_SFCOEFFS7= (0..200)
0 0 0 0 0 0 0 0 0 0 0 0 0 0 0 0 0 0 0 0 0 0 0 0 0 0 0 0 0 0 0 0 0 0 0 0
0 0 0 0 0 0 0 0 0 0 0 0 0 0 0 0 0 0 0 0 0 0 0 0 0 0 0 0 0 0 0 0 0 0 0 0
0 0 0 0 0 0 0 0 0 0 0 0 0 0 0 0 0 0 0 0 0 0 0 0 0 0 0 0 0 0 0 0 0 0 0 0
0 0 0 0 0 0 0 0 0 0 0 0 0 0 0 0 0 0 0 0 0 0 0 0 0 0 0 0 0 0 0 0 0 0 0 0
0 0 0 0 0 0 0 0 0 0 0 0 0 0 0 0 0 0 0 0 0 0 0 0 0 0 0 0 0 0 0 0 0 0 0 0
0 0 0 0 0 0 0 0 0 0 0 0 0 0 0 0 0 0 0 0 0
##$SHL_SFCOEFFS8= (0..200)
0 0 0 0 0 0 0 0 0 0 0 0 0 0 0 0 0 0 0 0 0 0 0 0 0 0 0 0 0 0 0 0 0 0 0 0
0 0 0 0 0 0 0 0 0 0 0 0 0 0 0 0 0 0 0 0 0 0 0 0 0 0 0 0 0 0 0 0 0 0 0 0
0 0 0 0 0 0 0 0 0 0 0 0 0 0 0 0 0 0 0 0 0 0 0 0 0 0 0 0 0 0 0 0 0 0 0 0
0 0 0 0 0 0 0 0 0 0 0 0 0 0 0 0 0 0 0 0 0 0 0 0 0 0 0 0 0 0 0 0 0 0 0 0
0 0 0 0 0 0 0 0 0 0 0 0 0 0 0 0 0 0 0 0 0 0 0 0 0 0 0 0 0 0 0 0 0 0 0 0
0 0 0 0 0 0 0 0 0 0 0 0 0 0 0 0 0 0 0 0 0
##$SHL_SFCOEFFS9= (0..200)
0 0 0 0 0 0 0 0 0 0 0 0 0 0 0 0 0 0 0 0 0 0 0 0 0 0 0 0 0 0 0 0 0 0 0 0
0 0 0 0 0 0 0 0 0 0 0 0 0 0 0 0 0 0 0 0 0 0 0 0 0 0 0 0 0 0 0 0 0 0 0 0
0 0 0 0 0 0 0 0 0 0 0 0 0 0 0 0 0 0 0 0 0 0 0 0 0 0 0 0 0 0 0 0 0 0 0 0
0 0 0 0 0 0 0 0 0 0 0 0 0 0 0 0 0 0 0 0 0 0 0 0 0 0 0 0 0 0 0 0 0 0 0 0
0 0 0 0 0 0 0 0 0 0 0 0 0 0 0 0 0 0 0 0 0 0 0 0 0 0 0 0 0 0 0 0 0 0 0 0
0 0 0 0 0 0 0 0 0 0 0 0 0 0 0 0 0 0 0 0 0
##$SHL_SMOOTHED= (0..15)
0 0 0 0 0 0 0 0 0 0 0 0 0 0 0 0
##$SHL_SMOOTHING= (0..15)
0 0 0 0 0 0 0 0 0 0 0 0 0 0 0 0
##$SHL_SPOAL= (0..15)
0 0 0 0 0 0 0 0 0 0 0 0 0 0 0 0
##$SHL_SPOFFS= (0..15)
0 0 0 0 0 0 0 0 0 0 0 0 0 0 0 0
##$SHL_SPOPH= (0..15)
0 0 0 0 0 0 0 0 0 0 0 0 0 0 0 0
##$SHL_STARTAMP= (0..15)
0 0 0 0 0 0 0 0 0 0 0 0 0 0 0 0
##$SHL_SW= (0..15)
0 0 0 0 0 0 0 0 0 0 0 0 0 0 0 0
##$SHL_SWDIR= (0..15)
-1 -1 -1 -1 -1 -1 -1 -1 -1 -1 -1 -1 -1 -1 -1 -1
##$SHL_TANKAPPA= (0..15)
0 0 0 0 0 0 0 0 0 0 0 0 0 0 0 0
##$SHL_TOTROT= (0..15)
90 0 0 0 0 0 0 0 0 0 0 0 0 0 0 0
##$SHL_TRUNCLEV= (0..15)
0 0 0 0 0 0 0 0 0 0 0 0 0 0 0 0
##$SHL_TYPE= (0..15)
<Excitation> <> <> <> <> <> <> <> <> <> <> <> <> <> <> <>
##$SHL_WINDOWSIZE= (0..15)
0 0 0 0 0 0 0 0 0 0 0 0 0 0 0 0
##$SHL_ZETA= (0..15)
0 0 0 0 0 0 0 0 0 0 0 0 0 0 0 0
##NPOINTS= 1250
##XYPOINTS= (XY..XY)
72.786475, 55.316182
72.325146, 56.962155
71.860960, 58.608211
71.393950, 60.254351
70.924152, 61.900576
70.451599, 63.546889
69.976327, 65.193291
69.498369, 66.839784
69.017761, 68.486370
68.534538, 70.133052
68.048736, 71.779831
67.560391, 73.426709
67.069537, 75.073690
66.576212, 76.720774
66.080450, 78.367965
65.582289, 80.015265
65.081766, 81.662677
64.578916, 83.310202
64.073777, 84.957845
63.566386, 86.605608
63.056779, 88.253494
62.544995, 89.901506
62.031071, 91.549647
61.515044, 93.197920
60.996953, 94.846329
60.476834, 96.494878
59.954728, 98.143570
59.430671, 99.792408
58.904703, 101.441398
58.376861, 103.090542
57.847185, 104.739846
57.315713, 106.389313
56.782485, 108.038949
56.247539, 109.688758
55.710914, 111.338745
55.172651, 112.988916
54.632789, 114.639275
54.091366, 116.289829
53.548424, 117.940583
53.004001, 119.591543
52.458138, 121.242716
51.910874, 122.894108
51.362251, 124.545727
50.812308, 126.197579
50.261085, 127.849672
49.708623, 129.502015
49.154963, 131.154614
48.600144, 132.807480
48.044209, 134.460620
47.487197, 136.114045
46.929150, 137.767764
46.370109, 139.421788
45.810114, 141.076127
45.249207, 142.730793
44.687429, 144.385798
44.124821, 146.041155
43.561424, 147.696876
42.997281, 149.352976
42.432432, 151.009468
41.866918, 152.666370
41.300782, 154.323696
40.734066, 155.981464
40.166810, 157.639692
39.599056, 159.298399
39.030846, 160.957604
38.462223, 162.617330
37.893227, 164.277599
37.323901, 165.938434
36.754287, 167.599860
36.184426, 169.261905
35.614361, 170.924596
35.044133, 172.587965
34.473785, 174.252042
33.903358, 175.916862
33.332895, 177.582462
32.762438, 179.248880
32.192029, 180.916158
31.621709, 182.584339
31.051522, 184.253471
30.481509, 185.923605
29.911713, 187.594796
29.342175, 189.267101
28.772938, 190.940583
28.204044, 192.615311
27.635535, 194.291356
27.067454, 195.968798
26.499842, 197.647722
25.932743, 199.328220
25.366197, 201.010391
24.800249, 202.694345
24.234939, 204.380200
23.670311, 206.068084
23.106406, 207.758139
22.543267, 209.450519
21.980937, 211.145393
21.419458, 212.842946
20.858873, 214.543385
20.299224, 216.246934
19.740555, 217.953846
19.182908, 219.664397
18.626326, 221.378899
18.070853, 223.097698
17.516532, 224.821180
16.963406, 226.549782
16.411521, 228.283995
15.860919, 230.024377
15.311647, 231.771558
14.763750, 233.526262
14.217273, 235.289315
13.672263, 237.061672
13.128769, 238.844436
12.586839, 240.638894
12.046524, 242.446553
11.507875, 244.269187
10.970948, 246.108907
10.435800, 247.968237
9.902492, 249.850221
9.371088, 251.758570
8.841661, 253.697845
8.314290, 255.673723
7.789065, 257.693351
7.266088, 259.765862
6.745483, 261.903103
6.227400, 264.120726
5.712028, 266.439827
5.199613, 268.889524
4.690490, 271.511121
4.185135, 274.365129
3.684252, 277.543667
3.188956, 281.193626
2.701122, 285.562803
2.224183, 291.098875
1.765080, 298.678780
1.339697, 310.163786
0.988877, 329.484811
0.811001, 1.076159
0.909477, 35.412051
1.216091, 58.057256
1.614165, 71.289970
2.049296, 79.744003
2.500710, 85.753859
2.959670, 90.402488
3.422008, 94.229236
3.885505, 97.526041
4.348877, 100.462783
4.811323, 103.144390
5.272316, 105.638930
5.731492, 107.992378
6.188586, 110.236864
6.643398, 112.395494
7.095774, 114.485295
7.545588, 116.519087
7.992738, 118.506702
8.437136, 120.455802
8.878706, 122.372450
9.317382, 124.261498
9.753102, 126.126883
10.185813, 127.971824
10.615464, 129.798985
11.042006, 131.610586
11.465397, 133.408493
11.885593, 135.194284
12.302554, 136.969306
12.716241, 138.734712
13.126617, 140.491495
13.533646, 142.240518
13.937292, 143.982532
14.337522, 145.718193
14.734301, 147.448079
15.127597, 149.172699
15.517379, 150.892503
15.903613, 152.607894
16.286271, 154.319227
16.665321, 156.026823
17.040733, 157.730970
17.412478, 159.431925
17.780528, 161.129921
18.144853, 162.825169
18.505426, 164.517860
18.862219, 166.208168
19.215204, 167.896251
19.564355, 169.582254
19.909646, 171.266309
20.251049, 172.948537
20.588540, 174.629049
20.922092, 176.307947
21.251681, 177.985325
21.577282, 179.661271
21.898871, 181.335865
22.216422, 183.009181
22.529913, 184.681288
22.839320, 186.352250
23.144620, 188.022127
23.445790, 189.690973
23.742808, 191.358841
24.035651, 193.025779
24.324299, 194.691831
24.608728, 196.357039
24.888919, 198.021443
25.164850, 199.685080
25.436501, 201.347984
25.703852, 203.010188
25.966882, 204.671722
26.225574, 206.332614
26.479906, 207.992892
26.729861, 209.652581
26.975420, 211.311705
27.216565, 212.970287
27.453277, 214.628347
27.685540, 216.285907
27.913337, 217.942985
28.136650, 219.599598
28.355463, 221.255765
28.569759, 222.911501
28.779524, 224.566821
28.984741, 226.221741
29.185396, 227.876274
29.381473, 229.530432
29.572958, 231.184229
29.759838, 232.837676
29.942097, 234.490784
30.119723, 236.143564
30.292703, 237.796026
30.461024, 239.448180
30.624673, 241.100035
30.783638, 242.751599
30.937909, 244.402882
31.087472, 246.053890
31.232318, 247.704631
31.372436, 249.355114
31.507815, 251.005343
31.638445, 252.655327
31.764317, 254.305070
31.885422, 255.954580
32.001750, 257.603862
32.113293, 259.252920
32.220043, 260.901761
32.321991, 262.550389
32.419131, 264.198809
32.511455, 265.847025
32.598957, 267.495041
32.681629, 269.142862
32.759467, 270.790491
32.832463, 272.437932
32.900613, 274.085188
32.963912, 275.732262
33.022355, 277.379159
33.075938, 279.025879
33.124656, 280.672427
33.168507, 282.318805
33.207487, 283.965015
33.241592, 285.611059
33.270822, 287.256940
33.295172, 288.902660
33.314642, 290.548221
33.329231, 292.193624
33.338936, 293.838872
33.343757, 295.483964
33.343695, 297.128904
33.338748, 298.773692
33.328918, 300.418329
33.314205, 302.062816
33.294610, 303.707155
33.270134, 305.351345
33.240779, 306.995388
33.206548, 308.639284
33.167443, 310.283034
33.123466, 311.926637
33.074621, 313.570094
33.020912, 315.213406
32.962342, 316.856571
32.898916, 318.499590
32.830639, 320.142463
32.757514, 321.785189
32.679549, 323.427767
32.596747, 325.070197
32.509116, 326.712478
32.416663, 328.354610
32.319392, 329.996590
32.217313, 331.638418
32.110431, 333.280093
31.998756, 334.921613
31.882295, 336.562976
31.761057, 338.204181
31.635051, 339.845226
31.504285, 341.486108
31.368770, 343.126826
31.228516, 344.767376
31.083532, 346.407757
30.933829, 348.047965
30.779419, 349.687998
30.620312, 351.327851
30.456521, 352.967522
30.288057, 354.607008
30.114933, 356.246303
29.937161, 357.885405
29.754754, 359.524307
29.567726, 1.163007
29.376091, 2.801498
29.179862, 4.439776
28.979054, 6.077835
28.773682, 7.715669
28.563761, 9.353271
28.349305, 10.990635
28.130332, 12.627754
27.906856, 14.264620
27.678895, 15.901224
27.446465, 17.537560
27.209583, 19.173617
26.968267, 20.809385
26.722533, 22.444856
26.472401, 24.080017
26.217889, 25.714857
25.959015, 27.349364
25.695799, 28.983525
25.428259, 30.617326
25.156415, 32.250752
24.880288, 33.883787
24.599897, 35.516414
24.315264, 37.148615
24.026408, 38.780371
23.733352, 40.411661
23.436117, 42.042463
23.134725, 43.672753
22.829198, 45.302506
22.519558, 46.931693
22.205828, 48.560287
21.888032, 50.188254
21.566192, 51.815561
21.240333, 53.442170
20.910479, 55.068042
20.576653, 56.693133
20.238881, 58.317396
19.897187, 59.940781
19.551596, 61.563231
19.202135, 63.184686
18.848829, 64.805080
18.491703, 66.424341
18.130786, 68.042389
17.766103, 69.659137
17.397681, 71.274490
17.025548, 72.888342
16.649731, 74.500576
16.270259, 76.111062
15.887159, 77.719656
15.500461, 79.326197
15.110194, 80.930506
14.716386, 82.532381
14.319067, 84.131595
13.918268, 85.727891
13.514019, 87.320979
13.106350, 88.910527
12.695293, 90.496158
12.280879, 92.077435
11.863141, 93.653856
11.442112, 95.224838
11.017824, 96.789701
10.590312, 98.347644
10.159609, 99.897721
9.725753, 101.438804
9.288779, 102.969540
8.848725, 104.488288
8.405630, 105.993041
7.959537, 107.481314
7.510488, 108.950002
7.058530, 110.395163
6.603715, 111.811724
6.146099, 113.193039
5.685747, 114.530235
5.222736, 115.811188
4.757161, 117.018899
4.289142, 118.128764
3.818845, 119.103818
3.346511, 119.885883
2.872522, 120.377939
2.397536, 120.405569
1.922836, 119.622021
1.451354, 117.233267
0.991541, 110.998856
0.578759, 92.432938
0.411383, 37.273064
0.702320, 355.049620
1.146380, 342.221751
1.624529, 337.633073
2.115402, 335.887805
2.613141, 335.415384
3.115535, 335.615665
3.621556, 336.213043
4.130655, 337.063913
4.642501, 338.086296
5.156881, 339.230053
5.673640, 340.462816
6.192665, 341.762773
6.713862, 343.114690
7.237155, 344.507609
7.762477, 345.933448
8.289767, 347.386116
8.818972, 348.860936
9.350038, 350.354258
9.882917, 351.863189
10.417561, 353.385411
10.953925, 354.919042
11.491964, 356.462539
12.031634, 358.014626
12.572891, 359.574235
13.115694, 1.140471
13.659998, 2.712573
14.205763, 4.289893
14.752945, 5.871875
15.301504, 7.458039
15.851398, 9.047969
16.402584, 10.641301
16.955023, 12.237718
17.508671, 13.836940
18.063488, 15.438721
18.619432, 17.042840
19.176461, 18.649105
19.734535, 20.257341
20.293612, 21.867392
20.853651, 23.479120
21.414609, 25.092397
21.976445, 26.707112
22.539119, 28.323161
23.102587, 29.940452
23.666810, 31.558898
24.231744, 33.178424
24.797349, 34.798958
25.363583, 36.420436
25.930404, 38.042798
26.497770, 39.665992
27.065639, 41.289965
27.633971, 42.914673
28.202722, 44.540072
28.771852, 46.166124
29.341317, 47.792791
29.911078, 49.420041
30.481091, 51.047841
31.051315, 52.676162
31.621707, 54.304978
32.192227, 55.934263
32.762831, 57.563992
33.333479, 59.194145
33.904129, 60.824700
34.474737, 62.455638
35.045263, 64.086941
35.615665, 65.718592
36.185901, 67.350574
36.755928, 68.982873
37.325706, 70.615475
37.895192, 72.248366
38.464345, 73.881533
39.033123, 75.514965
39.601484, 77.148651
40.169386, 78.782579
40.736788, 80.416741
41.303648, 82.051126
41.869925, 83.685725
42.435577, 85.320530
43.000562, 86.955532
43.564840, 88.590725
44.128368, 90.226101
44.691106, 91.861652
45.253012, 93.497373
45.814045, 95.133256
46.374164, 96.769297
46.933328, 98.405489
47.491496, 100.041827
48.048627, 101.678305
48.604679, 103.314919
49.159614, 104.951665
49.713388, 106.588536
50.265963, 108.225530
50.817297, 109.862643
51.367351, 111.499869
51.916083, 113.137206
52.463454, 114.774649
53.009423, 116.412196
53.553951, 118.049842
54.096997, 119.687586
54.638522, 121.325423
55.178486, 122.963351
55.716850, 124.601367
56.253573, 126.239468
56.788617, 127.877652
57.321943, 129.515916
57.853511, 131.154257
58.383282, 132.792675
58.911218, 134.431165
59.437280, 136.069726
59.961429, 137.708357
60.483627, 139.347054
61.003836, 140.985817
61.522017, 142.624643
62.038133, 144.263530
62.552146, 145.902477
63.064017, 147.541482
63.573710, 149.180544
64.081187, 150.819660
64.586412, 152.458830
65.089346, 154.098052
65.589953, 155.737325
66.088197, 157.376647
66.584041, 159.016016
67.077448, 160.655433
67.568382, 162.294895
68.056808, 163.934401
68.542690, 165.573950
69.025992, 167.213541
69.506678, 168.853173
69.984714, 170.492845
70.460064, 172.132556
70.932693, 173.772305
71.402568, 175.412091
71.869653, 177.051912
72.333914, 178.691769
72.795317, 180.331661
73.253829, 181.971585
73.709415, 183.611542
74.162043, 185.251531
74.611679, 186.891551
75.058291, 188.531602
75.501845, 190.171682
75.942309, 191.811790
76.379651, 193.451927
76.813838, 195.092092
77.244839, 196.732283
77.672623, 198.372501
78.097158, 200.012744
78.518412, 201.653012
78.936356, 203.293304
79.350958, 204.933621
79.762188, 206.573960
80.170015, 208.214323
80.574411, 209.854707
80.975345, 211.495114
81.372788, 213.135541
81.766711, 214.775989
82.157085, 216.416458
82.543881, 218.056946
82.927071, 219.697454
83.306627, 221.337980
83.682521, 222.978525
84.054726, 224.619088
84.423214, 226.259669
84.787958, 227.900266
85.148932, 229.540881
85.506109, 231.181512
85.859463, 232.822159
86.208968, 234.462822
86.554598, 236.103500
86.896329, 237.744193
87.234134, 239.384901
87.567990, 241.025623
87.897872, 242.666359
88.223755, 244.307109
88.545616, 245.947872
88.863432, 247.588649
89.177178, 249.229437
89.486832, 250.870239
89.792372, 252.511052
90.093774, 254.151878
90.391017, 255.792715
90.684079, 257.433563
90.972939, 259.074422
91.257575, 260.715293
91.537966, 262.356173
91.814092, 263.997064
92.085933, 265.637965
92.353469, 267.278876
92.616680, 268.919796
92.875547, 270.560726
93.130051, 272.201665
93.380173, 273.842612
93.625895, 275.483569
93.867199, 277.124533
94.104067, 278.765506
94.336482, 280.406487
94.564427, 282.047476
94.787885, 283.688472
95.006840, 285.329475
95.221275, 286.970486
95.431176, 288.611504
95.636526, 290.252528
95.837311, 291.893559
96.033516, 293.534597
96.225126, 295.175640
96.412128, 296.816690
96.594507, 298.457745
96.772251, 300.098806
96.945347, 301.739873
97.113781, 303.380945
97.277541, 305.022022
97.436616, 306.663104
97.590993, 308.304191
97.740662, 309.945283
97.885611, 311.586379
98.025830, 313.227479
98.161308, 314.868584
98.292037, 316.509692
98.418005, 318.150804
98.539204, 319.791920
98.655624, 321.433040
98.767258, 323.074163
98.874098, 324.715289
98.976134, 326.356418
99.073361, 327.997550
99.165770, 329.638685
99.253356, 331.279822
99.336111, 332.920962
99.414029, 334.562104
99.487105, 336.203249
99.555334, 337.844395
99.618710, 339.485544
99.677229, 341.126694
99.730886, 342.767845
99.779678, 344.408999
99.823601, 346.050153
99.862652, 347.691309
99.896827, 349.332466
99.926125, 350.973623
99.950544, 352.614782
99.970081, 354.255941
99.984734, 355.897100
99.994504, 357.538260
99.999389, 359.179420
99.999389, 0.820580
99.994504, 2.461740
99.984734, 4.102900
99.970081, 5.744059
99.950544, 7.385218
99.926125, 9.026377
99.896827, 10.667534
99.862652, 12.308691
99.823601, 13.949847
99.779678, 15.591001
99.730886, 17.232155
99.677229, 18.873306
99.618710, 20.514456
99.555334, 22.155605
99.487105, 23.796751
99.414029, 25.437896
99.336111, 27.079038
99.253356, 28.720178
99.165770, 30.361315
99.073361, 32.002450
98.976134, 33.643582
98.874098, 35.284711
98.767258, 36.925837
98.655624, 38.566960
98.539204, 40.208080
98.418005, 41.849196
98.292037, 43.490308
98.161308, 45.131416
98.025830, 46.772521
97.885611, 48.413621
97.740662, 50.054717
97.590993, 51.695809
97.436616, 53.336896
97.277541, 54.977978
97.113781, 56.619055
96.945347, 58.260127
96.772251, 59.901194
96.594507, 61.542255
96.412128, 63.183310
96.225126, 64.824360
96.033516, 66.465403
95.837311, 68.106441
95.636526, 69.747472
95.431176, 71.388496
95.221275, 73.029514
95.006840, 74.670525
94.787885, 76.311528
94.564427, 77.952524
94.336482, 79.593513
94.104067, 81.234494
93.867199, 82.875467
93.625895, 84.516431
93.380173, 86.157388
93.130051, 87.798335
92.875547, 89.439274
92.616680, 91.080204
92.353469, 92.721124
92.085933, 94.362035
91.814092, 96.002936
91.537966, 97.643827
91.257575, 99.284707
90.972939, 100.925578
90.684079, 102.566437
90.391017, 104.207285
90.093774, 105.848122
89.792372, 107.488948
89.486832, 109.129761
89.177178, 110.770563
88.863432, 112.411351
88.545616, 114.052128
88.223755, 115.692891
87.897872, 117.333641
87.567990, 118.974377
87.234134, 120.615099
86.896329, 122.255807
86.554598, 123.896500
86.208968, 125.537178
85.859463, 127.177841
85.506109, 128.818488
85.148932, 130.459119
84.787958, 132.099734
84.423214, 133.740331
84.054726, 135.380912
83.682521, 137.021475
83.306627, 138.662020
82.927071, 140.302546
82.543881, 141.943054
82.157085, 143.583542
81.766711, 145.224011
81.372788, 146.864459
80.975345, 148.504886
80.574411, 150.145293
80.170015, 151.785677
79.762188, 153.426040
79.350958, 155.066379
78.936356, 156.706696
78.518412, 158.346988
78.097158, 159.987256
77.672623, 161.627499
77.244839, 163.267717
76.813838, 164.907908
76.379651, 166.548073
75.942309, 168.188210
75.501845, 169.828318
75.058291, 171.468398
74.611679, 173.108449
74.162043, 174.748469
73.709415, 176.388458
73.253829, 178.028415
72.795317, 179.668339
72.333914, 181.308231
71.869653, 182.948088
71.402568, 184.587909
70.932693, 186.227695
70.460064, 187.867444
69.984714, 189.507155
69.506678, 191.146827
69.025992, 192.786459
68.542690, 194.426050
68.056808, 196.065599
67.568382, 197.705105
67.077448, 199.344567
66.584041, 200.983984
66.088197, 202.623353
65.589953, 204.262675
65.089346, 205.901948
64.586412, 207.541170
64.081187, 209.180340
63.573710, 210.819456
63.064017, 212.458518
62.552146, 214.097523
62.038133, 215.736470
61.522017, 217.375357
61.003836, 219.014183
60.483627, 220.652946
59.961429, 222.291643
59.437280, 223.930274
58.911218, 225.568835
58.383282, 227.207325
57.853511, 228.845743
57.321943, 230.484084
56.788617, 232.122348
56.253573, 233.760532
55.716850, 235.398633
55.178486, 237.036649
54.638522, 238.674577
54.096997, 240.312414
53.553951, 241.950158
53.009423, 243.587804
52.463454, 245.225351
51.916083, 246.862794
51.367351, 248.500131
50.817297, 250.137357
50.265963, 251.774470
49.713388, 253.411464
49.159614, 255.048335
48.604679, 256.685081
48.048627, 258.321695
47.491496, 259.958173
46.933328, 261.594511
46.374164, 263.230703
45.814045, 264.866744
45.253012, 266.502627
44.691106, 268.138348
44.128368, 269.773899
43.564840, 271.409275
43.000562, 273.044468
42.435577, 274.679470
41.869925, 276.314275
41.303648, 277.948874
40.736788, 279.583259
40.169386, 281.217421
39.601484, 282.851349
39.033123, 284.485035
38.464345, 286.118467
37.895192, 287.751634
37.325706, 289.384525
36.755928, 291.017127
36.185901, 292.649426
35.615665, 294.281408
35.045263, 295.913059
34.474737, 297.544362
33.904129, 299.175300
33.333479, 300.805855
32.762831, 302.436008
32.192227, 304.065737
31.621707, 305.695022
31.051315, 307.323838
30.481091, 308.952159
29.911078, 310.579959
29.341317, 312.207209
28.771852, 313.833876
28.202722, 315.459928
27.633971, 317.085327
27.065639, 318.710035
26.497770, 320.334008
25.930404, 321.957202
25.363583, 323.579564
24.797349, 325.201042
24.231744, 326.821576
23.666810, 328.441102
23.102587, 330.059548
22.539119, 331.676839
21.976445, 333.292888
21.414609, 334.907603
20.853651, 336.520880
20.293612, 338.132608
19.734535, 339.742659
19.176461, 341.350895
18.619432, 342.957160
18.063488, 344.561279
17.508671, 346.163060
16.955023, 347.762282
16.402584, 349.358699
15.851398, 350.952031
15.301504, 352.541961
14.752945, 354.128125
14.205763, 355.710107
13.659998, 357.287427
13.115694, 358.859529
12.572891, 0.425765
12.031634, 1.985374
11.491964, 3.537461
10.953925, 5.080958
10.417561, 6.614589
9.882917, 8.136811
9.350038, 9.645742
8.818972, 11.139064
8.289767, 12.613884
7.762477, 14.066552
7.237155, 15.492391
6.713862, 16.885310
6.192665, 18.237227
5.673640, 19.537184
5.156881, 20.769947
4.642501, 21.913704
4.130655, 22.936087
3.621556, 23.786957
3.115535, 24.384335
2.613141, 24.584616
2.115402, 24.112195
1.624529, 22.366927
1.146380, 17.778249
0.702320, 4.950380
0.411383, 322.726936
0.578759, 267.567062
0.991541, 249.001144
1.451354, 242.766733
1.922836, 240.377979
2.397536, 239.594431
2.872522, 239.622061
3.346511, 240.114117
3.818845, 240.896182
4.289142, 241.871236
4.757161, 242.981101
5.222736, 244.188812
5.685747, 245.469765
6.146099, 246.806961
6.603715, 248.188276
7.058530, 249.604837
7.510488, 251.049998
7.959537, 252.518686
8.405630, 254.006959
8.848725, 255.511712
9.288779, 257.030460
9.725753, 258.561196
10.159609, 260.102279
10.590312, 261.652356
11.017824, 263.210299
11.442112, 264.775162
11.863141, 266.346144
12.280879, 267.922565
12.695293, 269.503842
13.106350, 271.089473
13.514019, 272.679021
13.918268, 274.272109
14.319067, 275.868405
14.716386, 277.467619
15.110194, 279.069494
15.500461, 280.673803
15.887159, 282.280344
16.270259, 283.888938
16.649731, 285.499424
17.025548, 287.111658
17.397681, 288.725510
17.766103, 290.340863
18.130786, 291.957611
18.491703, 293.575659
18.848829, 295.194920
19.202135, 296.815314
19.551596, 298.436769
19.897187, 300.059219
20.238881, 301.682604
20.576653, 303.306867
20.910479, 304.931958
21.240333, 306.557830
21.566192, 308.184439
21.888032, 309.811746
22.205828, 311.439713
22.519558, 313.068307
22.829198, 314.697494
23.134725, 316.327247
23.436117, 317.957537
23.733352, 319.588339
24.026408, 321.219629
24.315264, 322.851385
24.599897, 324.483586
24.880288, 326.116213
25.156415, 327.749248
25.428259, 329.382674
25.695799, 331.016475
25.959015, 332.650636
26.217889, 334.285143
26.472401, 335.919983
26.722533, 337.555144
26.968267, 339.190615
27.209583, 340.826383
27.446465, 342.462440
27.678895, 344.098776
27.906856, 345.735380
28.130332, 347.372246
28.349305, 349.009365
28.563761, 350.646729
28.773682, 352.284331
28.979054, 353.922165
29.179862, 355.560224
29.376091, 357.198502
29.567726, 358.836993
29.754754, 0.475693
29.937161, 2.114595
30.114933, 3.753697
30.288057, 5.392992
30.456521, 7.032478
30.620312, 8.672149
30.779419, 10.312002
30.933829, 11.952035
31.083532, 13.592243
31.228516, 15.232624
31.368770, 16.873174
31.504285, 18.513892
31.635051, 20.154774
31.761057, 21.795819
31.882295, 23.437024
31.998756, 25.078387
32.110431, 26.719907
32.217313, 28.361582
32.319392, 30.003410
32.416663, 31.645390
32.509116, 33.287522
32.596747, 34.929803
32.679549, 36.572233
32.757514, 38.214811
32.830639, 39.857537
32.898916, 41.500410
32.962342, 43.143429
33.020912, 44.786594
33.074621, 46.429906
33.123466, 48.073363
33.167443, 49.716966
33.206548, 51.360716
33.240779, 53.004612
33.270134, 54.648655
33.294610, 56.292845
33.314205, 57.937184
33.328918, 59.581671
33.338748, 61.226308
33.343695, 62.871096
33.343757, 64.516036
33.338936, 66.161128
33.329231, 67.806376
33.314642, 69.451779
33.295172, 71.097340
33.270822, 72.743060
33.241592, 74.388941
33.207487, 76.034985
33.168507, 77.681195
33.124656, 79.327573
33.075938, 80.974121
33.022355, 82.620841
32.963912, 84.267738
32.900613, 85.914812
32.832463, 87.562068
32.759467, 89.209509
32.681629, 90.857138
32.598957, 92.504959
32.511455, 94.152975
32.419131, 95.801191
32.321991, 97.449611
32.220043, 99.098239
32.113293, 100.747080
32.001750, 102.396138
31.885422, 104.045420
31.764317, 105.694930
31.638445, 107.344673
31.507815, 108.994657
31.372436, 110.644886
31.232318, 112.295369
31.087472, 113.946110
30.937909, 115.597118
30.783638, 117.248401
30.624673, 118.899965
30.461024, 120.551820
30.292703, 122.203974
30.119723, 123.856436
29.942097, 125.509216
29.759838, 127.162324
29.572958, 128.815771
29.381473, 130.469568
29.185396, 132.123726
28.984741, 133.778259
28.779524, 135.433179
28.569759, 137.088499
28.355463, 138.744235
28.136650, 140.400402
27.913337, 142.057015
27.685540, 143.714093
27.453277, 145.371653
27.216565, 147.029713
26.975420, 148.688295
26.729861, 150.347419
26.479906, 152.007108
26.225574, 153.667386
25.966882, 155.328278
25.703852, 156.989812
25.436501, 158.652016
25.164850, 160.314920
24.888919, 161.978557
24.608728, 163.642961
24.324299, 165.308169
24.035651, 166.974221
23.742808, 168.641159
23.445790, 170.309027
23.144620, 171.977873
22.839320, 173.647750
22.529913, 175.318712
22.216422, 176.990819
21.898871, 178.664135
21.577282, 180.338729
21.251681, 182.014675
20.922092, 183.692053
20.588540, 185.370951
20.251049, 187.051463
19.909646, 188.733691
19.564355, 190.417746
19.215204, 192.103749
18.862219, 193.791832
18.505426, 195.482140
18.144853, 197.174831
17.780528, 198.870079
17.412478, 200.568075
17.040733, 202.269030
16.665321, 203.973177
16.286271, 205.680773
15.903613, 207.392106
15.517379, 209.107497
15.127597, 210.827301
14.734301, 212.551921
14.337522, 214.281807
13.937292, 216.017468
13.533646, 217.759482
13.126617, 219.508505
12.716241, 221.265288
12.302554, 223.030694
11.885593, 224.805716
11.465397, 226.591507
11.042006, 228.389414
10.615464, 230.201015
10.185813, 232.028176
9.753102, 233.873117
9.317382, 235.738502
8.878706, 237.627550
8.437136, 239.544198
7.992738, 241.493298
7.545588, 243.480913
7.095774, 245.514705
6.643398, 247.604506
6.188586, 249.763136
5.731492, 252.007622
5.272316, 254.361070
4.811323, 256.855610
4.348877, 259.537217
3.885505, 262.473959
3.422008, 265.770764
2.959670, 269.597512
2.500710, 274.246141
2.049296, 280.255997
1.614165, 288.710030
1.216091, 301.942744
0.909477, 324.587949
0.811001, 358.923841
0.988877, 30.515189
1.339697, 49.836214
1.765080, 61.321220
2.224183, 68.901125
2.701122, 74.437197
3.188956, 78.806374
3.684252, 82.456333
4.185135, 85.634871
4.690490, 88.488879
5.199613, 91.110476
5.712028, 93.560173
6.227400, 95.879274
6.745483, 98.096897
7.266088, 100.234138
7.789065, 102.306649
8.314290, 104.326277
8.841661, 106.302155
9.371088, 108.241430
9.902492, 110.149779
10.435800, 112.031763
10.970948, 113.891093
11.507875, 115.730813
12.046524, 117.553447
12.586839, 119.361106
13.128769, 121.155564
13.672263, 122.938328
14.217273, 124.710685
14.763750, 126.473738
15.311647, 128.228442
15.860919, 129.975623
16.411521, 131.716005
16.963406, 133.450218
17.516532, 135.178820
18.070853, 136.902302
18.626326, 138.621101
19.182908, 140.335603
19.740555, 142.046154
20.299224, 143.753066
20.858873, 145.456615
21.419458, 147.157054
21.980937, 148.854607
22.543267, 150.549481
23.106406, 152.241861
23.670311, 153.931916
24.234939, 155.619800
24.800249, 157.305655
25.366197, 158.989609
25.932743, 160.671780
26.499842, 162.352278
27.067454, 164.031202
27.635535, 165.708644
28.204044, 167.384689
28.772938, 169.059417
29.342175, 170.732899
29.911713, 172.405204
30.481509, 174.076395
31.051522, 175.746529
31.621709, 177.415661
32.192029, 179.083842
32.762438, 180.751120
33.332895, 182.417538
33.903358, 184.083138
34.473785, 185.747958
35.044133, 187.412035
35.614361, 189.075404
36.184426, 190.738095
36.754287, 192.400140
37.323901, 194.061566
37.893227, 195.722401
38.462223, 197.382670
39.030846, 199.042396
39.599056, 200.701601
40.166810, 202.360308
40.734066, 204.018536
41.300782, 205.676304
41.866918, 207.333630
42.432432, 208.990532
42.997281, 210.647024
43.561424, 212.303124
44.124821, 213.958845
44.687429, 215.614202
45.249207, 217.269207
45.810114, 218.923873
46.370109, 220.578212
46.929150, 222.232236
47.487197, 223.885955
48.044209, 225.539380
48.600144, 227.192520
49.154963, 228.845386
49.708623, 230.497985
50.261085, 232.150328
50.812308, 233.802421
51.362251, 235.454273
51.910874, 237.105892
52.458138, 238.757284
53.004001, 240.408457
53.548424, 242.059417
54.091366, 243.710171
54.632789, 245.360725
55.172651, 247.011084
55.710914, 248.661255
56.247539, 250.311242
56.782485, 251.961051
57.315713, 253.610687
57.847185, 255.260154
58.376861, 256.909458
58.904703, 258.558602
59.430671, 260.207592
59.954728, 261.856430
60.476834, 263.505122
60.996953, 265.153671
61.515044, 266.802080
62.031071, 268.450353
62.544995, 270.098494
63.056779, 271.746506
63.566386, 273.394392
64.073777, 275.042155
64.578916, 276.689798
65.081766, 278.337323
65.582289, 279.984735
66.080450, 281.632035
66.576212, 283.279226
67.069537, 284.926310
67.560391, 286.573291
68.048736, 288.220169
68.534538, 289.866948
69.017761, 291.513630
69.498369, 293.160216
69.976327, 294.806709
70.451599, 296.453111
70.924152, 298.099424
71.393950, 299.745649
71.860960, 301.391789
72.325146, 303.037845
72.786475, 304.683818
##END=
