##TITLE= Parameter file, TopSpin 4.3.0
##JCAMPDX= 5.0
##DATATYPE= Parameter Values
##ORIGIN= Bruker BioSpin GmbH
##OWNER= nmrsu
$$ 2024-05-22 18:16:26.760 +0100  nmrsu@4CE1161FJM
$$ C:/Bruker/TopSpin4.3.0/exp/stan/nmr/lists/wave/user/multisupp_aux_d8
$$ process C:\Bruker\TopSpin4.3.0\prog\mod\xwinshape.exe
##MINX= 16.77118800
##MAXX= 99.99952900
##MINY= 0.20776000
##MAXY= 359.79224000
##$SHAPE_ADDPHASE= 0
##$SHAPE_AMP= 99.99952895
##$SHAPE_BWFAC= 0
##$SHAPE_BWFAC50= 0
##$SHAPE_CALCBW= yes
##$SHAPE_CALCINTEG= yes
##$SHAPE_EXMODE= <Excitation>
##$SHAPE_EXPAND= <>
##$SHAPE_EXPANDCF= (0..143)
0 0 0 0 0 0 0 0 0 0 0 0 0 0 0 0 0 0 0 0 0 0 0 0 0 0 0 0 0 0 0 0 0 0 0 0
0 0 0 0 0 0 0 0 0 0 0 0 0 0 0 0 0 0 0 0 0 0 0 0 0 0 0 0 0 0 0 0 0 0 0 0
0 0 0 0 0 0 0 0 0 0 0 0 0 0 0 0 0 0 0 0 0 0 0 0 0 0 0 0 0 0 0 0 0 0 0 0
0 0 0 0 0 0 0 0 0 0 0 0 0 0 0 0 0 0 0 0 0 0 0 0 0 0 0 0 0 0 0 0 0 0 0 0
##$SHAPE_EXPFAC= 0
##$SHAPE_FRACEND= 0
##$SHAPE_FRACORG= 0
##$SHAPE_FRACSTART= 0
##$SHAPE_INTEGFAC= 0
##$SHAPE_KEEPRES= yes
##$SHAPE_LENGTH= 25000.000373
##$SHAPE_MAN= <M>
##$SHAPE_MODE= 4
##$SHAPE_MODFREQ= 0
##$SHAPE_MODPHASE= 0
##$SHAPE_MODSCALE= 0
##$SHAPE_MODSW= 0
##$SHAPE_MODSWDIR= -1
##$SHAPE_NPOINTS= 1250
##$SHAPE_OFFS= <1 4>
##$SHAPE_OFFSCOEFF= (0..95)
-159.93353 0 100 -209.18111 0 100 -227.67984 0 100 -296.18058 0 100 0 0
0 0 0 0 0 0 0 0 0 0 0 0 0 0 0 0 0 0 0 0 0 0 0 0 0 0 0 0 0 0 0 0 0 0 0 0
0 0 0 0 0 0 0 0 0 0 0 0 0 0 0 0 0 0 0 0 0 0 0 0 0 0 0 0 0 0 0 0 0 0 0 0
0 0 0 0 0 0 0 0 0 0
##$SHAPE_PARAMETER= <>
##$SHAPE_REPHFAC= 0
##$SHAPE_RES= 0
##$SHAPE_SCALEFAC= 1.00000471
##$SHAPE_SCALETYPE= 0
##$SHAPE_SPOAL= 0
##$SHAPE_SPOFFS= 0
##$SHAPE_SPOPH= 0
##$SHAPE_TOTROT= 90
##$SHAPE_TYPE= <Excitation>
##$SHAPE_USER_DEF= <>
##$SHAPE_VERSION= 2.1
##$SHL_ADDPHASE= (0..15)
0 0 0 0 0 0 0 0 0 0 0 0 0 0 0 0
##$SHL_ALIGNOFFSET= (0..15)
0 0 0 0 0 0 0 0 0 0 0 0 0 0 0 0
##$SHL_AMP= (0..15)
100 0 0 0 0 0 0 0 0 0 0 0 0 0 0 0
##$SHL_AMPFAC= (0..15)
0 0 0 0 0 0 0 0 0 0 0 0 0 0 0 0
##$SHL_BETA= (0..15)
0 0 0 0 0 0 0 0 0 0 0 0 0 0 0 0
##$SHL_BWFAC= (0..15)
1.116 0 0 0 0 0 0 0 0 0 0 0 0 0 0 0
##$SHL_CALCBW= (0..15)
yes yes yes yes yes yes yes yes yes yes yes yes yes yes yes yes
##$SHL_CALCINTEG= (0..15)
yes yes yes yes yes yes yes yes yes yes yes yes yes yes yes yes
##$SHL_CENTERAMP= (0..15)
0 0 0 0 0 0 0 0 0 0 0 0 0 0 0 0
##$SHL_CYCNUM= (0..15)
0 0 0 0 0 0 0 0 0 0 0 0 0 0 0 0
##$SHL_DIPOLCPL= (0..15)
0 0 0 0 0 0 0 0 0 0 0 0 0 0 0 0
##$SHL_ENDAMP= (0..15)
0 0 0 0 0 0 0 0 0 0 0 0 0 0 0 0
##$SHL_EXMODE= (0..15)
<Excitation> <> <> <> <> <> <> <> <> <> <> <> <> <> <> <>
##$SHL_EXPAND= (0..15)
<> <> <> <> <> <> <> <> <> <> <> <> <> <> <> <>
##$SHL_EXPANDCF0= (0..143)
0 0 0 0 0 0 0 0 0 0 0 0 0 0 0 0 0 0 0 0 0 0 0 0 0 0 0 0 0 0 0 0 0 0 0 0
0 0 0 0 0 0 0 0 0 0 0 0 0 0 0 0 0 0 0 0 0 0 0 0 0 0 0 0 0 0 0 0 0 0 0 0
0 0 0 0 0 0 0 0 0 0 0 0 0 0 0 0 0 0 0 0 0 0 0 0 0 0 0 0 0 0 0 0 0 0 0 0
0 0 0 0 0 0 0 0 0 0 0 0 0 0 0 0 0 0 0 0 0 0 0 0 0 0 0 0 0 0 0 0 0 0 0 0
##$SHL_EXPANDCF1= (0..143)
0 0 0 0 0 0 0 0 0 0 0 0 0 0 0 0 0 0 0 0 0 0 0 0 0 0 0 0 0 0 0 0 0 0 0 0
0 0 0 0 0 0 0 0 0 0 0 0 0 0 0 0 0 0 0 0 0 0 0 0 0 0 0 0 0 0 0 0 0 0 0 0
0 0 0 0 0 0 0 0 0 0 0 0 0 0 0 0 0 0 0 0 0 0 0 0 0 0 0 0 0 0 0 0 0 0 0 0
0 0 0 0 0 0 0 0 0 0 0 0 0 0 0 0 0 0 0 0 0 0 0 0 0 0 0 0 0 0 0 0 0 0 0 0
##$SHL_EXPANDCF10= (0..143)
0 0 0 0 0 0 0 0 0 0 0 0 0 0 0 0 0 0 0 0 0 0 0 0 0 0 0 0 0 0 0 0 0 0 0 0
0 0 0 0 0 0 0 0 0 0 0 0 0 0 0 0 0 0 0 0 0 0 0 0 0 0 0 0 0 0 0 0 0 0 0 0
0 0 0 0 0 0 0 0 0 0 0 0 0 0 0 0 0 0 0 0 0 0 0 0 0 0 0 0 0 0 0 0 0 0 0 0
0 0 0 0 0 0 0 0 0 0 0 0 0 0 0 0 0 0 0 0 0 0 0 0 0 0 0 0 0 0 0 0 0 0 0 0
##$SHL_EXPANDCF11= (0..143)
0 0 0 0 0 0 0 0 0 0 0 0 0 0 0 0 0 0 0 0 0 0 0 0 0 0 0 0 0 0 0 0 0 0 0 0
0 0 0 0 0 0 0 0 0 0 0 0 0 0 0 0 0 0 0 0 0 0 0 0 0 0 0 0 0 0 0 0 0 0 0 0
0 0 0 0 0 0 0 0 0 0 0 0 0 0 0 0 0 0 0 0 0 0 0 0 0 0 0 0 0 0 0 0 0 0 0 0
0 0 0 0 0 0 0 0 0 0 0 0 0 0 0 0 0 0 0 0 0 0 0 0 0 0 0 0 0 0 0 0 0 0 0 0
##$SHL_EXPANDCF12= (0..143)
0 0 0 0 0 0 0 0 0 0 0 0 0 0 0 0 0 0 0 0 0 0 0 0 0 0 0 0 0 0 0 0 0 0 0 0
0 0 0 0 0 0 0 0 0 0 0 0 0 0 0 0 0 0 0 0 0 0 0 0 0 0 0 0 0 0 0 0 0 0 0 0
0 0 0 0 0 0 0 0 0 0 0 0 0 0 0 0 0 0 0 0 0 0 0 0 0 0 0 0 0 0 0 0 0 0 0 0
0 0 0 0 0 0 0 0 0 0 0 0 0 0 0 0 0 0 0 0 0 0 0 0 0 0 0 0 0 0 0 0 0 0 0 0
##$SHL_EXPANDCF13= (0..143)
0 0 0 0 0 0 0 0 0 0 0 0 0 0 0 0 0 0 0 0 0 0 0 0 0 0 0 0 0 0 0 0 0 0 0 0
0 0 0 0 0 0 0 0 0 0 0 0 0 0 0 0 0 0 0 0 0 0 0 0 0 0 0 0 0 0 0 0 0 0 0 0
0 0 0 0 0 0 0 0 0 0 0 0 0 0 0 0 0 0 0 0 0 0 0 0 0 0 0 0 0 0 0 0 0 0 0 0
0 0 0 0 0 0 0 0 0 0 0 0 0 0 0 0 0 0 0 0 0 0 0 0 0 0 0 0 0 0 0 0 0 0 0 0
##$SHL_EXPANDCF14= (0..143)
0 0 0 0 0 0 0 0 0 0 0 0 0 0 0 0 0 0 0 0 0 0 0 0 0 0 0 0 0 0 0 0 0 0 0 0
0 0 0 0 0 0 0 0 0 0 0 0 0 0 0 0 0 0 0 0 0 0 0 0 0 0 0 0 0 0 0 0 0 0 0 0
0 0 0 0 0 0 0 0 0 0 0 0 0 0 0 0 0 0 0 0 0 0 0 0 0 0 0 0 0 0 0 0 0 0 0 0
0 0 0 0 0 0 0 0 0 0 0 0 0 0 0 0 0 0 0 0 0 0 0 0 0 0 0 0 0 0 0 0 0 0 0 0
##$SHL_EXPANDCF15= (0..143)
0 0 0 0 0 0 0 0 0 0 0 0 0 0 0 0 0 0 0 0 0 0 0 0 0 0 0 0 0 0 0 0 0 0 0 0
0 0 0 0 0 0 0 0 0 0 0 0 0 0 0 0 0 0 0 0 0 0 0 0 0 0 0 0 0 0 0 0 0 0 0 0
0 0 0 0 0 0 0 0 0 0 0 0 0 0 0 0 0 0 0 0 0 0 0 0 0 0 0 0 0 0 0 0 0 0 0 0
0 0 0 0 0 0 0 0 0 0 0 0 0 0 0 0 0 0 0 0 0 0 0 0 0 0 0 0 0 0 0 0 0 0 0 0
##$SHL_EXPANDCF2= (0..143)
0 0 0 0 0 0 0 0 0 0 0 0 0 0 0 0 0 0 0 0 0 0 0 0 0 0 0 0 0 0 0 0 0 0 0 0
0 0 0 0 0 0 0 0 0 0 0 0 0 0 0 0 0 0 0 0 0 0 0 0 0 0 0 0 0 0 0 0 0 0 0 0
0 0 0 0 0 0 0 0 0 0 0 0 0 0 0 0 0 0 0 0 0 0 0 0 0 0 0 0 0 0 0 0 0 0 0 0
0 0 0 0 0 0 0 0 0 0 0 0 0 0 0 0 0 0 0 0 0 0 0 0 0 0 0 0 0 0 0 0 0 0 0 0
##$SHL_EXPANDCF3= (0..143)
0 0 0 0 0 0 0 0 0 0 0 0 0 0 0 0 0 0 0 0 0 0 0 0 0 0 0 0 0 0 0 0 0 0 0 0
0 0 0 0 0 0 0 0 0 0 0 0 0 0 0 0 0 0 0 0 0 0 0 0 0 0 0 0 0 0 0 0 0 0 0 0
0 0 0 0 0 0 0 0 0 0 0 0 0 0 0 0 0 0 0 0 0 0 0 0 0 0 0 0 0 0 0 0 0 0 0 0
0 0 0 0 0 0 0 0 0 0 0 0 0 0 0 0 0 0 0 0 0 0 0 0 0 0 0 0 0 0 0 0 0 0 0 0
##$SHL_EXPANDCF4= (0..143)
0 0 0 0 0 0 0 0 0 0 0 0 0 0 0 0 0 0 0 0 0 0 0 0 0 0 0 0 0 0 0 0 0 0 0 0
0 0 0 0 0 0 0 0 0 0 0 0 0 0 0 0 0 0 0 0 0 0 0 0 0 0 0 0 0 0 0 0 0 0 0 0
0 0 0 0 0 0 0 0 0 0 0 0 0 0 0 0 0 0 0 0 0 0 0 0 0 0 0 0 0 0 0 0 0 0 0 0
0 0 0 0 0 0 0 0 0 0 0 0 0 0 0 0 0 0 0 0 0 0 0 0 0 0 0 0 0 0 0 0 0 0 0 0
##$SHL_EXPANDCF5= (0..143)
0 0 0 0 0 0 0 0 0 0 0 0 0 0 0 0 0 0 0 0 0 0 0 0 0 0 0 0 0 0 0 0 0 0 0 0
0 0 0 0 0 0 0 0 0 0 0 0 0 0 0 0 0 0 0 0 0 0 0 0 0 0 0 0 0 0 0 0 0 0 0 0
0 0 0 0 0 0 0 0 0 0 0 0 0 0 0 0 0 0 0 0 0 0 0 0 0 0 0 0 0 0 0 0 0 0 0 0
0 0 0 0 0 0 0 0 0 0 0 0 0 0 0 0 0 0 0 0 0 0 0 0 0 0 0 0 0 0 0 0 0 0 0 0
##$SHL_EXPANDCF6= (0..143)
0 0 0 0 0 0 0 0 0 0 0 0 0 0 0 0 0 0 0 0 0 0 0 0 0 0 0 0 0 0 0 0 0 0 0 0
0 0 0 0 0 0 0 0 0 0 0 0 0 0 0 0 0 0 0 0 0 0 0 0 0 0 0 0 0 0 0 0 0 0 0 0
0 0 0 0 0 0 0 0 0 0 0 0 0 0 0 0 0 0 0 0 0 0 0 0 0 0 0 0 0 0 0 0 0 0 0 0
0 0 0 0 0 0 0 0 0 0 0 0 0 0 0 0 0 0 0 0 0 0 0 0 0 0 0 0 0 0 0 0 0 0 0 0
##$SHL_EXPANDCF7= (0..143)
0 0 0 0 0 0 0 0 0 0 0 0 0 0 0 0 0 0 0 0 0 0 0 0 0 0 0 0 0 0 0 0 0 0 0 0
0 0 0 0 0 0 0 0 0 0 0 0 0 0 0 0 0 0 0 0 0 0 0 0 0 0 0 0 0 0 0 0 0 0 0 0
0 0 0 0 0 0 0 0 0 0 0 0 0 0 0 0 0 0 0 0 0 0 0 0 0 0 0 0 0 0 0 0 0 0 0 0
0 0 0 0 0 0 0 0 0 0 0 0 0 0 0 0 0 0 0 0 0 0 0 0 0 0 0 0 0 0 0 0 0 0 0 0
##$SHL_EXPANDCF8= (0..143)
0 0 0 0 0 0 0 0 0 0 0 0 0 0 0 0 0 0 0 0 0 0 0 0 0 0 0 0 0 0 0 0 0 0 0 0
0 0 0 0 0 0 0 0 0 0 0 0 0 0 0 0 0 0 0 0 0 0 0 0 0 0 0 0 0 0 0 0 0 0 0 0
0 0 0 0 0 0 0 0 0 0 0 0 0 0 0 0 0 0 0 0 0 0 0 0 0 0 0 0 0 0 0 0 0 0 0 0
0 0 0 0 0 0 0 0 0 0 0 0 0 0 0 0 0 0 0 0 0 0 0 0 0 0 0 0 0 0 0 0 0 0 0 0
##$SHL_EXPANDCF9= (0..143)
0 0 0 0 0 0 0 0 0 0 0 0 0 0 0 0 0 0 0 0 0 0 0 0 0 0 0 0 0 0 0 0 0 0 0 0
0 0 0 0 0 0 0 0 0 0 0 0 0 0 0 0 0 0 0 0 0 0 0 0 0 0 0 0 0 0 0 0 0 0 0 0
0 0 0 0 0 0 0 0 0 0 0 0 0 0 0 0 0 0 0 0 0 0 0 0 0 0 0 0 0 0 0 0 0 0 0 0
0 0 0 0 0 0 0 0 0 0 0 0 0 0 0 0 0 0 0 0 0 0 0 0 0 0 0 0 0 0 0 0 0 0 0 0
##$SHL_EXPFAC= (0..15)
0 0 0 0 0 0 0 0 0 0 0 0 0 0 0 0
##$SHL_FRACEND= (0..15)
0 0 0 0 0 0 0 0 0 0 0 0 0 0 0 0
##$SHL_FRACORG= (0..15)
0 0 0 0 0 0 0 0 0 0 0 0 0 0 0 0
##$SHL_FRACSTART= (0..15)
0 0 0 0 0 0 0 0 0 0 0 0 0 0 0 0
##$SHL_FULLHALF= (0..15)
0 0 0 0 0 0 0 0 0 0 0 0 0 0 0 0
##$SHL_FUNCAMP= (0..15)
100 0 0 0 0 0 0 0 0 0 0 0 0 0 0 0
##$SHL_FUNCTION= (0..15)
<Rectangle> <> <> <> <> <> <> <> <> <> <> <> <> <> <> <>
##$SHL_GCO= (0..15)
<> <> <> <> <> <> <> <> <> <> <> <> <> <> <> <>
##$SHL_GCOCOEFFS0= (0..59)
0 0 0 0 0 0 0 0 0 0 0 0 0 0 0 0 0 0 0 0 0 0 0 0 0 0 0 0 0 0 0 0 0 0 0 0
0 0 0 0 0 0 0 0 0 0 0 0 0 0 0 0 0 0 0 0 0 0 0 0
##$SHL_GCOCOEFFS1= (0..59)
0 0 0 0 0 0 0 0 0 0 0 0 0 0 0 0 0 0 0 0 0 0 0 0 0 0 0 0 0 0 0 0 0 0 0 0
0 0 0 0 0 0 0 0 0 0 0 0 0 0 0 0 0 0 0 0 0 0 0 0
##$SHL_GCOCOEFFS10= (0..59)
0 0 0 0 0 0 0 0 0 0 0 0 0 0 0 0 0 0 0 0 0 0 0 0 0 0 0 0 0 0 0 0 0 0 0 0
0 0 0 0 0 0 0 0 0 0 0 0 0 0 0 0 0 0 0 0 0 0 0 0
##$SHL_GCOCOEFFS11= (0..59)
0 0 0 0 0 0 0 0 0 0 0 0 0 0 0 0 0 0 0 0 0 0 0 0 0 0 0 0 0 0 0 0 0 0 0 0
0 0 0 0 0 0 0 0 0 0 0 0 0 0 0 0 0 0 0 0 0 0 0 0
##$SHL_GCOCOEFFS12= (0..59)
0 0 0 0 0 0 0 0 0 0 0 0 0 0 0 0 0 0 0 0 0 0 0 0 0 0 0 0 0 0 0 0 0 0 0 0
0 0 0 0 0 0 0 0 0 0 0 0 0 0 0 0 0 0 0 0 0 0 0 0
##$SHL_GCOCOEFFS13= (0..59)
0 0 0 0 0 0 0 0 0 0 0 0 0 0 0 0 0 0 0 0 0 0 0 0 0 0 0 0 0 0 0 0 0 0 0 0
0 0 0 0 0 0 0 0 0 0 0 0 0 0 0 0 0 0 0 0 0 0 0 0
##$SHL_GCOCOEFFS14= (0..59)
0 0 0 0 0 0 0 0 0 0 0 0 0 0 0 0 0 0 0 0 0 0 0 0 0 0 0 0 0 0 0 0 0 0 0 0
0 0 0 0 0 0 0 0 0 0 0 0 0 0 0 0 0 0 0 0 0 0 0 0
##$SHL_GCOCOEFFS15= (0..59)
0 0 0 0 0 0 0 0 0 0 0 0 0 0 0 0 0 0 0 0 0 0 0 0 0 0 0 0 0 0 0 0 0 0 0 0
0 0 0 0 0 0 0 0 0 0 0 0 0 0 0 0 0 0 0 0 0 0 0 0
##$SHL_GCOCOEFFS2= (0..59)
0 0 0 0 0 0 0 0 0 0 0 0 0 0 0 0 0 0 0 0 0 0 0 0 0 0 0 0 0 0 0 0 0 0 0 0
0 0 0 0 0 0 0 0 0 0 0 0 0 0 0 0 0 0 0 0 0 0 0 0
##$SHL_GCOCOEFFS3= (0..59)
0 0 0 0 0 0 0 0 0 0 0 0 0 0 0 0 0 0 0 0 0 0 0 0 0 0 0 0 0 0 0 0 0 0 0 0
0 0 0 0 0 0 0 0 0 0 0 0 0 0 0 0 0 0 0 0 0 0 0 0
##$SHL_GCOCOEFFS4= (0..59)
0 0 0 0 0 0 0 0 0 0 0 0 0 0 0 0 0 0 0 0 0 0 0 0 0 0 0 0 0 0 0 0 0 0 0 0
0 0 0 0 0 0 0 0 0 0 0 0 0 0 0 0 0 0 0 0 0 0 0 0
##$SHL_GCOCOEFFS5= (0..59)
0 0 0 0 0 0 0 0 0 0 0 0 0 0 0 0 0 0 0 0 0 0 0 0 0 0 0 0 0 0 0 0 0 0 0 0
0 0 0 0 0 0 0 0 0 0 0 0 0 0 0 0 0 0 0 0 0 0 0 0
##$SHL_GCOCOEFFS6= (0..59)
0 0 0 0 0 0 0 0 0 0 0 0 0 0 0 0 0 0 0 0 0 0 0 0 0 0 0 0 0 0 0 0 0 0 0 0
0 0 0 0 0 0 0 0 0 0 0 0 0 0 0 0 0 0 0 0 0 0 0 0
##$SHL_GCOCOEFFS7= (0..59)
0 0 0 0 0 0 0 0 0 0 0 0 0 0 0 0 0 0 0 0 0 0 0 0 0 0 0 0 0 0 0 0 0 0 0 0
0 0 0 0 0 0 0 0 0 0 0 0 0 0 0 0 0 0 0 0 0 0 0 0
##$SHL_GCOCOEFFS8= (0..59)
0 0 0 0 0 0 0 0 0 0 0 0 0 0 0 0 0 0 0 0 0 0 0 0 0 0 0 0 0 0 0 0 0 0 0 0
0 0 0 0 0 0 0 0 0 0 0 0 0 0 0 0 0 0 0 0 0 0 0 0
##$SHL_GCOCOEFFS9= (0..59)
0 0 0 0 0 0 0 0 0 0 0 0 0 0 0 0 0 0 0 0 0 0 0 0 0 0 0 0 0 0 0 0 0 0 0 0
0 0 0 0 0 0 0 0 0 0 0 0 0 0 0 0 0 0 0 0 0 0 0 0
##$SHL_INTEGFAC= (0..15)
1 0 0 0 0 0 0 0 0 0 0 0 0 0 0 0
##$SHL_LB= (0..15)
0 0 0 0 0 0 0 0 0 0 0 0 0 0 0 0
##$SHL_LEFTLIMIT= (0..15)
0 0 0 0 0 0 0 0 0 0 0 0 0 0 0 0
##$SHL_LENGTH= (0..15)
25000.000373 0 0 0 0 0 0 0 0 0 0 0 0 0 0 0
##$SHL_MAN= (0..15)
<> <> <> <> <> <> <> <> <> <> <> <> <> <> <> <>
##$SHL_MEANAMP= (0..15)
0 0 0 0 0 0 0 0 0 0 0 0 0 0 0 0
##$SHL_MODAMP= (0..15)
0 0 0 0 0 0 0 0 0 0 0 0 0 0 0 0
##$SHL_MODE= (0..15)
0 0 0 0 0 0 0 0 0 0 0 0 0 0 0 0
##$SHL_MODFREQ= (0..15)
0 0 0 0 0 0 0 0 0 0 0 0 0 0 0 0
##$SHL_MODPHASE= (0..15)
0 0 0 0 0 0 0 0 0 0 0 0 0 0 0 0
##$SHL_MODSCALE= (0..15)
0 0 0 0 0 0 0 0 0 0 0 0 0 0 0 0
##$SHL_MODSW= (0..15)
0 0 0 0 0 0 0 0 0 0 0 0 0 0 0 0
##$SHL_MODSWDIR= (0..15)
-1 -1 -1 -1 -1 -1 -1 -1 -1 -1 -1 -1 -1 -1 -1 -1
##$SHL_MU= (0..15)
0 0 0 0 0 0 0 0 0 0 0 0 0 0 0 0
##$SHL_NPOINTS= (0..15)
1250 0 0 0 0 0 0 0 0 0 0 0 0 0 0 0
##$SHL_OFFS= (0..15)
<> <> <> <> <> <> <> <> <> <> <> <> <> <> <> <>
##$SHL_OFFSCOEFF0= (0..95)
0 0 0 0 0 0 0 0 0 0 0 0 0 0 0 0 0 0 0 0 0 0 0 0 0 0 0 0 0 0 0 0 0 0 0 0
0 0 0 0 0 0 0 0 0 0 0 0 0 0 0 0 0 0 0 0 0 0 0 0 0 0 0 0 0 0 0 0 0 0 0 0
0 0 0 0 0 0 0 0 0 0 0 0 0 0 0 0 0 0 0 0 0 0 0 0
##$SHL_OFFSCOEFF1= (0..95)
0 0 0 0 0 0 0 0 0 0 0 0 0 0 0 0 0 0 0 0 0 0 0 0 0 0 0 0 0 0 0 0 0 0 0 0
0 0 0 0 0 0 0 0 0 0 0 0 0 0 0 0 0 0 0 0 0 0 0 0 0 0 0 0 0 0 0 0 0 0 0 0
0 0 0 0 0 0 0 0 0 0 0 0 0 0 0 0 0 0 0 0 0 0 0 0
##$SHL_OFFSCOEFF10= (0..95)
0 0 0 0 0 0 0 0 0 0 0 0 0 0 0 0 0 0 0 0 0 0 0 0 0 0 0 0 0 0 0 0 0 0 0 0
0 0 0 0 0 0 0 0 0 0 0 0 0 0 0 0 0 0 0 0 0 0 0 0 0 0 0 0 0 0 0 0 0 0 0 0
0 0 0 0 0 0 0 0 0 0 0 0 0 0 0 0 0 0 0 0 0 0 0 0
##$SHL_OFFSCOEFF11= (0..95)
0 0 0 0 0 0 0 0 0 0 0 0 0 0 0 0 0 0 0 0 0 0 0 0 0 0 0 0 0 0 0 0 0 0 0 0
0 0 0 0 0 0 0 0 0 0 0 0 0 0 0 0 0 0 0 0 0 0 0 0 0 0 0 0 0 0 0 0 0 0 0 0
0 0 0 0 0 0 0 0 0 0 0 0 0 0 0 0 0 0 0 0 0 0 0 0
##$SHL_OFFSCOEFF12= (0..95)
0 0 0 0 0 0 0 0 0 0 0 0 0 0 0 0 0 0 0 0 0 0 0 0 0 0 0 0 0 0 0 0 0 0 0 0
0 0 0 0 0 0 0 0 0 0 0 0 0 0 0 0 0 0 0 0 0 0 0 0 0 0 0 0 0 0 0 0 0 0 0 0
0 0 0 0 0 0 0 0 0 0 0 0 0 0 0 0 0 0 0 0 0 0 0 0
##$SHL_OFFSCOEFF13= (0..95)
0 0 0 0 0 0 0 0 0 0 0 0 0 0 0 0 0 0 0 0 0 0 0 0 0 0 0 0 0 0 0 0 0 0 0 0
0 0 0 0 0 0 0 0 0 0 0 0 0 0 0 0 0 0 0 0 0 0 0 0 0 0 0 0 0 0 0 0 0 0 0 0
0 0 0 0 0 0 0 0 0 0 0 0 0 0 0 0 0 0 0 0 0 0 0 0
##$SHL_OFFSCOEFF14= (0..95)
0 0 0 0 0 0 0 0 0 0 0 0 0 0 0 0 0 0 0 0 0 0 0 0 0 0 0 0 0 0 0 0 0 0 0 0
0 0 0 0 0 0 0 0 0 0 0 0 0 0 0 0 0 0 0 0 0 0 0 0 0 0 0 0 0 0 0 0 0 0 0 0
0 0 0 0 0 0 0 0 0 0 0 0 0 0 0 0 0 0 0 0 0 0 0 0
##$SHL_OFFSCOEFF15= (0..95)
0 0 0 0 0 0 0 0 0 0 0 0 0 0 0 0 0 0 0 0 0 0 0 0 0 0 0 0 0 0 0 0 0 0 0 0
0 0 0 0 0 0 0 0 0 0 0 0 0 0 0 0 0 0 0 0 0 0 0 0 0 0 0 0 0 0 0 0 0 0 0 0
0 0 0 0 0 0 0 0 0 0 0 0 0 0 0 0 0 0 0 0 0 0 0 0
##$SHL_OFFSCOEFF2= (0..95)
0 0 0 0 0 0 0 0 0 0 0 0 0 0 0 0 0 0 0 0 0 0 0 0 0 0 0 0 0 0 0 0 0 0 0 0
0 0 0 0 0 0 0 0 0 0 0 0 0 0 0 0 0 0 0 0 0 0 0 0 0 0 0 0 0 0 0 0 0 0 0 0
0 0 0 0 0 0 0 0 0 0 0 0 0 0 0 0 0 0 0 0 0 0 0 0
##$SHL_OFFSCOEFF3= (0..95)
0 0 0 0 0 0 0 0 0 0 0 0 0 0 0 0 0 0 0 0 0 0 0 0 0 0 0 0 0 0 0 0 0 0 0 0
0 0 0 0 0 0 0 0 0 0 0 0 0 0 0 0 0 0 0 0 0 0 0 0 0 0 0 0 0 0 0 0 0 0 0 0
0 0 0 0 0 0 0 0 0 0 0 0 0 0 0 0 0 0 0 0 0 0 0 0
##$SHL_OFFSCOEFF4= (0..95)
0 0 0 0 0 0 0 0 0 0 0 0 0 0 0 0 0 0 0 0 0 0 0 0 0 0 0 0 0 0 0 0 0 0 0 0
0 0 0 0 0 0 0 0 0 0 0 0 0 0 0 0 0 0 0 0 0 0 0 0 0 0 0 0 0 0 0 0 0 0 0 0
0 0 0 0 0 0 0 0 0 0 0 0 0 0 0 0 0 0 0 0 0 0 0 0
##$SHL_OFFSCOEFF5= (0..95)
0 0 0 0 0 0 0 0 0 0 0 0 0 0 0 0 0 0 0 0 0 0 0 0 0 0 0 0 0 0 0 0 0 0 0 0
0 0 0 0 0 0 0 0 0 0 0 0 0 0 0 0 0 0 0 0 0 0 0 0 0 0 0 0 0 0 0 0 0 0 0 0
0 0 0 0 0 0 0 0 0 0 0 0 0 0 0 0 0 0 0 0 0 0 0 0
##$SHL_OFFSCOEFF6= (0..95)
0 0 0 0 0 0 0 0 0 0 0 0 0 0 0 0 0 0 0 0 0 0 0 0 0 0 0 0 0 0 0 0 0 0 0 0
0 0 0 0 0 0 0 0 0 0 0 0 0 0 0 0 0 0 0 0 0 0 0 0 0 0 0 0 0 0 0 0 0 0 0 0
0 0 0 0 0 0 0 0 0 0 0 0 0 0 0 0 0 0 0 0 0 0 0 0
##$SHL_OFFSCOEFF7= (0..95)
0 0 0 0 0 0 0 0 0 0 0 0 0 0 0 0 0 0 0 0 0 0 0 0 0 0 0 0 0 0 0 0 0 0 0 0
0 0 0 0 0 0 0 0 0 0 0 0 0 0 0 0 0 0 0 0 0 0 0 0 0 0 0 0 0 0 0 0 0 0 0 0
0 0 0 0 0 0 0 0 0 0 0 0 0 0 0 0 0 0 0 0 0 0 0 0
##$SHL_OFFSCOEFF8= (0..95)
0 0 0 0 0 0 0 0 0 0 0 0 0 0 0 0 0 0 0 0 0 0 0 0 0 0 0 0 0 0 0 0 0 0 0 0
0 0 0 0 0 0 0 0 0 0 0 0 0 0 0 0 0 0 0 0 0 0 0 0 0 0 0 0 0 0 0 0 0 0 0 0
0 0 0 0 0 0 0 0 0 0 0 0 0 0 0 0 0 0 0 0 0 0 0 0
##$SHL_OFFSCOEFF9= (0..95)
0 0 0 0 0 0 0 0 0 0 0 0 0 0 0 0 0 0 0 0 0 0 0 0 0 0 0 0 0 0 0 0 0 0 0 0
0 0 0 0 0 0 0 0 0 0 0 0 0 0 0 0 0 0 0 0 0 0 0 0 0 0 0 0 0 0 0 0 0 0 0 0
0 0 0 0 0 0 0 0 0 0 0 0 0 0 0 0 0 0 0 0 0 0 0 0
##$SHL_PHASE= (0..15)
0 0 0 0 0 0 0 0 0 0 0 0 0 0 0 0
##$SHL_PHASEFAC= (0..15)
0 0 0 0 0 0 0 0 0 0 0 0 0 0 0 0
##$SHL_POWERINDEX= (0..15)
0 0 0 0 0 0 0 0 0 0 0 0 0 0 0 0
##$SHL_QUADCOEFF= (0..15)
0 0 0 0 0 0 0 0 0 0 0 0 0 0 0 0
##$SHL_RIGHTLIMIT= (0..15)
0 0 0 0 0 0 0 0 0 0 0 0 0 0 0 0
##$SHL_SCALEFACTOR= (0..15)
1 1 1 1 1 1 1 1 1 1 1 1 1 1 1 1
##$SHL_SF= (0..15)
<> <> <> <> <> <> <> <> <> <> <> <> <> <> <> <>
##$SHL_SFCOEFFS0= (0..200)
0 0 0 0 0 0 0 0 0 0 0 0 0 0 0 0 0 0 0 0 0 0 0 0 0 0 0 0 0 0 0 0 0 0 0 0
0 0 0 0 0 0 0 0 0 0 0 0 0 0 0 0 0 0 0 0 0 0 0 0 0 0 0 0 0 0 0 0 0 0 0 0
0 0 0 0 0 0 0 0 0 0 0 0 0 0 0 0 0 0 0 0 0 0 0 0 0 0 0 0 0 0 0 0 0 0 0 0
0 0 0 0 0 0 0 0 0 0 0 0 0 0 0 0 0 0 0 0 0 0 0 0 0 0 0 0 0 0 0 0 0 0 0 0
0 0 0 0 0 0 0 0 0 0 0 0 0 0 0 0 0 0 0 0 0 0 0 0 0 0 0 0 0 0 0 0 0 0 0 0
0 0 0 0 0 0 0 0 0 0 0 0 0 0 0 0 0 0 0 0 0
##$SHL_SFCOEFFS1= (0..200)
0 0 0 0 0 0 0 0 0 0 0 0 0 0 0 0 0 0 0 0 0 0 0 0 0 0 0 0 0 0 0 0 0 0 0 0
0 0 0 0 0 0 0 0 0 0 0 0 0 0 0 0 0 0 0 0 0 0 0 0 0 0 0 0 0 0 0 0 0 0 0 0
0 0 0 0 0 0 0 0 0 0 0 0 0 0 0 0 0 0 0 0 0 0 0 0 0 0 0 0 0 0 0 0 0 0 0 0
0 0 0 0 0 0 0 0 0 0 0 0 0 0 0 0 0 0 0 0 0 0 0 0 0 0 0 0 0 0 0 0 0 0 0 0
0 0 0 0 0 0 0 0 0 0 0 0 0 0 0 0 0 0 0 0 0 0 0 0 0 0 0 0 0 0 0 0 0 0 0 0
0 0 0 0 0 0 0 0 0 0 0 0 0 0 0 0 0 0 0 0 0
##$SHL_SFCOEFFS10= (0..200)
0 0 0 0 0 0 0 0 0 0 0 0 0 0 0 0 0 0 0 0 0 0 0 0 0 0 0 0 0 0 0 0 0 0 0 0
0 0 0 0 0 0 0 0 0 0 0 0 0 0 0 0 0 0 0 0 0 0 0 0 0 0 0 0 0 0 0 0 0 0 0 0
0 0 0 0 0 0 0 0 0 0 0 0 0 0 0 0 0 0 0 0 0 0 0 0 0 0 0 0 0 0 0 0 0 0 0 0
0 0 0 0 0 0 0 0 0 0 0 0 0 0 0 0 0 0 0 0 0 0 0 0 0 0 0 0 0 0 0 0 0 0 0 0
0 0 0 0 0 0 0 0 0 0 0 0 0 0 0 0 0 0 0 0 0 0 0 0 0 0 0 0 0 0 0 0 0 0 0 0
0 0 0 0 0 0 0 0 0 0 0 0 0 0 0 0 0 0 0 0 0
##$SHL_SFCOEFFS11= (0..200)
0 0 0 0 0 0 0 0 0 0 0 0 0 0 0 0 0 0 0 0 0 0 0 0 0 0 0 0 0 0 0 0 0 0 0 0
0 0 0 0 0 0 0 0 0 0 0 0 0 0 0 0 0 0 0 0 0 0 0 0 0 0 0 0 0 0 0 0 0 0 0 0
0 0 0 0 0 0 0 0 0 0 0 0 0 0 0 0 0 0 0 0 0 0 0 0 0 0 0 0 0 0 0 0 0 0 0 0
0 0 0 0 0 0 0 0 0 0 0 0 0 0 0 0 0 0 0 0 0 0 0 0 0 0 0 0 0 0 0 0 0 0 0 0
0 0 0 0 0 0 0 0 0 0 0 0 0 0 0 0 0 0 0 0 0 0 0 0 0 0 0 0 0 0 0 0 0 0 0 0
0 0 0 0 0 0 0 0 0 0 0 0 0 0 0 0 0 0 0 0 0
##$SHL_SFCOEFFS12= (0..200)
0 0 0 0 0 0 0 0 0 0 0 0 0 0 0 0 0 0 0 0 0 0 0 0 0 0 0 0 0 0 0 0 0 0 0 0
0 0 0 0 0 0 0 0 0 0 0 0 0 0 0 0 0 0 0 0 0 0 0 0 0 0 0 0 0 0 0 0 0 0 0 0
0 0 0 0 0 0 0 0 0 0 0 0 0 0 0 0 0 0 0 0 0 0 0 0 0 0 0 0 0 0 0 0 0 0 0 0
0 0 0 0 0 0 0 0 0 0 0 0 0 0 0 0 0 0 0 0 0 0 0 0 0 0 0 0 0 0 0 0 0 0 0 0
0 0 0 0 0 0 0 0 0 0 0 0 0 0 0 0 0 0 0 0 0 0 0 0 0 0 0 0 0 0 0 0 0 0 0 0
0 0 0 0 0 0 0 0 0 0 0 0 0 0 0 0 0 0 0 0 0
##$SHL_SFCOEFFS13= (0..200)
0 0 0 0 0 0 0 0 0 0 0 0 0 0 0 0 0 0 0 0 0 0 0 0 0 0 0 0 0 0 0 0 0 0 0 0
0 0 0 0 0 0 0 0 0 0 0 0 0 0 0 0 0 0 0 0 0 0 0 0 0 0 0 0 0 0 0 0 0 0 0 0
0 0 0 0 0 0 0 0 0 0 0 0 0 0 0 0 0 0 0 0 0 0 0 0 0 0 0 0 0 0 0 0 0 0 0 0
0 0 0 0 0 0 0 0 0 0 0 0 0 0 0 0 0 0 0 0 0 0 0 0 0 0 0 0 0 0 0 0 0 0 0 0
0 0 0 0 0 0 0 0 0 0 0 0 0 0 0 0 0 0 0 0 0 0 0 0 0 0 0 0 0 0 0 0 0 0 0 0
0 0 0 0 0 0 0 0 0 0 0 0 0 0 0 0 0 0 0 0 0
##$SHL_SFCOEFFS14= (0..200)
0 0 0 0 0 0 0 0 0 0 0 0 0 0 0 0 0 0 0 0 0 0 0 0 0 0 0 0 0 0 0 0 0 0 0 0
0 0 0 0 0 0 0 0 0 0 0 0 0 0 0 0 0 0 0 0 0 0 0 0 0 0 0 0 0 0 0 0 0 0 0 0
0 0 0 0 0 0 0 0 0 0 0 0 0 0 0 0 0 0 0 0 0 0 0 0 0 0 0 0 0 0 0 0 0 0 0 0
0 0 0 0 0 0 0 0 0 0 0 0 0 0 0 0 0 0 0 0 0 0 0 0 0 0 0 0 0 0 0 0 0 0 0 0
0 0 0 0 0 0 0 0 0 0 0 0 0 0 0 0 0 0 0 0 0 0 0 0 0 0 0 0 0 0 0 0 0 0 0 0
0 0 0 0 0 0 0 0 0 0 0 0 0 0 0 0 0 0 0 0 0
##$SHL_SFCOEFFS15= (0..200)
0 0 0 0 0 0 0 0 0 0 0 0 0 0 0 0 0 0 0 0 0 0 0 0 0 0 0 0 0 0 0 0 0 0 0 0
0 0 0 0 0 0 0 0 0 0 0 0 0 0 0 0 0 0 0 0 0 0 0 0 0 0 0 0 0 0 0 0 0 0 0 0
0 0 0 0 0 0 0 0 0 0 0 0 0 0 0 0 0 0 0 0 0 0 0 0 0 0 0 0 0 0 0 0 0 0 0 0
0 0 0 0 0 0 0 0 0 0 0 0 0 0 0 0 0 0 0 0 0 0 0 0 0 0 0 0 0 0 0 0 0 0 0 0
0 0 0 0 0 0 0 0 0 0 0 0 0 0 0 0 0 0 0 0 0 0 0 0 0 0 0 0 0 0 0 0 0 0 0 0
0 0 0 0 0 0 0 0 0 0 0 0 0 0 0 0 0 0 0 0 0
##$SHL_SFCOEFFS2= (0..200)
0 0 0 0 0 0 0 0 0 0 0 0 0 0 0 0 0 0 0 0 0 0 0 0 0 0 0 0 0 0 0 0 0 0 0 0
0 0 0 0 0 0 0 0 0 0 0 0 0 0 0 0 0 0 0 0 0 0 0 0 0 0 0 0 0 0 0 0 0 0 0 0
0 0 0 0 0 0 0 0 0 0 0 0 0 0 0 0 0 0 0 0 0 0 0 0 0 0 0 0 0 0 0 0 0 0 0 0
0 0 0 0 0 0 0 0 0 0 0 0 0 0 0 0 0 0 0 0 0 0 0 0 0 0 0 0 0 0 0 0 0 0 0 0
0 0 0 0 0 0 0 0 0 0 0 0 0 0 0 0 0 0 0 0 0 0 0 0 0 0 0 0 0 0 0 0 0 0 0 0
0 0 0 0 0 0 0 0 0 0 0 0 0 0 0 0 0 0 0 0 0
##$SHL_SFCOEFFS3= (0..200)
0 0 0 0 0 0 0 0 0 0 0 0 0 0 0 0 0 0 0 0 0 0 0 0 0 0 0 0 0 0 0 0 0 0 0 0
0 0 0 0 0 0 0 0 0 0 0 0 0 0 0 0 0 0 0 0 0 0 0 0 0 0 0 0 0 0 0 0 0 0 0 0
0 0 0 0 0 0 0 0 0 0 0 0 0 0 0 0 0 0 0 0 0 0 0 0 0 0 0 0 0 0 0 0 0 0 0 0
0 0 0 0 0 0 0 0 0 0 0 0 0 0 0 0 0 0 0 0 0 0 0 0 0 0 0 0 0 0 0 0 0 0 0 0
0 0 0 0 0 0 0 0 0 0 0 0 0 0 0 0 0 0 0 0 0 0 0 0 0 0 0 0 0 0 0 0 0 0 0 0
0 0 0 0 0 0 0 0 0 0 0 0 0 0 0 0 0 0 0 0 0
##$SHL_SFCOEFFS4= (0..200)
0 0 0 0 0 0 0 0 0 0 0 0 0 0 0 0 0 0 0 0 0 0 0 0 0 0 0 0 0 0 0 0 0 0 0 0
0 0 0 0 0 0 0 0 0 0 0 0 0 0 0 0 0 0 0 0 0 0 0 0 0 0 0 0 0 0 0 0 0 0 0 0
0 0 0 0 0 0 0 0 0 0 0 0 0 0 0 0 0 0 0 0 0 0 0 0 0 0 0 0 0 0 0 0 0 0 0 0
0 0 0 0 0 0 0 0 0 0 0 0 0 0 0 0 0 0 0 0 0 0 0 0 0 0 0 0 0 0 0 0 0 0 0 0
0 0 0 0 0 0 0 0 0 0 0 0 0 0 0 0 0 0 0 0 0 0 0 0 0 0 0 0 0 0 0 0 0 0 0 0
0 0 0 0 0 0 0 0 0 0 0 0 0 0 0 0 0 0 0 0 0
##$SHL_SFCOEFFS5= (0..200)
0 0 0 0 0 0 0 0 0 0 0 0 0 0 0 0 0 0 0 0 0 0 0 0 0 0 0 0 0 0 0 0 0 0 0 0
0 0 0 0 0 0 0 0 0 0 0 0 0 0 0 0 0 0 0 0 0 0 0 0 0 0 0 0 0 0 0 0 0 0 0 0
0 0 0 0 0 0 0 0 0 0 0 0 0 0 0 0 0 0 0 0 0 0 0 0 0 0 0 0 0 0 0 0 0 0 0 0
0 0 0 0 0 0 0 0 0 0 0 0 0 0 0 0 0 0 0 0 0 0 0 0 0 0 0 0 0 0 0 0 0 0 0 0
0 0 0 0 0 0 0 0 0 0 0 0 0 0 0 0 0 0 0 0 0 0 0 0 0 0 0 0 0 0 0 0 0 0 0 0
0 0 0 0 0 0 0 0 0 0 0 0 0 0 0 0 0 0 0 0 0
##$SHL_SFCOEFFS6= (0..200)
0 0 0 0 0 0 0 0 0 0 0 0 0 0 0 0 0 0 0 0 0 0 0 0 0 0 0 0 0 0 0 0 0 0 0 0
0 0 0 0 0 0 0 0 0 0 0 0 0 0 0 0 0 0 0 0 0 0 0 0 0 0 0 0 0 0 0 0 0 0 0 0
0 0 0 0 0 0 0 0 0 0 0 0 0 0 0 0 0 0 0 0 0 0 0 0 0 0 0 0 0 0 0 0 0 0 0 0
0 0 0 0 0 0 0 0 0 0 0 0 0 0 0 0 0 0 0 0 0 0 0 0 0 0 0 0 0 0 0 0 0 0 0 0
0 0 0 0 0 0 0 0 0 0 0 0 0 0 0 0 0 0 0 0 0 0 0 0 0 0 0 0 0 0 0 0 0 0 0 0
0 0 0 0 0 0 0 0 0 0 0 0 0 0 0 0 0 0 0 0 0
##$SHL_SFCOEFFS7= (0..200)
0 0 0 0 0 0 0 0 0 0 0 0 0 0 0 0 0 0 0 0 0 0 0 0 0 0 0 0 0 0 0 0 0 0 0 0
0 0 0 0 0 0 0 0 0 0 0 0 0 0 0 0 0 0 0 0 0 0 0 0 0 0 0 0 0 0 0 0 0 0 0 0
0 0 0 0 0 0 0 0 0 0 0 0 0 0 0 0 0 0 0 0 0 0 0 0 0 0 0 0 0 0 0 0 0 0 0 0
0 0 0 0 0 0 0 0 0 0 0 0 0 0 0 0 0 0 0 0 0 0 0 0 0 0 0 0 0 0 0 0 0 0 0 0
0 0 0 0 0 0 0 0 0 0 0 0 0 0 0 0 0 0 0 0 0 0 0 0 0 0 0 0 0 0 0 0 0 0 0 0
0 0 0 0 0 0 0 0 0 0 0 0 0 0 0 0 0 0 0 0 0
##$SHL_SFCOEFFS8= (0..200)
0 0 0 0 0 0 0 0 0 0 0 0 0 0 0 0 0 0 0 0 0 0 0 0 0 0 0 0 0 0 0 0 0 0 0 0
0 0 0 0 0 0 0 0 0 0 0 0 0 0 0 0 0 0 0 0 0 0 0 0 0 0 0 0 0 0 0 0 0 0 0 0
0 0 0 0 0 0 0 0 0 0 0 0 0 0 0 0 0 0 0 0 0 0 0 0 0 0 0 0 0 0 0 0 0 0 0 0
0 0 0 0 0 0 0 0 0 0 0 0 0 0 0 0 0 0 0 0 0 0 0 0 0 0 0 0 0 0 0 0 0 0 0 0
0 0 0 0 0 0 0 0 0 0 0 0 0 0 0 0 0 0 0 0 0 0 0 0 0 0 0 0 0 0 0 0 0 0 0 0
0 0 0 0 0 0 0 0 0 0 0 0 0 0 0 0 0 0 0 0 0
##$SHL_SFCOEFFS9= (0..200)
0 0 0 0 0 0 0 0 0 0 0 0 0 0 0 0 0 0 0 0 0 0 0 0 0 0 0 0 0 0 0 0 0 0 0 0
0 0 0 0 0 0 0 0 0 0 0 0 0 0 0 0 0 0 0 0 0 0 0 0 0 0 0 0 0 0 0 0 0 0 0 0
0 0 0 0 0 0 0 0 0 0 0 0 0 0 0 0 0 0 0 0 0 0 0 0 0 0 0 0 0 0 0 0 0 0 0 0
0 0 0 0 0 0 0 0 0 0 0 0 0 0 0 0 0 0 0 0 0 0 0 0 0 0 0 0 0 0 0 0 0 0 0 0
0 0 0 0 0 0 0 0 0 0 0 0 0 0 0 0 0 0 0 0 0 0 0 0 0 0 0 0 0 0 0 0 0 0 0 0
0 0 0 0 0 0 0 0 0 0 0 0 0 0 0 0 0 0 0 0 0
##$SHL_SMOOTHED= (0..15)
0 0 0 0 0 0 0 0 0 0 0 0 0 0 0 0
##$SHL_SMOOTHING= (0..15)
0 0 0 0 0 0 0 0 0 0 0 0 0 0 0 0
##$SHL_SPOAL= (0..15)
0 0 0 0 0 0 0 0 0 0 0 0 0 0 0 0
##$SHL_SPOFFS= (0..15)
0 0 0 0 0 0 0 0 0 0 0 0 0 0 0 0
##$SHL_SPOPH= (0..15)
0 0 0 0 0 0 0 0 0 0 0 0 0 0 0 0
##$SHL_STARTAMP= (0..15)
0 0 0 0 0 0 0 0 0 0 0 0 0 0 0 0
##$SHL_SW= (0..15)
0 0 0 0 0 0 0 0 0 0 0 0 0 0 0 0
##$SHL_SWDIR= (0..15)
-1 -1 -1 -1 -1 -1 -1 -1 -1 -1 -1 -1 -1 -1 -1 -1
##$SHL_TANKAPPA= (0..15)
0 0 0 0 0 0 0 0 0 0 0 0 0 0 0 0
##$SHL_TOTROT= (0..15)
90 0 0 0 0 0 0 0 0 0 0 0 0 0 0 0
##$SHL_TRUNCLEV= (0..15)
0 0 0 0 0 0 0 0 0 0 0 0 0 0 0 0
##$SHL_TYPE= (0..15)
<Excitation> <> <> <> <> <> <> <> <> <> <> <> <> <> <> <>
##$SHL_WINDOWSIZE= (0..15)
0 0 0 0 0 0 0 0 0 0 0 0 0 0 0 0
##$SHL_ZETA= (0..15)
0 0 0 0 0 0 0 0 0 0 0 0 0 0 0 0
##NPOINTS= 1250
##XYPOINTS= (XY..XY)
62.347104, 78.847343
62.082989, 80.592732
61.817056, 82.339714
61.549336, 84.088311
61.279857, 85.838543
61.008652, 87.590432
60.735749, 89.343999
60.461181, 91.099267
60.184978, 92.856258
59.907170, 94.614996
59.627791, 96.375504
59.346871, 98.137805
59.064443, 99.901925
58.780539, 101.667888
58.495191, 103.435720
58.208433, 105.205446
57.920297, 106.977093
57.630817, 108.750687
57.340026, 110.526256
57.047958, 112.303828
56.754648, 114.083431
56.460129, 115.865094
56.164435, 117.648846
55.867603, 119.434718
55.569667, 121.222739
55.270662, 123.012941
54.970625, 124.805355
54.669590, 126.600014
54.367594, 128.396951
54.064673, 130.196198
53.760865, 131.997789
53.456205, 133.801760
53.150732, 135.608145
52.844482, 137.416981
52.537493, 139.228302
52.229804, 141.042147
51.921453, 142.858553
51.612477, 144.677558
51.302916, 146.499202
50.992809, 148.323523
50.682196, 150.150562
50.371115, 151.980360
50.059607, 153.812958
49.747711, 155.648399
49.435469, 157.486726
49.122921, 159.327981
48.810108, 161.172209
48.497072, 163.019456
48.183853, 164.869766
47.870493, 166.723186
47.557036, 168.579763
47.243522, 170.439544
46.929995, 172.302578
46.616498, 174.168914
46.303075, 176.038600
45.989767, 177.911688
45.676620, 179.788228
45.363678, 181.668273
45.050985, 183.551873
44.738585, 185.439082
44.426524, 187.329953
44.114847, 189.224540
43.803599, 191.122899
43.492827, 193.025083
43.182577, 194.931148
42.872894, 196.841151
42.563826, 198.755149
42.255420, 200.673198
41.947723, 202.595356
41.640782, 204.521681
41.334646, 206.452232
41.029362, 208.387066
40.724980, 210.326243
40.421547, 212.269822
40.119113, 214.217863
39.817726, 216.170424
39.517437, 218.127566
39.218295, 220.089348
38.920351, 222.055829
38.623653, 224.027070
38.328253, 226.003129
38.034201, 227.984065
37.741549, 229.969937
37.450347, 231.960803
37.160647, 233.956722
36.872499, 235.957749
36.585957, 237.963943
36.301070, 239.975357
36.017892, 241.992047
35.736475, 244.014067
35.456870, 246.041469
35.179130, 248.074304
34.903307, 250.112622
34.629453, 252.156470
34.357621, 254.205896
34.087863, 256.260944
33.820232, 258.321657
33.554780, 260.388074
33.291558, 262.460233
33.030620, 264.538170
32.772016, 266.621918
32.515800, 268.711505
32.262022, 270.806959
32.010733, 272.908303
31.761985, 275.015556
31.515828, 277.128734
31.272313, 279.247850
31.031489, 281.372911
30.793406, 283.503920
30.558112, 285.640876
30.325656, 287.783774
30.096086, 289.932602
29.869448, 292.087345
29.645788, 294.247979
29.425152, 296.414479
29.207584, 298.586810
28.993128, 300.764934
28.781827, 302.948803
28.573721, 305.138367
28.368851, 307.333567
28.167257, 309.534336
27.968975, 311.740601
27.774043, 313.952283
27.582496, 316.169294
27.394367, 318.391539
27.209688, 320.618916
27.028489, 322.851315
26.850799, 325.088618
26.676645, 327.330699
26.506052, 329.577424
26.339042, 331.828653
26.175636, 334.084237
26.015855, 336.344018
25.859713, 338.607831
25.707226, 340.875505
25.558405, 343.146859
25.413261, 345.421706
25.271802, 347.699852
25.134031, 349.981096
24.999952, 352.265229
24.869564, 354.552037
24.742866, 356.841298
24.619851, 359.132787
24.500511, 1.426269
24.384837, 3.721509
24.272814, 6.018263
24.164427, 8.316285
24.059657, 10.615324
23.958482, 12.915125
23.860879, 15.215430
23.766820, 17.515981
23.676275, 19.816514
23.589212, 22.116766
23.505597, 24.416471
23.425392, 26.715365
23.348556, 29.013181
23.275046, 31.309655
23.204819, 33.604522
23.137825, 35.897519
23.074016, 38.188385
23.013338, 40.476862
22.955738, 42.762694
22.901159, 45.045629
22.849542, 47.325418
22.800827, 49.601817
22.754951, 51.874585
22.711850, 54.143488
22.671458, 56.408297
22.633708, 58.668787
22.598531, 60.924740
22.565856, 63.175945
22.535612, 65.422195
22.507726, 67.663292
22.482124, 69.899044
22.458732, 72.129266
22.437473, 74.353780
22.418272, 76.572414
22.401050, 78.785006
22.385732, 80.991398
22.372237, 83.191442
22.360489, 85.384997
22.350408, 87.571928
22.341916, 89.752108
22.334933, 91.925416
22.329381, 94.091740
22.325181, 96.250975
22.322254, 98.403020
22.320522, 100.547783
22.319907, 102.685179
22.320331, 104.815128
22.321718, 106.937557
22.323990, 109.052398
22.327072, 111.159589
22.330888, 113.259074
22.335364, 115.350803
22.340426, 117.434730
22.346002, 119.510815
22.352018, 121.579020
22.358405, 123.639314
22.365092, 125.691671
22.372009, 127.736065
22.379090, 129.772478
22.386266, 131.800893
22.393472, 133.821296
22.400643, 135.833679
22.407716, 137.838033
22.414629, 139.834353
22.421319, 141.822637
22.427728, 143.802885
22.433796, 145.775098
22.439466, 147.739280
22.444681, 149.695435
22.449388, 151.643569
22.453533, 153.583690
22.457062, 155.515805
22.459926, 157.439923
22.462075, 159.356053
22.463460, 161.264206
22.464034, 163.164390
22.463752, 165.056617
22.462570, 166.940895
22.460445, 168.817234
22.457335, 170.685643
22.453200, 172.546131
22.448001, 174.398705
22.441701, 176.243372
22.434263, 178.080139
22.425654, 179.909010
22.415839, 181.729989
22.404786, 183.543078
22.392466, 185.348278
22.378848, 187.145587
22.363905, 188.935005
22.347609, 190.716526
22.329937, 192.490144
22.310864, 194.255851
22.290368, 196.013637
22.268427, 197.763489
22.245023, 199.505393
22.220136, 201.239331
22.193750, 202.965284
22.165850, 204.683230
22.136420, 206.393144
22.105450, 208.094998
22.072927, 209.788762
22.038842, 211.474403
22.003186, 213.151884
21.965952, 214.821166
21.927135, 216.482207
21.886731, 218.134960
21.844738, 219.779377
21.801153, 221.415406
21.755979, 223.042990
21.709217, 224.662071
21.660870, 226.272584
21.610944, 227.874465
21.559445, 229.467641
21.506383, 231.052040
21.451766, 232.627582
21.395607, 234.194187
21.337919, 235.751767
21.278716, 237.300234
21.218017, 238.839493
21.155840, 240.369445
21.092204, 241.889989
21.027133, 243.401018
20.960650, 244.902420
20.892781, 246.394081
20.823555, 247.875881
20.753002, 249.347696
20.681154, 250.809398
20.608044, 252.260855
20.533709, 253.701929
20.458188, 255.132480
20.381522, 256.552362
20.303753, 257.961426
20.224926, 259.359518
20.145090, 260.746481
20.064294, 262.122153
19.982592, 263.486368
19.900038, 264.838958
19.816690, 266.179750
19.732609, 267.508568
19.647858, 268.825234
19.562503, 270.129567
19.476613, 271.421381
19.390260, 272.700492
19.303518, 273.966712
19.216465, 275.219850
19.129182, 276.459719
19.041754, 277.686126
18.954267, 278.898883
18.866812, 280.097800
18.779483, 281.282690
18.692376, 282.453366
18.605594, 283.609648
18.519239, 284.751357
18.433419, 285.878319
18.348244, 286.990367
18.263831, 288.087341
18.180295, 289.169089
18.097759, 290.235467
18.016348, 291.286344
17.936189, 292.321599
17.857416, 293.341125
17.780161, 294.344832
17.704565, 295.332644
17.630769, 296.304504
17.558916, 297.260375
17.489155, 298.200241
17.421636, 299.124110
17.356512, 300.032016
17.293938, 300.924016
17.234072, 301.800200
17.177073, 302.660685
17.123103, 303.505621
17.072324, 304.335192
17.024899, 305.149615
16.980994, 305.949145
16.940773, 306.734074
16.904400, 307.504731
16.872041, 308.261487
16.843857, 309.004750
16.820013, 309.734970
16.800667, 310.452636
16.785978, 311.158279
16.776101, 311.852468
16.771188, 312.535812
16.771387, 313.208956
16.776842, 313.872583
16.787693, 314.527409
16.804072, 315.174184
16.826109, 315.813684
16.853926, 316.446716
16.887637, 317.074109
16.927351, 317.696712
16.973170, 318.315391
17.025187, 318.931026
17.083486, 319.544505
17.148146, 320.156721
17.219236, 320.768570
17.296816, 321.380942
17.380937, 321.994722
17.471642, 322.610783
17.568967, 323.229982
17.672936, 323.853159
17.783568, 324.481131
17.900870, 325.114688
18.024843, 325.754595
18.155481, 326.401583
18.292766, 327.056349
18.436678, 327.719557
18.587186, 328.391831
18.744253, 329.073759
18.907836, 329.765888
19.077886, 330.468724
19.254348, 331.182733
19.437161, 331.908341
19.626260, 332.645933
19.821576, 333.395853
20.023034, 334.158407
20.230555, 334.933861
20.444061, 335.722444
20.663465, 336.524351
20.888680, 337.339739
21.119619, 338.168735
21.356189, 339.011431
21.598298, 339.867892
21.845850, 340.738154
22.098751, 341.622225
22.356905, 342.520090
22.620213, 343.431710
22.888580, 344.357026
23.161906, 345.295957
23.440095, 346.248406
23.723049, 347.214258
24.010671, 348.193386
24.302864, 349.185646
24.599532, 350.190885
24.900579, 351.208936
25.205911, 352.239627
25.515434, 353.282774
25.829055, 354.338187
26.146682, 355.405671
26.468224, 356.485025
26.793592, 357.576044
27.122698, 358.678519
27.455453, 359.792240
27.791771, 0.916994
28.131569, 2.052566
28.474761, 3.198744
28.821266, 4.355311
29.171002, 5.522053
29.523890, 6.698758
29.879850, 7.885213
30.238805, 9.081208
30.600679, 10.286535
30.965396, 11.500986
31.332883, 12.724359
31.703067, 13.956452
32.075876, 15.197067
32.451240, 16.446009
32.829088, 17.703085
33.209354, 18.968107
33.591969, 20.240889
33.976867, 21.521250
34.363982, 22.809012
34.753252, 24.103998
35.144611, 25.406038
35.537998, 26.714963
35.933351, 28.030611
36.330610, 29.352820
36.729714, 30.681434
37.130604, 32.016298
37.533223, 33.357264
37.937513, 34.704184
38.343417, 36.056917
38.750880, 37.415321
39.159845, 38.779262
39.570259, 40.148607
39.982068, 41.523226
40.395218, 42.902992
40.809657, 44.287784
41.225333, 45.677479
41.642194, 47.071963
42.060191, 48.471120
42.479271, 49.874840
42.899386, 51.283014
43.320487, 52.695536
43.742525, 54.112305
44.165451, 55.533219
44.589219, 56.958182
45.013780, 58.387097
45.439088, 59.819874
45.865097, 61.256421
46.291760, 62.696651
46.719033, 64.140479
47.146869, 65.587820
47.575225, 67.038594
48.004056, 68.492722
48.433318, 69.950127
48.862967, 71.410734
49.292960, 72.874470
49.723255, 74.341264
50.153808, 75.811046
50.584578, 77.283749
51.015522, 78.759307
51.446599, 80.237657
51.877767, 81.718735
52.308985, 83.202482
52.740213, 84.688837
53.171411, 86.177743
53.602537, 87.669144
54.033552, 89.162985
54.464417, 90.659212
54.895091, 92.157773
55.325537, 93.658618
55.755714, 95.161697
56.185584, 96.666962
56.615109, 98.174366
57.044251, 99.683862
57.472971, 101.195406
57.901233, 102.708955
58.328998, 104.224465
58.756228, 105.741896
59.182888, 107.261207
59.608941, 108.782358
60.034349, 110.305311
60.459076, 111.830028
60.883086, 113.356472
61.306343, 114.884608
61.728811, 116.414401
62.150455, 117.945816
62.571240, 119.478820
62.991129, 121.013381
63.410088, 122.549467
63.828083, 124.087047
64.245078, 125.626091
64.661039, 127.166568
65.075933, 128.708451
65.489724, 130.251711
65.902380, 131.796320
66.313866, 133.342251
66.724150, 134.889479
67.133197, 136.437977
67.540974, 137.987720
67.947450, 139.538683
68.352591, 141.090844
68.756364, 142.644177
69.158737, 144.198661
69.559679, 145.754272
69.959157, 147.310990
70.357139, 148.868791
70.753594, 150.427656
71.148491, 151.987563
71.541798, 153.548493
71.933483, 155.110427
72.323518, 156.673343
72.711869, 158.237225
73.098508, 159.802053
73.483404, 161.367809
73.866527, 162.934477
74.247847, 164.502037
74.627334, 166.070474
75.004959, 167.639771
75.380692, 169.209912
75.754504, 170.780880
76.126367, 172.352661
76.496251, 173.925238
76.864128, 175.498598
77.229969, 177.072724
77.593747, 178.647604
77.955434, 180.223223
78.315001, 181.799566
78.672421, 183.376621
79.027666, 184.954374
79.380711, 186.532813
79.731526, 188.111924
80.080087, 189.691695
80.426365, 191.272114
80.770335, 192.853168
81.111971, 194.434847
81.451246, 196.017137
81.788134, 197.600029
82.122611, 199.183510
82.454651, 200.767571
82.784228, 202.352199
83.111318, 203.937385
83.435896, 205.523118
83.757937, 207.109388
84.077417, 208.696185
84.394312, 210.283500
84.708598, 211.871322
85.020252, 213.459642
85.329249, 215.048451
85.635567, 216.637739
85.939183, 218.227499
86.240073, 219.817720
86.538216, 221.408394
86.833588, 222.999513
87.126168, 224.591068
87.415934, 226.183051
87.702864, 227.775454
87.986937, 229.368269
88.268131, 230.961487
88.546425, 232.555103
88.821798, 234.149106
89.094231, 235.743491
89.363702, 237.338250
89.630192, 238.933376
89.893680, 240.528861
90.154147, 242.124698
90.411574, 243.720881
90.665941, 245.317402
90.917230, 246.914255
91.165421, 248.511434
91.410497, 250.108931
91.652438, 251.706741
91.891228, 253.304857
92.126849, 254.903272
92.359282, 256.501982
92.588510, 258.100978
92.814518, 259.700256
93.037287, 261.299810
93.256802, 262.899634
93.473045, 264.499721
93.686002, 266.100067
93.895656, 267.700666
94.101992, 269.301511
94.304994, 270.902599
94.504647, 272.503922
94.700938, 274.105477
94.893850, 275.707258
95.083370, 277.309258
95.269485, 278.911475
95.452179, 280.513901
95.631440, 282.116533
95.807254, 283.719364
95.979609, 285.322392
96.148492, 286.925609
96.313889, 288.529012
96.475790, 290.132597
96.634182, 291.736357
96.789053, 293.340288
96.940392, 294.944387
97.088188, 296.548648
97.232430, 298.153066
97.373107, 299.757638
97.510209, 301.362358
97.643726, 302.967223
97.773648, 304.572228
97.899965, 306.177368
98.022669, 307.782640
98.141749, 309.388038
98.257198, 310.993560
98.369006, 312.599200
98.477167, 314.204954
98.581670, 315.810819
98.682510, 317.416790
98.779678, 319.022863
98.873168, 320.629034
98.962972, 322.235299
99.049084, 323.841654
99.131497, 325.448095
99.210206, 327.054617
99.285204, 328.661218
99.356487, 330.267893
99.424049, 331.874638
99.487885, 333.481450
99.547990, 335.088323
99.604359, 336.695256
99.656990, 338.302243
99.705877, 339.909280
99.751018, 341.516365
99.792409, 343.123494
99.830046, 344.730661
99.863928, 346.337864
99.894051, 347.945100
99.920414, 349.552363
99.943014, 351.159651
99.961850, 352.766959
99.976920, 354.374284
99.988224, 355.981622
99.995761, 357.588969
99.999529, 359.196323
99.999529, 0.803677
99.995761, 2.411031
99.988224, 4.018378
99.976920, 5.625716
99.961850, 7.233041
99.943014, 8.840349
99.920414, 10.447637
99.894051, 12.054900
99.863928, 13.662136
99.830046, 15.269339
99.792409, 16.876506
99.751018, 18.483635
99.705877, 20.090720
99.656990, 21.697757
99.604359, 23.304744
99.547990, 24.911677
99.487885, 26.518550
99.424049, 28.125362
99.356487, 29.732107
99.285204, 31.338782
99.210206, 32.945383
99.131497, 34.551905
99.049084, 36.158346
98.962972, 37.764701
98.873168, 39.370966
98.779678, 40.977137
98.682510, 42.583210
98.581670, 44.189181
98.477167, 45.795046
98.369006, 47.400800
98.257198, 49.006440
98.141749, 50.611962
98.022669, 52.217360
97.899965, 53.822632
97.773648, 55.427772
97.643726, 57.032777
97.510209, 58.637642
97.373107, 60.242362
97.232430, 61.846934
97.088188, 63.451352
96.940392, 65.055613
96.789053, 66.659712
96.634182, 68.263643
96.475790, 69.867403
96.313889, 71.470988
96.148492, 73.074391
95.979609, 74.677608
95.807254, 76.280636
95.631440, 77.883467
95.452179, 79.486099
95.269485, 81.088525
95.083370, 82.690742
94.893850, 84.292742
94.700938, 85.894523
94.504647, 87.496078
94.304994, 89.097401
94.101992, 90.698489
93.895656, 92.299334
93.686002, 93.899933
93.473045, 95.500279
93.256802, 97.100366
93.037287, 98.700190
92.814518, 100.299744
92.588510, 101.899022
92.359282, 103.498018
92.126849, 105.096728
91.891228, 106.695143
91.652438, 108.293259
91.410497, 109.891069
91.165421, 111.488566
90.917230, 113.085745
90.665941, 114.682598
90.411574, 116.279119
90.154147, 117.875302
89.893680, 119.471139
89.630192, 121.066624
89.363702, 122.661750
89.094231, 124.256509
88.821798, 125.850894
88.546425, 127.444897
88.268131, 129.038513
87.986937, 130.631731
87.702864, 132.224546
87.415934, 133.816949
87.126168, 135.408932
86.833588, 137.000487
86.538216, 138.591606
86.240073, 140.182280
85.939183, 141.772501
85.635567, 143.362261
85.329249, 144.951549
85.020252, 146.540358
84.708598, 148.128678
84.394312, 149.716500
84.077417, 151.303815
83.757937, 152.890612
83.435896, 154.476882
83.111318, 156.062615
82.784228, 157.647801
82.454651, 159.232429
82.122611, 160.816490
81.788134, 162.399971
81.451246, 163.982863
81.111971, 165.565153
80.770335, 167.146832
80.426365, 168.727886
80.080087, 170.308305
79.731526, 171.888076
79.380711, 173.467187
79.027666, 175.045626
78.672421, 176.623379
78.315001, 178.200434
77.955434, 179.776777
77.593747, 181.352396
77.229969, 182.927276
76.864128, 184.501402
76.496251, 186.074762
76.126367, 187.647339
75.754504, 189.219120
75.380692, 190.790088
75.004959, 192.360229
74.627334, 193.929526
74.247847, 195.497963
73.866527, 197.065523
73.483404, 198.632191
73.098508, 200.197947
72.711869, 201.762775
72.323518, 203.326657
71.933483, 204.889573
71.541798, 206.451507
71.148491, 208.012437
70.753594, 209.572344
70.357139, 211.131209
69.959157, 212.689010
69.559679, 214.245728
69.158737, 215.801339
68.756364, 217.355823
68.352591, 218.909156
67.947450, 220.461317
67.540974, 222.012280
67.133197, 223.562023
66.724150, 225.110521
66.313866, 226.657749
65.902380, 228.203680
65.489724, 229.748289
65.075933, 231.291549
64.661039, 232.833432
64.245078, 234.373909
63.828083, 235.912953
63.410088, 237.450533
62.991129, 238.986619
62.571240, 240.521180
62.150455, 242.054184
61.728811, 243.585599
61.306343, 245.115392
60.883086, 246.643528
60.459076, 248.169972
60.034349, 249.694689
59.608941, 251.217642
59.182888, 252.738793
58.756228, 254.258104
58.328998, 255.775535
57.901233, 257.291045
57.472971, 258.804594
57.044251, 260.316138
56.615109, 261.825634
56.185584, 263.333038
55.755714, 264.838303
55.325537, 266.341382
54.895091, 267.842227
54.464417, 269.340788
54.033552, 270.837015
53.602537, 272.330856
53.171411, 273.822257
52.740213, 275.311163
52.308985, 276.797518
51.877767, 278.281265
51.446599, 279.762343
51.015522, 281.240693
50.584578, 282.716251
50.153808, 284.188954
49.723255, 285.658736
49.292960, 287.125530
48.862967, 288.589266
48.433318, 290.049873
48.004056, 291.507278
47.575225, 292.961406
47.146869, 294.412180
46.719033, 295.859521
46.291760, 297.303349
45.865097, 298.743579
45.439088, 300.180126
45.013780, 301.612903
44.589219, 303.041818
44.165451, 304.466781
43.742525, 305.887695
43.320487, 307.304464
42.899386, 308.716986
42.479271, 310.125160
42.060191, 311.528880
41.642194, 312.928037
41.225333, 314.322521
40.809657, 315.712216
40.395218, 317.097008
39.982068, 318.476774
39.570259, 319.851393
39.159845, 321.220738
38.750880, 322.584679
38.343417, 323.943083
37.937513, 325.295816
37.533223, 326.642736
37.130604, 327.983702
36.729714, 329.318566
36.330610, 330.647180
35.933351, 331.969389
35.537998, 333.285037
35.144611, 334.593962
34.753252, 335.896002
34.363982, 337.190988
33.976867, 338.478750
33.591969, 339.759111
33.209354, 341.031893
32.829088, 342.296915
32.451240, 343.553991
32.075876, 344.802933
31.703067, 346.043548
31.332883, 347.275641
30.965396, 348.499014
30.600679, 349.713465
30.238805, 350.918792
29.879850, 352.114787
29.523890, 353.301242
29.171002, 354.477947
28.821266, 355.644689
28.474761, 356.801256
28.131569, 357.947434
27.791771, 359.083006
27.455453, 0.207760
27.122698, 1.321481
26.793592, 2.423956
26.468224, 3.514975
26.146682, 4.594329
25.829055, 5.661813
25.515434, 6.717226
25.205911, 7.760373
24.900579, 8.791064
24.599532, 9.809115
24.302864, 10.814354
24.010671, 11.806614
23.723049, 12.785742
23.440095, 13.751594
23.161906, 14.704043
22.888580, 15.642974
22.620213, 16.568290
22.356905, 17.479910
22.098751, 18.377775
21.845850, 19.261846
21.598298, 20.132108
21.356189, 20.988569
21.119619, 21.831265
20.888680, 22.660261
20.663465, 23.475649
20.444061, 24.277556
20.230555, 25.066139
20.023034, 25.841593
19.821576, 26.604147
19.626260, 27.354067
19.437161, 28.091659
19.254348, 28.817267
19.077886, 29.531276
18.907836, 30.234112
18.744253, 30.926241
18.587186, 31.608169
18.436678, 32.280443
18.292766, 32.943651
18.155481, 33.598417
18.024843, 34.245405
17.900870, 34.885312
17.783568, 35.518869
17.672936, 36.146841
17.568967, 36.770018
17.471642, 37.389217
17.380937, 38.005278
17.296816, 38.619058
17.219236, 39.231430
17.148146, 39.843279
17.083486, 40.455495
17.025187, 41.068974
16.973170, 41.684609
16.927351, 42.303288
16.887637, 42.925891
16.853926, 43.553284
16.826109, 44.186316
16.804072, 44.825816
16.787693, 45.472591
16.776842, 46.127417
16.771387, 46.791044
16.771188, 47.464188
16.776101, 48.147532
16.785978, 48.841721
16.800667, 49.547364
16.820013, 50.265030
16.843857, 50.995250
16.872041, 51.738513
16.904400, 52.495269
16.940773, 53.265926
16.980994, 54.050855
17.024899, 54.850385
17.072324, 55.664808
17.123103, 56.494379
17.177073, 57.339315
17.234072, 58.199800
17.293938, 59.075984
17.356512, 59.967984
17.421636, 60.875890
17.489155, 61.799759
17.558916, 62.739625
17.630769, 63.695496
17.704565, 64.667356
17.780161, 65.655168
17.857416, 66.658875
17.936189, 67.678401
18.016348, 68.713656
18.097759, 69.764533
18.180295, 70.830911
18.263831, 71.912659
18.348244, 73.009633
18.433419, 74.121681
18.519239, 75.248643
18.605594, 76.390352
18.692376, 77.546634
18.779483, 78.717310
18.866812, 79.902200
18.954267, 81.101117
19.041754, 82.313874
19.129182, 83.540281
19.216465, 84.780150
19.303518, 86.033288
19.390260, 87.299508
19.476613, 88.578619
19.562503, 89.870433
19.647858, 91.174766
19.732609, 92.491432
19.816690, 93.820250
19.900038, 95.161042
19.982592, 96.513632
20.064294, 97.877847
20.145090, 99.253519
20.224926, 100.640482
20.303753, 102.038574
20.381522, 103.447638
20.458188, 104.867520
20.533709, 106.298071
20.608044, 107.739145
20.681154, 109.190602
20.753002, 110.652304
20.823555, 112.124119
20.892781, 113.605919
20.960650, 115.097580
21.027133, 116.598982
21.092204, 118.110011
21.155840, 119.630555
21.218017, 121.160507
21.278716, 122.699766
21.337919, 124.248233
21.395607, 125.805813
21.451766, 127.372418
21.506383, 128.947960
21.559445, 130.532359
21.610944, 132.125535
21.660870, 133.727416
21.709217, 135.337929
21.755979, 136.957010
21.801153, 138.584594
21.844738, 140.220623
21.886731, 141.865040
21.927135, 143.517793
21.965952, 145.178834
22.003186, 146.848116
22.038842, 148.525597
22.072927, 150.211238
22.105450, 151.905002
22.136420, 153.606856
22.165850, 155.316770
22.193750, 157.034716
22.220136, 158.760669
22.245023, 160.494607
22.268427, 162.236511
22.290368, 163.986363
22.310864, 165.744149
22.329937, 167.509856
22.347609, 169.283474
22.363905, 171.064995
22.378848, 172.854413
22.392466, 174.651722
22.404786, 176.456922
22.415839, 178.270011
22.425654, 180.090990
22.434263, 181.919861
22.441701, 183.756628
22.448001, 185.601295
22.453200, 187.453869
22.457335, 189.314357
22.460445, 191.182766
22.462570, 193.059105
22.463752, 194.943383
22.464034, 196.835610
22.463460, 198.735794
22.462075, 200.643947
22.459926, 202.560077
22.457062, 204.484195
22.453533, 206.416310
22.449388, 208.356431
22.444681, 210.304565
22.439466, 212.260720
22.433796, 214.224902
22.427728, 216.197115
22.421319, 218.177363
22.414629, 220.165647
22.407716, 222.161967
22.400643, 224.166321
22.393472, 226.178704
22.386266, 228.199107
22.379090, 230.227522
22.372009, 232.263935
22.365092, 234.308329
22.358405, 236.360686
22.352018, 238.420980
22.346002, 240.489185
22.340426, 242.565270
22.335364, 244.649197
22.330888, 246.740926
22.327072, 248.840411
22.323990, 250.947602
22.321718, 253.062443
22.320331, 255.184872
22.319907, 257.314821
22.320522, 259.452217
22.322254, 261.596980
22.325181, 263.749025
22.329381, 265.908260
22.334933, 268.074584
22.341916, 270.247892
22.350408, 272.428072
22.360489, 274.615003
22.372237, 276.808558
22.385732, 279.008602
22.401050, 281.214994
22.418272, 283.427586
22.437473, 285.646220
22.458732, 287.870734
22.482124, 290.100956
22.507726, 292.336708
22.535612, 294.577805
22.565856, 296.824055
22.598531, 299.075260
22.633708, 301.331213
22.671458, 303.591703
22.711850, 305.856512
22.754951, 308.125415
22.800827, 310.398183
22.849542, 312.674582
22.901159, 314.954371
22.955738, 317.237306
23.013338, 319.523138
23.074016, 321.811615
23.137825, 324.102481
23.204819, 326.395478
23.275046, 328.690345
23.348556, 330.986819
23.425392, 333.284635
23.505597, 335.583529
23.589212, 337.883234
23.676275, 340.183486
23.766820, 342.484019
23.860879, 344.784570
23.958482, 347.084875
24.059657, 349.384676
24.164427, 351.683715
24.272814, 353.981737
24.384837, 356.278491
24.500511, 358.573731
24.619851, 0.867213
24.742866, 3.158702
24.869564, 5.447963
24.999952, 7.734771
25.134031, 10.018904
25.271802, 12.300148
25.413261, 14.578294
25.558405, 16.853141
25.707226, 19.124495
25.859713, 21.392169
26.015855, 23.655982
26.175636, 25.915763
26.339042, 28.171347
26.506052, 30.422576
26.676645, 32.669301
26.850799, 34.911382
27.028489, 37.148685
27.209688, 39.381084
27.394367, 41.608461
27.582496, 43.830706
27.774043, 46.047717
27.968975, 48.259399
28.167257, 50.465664
28.368851, 52.666433
28.573721, 54.861633
28.781827, 57.051197
28.993128, 59.235066
29.207584, 61.413190
29.425152, 63.585521
29.645788, 65.752021
29.869448, 67.912655
30.096086, 70.067398
30.325656, 72.216226
30.558112, 74.359124
30.793406, 76.496080
31.031489, 78.627089
31.272313, 80.752150
31.515828, 82.871266
31.761985, 84.984444
32.010733, 87.091697
32.262022, 89.193041
32.515800, 91.288495
32.772016, 93.378082
33.030620, 95.461830
33.291558, 97.539767
33.554780, 99.611926
33.820232, 101.678343
34.087863, 103.739056
34.357621, 105.794104
34.629453, 107.843530
34.903307, 109.887378
35.179130, 111.925696
35.456870, 113.958531
35.736475, 115.985933
36.017892, 118.007953
36.301070, 120.024643
36.585957, 122.036057
36.872499, 124.042251
37.160647, 126.043278
37.450347, 128.039197
37.741549, 130.030063
38.034201, 132.015935
38.328253, 133.996871
38.623653, 135.972930
38.920351, 137.944171
39.218295, 139.910652
39.517437, 141.872434
39.817726, 143.829576
40.119113, 145.782137
40.421547, 147.730178
40.724980, 149.673757
41.029362, 151.612934
41.334646, 153.547768
41.640782, 155.478319
41.947723, 157.404644
42.255420, 159.326802
42.563826, 161.244851
42.872894, 163.158849
43.182577, 165.068852
43.492827, 166.974917
43.803599, 168.877101
44.114847, 170.775460
44.426524, 172.670047
44.738585, 174.560918
45.050985, 176.448127
45.363678, 178.331727
45.676620, 180.211772
45.989767, 182.088312
46.303075, 183.961400
46.616498, 185.831086
46.929995, 187.697422
47.243522, 189.560456
47.557036, 191.420237
47.870493, 193.276814
48.183853, 195.130234
48.497072, 196.980544
48.810108, 198.827791
49.122921, 200.672019
49.435469, 202.513274
49.747711, 204.351601
50.059607, 206.187042
50.371115, 208.019640
50.682196, 209.849438
50.992809, 211.676477
51.302916, 213.500798
51.612477, 215.322442
51.921453, 217.141447
52.229804, 218.957853
52.537493, 220.771698
52.844482, 222.583019
53.150732, 224.391855
53.456205, 226.198240
53.760865, 228.002211
54.064673, 229.803802
54.367594, 231.603049
54.669590, 233.399986
54.970625, 235.194645
55.270662, 236.987059
55.569667, 238.777261
55.867603, 240.565282
56.164435, 242.351154
56.460129, 244.134906
56.754648, 245.916569
57.047958, 247.696172
57.340026, 249.473744
57.630817, 251.249313
57.920297, 253.022907
58.208433, 254.794554
58.495191, 256.564280
58.780539, 258.332112
59.064443, 260.098075
59.346871, 261.862195
59.627791, 263.624496
59.907170, 265.385004
60.184978, 267.143742
60.461181, 268.900733
60.735749, 270.656001
61.008652, 272.409568
61.279857, 274.161457
61.549336, 275.911689
61.817056, 277.660286
62.082989, 279.407268
62.347104, 281.152657
##END=
