##TITLE= Parameter file, TopSpin 4.3.0
##JCAMPDX= 5.0
##DATATYPE= Parameter Values
##ORIGIN= Bruker BioSpin GmbH
##OWNER= nmrsu
$$ 2024-04-21 19:54:14.251 +0100  nmrsu@4CE1161FJM
$$ C:/Bruker/TopSpin4.3.0/exp/stan/nmr/lists/wave/user/multisupp_aux_d8
$$ process C:\Bruker\TopSpin4.3.0\prog\mod\xwinshape.exe
##MINX= 100.00000000
##MAXX= 100.00000000
##MINY= 0.24009300
##MAXY= 359.75990700
##$SHAPE_ADDPHASE= 0
##$SHAPE_AMP= 100
##$SHAPE_BWFAC= 0
##$SHAPE_BWFAC50= 0
##$SHAPE_CALCBW= yes
##$SHAPE_CALCINTEG= yes
##$SHAPE_EXMODE= <Excitation>
##$SHAPE_EXPAND= <>
##$SHAPE_EXPANDCF= (0..143)
0 0 0 0 0 0 0 0 0 0 0 0 0 0 0 0 0 0 0 0 0 0 0 0 0 0 0 0 0 0 0 0 0 0 0 0
0 0 0 0 0 0 0 0 0 0 0 0 0 0 0 0 0 0 0 0 0 0 0 0 0 0 0 0 0 0 0 0 0 0 0 0
0 0 0 0 0 0 0 0 0 0 0 0 0 0 0 0 0 0 0 0 0 0 0 0 0 0 0 0 0 0 0 0 0 0 0 0
0 0 0 0 0 0 0 0 0 0 0 0 0 0 0 0 0 0 0 0 0 0 0 0 0 0 0 0 0 0 0 0 0 0 0 0
##$SHAPE_EXPFAC= 0
##$SHAPE_FRACEND= 0
##$SHAPE_FRACORG= 0
##$SHAPE_FRACSTART= 0
##$SHAPE_INTEGFAC= 0
##$SHAPE_KEEPRES= yes
##$SHAPE_LENGTH= 25000.000373
##$SHAPE_MAN= <M>
##$SHAPE_MODE= 1
##$SHAPE_MODFREQ= 0
##$SHAPE_MODPHASE= 0
##$SHAPE_MODSCALE= 0
##$SHAPE_MODSW= 0
##$SHAPE_MODSWDIR= -1
##$SHAPE_NPOINTS= 1250
##$SHAPE_OFFS= <1 1>
##$SHAPE_OFFSCOEFF= (0..95)
-233.25569 0 100 0 0 0 0 0 0 0 0 0 0 0 0 0 0 0 0 0 0 0 0 0 0 0 0 0 0 0
0 0 0 0 0 0 0 0 0 0 0 0 0 0 0 0 0 0 0 0 0 0 0 0 0 0 0 0 0 0 0 0 0 0 0 0
0 0 0 0 0 0 0 0 0 0 0 0 0 0 0 0 0 0 0 0 0 0 0 0 0 0 0 0 0 0
##$SHAPE_PARAMETER= <>
##$SHAPE_REPHFAC= 0
##$SHAPE_RES= 0
##$SHAPE_SCALEFAC= 1
##$SHAPE_SCALETYPE= 0
##$SHAPE_SPOAL= 0
##$SHAPE_SPOFFS= 0
##$SHAPE_SPOPH= 0
##$SHAPE_TOTROT= 90
##$SHAPE_TYPE= <Excitation>
##$SHAPE_USER_DEF= <>
##$SHAPE_VERSION= 2.1
##$SHL_ADDPHASE= (0..15)
0 0 0 0 0 0 0 0 0 0 0 0 0 0 0 0
##$SHL_ALIGNOFFSET= (0..15)
0 0 0 0 0 0 0 0 0 0 0 0 0 0 0 0
##$SHL_AMP= (0..15)
100 0 0 0 0 0 0 0 0 0 0 0 0 0 0 0
##$SHL_AMPFAC= (0..15)
0 0 0 0 0 0 0 0 0 0 0 0 0 0 0 0
##$SHL_BETA= (0..15)
0 0 0 0 0 0 0 0 0 0 0 0 0 0 0 0
##$SHL_BWFAC= (0..15)
1.116 0 0 0 0 0 0 0 0 0 0 0 0 0 0 0
##$SHL_CALCBW= (0..15)
yes yes yes yes yes yes yes yes yes yes yes yes yes yes yes yes
##$SHL_CALCINTEG= (0..15)
yes yes yes yes yes yes yes yes yes yes yes yes yes yes yes yes
##$SHL_CENTERAMP= (0..15)
0 0 0 0 0 0 0 0 0 0 0 0 0 0 0 0
##$SHL_CYCNUM= (0..15)
0 0 0 0 0 0 0 0 0 0 0 0 0 0 0 0
##$SHL_DIPOLCPL= (0..15)
0 0 0 0 0 0 0 0 0 0 0 0 0 0 0 0
##$SHL_ENDAMP= (0..15)
0 0 0 0 0 0 0 0 0 0 0 0 0 0 0 0
##$SHL_EXMODE= (0..15)
<Excitation> <> <> <> <> <> <> <> <> <> <> <> <> <> <> <>
##$SHL_EXPAND= (0..15)
<> <> <> <> <> <> <> <> <> <> <> <> <> <> <> <>
##$SHL_EXPANDCF0= (0..143)
0 0 0 0 0 0 0 0 0 0 0 0 0 0 0 0 0 0 0 0 0 0 0 0 0 0 0 0 0 0 0 0 0 0 0 0
0 0 0 0 0 0 0 0 0 0 0 0 0 0 0 0 0 0 0 0 0 0 0 0 0 0 0 0 0 0 0 0 0 0 0 0
0 0 0 0 0 0 0 0 0 0 0 0 0 0 0 0 0 0 0 0 0 0 0 0 0 0 0 0 0 0 0 0 0 0 0 0
0 0 0 0 0 0 0 0 0 0 0 0 0 0 0 0 0 0 0 0 0 0 0 0 0 0 0 0 0 0 0 0 0 0 0 0
##$SHL_EXPANDCF1= (0..143)
0 0 0 0 0 0 0 0 0 0 0 0 0 0 0 0 0 0 0 0 0 0 0 0 0 0 0 0 0 0 0 0 0 0 0 0
0 0 0 0 0 0 0 0 0 0 0 0 0 0 0 0 0 0 0 0 0 0 0 0 0 0 0 0 0 0 0 0 0 0 0 0
0 0 0 0 0 0 0 0 0 0 0 0 0 0 0 0 0 0 0 0 0 0 0 0 0 0 0 0 0 0 0 0 0 0 0 0
0 0 0 0 0 0 0 0 0 0 0 0 0 0 0 0 0 0 0 0 0 0 0 0 0 0 0 0 0 0 0 0 0 0 0 0
##$SHL_EXPANDCF10= (0..143)
0 0 0 0 0 0 0 0 0 0 0 0 0 0 0 0 0 0 0 0 0 0 0 0 0 0 0 0 0 0 0 0 0 0 0 0
0 0 0 0 0 0 0 0 0 0 0 0 0 0 0 0 0 0 0 0 0 0 0 0 0 0 0 0 0 0 0 0 0 0 0 0
0 0 0 0 0 0 0 0 0 0 0 0 0 0 0 0 0 0 0 0 0 0 0 0 0 0 0 0 0 0 0 0 0 0 0 0
0 0 0 0 0 0 0 0 0 0 0 0 0 0 0 0 0 0 0 0 0 0 0 0 0 0 0 0 0 0 0 0 0 0 0 0
##$SHL_EXPANDCF11= (0..143)
0 0 0 0 0 0 0 0 0 0 0 0 0 0 0 0 0 0 0 0 0 0 0 0 0 0 0 0 0 0 0 0 0 0 0 0
0 0 0 0 0 0 0 0 0 0 0 0 0 0 0 0 0 0 0 0 0 0 0 0 0 0 0 0 0 0 0 0 0 0 0 0
0 0 0 0 0 0 0 0 0 0 0 0 0 0 0 0 0 0 0 0 0 0 0 0 0 0 0 0 0 0 0 0 0 0 0 0
0 0 0 0 0 0 0 0 0 0 0 0 0 0 0 0 0 0 0 0 0 0 0 0 0 0 0 0 0 0 0 0 0 0 0 0
##$SHL_EXPANDCF12= (0..143)
0 0 0 0 0 0 0 0 0 0 0 0 0 0 0 0 0 0 0 0 0 0 0 0 0 0 0 0 0 0 0 0 0 0 0 0
0 0 0 0 0 0 0 0 0 0 0 0 0 0 0 0 0 0 0 0 0 0 0 0 0 0 0 0 0 0 0 0 0 0 0 0
0 0 0 0 0 0 0 0 0 0 0 0 0 0 0 0 0 0 0 0 0 0 0 0 0 0 0 0 0 0 0 0 0 0 0 0
0 0 0 0 0 0 0 0 0 0 0 0 0 0 0 0 0 0 0 0 0 0 0 0 0 0 0 0 0 0 0 0 0 0 0 0
##$SHL_EXPANDCF13= (0..143)
0 0 0 0 0 0 0 0 0 0 0 0 0 0 0 0 0 0 0 0 0 0 0 0 0 0 0 0 0 0 0 0 0 0 0 0
0 0 0 0 0 0 0 0 0 0 0 0 0 0 0 0 0 0 0 0 0 0 0 0 0 0 0 0 0 0 0 0 0 0 0 0
0 0 0 0 0 0 0 0 0 0 0 0 0 0 0 0 0 0 0 0 0 0 0 0 0 0 0 0 0 0 0 0 0 0 0 0
0 0 0 0 0 0 0 0 0 0 0 0 0 0 0 0 0 0 0 0 0 0 0 0 0 0 0 0 0 0 0 0 0 0 0 0
##$SHL_EXPANDCF14= (0..143)
0 0 0 0 0 0 0 0 0 0 0 0 0 0 0 0 0 0 0 0 0 0 0 0 0 0 0 0 0 0 0 0 0 0 0 0
0 0 0 0 0 0 0 0 0 0 0 0 0 0 0 0 0 0 0 0 0 0 0 0 0 0 0 0 0 0 0 0 0 0 0 0
0 0 0 0 0 0 0 0 0 0 0 0 0 0 0 0 0 0 0 0 0 0 0 0 0 0 0 0 0 0 0 0 0 0 0 0
0 0 0 0 0 0 0 0 0 0 0 0 0 0 0 0 0 0 0 0 0 0 0 0 0 0 0 0 0 0 0 0 0 0 0 0
##$SHL_EXPANDCF15= (0..143)
0 0 0 0 0 0 0 0 0 0 0 0 0 0 0 0 0 0 0 0 0 0 0 0 0 0 0 0 0 0 0 0 0 0 0 0
0 0 0 0 0 0 0 0 0 0 0 0 0 0 0 0 0 0 0 0 0 0 0 0 0 0 0 0 0 0 0 0 0 0 0 0
0 0 0 0 0 0 0 0 0 0 0 0 0 0 0 0 0 0 0 0 0 0 0 0 0 0 0 0 0 0 0 0 0 0 0 0
0 0 0 0 0 0 0 0 0 0 0 0 0 0 0 0 0 0 0 0 0 0 0 0 0 0 0 0 0 0 0 0 0 0 0 0
##$SHL_EXPANDCF2= (0..143)
0 0 0 0 0 0 0 0 0 0 0 0 0 0 0 0 0 0 0 0 0 0 0 0 0 0 0 0 0 0 0 0 0 0 0 0
0 0 0 0 0 0 0 0 0 0 0 0 0 0 0 0 0 0 0 0 0 0 0 0 0 0 0 0 0 0 0 0 0 0 0 0
0 0 0 0 0 0 0 0 0 0 0 0 0 0 0 0 0 0 0 0 0 0 0 0 0 0 0 0 0 0 0 0 0 0 0 0
0 0 0 0 0 0 0 0 0 0 0 0 0 0 0 0 0 0 0 0 0 0 0 0 0 0 0 0 0 0 0 0 0 0 0 0
##$SHL_EXPANDCF3= (0..143)
0 0 0 0 0 0 0 0 0 0 0 0 0 0 0 0 0 0 0 0 0 0 0 0 0 0 0 0 0 0 0 0 0 0 0 0
0 0 0 0 0 0 0 0 0 0 0 0 0 0 0 0 0 0 0 0 0 0 0 0 0 0 0 0 0 0 0 0 0 0 0 0
0 0 0 0 0 0 0 0 0 0 0 0 0 0 0 0 0 0 0 0 0 0 0 0 0 0 0 0 0 0 0 0 0 0 0 0
0 0 0 0 0 0 0 0 0 0 0 0 0 0 0 0 0 0 0 0 0 0 0 0 0 0 0 0 0 0 0 0 0 0 0 0
##$SHL_EXPANDCF4= (0..143)
0 0 0 0 0 0 0 0 0 0 0 0 0 0 0 0 0 0 0 0 0 0 0 0 0 0 0 0 0 0 0 0 0 0 0 0
0 0 0 0 0 0 0 0 0 0 0 0 0 0 0 0 0 0 0 0 0 0 0 0 0 0 0 0 0 0 0 0 0 0 0 0
0 0 0 0 0 0 0 0 0 0 0 0 0 0 0 0 0 0 0 0 0 0 0 0 0 0 0 0 0 0 0 0 0 0 0 0
0 0 0 0 0 0 0 0 0 0 0 0 0 0 0 0 0 0 0 0 0 0 0 0 0 0 0 0 0 0 0 0 0 0 0 0
##$SHL_EXPANDCF5= (0..143)
0 0 0 0 0 0 0 0 0 0 0 0 0 0 0 0 0 0 0 0 0 0 0 0 0 0 0 0 0 0 0 0 0 0 0 0
0 0 0 0 0 0 0 0 0 0 0 0 0 0 0 0 0 0 0 0 0 0 0 0 0 0 0 0 0 0 0 0 0 0 0 0
0 0 0 0 0 0 0 0 0 0 0 0 0 0 0 0 0 0 0 0 0 0 0 0 0 0 0 0 0 0 0 0 0 0 0 0
0 0 0 0 0 0 0 0 0 0 0 0 0 0 0 0 0 0 0 0 0 0 0 0 0 0 0 0 0 0 0 0 0 0 0 0
##$SHL_EXPANDCF6= (0..143)
0 0 0 0 0 0 0 0 0 0 0 0 0 0 0 0 0 0 0 0 0 0 0 0 0 0 0 0 0 0 0 0 0 0 0 0
0 0 0 0 0 0 0 0 0 0 0 0 0 0 0 0 0 0 0 0 0 0 0 0 0 0 0 0 0 0 0 0 0 0 0 0
0 0 0 0 0 0 0 0 0 0 0 0 0 0 0 0 0 0 0 0 0 0 0 0 0 0 0 0 0 0 0 0 0 0 0 0
0 0 0 0 0 0 0 0 0 0 0 0 0 0 0 0 0 0 0 0 0 0 0 0 0 0 0 0 0 0 0 0 0 0 0 0
##$SHL_EXPANDCF7= (0..143)
0 0 0 0 0 0 0 0 0 0 0 0 0 0 0 0 0 0 0 0 0 0 0 0 0 0 0 0 0 0 0 0 0 0 0 0
0 0 0 0 0 0 0 0 0 0 0 0 0 0 0 0 0 0 0 0 0 0 0 0 0 0 0 0 0 0 0 0 0 0 0 0
0 0 0 0 0 0 0 0 0 0 0 0 0 0 0 0 0 0 0 0 0 0 0 0 0 0 0 0 0 0 0 0 0 0 0 0
0 0 0 0 0 0 0 0 0 0 0 0 0 0 0 0 0 0 0 0 0 0 0 0 0 0 0 0 0 0 0 0 0 0 0 0
##$SHL_EXPANDCF8= (0..143)
0 0 0 0 0 0 0 0 0 0 0 0 0 0 0 0 0 0 0 0 0 0 0 0 0 0 0 0 0 0 0 0 0 0 0 0
0 0 0 0 0 0 0 0 0 0 0 0 0 0 0 0 0 0 0 0 0 0 0 0 0 0 0 0 0 0 0 0 0 0 0 0
0 0 0 0 0 0 0 0 0 0 0 0 0 0 0 0 0 0 0 0 0 0 0 0 0 0 0 0 0 0 0 0 0 0 0 0
0 0 0 0 0 0 0 0 0 0 0 0 0 0 0 0 0 0 0 0 0 0 0 0 0 0 0 0 0 0 0 0 0 0 0 0
##$SHL_EXPANDCF9= (0..143)
0 0 0 0 0 0 0 0 0 0 0 0 0 0 0 0 0 0 0 0 0 0 0 0 0 0 0 0 0 0 0 0 0 0 0 0
0 0 0 0 0 0 0 0 0 0 0 0 0 0 0 0 0 0 0 0 0 0 0 0 0 0 0 0 0 0 0 0 0 0 0 0
0 0 0 0 0 0 0 0 0 0 0 0 0 0 0 0 0 0 0 0 0 0 0 0 0 0 0 0 0 0 0 0 0 0 0 0
0 0 0 0 0 0 0 0 0 0 0 0 0 0 0 0 0 0 0 0 0 0 0 0 0 0 0 0 0 0 0 0 0 0 0 0
##$SHL_EXPFAC= (0..15)
0 0 0 0 0 0 0 0 0 0 0 0 0 0 0 0
##$SHL_FRACEND= (0..15)
0 0 0 0 0 0 0 0 0 0 0 0 0 0 0 0
##$SHL_FRACORG= (0..15)
0 0 0 0 0 0 0 0 0 0 0 0 0 0 0 0
##$SHL_FRACSTART= (0..15)
0 0 0 0 0 0 0 0 0 0 0 0 0 0 0 0
##$SHL_FULLHALF= (0..15)
0 0 0 0 0 0 0 0 0 0 0 0 0 0 0 0
##$SHL_FUNCAMP= (0..15)
100 0 0 0 0 0 0 0 0 0 0 0 0 0 0 0
##$SHL_FUNCTION= (0..15)
<Rectangle> <> <> <> <> <> <> <> <> <> <> <> <> <> <> <>
##$SHL_GCO= (0..15)
<> <> <> <> <> <> <> <> <> <> <> <> <> <> <> <>
##$SHL_GCOCOEFFS0= (0..59)
0 0 0 0 0 0 0 0 0 0 0 0 0 0 0 0 0 0 0 0 0 0 0 0 0 0 0 0 0 0 0 0 0 0 0 0
0 0 0 0 0 0 0 0 0 0 0 0 0 0 0 0 0 0 0 0 0 0 0 0
##$SHL_GCOCOEFFS1= (0..59)
0 0 0 0 0 0 0 0 0 0 0 0 0 0 0 0 0 0 0 0 0 0 0 0 0 0 0 0 0 0 0 0 0 0 0 0
0 0 0 0 0 0 0 0 0 0 0 0 0 0 0 0 0 0 0 0 0 0 0 0
##$SHL_GCOCOEFFS10= (0..59)
0 0 0 0 0 0 0 0 0 0 0 0 0 0 0 0 0 0 0 0 0 0 0 0 0 0 0 0 0 0 0 0 0 0 0 0
0 0 0 0 0 0 0 0 0 0 0 0 0 0 0 0 0 0 0 0 0 0 0 0
##$SHL_GCOCOEFFS11= (0..59)
0 0 0 0 0 0 0 0 0 0 0 0 0 0 0 0 0 0 0 0 0 0 0 0 0 0 0 0 0 0 0 0 0 0 0 0
0 0 0 0 0 0 0 0 0 0 0 0 0 0 0 0 0 0 0 0 0 0 0 0
##$SHL_GCOCOEFFS12= (0..59)
0 0 0 0 0 0 0 0 0 0 0 0 0 0 0 0 0 0 0 0 0 0 0 0 0 0 0 0 0 0 0 0 0 0 0 0
0 0 0 0 0 0 0 0 0 0 0 0 0 0 0 0 0 0 0 0 0 0 0 0
##$SHL_GCOCOEFFS13= (0..59)
0 0 0 0 0 0 0 0 0 0 0 0 0 0 0 0 0 0 0 0 0 0 0 0 0 0 0 0 0 0 0 0 0 0 0 0
0 0 0 0 0 0 0 0 0 0 0 0 0 0 0 0 0 0 0 0 0 0 0 0
##$SHL_GCOCOEFFS14= (0..59)
0 0 0 0 0 0 0 0 0 0 0 0 0 0 0 0 0 0 0 0 0 0 0 0 0 0 0 0 0 0 0 0 0 0 0 0
0 0 0 0 0 0 0 0 0 0 0 0 0 0 0 0 0 0 0 0 0 0 0 0
##$SHL_GCOCOEFFS15= (0..59)
0 0 0 0 0 0 0 0 0 0 0 0 0 0 0 0 0 0 0 0 0 0 0 0 0 0 0 0 0 0 0 0 0 0 0 0
0 0 0 0 0 0 0 0 0 0 0 0 0 0 0 0 0 0 0 0 0 0 0 0
##$SHL_GCOCOEFFS2= (0..59)
0 0 0 0 0 0 0 0 0 0 0 0 0 0 0 0 0 0 0 0 0 0 0 0 0 0 0 0 0 0 0 0 0 0 0 0
0 0 0 0 0 0 0 0 0 0 0 0 0 0 0 0 0 0 0 0 0 0 0 0
##$SHL_GCOCOEFFS3= (0..59)
0 0 0 0 0 0 0 0 0 0 0 0 0 0 0 0 0 0 0 0 0 0 0 0 0 0 0 0 0 0 0 0 0 0 0 0
0 0 0 0 0 0 0 0 0 0 0 0 0 0 0 0 0 0 0 0 0 0 0 0
##$SHL_GCOCOEFFS4= (0..59)
0 0 0 0 0 0 0 0 0 0 0 0 0 0 0 0 0 0 0 0 0 0 0 0 0 0 0 0 0 0 0 0 0 0 0 0
0 0 0 0 0 0 0 0 0 0 0 0 0 0 0 0 0 0 0 0 0 0 0 0
##$SHL_GCOCOEFFS5= (0..59)
0 0 0 0 0 0 0 0 0 0 0 0 0 0 0 0 0 0 0 0 0 0 0 0 0 0 0 0 0 0 0 0 0 0 0 0
0 0 0 0 0 0 0 0 0 0 0 0 0 0 0 0 0 0 0 0 0 0 0 0
##$SHL_GCOCOEFFS6= (0..59)
0 0 0 0 0 0 0 0 0 0 0 0 0 0 0 0 0 0 0 0 0 0 0 0 0 0 0 0 0 0 0 0 0 0 0 0
0 0 0 0 0 0 0 0 0 0 0 0 0 0 0 0 0 0 0 0 0 0 0 0
##$SHL_GCOCOEFFS7= (0..59)
0 0 0 0 0 0 0 0 0 0 0 0 0 0 0 0 0 0 0 0 0 0 0 0 0 0 0 0 0 0 0 0 0 0 0 0
0 0 0 0 0 0 0 0 0 0 0 0 0 0 0 0 0 0 0 0 0 0 0 0
##$SHL_GCOCOEFFS8= (0..59)
0 0 0 0 0 0 0 0 0 0 0 0 0 0 0 0 0 0 0 0 0 0 0 0 0 0 0 0 0 0 0 0 0 0 0 0
0 0 0 0 0 0 0 0 0 0 0 0 0 0 0 0 0 0 0 0 0 0 0 0
##$SHL_GCOCOEFFS9= (0..59)
0 0 0 0 0 0 0 0 0 0 0 0 0 0 0 0 0 0 0 0 0 0 0 0 0 0 0 0 0 0 0 0 0 0 0 0
0 0 0 0 0 0 0 0 0 0 0 0 0 0 0 0 0 0 0 0 0 0 0 0
##$SHL_INTEGFAC= (0..15)
1 0 0 0 0 0 0 0 0 0 0 0 0 0 0 0
##$SHL_LB= (0..15)
0 0 0 0 0 0 0 0 0 0 0 0 0 0 0 0
##$SHL_LEFTLIMIT= (0..15)
0 0 0 0 0 0 0 0 0 0 0 0 0 0 0 0
##$SHL_LENGTH= (0..15)
25000.000373 0 0 0 0 0 0 0 0 0 0 0 0 0 0 0
##$SHL_MAN= (0..15)
<> <> <> <> <> <> <> <> <> <> <> <> <> <> <> <>
##$SHL_MEANAMP= (0..15)
0 0 0 0 0 0 0 0 0 0 0 0 0 0 0 0
##$SHL_MODAMP= (0..15)
0 0 0 0 0 0 0 0 0 0 0 0 0 0 0 0
##$SHL_MODE= (0..15)
0 0 0 0 0 0 0 0 0 0 0 0 0 0 0 0
##$SHL_MODFREQ= (0..15)
0 0 0 0 0 0 0 0 0 0 0 0 0 0 0 0
##$SHL_MODPHASE= (0..15)
0 0 0 0 0 0 0 0 0 0 0 0 0 0 0 0
##$SHL_MODSCALE= (0..15)
0 0 0 0 0 0 0 0 0 0 0 0 0 0 0 0
##$SHL_MODSW= (0..15)
0 0 0 0 0 0 0 0 0 0 0 0 0 0 0 0
##$SHL_MODSWDIR= (0..15)
-1 -1 -1 -1 -1 -1 -1 -1 -1 -1 -1 -1 -1 -1 -1 -1
##$SHL_MU= (0..15)
0 0 0 0 0 0 0 0 0 0 0 0 0 0 0 0
##$SHL_NPOINTS= (0..15)
1250 0 0 0 0 0 0 0 0 0 0 0 0 0 0 0
##$SHL_OFFS= (0..15)
<> <> <> <> <> <> <> <> <> <> <> <> <> <> <> <>
##$SHL_OFFSCOEFF0= (0..95)
0 0 0 0 0 0 0 0 0 0 0 0 0 0 0 0 0 0 0 0 0 0 0 0 0 0 0 0 0 0 0 0 0 0 0 0
0 0 0 0 0 0 0 0 0 0 0 0 0 0 0 0 0 0 0 0 0 0 0 0 0 0 0 0 0 0 0 0 0 0 0 0
0 0 0 0 0 0 0 0 0 0 0 0 0 0 0 0 0 0 0 0 0 0 0 0
##$SHL_OFFSCOEFF1= (0..95)
0 0 0 0 0 0 0 0 0 0 0 0 0 0 0 0 0 0 0 0 0 0 0 0 0 0 0 0 0 0 0 0 0 0 0 0
0 0 0 0 0 0 0 0 0 0 0 0 0 0 0 0 0 0 0 0 0 0 0 0 0 0 0 0 0 0 0 0 0 0 0 0
0 0 0 0 0 0 0 0 0 0 0 0 0 0 0 0 0 0 0 0 0 0 0 0
##$SHL_OFFSCOEFF10= (0..95)
0 0 0 0 0 0 0 0 0 0 0 0 0 0 0 0 0 0 0 0 0 0 0 0 0 0 0 0 0 0 0 0 0 0 0 0
0 0 0 0 0 0 0 0 0 0 0 0 0 0 0 0 0 0 0 0 0 0 0 0 0 0 0 0 0 0 0 0 0 0 0 0
0 0 0 0 0 0 0 0 0 0 0 0 0 0 0 0 0 0 0 0 0 0 0 0
##$SHL_OFFSCOEFF11= (0..95)
0 0 0 0 0 0 0 0 0 0 0 0 0 0 0 0 0 0 0 0 0 0 0 0 0 0 0 0 0 0 0 0 0 0 0 0
0 0 0 0 0 0 0 0 0 0 0 0 0 0 0 0 0 0 0 0 0 0 0 0 0 0 0 0 0 0 0 0 0 0 0 0
0 0 0 0 0 0 0 0 0 0 0 0 0 0 0 0 0 0 0 0 0 0 0 0
##$SHL_OFFSCOEFF12= (0..95)
0 0 0 0 0 0 0 0 0 0 0 0 0 0 0 0 0 0 0 0 0 0 0 0 0 0 0 0 0 0 0 0 0 0 0 0
0 0 0 0 0 0 0 0 0 0 0 0 0 0 0 0 0 0 0 0 0 0 0 0 0 0 0 0 0 0 0 0 0 0 0 0
0 0 0 0 0 0 0 0 0 0 0 0 0 0 0 0 0 0 0 0 0 0 0 0
##$SHL_OFFSCOEFF13= (0..95)
0 0 0 0 0 0 0 0 0 0 0 0 0 0 0 0 0 0 0 0 0 0 0 0 0 0 0 0 0 0 0 0 0 0 0 0
0 0 0 0 0 0 0 0 0 0 0 0 0 0 0 0 0 0 0 0 0 0 0 0 0 0 0 0 0 0 0 0 0 0 0 0
0 0 0 0 0 0 0 0 0 0 0 0 0 0 0 0 0 0 0 0 0 0 0 0
##$SHL_OFFSCOEFF14= (0..95)
0 0 0 0 0 0 0 0 0 0 0 0 0 0 0 0 0 0 0 0 0 0 0 0 0 0 0 0 0 0 0 0 0 0 0 0
0 0 0 0 0 0 0 0 0 0 0 0 0 0 0 0 0 0 0 0 0 0 0 0 0 0 0 0 0 0 0 0 0 0 0 0
0 0 0 0 0 0 0 0 0 0 0 0 0 0 0 0 0 0 0 0 0 0 0 0
##$SHL_OFFSCOEFF15= (0..95)
0 0 0 0 0 0 0 0 0 0 0 0 0 0 0 0 0 0 0 0 0 0 0 0 0 0 0 0 0 0 0 0 0 0 0 0
0 0 0 0 0 0 0 0 0 0 0 0 0 0 0 0 0 0 0 0 0 0 0 0 0 0 0 0 0 0 0 0 0 0 0 0
0 0 0 0 0 0 0 0 0 0 0 0 0 0 0 0 0 0 0 0 0 0 0 0
##$SHL_OFFSCOEFF2= (0..95)
0 0 0 0 0 0 0 0 0 0 0 0 0 0 0 0 0 0 0 0 0 0 0 0 0 0 0 0 0 0 0 0 0 0 0 0
0 0 0 0 0 0 0 0 0 0 0 0 0 0 0 0 0 0 0 0 0 0 0 0 0 0 0 0 0 0 0 0 0 0 0 0
0 0 0 0 0 0 0 0 0 0 0 0 0 0 0 0 0 0 0 0 0 0 0 0
##$SHL_OFFSCOEFF3= (0..95)
0 0 0 0 0 0 0 0 0 0 0 0 0 0 0 0 0 0 0 0 0 0 0 0 0 0 0 0 0 0 0 0 0 0 0 0
0 0 0 0 0 0 0 0 0 0 0 0 0 0 0 0 0 0 0 0 0 0 0 0 0 0 0 0 0 0 0 0 0 0 0 0
0 0 0 0 0 0 0 0 0 0 0 0 0 0 0 0 0 0 0 0 0 0 0 0
##$SHL_OFFSCOEFF4= (0..95)
0 0 0 0 0 0 0 0 0 0 0 0 0 0 0 0 0 0 0 0 0 0 0 0 0 0 0 0 0 0 0 0 0 0 0 0
0 0 0 0 0 0 0 0 0 0 0 0 0 0 0 0 0 0 0 0 0 0 0 0 0 0 0 0 0 0 0 0 0 0 0 0
0 0 0 0 0 0 0 0 0 0 0 0 0 0 0 0 0 0 0 0 0 0 0 0
##$SHL_OFFSCOEFF5= (0..95)
0 0 0 0 0 0 0 0 0 0 0 0 0 0 0 0 0 0 0 0 0 0 0 0 0 0 0 0 0 0 0 0 0 0 0 0
0 0 0 0 0 0 0 0 0 0 0 0 0 0 0 0 0 0 0 0 0 0 0 0 0 0 0 0 0 0 0 0 0 0 0 0
0 0 0 0 0 0 0 0 0 0 0 0 0 0 0 0 0 0 0 0 0 0 0 0
##$SHL_OFFSCOEFF6= (0..95)
0 0 0 0 0 0 0 0 0 0 0 0 0 0 0 0 0 0 0 0 0 0 0 0 0 0 0 0 0 0 0 0 0 0 0 0
0 0 0 0 0 0 0 0 0 0 0 0 0 0 0 0 0 0 0 0 0 0 0 0 0 0 0 0 0 0 0 0 0 0 0 0
0 0 0 0 0 0 0 0 0 0 0 0 0 0 0 0 0 0 0 0 0 0 0 0
##$SHL_OFFSCOEFF7= (0..95)
0 0 0 0 0 0 0 0 0 0 0 0 0 0 0 0 0 0 0 0 0 0 0 0 0 0 0 0 0 0 0 0 0 0 0 0
0 0 0 0 0 0 0 0 0 0 0 0 0 0 0 0 0 0 0 0 0 0 0 0 0 0 0 0 0 0 0 0 0 0 0 0
0 0 0 0 0 0 0 0 0 0 0 0 0 0 0 0 0 0 0 0 0 0 0 0
##$SHL_OFFSCOEFF8= (0..95)
0 0 0 0 0 0 0 0 0 0 0 0 0 0 0 0 0 0 0 0 0 0 0 0 0 0 0 0 0 0 0 0 0 0 0 0
0 0 0 0 0 0 0 0 0 0 0 0 0 0 0 0 0 0 0 0 0 0 0 0 0 0 0 0 0 0 0 0 0 0 0 0
0 0 0 0 0 0 0 0 0 0 0 0 0 0 0 0 0 0 0 0 0 0 0 0
##$SHL_OFFSCOEFF9= (0..95)
0 0 0 0 0 0 0 0 0 0 0 0 0 0 0 0 0 0 0 0 0 0 0 0 0 0 0 0 0 0 0 0 0 0 0 0
0 0 0 0 0 0 0 0 0 0 0 0 0 0 0 0 0 0 0 0 0 0 0 0 0 0 0 0 0 0 0 0 0 0 0 0
0 0 0 0 0 0 0 0 0 0 0 0 0 0 0 0 0 0 0 0 0 0 0 0
##$SHL_PHASE= (0..15)
0 0 0 0 0 0 0 0 0 0 0 0 0 0 0 0
##$SHL_PHASEFAC= (0..15)
0 0 0 0 0 0 0 0 0 0 0 0 0 0 0 0
##$SHL_POWERINDEX= (0..15)
0 0 0 0 0 0 0 0 0 0 0 0 0 0 0 0
##$SHL_QUADCOEFF= (0..15)
0 0 0 0 0 0 0 0 0 0 0 0 0 0 0 0
##$SHL_RIGHTLIMIT= (0..15)
0 0 0 0 0 0 0 0 0 0 0 0 0 0 0 0
##$SHL_SCALEFACTOR= (0..15)
1 1 1 1 1 1 1 1 1 1 1 1 1 1 1 1
##$SHL_SF= (0..15)
<> <> <> <> <> <> <> <> <> <> <> <> <> <> <> <>
##$SHL_SFCOEFFS0= (0..200)
0 0 0 0 0 0 0 0 0 0 0 0 0 0 0 0 0 0 0 0 0 0 0 0 0 0 0 0 0 0 0 0 0 0 0 0
0 0 0 0 0 0 0 0 0 0 0 0 0 0 0 0 0 0 0 0 0 0 0 0 0 0 0 0 0 0 0 0 0 0 0 0
0 0 0 0 0 0 0 0 0 0 0 0 0 0 0 0 0 0 0 0 0 0 0 0 0 0 0 0 0 0 0 0 0 0 0 0
0 0 0 0 0 0 0 0 0 0 0 0 0 0 0 0 0 0 0 0 0 0 0 0 0 0 0 0 0 0 0 0 0 0 0 0
0 0 0 0 0 0 0 0 0 0 0 0 0 0 0 0 0 0 0 0 0 0 0 0 0 0 0 0 0 0 0 0 0 0 0 0
0 0 0 0 0 0 0 0 0 0 0 0 0 0 0 0 0 0 0 0 0
##$SHL_SFCOEFFS1= (0..200)
0 0 0 0 0 0 0 0 0 0 0 0 0 0 0 0 0 0 0 0 0 0 0 0 0 0 0 0 0 0 0 0 0 0 0 0
0 0 0 0 0 0 0 0 0 0 0 0 0 0 0 0 0 0 0 0 0 0 0 0 0 0 0 0 0 0 0 0 0 0 0 0
0 0 0 0 0 0 0 0 0 0 0 0 0 0 0 0 0 0 0 0 0 0 0 0 0 0 0 0 0 0 0 0 0 0 0 0
0 0 0 0 0 0 0 0 0 0 0 0 0 0 0 0 0 0 0 0 0 0 0 0 0 0 0 0 0 0 0 0 0 0 0 0
0 0 0 0 0 0 0 0 0 0 0 0 0 0 0 0 0 0 0 0 0 0 0 0 0 0 0 0 0 0 0 0 0 0 0 0
0 0 0 0 0 0 0 0 0 0 0 0 0 0 0 0 0 0 0 0 0
##$SHL_SFCOEFFS10= (0..200)
0 0 0 0 0 0 0 0 0 0 0 0 0 0 0 0 0 0 0 0 0 0 0 0 0 0 0 0 0 0 0 0 0 0 0 0
0 0 0 0 0 0 0 0 0 0 0 0 0 0 0 0 0 0 0 0 0 0 0 0 0 0 0 0 0 0 0 0 0 0 0 0
0 0 0 0 0 0 0 0 0 0 0 0 0 0 0 0 0 0 0 0 0 0 0 0 0 0 0 0 0 0 0 0 0 0 0 0
0 0 0 0 0 0 0 0 0 0 0 0 0 0 0 0 0 0 0 0 0 0 0 0 0 0 0 0 0 0 0 0 0 0 0 0
0 0 0 0 0 0 0 0 0 0 0 0 0 0 0 0 0 0 0 0 0 0 0 0 0 0 0 0 0 0 0 0 0 0 0 0
0 0 0 0 0 0 0 0 0 0 0 0 0 0 0 0 0 0 0 0 0
##$SHL_SFCOEFFS11= (0..200)
0 0 0 0 0 0 0 0 0 0 0 0 0 0 0 0 0 0 0 0 0 0 0 0 0 0 0 0 0 0 0 0 0 0 0 0
0 0 0 0 0 0 0 0 0 0 0 0 0 0 0 0 0 0 0 0 0 0 0 0 0 0 0 0 0 0 0 0 0 0 0 0
0 0 0 0 0 0 0 0 0 0 0 0 0 0 0 0 0 0 0 0 0 0 0 0 0 0 0 0 0 0 0 0 0 0 0 0
0 0 0 0 0 0 0 0 0 0 0 0 0 0 0 0 0 0 0 0 0 0 0 0 0 0 0 0 0 0 0 0 0 0 0 0
0 0 0 0 0 0 0 0 0 0 0 0 0 0 0 0 0 0 0 0 0 0 0 0 0 0 0 0 0 0 0 0 0 0 0 0
0 0 0 0 0 0 0 0 0 0 0 0 0 0 0 0 0 0 0 0 0
##$SHL_SFCOEFFS12= (0..200)
0 0 0 0 0 0 0 0 0 0 0 0 0 0 0 0 0 0 0 0 0 0 0 0 0 0 0 0 0 0 0 0 0 0 0 0
0 0 0 0 0 0 0 0 0 0 0 0 0 0 0 0 0 0 0 0 0 0 0 0 0 0 0 0 0 0 0 0 0 0 0 0
0 0 0 0 0 0 0 0 0 0 0 0 0 0 0 0 0 0 0 0 0 0 0 0 0 0 0 0 0 0 0 0 0 0 0 0
0 0 0 0 0 0 0 0 0 0 0 0 0 0 0 0 0 0 0 0 0 0 0 0 0 0 0 0 0 0 0 0 0 0 0 0
0 0 0 0 0 0 0 0 0 0 0 0 0 0 0 0 0 0 0 0 0 0 0 0 0 0 0 0 0 0 0 0 0 0 0 0
0 0 0 0 0 0 0 0 0 0 0 0 0 0 0 0 0 0 0 0 0
##$SHL_SFCOEFFS13= (0..200)
0 0 0 0 0 0 0 0 0 0 0 0 0 0 0 0 0 0 0 0 0 0 0 0 0 0 0 0 0 0 0 0 0 0 0 0
0 0 0 0 0 0 0 0 0 0 0 0 0 0 0 0 0 0 0 0 0 0 0 0 0 0 0 0 0 0 0 0 0 0 0 0
0 0 0 0 0 0 0 0 0 0 0 0 0 0 0 0 0 0 0 0 0 0 0 0 0 0 0 0 0 0 0 0 0 0 0 0
0 0 0 0 0 0 0 0 0 0 0 0 0 0 0 0 0 0 0 0 0 0 0 0 0 0 0 0 0 0 0 0 0 0 0 0
0 0 0 0 0 0 0 0 0 0 0 0 0 0 0 0 0 0 0 0 0 0 0 0 0 0 0 0 0 0 0 0 0 0 0 0
0 0 0 0 0 0 0 0 0 0 0 0 0 0 0 0 0 0 0 0 0
##$SHL_SFCOEFFS14= (0..200)
0 0 0 0 0 0 0 0 0 0 0 0 0 0 0 0 0 0 0 0 0 0 0 0 0 0 0 0 0 0 0 0 0 0 0 0
0 0 0 0 0 0 0 0 0 0 0 0 0 0 0 0 0 0 0 0 0 0 0 0 0 0 0 0 0 0 0 0 0 0 0 0
0 0 0 0 0 0 0 0 0 0 0 0 0 0 0 0 0 0 0 0 0 0 0 0 0 0 0 0 0 0 0 0 0 0 0 0
0 0 0 0 0 0 0 0 0 0 0 0 0 0 0 0 0 0 0 0 0 0 0 0 0 0 0 0 0 0 0 0 0 0 0 0
0 0 0 0 0 0 0 0 0 0 0 0 0 0 0 0 0 0 0 0 0 0 0 0 0 0 0 0 0 0 0 0 0 0 0 0
0 0 0 0 0 0 0 0 0 0 0 0 0 0 0 0 0 0 0 0 0
##$SHL_SFCOEFFS15= (0..200)
0 0 0 0 0 0 0 0 0 0 0 0 0 0 0 0 0 0 0 0 0 0 0 0 0 0 0 0 0 0 0 0 0 0 0 0
0 0 0 0 0 0 0 0 0 0 0 0 0 0 0 0 0 0 0 0 0 0 0 0 0 0 0 0 0 0 0 0 0 0 0 0
0 0 0 0 0 0 0 0 0 0 0 0 0 0 0 0 0 0 0 0 0 0 0 0 0 0 0 0 0 0 0 0 0 0 0 0
0 0 0 0 0 0 0 0 0 0 0 0 0 0 0 0 0 0 0 0 0 0 0 0 0 0 0 0 0 0 0 0 0 0 0 0
0 0 0 0 0 0 0 0 0 0 0 0 0 0 0 0 0 0 0 0 0 0 0 0 0 0 0 0 0 0 0 0 0 0 0 0
0 0 0 0 0 0 0 0 0 0 0 0 0 0 0 0 0 0 0 0 0
##$SHL_SFCOEFFS2= (0..200)
0 0 0 0 0 0 0 0 0 0 0 0 0 0 0 0 0 0 0 0 0 0 0 0 0 0 0 0 0 0 0 0 0 0 0 0
0 0 0 0 0 0 0 0 0 0 0 0 0 0 0 0 0 0 0 0 0 0 0 0 0 0 0 0 0 0 0 0 0 0 0 0
0 0 0 0 0 0 0 0 0 0 0 0 0 0 0 0 0 0 0 0 0 0 0 0 0 0 0 0 0 0 0 0 0 0 0 0
0 0 0 0 0 0 0 0 0 0 0 0 0 0 0 0 0 0 0 0 0 0 0 0 0 0 0 0 0 0 0 0 0 0 0 0
0 0 0 0 0 0 0 0 0 0 0 0 0 0 0 0 0 0 0 0 0 0 0 0 0 0 0 0 0 0 0 0 0 0 0 0
0 0 0 0 0 0 0 0 0 0 0 0 0 0 0 0 0 0 0 0 0
##$SHL_SFCOEFFS3= (0..200)
0 0 0 0 0 0 0 0 0 0 0 0 0 0 0 0 0 0 0 0 0 0 0 0 0 0 0 0 0 0 0 0 0 0 0 0
0 0 0 0 0 0 0 0 0 0 0 0 0 0 0 0 0 0 0 0 0 0 0 0 0 0 0 0 0 0 0 0 0 0 0 0
0 0 0 0 0 0 0 0 0 0 0 0 0 0 0 0 0 0 0 0 0 0 0 0 0 0 0 0 0 0 0 0 0 0 0 0
0 0 0 0 0 0 0 0 0 0 0 0 0 0 0 0 0 0 0 0 0 0 0 0 0 0 0 0 0 0 0 0 0 0 0 0
0 0 0 0 0 0 0 0 0 0 0 0 0 0 0 0 0 0 0 0 0 0 0 0 0 0 0 0 0 0 0 0 0 0 0 0
0 0 0 0 0 0 0 0 0 0 0 0 0 0 0 0 0 0 0 0 0
##$SHL_SFCOEFFS4= (0..200)
0 0 0 0 0 0 0 0 0 0 0 0 0 0 0 0 0 0 0 0 0 0 0 0 0 0 0 0 0 0 0 0 0 0 0 0
0 0 0 0 0 0 0 0 0 0 0 0 0 0 0 0 0 0 0 0 0 0 0 0 0 0 0 0 0 0 0 0 0 0 0 0
0 0 0 0 0 0 0 0 0 0 0 0 0 0 0 0 0 0 0 0 0 0 0 0 0 0 0 0 0 0 0 0 0 0 0 0
0 0 0 0 0 0 0 0 0 0 0 0 0 0 0 0 0 0 0 0 0 0 0 0 0 0 0 0 0 0 0 0 0 0 0 0
0 0 0 0 0 0 0 0 0 0 0 0 0 0 0 0 0 0 0 0 0 0 0 0 0 0 0 0 0 0 0 0 0 0 0 0
0 0 0 0 0 0 0 0 0 0 0 0 0 0 0 0 0 0 0 0 0
##$SHL_SFCOEFFS5= (0..200)
0 0 0 0 0 0 0 0 0 0 0 0 0 0 0 0 0 0 0 0 0 0 0 0 0 0 0 0 0 0 0 0 0 0 0 0
0 0 0 0 0 0 0 0 0 0 0 0 0 0 0 0 0 0 0 0 0 0 0 0 0 0 0 0 0 0 0 0 0 0 0 0
0 0 0 0 0 0 0 0 0 0 0 0 0 0 0 0 0 0 0 0 0 0 0 0 0 0 0 0 0 0 0 0 0 0 0 0
0 0 0 0 0 0 0 0 0 0 0 0 0 0 0 0 0 0 0 0 0 0 0 0 0 0 0 0 0 0 0 0 0 0 0 0
0 0 0 0 0 0 0 0 0 0 0 0 0 0 0 0 0 0 0 0 0 0 0 0 0 0 0 0 0 0 0 0 0 0 0 0
0 0 0 0 0 0 0 0 0 0 0 0 0 0 0 0 0 0 0 0 0
##$SHL_SFCOEFFS6= (0..200)
0 0 0 0 0 0 0 0 0 0 0 0 0 0 0 0 0 0 0 0 0 0 0 0 0 0 0 0 0 0 0 0 0 0 0 0
0 0 0 0 0 0 0 0 0 0 0 0 0 0 0 0 0 0 0 0 0 0 0 0 0 0 0 0 0 0 0 0 0 0 0 0
0 0 0 0 0 0 0 0 0 0 0 0 0 0 0 0 0 0 0 0 0 0 0 0 0 0 0 0 0 0 0 0 0 0 0 0
0 0 0 0 0 0 0 0 0 0 0 0 0 0 0 0 0 0 0 0 0 0 0 0 0 0 0 0 0 0 0 0 0 0 0 0
0 0 0 0 0 0 0 0 0 0 0 0 0 0 0 0 0 0 0 0 0 0 0 0 0 0 0 0 0 0 0 0 0 0 0 0
0 0 0 0 0 0 0 0 0 0 0 0 0 0 0 0 0 0 0 0 0
##$SHL_SFCOEFFS7= (0..200)
0 0 0 0 0 0 0 0 0 0 0 0 0 0 0 0 0 0 0 0 0 0 0 0 0 0 0 0 0 0 0 0 0 0 0 0
0 0 0 0 0 0 0 0 0 0 0 0 0 0 0 0 0 0 0 0 0 0 0 0 0 0 0 0 0 0 0 0 0 0 0 0
0 0 0 0 0 0 0 0 0 0 0 0 0 0 0 0 0 0 0 0 0 0 0 0 0 0 0 0 0 0 0 0 0 0 0 0
0 0 0 0 0 0 0 0 0 0 0 0 0 0 0 0 0 0 0 0 0 0 0 0 0 0 0 0 0 0 0 0 0 0 0 0
0 0 0 0 0 0 0 0 0 0 0 0 0 0 0 0 0 0 0 0 0 0 0 0 0 0 0 0 0 0 0 0 0 0 0 0
0 0 0 0 0 0 0 0 0 0 0 0 0 0 0 0 0 0 0 0 0
##$SHL_SFCOEFFS8= (0..200)
0 0 0 0 0 0 0 0 0 0 0 0 0 0 0 0 0 0 0 0 0 0 0 0 0 0 0 0 0 0 0 0 0 0 0 0
0 0 0 0 0 0 0 0 0 0 0 0 0 0 0 0 0 0 0 0 0 0 0 0 0 0 0 0 0 0 0 0 0 0 0 0
0 0 0 0 0 0 0 0 0 0 0 0 0 0 0 0 0 0 0 0 0 0 0 0 0 0 0 0 0 0 0 0 0 0 0 0
0 0 0 0 0 0 0 0 0 0 0 0 0 0 0 0 0 0 0 0 0 0 0 0 0 0 0 0 0 0 0 0 0 0 0 0
0 0 0 0 0 0 0 0 0 0 0 0 0 0 0 0 0 0 0 0 0 0 0 0 0 0 0 0 0 0 0 0 0 0 0 0
0 0 0 0 0 0 0 0 0 0 0 0 0 0 0 0 0 0 0 0 0
##$SHL_SFCOEFFS9= (0..200)
0 0 0 0 0 0 0 0 0 0 0 0 0 0 0 0 0 0 0 0 0 0 0 0 0 0 0 0 0 0 0 0 0 0 0 0
0 0 0 0 0 0 0 0 0 0 0 0 0 0 0 0 0 0 0 0 0 0 0 0 0 0 0 0 0 0 0 0 0 0 0 0
0 0 0 0 0 0 0 0 0 0 0 0 0 0 0 0 0 0 0 0 0 0 0 0 0 0 0 0 0 0 0 0 0 0 0 0
0 0 0 0 0 0 0 0 0 0 0 0 0 0 0 0 0 0 0 0 0 0 0 0 0 0 0 0 0 0 0 0 0 0 0 0
0 0 0 0 0 0 0 0 0 0 0 0 0 0 0 0 0 0 0 0 0 0 0 0 0 0 0 0 0 0 0 0 0 0 0 0
0 0 0 0 0 0 0 0 0 0 0 0 0 0 0 0 0 0 0 0 0
##$SHL_SMOOTHED= (0..15)
0 0 0 0 0 0 0 0 0 0 0 0 0 0 0 0
##$SHL_SMOOTHING= (0..15)
0 0 0 0 0 0 0 0 0 0 0 0 0 0 0 0
##$SHL_SPOAL= (0..15)
0 0 0 0 0 0 0 0 0 0 0 0 0 0 0 0
##$SHL_SPOFFS= (0..15)
0 0 0 0 0 0 0 0 0 0 0 0 0 0 0 0
##$SHL_SPOPH= (0..15)
0 0 0 0 0 0 0 0 0 0 0 0 0 0 0 0
##$SHL_STARTAMP= (0..15)
0 0 0 0 0 0 0 0 0 0 0 0 0 0 0 0
##$SHL_SW= (0..15)
0 0 0 0 0 0 0 0 0 0 0 0 0 0 0 0
##$SHL_SWDIR= (0..15)
-1 -1 -1 -1 -1 -1 -1 -1 -1 -1 -1 -1 -1 -1 -1 -1
##$SHL_TANKAPPA= (0..15)
0 0 0 0 0 0 0 0 0 0 0 0 0 0 0 0
##$SHL_TOTROT= (0..15)
90 0 0 0 0 0 0 0 0 0 0 0 0 0 0 0
##$SHL_TRUNCLEV= (0..15)
0 0 0 0 0 0 0 0 0 0 0 0 0 0 0 0
##$SHL_TYPE= (0..15)
<Excitation> <> <> <> <> <> <> <> <> <> <> <> <> <> <> <>
##$SHL_WINDOWSIZE= (0..15)
0 0 0 0 0 0 0 0 0 0 0 0 0 0 0 0
##$SHL_ZETA= (0..15)
0 0 0 0 0 0 0 0 0 0 0 0 0 0 0 0
##NPOINTS= 1250
##XYPOINTS= (XY..XY)
100.000000, 31.189100
100.000000, 32.868541
100.000000, 34.547982
100.000000, 36.227423
100.000000, 37.906864
100.000000, 39.586305
100.000000, 41.265746
100.000000, 42.945187
100.000000, 44.624628
100.000000, 46.304069
100.000000, 47.983510
100.000000, 49.662951
100.000000, 51.342392
100.000000, 53.021833
100.000000, 54.701274
100.000000, 56.380715
100.000000, 58.060156
100.000000, 59.739597
100.000000, 61.419038
100.000000, 63.098479
100.000000, 64.777920
100.000000, 66.457361
100.000000, 68.136802
100.000000, 69.816243
100.000000, 71.495684
100.000000, 73.175125
100.000000, 74.854566
100.000000, 76.534007
100.000000, 78.213448
100.000000, 79.892889
100.000000, 81.572330
100.000000, 83.251771
100.000000, 84.931212
100.000000, 86.610653
100.000000, 88.290094
100.000000, 89.969535
100.000000, 91.648976
100.000000, 93.328417
100.000000, 95.007858
100.000000, 96.687299
100.000000, 98.366740
100.000000, 100.046181
100.000000, 101.725622
100.000000, 103.405063
100.000000, 105.084504
100.000000, 106.763945
100.000000, 108.443386
100.000000, 110.122827
100.000000, 111.802268
100.000000, 113.481708
100.000000, 115.161149
100.000000, 116.840590
100.000000, 118.520031
100.000000, 120.199472
100.000000, 121.878913
100.000000, 123.558354
100.000000, 125.237795
100.000000, 126.917236
100.000000, 128.596677
100.000000, 130.276118
100.000000, 131.955559
100.000000, 133.635000
100.000000, 135.314441
100.000000, 136.993882
100.000000, 138.673323
100.000000, 140.352764
100.000000, 142.032205
100.000000, 143.711646
100.000000, 145.391087
100.000000, 147.070528
100.000000, 148.749969
100.000000, 150.429410
100.000000, 152.108851
100.000000, 153.788292
100.000000, 155.467733
100.000000, 157.147174
100.000000, 158.826615
100.000000, 160.506056
100.000000, 162.185497
100.000000, 163.864938
100.000000, 165.544379
100.000000, 167.223820
100.000000, 168.903261
100.000000, 170.582702
100.000000, 172.262143
100.000000, 173.941584
100.000000, 175.621025
100.000000, 177.300466
100.000000, 178.979907
100.000000, 180.659348
100.000000, 182.338789
100.000000, 184.018230
100.000000, 185.697671
100.000000, 187.377112
100.000000, 189.056553
100.000000, 190.735994
100.000000, 192.415435
100.000000, 194.094876
100.000000, 195.774317
100.000000, 197.453758
100.000000, 199.133199
100.000000, 200.812640
100.000000, 202.492081
100.000000, 204.171522
100.000000, 205.850963
100.000000, 207.530404
100.000000, 209.209845
100.000000, 210.889286
100.000000, 212.568727
100.000000, 214.248168
100.000000, 215.927609
100.000000, 217.607050
100.000000, 219.286491
100.000000, 220.965932
100.000000, 222.645373
100.000000, 224.324814
100.000000, 226.004255
100.000000, 227.683696
100.000000, 229.363137
100.000000, 231.042578
100.000000, 232.722019
100.000000, 234.401460
100.000000, 236.080901
100.000000, 237.760342
100.000000, 239.439783
100.000000, 241.119224
100.000000, 242.798665
100.000000, 244.478106
100.000000, 246.157547
100.000000, 247.836988
100.000000, 249.516429
100.000000, 251.195870
100.000000, 252.875311
100.000000, 254.554752
100.000000, 256.234193
100.000000, 257.913634
100.000000, 259.593075
100.000000, 261.272516
100.000000, 262.951957
100.000000, 264.631398
100.000000, 266.310839
100.000000, 267.990280
100.000000, 269.669721
100.000000, 271.349162
100.000000, 273.028603
100.000000, 274.708044
100.000000, 276.387485
100.000000, 278.066926
100.000000, 279.746367
100.000000, 281.425808
100.000000, 283.105249
100.000000, 284.784690
100.000000, 286.464131
100.000000, 288.143572
100.000000, 289.823013
100.000000, 291.502454
100.000000, 293.181895
100.000000, 294.861336
100.000000, 296.540777
100.000000, 298.220218
100.000000, 299.899659
100.000000, 301.579100
100.000000, 303.258541
100.000000, 304.937982
100.000000, 306.617423
100.000000, 308.296864
100.000000, 309.976305
100.000000, 311.655746
100.000000, 313.335187
100.000000, 315.014628
100.000000, 316.694069
100.000000, 318.373510
100.000000, 320.052951
100.000000, 321.732392
100.000000, 323.411833
100.000000, 325.091274
100.000000, 326.770715
100.000000, 328.450156
100.000000, 330.129597
100.000000, 331.809038
100.000000, 333.488479
100.000000, 335.167920
100.000000, 336.847361
100.000000, 338.526802
100.000000, 340.206243
100.000000, 341.885684
100.000000, 343.565125
100.000000, 345.244566
100.000000, 346.924007
100.000000, 348.603448
100.000000, 350.282889
100.000000, 351.962330
100.000000, 353.641771
100.000000, 355.321211
100.000000, 357.000652
100.000000, 358.680093
100.000000, 0.359534
100.000000, 2.038975
100.000000, 3.718416
100.000000, 5.397857
100.000000, 7.077298
100.000000, 8.756739
100.000000, 10.436180
100.000000, 12.115621
100.000000, 13.795062
100.000000, 15.474503
100.000000, 17.153944
100.000000, 18.833385
100.000000, 20.512826
100.000000, 22.192267
100.000000, 23.871708
100.000000, 25.551149
100.000000, 27.230590
100.000000, 28.910031
100.000000, 30.589472
100.000000, 32.268913
100.000000, 33.948354
100.000000, 35.627795
100.000000, 37.307236
100.000000, 38.986677
100.000000, 40.666118
100.000000, 42.345559
100.000000, 44.025000
100.000000, 45.704441
100.000000, 47.383882
100.000000, 49.063323
100.000000, 50.742764
100.000000, 52.422205
100.000000, 54.101646
100.000000, 55.781087
100.000000, 57.460528
100.000000, 59.139969
100.000000, 60.819410
100.000000, 62.498851
100.000000, 64.178292
100.000000, 65.857733
100.000000, 67.537174
100.000000, 69.216615
100.000000, 70.896056
100.000000, 72.575497
100.000000, 74.254938
100.000000, 75.934379
100.000000, 77.613820
100.000000, 79.293261
100.000000, 80.972702
100.000000, 82.652143
100.000000, 84.331584
100.000000, 86.011025
100.000000, 87.690466
100.000000, 89.369907
100.000000, 91.049348
100.000000, 92.728789
100.000000, 94.408230
100.000000, 96.087671
100.000000, 97.767112
100.000000, 99.446553
100.000000, 101.125994
100.000000, 102.805435
100.000000, 104.484876
100.000000, 106.164317
100.000000, 107.843758
100.000000, 109.523199
100.000000, 111.202640
100.000000, 112.882081
100.000000, 114.561522
100.000000, 116.240963
100.000000, 117.920404
100.000000, 119.599845
100.000000, 121.279286
100.000000, 122.958727
100.000000, 124.638168
100.000000, 126.317609
100.000000, 127.997050
100.000000, 129.676491
100.000000, 131.355932
100.000000, 133.035373
100.000000, 134.714814
100.000000, 136.394255
100.000000, 138.073696
100.000000, 139.753137
100.000000, 141.432578
100.000000, 143.112019
100.000000, 144.791460
100.000000, 146.470901
100.000000, 148.150342
100.000000, 149.829783
100.000000, 151.509224
100.000000, 153.188665
100.000000, 154.868106
100.000000, 156.547547
100.000000, 158.226988
100.000000, 159.906429
100.000000, 161.585870
100.000000, 163.265311
100.000000, 164.944752
100.000000, 166.624193
100.000000, 168.303634
100.000000, 169.983075
100.000000, 171.662516
100.000000, 173.341957
100.000000, 175.021398
100.000000, 176.700839
100.000000, 178.380280
100.000000, 180.059721
100.000000, 181.739162
100.000000, 183.418603
100.000000, 185.098044
100.000000, 186.777485
100.000000, 188.456926
100.000000, 190.136367
100.000000, 191.815808
100.000000, 193.495249
100.000000, 195.174690
100.000000, 196.854131
100.000000, 198.533572
100.000000, 200.213013
100.000000, 201.892454
100.000000, 203.571895
100.000000, 205.251336
100.000000, 206.930777
100.000000, 208.610218
100.000000, 210.289659
100.000000, 211.969100
100.000000, 213.648541
100.000000, 215.327982
100.000000, 217.007423
100.000000, 218.686864
100.000000, 220.366305
100.000000, 222.045746
100.000000, 223.725187
100.000000, 225.404628
100.000000, 227.084069
100.000000, 228.763510
100.000000, 230.442951
100.000000, 232.122392
100.000000, 233.801833
100.000000, 235.481274
100.000000, 237.160714
100.000000, 238.840155
100.000000, 240.519596
100.000000, 242.199037
100.000000, 243.878478
100.000000, 245.557919
100.000000, 247.237360
100.000000, 248.916801
100.000000, 250.596242
100.000000, 252.275683
100.000000, 253.955124
100.000000, 255.634565
100.000000, 257.314006
100.000000, 258.993447
100.000000, 260.672888
100.000000, 262.352329
100.000000, 264.031770
100.000000, 265.711211
100.000000, 267.390652
100.000000, 269.070093
100.000000, 270.749534
100.000000, 272.428975
100.000000, 274.108416
100.000000, 275.787857
100.000000, 277.467298
100.000000, 279.146739
100.000000, 280.826180
100.000000, 282.505621
100.000000, 284.185062
100.000000, 285.864503
100.000000, 287.543944
100.000000, 289.223385
100.000000, 290.902826
100.000000, 292.582267
100.000000, 294.261708
100.000000, 295.941149
100.000000, 297.620590
100.000000, 299.300031
100.000000, 300.979472
100.000000, 302.658913
100.000000, 304.338354
100.000000, 306.017795
100.000000, 307.697236
100.000000, 309.376677
100.000000, 311.056118
100.000000, 312.735559
100.000000, 314.415000
100.000000, 316.094441
100.000000, 317.773882
100.000000, 319.453323
100.000000, 321.132764
100.000000, 322.812205
100.000000, 324.491646
100.000000, 326.171087
100.000000, 327.850528
100.000000, 329.529969
100.000000, 331.209410
100.000000, 332.888851
100.000000, 334.568292
100.000000, 336.247733
100.000000, 337.927174
100.000000, 339.606615
100.000000, 341.286056
100.000000, 342.965497
100.000000, 344.644938
100.000000, 346.324379
100.000000, 348.003820
100.000000, 349.683261
100.000000, 351.362702
100.000000, 353.042143
100.000000, 354.721584
100.000000, 356.401025
100.000000, 358.080466
100.000000, 359.759907
100.000000, 1.439348
100.000000, 3.118789
100.000000, 4.798230
100.000000, 6.477671
100.000000, 8.157112
100.000000, 9.836553
100.000000, 11.515994
100.000000, 13.195435
100.000000, 14.874876
100.000000, 16.554317
100.000000, 18.233758
100.000000, 19.913199
100.000000, 21.592640
100.000000, 23.272081
100.000000, 24.951522
100.000000, 26.630963
100.000000, 28.310404
100.000000, 29.989845
100.000000, 31.669286
100.000000, 33.348727
100.000000, 35.028168
100.000000, 36.707609
100.000000, 38.387050
100.000000, 40.066491
100.000000, 41.745932
100.000000, 43.425373
100.000000, 45.104814
100.000000, 46.784255
100.000000, 48.463696
100.000000, 50.143137
100.000000, 51.822578
100.000000, 53.502019
100.000000, 55.181460
100.000000, 56.860901
100.000000, 58.540342
100.000000, 60.219783
100.000000, 61.899224
100.000000, 63.578665
100.000000, 65.258106
100.000000, 66.937547
100.000000, 68.616988
100.000000, 70.296429
100.000000, 71.975870
100.000000, 73.655311
100.000000, 75.334752
100.000000, 77.014193
100.000000, 78.693634
100.000000, 80.373075
100.000000, 82.052516
100.000000, 83.731957
100.000000, 85.411398
100.000000, 87.090839
100.000000, 88.770280
100.000000, 90.449721
100.000000, 92.129162
100.000000, 93.808603
100.000000, 95.488044
100.000000, 97.167485
100.000000, 98.846926
100.000000, 100.526367
100.000000, 102.205808
100.000000, 103.885249
100.000000, 105.564690
100.000000, 107.244131
100.000000, 108.923572
100.000000, 110.603013
100.000000, 112.282454
100.000000, 113.961895
100.000000, 115.641336
100.000000, 117.320777
100.000000, 119.000217
100.000000, 120.679658
100.000000, 122.359099
100.000000, 124.038540
100.000000, 125.717981
100.000000, 127.397422
100.000000, 129.076863
100.000000, 130.756304
100.000000, 132.435745
100.000000, 134.115186
100.000000, 135.794627
100.000000, 137.474068
100.000000, 139.153509
100.000000, 140.832950
100.000000, 142.512391
100.000000, 144.191832
100.000000, 145.871273
100.000000, 147.550714
100.000000, 149.230155
100.000000, 150.909596
100.000000, 152.589037
100.000000, 154.268478
100.000000, 155.947919
100.000000, 157.627360
100.000000, 159.306801
100.000000, 160.986242
100.000000, 162.665683
100.000000, 164.345124
100.000000, 166.024565
100.000000, 167.704006
100.000000, 169.383447
100.000000, 171.062888
100.000000, 172.742329
100.000000, 174.421770
100.000000, 176.101211
100.000000, 177.780652
100.000000, 179.460093
100.000000, 181.139534
100.000000, 182.818975
100.000000, 184.498416
100.000000, 186.177857
100.000000, 187.857298
100.000000, 189.536739
100.000000, 191.216180
100.000000, 192.895621
100.000000, 194.575062
100.000000, 196.254503
100.000000, 197.933944
100.000000, 199.613385
100.000000, 201.292826
100.000000, 202.972267
100.000000, 204.651708
100.000000, 206.331149
100.000000, 208.010590
100.000000, 209.690031
100.000000, 211.369472
100.000000, 213.048913
100.000000, 214.728354
100.000000, 216.407795
100.000000, 218.087236
100.000000, 219.766677
100.000000, 221.446118
100.000000, 223.125559
100.000000, 224.805000
100.000000, 226.484441
100.000000, 228.163882
100.000000, 229.843323
100.000000, 231.522764
100.000000, 233.202205
100.000000, 234.881646
100.000000, 236.561087
100.000000, 238.240528
100.000000, 239.919969
100.000000, 241.599410
100.000000, 243.278851
100.000000, 244.958292
100.000000, 246.637733
100.000000, 248.317174
100.000000, 249.996615
100.000000, 251.676056
100.000000, 253.355497
100.000000, 255.034938
100.000000, 256.714379
100.000000, 258.393820
100.000000, 260.073261
100.000000, 261.752702
100.000000, 263.432143
100.000000, 265.111584
100.000000, 266.791025
100.000000, 268.470466
100.000000, 270.149907
100.000000, 271.829348
100.000000, 273.508789
100.000000, 275.188230
100.000000, 276.867671
100.000000, 278.547112
100.000000, 280.226553
100.000000, 281.905994
100.000000, 283.585435
100.000000, 285.264876
100.000000, 286.944317
100.000000, 288.623758
100.000000, 290.303199
100.000000, 291.982640
100.000000, 293.662081
100.000000, 295.341522
100.000000, 297.020963
100.000000, 298.700404
100.000000, 300.379845
100.000000, 302.059286
100.000000, 303.738727
100.000000, 305.418168
100.000000, 307.097609
100.000000, 308.777050
100.000000, 310.456491
100.000000, 312.135932
100.000000, 313.815373
100.000000, 315.494814
100.000000, 317.174255
100.000000, 318.853696
100.000000, 320.533137
100.000000, 322.212578
100.000000, 323.892019
100.000000, 325.571460
100.000000, 327.250901
100.000000, 328.930342
100.000000, 330.609783
100.000000, 332.289224
100.000000, 333.968665
100.000000, 335.648106
100.000000, 337.327547
100.000000, 339.006988
100.000000, 340.686429
100.000000, 342.365870
100.000000, 344.045311
100.000000, 345.724752
100.000000, 347.404193
100.000000, 349.083634
100.000000, 350.763075
100.000000, 352.442516
100.000000, 354.121957
100.000000, 355.801398
100.000000, 357.480839
100.000000, 359.160280
100.000000, 0.839720
100.000000, 2.519161
100.000000, 4.198602
100.000000, 5.878043
100.000000, 7.557484
100.000000, 9.236925
100.000000, 10.916366
100.000000, 12.595807
100.000000, 14.275248
100.000000, 15.954689
100.000000, 17.634130
100.000000, 19.313571
100.000000, 20.993012
100.000000, 22.672453
100.000000, 24.351894
100.000000, 26.031335
100.000000, 27.710776
100.000000, 29.390217
100.000000, 31.069658
100.000000, 32.749099
100.000000, 34.428540
100.000000, 36.107981
100.000000, 37.787422
100.000000, 39.466863
100.000000, 41.146304
100.000000, 42.825745
100.000000, 44.505186
100.000000, 46.184627
100.000000, 47.864068
100.000000, 49.543509
100.000000, 51.222950
100.000000, 52.902391
100.000000, 54.581832
100.000000, 56.261273
100.000000, 57.940714
100.000000, 59.620155
100.000000, 61.299596
100.000000, 62.979037
100.000000, 64.658478
100.000000, 66.337919
100.000000, 68.017360
100.000000, 69.696801
100.000000, 71.376242
100.000000, 73.055683
100.000000, 74.735124
100.000000, 76.414565
100.000000, 78.094006
100.000000, 79.773447
100.000000, 81.452888
100.000000, 83.132329
100.000000, 84.811770
100.000000, 86.491211
100.000000, 88.170652
100.000000, 89.850093
100.000000, 91.529534
100.000000, 93.208975
100.000000, 94.888416
100.000000, 96.567857
100.000000, 98.247298
100.000000, 99.926739
100.000000, 101.606180
100.000000, 103.285621
100.000000, 104.965062
100.000000, 106.644503
100.000000, 108.323944
100.000000, 110.003385
100.000000, 111.682826
100.000000, 113.362267
100.000000, 115.041708
100.000000, 116.721149
100.000000, 118.400590
100.000000, 120.080031
100.000000, 121.759472
100.000000, 123.438913
100.000000, 125.118354
100.000000, 126.797795
100.000000, 128.477236
100.000000, 130.156677
100.000000, 131.836118
100.000000, 133.515559
100.000000, 135.195000
100.000000, 136.874441
100.000000, 138.553882
100.000000, 140.233323
100.000000, 141.912764
100.000000, 143.592205
100.000000, 145.271646
100.000000, 146.951087
100.000000, 148.630528
100.000000, 150.309969
100.000000, 151.989410
100.000000, 153.668851
100.000000, 155.348292
100.000000, 157.027733
100.000000, 158.707174
100.000000, 160.386615
100.000000, 162.066056
100.000000, 163.745497
100.000000, 165.424938
100.000000, 167.104379
100.000000, 168.783820
100.000000, 170.463261
100.000000, 172.142702
100.000000, 173.822143
100.000000, 175.501584
100.000000, 177.181025
100.000000, 178.860466
100.000000, 180.539907
100.000000, 182.219348
100.000000, 183.898789
100.000000, 185.578230
100.000000, 187.257671
100.000000, 188.937112
100.000000, 190.616553
100.000000, 192.295994
100.000000, 193.975435
100.000000, 195.654876
100.000000, 197.334317
100.000000, 199.013758
100.000000, 200.693199
100.000000, 202.372640
100.000000, 204.052081
100.000000, 205.731522
100.000000, 207.410963
100.000000, 209.090404
100.000000, 210.769845
100.000000, 212.449286
100.000000, 214.128727
100.000000, 215.808168
100.000000, 217.487609
100.000000, 219.167050
100.000000, 220.846491
100.000000, 222.525932
100.000000, 224.205373
100.000000, 225.884814
100.000000, 227.564255
100.000000, 229.243696
100.000000, 230.923137
100.000000, 232.602578
100.000000, 234.282019
100.000000, 235.961460
100.000000, 237.640901
100.000000, 239.320342
100.000000, 240.999783
100.000000, 242.679223
100.000000, 244.358664
100.000000, 246.038105
100.000000, 247.717546
100.000000, 249.396987
100.000000, 251.076428
100.000000, 252.755869
100.000000, 254.435310
100.000000, 256.114751
100.000000, 257.794192
100.000000, 259.473633
100.000000, 261.153074
100.000000, 262.832515
100.000000, 264.511956
100.000000, 266.191397
100.000000, 267.870838
100.000000, 269.550279
100.000000, 271.229720
100.000000, 272.909161
100.000000, 274.588602
100.000000, 276.268043
100.000000, 277.947484
100.000000, 279.626925
100.000000, 281.306366
100.000000, 282.985807
100.000000, 284.665248
100.000000, 286.344689
100.000000, 288.024130
100.000000, 289.703571
100.000000, 291.383012
100.000000, 293.062453
100.000000, 294.741894
100.000000, 296.421335
100.000000, 298.100776
100.000000, 299.780217
100.000000, 301.459658
100.000000, 303.139099
100.000000, 304.818540
100.000000, 306.497981
100.000000, 308.177422
100.000000, 309.856863
100.000000, 311.536304
100.000000, 313.215745
100.000000, 314.895186
100.000000, 316.574627
100.000000, 318.254068
100.000000, 319.933509
100.000000, 321.612950
100.000000, 323.292391
100.000000, 324.971832
100.000000, 326.651273
100.000000, 328.330714
100.000000, 330.010155
100.000000, 331.689596
100.000000, 333.369037
100.000000, 335.048478
100.000000, 336.727919
100.000000, 338.407360
100.000000, 340.086801
100.000000, 341.766242
100.000000, 343.445683
100.000000, 345.125124
100.000000, 346.804565
100.000000, 348.484006
100.000000, 350.163447
100.000000, 351.842888
100.000000, 353.522329
100.000000, 355.201770
100.000000, 356.881211
100.000000, 358.560652
100.000000, 0.240093
100.000000, 1.919534
100.000000, 3.598975
100.000000, 5.278416
100.000000, 6.957857
100.000000, 8.637298
100.000000, 10.316739
100.000000, 11.996180
100.000000, 13.675621
100.000000, 15.355062
100.000000, 17.034503
100.000000, 18.713944
100.000000, 20.393385
100.000000, 22.072826
100.000000, 23.752267
100.000000, 25.431708
100.000000, 27.111149
100.000000, 28.790590
100.000000, 30.470031
100.000000, 32.149472
100.000000, 33.828913
100.000000, 35.508354
100.000000, 37.187795
100.000000, 38.867236
100.000000, 40.546677
100.000000, 42.226118
100.000000, 43.905559
100.000000, 45.585000
100.000000, 47.264441
100.000000, 48.943882
100.000000, 50.623323
100.000000, 52.302764
100.000000, 53.982205
100.000000, 55.661646
100.000000, 57.341087
100.000000, 59.020528
100.000000, 60.699969
100.000000, 62.379410
100.000000, 64.058851
100.000000, 65.738292
100.000000, 67.417733
100.000000, 69.097174
100.000000, 70.776615
100.000000, 72.456056
100.000000, 74.135497
100.000000, 75.814938
100.000000, 77.494379
100.000000, 79.173820
100.000000, 80.853261
100.000000, 82.532702
100.000000, 84.212143
100.000000, 85.891584
100.000000, 87.571025
100.000000, 89.250466
100.000000, 90.929907
100.000000, 92.609348
100.000000, 94.288789
100.000000, 95.968230
100.000000, 97.647671
100.000000, 99.327112
100.000000, 101.006553
100.000000, 102.685994
100.000000, 104.365435
100.000000, 106.044876
100.000000, 107.724317
100.000000, 109.403758
100.000000, 111.083199
100.000000, 112.762640
100.000000, 114.442081
100.000000, 116.121522
100.000000, 117.800963
100.000000, 119.480404
100.000000, 121.159845
100.000000, 122.839286
100.000000, 124.518726
100.000000, 126.198167
100.000000, 127.877608
100.000000, 129.557049
100.000000, 131.236490
100.000000, 132.915931
100.000000, 134.595372
100.000000, 136.274813
100.000000, 137.954254
100.000000, 139.633695
100.000000, 141.313136
100.000000, 142.992577
100.000000, 144.672018
100.000000, 146.351459
100.000000, 148.030900
100.000000, 149.710341
100.000000, 151.389782
100.000000, 153.069223
100.000000, 154.748664
100.000000, 156.428105
100.000000, 158.107546
100.000000, 159.786987
100.000000, 161.466428
100.000000, 163.145869
100.000000, 164.825310
100.000000, 166.504751
100.000000, 168.184192
100.000000, 169.863633
100.000000, 171.543074
100.000000, 173.222515
100.000000, 174.901956
100.000000, 176.581397
100.000000, 178.260838
100.000000, 179.940279
100.000000, 181.619720
100.000000, 183.299161
100.000000, 184.978602
100.000000, 186.658043
100.000000, 188.337484
100.000000, 190.016925
100.000000, 191.696366
100.000000, 193.375807
100.000000, 195.055248
100.000000, 196.734689
100.000000, 198.414130
100.000000, 200.093571
100.000000, 201.773012
100.000000, 203.452453
100.000000, 205.131894
100.000000, 206.811335
100.000000, 208.490776
100.000000, 210.170217
100.000000, 211.849658
100.000000, 213.529099
100.000000, 215.208540
100.000000, 216.887981
100.000000, 218.567422
100.000000, 220.246863
100.000000, 221.926304
100.000000, 223.605745
100.000000, 225.285186
100.000000, 226.964627
100.000000, 228.644068
100.000000, 230.323509
100.000000, 232.002950
100.000000, 233.682391
100.000000, 235.361832
100.000000, 237.041273
100.000000, 238.720714
100.000000, 240.400155
100.000000, 242.079596
100.000000, 243.759037
100.000000, 245.438478
100.000000, 247.117919
100.000000, 248.797360
100.000000, 250.476801
100.000000, 252.156242
100.000000, 253.835683
100.000000, 255.515124
100.000000, 257.194565
100.000000, 258.874006
100.000000, 260.553447
100.000000, 262.232888
100.000000, 263.912329
100.000000, 265.591770
100.000000, 267.271211
100.000000, 268.950652
100.000000, 270.630093
100.000000, 272.309534
100.000000, 273.988975
100.000000, 275.668416
100.000000, 277.347857
100.000000, 279.027298
100.000000, 280.706739
100.000000, 282.386180
100.000000, 284.065621
100.000000, 285.745062
100.000000, 287.424503
100.000000, 289.103944
100.000000, 290.783385
100.000000, 292.462826
100.000000, 294.142267
100.000000, 295.821708
100.000000, 297.501149
100.000000, 299.180590
100.000000, 300.860031
100.000000, 302.539472
100.000000, 304.218913
100.000000, 305.898354
100.000000, 307.577795
100.000000, 309.257236
100.000000, 310.936677
100.000000, 312.616118
100.000000, 314.295559
100.000000, 315.975000
100.000000, 317.654441
100.000000, 319.333882
100.000000, 321.013323
100.000000, 322.692764
100.000000, 324.372205
100.000000, 326.051646
100.000000, 327.731087
100.000000, 329.410528
100.000000, 331.089969
100.000000, 332.769410
100.000000, 334.448851
100.000000, 336.128292
100.000000, 337.807733
100.000000, 339.487174
100.000000, 341.166615
100.000000, 342.846056
100.000000, 344.525497
100.000000, 346.204938
100.000000, 347.884379
100.000000, 349.563820
100.000000, 351.243261
100.000000, 352.922702
100.000000, 354.602143
100.000000, 356.281584
100.000000, 357.961025
100.000000, 359.640466
100.000000, 1.319907
100.000000, 2.999348
100.000000, 4.678789
100.000000, 6.358229
100.000000, 8.037670
100.000000, 9.717111
100.000000, 11.396552
100.000000, 13.075993
100.000000, 14.755434
100.000000, 16.434875
100.000000, 18.114316
100.000000, 19.793757
100.000000, 21.473198
100.000000, 23.152639
100.000000, 24.832080
100.000000, 26.511521
100.000000, 28.190962
100.000000, 29.870403
100.000000, 31.549844
100.000000, 33.229285
100.000000, 34.908726
100.000000, 36.588167
100.000000, 38.267608
100.000000, 39.947049
100.000000, 41.626490
100.000000, 43.305931
100.000000, 44.985372
100.000000, 46.664813
100.000000, 48.344254
100.000000, 50.023695
100.000000, 51.703136
100.000000, 53.382577
100.000000, 55.062018
100.000000, 56.741459
100.000000, 58.420900
100.000000, 60.100341
100.000000, 61.779782
100.000000, 63.459223
100.000000, 65.138664
100.000000, 66.818105
100.000000, 68.497546
100.000000, 70.176987
100.000000, 71.856428
100.000000, 73.535869
100.000000, 75.215310
100.000000, 76.894751
100.000000, 78.574192
100.000000, 80.253633
100.000000, 81.933074
100.000000, 83.612515
100.000000, 85.291956
100.000000, 86.971397
100.000000, 88.650838
100.000000, 90.330279
100.000000, 92.009720
100.000000, 93.689161
100.000000, 95.368602
100.000000, 97.048043
100.000000, 98.727484
100.000000, 100.406925
100.000000, 102.086366
100.000000, 103.765807
100.000000, 105.445248
100.000000, 107.124689
100.000000, 108.804130
100.000000, 110.483571
100.000000, 112.163012
100.000000, 113.842453
100.000000, 115.521894
100.000000, 117.201335
100.000000, 118.880776
100.000000, 120.560217
100.000000, 122.239658
100.000000, 123.919099
100.000000, 125.598540
100.000000, 127.277981
100.000000, 128.957422
100.000000, 130.636863
100.000000, 132.316304
100.000000, 133.995745
100.000000, 135.675186
100.000000, 137.354627
100.000000, 139.034068
100.000000, 140.713509
100.000000, 142.392950
100.000000, 144.072391
100.000000, 145.751832
100.000000, 147.431273
100.000000, 149.110714
100.000000, 150.790155
100.000000, 152.469596
100.000000, 154.149037
100.000000, 155.828478
100.000000, 157.507919
100.000000, 159.187360
100.000000, 160.866801
100.000000, 162.546242
100.000000, 164.225683
100.000000, 165.905124
100.000000, 167.584565
100.000000, 169.264006
100.000000, 170.943447
100.000000, 172.622888
100.000000, 174.302329
100.000000, 175.981770
100.000000, 177.661211
100.000000, 179.340652
100.000000, 181.020093
100.000000, 182.699534
100.000000, 184.378975
100.000000, 186.058416
100.000000, 187.737857
100.000000, 189.417298
100.000000, 191.096739
100.000000, 192.776180
100.000000, 194.455621
100.000000, 196.135062
100.000000, 197.814503
100.000000, 199.493944
100.000000, 201.173385
100.000000, 202.852826
100.000000, 204.532267
100.000000, 206.211708
100.000000, 207.891149
100.000000, 209.570590
100.000000, 211.250031
100.000000, 212.929472
100.000000, 214.608913
100.000000, 216.288354
100.000000, 217.967795
100.000000, 219.647236
100.000000, 221.326677
100.000000, 223.006118
100.000000, 224.685559
100.000000, 226.365000
100.000000, 228.044441
100.000000, 229.723882
100.000000, 231.403323
100.000000, 233.082764
100.000000, 234.762205
100.000000, 236.441646
100.000000, 238.121087
100.000000, 239.800528
100.000000, 241.479969
100.000000, 243.159410
100.000000, 244.838851
100.000000, 246.518292
100.000000, 248.197732
100.000000, 249.877173
100.000000, 251.556614
100.000000, 253.236055
100.000000, 254.915496
100.000000, 256.594937
100.000000, 258.274378
100.000000, 259.953819
100.000000, 261.633260
100.000000, 263.312701
100.000000, 264.992142
100.000000, 266.671583
100.000000, 268.351024
100.000000, 270.030465
100.000000, 271.709906
100.000000, 273.389347
100.000000, 275.068788
100.000000, 276.748229
100.000000, 278.427670
100.000000, 280.107111
100.000000, 281.786552
100.000000, 283.465993
100.000000, 285.145434
100.000000, 286.824875
100.000000, 288.504316
100.000000, 290.183757
100.000000, 291.863198
100.000000, 293.542639
100.000000, 295.222080
100.000000, 296.901521
100.000000, 298.580962
100.000000, 300.260403
100.000000, 301.939844
100.000000, 303.619285
100.000000, 305.298726
100.000000, 306.978167
100.000000, 308.657608
100.000000, 310.337049
100.000000, 312.016490
100.000000, 313.695931
100.000000, 315.375372
100.000000, 317.054813
100.000000, 318.734254
100.000000, 320.413695
100.000000, 322.093136
100.000000, 323.772577
100.000000, 325.452018
100.000000, 327.131459
100.000000, 328.810900
##END=
