##TITLE= Parameter file, TopSpin 4.3.0
##JCAMPDX= 5.0
##DATATYPE= Parameter Values
##ORIGIN= Bruker BioSpin GmbH
##OWNER= nmrsu
$$ 2024-04-15 15:30:30.552 +0100  nmrsu@4CE1161FJM
$$ C:/Bruker/TopSpin4.3.0/exp/stan/nmr/lists/wave/user/multisupp_aux_d8
$$ process C:\Bruker\TopSpin4.3.0\prog\mod\xwinshape.exe
##MINX= 0.53404800
##MAXX= 99.99938900
##MINY= 0.35337600
##MAXY= 359.64662400
##$SHAPE_ADDPHASE= 0
##$SHAPE_AMP= 99.99938928
##$SHAPE_BWFAC= 0
##$SHAPE_BWFAC50= 0
##$SHAPE_CALCBW= yes
##$SHAPE_CALCINTEG= yes
##$SHAPE_EXMODE= <Excitation>
##$SHAPE_EXPAND= <>
##$SHAPE_EXPANDCF= (0..143)
0 0 0 0 0 0 0 0 0 0 0 0 0 0 0 0 0 0 0 0 0 0 0 0 0 0 0 0 0 0 0 0 0 0 0 0
0 0 0 0 0 0 0 0 0 0 0 0 0 0 0 0 0 0 0 0 0 0 0 0 0 0 0 0 0 0 0 0 0 0 0 0
0 0 0 0 0 0 0 0 0 0 0 0 0 0 0 0 0 0 0 0 0 0 0 0 0 0 0 0 0 0 0 0 0 0 0 0
0 0 0 0 0 0 0 0 0 0 0 0 0 0 0 0 0 0 0 0 0 0 0 0 0 0 0 0 0 0 0 0 0 0 0 0
##$SHAPE_EXPFAC= 0
##$SHAPE_FRACEND= 0
##$SHAPE_FRACORG= 0
##$SHAPE_FRACSTART= 0
##$SHAPE_INTEGFAC= 0
##$SHAPE_KEEPRES= yes
##$SHAPE_LENGTH= 25000.000373
##$SHAPE_MAN= <M>
##$SHAPE_MODE= 3
##$SHAPE_MODFREQ= 0
##$SHAPE_MODPHASE= 0
##$SHAPE_MODSCALE= 0
##$SHAPE_MODSW= 0
##$SHAPE_MODSWDIR= -1
##$SHAPE_NPOINTS= 1250
##$SHAPE_OFFS= <1 3>
##$SHAPE_OFFSCOEFF= (0..95)
-166.29265 0 100 -233.89937 0 100 -302.53954 0 100 0 0 0 0 0 0 0 0 0 0
0 0 0 0 0 0 0 0 0 0 0 0 0 0 0 0 0 0 0 0 0 0 0 0 0 0 0 0 0 0 0 0 0 0 0 0
0 0 0 0 0 0 0 0 0 0 0 0 0 0 0 0 0 0 0 0 0 0 0 0 0 0 0 0 0 0 0 0 0 0 0 0
0 0 0 0 0
##$SHAPE_PARAMETER= <>
##$SHAPE_REPHFAC= 0
##$SHAPE_RES= 0
##$SHAPE_SCALEFAC= 1.00000611
##$SHAPE_SCALETYPE= 0
##$SHAPE_SPOAL= 0
##$SHAPE_SPOFFS= 0
##$SHAPE_SPOPH= 0
##$SHAPE_TOTROT= 90
##$SHAPE_TYPE= <Excitation>
##$SHAPE_USER_DEF= <>
##$SHAPE_VERSION= 2.1
##$SHL_ADDPHASE= (0..15)
0 0 0 0 0 0 0 0 0 0 0 0 0 0 0 0
##$SHL_ALIGNOFFSET= (0..15)
0 0 0 0 0 0 0 0 0 0 0 0 0 0 0 0
##$SHL_AMP= (0..15)
100 0 0 0 0 0 0 0 0 0 0 0 0 0 0 0
##$SHL_AMPFAC= (0..15)
0 0 0 0 0 0 0 0 0 0 0 0 0 0 0 0
##$SHL_BETA= (0..15)
0 0 0 0 0 0 0 0 0 0 0 0 0 0 0 0
##$SHL_BWFAC= (0..15)
1.116 0 0 0 0 0 0 0 0 0 0 0 0 0 0 0
##$SHL_CALCBW= (0..15)
yes yes yes yes yes yes yes yes yes yes yes yes yes yes yes yes
##$SHL_CALCINTEG= (0..15)
yes yes yes yes yes yes yes yes yes yes yes yes yes yes yes yes
##$SHL_CENTERAMP= (0..15)
0 0 0 0 0 0 0 0 0 0 0 0 0 0 0 0
##$SHL_CYCNUM= (0..15)
0 0 0 0 0 0 0 0 0 0 0 0 0 0 0 0
##$SHL_DIPOLCPL= (0..15)
0 0 0 0 0 0 0 0 0 0 0 0 0 0 0 0
##$SHL_ENDAMP= (0..15)
0 0 0 0 0 0 0 0 0 0 0 0 0 0 0 0
##$SHL_EXMODE= (0..15)
<Excitation> <> <> <> <> <> <> <> <> <> <> <> <> <> <> <>
##$SHL_EXPAND= (0..15)
<> <> <> <> <> <> <> <> <> <> <> <> <> <> <> <>
##$SHL_EXPANDCF0= (0..143)
0 0 0 0 0 0 0 0 0 0 0 0 0 0 0 0 0 0 0 0 0 0 0 0 0 0 0 0 0 0 0 0 0 0 0 0
0 0 0 0 0 0 0 0 0 0 0 0 0 0 0 0 0 0 0 0 0 0 0 0 0 0 0 0 0 0 0 0 0 0 0 0
0 0 0 0 0 0 0 0 0 0 0 0 0 0 0 0 0 0 0 0 0 0 0 0 0 0 0 0 0 0 0 0 0 0 0 0
0 0 0 0 0 0 0 0 0 0 0 0 0 0 0 0 0 0 0 0 0 0 0 0 0 0 0 0 0 0 0 0 0 0 0 0
##$SHL_EXPANDCF1= (0..143)
0 0 0 0 0 0 0 0 0 0 0 0 0 0 0 0 0 0 0 0 0 0 0 0 0 0 0 0 0 0 0 0 0 0 0 0
0 0 0 0 0 0 0 0 0 0 0 0 0 0 0 0 0 0 0 0 0 0 0 0 0 0 0 0 0 0 0 0 0 0 0 0
0 0 0 0 0 0 0 0 0 0 0 0 0 0 0 0 0 0 0 0 0 0 0 0 0 0 0 0 0 0 0 0 0 0 0 0
0 0 0 0 0 0 0 0 0 0 0 0 0 0 0 0 0 0 0 0 0 0 0 0 0 0 0 0 0 0 0 0 0 0 0 0
##$SHL_EXPANDCF10= (0..143)
0 0 0 0 0 0 0 0 0 0 0 0 0 0 0 0 0 0 0 0 0 0 0 0 0 0 0 0 0 0 0 0 0 0 0 0
0 0 0 0 0 0 0 0 0 0 0 0 0 0 0 0 0 0 0 0 0 0 0 0 0 0 0 0 0 0 0 0 0 0 0 0
0 0 0 0 0 0 0 0 0 0 0 0 0 0 0 0 0 0 0 0 0 0 0 0 0 0 0 0 0 0 0 0 0 0 0 0
0 0 0 0 0 0 0 0 0 0 0 0 0 0 0 0 0 0 0 0 0 0 0 0 0 0 0 0 0 0 0 0 0 0 0 0
##$SHL_EXPANDCF11= (0..143)
0 0 0 0 0 0 0 0 0 0 0 0 0 0 0 0 0 0 0 0 0 0 0 0 0 0 0 0 0 0 0 0 0 0 0 0
0 0 0 0 0 0 0 0 0 0 0 0 0 0 0 0 0 0 0 0 0 0 0 0 0 0 0 0 0 0 0 0 0 0 0 0
0 0 0 0 0 0 0 0 0 0 0 0 0 0 0 0 0 0 0 0 0 0 0 0 0 0 0 0 0 0 0 0 0 0 0 0
0 0 0 0 0 0 0 0 0 0 0 0 0 0 0 0 0 0 0 0 0 0 0 0 0 0 0 0 0 0 0 0 0 0 0 0
##$SHL_EXPANDCF12= (0..143)
0 0 0 0 0 0 0 0 0 0 0 0 0 0 0 0 0 0 0 0 0 0 0 0 0 0 0 0 0 0 0 0 0 0 0 0
0 0 0 0 0 0 0 0 0 0 0 0 0 0 0 0 0 0 0 0 0 0 0 0 0 0 0 0 0 0 0 0 0 0 0 0
0 0 0 0 0 0 0 0 0 0 0 0 0 0 0 0 0 0 0 0 0 0 0 0 0 0 0 0 0 0 0 0 0 0 0 0
0 0 0 0 0 0 0 0 0 0 0 0 0 0 0 0 0 0 0 0 0 0 0 0 0 0 0 0 0 0 0 0 0 0 0 0
##$SHL_EXPANDCF13= (0..143)
0 0 0 0 0 0 0 0 0 0 0 0 0 0 0 0 0 0 0 0 0 0 0 0 0 0 0 0 0 0 0 0 0 0 0 0
0 0 0 0 0 0 0 0 0 0 0 0 0 0 0 0 0 0 0 0 0 0 0 0 0 0 0 0 0 0 0 0 0 0 0 0
0 0 0 0 0 0 0 0 0 0 0 0 0 0 0 0 0 0 0 0 0 0 0 0 0 0 0 0 0 0 0 0 0 0 0 0
0 0 0 0 0 0 0 0 0 0 0 0 0 0 0 0 0 0 0 0 0 0 0 0 0 0 0 0 0 0 0 0 0 0 0 0
##$SHL_EXPANDCF14= (0..143)
0 0 0 0 0 0 0 0 0 0 0 0 0 0 0 0 0 0 0 0 0 0 0 0 0 0 0 0 0 0 0 0 0 0 0 0
0 0 0 0 0 0 0 0 0 0 0 0 0 0 0 0 0 0 0 0 0 0 0 0 0 0 0 0 0 0 0 0 0 0 0 0
0 0 0 0 0 0 0 0 0 0 0 0 0 0 0 0 0 0 0 0 0 0 0 0 0 0 0 0 0 0 0 0 0 0 0 0
0 0 0 0 0 0 0 0 0 0 0 0 0 0 0 0 0 0 0 0 0 0 0 0 0 0 0 0 0 0 0 0 0 0 0 0
##$SHL_EXPANDCF15= (0..143)
0 0 0 0 0 0 0 0 0 0 0 0 0 0 0 0 0 0 0 0 0 0 0 0 0 0 0 0 0 0 0 0 0 0 0 0
0 0 0 0 0 0 0 0 0 0 0 0 0 0 0 0 0 0 0 0 0 0 0 0 0 0 0 0 0 0 0 0 0 0 0 0
0 0 0 0 0 0 0 0 0 0 0 0 0 0 0 0 0 0 0 0 0 0 0 0 0 0 0 0 0 0 0 0 0 0 0 0
0 0 0 0 0 0 0 0 0 0 0 0 0 0 0 0 0 0 0 0 0 0 0 0 0 0 0 0 0 0 0 0 0 0 0 0
##$SHL_EXPANDCF2= (0..143)
0 0 0 0 0 0 0 0 0 0 0 0 0 0 0 0 0 0 0 0 0 0 0 0 0 0 0 0 0 0 0 0 0 0 0 0
0 0 0 0 0 0 0 0 0 0 0 0 0 0 0 0 0 0 0 0 0 0 0 0 0 0 0 0 0 0 0 0 0 0 0 0
0 0 0 0 0 0 0 0 0 0 0 0 0 0 0 0 0 0 0 0 0 0 0 0 0 0 0 0 0 0 0 0 0 0 0 0
0 0 0 0 0 0 0 0 0 0 0 0 0 0 0 0 0 0 0 0 0 0 0 0 0 0 0 0 0 0 0 0 0 0 0 0
##$SHL_EXPANDCF3= (0..143)
0 0 0 0 0 0 0 0 0 0 0 0 0 0 0 0 0 0 0 0 0 0 0 0 0 0 0 0 0 0 0 0 0 0 0 0
0 0 0 0 0 0 0 0 0 0 0 0 0 0 0 0 0 0 0 0 0 0 0 0 0 0 0 0 0 0 0 0 0 0 0 0
0 0 0 0 0 0 0 0 0 0 0 0 0 0 0 0 0 0 0 0 0 0 0 0 0 0 0 0 0 0 0 0 0 0 0 0
0 0 0 0 0 0 0 0 0 0 0 0 0 0 0 0 0 0 0 0 0 0 0 0 0 0 0 0 0 0 0 0 0 0 0 0
##$SHL_EXPANDCF4= (0..143)
0 0 0 0 0 0 0 0 0 0 0 0 0 0 0 0 0 0 0 0 0 0 0 0 0 0 0 0 0 0 0 0 0 0 0 0
0 0 0 0 0 0 0 0 0 0 0 0 0 0 0 0 0 0 0 0 0 0 0 0 0 0 0 0 0 0 0 0 0 0 0 0
0 0 0 0 0 0 0 0 0 0 0 0 0 0 0 0 0 0 0 0 0 0 0 0 0 0 0 0 0 0 0 0 0 0 0 0
0 0 0 0 0 0 0 0 0 0 0 0 0 0 0 0 0 0 0 0 0 0 0 0 0 0 0 0 0 0 0 0 0 0 0 0
##$SHL_EXPANDCF5= (0..143)
0 0 0 0 0 0 0 0 0 0 0 0 0 0 0 0 0 0 0 0 0 0 0 0 0 0 0 0 0 0 0 0 0 0 0 0
0 0 0 0 0 0 0 0 0 0 0 0 0 0 0 0 0 0 0 0 0 0 0 0 0 0 0 0 0 0 0 0 0 0 0 0
0 0 0 0 0 0 0 0 0 0 0 0 0 0 0 0 0 0 0 0 0 0 0 0 0 0 0 0 0 0 0 0 0 0 0 0
0 0 0 0 0 0 0 0 0 0 0 0 0 0 0 0 0 0 0 0 0 0 0 0 0 0 0 0 0 0 0 0 0 0 0 0
##$SHL_EXPANDCF6= (0..143)
0 0 0 0 0 0 0 0 0 0 0 0 0 0 0 0 0 0 0 0 0 0 0 0 0 0 0 0 0 0 0 0 0 0 0 0
0 0 0 0 0 0 0 0 0 0 0 0 0 0 0 0 0 0 0 0 0 0 0 0 0 0 0 0 0 0 0 0 0 0 0 0
0 0 0 0 0 0 0 0 0 0 0 0 0 0 0 0 0 0 0 0 0 0 0 0 0 0 0 0 0 0 0 0 0 0 0 0
0 0 0 0 0 0 0 0 0 0 0 0 0 0 0 0 0 0 0 0 0 0 0 0 0 0 0 0 0 0 0 0 0 0 0 0
##$SHL_EXPANDCF7= (0..143)
0 0 0 0 0 0 0 0 0 0 0 0 0 0 0 0 0 0 0 0 0 0 0 0 0 0 0 0 0 0 0 0 0 0 0 0
0 0 0 0 0 0 0 0 0 0 0 0 0 0 0 0 0 0 0 0 0 0 0 0 0 0 0 0 0 0 0 0 0 0 0 0
0 0 0 0 0 0 0 0 0 0 0 0 0 0 0 0 0 0 0 0 0 0 0 0 0 0 0 0 0 0 0 0 0 0 0 0
0 0 0 0 0 0 0 0 0 0 0 0 0 0 0 0 0 0 0 0 0 0 0 0 0 0 0 0 0 0 0 0 0 0 0 0
##$SHL_EXPANDCF8= (0..143)
0 0 0 0 0 0 0 0 0 0 0 0 0 0 0 0 0 0 0 0 0 0 0 0 0 0 0 0 0 0 0 0 0 0 0 0
0 0 0 0 0 0 0 0 0 0 0 0 0 0 0 0 0 0 0 0 0 0 0 0 0 0 0 0 0 0 0 0 0 0 0 0
0 0 0 0 0 0 0 0 0 0 0 0 0 0 0 0 0 0 0 0 0 0 0 0 0 0 0 0 0 0 0 0 0 0 0 0
0 0 0 0 0 0 0 0 0 0 0 0 0 0 0 0 0 0 0 0 0 0 0 0 0 0 0 0 0 0 0 0 0 0 0 0
##$SHL_EXPANDCF9= (0..143)
0 0 0 0 0 0 0 0 0 0 0 0 0 0 0 0 0 0 0 0 0 0 0 0 0 0 0 0 0 0 0 0 0 0 0 0
0 0 0 0 0 0 0 0 0 0 0 0 0 0 0 0 0 0 0 0 0 0 0 0 0 0 0 0 0 0 0 0 0 0 0 0
0 0 0 0 0 0 0 0 0 0 0 0 0 0 0 0 0 0 0 0 0 0 0 0 0 0 0 0 0 0 0 0 0 0 0 0
0 0 0 0 0 0 0 0 0 0 0 0 0 0 0 0 0 0 0 0 0 0 0 0 0 0 0 0 0 0 0 0 0 0 0 0
##$SHL_EXPFAC= (0..15)
0 0 0 0 0 0 0 0 0 0 0 0 0 0 0 0
##$SHL_FRACEND= (0..15)
0 0 0 0 0 0 0 0 0 0 0 0 0 0 0 0
##$SHL_FRACORG= (0..15)
0 0 0 0 0 0 0 0 0 0 0 0 0 0 0 0
##$SHL_FRACSTART= (0..15)
0 0 0 0 0 0 0 0 0 0 0 0 0 0 0 0
##$SHL_FULLHALF= (0..15)
0 0 0 0 0 0 0 0 0 0 0 0 0 0 0 0
##$SHL_FUNCAMP= (0..15)
100 0 0 0 0 0 0 0 0 0 0 0 0 0 0 0
##$SHL_FUNCTION= (0..15)
<Rectangle> <> <> <> <> <> <> <> <> <> <> <> <> <> <> <>
##$SHL_GCO= (0..15)
<> <> <> <> <> <> <> <> <> <> <> <> <> <> <> <>
##$SHL_GCOCOEFFS0= (0..59)
0 0 0 0 0 0 0 0 0 0 0 0 0 0 0 0 0 0 0 0 0 0 0 0 0 0 0 0 0 0 0 0 0 0 0 0
0 0 0 0 0 0 0 0 0 0 0 0 0 0 0 0 0 0 0 0 0 0 0 0
##$SHL_GCOCOEFFS1= (0..59)
0 0 0 0 0 0 0 0 0 0 0 0 0 0 0 0 0 0 0 0 0 0 0 0 0 0 0 0 0 0 0 0 0 0 0 0
0 0 0 0 0 0 0 0 0 0 0 0 0 0 0 0 0 0 0 0 0 0 0 0
##$SHL_GCOCOEFFS10= (0..59)
0 0 0 0 0 0 0 0 0 0 0 0 0 0 0 0 0 0 0 0 0 0 0 0 0 0 0 0 0 0 0 0 0 0 0 0
0 0 0 0 0 0 0 0 0 0 0 0 0 0 0 0 0 0 0 0 0 0 0 0
##$SHL_GCOCOEFFS11= (0..59)
0 0 0 0 0 0 0 0 0 0 0 0 0 0 0 0 0 0 0 0 0 0 0 0 0 0 0 0 0 0 0 0 0 0 0 0
0 0 0 0 0 0 0 0 0 0 0 0 0 0 0 0 0 0 0 0 0 0 0 0
##$SHL_GCOCOEFFS12= (0..59)
0 0 0 0 0 0 0 0 0 0 0 0 0 0 0 0 0 0 0 0 0 0 0 0 0 0 0 0 0 0 0 0 0 0 0 0
0 0 0 0 0 0 0 0 0 0 0 0 0 0 0 0 0 0 0 0 0 0 0 0
##$SHL_GCOCOEFFS13= (0..59)
0 0 0 0 0 0 0 0 0 0 0 0 0 0 0 0 0 0 0 0 0 0 0 0 0 0 0 0 0 0 0 0 0 0 0 0
0 0 0 0 0 0 0 0 0 0 0 0 0 0 0 0 0 0 0 0 0 0 0 0
##$SHL_GCOCOEFFS14= (0..59)
0 0 0 0 0 0 0 0 0 0 0 0 0 0 0 0 0 0 0 0 0 0 0 0 0 0 0 0 0 0 0 0 0 0 0 0
0 0 0 0 0 0 0 0 0 0 0 0 0 0 0 0 0 0 0 0 0 0 0 0
##$SHL_GCOCOEFFS15= (0..59)
0 0 0 0 0 0 0 0 0 0 0 0 0 0 0 0 0 0 0 0 0 0 0 0 0 0 0 0 0 0 0 0 0 0 0 0
0 0 0 0 0 0 0 0 0 0 0 0 0 0 0 0 0 0 0 0 0 0 0 0
##$SHL_GCOCOEFFS2= (0..59)
0 0 0 0 0 0 0 0 0 0 0 0 0 0 0 0 0 0 0 0 0 0 0 0 0 0 0 0 0 0 0 0 0 0 0 0
0 0 0 0 0 0 0 0 0 0 0 0 0 0 0 0 0 0 0 0 0 0 0 0
##$SHL_GCOCOEFFS3= (0..59)
0 0 0 0 0 0 0 0 0 0 0 0 0 0 0 0 0 0 0 0 0 0 0 0 0 0 0 0 0 0 0 0 0 0 0 0
0 0 0 0 0 0 0 0 0 0 0 0 0 0 0 0 0 0 0 0 0 0 0 0
##$SHL_GCOCOEFFS4= (0..59)
0 0 0 0 0 0 0 0 0 0 0 0 0 0 0 0 0 0 0 0 0 0 0 0 0 0 0 0 0 0 0 0 0 0 0 0
0 0 0 0 0 0 0 0 0 0 0 0 0 0 0 0 0 0 0 0 0 0 0 0
##$SHL_GCOCOEFFS5= (0..59)
0 0 0 0 0 0 0 0 0 0 0 0 0 0 0 0 0 0 0 0 0 0 0 0 0 0 0 0 0 0 0 0 0 0 0 0
0 0 0 0 0 0 0 0 0 0 0 0 0 0 0 0 0 0 0 0 0 0 0 0
##$SHL_GCOCOEFFS6= (0..59)
0 0 0 0 0 0 0 0 0 0 0 0 0 0 0 0 0 0 0 0 0 0 0 0 0 0 0 0 0 0 0 0 0 0 0 0
0 0 0 0 0 0 0 0 0 0 0 0 0 0 0 0 0 0 0 0 0 0 0 0
##$SHL_GCOCOEFFS7= (0..59)
0 0 0 0 0 0 0 0 0 0 0 0 0 0 0 0 0 0 0 0 0 0 0 0 0 0 0 0 0 0 0 0 0 0 0 0
0 0 0 0 0 0 0 0 0 0 0 0 0 0 0 0 0 0 0 0 0 0 0 0
##$SHL_GCOCOEFFS8= (0..59)
0 0 0 0 0 0 0 0 0 0 0 0 0 0 0 0 0 0 0 0 0 0 0 0 0 0 0 0 0 0 0 0 0 0 0 0
0 0 0 0 0 0 0 0 0 0 0 0 0 0 0 0 0 0 0 0 0 0 0 0
##$SHL_GCOCOEFFS9= (0..59)
0 0 0 0 0 0 0 0 0 0 0 0 0 0 0 0 0 0 0 0 0 0 0 0 0 0 0 0 0 0 0 0 0 0 0 0
0 0 0 0 0 0 0 0 0 0 0 0 0 0 0 0 0 0 0 0 0 0 0 0
##$SHL_INTEGFAC= (0..15)
1 0 0 0 0 0 0 0 0 0 0 0 0 0 0 0
##$SHL_LB= (0..15)
0 0 0 0 0 0 0 0 0 0 0 0 0 0 0 0
##$SHL_LEFTLIMIT= (0..15)
0 0 0 0 0 0 0 0 0 0 0 0 0 0 0 0
##$SHL_LENGTH= (0..15)
25000.000373 0 0 0 0 0 0 0 0 0 0 0 0 0 0 0
##$SHL_MAN= (0..15)
<> <> <> <> <> <> <> <> <> <> <> <> <> <> <> <>
##$SHL_MEANAMP= (0..15)
0 0 0 0 0 0 0 0 0 0 0 0 0 0 0 0
##$SHL_MODAMP= (0..15)
0 0 0 0 0 0 0 0 0 0 0 0 0 0 0 0
##$SHL_MODE= (0..15)
0 0 0 0 0 0 0 0 0 0 0 0 0 0 0 0
##$SHL_MODFREQ= (0..15)
0 0 0 0 0 0 0 0 0 0 0 0 0 0 0 0
##$SHL_MODPHASE= (0..15)
0 0 0 0 0 0 0 0 0 0 0 0 0 0 0 0
##$SHL_MODSCALE= (0..15)
0 0 0 0 0 0 0 0 0 0 0 0 0 0 0 0
##$SHL_MODSW= (0..15)
0 0 0 0 0 0 0 0 0 0 0 0 0 0 0 0
##$SHL_MODSWDIR= (0..15)
-1 -1 -1 -1 -1 -1 -1 -1 -1 -1 -1 -1 -1 -1 -1 -1
##$SHL_MU= (0..15)
0 0 0 0 0 0 0 0 0 0 0 0 0 0 0 0
##$SHL_NPOINTS= (0..15)
1250 0 0 0 0 0 0 0 0 0 0 0 0 0 0 0
##$SHL_OFFS= (0..15)
<> <> <> <> <> <> <> <> <> <> <> <> <> <> <> <>
##$SHL_OFFSCOEFF0= (0..95)
0 0 0 0 0 0 0 0 0 0 0 0 0 0 0 0 0 0 0 0 0 0 0 0 0 0 0 0 0 0 0 0 0 0 0 0
0 0 0 0 0 0 0 0 0 0 0 0 0 0 0 0 0 0 0 0 0 0 0 0 0 0 0 0 0 0 0 0 0 0 0 0
0 0 0 0 0 0 0 0 0 0 0 0 0 0 0 0 0 0 0 0 0 0 0 0
##$SHL_OFFSCOEFF1= (0..95)
0 0 0 0 0 0 0 0 0 0 0 0 0 0 0 0 0 0 0 0 0 0 0 0 0 0 0 0 0 0 0 0 0 0 0 0
0 0 0 0 0 0 0 0 0 0 0 0 0 0 0 0 0 0 0 0 0 0 0 0 0 0 0 0 0 0 0 0 0 0 0 0
0 0 0 0 0 0 0 0 0 0 0 0 0 0 0 0 0 0 0 0 0 0 0 0
##$SHL_OFFSCOEFF10= (0..95)
0 0 0 0 0 0 0 0 0 0 0 0 0 0 0 0 0 0 0 0 0 0 0 0 0 0 0 0 0 0 0 0 0 0 0 0
0 0 0 0 0 0 0 0 0 0 0 0 0 0 0 0 0 0 0 0 0 0 0 0 0 0 0 0 0 0 0 0 0 0 0 0
0 0 0 0 0 0 0 0 0 0 0 0 0 0 0 0 0 0 0 0 0 0 0 0
##$SHL_OFFSCOEFF11= (0..95)
0 0 0 0 0 0 0 0 0 0 0 0 0 0 0 0 0 0 0 0 0 0 0 0 0 0 0 0 0 0 0 0 0 0 0 0
0 0 0 0 0 0 0 0 0 0 0 0 0 0 0 0 0 0 0 0 0 0 0 0 0 0 0 0 0 0 0 0 0 0 0 0
0 0 0 0 0 0 0 0 0 0 0 0 0 0 0 0 0 0 0 0 0 0 0 0
##$SHL_OFFSCOEFF12= (0..95)
0 0 0 0 0 0 0 0 0 0 0 0 0 0 0 0 0 0 0 0 0 0 0 0 0 0 0 0 0 0 0 0 0 0 0 0
0 0 0 0 0 0 0 0 0 0 0 0 0 0 0 0 0 0 0 0 0 0 0 0 0 0 0 0 0 0 0 0 0 0 0 0
0 0 0 0 0 0 0 0 0 0 0 0 0 0 0 0 0 0 0 0 0 0 0 0
##$SHL_OFFSCOEFF13= (0..95)
0 0 0 0 0 0 0 0 0 0 0 0 0 0 0 0 0 0 0 0 0 0 0 0 0 0 0 0 0 0 0 0 0 0 0 0
0 0 0 0 0 0 0 0 0 0 0 0 0 0 0 0 0 0 0 0 0 0 0 0 0 0 0 0 0 0 0 0 0 0 0 0
0 0 0 0 0 0 0 0 0 0 0 0 0 0 0 0 0 0 0 0 0 0 0 0
##$SHL_OFFSCOEFF14= (0..95)
0 0 0 0 0 0 0 0 0 0 0 0 0 0 0 0 0 0 0 0 0 0 0 0 0 0 0 0 0 0 0 0 0 0 0 0
0 0 0 0 0 0 0 0 0 0 0 0 0 0 0 0 0 0 0 0 0 0 0 0 0 0 0 0 0 0 0 0 0 0 0 0
0 0 0 0 0 0 0 0 0 0 0 0 0 0 0 0 0 0 0 0 0 0 0 0
##$SHL_OFFSCOEFF15= (0..95)
0 0 0 0 0 0 0 0 0 0 0 0 0 0 0 0 0 0 0 0 0 0 0 0 0 0 0 0 0 0 0 0 0 0 0 0
0 0 0 0 0 0 0 0 0 0 0 0 0 0 0 0 0 0 0 0 0 0 0 0 0 0 0 0 0 0 0 0 0 0 0 0
0 0 0 0 0 0 0 0 0 0 0 0 0 0 0 0 0 0 0 0 0 0 0 0
##$SHL_OFFSCOEFF2= (0..95)
0 0 0 0 0 0 0 0 0 0 0 0 0 0 0 0 0 0 0 0 0 0 0 0 0 0 0 0 0 0 0 0 0 0 0 0
0 0 0 0 0 0 0 0 0 0 0 0 0 0 0 0 0 0 0 0 0 0 0 0 0 0 0 0 0 0 0 0 0 0 0 0
0 0 0 0 0 0 0 0 0 0 0 0 0 0 0 0 0 0 0 0 0 0 0 0
##$SHL_OFFSCOEFF3= (0..95)
0 0 0 0 0 0 0 0 0 0 0 0 0 0 0 0 0 0 0 0 0 0 0 0 0 0 0 0 0 0 0 0 0 0 0 0
0 0 0 0 0 0 0 0 0 0 0 0 0 0 0 0 0 0 0 0 0 0 0 0 0 0 0 0 0 0 0 0 0 0 0 0
0 0 0 0 0 0 0 0 0 0 0 0 0 0 0 0 0 0 0 0 0 0 0 0
##$SHL_OFFSCOEFF4= (0..95)
0 0 0 0 0 0 0 0 0 0 0 0 0 0 0 0 0 0 0 0 0 0 0 0 0 0 0 0 0 0 0 0 0 0 0 0
0 0 0 0 0 0 0 0 0 0 0 0 0 0 0 0 0 0 0 0 0 0 0 0 0 0 0 0 0 0 0 0 0 0 0 0
0 0 0 0 0 0 0 0 0 0 0 0 0 0 0 0 0 0 0 0 0 0 0 0
##$SHL_OFFSCOEFF5= (0..95)
0 0 0 0 0 0 0 0 0 0 0 0 0 0 0 0 0 0 0 0 0 0 0 0 0 0 0 0 0 0 0 0 0 0 0 0
0 0 0 0 0 0 0 0 0 0 0 0 0 0 0 0 0 0 0 0 0 0 0 0 0 0 0 0 0 0 0 0 0 0 0 0
0 0 0 0 0 0 0 0 0 0 0 0 0 0 0 0 0 0 0 0 0 0 0 0
##$SHL_OFFSCOEFF6= (0..95)
0 0 0 0 0 0 0 0 0 0 0 0 0 0 0 0 0 0 0 0 0 0 0 0 0 0 0 0 0 0 0 0 0 0 0 0
0 0 0 0 0 0 0 0 0 0 0 0 0 0 0 0 0 0 0 0 0 0 0 0 0 0 0 0 0 0 0 0 0 0 0 0
0 0 0 0 0 0 0 0 0 0 0 0 0 0 0 0 0 0 0 0 0 0 0 0
##$SHL_OFFSCOEFF7= (0..95)
0 0 0 0 0 0 0 0 0 0 0 0 0 0 0 0 0 0 0 0 0 0 0 0 0 0 0 0 0 0 0 0 0 0 0 0
0 0 0 0 0 0 0 0 0 0 0 0 0 0 0 0 0 0 0 0 0 0 0 0 0 0 0 0 0 0 0 0 0 0 0 0
0 0 0 0 0 0 0 0 0 0 0 0 0 0 0 0 0 0 0 0 0 0 0 0
##$SHL_OFFSCOEFF8= (0..95)
0 0 0 0 0 0 0 0 0 0 0 0 0 0 0 0 0 0 0 0 0 0 0 0 0 0 0 0 0 0 0 0 0 0 0 0
0 0 0 0 0 0 0 0 0 0 0 0 0 0 0 0 0 0 0 0 0 0 0 0 0 0 0 0 0 0 0 0 0 0 0 0
0 0 0 0 0 0 0 0 0 0 0 0 0 0 0 0 0 0 0 0 0 0 0 0
##$SHL_OFFSCOEFF9= (0..95)
0 0 0 0 0 0 0 0 0 0 0 0 0 0 0 0 0 0 0 0 0 0 0 0 0 0 0 0 0 0 0 0 0 0 0 0
0 0 0 0 0 0 0 0 0 0 0 0 0 0 0 0 0 0 0 0 0 0 0 0 0 0 0 0 0 0 0 0 0 0 0 0
0 0 0 0 0 0 0 0 0 0 0 0 0 0 0 0 0 0 0 0 0 0 0 0
##$SHL_PHASE= (0..15)
0 0 0 0 0 0 0 0 0 0 0 0 0 0 0 0
##$SHL_PHASEFAC= (0..15)
0 0 0 0 0 0 0 0 0 0 0 0 0 0 0 0
##$SHL_POWERINDEX= (0..15)
0 0 0 0 0 0 0 0 0 0 0 0 0 0 0 0
##$SHL_QUADCOEFF= (0..15)
0 0 0 0 0 0 0 0 0 0 0 0 0 0 0 0
##$SHL_RIGHTLIMIT= (0..15)
0 0 0 0 0 0 0 0 0 0 0 0 0 0 0 0
##$SHL_SCALEFACTOR= (0..15)
1 1 1 1 1 1 1 1 1 1 1 1 1 1 1 1
##$SHL_SF= (0..15)
<> <> <> <> <> <> <> <> <> <> <> <> <> <> <> <>
##$SHL_SFCOEFFS0= (0..200)
0 0 0 0 0 0 0 0 0 0 0 0 0 0 0 0 0 0 0 0 0 0 0 0 0 0 0 0 0 0 0 0 0 0 0 0
0 0 0 0 0 0 0 0 0 0 0 0 0 0 0 0 0 0 0 0 0 0 0 0 0 0 0 0 0 0 0 0 0 0 0 0
0 0 0 0 0 0 0 0 0 0 0 0 0 0 0 0 0 0 0 0 0 0 0 0 0 0 0 0 0 0 0 0 0 0 0 0
0 0 0 0 0 0 0 0 0 0 0 0 0 0 0 0 0 0 0 0 0 0 0 0 0 0 0 0 0 0 0 0 0 0 0 0
0 0 0 0 0 0 0 0 0 0 0 0 0 0 0 0 0 0 0 0 0 0 0 0 0 0 0 0 0 0 0 0 0 0 0 0
0 0 0 0 0 0 0 0 0 0 0 0 0 0 0 0 0 0 0 0 0
##$SHL_SFCOEFFS1= (0..200)
0 0 0 0 0 0 0 0 0 0 0 0 0 0 0 0 0 0 0 0 0 0 0 0 0 0 0 0 0 0 0 0 0 0 0 0
0 0 0 0 0 0 0 0 0 0 0 0 0 0 0 0 0 0 0 0 0 0 0 0 0 0 0 0 0 0 0 0 0 0 0 0
0 0 0 0 0 0 0 0 0 0 0 0 0 0 0 0 0 0 0 0 0 0 0 0 0 0 0 0 0 0 0 0 0 0 0 0
0 0 0 0 0 0 0 0 0 0 0 0 0 0 0 0 0 0 0 0 0 0 0 0 0 0 0 0 0 0 0 0 0 0 0 0
0 0 0 0 0 0 0 0 0 0 0 0 0 0 0 0 0 0 0 0 0 0 0 0 0 0 0 0 0 0 0 0 0 0 0 0
0 0 0 0 0 0 0 0 0 0 0 0 0 0 0 0 0 0 0 0 0
##$SHL_SFCOEFFS10= (0..200)
0 0 0 0 0 0 0 0 0 0 0 0 0 0 0 0 0 0 0 0 0 0 0 0 0 0 0 0 0 0 0 0 0 0 0 0
0 0 0 0 0 0 0 0 0 0 0 0 0 0 0 0 0 0 0 0 0 0 0 0 0 0 0 0 0 0 0 0 0 0 0 0
0 0 0 0 0 0 0 0 0 0 0 0 0 0 0 0 0 0 0 0 0 0 0 0 0 0 0 0 0 0 0 0 0 0 0 0
0 0 0 0 0 0 0 0 0 0 0 0 0 0 0 0 0 0 0 0 0 0 0 0 0 0 0 0 0 0 0 0 0 0 0 0
0 0 0 0 0 0 0 0 0 0 0 0 0 0 0 0 0 0 0 0 0 0 0 0 0 0 0 0 0 0 0 0 0 0 0 0
0 0 0 0 0 0 0 0 0 0 0 0 0 0 0 0 0 0 0 0 0
##$SHL_SFCOEFFS11= (0..200)
0 0 0 0 0 0 0 0 0 0 0 0 0 0 0 0 0 0 0 0 0 0 0 0 0 0 0 0 0 0 0 0 0 0 0 0
0 0 0 0 0 0 0 0 0 0 0 0 0 0 0 0 0 0 0 0 0 0 0 0 0 0 0 0 0 0 0 0 0 0 0 0
0 0 0 0 0 0 0 0 0 0 0 0 0 0 0 0 0 0 0 0 0 0 0 0 0 0 0 0 0 0 0 0 0 0 0 0
0 0 0 0 0 0 0 0 0 0 0 0 0 0 0 0 0 0 0 0 0 0 0 0 0 0 0 0 0 0 0 0 0 0 0 0
0 0 0 0 0 0 0 0 0 0 0 0 0 0 0 0 0 0 0 0 0 0 0 0 0 0 0 0 0 0 0 0 0 0 0 0
0 0 0 0 0 0 0 0 0 0 0 0 0 0 0 0 0 0 0 0 0
##$SHL_SFCOEFFS12= (0..200)
0 0 0 0 0 0 0 0 0 0 0 0 0 0 0 0 0 0 0 0 0 0 0 0 0 0 0 0 0 0 0 0 0 0 0 0
0 0 0 0 0 0 0 0 0 0 0 0 0 0 0 0 0 0 0 0 0 0 0 0 0 0 0 0 0 0 0 0 0 0 0 0
0 0 0 0 0 0 0 0 0 0 0 0 0 0 0 0 0 0 0 0 0 0 0 0 0 0 0 0 0 0 0 0 0 0 0 0
0 0 0 0 0 0 0 0 0 0 0 0 0 0 0 0 0 0 0 0 0 0 0 0 0 0 0 0 0 0 0 0 0 0 0 0
0 0 0 0 0 0 0 0 0 0 0 0 0 0 0 0 0 0 0 0 0 0 0 0 0 0 0 0 0 0 0 0 0 0 0 0
0 0 0 0 0 0 0 0 0 0 0 0 0 0 0 0 0 0 0 0 0
##$SHL_SFCOEFFS13= (0..200)
0 0 0 0 0 0 0 0 0 0 0 0 0 0 0 0 0 0 0 0 0 0 0 0 0 0 0 0 0 0 0 0 0 0 0 0
0 0 0 0 0 0 0 0 0 0 0 0 0 0 0 0 0 0 0 0 0 0 0 0 0 0 0 0 0 0 0 0 0 0 0 0
0 0 0 0 0 0 0 0 0 0 0 0 0 0 0 0 0 0 0 0 0 0 0 0 0 0 0 0 0 0 0 0 0 0 0 0
0 0 0 0 0 0 0 0 0 0 0 0 0 0 0 0 0 0 0 0 0 0 0 0 0 0 0 0 0 0 0 0 0 0 0 0
0 0 0 0 0 0 0 0 0 0 0 0 0 0 0 0 0 0 0 0 0 0 0 0 0 0 0 0 0 0 0 0 0 0 0 0
0 0 0 0 0 0 0 0 0 0 0 0 0 0 0 0 0 0 0 0 0
##$SHL_SFCOEFFS14= (0..200)
0 0 0 0 0 0 0 0 0 0 0 0 0 0 0 0 0 0 0 0 0 0 0 0 0 0 0 0 0 0 0 0 0 0 0 0
0 0 0 0 0 0 0 0 0 0 0 0 0 0 0 0 0 0 0 0 0 0 0 0 0 0 0 0 0 0 0 0 0 0 0 0
0 0 0 0 0 0 0 0 0 0 0 0 0 0 0 0 0 0 0 0 0 0 0 0 0 0 0 0 0 0 0 0 0 0 0 0
0 0 0 0 0 0 0 0 0 0 0 0 0 0 0 0 0 0 0 0 0 0 0 0 0 0 0 0 0 0 0 0 0 0 0 0
0 0 0 0 0 0 0 0 0 0 0 0 0 0 0 0 0 0 0 0 0 0 0 0 0 0 0 0 0 0 0 0 0 0 0 0
0 0 0 0 0 0 0 0 0 0 0 0 0 0 0 0 0 0 0 0 0
##$SHL_SFCOEFFS15= (0..200)
0 0 0 0 0 0 0 0 0 0 0 0 0 0 0 0 0 0 0 0 0 0 0 0 0 0 0 0 0 0 0 0 0 0 0 0
0 0 0 0 0 0 0 0 0 0 0 0 0 0 0 0 0 0 0 0 0 0 0 0 0 0 0 0 0 0 0 0 0 0 0 0
0 0 0 0 0 0 0 0 0 0 0 0 0 0 0 0 0 0 0 0 0 0 0 0 0 0 0 0 0 0 0 0 0 0 0 0
0 0 0 0 0 0 0 0 0 0 0 0 0 0 0 0 0 0 0 0 0 0 0 0 0 0 0 0 0 0 0 0 0 0 0 0
0 0 0 0 0 0 0 0 0 0 0 0 0 0 0 0 0 0 0 0 0 0 0 0 0 0 0 0 0 0 0 0 0 0 0 0
0 0 0 0 0 0 0 0 0 0 0 0 0 0 0 0 0 0 0 0 0
##$SHL_SFCOEFFS2= (0..200)
0 0 0 0 0 0 0 0 0 0 0 0 0 0 0 0 0 0 0 0 0 0 0 0 0 0 0 0 0 0 0 0 0 0 0 0
0 0 0 0 0 0 0 0 0 0 0 0 0 0 0 0 0 0 0 0 0 0 0 0 0 0 0 0 0 0 0 0 0 0 0 0
0 0 0 0 0 0 0 0 0 0 0 0 0 0 0 0 0 0 0 0 0 0 0 0 0 0 0 0 0 0 0 0 0 0 0 0
0 0 0 0 0 0 0 0 0 0 0 0 0 0 0 0 0 0 0 0 0 0 0 0 0 0 0 0 0 0 0 0 0 0 0 0
0 0 0 0 0 0 0 0 0 0 0 0 0 0 0 0 0 0 0 0 0 0 0 0 0 0 0 0 0 0 0 0 0 0 0 0
0 0 0 0 0 0 0 0 0 0 0 0 0 0 0 0 0 0 0 0 0
##$SHL_SFCOEFFS3= (0..200)
0 0 0 0 0 0 0 0 0 0 0 0 0 0 0 0 0 0 0 0 0 0 0 0 0 0 0 0 0 0 0 0 0 0 0 0
0 0 0 0 0 0 0 0 0 0 0 0 0 0 0 0 0 0 0 0 0 0 0 0 0 0 0 0 0 0 0 0 0 0 0 0
0 0 0 0 0 0 0 0 0 0 0 0 0 0 0 0 0 0 0 0 0 0 0 0 0 0 0 0 0 0 0 0 0 0 0 0
0 0 0 0 0 0 0 0 0 0 0 0 0 0 0 0 0 0 0 0 0 0 0 0 0 0 0 0 0 0 0 0 0 0 0 0
0 0 0 0 0 0 0 0 0 0 0 0 0 0 0 0 0 0 0 0 0 0 0 0 0 0 0 0 0 0 0 0 0 0 0 0
0 0 0 0 0 0 0 0 0 0 0 0 0 0 0 0 0 0 0 0 0
##$SHL_SFCOEFFS4= (0..200)
0 0 0 0 0 0 0 0 0 0 0 0 0 0 0 0 0 0 0 0 0 0 0 0 0 0 0 0 0 0 0 0 0 0 0 0
0 0 0 0 0 0 0 0 0 0 0 0 0 0 0 0 0 0 0 0 0 0 0 0 0 0 0 0 0 0 0 0 0 0 0 0
0 0 0 0 0 0 0 0 0 0 0 0 0 0 0 0 0 0 0 0 0 0 0 0 0 0 0 0 0 0 0 0 0 0 0 0
0 0 0 0 0 0 0 0 0 0 0 0 0 0 0 0 0 0 0 0 0 0 0 0 0 0 0 0 0 0 0 0 0 0 0 0
0 0 0 0 0 0 0 0 0 0 0 0 0 0 0 0 0 0 0 0 0 0 0 0 0 0 0 0 0 0 0 0 0 0 0 0
0 0 0 0 0 0 0 0 0 0 0 0 0 0 0 0 0 0 0 0 0
##$SHL_SFCOEFFS5= (0..200)
0 0 0 0 0 0 0 0 0 0 0 0 0 0 0 0 0 0 0 0 0 0 0 0 0 0 0 0 0 0 0 0 0 0 0 0
0 0 0 0 0 0 0 0 0 0 0 0 0 0 0 0 0 0 0 0 0 0 0 0 0 0 0 0 0 0 0 0 0 0 0 0
0 0 0 0 0 0 0 0 0 0 0 0 0 0 0 0 0 0 0 0 0 0 0 0 0 0 0 0 0 0 0 0 0 0 0 0
0 0 0 0 0 0 0 0 0 0 0 0 0 0 0 0 0 0 0 0 0 0 0 0 0 0 0 0 0 0 0 0 0 0 0 0
0 0 0 0 0 0 0 0 0 0 0 0 0 0 0 0 0 0 0 0 0 0 0 0 0 0 0 0 0 0 0 0 0 0 0 0
0 0 0 0 0 0 0 0 0 0 0 0 0 0 0 0 0 0 0 0 0
##$SHL_SFCOEFFS6= (0..200)
0 0 0 0 0 0 0 0 0 0 0 0 0 0 0 0 0 0 0 0 0 0 0 0 0 0 0 0 0 0 0 0 0 0 0 0
0 0 0 0 0 0 0 0 0 0 0 0 0 0 0 0 0 0 0 0 0 0 0 0 0 0 0 0 0 0 0 0 0 0 0 0
0 0 0 0 0 0 0 0 0 0 0 0 0 0 0 0 0 0 0 0 0 0 0 0 0 0 0 0 0 0 0 0 0 0 0 0
0 0 0 0 0 0 0 0 0 0 0 0 0 0 0 0 0 0 0 0 0 0 0 0 0 0 0 0 0 0 0 0 0 0 0 0
0 0 0 0 0 0 0 0 0 0 0 0 0 0 0 0 0 0 0 0 0 0 0 0 0 0 0 0 0 0 0 0 0 0 0 0
0 0 0 0 0 0 0 0 0 0 0 0 0 0 0 0 0 0 0 0 0
##$SHL_SFCOEFFS7= (0..200)
0 0 0 0 0 0 0 0 0 0 0 0 0 0 0 0 0 0 0 0 0 0 0 0 0 0 0 0 0 0 0 0 0 0 0 0
0 0 0 0 0 0 0 0 0 0 0 0 0 0 0 0 0 0 0 0 0 0 0 0 0 0 0 0 0 0 0 0 0 0 0 0
0 0 0 0 0 0 0 0 0 0 0 0 0 0 0 0 0 0 0 0 0 0 0 0 0 0 0 0 0 0 0 0 0 0 0 0
0 0 0 0 0 0 0 0 0 0 0 0 0 0 0 0 0 0 0 0 0 0 0 0 0 0 0 0 0 0 0 0 0 0 0 0
0 0 0 0 0 0 0 0 0 0 0 0 0 0 0 0 0 0 0 0 0 0 0 0 0 0 0 0 0 0 0 0 0 0 0 0
0 0 0 0 0 0 0 0 0 0 0 0 0 0 0 0 0 0 0 0 0
##$SHL_SFCOEFFS8= (0..200)
0 0 0 0 0 0 0 0 0 0 0 0 0 0 0 0 0 0 0 0 0 0 0 0 0 0 0 0 0 0 0 0 0 0 0 0
0 0 0 0 0 0 0 0 0 0 0 0 0 0 0 0 0 0 0 0 0 0 0 0 0 0 0 0 0 0 0 0 0 0 0 0
0 0 0 0 0 0 0 0 0 0 0 0 0 0 0 0 0 0 0 0 0 0 0 0 0 0 0 0 0 0 0 0 0 0 0 0
0 0 0 0 0 0 0 0 0 0 0 0 0 0 0 0 0 0 0 0 0 0 0 0 0 0 0 0 0 0 0 0 0 0 0 0
0 0 0 0 0 0 0 0 0 0 0 0 0 0 0 0 0 0 0 0 0 0 0 0 0 0 0 0 0 0 0 0 0 0 0 0
0 0 0 0 0 0 0 0 0 0 0 0 0 0 0 0 0 0 0 0 0
##$SHL_SFCOEFFS9= (0..200)
0 0 0 0 0 0 0 0 0 0 0 0 0 0 0 0 0 0 0 0 0 0 0 0 0 0 0 0 0 0 0 0 0 0 0 0
0 0 0 0 0 0 0 0 0 0 0 0 0 0 0 0 0 0 0 0 0 0 0 0 0 0 0 0 0 0 0 0 0 0 0 0
0 0 0 0 0 0 0 0 0 0 0 0 0 0 0 0 0 0 0 0 0 0 0 0 0 0 0 0 0 0 0 0 0 0 0 0
0 0 0 0 0 0 0 0 0 0 0 0 0 0 0 0 0 0 0 0 0 0 0 0 0 0 0 0 0 0 0 0 0 0 0 0
0 0 0 0 0 0 0 0 0 0 0 0 0 0 0 0 0 0 0 0 0 0 0 0 0 0 0 0 0 0 0 0 0 0 0 0
0 0 0 0 0 0 0 0 0 0 0 0 0 0 0 0 0 0 0 0 0
##$SHL_SMOOTHED= (0..15)
0 0 0 0 0 0 0 0 0 0 0 0 0 0 0 0
##$SHL_SMOOTHING= (0..15)
0 0 0 0 0 0 0 0 0 0 0 0 0 0 0 0
##$SHL_SPOAL= (0..15)
0 0 0 0 0 0 0 0 0 0 0 0 0 0 0 0
##$SHL_SPOFFS= (0..15)
0 0 0 0 0 0 0 0 0 0 0 0 0 0 0 0
##$SHL_SPOPH= (0..15)
0 0 0 0 0 0 0 0 0 0 0 0 0 0 0 0
##$SHL_STARTAMP= (0..15)
0 0 0 0 0 0 0 0 0 0 0 0 0 0 0 0
##$SHL_SW= (0..15)
0 0 0 0 0 0 0 0 0 0 0 0 0 0 0 0
##$SHL_SWDIR= (0..15)
-1 -1 -1 -1 -1 -1 -1 -1 -1 -1 -1 -1 -1 -1 -1 -1
##$SHL_TANKAPPA= (0..15)
0 0 0 0 0 0 0 0 0 0 0 0 0 0 0 0
##$SHL_TOTROT= (0..15)
90 0 0 0 0 0 0 0 0 0 0 0 0 0 0 0
##$SHL_TRUNCLEV= (0..15)
0 0 0 0 0 0 0 0 0 0 0 0 0 0 0 0
##$SHL_TYPE= (0..15)
<Excitation> <> <> <> <> <> <> <> <> <> <> <> <> <> <> <>
##$SHL_WINDOWSIZE= (0..15)
0 0 0 0 0 0 0 0 0 0 0 0 0 0 0 0
##$SHL_ZETA= (0..15)
0 0 0 0 0 0 0 0 0 0 0 0 0 0 0 0
##NPOINTS= 1250
##XYPOINTS= (XY..XY)
72.795643, 27.035117
72.334439, 28.727982
71.870376, 30.420955
71.403489, 32.114038
70.933813, 33.807233
70.461380, 35.500543
69.986227, 37.193970
69.508388, 38.887517
69.027897, 40.581185
68.544791, 42.274979
68.059105, 43.968900
67.570874, 45.662952
67.080134, 47.357137
66.586921, 49.051458
66.091271, 50.745919
65.593221, 52.440523
65.092808, 54.135273
64.590067, 55.830173
64.085036, 57.525227
63.577752, 59.220437
63.068252, 60.915809
62.556573, 62.611346
62.042753, 64.307052
61.526830, 66.002931
61.008842, 67.698989
60.488827, 69.395229
59.966822, 71.091657
59.442866, 72.788278
58.916997, 74.485096
58.389255, 76.182117
57.859678, 77.879347
57.328304, 79.576791
56.795173, 81.274456
56.260325, 82.972348
55.723797, 84.670474
55.185630, 86.368840
54.645862, 88.067453
54.104535, 89.766320
53.561687, 91.465450
53.017358, 93.164851
52.471589, 94.864530
51.924419, 96.564497
51.375889, 98.264760
50.826038, 99.965329
50.274908, 101.666214
49.722539, 103.367426
49.168971, 105.068974
48.614245, 106.770871
48.058402, 108.473128
47.501483, 110.175757
46.943528, 111.878772
46.384580, 113.582187
45.824678, 115.286014
45.263863, 116.990270
44.702179, 118.694970
44.139664, 120.400130
43.576362, 122.105768
43.012313, 123.811901
42.447560, 125.518550
41.882143, 127.225734
41.316104, 128.933474
40.749485, 130.641793
40.182327, 132.350714
39.614673, 134.060263
39.046565, 135.770465
38.478044, 137.481348
37.909152, 139.192941
37.339931, 140.905277
36.770424, 142.618387
36.200672, 144.332307
35.630718, 146.047074
35.060603, 147.762727
34.490370, 149.479308
33.920061, 151.196862
33.349718, 152.915437
32.779384, 154.635082
32.209101, 156.355853
31.638911, 158.077807
31.068857, 159.801006
30.498981, 161.525517
29.929326, 163.251410
29.359933, 164.978762
28.790846, 166.707654
28.222108, 168.438176
27.653760, 170.170423
27.085845, 171.904497
26.518406, 173.640510
25.951487, 175.378582
25.385128, 177.118843
24.819374, 178.861436
24.254268, 180.606516
23.689852, 182.354249
23.126169, 184.104822
22.563263, 185.858433
22.001177, 187.615306
21.439955, 189.375681
20.879640, 191.139828
20.320276, 192.908040
19.761907, 194.680645
19.204577, 196.458006
18.648332, 198.240526
18.093216, 200.028658
17.539274, 201.822905
16.986553, 203.623835
16.435099, 205.432089
15.884959, 207.248389
15.336181, 209.073560
14.788815, 210.908538
14.242910, 212.754399
13.698519, 214.612381
13.155694, 216.483917
12.614490, 218.370673
12.074967, 220.274602
11.537184, 222.198000
11.001207, 224.143595
10.467106, 226.114644
9.934956, 228.115074
9.404841, 230.149656
8.876856, 232.224251
8.351106, 234.346131
7.827717, 236.524433
7.306836, 238.770790
6.788644, 241.100238
6.273364, 243.532543
5.761286, 246.094197
5.252793, 248.821495
4.748409, 251.765433
4.248883, 254.999789
3.755326, 258.634990
3.269472, 262.842968
2.794183, 267.903796
2.334507, 274.296905
1.900032, 282.881614
1.510374, 295.215543
1.206773, 313.730984
1.062204, 339.601707
1.135778, 6.955159
1.390743, 27.860012
1.747403, 41.837282
2.154127, 51.382523
2.585947, 58.342772
3.030892, 63.755121
3.482821, 68.192405
3.938333, 71.984122
4.395409, 75.329493
4.852779, 78.354755
5.309602, 81.143267
5.765296, 83.752071
6.219444, 86.221414
6.671736, 88.580452
7.121932, 90.850798
7.569846, 93.048799
8.015327, 95.187036
8.458249, 97.275347
8.898507, 99.321532
9.336008, 101.331851
9.770675, 103.311389
10.202434, 105.264313
10.631224, 107.194073
11.056984, 109.103550
11.479662, 110.995165
11.899207, 112.870971
12.315571, 114.732718
12.728711, 116.581907
13.138584, 118.419832
13.545149, 120.247617
13.948368, 122.066239
14.348202, 123.876557
14.744615, 125.679321
15.137572, 127.475198
15.527039, 129.264776
15.912983, 131.048579
16.295369, 132.827072
16.674168, 134.600675
17.049346, 136.369763
17.420875, 138.134672
17.788722, 139.895707
18.152860, 141.653145
18.513258, 143.407235
18.869889, 145.158204
19.222724, 146.906259
19.571735, 148.651590
19.916895, 150.394368
20.258179, 152.134754
20.595558, 153.872891
20.929007, 155.608914
21.258501, 157.342947
21.584014, 159.075103
21.905521, 160.805487
22.222999, 162.534197
22.536422, 164.261323
22.845767, 165.986948
23.151010, 167.711151
23.452129, 169.434004
23.749101, 171.155575
24.041903, 172.875926
24.330513, 174.595117
24.614910, 176.313202
24.895073, 178.030233
25.170979, 179.746259
25.442610, 181.461324
25.709943, 183.175470
25.972960, 184.888739
26.231641, 186.601167
26.485966, 188.312790
26.735916, 190.023640
26.981473, 191.733750
27.222619, 193.443149
27.459335, 195.151865
27.691605, 196.859924
27.919409, 198.567352
28.142733, 200.274171
28.361558, 201.980404
28.575870, 203.686073
28.785651, 205.391197
28.990887, 207.095795
29.191562, 208.799886
29.387662, 210.503486
29.579171, 212.206612
29.766075, 213.909280
29.948362, 215.611503
30.126016, 217.313297
30.299026, 219.014673
30.467378, 220.715646
30.631059, 222.416226
30.790058, 224.116426
30.944363, 225.816255
31.093963, 227.515726
31.238846, 229.214846
31.379001, 230.913627
31.514419, 232.612077
31.645089, 234.310203
31.771002, 236.008016
31.892148, 237.705522
32.008518, 239.402728
32.120104, 241.099642
32.226898, 242.796271
32.328891, 244.492621
32.426076, 246.188697
32.518446, 247.884507
32.605994, 249.580054
32.688714, 251.275346
32.766599, 252.970385
32.839643, 254.665178
32.907842, 256.359729
32.971190, 258.054042
33.029682, 259.748121
33.083315, 261.441970
33.132084, 263.135592
33.175985, 264.828991
33.215015, 266.522171
33.249172, 268.215133
33.278453, 269.907881
33.302855, 271.600419
33.322378, 273.292747
33.337018, 274.984868
33.346776, 276.676785
33.351650, 278.368500
33.351641, 280.060014
33.346747, 281.751329
33.336970, 283.442446
33.322310, 285.133367
33.302769, 286.824093
33.278346, 288.514624
33.249045, 290.204963
33.214868, 291.895108
33.175816, 293.585062
33.131894, 295.274824
33.083103, 296.964395
33.029448, 298.653774
32.970932, 300.342962
32.907560, 302.031958
32.839336, 303.720762
32.766266, 305.409374
32.688354, 307.097792
32.605606, 308.786017
32.518030, 310.474046
32.425630, 312.161878
32.328413, 313.849513
32.226387, 315.536948
32.119560, 317.224182
32.007938, 318.911213
31.891531, 320.598039
31.770346, 322.284657
31.644393, 323.971066
31.513681, 325.657261
31.378219, 327.343240
31.238018, 329.029001
31.093087, 330.714539
30.943438, 332.399851
30.789080, 334.084932
30.630027, 335.769779
30.466288, 337.454388
30.297877, 339.138752
30.124805, 340.822868
29.947086, 342.506729
29.764732, 344.190331
29.577757, 345.873666
29.386174, 347.556728
29.189997, 349.239510
28.989242, 350.922005
28.783922, 352.604206
28.574053, 354.286103
28.359650, 355.967688
28.140729, 357.648951
27.917306, 359.329884
27.689397, 1.010474
27.457020, 2.690711
27.220190, 4.370584
26.978927, 6.050079
26.733246, 7.729183
26.483167, 9.407882
26.228708, 11.086160
25.969888, 12.764003
25.706725, 14.441392
25.439239, 16.118309
25.167449, 17.794734
24.891376, 19.470648
24.611040, 21.146028
24.326462, 22.820850
24.037663, 24.495089
23.744663, 26.168717
23.447485, 27.841707
23.146150, 29.514026
22.840681, 31.185641
22.531100, 32.856516
22.217430, 34.526613
21.899694, 36.195890
21.577916, 37.864303
21.252120, 39.531802
20.922329, 41.198336
20.588568, 42.863847
20.250862, 44.528275
19.909236, 46.191553
19.563715, 47.853607
19.214326, 49.514359
18.861093, 51.173722
18.504043, 52.831601
18.143204, 54.487894
17.778601, 56.142486
17.410262, 57.795251
17.038216, 59.446053
16.662489, 61.094737
16.283110, 62.741135
15.900108, 64.385057
15.513513, 66.026295
15.123352, 67.664612
14.729656, 69.299747
14.332456, 70.931401
13.931782, 72.559240
13.527665, 74.182885
13.120137, 75.801904
12.709230, 77.415800
12.294977, 79.024008
11.877411, 80.625872
11.456566, 82.220630
11.032477, 83.807396
10.605181, 85.385126
10.174714, 86.952588
9.741114, 88.508313
9.304422, 90.050539
8.864680, 91.577131
8.421932, 93.085478
7.976225, 94.572355
7.527611, 96.033727
7.076146, 97.464484
6.621894, 98.858051
6.164929, 100.205832
5.705337, 101.496362
5.243225, 102.714017
4.778729, 103.836936
4.312030, 104.833588
3.843382, 105.656801
3.373167, 106.232772
2.901994, 106.439443
2.430926, 106.060128
1.962020, 104.672706
1.499876, 101.345307
1.057024, 93.644686
0.678256, 74.072495
0.534048, 29.597371
0.774667, 351.890464
1.188238, 336.922615
1.651566, 330.847697
2.134091, 328.202607
2.626550, 327.155268
3.125324, 326.967629
3.628718, 327.292275
4.135827, 327.945742
4.646118, 328.822453
5.159249, 329.857501
5.674987, 331.008842
6.193161, 332.248073
6.713640, 333.555321
7.236320, 334.916275
7.761113, 336.320367
8.287944, 337.759628
8.816745, 339.227935
9.347456, 340.720505
9.880020, 342.233550
10.414383, 343.764030
10.950496, 345.309479
11.488310, 346.867873
12.027777, 348.437538
12.568851, 350.017074
13.111487, 351.605306
13.655641, 353.201237
14.201269, 354.804015
14.748327, 356.412912
15.296773, 358.027297
15.846564, 359.646624
16.397657, 1.270417
16.950010, 2.898258
17.503580, 4.529780
18.058326, 6.164660
18.614206, 7.802610
19.171177, 9.443376
19.729198, 11.086728
20.288228, 12.732463
20.848223, 14.380398
21.409142, 16.030367
21.970944, 17.682223
22.533587, 19.335829
23.097029, 20.991064
23.661228, 22.647817
24.226142, 24.305985
24.791729, 25.965477
25.357949, 27.626208
25.924757, 29.288100
26.492114, 30.951082
27.059977, 32.615088
27.628303, 34.280057
28.197052, 35.945934
28.766181, 37.612667
29.335649, 39.280208
29.905412, 40.948513
30.475430, 42.617540
31.045661, 44.287251
31.616062, 45.957611
32.186592, 47.628586
32.757208, 49.300145
33.327869, 50.972260
33.898532, 52.644902
34.469156, 54.318047
35.039699, 55.991670
35.610119, 57.665750
36.180374, 59.340265
36.750422, 61.015196
37.320221, 62.690524
37.889730, 64.366231
38.458906, 66.042301
39.027708, 67.718718
39.596094, 69.395468
40.164022, 71.072537
40.731451, 72.749911
41.298339, 74.427578
41.864645, 76.105527
42.430326, 77.783745
42.995341, 79.462223
43.559650, 81.140951
44.123210, 82.819918
44.685980, 84.499116
45.247919, 86.178536
45.808985, 87.858169
46.369138, 89.538009
46.928337, 91.218047
47.486540, 92.898277
48.043706, 94.578691
48.599795, 96.259284
49.154766, 97.940048
49.708577, 99.620978
50.261190, 101.302069
50.812562, 102.983314
51.362654, 104.664710
51.911425, 106.346250
52.458835, 108.027930
53.004844, 109.709746
53.549411, 111.391692
54.092498, 113.073766
54.634063, 114.755963
55.174068, 116.438279
55.712473, 118.120710
56.249238, 119.803253
56.784324, 121.485905
57.317691, 123.168661
57.849302, 124.851520
58.379115, 126.534478
58.907094, 128.217531
59.433199, 129.900678
59.957391, 131.583916
60.479632, 133.267241
60.999884, 134.950652
61.518109, 136.634146
62.034268, 138.317720
62.548325, 140.001373
63.060240, 141.685102
63.569977, 143.368905
64.077499, 145.052780
64.582767, 146.736725
65.085746, 148.420738
65.586397, 150.104818
66.084685, 151.788962
66.580573, 153.473170
67.074025, 155.157438
67.565004, 156.841766
68.053475, 158.526152
68.539401, 160.210595
69.022747, 161.895093
69.503478, 163.579644
69.981558, 165.264248
70.456953, 166.948903
70.929627, 168.633607
71.399545, 170.318360
71.866675, 172.003161
72.330980, 173.688007
72.792427, 175.372898
73.250983, 177.057833
73.706613, 178.742811
74.159285, 180.427831
74.608965, 182.112891
75.055620, 183.797991
75.499217, 185.483130
75.939725, 187.168307
76.377110, 188.853520
76.811340, 190.538770
77.242385, 192.224055
77.670211, 193.909374
78.094788, 195.594727
78.516085, 197.280113
78.934071, 198.965531
79.348715, 200.650980
79.759986, 202.336459
80.167856, 204.021969
80.572293, 205.707507
80.973268, 207.393074
81.370751, 209.078669
81.764715, 210.764291
82.155129, 212.449939
82.541965, 214.135614
82.925195, 215.821314
83.304791, 217.507038
83.680724, 219.192787
84.052968, 220.878560
84.421494, 222.564355
84.786277, 224.250173
85.147289, 225.936014
85.504504, 227.621876
85.857895, 229.307758
86.207437, 230.993662
86.553105, 232.679586
86.894872, 234.365529
87.232713, 236.051491
87.566605, 237.737473
87.896522, 239.423472
88.222441, 241.109490
88.544337, 242.795525
88.862186, 244.481577
89.175967, 246.167646
89.485655, 247.853731
89.791227, 249.539832
90.092662, 251.225949
90.389938, 252.912081
90.683032, 254.598228
90.971923, 256.284389
91.256590, 257.970564
91.537013, 259.656754
91.813169, 261.342956
92.085040, 263.029172
92.352606, 264.715401
92.615846, 266.401642
92.874741, 268.087896
93.129273, 269.774161
93.379423, 271.460438
93.625172, 273.146726
93.866503, 274.833026
94.103398, 276.519336
94.335839, 278.205656
94.563809, 279.891987
94.787292, 281.578328
95.006272, 283.264678
95.220732, 284.951038
95.430656, 286.637407
95.636029, 288.323785
95.836837, 290.010171
96.033064, 291.696566
96.224695, 293.382969
96.411718, 295.069380
96.594119, 296.755798
96.771883, 298.442224
96.944997, 300.128658
97.113451, 301.815098
97.277230, 303.501545
97.436322, 305.187998
97.590717, 306.874458
97.740403, 308.560923
97.885369, 310.247395
98.025604, 311.933872
98.161098, 313.620355
98.291841, 315.306843
98.417823, 316.993336
98.539036, 318.679834
98.655470, 320.366337
98.767117, 322.052843
98.873968, 323.739355
98.976017, 325.425870
99.073255, 327.112389
99.165674, 328.798911
99.253270, 330.485437
99.336034, 332.171967
99.413962, 333.858499
99.487046, 335.545034
99.555283, 337.231572
99.618666, 338.918112
99.677192, 340.604655
99.730855, 342.291200
99.779653, 343.977746
99.823581, 345.664295
99.862636, 347.350845
99.896815, 349.037396
99.926117, 350.723948
99.950538, 352.410502
99.970077, 354.097056
99.984733, 355.783611
99.994504, 357.470166
99.999389, 359.156722
99.999389, 0.843278
99.994504, 2.529834
99.984733, 4.216389
99.970077, 5.902944
99.950538, 7.589498
99.926117, 9.276052
99.896815, 10.962604
99.862636, 12.649155
99.823581, 14.335705
99.779653, 16.022254
99.730855, 17.708800
99.677192, 19.395345
99.618666, 21.081888
99.555283, 22.768428
99.487046, 24.454966
99.413962, 26.141501
99.336034, 27.828033
99.253270, 29.514563
99.165674, 31.201089
99.073255, 32.887611
98.976017, 34.574130
98.873968, 36.260645
98.767117, 37.947157
98.655470, 39.633663
98.539036, 41.320166
98.417823, 43.006664
98.291841, 44.693157
98.161098, 46.379645
98.025604, 48.066128
97.885369, 49.752605
97.740403, 51.439077
97.590717, 53.125542
97.436322, 54.812002
97.277230, 56.498455
97.113451, 58.184902
96.944997, 59.871342
96.771883, 61.557776
96.594119, 63.244202
96.411718, 64.930620
96.224695, 66.617031
96.033064, 68.303434
95.836837, 69.989829
95.636029, 71.676215
95.430656, 73.362593
95.220732, 75.048962
95.006272, 76.735322
94.787292, 78.421672
94.563809, 80.108013
94.335839, 81.794344
94.103398, 83.480664
93.866503, 85.166974
93.625172, 86.853274
93.379423, 88.539562
93.129273, 90.225839
92.874741, 91.912104
92.615846, 93.598358
92.352606, 95.284599
92.085040, 96.970828
91.813169, 98.657044
91.537013, 100.343246
91.256590, 102.029436
90.971923, 103.715611
90.683032, 105.401772
90.389938, 107.087919
90.092662, 108.774051
89.791227, 110.460168
89.485655, 112.146269
89.175967, 113.832354
88.862186, 115.518423
88.544337, 117.204475
88.222441, 118.890510
87.896522, 120.576528
87.566605, 122.262527
87.232713, 123.948509
86.894872, 125.634471
86.553105, 127.320414
86.207437, 129.006338
85.857895, 130.692242
85.504504, 132.378124
85.147289, 134.063986
84.786277, 135.749827
84.421494, 137.435645
84.052968, 139.121440
83.680724, 140.807213
83.304791, 142.492962
82.925195, 144.178686
82.541965, 145.864386
82.155129, 147.550061
81.764715, 149.235709
81.370751, 150.921331
80.973268, 152.606926
80.572293, 154.292493
80.167856, 155.978031
79.759986, 157.663541
79.348715, 159.349020
78.934071, 161.034469
78.516085, 162.719887
78.094788, 164.405273
77.670211, 166.090626
77.242385, 167.775945
76.811340, 169.461230
76.377110, 171.146480
75.939725, 172.831693
75.499217, 174.516870
75.055620, 176.202009
74.608965, 177.887109
74.159285, 179.572169
73.706613, 181.257189
73.250983, 182.942167
72.792427, 184.627102
72.330980, 186.311993
71.866675, 187.996839
71.399545, 189.681640
70.929627, 191.366393
70.456953, 193.051097
69.981558, 194.735752
69.503478, 196.420356
69.022747, 198.104907
68.539401, 199.789405
68.053475, 201.473848
67.565004, 203.158234
67.074025, 204.842562
66.580573, 206.526830
66.084685, 208.211038
65.586397, 209.895182
65.085746, 211.579262
64.582767, 213.263275
64.077499, 214.947220
63.569977, 216.631095
63.060240, 218.314898
62.548325, 219.998627
62.034268, 221.682280
61.518109, 223.365854
60.999884, 225.049348
60.479632, 226.732759
59.957391, 228.416084
59.433199, 230.099322
58.907094, 231.782469
58.379115, 233.465522
57.849302, 235.148480
57.317691, 236.831339
56.784324, 238.514095
56.249238, 240.196747
55.712473, 241.879290
55.174068, 243.561721
54.634063, 245.244037
54.092498, 246.926234
53.549411, 248.608308
53.004844, 250.290254
52.458835, 251.972070
51.911425, 253.653750
51.362654, 255.335290
50.812562, 257.016686
50.261190, 258.697931
49.708577, 260.379022
49.154766, 262.059952
48.599795, 263.740716
48.043706, 265.421309
47.486540, 267.101723
46.928337, 268.781953
46.369138, 270.461991
45.808985, 272.141831
45.247919, 273.821464
44.685980, 275.500884
44.123210, 277.180082
43.559650, 278.859049
42.995341, 280.537777
42.430326, 282.216255
41.864645, 283.894473
41.298339, 285.572422
40.731451, 287.250089
40.164022, 288.927463
39.596094, 290.604532
39.027708, 292.281282
38.458906, 293.957699
37.889730, 295.633769
37.320221, 297.309476
36.750422, 298.984804
36.180374, 300.659735
35.610119, 302.334250
35.039699, 304.008330
34.469156, 305.681953
33.898532, 307.355098
33.327869, 309.027740
32.757208, 310.699855
32.186592, 312.371414
31.616062, 314.042389
31.045661, 315.712749
30.475430, 317.382460
29.905412, 319.051487
29.335649, 320.719792
28.766181, 322.387333
28.197052, 324.054066
27.628303, 325.719943
27.059977, 327.384912
26.492114, 329.048918
25.924757, 330.711900
25.357949, 332.373792
24.791729, 334.034523
24.226142, 335.694015
23.661228, 337.352183
23.097029, 339.008936
22.533587, 340.664171
21.970944, 342.317777
21.409142, 343.969633
20.848223, 345.619602
20.288228, 347.267537
19.729198, 348.913272
19.171177, 350.556624
18.614206, 352.197390
18.058326, 353.835340
17.503580, 355.470220
16.950010, 357.101742
16.397657, 358.729583
15.846564, 0.353376
15.296773, 1.972703
14.748327, 3.587088
14.201269, 5.195985
13.655641, 6.798763
13.111487, 8.394694
12.568851, 9.982926
12.027777, 11.562462
11.488310, 13.132127
10.950496, 14.690521
10.414383, 16.235970
9.880020, 17.766450
9.347456, 19.279495
8.816745, 20.772065
8.287944, 22.240372
7.761113, 23.679633
7.236320, 25.083725
6.713640, 26.444679
6.193161, 27.751927
5.674987, 28.991158
5.159249, 30.142499
4.646118, 31.177547
4.135827, 32.054258
3.628718, 32.707725
3.125324, 33.032371
2.626550, 32.844732
2.134091, 31.797393
1.651566, 29.152303
1.188238, 23.077385
0.774667, 8.109536
0.534048, 330.402629
0.678256, 285.927505
1.057024, 266.355314
1.499876, 258.654693
1.962020, 255.327294
2.430926, 253.939872
2.901994, 253.560557
3.373167, 253.767228
3.843382, 254.343199
4.312030, 255.166412
4.778729, 256.163064
5.243225, 257.285983
5.705337, 258.503638
6.164929, 259.794168
6.621894, 261.141949
7.076146, 262.535516
7.527611, 263.966273
7.976225, 265.427645
8.421932, 266.914522
8.864680, 268.422869
9.304422, 269.949461
9.741114, 271.491687
10.174714, 273.047412
10.605181, 274.614874
11.032477, 276.192604
11.456566, 277.779370
11.877411, 279.374128
12.294977, 280.975992
12.709230, 282.584200
13.120137, 284.198096
13.527665, 285.817115
13.931782, 287.440760
14.332456, 289.068599
14.729656, 290.700253
15.123352, 292.335388
15.513513, 293.973705
15.900108, 295.614943
16.283110, 297.258865
16.662489, 298.905263
17.038216, 300.553947
17.410262, 302.204749
17.778601, 303.857514
18.143204, 305.512106
18.504043, 307.168399
18.861093, 308.826278
19.214326, 310.485641
19.563715, 312.146393
19.909236, 313.808447
20.250862, 315.471725
20.588568, 317.136153
20.922329, 318.801664
21.252120, 320.468198
21.577916, 322.135697
21.899694, 323.804110
22.217430, 325.473387
22.531100, 327.143484
22.840681, 328.814359
23.146150, 330.485974
23.447485, 332.158293
23.744663, 333.831283
24.037663, 335.504911
24.326462, 337.179150
24.611040, 338.853972
24.891376, 340.529352
25.167449, 342.205266
25.439239, 343.881691
25.706725, 345.558608
25.969888, 347.235997
26.228708, 348.913840
26.483167, 350.592118
26.733246, 352.270817
26.978927, 353.949921
27.220190, 355.629416
27.457020, 357.309289
27.689397, 358.989526
27.917306, 0.670116
28.140729, 2.351049
28.359650, 4.032312
28.574053, 5.713897
28.783922, 7.395794
28.989242, 9.077995
29.189997, 10.760490
29.386174, 12.443272
29.577757, 14.126334
29.764732, 15.809669
29.947086, 17.493271
30.124805, 19.177132
30.297877, 20.861248
30.466288, 22.545612
30.630027, 24.230221
30.789080, 25.915068
30.943438, 27.600149
31.093087, 29.285461
31.238018, 30.970999
31.378219, 32.656760
31.513681, 34.342739
31.644393, 36.028934
31.770346, 37.715343
31.891531, 39.401961
32.007938, 41.088787
32.119560, 42.775818
32.226387, 44.463052
32.328413, 46.150487
32.425630, 47.838122
32.518030, 49.525954
32.605606, 51.213983
32.688354, 52.902208
32.766266, 54.590626
32.839336, 56.279238
32.907560, 57.968042
32.970932, 59.657038
33.029448, 61.346226
33.083103, 63.035605
33.131894, 64.725176
33.175816, 66.414938
33.214868, 68.104892
33.249045, 69.795037
33.278346, 71.485376
33.302769, 73.175907
33.322310, 74.866633
33.336970, 76.557554
33.346747, 78.248671
33.351641, 79.939986
33.351650, 81.631500
33.346776, 83.323215
33.337018, 85.015132
33.322378, 86.707253
33.302855, 88.399581
33.278453, 90.092119
33.249172, 91.784867
33.215015, 93.477829
33.175985, 95.171009
33.132084, 96.864408
33.083315, 98.558030
33.029682, 100.251879
32.971190, 101.945958
32.907842, 103.640271
32.839643, 105.334822
32.766599, 107.029615
32.688714, 108.724654
32.605994, 110.419946
32.518446, 112.115493
32.426076, 113.811303
32.328891, 115.507379
32.226898, 117.203729
32.120104, 118.900358
32.008518, 120.597272
31.892148, 122.294478
31.771002, 123.991984
31.645089, 125.689797
31.514419, 127.387923
31.379001, 129.086373
31.238846, 130.785154
31.093963, 132.484274
30.944363, 134.183745
30.790058, 135.883574
30.631059, 137.583774
30.467378, 139.284354
30.299026, 140.985327
30.126016, 142.686703
29.948362, 144.388497
29.766075, 146.090720
29.579171, 147.793388
29.387662, 149.496514
29.191562, 151.200114
28.990887, 152.904205
28.785651, 154.608803
28.575870, 156.313927
28.361558, 158.019596
28.142733, 159.725829
27.919409, 161.432648
27.691605, 163.140076
27.459335, 164.848135
27.222619, 166.556851
26.981473, 168.266250
26.735916, 169.976360
26.485966, 171.687210
26.231641, 173.398833
25.972960, 175.111261
25.709943, 176.824530
25.442610, 178.538676
25.170979, 180.253741
24.895073, 181.969767
24.614910, 183.686798
24.330513, 185.404883
24.041903, 187.124074
23.749101, 188.844425
23.452129, 190.565996
23.151010, 192.288849
22.845767, 194.013052
22.536422, 195.738677
22.222999, 197.465803
21.905521, 199.194513
21.584014, 200.924897
21.258501, 202.657053
20.929007, 204.391086
20.595558, 206.127109
20.258179, 207.865246
19.916895, 209.605632
19.571735, 211.348410
19.222724, 213.093741
18.869889, 214.841796
18.513258, 216.592765
18.152860, 218.346855
17.788722, 220.104293
17.420875, 221.865328
17.049346, 223.630237
16.674168, 225.399325
16.295369, 227.172928
15.912983, 228.951421
15.527039, 230.735224
15.137572, 232.524802
14.744615, 234.320679
14.348202, 236.123443
13.948368, 237.933761
13.545149, 239.752383
13.138584, 241.580168
12.728711, 243.418093
12.315571, 245.267282
11.899207, 247.129029
11.479662, 249.004835
11.056984, 250.896450
10.631224, 252.805927
10.202434, 254.735687
9.770675, 256.688611
9.336008, 258.668149
8.898507, 260.678468
8.458249, 262.724653
8.015327, 264.812964
7.569846, 266.951201
7.121932, 269.149202
6.671736, 271.419548
6.219444, 273.778586
5.765296, 276.247929
5.309602, 278.856733
4.852779, 281.645245
4.395409, 284.670507
3.938333, 288.015878
3.482821, 291.807595
3.030892, 296.244879
2.585947, 301.657228
2.154127, 308.617477
1.747403, 318.162718
1.390743, 332.139988
1.135778, 353.044841
1.062204, 20.398293
1.206773, 46.269016
1.510374, 64.784457
1.900032, 77.118386
2.334507, 85.703095
2.794183, 92.096204
3.269472, 97.157032
3.755326, 101.365010
4.248883, 105.000211
4.748409, 108.234567
5.252793, 111.178505
5.761286, 113.905803
6.273364, 116.467457
6.788644, 118.899762
7.306836, 121.229210
7.827717, 123.475567
8.351106, 125.653869
8.876856, 127.775749
9.404841, 129.850344
9.934956, 131.884926
10.467106, 133.885356
11.001207, 135.856405
11.537184, 137.802000
12.074967, 139.725398
12.614490, 141.629327
13.155694, 143.516083
13.698519, 145.387619
14.242910, 147.245601
14.788815, 149.091462
15.336181, 150.926440
15.884959, 152.751611
16.435099, 154.567911
16.986553, 156.376165
17.539274, 158.177095
18.093216, 159.971342
18.648332, 161.759474
19.204577, 163.541994
19.761907, 165.319355
20.320276, 167.091960
20.879640, 168.860172
21.439955, 170.624319
22.001177, 172.384694
22.563263, 174.141567
23.126169, 175.895178
23.689852, 177.645751
24.254268, 179.393484
24.819374, 181.138564
25.385128, 182.881157
25.951487, 184.621418
26.518406, 186.359490
27.085845, 188.095503
27.653760, 189.829577
28.222108, 191.561824
28.790846, 193.292346
29.359933, 195.021238
29.929326, 196.748590
30.498981, 198.474483
31.068857, 200.198994
31.638911, 201.922193
32.209101, 203.644147
32.779384, 205.364918
33.349718, 207.084563
33.920061, 208.803138
34.490370, 210.520692
35.060603, 212.237273
35.630718, 213.952926
36.200672, 215.667693
36.770424, 217.381613
37.339931, 219.094723
37.909152, 220.807059
38.478044, 222.518652
39.046565, 224.229535
39.614673, 225.939737
40.182327, 227.649286
40.749485, 229.358207
41.316104, 231.066526
41.882143, 232.774266
42.447560, 234.481450
43.012313, 236.188099
43.576362, 237.894232
44.139664, 239.599870
44.702179, 241.305030
45.263863, 243.009730
45.824678, 244.713986
46.384580, 246.417813
46.943528, 248.121228
47.501483, 249.824243
48.058402, 251.526872
48.614245, 253.229129
49.168971, 254.931026
49.722539, 256.632574
50.274908, 258.333786
50.826038, 260.034671
51.375889, 261.735240
51.924419, 263.435503
52.471589, 265.135470
53.017358, 266.835149
53.561687, 268.534550
54.104535, 270.233680
54.645862, 271.932547
55.185630, 273.631160
55.723797, 275.329526
56.260325, 277.027652
56.795173, 278.725544
57.328304, 280.423209
57.859678, 282.120653
58.389255, 283.817883
58.916997, 285.514904
59.442866, 287.211722
59.966822, 288.908343
60.488827, 290.604771
61.008842, 292.301011
61.526830, 293.997069
62.042753, 295.692948
62.556573, 297.388654
63.068252, 299.084191
63.577752, 300.779563
64.085036, 302.474773
64.590067, 304.169827
65.092808, 305.864727
65.593221, 307.559477
66.091271, 309.254081
66.586921, 310.948542
67.080134, 312.642863
67.570874, 314.337048
68.059105, 316.031100
68.544791, 317.725021
69.027897, 319.418815
69.508388, 321.112483
69.986227, 322.806030
70.461380, 324.499457
70.933813, 326.192767
71.403489, 327.885962
71.870376, 329.579045
72.334439, 331.272018
72.795643, 332.964883
##END=
