##TITLE= Parameter file, TopSpin 4.3.0
##JCAMPDX= 5.0
##DATATYPE= Parameter Values
##ORIGIN= Bruker BioSpin GmbH
##OWNER= nmrsu
$$ 2024-05-09 14:32:46.618 +0100  nmrsu@4CE1161FJM
$$ C:/Bruker/TopSpin4.3.0/exp/stan/nmr/lists/wave/user/multisupp_aux_d8
$$ process C:\Bruker\TopSpin4.3.0\prog\mod\xwinshape.exe
##MINX= 0.37871100
##MAXX= 99.99938900
##MINY= 0.32500600
##MAXY= 359.67499400
##$SHAPE_ADDPHASE= 0
##$SHAPE_AMP= 99.99938937
##$SHAPE_BWFAC= 0
##$SHAPE_BWFAC50= 0
##$SHAPE_CALCBW= yes
##$SHAPE_CALCINTEG= yes
##$SHAPE_EXMODE= <Excitation>
##$SHAPE_EXPAND= <>
##$SHAPE_EXPANDCF= (0..143)
0 0 0 0 0 0 0 0 0 0 0 0 0 0 0 0 0 0 0 0 0 0 0 0 0 0 0 0 0 0 0 0 0 0 0 0
0 0 0 0 0 0 0 0 0 0 0 0 0 0 0 0 0 0 0 0 0 0 0 0 0 0 0 0 0 0 0 0 0 0 0 0
0 0 0 0 0 0 0 0 0 0 0 0 0 0 0 0 0 0 0 0 0 0 0 0 0 0 0 0 0 0 0 0 0 0 0 0
0 0 0 0 0 0 0 0 0 0 0 0 0 0 0 0 0 0 0 0 0 0 0 0 0 0 0 0 0 0 0 0 0 0 0 0
##$SHAPE_EXPFAC= 0
##$SHAPE_FRACEND= 0
##$SHAPE_FRACORG= 0
##$SHAPE_FRACSTART= 0
##$SHAPE_INTEGFAC= 0
##$SHAPE_KEEPRES= yes
##$SHAPE_LENGTH= 25000.000373
##$SHAPE_MAN= <M>
##$SHAPE_MODE= 3
##$SHAPE_MODFREQ= 0
##$SHAPE_MODPHASE= 0
##$SHAPE_MODSCALE= 0
##$SHAPE_MODSW= 0
##$SHAPE_MODSWDIR= -1
##$SHAPE_NPOINTS= 1250
##$SHAPE_OFFS= <1 3>
##$SHAPE_OFFSCOEFF= (0..95)
-159.92416 0 100 -227.68225 0 100 -296.16254 0 100 0 0 0 0 0 0 0 0 0 0
0 0 0 0 0 0 0 0 0 0 0 0 0 0 0 0 0 0 0 0 0 0 0 0 0 0 0 0 0 0 0 0 0 0 0 0
0 0 0 0 0 0 0 0 0 0 0 0 0 0 0 0 0 0 0 0 0 0 0 0 0 0 0 0 0 0 0 0 0 0 0 0
0 0 0 0 0
##$SHAPE_PARAMETER= <>
##$SHAPE_REPHFAC= 0
##$SHAPE_RES= 0
##$SHAPE_SCALEFAC= 1.00000611
##$SHAPE_SCALETYPE= 0
##$SHAPE_SPOAL= 0
##$SHAPE_SPOFFS= 0
##$SHAPE_SPOPH= 0
##$SHAPE_TOTROT= 90
##$SHAPE_TYPE= <Excitation>
##$SHAPE_USER_DEF= <>
##$SHAPE_VERSION= 2.1
##$SHL_ADDPHASE= (0..15)
0 0 0 0 0 0 0 0 0 0 0 0 0 0 0 0
##$SHL_ALIGNOFFSET= (0..15)
0 0 0 0 0 0 0 0 0 0 0 0 0 0 0 0
##$SHL_AMP= (0..15)
100 0 0 0 0 0 0 0 0 0 0 0 0 0 0 0
##$SHL_AMPFAC= (0..15)
0 0 0 0 0 0 0 0 0 0 0 0 0 0 0 0
##$SHL_BETA= (0..15)
0 0 0 0 0 0 0 0 0 0 0 0 0 0 0 0
##$SHL_BWFAC= (0..15)
1.116 0 0 0 0 0 0 0 0 0 0 0 0 0 0 0
##$SHL_CALCBW= (0..15)
yes yes yes yes yes yes yes yes yes yes yes yes yes yes yes yes
##$SHL_CALCINTEG= (0..15)
yes yes yes yes yes yes yes yes yes yes yes yes yes yes yes yes
##$SHL_CENTERAMP= (0..15)
0 0 0 0 0 0 0 0 0 0 0 0 0 0 0 0
##$SHL_CYCNUM= (0..15)
0 0 0 0 0 0 0 0 0 0 0 0 0 0 0 0
##$SHL_DIPOLCPL= (0..15)
0 0 0 0 0 0 0 0 0 0 0 0 0 0 0 0
##$SHL_ENDAMP= (0..15)
0 0 0 0 0 0 0 0 0 0 0 0 0 0 0 0
##$SHL_EXMODE= (0..15)
<Excitation> <> <> <> <> <> <> <> <> <> <> <> <> <> <> <>
##$SHL_EXPAND= (0..15)
<> <> <> <> <> <> <> <> <> <> <> <> <> <> <> <>
##$SHL_EXPANDCF0= (0..143)
0 0 0 0 0 0 0 0 0 0 0 0 0 0 0 0 0 0 0 0 0 0 0 0 0 0 0 0 0 0 0 0 0 0 0 0
0 0 0 0 0 0 0 0 0 0 0 0 0 0 0 0 0 0 0 0 0 0 0 0 0 0 0 0 0 0 0 0 0 0 0 0
0 0 0 0 0 0 0 0 0 0 0 0 0 0 0 0 0 0 0 0 0 0 0 0 0 0 0 0 0 0 0 0 0 0 0 0
0 0 0 0 0 0 0 0 0 0 0 0 0 0 0 0 0 0 0 0 0 0 0 0 0 0 0 0 0 0 0 0 0 0 0 0
##$SHL_EXPANDCF1= (0..143)
0 0 0 0 0 0 0 0 0 0 0 0 0 0 0 0 0 0 0 0 0 0 0 0 0 0 0 0 0 0 0 0 0 0 0 0
0 0 0 0 0 0 0 0 0 0 0 0 0 0 0 0 0 0 0 0 0 0 0 0 0 0 0 0 0 0 0 0 0 0 0 0
0 0 0 0 0 0 0 0 0 0 0 0 0 0 0 0 0 0 0 0 0 0 0 0 0 0 0 0 0 0 0 0 0 0 0 0
0 0 0 0 0 0 0 0 0 0 0 0 0 0 0 0 0 0 0 0 0 0 0 0 0 0 0 0 0 0 0 0 0 0 0 0
##$SHL_EXPANDCF10= (0..143)
0 0 0 0 0 0 0 0 0 0 0 0 0 0 0 0 0 0 0 0 0 0 0 0 0 0 0 0 0 0 0 0 0 0 0 0
0 0 0 0 0 0 0 0 0 0 0 0 0 0 0 0 0 0 0 0 0 0 0 0 0 0 0 0 0 0 0 0 0 0 0 0
0 0 0 0 0 0 0 0 0 0 0 0 0 0 0 0 0 0 0 0 0 0 0 0 0 0 0 0 0 0 0 0 0 0 0 0
0 0 0 0 0 0 0 0 0 0 0 0 0 0 0 0 0 0 0 0 0 0 0 0 0 0 0 0 0 0 0 0 0 0 0 0
##$SHL_EXPANDCF11= (0..143)
0 0 0 0 0 0 0 0 0 0 0 0 0 0 0 0 0 0 0 0 0 0 0 0 0 0 0 0 0 0 0 0 0 0 0 0
0 0 0 0 0 0 0 0 0 0 0 0 0 0 0 0 0 0 0 0 0 0 0 0 0 0 0 0 0 0 0 0 0 0 0 0
0 0 0 0 0 0 0 0 0 0 0 0 0 0 0 0 0 0 0 0 0 0 0 0 0 0 0 0 0 0 0 0 0 0 0 0
0 0 0 0 0 0 0 0 0 0 0 0 0 0 0 0 0 0 0 0 0 0 0 0 0 0 0 0 0 0 0 0 0 0 0 0
##$SHL_EXPANDCF12= (0..143)
0 0 0 0 0 0 0 0 0 0 0 0 0 0 0 0 0 0 0 0 0 0 0 0 0 0 0 0 0 0 0 0 0 0 0 0
0 0 0 0 0 0 0 0 0 0 0 0 0 0 0 0 0 0 0 0 0 0 0 0 0 0 0 0 0 0 0 0 0 0 0 0
0 0 0 0 0 0 0 0 0 0 0 0 0 0 0 0 0 0 0 0 0 0 0 0 0 0 0 0 0 0 0 0 0 0 0 0
0 0 0 0 0 0 0 0 0 0 0 0 0 0 0 0 0 0 0 0 0 0 0 0 0 0 0 0 0 0 0 0 0 0 0 0
##$SHL_EXPANDCF13= (0..143)
0 0 0 0 0 0 0 0 0 0 0 0 0 0 0 0 0 0 0 0 0 0 0 0 0 0 0 0 0 0 0 0 0 0 0 0
0 0 0 0 0 0 0 0 0 0 0 0 0 0 0 0 0 0 0 0 0 0 0 0 0 0 0 0 0 0 0 0 0 0 0 0
0 0 0 0 0 0 0 0 0 0 0 0 0 0 0 0 0 0 0 0 0 0 0 0 0 0 0 0 0 0 0 0 0 0 0 0
0 0 0 0 0 0 0 0 0 0 0 0 0 0 0 0 0 0 0 0 0 0 0 0 0 0 0 0 0 0 0 0 0 0 0 0
##$SHL_EXPANDCF14= (0..143)
0 0 0 0 0 0 0 0 0 0 0 0 0 0 0 0 0 0 0 0 0 0 0 0 0 0 0 0 0 0 0 0 0 0 0 0
0 0 0 0 0 0 0 0 0 0 0 0 0 0 0 0 0 0 0 0 0 0 0 0 0 0 0 0 0 0 0 0 0 0 0 0
0 0 0 0 0 0 0 0 0 0 0 0 0 0 0 0 0 0 0 0 0 0 0 0 0 0 0 0 0 0 0 0 0 0 0 0
0 0 0 0 0 0 0 0 0 0 0 0 0 0 0 0 0 0 0 0 0 0 0 0 0 0 0 0 0 0 0 0 0 0 0 0
##$SHL_EXPANDCF15= (0..143)
0 0 0 0 0 0 0 0 0 0 0 0 0 0 0 0 0 0 0 0 0 0 0 0 0 0 0 0 0 0 0 0 0 0 0 0
0 0 0 0 0 0 0 0 0 0 0 0 0 0 0 0 0 0 0 0 0 0 0 0 0 0 0 0 0 0 0 0 0 0 0 0
0 0 0 0 0 0 0 0 0 0 0 0 0 0 0 0 0 0 0 0 0 0 0 0 0 0 0 0 0 0 0 0 0 0 0 0
0 0 0 0 0 0 0 0 0 0 0 0 0 0 0 0 0 0 0 0 0 0 0 0 0 0 0 0 0 0 0 0 0 0 0 0
##$SHL_EXPANDCF2= (0..143)
0 0 0 0 0 0 0 0 0 0 0 0 0 0 0 0 0 0 0 0 0 0 0 0 0 0 0 0 0 0 0 0 0 0 0 0
0 0 0 0 0 0 0 0 0 0 0 0 0 0 0 0 0 0 0 0 0 0 0 0 0 0 0 0 0 0 0 0 0 0 0 0
0 0 0 0 0 0 0 0 0 0 0 0 0 0 0 0 0 0 0 0 0 0 0 0 0 0 0 0 0 0 0 0 0 0 0 0
0 0 0 0 0 0 0 0 0 0 0 0 0 0 0 0 0 0 0 0 0 0 0 0 0 0 0 0 0 0 0 0 0 0 0 0
##$SHL_EXPANDCF3= (0..143)
0 0 0 0 0 0 0 0 0 0 0 0 0 0 0 0 0 0 0 0 0 0 0 0 0 0 0 0 0 0 0 0 0 0 0 0
0 0 0 0 0 0 0 0 0 0 0 0 0 0 0 0 0 0 0 0 0 0 0 0 0 0 0 0 0 0 0 0 0 0 0 0
0 0 0 0 0 0 0 0 0 0 0 0 0 0 0 0 0 0 0 0 0 0 0 0 0 0 0 0 0 0 0 0 0 0 0 0
0 0 0 0 0 0 0 0 0 0 0 0 0 0 0 0 0 0 0 0 0 0 0 0 0 0 0 0 0 0 0 0 0 0 0 0
##$SHL_EXPANDCF4= (0..143)
0 0 0 0 0 0 0 0 0 0 0 0 0 0 0 0 0 0 0 0 0 0 0 0 0 0 0 0 0 0 0 0 0 0 0 0
0 0 0 0 0 0 0 0 0 0 0 0 0 0 0 0 0 0 0 0 0 0 0 0 0 0 0 0 0 0 0 0 0 0 0 0
0 0 0 0 0 0 0 0 0 0 0 0 0 0 0 0 0 0 0 0 0 0 0 0 0 0 0 0 0 0 0 0 0 0 0 0
0 0 0 0 0 0 0 0 0 0 0 0 0 0 0 0 0 0 0 0 0 0 0 0 0 0 0 0 0 0 0 0 0 0 0 0
##$SHL_EXPANDCF5= (0..143)
0 0 0 0 0 0 0 0 0 0 0 0 0 0 0 0 0 0 0 0 0 0 0 0 0 0 0 0 0 0 0 0 0 0 0 0
0 0 0 0 0 0 0 0 0 0 0 0 0 0 0 0 0 0 0 0 0 0 0 0 0 0 0 0 0 0 0 0 0 0 0 0
0 0 0 0 0 0 0 0 0 0 0 0 0 0 0 0 0 0 0 0 0 0 0 0 0 0 0 0 0 0 0 0 0 0 0 0
0 0 0 0 0 0 0 0 0 0 0 0 0 0 0 0 0 0 0 0 0 0 0 0 0 0 0 0 0 0 0 0 0 0 0 0
##$SHL_EXPANDCF6= (0..143)
0 0 0 0 0 0 0 0 0 0 0 0 0 0 0 0 0 0 0 0 0 0 0 0 0 0 0 0 0 0 0 0 0 0 0 0
0 0 0 0 0 0 0 0 0 0 0 0 0 0 0 0 0 0 0 0 0 0 0 0 0 0 0 0 0 0 0 0 0 0 0 0
0 0 0 0 0 0 0 0 0 0 0 0 0 0 0 0 0 0 0 0 0 0 0 0 0 0 0 0 0 0 0 0 0 0 0 0
0 0 0 0 0 0 0 0 0 0 0 0 0 0 0 0 0 0 0 0 0 0 0 0 0 0 0 0 0 0 0 0 0 0 0 0
##$SHL_EXPANDCF7= (0..143)
0 0 0 0 0 0 0 0 0 0 0 0 0 0 0 0 0 0 0 0 0 0 0 0 0 0 0 0 0 0 0 0 0 0 0 0
0 0 0 0 0 0 0 0 0 0 0 0 0 0 0 0 0 0 0 0 0 0 0 0 0 0 0 0 0 0 0 0 0 0 0 0
0 0 0 0 0 0 0 0 0 0 0 0 0 0 0 0 0 0 0 0 0 0 0 0 0 0 0 0 0 0 0 0 0 0 0 0
0 0 0 0 0 0 0 0 0 0 0 0 0 0 0 0 0 0 0 0 0 0 0 0 0 0 0 0 0 0 0 0 0 0 0 0
##$SHL_EXPANDCF8= (0..143)
0 0 0 0 0 0 0 0 0 0 0 0 0 0 0 0 0 0 0 0 0 0 0 0 0 0 0 0 0 0 0 0 0 0 0 0
0 0 0 0 0 0 0 0 0 0 0 0 0 0 0 0 0 0 0 0 0 0 0 0 0 0 0 0 0 0 0 0 0 0 0 0
0 0 0 0 0 0 0 0 0 0 0 0 0 0 0 0 0 0 0 0 0 0 0 0 0 0 0 0 0 0 0 0 0 0 0 0
0 0 0 0 0 0 0 0 0 0 0 0 0 0 0 0 0 0 0 0 0 0 0 0 0 0 0 0 0 0 0 0 0 0 0 0
##$SHL_EXPANDCF9= (0..143)
0 0 0 0 0 0 0 0 0 0 0 0 0 0 0 0 0 0 0 0 0 0 0 0 0 0 0 0 0 0 0 0 0 0 0 0
0 0 0 0 0 0 0 0 0 0 0 0 0 0 0 0 0 0 0 0 0 0 0 0 0 0 0 0 0 0 0 0 0 0 0 0
0 0 0 0 0 0 0 0 0 0 0 0 0 0 0 0 0 0 0 0 0 0 0 0 0 0 0 0 0 0 0 0 0 0 0 0
0 0 0 0 0 0 0 0 0 0 0 0 0 0 0 0 0 0 0 0 0 0 0 0 0 0 0 0 0 0 0 0 0 0 0 0
##$SHL_EXPFAC= (0..15)
0 0 0 0 0 0 0 0 0 0 0 0 0 0 0 0
##$SHL_FRACEND= (0..15)
0 0 0 0 0 0 0 0 0 0 0 0 0 0 0 0
##$SHL_FRACORG= (0..15)
0 0 0 0 0 0 0 0 0 0 0 0 0 0 0 0
##$SHL_FRACSTART= (0..15)
0 0 0 0 0 0 0 0 0 0 0 0 0 0 0 0
##$SHL_FULLHALF= (0..15)
0 0 0 0 0 0 0 0 0 0 0 0 0 0 0 0
##$SHL_FUNCAMP= (0..15)
100 0 0 0 0 0 0 0 0 0 0 0 0 0 0 0
##$SHL_FUNCTION= (0..15)
<Rectangle> <> <> <> <> <> <> <> <> <> <> <> <> <> <> <>
##$SHL_GCO= (0..15)
<> <> <> <> <> <> <> <> <> <> <> <> <> <> <> <>
##$SHL_GCOCOEFFS0= (0..59)
0 0 0 0 0 0 0 0 0 0 0 0 0 0 0 0 0 0 0 0 0 0 0 0 0 0 0 0 0 0 0 0 0 0 0 0
0 0 0 0 0 0 0 0 0 0 0 0 0 0 0 0 0 0 0 0 0 0 0 0
##$SHL_GCOCOEFFS1= (0..59)
0 0 0 0 0 0 0 0 0 0 0 0 0 0 0 0 0 0 0 0 0 0 0 0 0 0 0 0 0 0 0 0 0 0 0 0
0 0 0 0 0 0 0 0 0 0 0 0 0 0 0 0 0 0 0 0 0 0 0 0
##$SHL_GCOCOEFFS10= (0..59)
0 0 0 0 0 0 0 0 0 0 0 0 0 0 0 0 0 0 0 0 0 0 0 0 0 0 0 0 0 0 0 0 0 0 0 0
0 0 0 0 0 0 0 0 0 0 0 0 0 0 0 0 0 0 0 0 0 0 0 0
##$SHL_GCOCOEFFS11= (0..59)
0 0 0 0 0 0 0 0 0 0 0 0 0 0 0 0 0 0 0 0 0 0 0 0 0 0 0 0 0 0 0 0 0 0 0 0
0 0 0 0 0 0 0 0 0 0 0 0 0 0 0 0 0 0 0 0 0 0 0 0
##$SHL_GCOCOEFFS12= (0..59)
0 0 0 0 0 0 0 0 0 0 0 0 0 0 0 0 0 0 0 0 0 0 0 0 0 0 0 0 0 0 0 0 0 0 0 0
0 0 0 0 0 0 0 0 0 0 0 0 0 0 0 0 0 0 0 0 0 0 0 0
##$SHL_GCOCOEFFS13= (0..59)
0 0 0 0 0 0 0 0 0 0 0 0 0 0 0 0 0 0 0 0 0 0 0 0 0 0 0 0 0 0 0 0 0 0 0 0
0 0 0 0 0 0 0 0 0 0 0 0 0 0 0 0 0 0 0 0 0 0 0 0
##$SHL_GCOCOEFFS14= (0..59)
0 0 0 0 0 0 0 0 0 0 0 0 0 0 0 0 0 0 0 0 0 0 0 0 0 0 0 0 0 0 0 0 0 0 0 0
0 0 0 0 0 0 0 0 0 0 0 0 0 0 0 0 0 0 0 0 0 0 0 0
##$SHL_GCOCOEFFS15= (0..59)
0 0 0 0 0 0 0 0 0 0 0 0 0 0 0 0 0 0 0 0 0 0 0 0 0 0 0 0 0 0 0 0 0 0 0 0
0 0 0 0 0 0 0 0 0 0 0 0 0 0 0 0 0 0 0 0 0 0 0 0
##$SHL_GCOCOEFFS2= (0..59)
0 0 0 0 0 0 0 0 0 0 0 0 0 0 0 0 0 0 0 0 0 0 0 0 0 0 0 0 0 0 0 0 0 0 0 0
0 0 0 0 0 0 0 0 0 0 0 0 0 0 0 0 0 0 0 0 0 0 0 0
##$SHL_GCOCOEFFS3= (0..59)
0 0 0 0 0 0 0 0 0 0 0 0 0 0 0 0 0 0 0 0 0 0 0 0 0 0 0 0 0 0 0 0 0 0 0 0
0 0 0 0 0 0 0 0 0 0 0 0 0 0 0 0 0 0 0 0 0 0 0 0
##$SHL_GCOCOEFFS4= (0..59)
0 0 0 0 0 0 0 0 0 0 0 0 0 0 0 0 0 0 0 0 0 0 0 0 0 0 0 0 0 0 0 0 0 0 0 0
0 0 0 0 0 0 0 0 0 0 0 0 0 0 0 0 0 0 0 0 0 0 0 0
##$SHL_GCOCOEFFS5= (0..59)
0 0 0 0 0 0 0 0 0 0 0 0 0 0 0 0 0 0 0 0 0 0 0 0 0 0 0 0 0 0 0 0 0 0 0 0
0 0 0 0 0 0 0 0 0 0 0 0 0 0 0 0 0 0 0 0 0 0 0 0
##$SHL_GCOCOEFFS6= (0..59)
0 0 0 0 0 0 0 0 0 0 0 0 0 0 0 0 0 0 0 0 0 0 0 0 0 0 0 0 0 0 0 0 0 0 0 0
0 0 0 0 0 0 0 0 0 0 0 0 0 0 0 0 0 0 0 0 0 0 0 0
##$SHL_GCOCOEFFS7= (0..59)
0 0 0 0 0 0 0 0 0 0 0 0 0 0 0 0 0 0 0 0 0 0 0 0 0 0 0 0 0 0 0 0 0 0 0 0
0 0 0 0 0 0 0 0 0 0 0 0 0 0 0 0 0 0 0 0 0 0 0 0
##$SHL_GCOCOEFFS8= (0..59)
0 0 0 0 0 0 0 0 0 0 0 0 0 0 0 0 0 0 0 0 0 0 0 0 0 0 0 0 0 0 0 0 0 0 0 0
0 0 0 0 0 0 0 0 0 0 0 0 0 0 0 0 0 0 0 0 0 0 0 0
##$SHL_GCOCOEFFS9= (0..59)
0 0 0 0 0 0 0 0 0 0 0 0 0 0 0 0 0 0 0 0 0 0 0 0 0 0 0 0 0 0 0 0 0 0 0 0
0 0 0 0 0 0 0 0 0 0 0 0 0 0 0 0 0 0 0 0 0 0 0 0
##$SHL_INTEGFAC= (0..15)
1 0 0 0 0 0 0 0 0 0 0 0 0 0 0 0
##$SHL_LB= (0..15)
0 0 0 0 0 0 0 0 0 0 0 0 0 0 0 0
##$SHL_LEFTLIMIT= (0..15)
0 0 0 0 0 0 0 0 0 0 0 0 0 0 0 0
##$SHL_LENGTH= (0..15)
25000.000373 0 0 0 0 0 0 0 0 0 0 0 0 0 0 0
##$SHL_MAN= (0..15)
<> <> <> <> <> <> <> <> <> <> <> <> <> <> <> <>
##$SHL_MEANAMP= (0..15)
0 0 0 0 0 0 0 0 0 0 0 0 0 0 0 0
##$SHL_MODAMP= (0..15)
0 0 0 0 0 0 0 0 0 0 0 0 0 0 0 0
##$SHL_MODE= (0..15)
0 0 0 0 0 0 0 0 0 0 0 0 0 0 0 0
##$SHL_MODFREQ= (0..15)
0 0 0 0 0 0 0 0 0 0 0 0 0 0 0 0
##$SHL_MODPHASE= (0..15)
0 0 0 0 0 0 0 0 0 0 0 0 0 0 0 0
##$SHL_MODSCALE= (0..15)
0 0 0 0 0 0 0 0 0 0 0 0 0 0 0 0
##$SHL_MODSW= (0..15)
0 0 0 0 0 0 0 0 0 0 0 0 0 0 0 0
##$SHL_MODSWDIR= (0..15)
-1 -1 -1 -1 -1 -1 -1 -1 -1 -1 -1 -1 -1 -1 -1 -1
##$SHL_MU= (0..15)
0 0 0 0 0 0 0 0 0 0 0 0 0 0 0 0
##$SHL_NPOINTS= (0..15)
1250 0 0 0 0 0 0 0 0 0 0 0 0 0 0 0
##$SHL_OFFS= (0..15)
<> <> <> <> <> <> <> <> <> <> <> <> <> <> <> <>
##$SHL_OFFSCOEFF0= (0..95)
0 0 0 0 0 0 0 0 0 0 0 0 0 0 0 0 0 0 0 0 0 0 0 0 0 0 0 0 0 0 0 0 0 0 0 0
0 0 0 0 0 0 0 0 0 0 0 0 0 0 0 0 0 0 0 0 0 0 0 0 0 0 0 0 0 0 0 0 0 0 0 0
0 0 0 0 0 0 0 0 0 0 0 0 0 0 0 0 0 0 0 0 0 0 0 0
##$SHL_OFFSCOEFF1= (0..95)
0 0 0 0 0 0 0 0 0 0 0 0 0 0 0 0 0 0 0 0 0 0 0 0 0 0 0 0 0 0 0 0 0 0 0 0
0 0 0 0 0 0 0 0 0 0 0 0 0 0 0 0 0 0 0 0 0 0 0 0 0 0 0 0 0 0 0 0 0 0 0 0
0 0 0 0 0 0 0 0 0 0 0 0 0 0 0 0 0 0 0 0 0 0 0 0
##$SHL_OFFSCOEFF10= (0..95)
0 0 0 0 0 0 0 0 0 0 0 0 0 0 0 0 0 0 0 0 0 0 0 0 0 0 0 0 0 0 0 0 0 0 0 0
0 0 0 0 0 0 0 0 0 0 0 0 0 0 0 0 0 0 0 0 0 0 0 0 0 0 0 0 0 0 0 0 0 0 0 0
0 0 0 0 0 0 0 0 0 0 0 0 0 0 0 0 0 0 0 0 0 0 0 0
##$SHL_OFFSCOEFF11= (0..95)
0 0 0 0 0 0 0 0 0 0 0 0 0 0 0 0 0 0 0 0 0 0 0 0 0 0 0 0 0 0 0 0 0 0 0 0
0 0 0 0 0 0 0 0 0 0 0 0 0 0 0 0 0 0 0 0 0 0 0 0 0 0 0 0 0 0 0 0 0 0 0 0
0 0 0 0 0 0 0 0 0 0 0 0 0 0 0 0 0 0 0 0 0 0 0 0
##$SHL_OFFSCOEFF12= (0..95)
0 0 0 0 0 0 0 0 0 0 0 0 0 0 0 0 0 0 0 0 0 0 0 0 0 0 0 0 0 0 0 0 0 0 0 0
0 0 0 0 0 0 0 0 0 0 0 0 0 0 0 0 0 0 0 0 0 0 0 0 0 0 0 0 0 0 0 0 0 0 0 0
0 0 0 0 0 0 0 0 0 0 0 0 0 0 0 0 0 0 0 0 0 0 0 0
##$SHL_OFFSCOEFF13= (0..95)
0 0 0 0 0 0 0 0 0 0 0 0 0 0 0 0 0 0 0 0 0 0 0 0 0 0 0 0 0 0 0 0 0 0 0 0
0 0 0 0 0 0 0 0 0 0 0 0 0 0 0 0 0 0 0 0 0 0 0 0 0 0 0 0 0 0 0 0 0 0 0 0
0 0 0 0 0 0 0 0 0 0 0 0 0 0 0 0 0 0 0 0 0 0 0 0
##$SHL_OFFSCOEFF14= (0..95)
0 0 0 0 0 0 0 0 0 0 0 0 0 0 0 0 0 0 0 0 0 0 0 0 0 0 0 0 0 0 0 0 0 0 0 0
0 0 0 0 0 0 0 0 0 0 0 0 0 0 0 0 0 0 0 0 0 0 0 0 0 0 0 0 0 0 0 0 0 0 0 0
0 0 0 0 0 0 0 0 0 0 0 0 0 0 0 0 0 0 0 0 0 0 0 0
##$SHL_OFFSCOEFF15= (0..95)
0 0 0 0 0 0 0 0 0 0 0 0 0 0 0 0 0 0 0 0 0 0 0 0 0 0 0 0 0 0 0 0 0 0 0 0
0 0 0 0 0 0 0 0 0 0 0 0 0 0 0 0 0 0 0 0 0 0 0 0 0 0 0 0 0 0 0 0 0 0 0 0
0 0 0 0 0 0 0 0 0 0 0 0 0 0 0 0 0 0 0 0 0 0 0 0
##$SHL_OFFSCOEFF2= (0..95)
0 0 0 0 0 0 0 0 0 0 0 0 0 0 0 0 0 0 0 0 0 0 0 0 0 0 0 0 0 0 0 0 0 0 0 0
0 0 0 0 0 0 0 0 0 0 0 0 0 0 0 0 0 0 0 0 0 0 0 0 0 0 0 0 0 0 0 0 0 0 0 0
0 0 0 0 0 0 0 0 0 0 0 0 0 0 0 0 0 0 0 0 0 0 0 0
##$SHL_OFFSCOEFF3= (0..95)
0 0 0 0 0 0 0 0 0 0 0 0 0 0 0 0 0 0 0 0 0 0 0 0 0 0 0 0 0 0 0 0 0 0 0 0
0 0 0 0 0 0 0 0 0 0 0 0 0 0 0 0 0 0 0 0 0 0 0 0 0 0 0 0 0 0 0 0 0 0 0 0
0 0 0 0 0 0 0 0 0 0 0 0 0 0 0 0 0 0 0 0 0 0 0 0
##$SHL_OFFSCOEFF4= (0..95)
0 0 0 0 0 0 0 0 0 0 0 0 0 0 0 0 0 0 0 0 0 0 0 0 0 0 0 0 0 0 0 0 0 0 0 0
0 0 0 0 0 0 0 0 0 0 0 0 0 0 0 0 0 0 0 0 0 0 0 0 0 0 0 0 0 0 0 0 0 0 0 0
0 0 0 0 0 0 0 0 0 0 0 0 0 0 0 0 0 0 0 0 0 0 0 0
##$SHL_OFFSCOEFF5= (0..95)
0 0 0 0 0 0 0 0 0 0 0 0 0 0 0 0 0 0 0 0 0 0 0 0 0 0 0 0 0 0 0 0 0 0 0 0
0 0 0 0 0 0 0 0 0 0 0 0 0 0 0 0 0 0 0 0 0 0 0 0 0 0 0 0 0 0 0 0 0 0 0 0
0 0 0 0 0 0 0 0 0 0 0 0 0 0 0 0 0 0 0 0 0 0 0 0
##$SHL_OFFSCOEFF6= (0..95)
0 0 0 0 0 0 0 0 0 0 0 0 0 0 0 0 0 0 0 0 0 0 0 0 0 0 0 0 0 0 0 0 0 0 0 0
0 0 0 0 0 0 0 0 0 0 0 0 0 0 0 0 0 0 0 0 0 0 0 0 0 0 0 0 0 0 0 0 0 0 0 0
0 0 0 0 0 0 0 0 0 0 0 0 0 0 0 0 0 0 0 0 0 0 0 0
##$SHL_OFFSCOEFF7= (0..95)
0 0 0 0 0 0 0 0 0 0 0 0 0 0 0 0 0 0 0 0 0 0 0 0 0 0 0 0 0 0 0 0 0 0 0 0
0 0 0 0 0 0 0 0 0 0 0 0 0 0 0 0 0 0 0 0 0 0 0 0 0 0 0 0 0 0 0 0 0 0 0 0
0 0 0 0 0 0 0 0 0 0 0 0 0 0 0 0 0 0 0 0 0 0 0 0
##$SHL_OFFSCOEFF8= (0..95)
0 0 0 0 0 0 0 0 0 0 0 0 0 0 0 0 0 0 0 0 0 0 0 0 0 0 0 0 0 0 0 0 0 0 0 0
0 0 0 0 0 0 0 0 0 0 0 0 0 0 0 0 0 0 0 0 0 0 0 0 0 0 0 0 0 0 0 0 0 0 0 0
0 0 0 0 0 0 0 0 0 0 0 0 0 0 0 0 0 0 0 0 0 0 0 0
##$SHL_OFFSCOEFF9= (0..95)
0 0 0 0 0 0 0 0 0 0 0 0 0 0 0 0 0 0 0 0 0 0 0 0 0 0 0 0 0 0 0 0 0 0 0 0
0 0 0 0 0 0 0 0 0 0 0 0 0 0 0 0 0 0 0 0 0 0 0 0 0 0 0 0 0 0 0 0 0 0 0 0
0 0 0 0 0 0 0 0 0 0 0 0 0 0 0 0 0 0 0 0 0 0 0 0
##$SHL_PHASE= (0..15)
0 0 0 0 0 0 0 0 0 0 0 0 0 0 0 0
##$SHL_PHASEFAC= (0..15)
0 0 0 0 0 0 0 0 0 0 0 0 0 0 0 0
##$SHL_POWERINDEX= (0..15)
0 0 0 0 0 0 0 0 0 0 0 0 0 0 0 0
##$SHL_QUADCOEFF= (0..15)
0 0 0 0 0 0 0 0 0 0 0 0 0 0 0 0
##$SHL_RIGHTLIMIT= (0..15)
0 0 0 0 0 0 0 0 0 0 0 0 0 0 0 0
##$SHL_SCALEFACTOR= (0..15)
1 1 1 1 1 1 1 1 1 1 1 1 1 1 1 1
##$SHL_SF= (0..15)
<> <> <> <> <> <> <> <> <> <> <> <> <> <> <> <>
##$SHL_SFCOEFFS0= (0..200)
0 0 0 0 0 0 0 0 0 0 0 0 0 0 0 0 0 0 0 0 0 0 0 0 0 0 0 0 0 0 0 0 0 0 0 0
0 0 0 0 0 0 0 0 0 0 0 0 0 0 0 0 0 0 0 0 0 0 0 0 0 0 0 0 0 0 0 0 0 0 0 0
0 0 0 0 0 0 0 0 0 0 0 0 0 0 0 0 0 0 0 0 0 0 0 0 0 0 0 0 0 0 0 0 0 0 0 0
0 0 0 0 0 0 0 0 0 0 0 0 0 0 0 0 0 0 0 0 0 0 0 0 0 0 0 0 0 0 0 0 0 0 0 0
0 0 0 0 0 0 0 0 0 0 0 0 0 0 0 0 0 0 0 0 0 0 0 0 0 0 0 0 0 0 0 0 0 0 0 0
0 0 0 0 0 0 0 0 0 0 0 0 0 0 0 0 0 0 0 0 0
##$SHL_SFCOEFFS1= (0..200)
0 0 0 0 0 0 0 0 0 0 0 0 0 0 0 0 0 0 0 0 0 0 0 0 0 0 0 0 0 0 0 0 0 0 0 0
0 0 0 0 0 0 0 0 0 0 0 0 0 0 0 0 0 0 0 0 0 0 0 0 0 0 0 0 0 0 0 0 0 0 0 0
0 0 0 0 0 0 0 0 0 0 0 0 0 0 0 0 0 0 0 0 0 0 0 0 0 0 0 0 0 0 0 0 0 0 0 0
0 0 0 0 0 0 0 0 0 0 0 0 0 0 0 0 0 0 0 0 0 0 0 0 0 0 0 0 0 0 0 0 0 0 0 0
0 0 0 0 0 0 0 0 0 0 0 0 0 0 0 0 0 0 0 0 0 0 0 0 0 0 0 0 0 0 0 0 0 0 0 0
0 0 0 0 0 0 0 0 0 0 0 0 0 0 0 0 0 0 0 0 0
##$SHL_SFCOEFFS10= (0..200)
0 0 0 0 0 0 0 0 0 0 0 0 0 0 0 0 0 0 0 0 0 0 0 0 0 0 0 0 0 0 0 0 0 0 0 0
0 0 0 0 0 0 0 0 0 0 0 0 0 0 0 0 0 0 0 0 0 0 0 0 0 0 0 0 0 0 0 0 0 0 0 0
0 0 0 0 0 0 0 0 0 0 0 0 0 0 0 0 0 0 0 0 0 0 0 0 0 0 0 0 0 0 0 0 0 0 0 0
0 0 0 0 0 0 0 0 0 0 0 0 0 0 0 0 0 0 0 0 0 0 0 0 0 0 0 0 0 0 0 0 0 0 0 0
0 0 0 0 0 0 0 0 0 0 0 0 0 0 0 0 0 0 0 0 0 0 0 0 0 0 0 0 0 0 0 0 0 0 0 0
0 0 0 0 0 0 0 0 0 0 0 0 0 0 0 0 0 0 0 0 0
##$SHL_SFCOEFFS11= (0..200)
0 0 0 0 0 0 0 0 0 0 0 0 0 0 0 0 0 0 0 0 0 0 0 0 0 0 0 0 0 0 0 0 0 0 0 0
0 0 0 0 0 0 0 0 0 0 0 0 0 0 0 0 0 0 0 0 0 0 0 0 0 0 0 0 0 0 0 0 0 0 0 0
0 0 0 0 0 0 0 0 0 0 0 0 0 0 0 0 0 0 0 0 0 0 0 0 0 0 0 0 0 0 0 0 0 0 0 0
0 0 0 0 0 0 0 0 0 0 0 0 0 0 0 0 0 0 0 0 0 0 0 0 0 0 0 0 0 0 0 0 0 0 0 0
0 0 0 0 0 0 0 0 0 0 0 0 0 0 0 0 0 0 0 0 0 0 0 0 0 0 0 0 0 0 0 0 0 0 0 0
0 0 0 0 0 0 0 0 0 0 0 0 0 0 0 0 0 0 0 0 0
##$SHL_SFCOEFFS12= (0..200)
0 0 0 0 0 0 0 0 0 0 0 0 0 0 0 0 0 0 0 0 0 0 0 0 0 0 0 0 0 0 0 0 0 0 0 0
0 0 0 0 0 0 0 0 0 0 0 0 0 0 0 0 0 0 0 0 0 0 0 0 0 0 0 0 0 0 0 0 0 0 0 0
0 0 0 0 0 0 0 0 0 0 0 0 0 0 0 0 0 0 0 0 0 0 0 0 0 0 0 0 0 0 0 0 0 0 0 0
0 0 0 0 0 0 0 0 0 0 0 0 0 0 0 0 0 0 0 0 0 0 0 0 0 0 0 0 0 0 0 0 0 0 0 0
0 0 0 0 0 0 0 0 0 0 0 0 0 0 0 0 0 0 0 0 0 0 0 0 0 0 0 0 0 0 0 0 0 0 0 0
0 0 0 0 0 0 0 0 0 0 0 0 0 0 0 0 0 0 0 0 0
##$SHL_SFCOEFFS13= (0..200)
0 0 0 0 0 0 0 0 0 0 0 0 0 0 0 0 0 0 0 0 0 0 0 0 0 0 0 0 0 0 0 0 0 0 0 0
0 0 0 0 0 0 0 0 0 0 0 0 0 0 0 0 0 0 0 0 0 0 0 0 0 0 0 0 0 0 0 0 0 0 0 0
0 0 0 0 0 0 0 0 0 0 0 0 0 0 0 0 0 0 0 0 0 0 0 0 0 0 0 0 0 0 0 0 0 0 0 0
0 0 0 0 0 0 0 0 0 0 0 0 0 0 0 0 0 0 0 0 0 0 0 0 0 0 0 0 0 0 0 0 0 0 0 0
0 0 0 0 0 0 0 0 0 0 0 0 0 0 0 0 0 0 0 0 0 0 0 0 0 0 0 0 0 0 0 0 0 0 0 0
0 0 0 0 0 0 0 0 0 0 0 0 0 0 0 0 0 0 0 0 0
##$SHL_SFCOEFFS14= (0..200)
0 0 0 0 0 0 0 0 0 0 0 0 0 0 0 0 0 0 0 0 0 0 0 0 0 0 0 0 0 0 0 0 0 0 0 0
0 0 0 0 0 0 0 0 0 0 0 0 0 0 0 0 0 0 0 0 0 0 0 0 0 0 0 0 0 0 0 0 0 0 0 0
0 0 0 0 0 0 0 0 0 0 0 0 0 0 0 0 0 0 0 0 0 0 0 0 0 0 0 0 0 0 0 0 0 0 0 0
0 0 0 0 0 0 0 0 0 0 0 0 0 0 0 0 0 0 0 0 0 0 0 0 0 0 0 0 0 0 0 0 0 0 0 0
0 0 0 0 0 0 0 0 0 0 0 0 0 0 0 0 0 0 0 0 0 0 0 0 0 0 0 0 0 0 0 0 0 0 0 0
0 0 0 0 0 0 0 0 0 0 0 0 0 0 0 0 0 0 0 0 0
##$SHL_SFCOEFFS15= (0..200)
0 0 0 0 0 0 0 0 0 0 0 0 0 0 0 0 0 0 0 0 0 0 0 0 0 0 0 0 0 0 0 0 0 0 0 0
0 0 0 0 0 0 0 0 0 0 0 0 0 0 0 0 0 0 0 0 0 0 0 0 0 0 0 0 0 0 0 0 0 0 0 0
0 0 0 0 0 0 0 0 0 0 0 0 0 0 0 0 0 0 0 0 0 0 0 0 0 0 0 0 0 0 0 0 0 0 0 0
0 0 0 0 0 0 0 0 0 0 0 0 0 0 0 0 0 0 0 0 0 0 0 0 0 0 0 0 0 0 0 0 0 0 0 0
0 0 0 0 0 0 0 0 0 0 0 0 0 0 0 0 0 0 0 0 0 0 0 0 0 0 0 0 0 0 0 0 0 0 0 0
0 0 0 0 0 0 0 0 0 0 0 0 0 0 0 0 0 0 0 0 0
##$SHL_SFCOEFFS2= (0..200)
0 0 0 0 0 0 0 0 0 0 0 0 0 0 0 0 0 0 0 0 0 0 0 0 0 0 0 0 0 0 0 0 0 0 0 0
0 0 0 0 0 0 0 0 0 0 0 0 0 0 0 0 0 0 0 0 0 0 0 0 0 0 0 0 0 0 0 0 0 0 0 0
0 0 0 0 0 0 0 0 0 0 0 0 0 0 0 0 0 0 0 0 0 0 0 0 0 0 0 0 0 0 0 0 0 0 0 0
0 0 0 0 0 0 0 0 0 0 0 0 0 0 0 0 0 0 0 0 0 0 0 0 0 0 0 0 0 0 0 0 0 0 0 0
0 0 0 0 0 0 0 0 0 0 0 0 0 0 0 0 0 0 0 0 0 0 0 0 0 0 0 0 0 0 0 0 0 0 0 0
0 0 0 0 0 0 0 0 0 0 0 0 0 0 0 0 0 0 0 0 0
##$SHL_SFCOEFFS3= (0..200)
0 0 0 0 0 0 0 0 0 0 0 0 0 0 0 0 0 0 0 0 0 0 0 0 0 0 0 0 0 0 0 0 0 0 0 0
0 0 0 0 0 0 0 0 0 0 0 0 0 0 0 0 0 0 0 0 0 0 0 0 0 0 0 0 0 0 0 0 0 0 0 0
0 0 0 0 0 0 0 0 0 0 0 0 0 0 0 0 0 0 0 0 0 0 0 0 0 0 0 0 0 0 0 0 0 0 0 0
0 0 0 0 0 0 0 0 0 0 0 0 0 0 0 0 0 0 0 0 0 0 0 0 0 0 0 0 0 0 0 0 0 0 0 0
0 0 0 0 0 0 0 0 0 0 0 0 0 0 0 0 0 0 0 0 0 0 0 0 0 0 0 0 0 0 0 0 0 0 0 0
0 0 0 0 0 0 0 0 0 0 0 0 0 0 0 0 0 0 0 0 0
##$SHL_SFCOEFFS4= (0..200)
0 0 0 0 0 0 0 0 0 0 0 0 0 0 0 0 0 0 0 0 0 0 0 0 0 0 0 0 0 0 0 0 0 0 0 0
0 0 0 0 0 0 0 0 0 0 0 0 0 0 0 0 0 0 0 0 0 0 0 0 0 0 0 0 0 0 0 0 0 0 0 0
0 0 0 0 0 0 0 0 0 0 0 0 0 0 0 0 0 0 0 0 0 0 0 0 0 0 0 0 0 0 0 0 0 0 0 0
0 0 0 0 0 0 0 0 0 0 0 0 0 0 0 0 0 0 0 0 0 0 0 0 0 0 0 0 0 0 0 0 0 0 0 0
0 0 0 0 0 0 0 0 0 0 0 0 0 0 0 0 0 0 0 0 0 0 0 0 0 0 0 0 0 0 0 0 0 0 0 0
0 0 0 0 0 0 0 0 0 0 0 0 0 0 0 0 0 0 0 0 0
##$SHL_SFCOEFFS5= (0..200)
0 0 0 0 0 0 0 0 0 0 0 0 0 0 0 0 0 0 0 0 0 0 0 0 0 0 0 0 0 0 0 0 0 0 0 0
0 0 0 0 0 0 0 0 0 0 0 0 0 0 0 0 0 0 0 0 0 0 0 0 0 0 0 0 0 0 0 0 0 0 0 0
0 0 0 0 0 0 0 0 0 0 0 0 0 0 0 0 0 0 0 0 0 0 0 0 0 0 0 0 0 0 0 0 0 0 0 0
0 0 0 0 0 0 0 0 0 0 0 0 0 0 0 0 0 0 0 0 0 0 0 0 0 0 0 0 0 0 0 0 0 0 0 0
0 0 0 0 0 0 0 0 0 0 0 0 0 0 0 0 0 0 0 0 0 0 0 0 0 0 0 0 0 0 0 0 0 0 0 0
0 0 0 0 0 0 0 0 0 0 0 0 0 0 0 0 0 0 0 0 0
##$SHL_SFCOEFFS6= (0..200)
0 0 0 0 0 0 0 0 0 0 0 0 0 0 0 0 0 0 0 0 0 0 0 0 0 0 0 0 0 0 0 0 0 0 0 0
0 0 0 0 0 0 0 0 0 0 0 0 0 0 0 0 0 0 0 0 0 0 0 0 0 0 0 0 0 0 0 0 0 0 0 0
0 0 0 0 0 0 0 0 0 0 0 0 0 0 0 0 0 0 0 0 0 0 0 0 0 0 0 0 0 0 0 0 0 0 0 0
0 0 0 0 0 0 0 0 0 0 0 0 0 0 0 0 0 0 0 0 0 0 0 0 0 0 0 0 0 0 0 0 0 0 0 0
0 0 0 0 0 0 0 0 0 0 0 0 0 0 0 0 0 0 0 0 0 0 0 0 0 0 0 0 0 0 0 0 0 0 0 0
0 0 0 0 0 0 0 0 0 0 0 0 0 0 0 0 0 0 0 0 0
##$SHL_SFCOEFFS7= (0..200)
0 0 0 0 0 0 0 0 0 0 0 0 0 0 0 0 0 0 0 0 0 0 0 0 0 0 0 0 0 0 0 0 0 0 0 0
0 0 0 0 0 0 0 0 0 0 0 0 0 0 0 0 0 0 0 0 0 0 0 0 0 0 0 0 0 0 0 0 0 0 0 0
0 0 0 0 0 0 0 0 0 0 0 0 0 0 0 0 0 0 0 0 0 0 0 0 0 0 0 0 0 0 0 0 0 0 0 0
0 0 0 0 0 0 0 0 0 0 0 0 0 0 0 0 0 0 0 0 0 0 0 0 0 0 0 0 0 0 0 0 0 0 0 0
0 0 0 0 0 0 0 0 0 0 0 0 0 0 0 0 0 0 0 0 0 0 0 0 0 0 0 0 0 0 0 0 0 0 0 0
0 0 0 0 0 0 0 0 0 0 0 0 0 0 0 0 0 0 0 0 0
##$SHL_SFCOEFFS8= (0..200)
0 0 0 0 0 0 0 0 0 0 0 0 0 0 0 0 0 0 0 0 0 0 0 0 0 0 0 0 0 0 0 0 0 0 0 0
0 0 0 0 0 0 0 0 0 0 0 0 0 0 0 0 0 0 0 0 0 0 0 0 0 0 0 0 0 0 0 0 0 0 0 0
0 0 0 0 0 0 0 0 0 0 0 0 0 0 0 0 0 0 0 0 0 0 0 0 0 0 0 0 0 0 0 0 0 0 0 0
0 0 0 0 0 0 0 0 0 0 0 0 0 0 0 0 0 0 0 0 0 0 0 0 0 0 0 0 0 0 0 0 0 0 0 0
0 0 0 0 0 0 0 0 0 0 0 0 0 0 0 0 0 0 0 0 0 0 0 0 0 0 0 0 0 0 0 0 0 0 0 0
0 0 0 0 0 0 0 0 0 0 0 0 0 0 0 0 0 0 0 0 0
##$SHL_SFCOEFFS9= (0..200)
0 0 0 0 0 0 0 0 0 0 0 0 0 0 0 0 0 0 0 0 0 0 0 0 0 0 0 0 0 0 0 0 0 0 0 0
0 0 0 0 0 0 0 0 0 0 0 0 0 0 0 0 0 0 0 0 0 0 0 0 0 0 0 0 0 0 0 0 0 0 0 0
0 0 0 0 0 0 0 0 0 0 0 0 0 0 0 0 0 0 0 0 0 0 0 0 0 0 0 0 0 0 0 0 0 0 0 0
0 0 0 0 0 0 0 0 0 0 0 0 0 0 0 0 0 0 0 0 0 0 0 0 0 0 0 0 0 0 0 0 0 0 0 0
0 0 0 0 0 0 0 0 0 0 0 0 0 0 0 0 0 0 0 0 0 0 0 0 0 0 0 0 0 0 0 0 0 0 0 0
0 0 0 0 0 0 0 0 0 0 0 0 0 0 0 0 0 0 0 0 0
##$SHL_SMOOTHED= (0..15)
0 0 0 0 0 0 0 0 0 0 0 0 0 0 0 0
##$SHL_SMOOTHING= (0..15)
0 0 0 0 0 0 0 0 0 0 0 0 0 0 0 0
##$SHL_SPOAL= (0..15)
0 0 0 0 0 0 0 0 0 0 0 0 0 0 0 0
##$SHL_SPOFFS= (0..15)
0 0 0 0 0 0 0 0 0 0 0 0 0 0 0 0
##$SHL_SPOPH= (0..15)
0 0 0 0 0 0 0 0 0 0 0 0 0 0 0 0
##$SHL_STARTAMP= (0..15)
0 0 0 0 0 0 0 0 0 0 0 0 0 0 0 0
##$SHL_SW= (0..15)
0 0 0 0 0 0 0 0 0 0 0 0 0 0 0 0
##$SHL_SWDIR= (0..15)
-1 -1 -1 -1 -1 -1 -1 -1 -1 -1 -1 -1 -1 -1 -1 -1
##$SHL_TANKAPPA= (0..15)
0 0 0 0 0 0 0 0 0 0 0 0 0 0 0 0
##$SHL_TOTROT= (0..15)
90 0 0 0 0 0 0 0 0 0 0 0 0 0 0 0
##$SHL_TRUNCLEV= (0..15)
0 0 0 0 0 0 0 0 0 0 0 0 0 0 0 0
##$SHL_TYPE= (0..15)
<Excitation> <> <> <> <> <> <> <> <> <> <> <> <> <> <> <>
##$SHL_WINDOWSIZE= (0..15)
0 0 0 0 0 0 0 0 0 0 0 0 0 0 0 0
##$SHL_ZETA= (0..15)
0 0 0 0 0 0 0 0 0 0 0 0 0 0 0 0
##NPOINTS= 1250
##XYPOINTS= (XY..XY)
72.785306, 55.369367
72.323953, 57.014824
71.859744, 58.660357
71.392711, 60.305966
70.922889, 61.951654
70.450313, 63.597423
69.975018, 65.243273
69.497037, 66.889206
69.016407, 68.535225
68.533162, 70.181332
68.047337, 71.827528
67.558969, 73.473814
67.068094, 75.120195
66.574746, 76.766670
66.078963, 78.413243
65.580780, 80.059917
65.080235, 81.706692
64.577364, 83.353573
64.072203, 85.000560
63.564791, 86.647658
63.055163, 88.294868
62.543358, 89.942193
62.029413, 91.589637
61.513365, 93.237203
60.995253, 94.884893
60.475114, 96.532710
59.952987, 98.180659
59.428910, 99.828743
58.902921, 101.476965
58.375059, 103.125329
57.845362, 104.773839
57.313870, 106.422499
56.780622, 108.071313
56.245656, 109.720286
55.709011, 111.369422
55.170728, 113.018727
54.630845, 114.668204
54.089403, 116.317860
53.546440, 117.967699
53.001998, 119.617727
52.456115, 121.267950
51.908831, 122.918375
51.360188, 124.569007
50.810224, 126.219853
50.258981, 127.870920
49.706500, 129.522215
49.152819, 131.173746
48.597981, 132.825521
48.042025, 134.477547
47.484993, 136.129835
46.926925, 137.782392
46.367863, 139.435229
45.807848, 141.088354
45.246920, 142.741780
44.685121, 144.395516
44.122492, 146.049574
43.559074, 147.703967
42.994909, 149.358706
42.430038, 151.013806
41.864502, 152.669281
41.298344, 154.325145
40.731605, 155.981414
40.164326, 157.638104
39.596549, 159.295233
39.028317, 160.952820
38.459669, 162.610884
37.890649, 164.269445
37.321299, 165.928525
36.751659, 167.588148
36.181773, 169.248338
35.611682, 170.909120
35.041427, 172.570523
34.471052, 174.232576
33.900598, 175.895310
33.330106, 177.558759
32.759620, 179.222958
32.189180, 180.887945
31.618830, 182.553760
31.048611, 184.220447
30.478566, 185.888053
29.908736, 187.556628
29.339163, 189.226224
28.769891, 190.896900
28.200960, 192.568717
27.632413, 194.241743
27.064292, 195.916049
26.496640, 197.591714
25.929497, 199.268822
25.362908, 200.947464
24.796913, 202.627742
24.231555, 204.309762
23.666877, 205.993643
23.102920, 207.679515
22.539726, 209.367519
21.977339, 211.057809
21.415800, 212.750558
20.855151, 214.445952
20.295436, 216.144199
19.736696, 217.845530
19.178975, 219.550199
18.622315, 221.258492
18.066759, 222.970725
17.512349, 224.687255
16.959130, 226.408482
16.407145, 228.134856
15.856437, 229.866889
15.307051, 231.605162
14.759031, 233.350336
14.212422, 235.103172
13.667271, 236.864546
13.123623, 238.635472
12.581527, 240.417131
12.041030, 242.210908
11.502184, 244.018435
10.965041, 245.841651
10.429654, 247.682877
9.896082, 249.544914
9.364386, 251.431175
8.834631, 253.345859
8.306892, 255.294194
7.781249, 257.282766
7.257797, 259.319997
6.736644, 261.416822
6.217924, 263.587699
5.701802, 265.852144
5.188494, 268.237137
4.678288, 270.781029
4.171595, 273.540163
3.669021, 276.600644
3.171525, 280.100518
2.680729, 284.274545
2.199621, 289.552266
1.734338, 296.793434
1.299331, 307.898063
0.934017, 327.227780
0.743806, 0.752807
0.850687, 37.639900
1.173189, 60.630213
1.582396, 73.499824
2.024597, 81.586367
2.480693, 87.312391
2.942928, 91.747668
3.407665, 95.411617
3.872988, 98.581348
4.337791, 101.416665
4.801388, 104.015691
5.263326, 106.441813
5.723289, 108.737722
6.181048, 110.933184
6.636430, 113.049567
7.089298, 115.102599
7.539543, 117.104110
7.987071, 119.063161
8.431803, 120.986813
8.873672, 122.880646
9.312615, 124.749126
9.748576, 126.595873
10.181504, 128.423850
10.611352, 130.235503
11.038075, 132.032874
11.461630, 133.817676
11.881977, 135.591359
12.299077, 137.355161
12.712892, 139.110139
13.123386, 140.857207
13.530524, 142.597156
13.934271, 144.330675
14.334595, 146.058367
14.731462, 147.780761
15.124839, 149.498326
15.514696, 151.211474
15.901002, 152.920574
16.283726, 154.625953
16.662838, 156.327906
17.038308, 158.026695
17.410108, 159.722557
17.778208, 161.415706
18.142581, 163.106335
18.503199, 164.794620
18.860034, 166.480720
19.213060, 168.164780
19.562248, 169.846933
19.907574, 171.527299
20.249010, 173.205990
20.586532, 174.883108
20.920114, 176.558747
21.249730, 178.232992
21.575357, 179.905924
21.896970, 181.577617
22.214544, 183.248138
22.528056, 184.917550
22.837483, 186.585914
23.142802, 188.253282
23.443990, 189.919705
23.741024, 191.585232
24.033883, 193.249905
24.322545, 194.913767
24.606988, 196.576856
24.887192, 198.239207
25.163134, 199.900855
25.434796, 201.561831
25.702157, 203.222165
25.965197, 204.881885
26.223897, 206.541017
26.478238, 208.199586
26.728200, 209.857615
26.973766, 211.515126
27.214916, 213.172140
27.451635, 214.828676
27.683903, 216.484753
27.911704, 218.140389
28.135021, 219.795598
28.353837, 221.450399
28.568137, 223.104804
28.777904, 224.758829
28.983123, 226.412486
29.183780, 228.065788
29.379858, 229.718748
29.571344, 231.371376
29.758224, 233.023683
29.940484, 234.675679
30.118110, 236.327375
30.291089, 237.978780
30.459409, 239.629902
30.623057, 241.280750
30.782022, 242.931331
30.936291, 244.581655
31.085852, 246.231726
31.230696, 247.881554
31.370812, 249.531144
31.506188, 251.180502
31.636816, 252.829634
31.762685, 254.478547
31.883786, 256.127246
32.000111, 257.775735
32.111650, 259.424020
32.218396, 261.072105
32.320340, 262.719995
32.417476, 264.367695
32.509796, 266.015207
32.597293, 267.662536
32.679961, 269.309687
32.757794, 270.956661
32.830785, 272.603463
32.898931, 274.250096
32.962224, 275.896562
33.020662, 277.542865
33.074239, 279.189006
33.122953, 280.834990
33.166798, 282.480817
33.205772, 284.126491
33.239871, 285.772013
33.269095, 287.417386
33.293439, 289.062611
33.312904, 290.707689
33.327486, 292.352624
33.337185, 293.997415
33.342000, 295.642065
33.341931, 297.286574
33.336978, 298.930944
33.327142, 300.575176
33.312422, 302.219271
33.292820, 303.863230
33.268338, 305.507052
33.238976, 307.150740
33.204738, 308.794293
33.165626, 310.437711
33.121643, 312.080996
33.072791, 313.724147
33.019075, 315.367164
32.960498, 317.010047
32.897065, 318.652796
32.828781, 320.295411
32.755649, 321.937891
32.677676, 323.580236
32.594868, 325.222445
32.507230, 326.864518
32.414769, 328.506453
32.317492, 330.148250
32.215405, 331.789907
32.108516, 333.431424
31.996834, 335.072799
31.880366, 336.714031
31.759120, 338.355117
31.633106, 339.996056
31.502334, 341.636846
31.366811, 343.277486
31.226549, 344.917972
31.081558, 346.558303
30.931848, 348.198475
30.777430, 349.838486
30.618316, 351.478334
30.454517, 353.118014
30.286046, 354.757524
30.112914, 356.396860
29.935134, 358.036018
29.752720, 359.674994
29.565684, 1.313783
29.374041, 2.952382
29.177805, 4.590785
28.976989, 6.228987
28.771609, 7.866983
28.561680, 9.504767
28.347217, 11.142332
28.128235, 12.779673
27.904752, 14.416781
27.676782, 16.053651
27.444344, 17.690273
27.207454, 19.326640
26.966129, 20.962743
26.720388, 22.598573
26.470248, 24.234119
26.215727, 25.869370
25.956844, 27.504317
25.693619, 29.138946
25.426070, 30.773245
25.154218, 32.407200
24.878082, 34.040797
24.597682, 35.674020
24.313039, 37.306852
24.024175, 38.939277
23.731109, 40.571274
23.433864, 42.202823
23.132462, 43.833904
22.826925, 45.464491
22.517275, 47.094561
22.203535, 48.724086
21.885728, 50.353037
21.563877, 51.981382
21.238007, 53.609088
20.908140, 55.236118
20.574303, 56.862432
20.236518, 58.487987
19.894811, 60.112737
19.549208, 61.736629
19.199733, 63.359610
18.846412, 64.981617
18.489273, 66.602586
18.128340, 68.222442
17.763641, 69.841107
17.395203, 71.458493
17.023052, 73.074502
16.647218, 74.689027
16.267726, 76.301950
15.884607, 77.913137
15.497888, 79.522443
15.107599, 81.129702
14.713767, 82.734728
14.316424, 84.337314
13.915599, 85.937225
13.511322, 87.534193
13.103623, 89.127915
12.692534, 90.718044
12.278087, 92.304180
11.860312, 93.885863
11.439243, 95.462557
11.014912, 97.033637
10.587352, 98.598370
10.156599, 100.155886
9.722686, 101.705152
9.285650, 103.244925
8.845528, 104.773698
8.402357, 106.289627
7.956179, 107.790434
7.507033, 109.273264
7.054966, 110.734498
6.600026, 112.169473
6.142265, 113.572082
5.681744, 114.934166
5.218533, 116.244574
4.752716, 117.487661
4.284401, 118.640768
3.813733, 119.669817
3.340922, 120.521111
2.866295, 121.104932
2.390415, 121.259541
1.914381, 120.661920
1.440707, 118.566162
0.976740, 112.828378
0.554515, 94.870843
0.378711, 36.110181
0.684911, 352.724317
1.136529, 340.664368
1.618107, 336.524880
2.110869, 335.043458
2.609792, 334.740782
3.112994, 335.058481
3.619600, 335.741590
4.129141, 336.657666
4.641333, 337.731242
5.155990, 338.916216
5.672976, 340.182851
6.192190, 341.511117
6.713546, 342.887033
7.236976, 344.300545
7.762415, 345.744239
8.289808, 347.212528
8.819102, 348.701124
9.350248, 350.206677
9.883197, 351.726539
10.417904, 353.258583
10.954324, 354.801083
11.492414, 356.352626
12.032129, 357.912041
12.573428, 359.478350
13.116268, 1.050732
13.660606, 2.628491
14.206402, 4.211031
14.753613, 5.797844
15.302198, 7.388490
15.852115, 8.982586
16.403323, 10.579801
16.955781, 12.179843
17.509448, 13.782455
18.064281, 15.387411
18.620240, 16.994512
19.177284, 18.603578
19.735371, 20.214450
20.294459, 21.826987
20.854508, 23.441059
21.415476, 25.056553
21.977322, 26.673363
22.540003, 28.291395
23.103479, 29.910566
23.667708, 31.530795
24.232648, 33.152014
24.798258, 34.774157
25.364497, 36.397165
25.931321, 38.020984
26.498691, 39.645564
27.066563, 41.270859
27.634897, 42.896826
28.203651, 44.523428
28.772782, 46.150627
29.342249, 47.778391
29.912010, 49.406688
30.482024, 51.035490
31.052247, 52.664769
31.622640, 54.294502
32.193159, 55.924664
32.763763, 57.555234
33.334409, 59.186191
33.905057, 60.817518
34.475664, 62.449195
35.046188, 64.081207
35.616588, 65.713538
36.186821, 67.346172
36.756846, 68.979097
37.326621, 70.612299
37.896104, 72.245766
38.465254, 73.879486
39.034028, 75.513449
39.602385, 77.147645
40.170283, 78.782063
40.737681, 80.416694
41.304537, 82.051530
41.870810, 83.686563
42.436457, 85.321784
43.001438, 86.957187
43.565711, 88.592763
44.129234, 90.228507
44.691967, 91.864413
45.253868, 93.500473
45.814896, 95.136683
46.375009, 96.773036
46.934168, 98.409529
47.492330, 100.046155
48.049455, 101.682910
48.605502, 103.319789
49.160430, 104.956788
49.714199, 106.593904
50.266767, 108.231131
50.818095, 109.868467
51.368143, 111.505907
51.916869, 113.143448
52.464233, 114.781088
53.010196, 116.418821
53.554717, 118.056647
54.097756, 119.694561
54.639275, 121.332561
55.179232, 122.970644
55.717589, 124.608808
56.254305, 126.247050
56.789343, 127.885368
57.322661, 129.523759
57.854222, 131.162222
58.383987, 132.800754
58.911915, 134.439352
59.437970, 136.078016
59.962112, 137.716743
60.484303, 139.355532
61.004504, 140.994380
61.522678, 142.633286
62.038787, 144.272249
62.552792, 145.911266
63.064656, 147.550337
63.574342, 149.189459
64.081812, 150.828631
64.587029, 152.467853
65.089955, 154.107122
65.590555, 155.746438
66.088792, 157.385798
66.584628, 159.025203
67.078027, 160.664650
67.568955, 162.304139
68.057373, 163.943669
68.543247, 165.583238
69.026541, 167.222846
69.507220, 168.862491
69.985248, 170.502173
70.460591, 172.141890
70.933213, 173.781642
71.403080, 175.421428
71.870158, 177.061247
72.334411, 178.701098
72.795807, 180.340980
73.254311, 181.980894
73.709890, 183.620837
74.162511, 185.260809
74.612140, 186.900809
75.058744, 188.540838
75.502290, 190.180893
75.942747, 191.820975
76.380081, 193.461083
76.814262, 195.101216
77.245256, 196.741374
77.673032, 198.381555
78.097560, 200.021760
78.518807, 201.661988
78.936743, 203.302239
79.351338, 204.942511
79.762561, 206.582804
80.170382, 208.223119
80.574770, 209.863453
80.975697, 211.503808
81.373134, 213.144182
81.767049, 214.784575
82.157416, 216.424987
82.544206, 218.065417
82.927389, 219.705864
83.306938, 221.346329
83.682826, 222.986810
84.055024, 224.627309
84.423505, 226.267823
84.788243, 227.908353
85.149211, 229.548899
85.506381, 231.189459
85.859729, 232.830035
86.209227, 234.470624
86.554852, 236.111228
86.896576, 237.751846
87.234375, 239.392477
87.568225, 241.033121
87.898101, 242.673778
88.223978, 244.314447
88.545833, 245.955129
88.863643, 247.595822
89.177384, 249.236528
89.487032, 250.877244
89.792566, 252.517972
90.093963, 254.158711
90.391200, 255.799460
90.684257, 257.440220
90.973111, 259.080990
91.257742, 260.721770
91.538128, 262.362559
91.814249, 264.003358
92.086085, 265.644166
92.353616, 267.284983
92.616822, 268.925809
92.875684, 270.566643
93.130183, 272.207486
93.380300, 273.848336
93.626017, 275.489195
93.867317, 277.130061
94.104180, 278.770935
94.336591, 280.411816
94.564531, 282.052705
94.787985, 283.693600
95.006936, 285.334502
95.221368, 286.975410
95.431264, 288.616325
95.636611, 290.257246
95.837392, 291.898174
96.033593, 293.539107
96.225199, 295.180045
96.412197, 296.820990
96.594573, 298.461939
96.772314, 300.102894
96.945406, 301.743854
97.113837, 303.384819
97.277594, 305.025788
97.436665, 306.666762
97.591040, 308.307740
97.740706, 309.948723
97.885652, 311.589710
98.025868, 313.230701
98.161344, 314.871695
98.292070, 316.512693
98.418035, 318.153695
98.539232, 319.794700
98.655650, 321.435708
98.767282, 323.076720
98.874120, 324.717734
98.976154, 326.358751
99.073379, 327.999771
99.165787, 329.640793
99.253370, 331.281818
99.336124, 332.922845
99.414040, 334.563874
99.487115, 336.204905
99.555342, 337.845938
99.618717, 339.486973
99.677235, 341.128009
99.730891, 342.769047
99.779682, 344.410086
99.823604, 346.051126
99.862654, 347.692168
99.896829, 349.333210
99.926127, 350.974253
99.950545, 352.615297
99.970081, 354.256342
99.984735, 355.897387
99.994504, 357.538432
99.999389, 359.179477
99.999389, 0.820523
99.994504, 2.461568
99.984735, 4.102613
99.970081, 5.743658
99.950545, 7.384703
99.926127, 9.025747
99.896829, 10.666790
99.862654, 12.307832
99.823604, 13.948874
99.779682, 15.589914
99.730891, 17.230953
99.677235, 18.871991
99.618717, 20.513027
99.555342, 22.154062
99.487115, 23.795095
99.414040, 25.436126
99.336124, 27.077155
99.253370, 28.718182
99.165787, 30.359207
99.073379, 32.000229
98.976154, 33.641249
98.874120, 35.282266
98.767282, 36.923280
98.655650, 38.564292
98.539232, 40.205300
98.418035, 41.846305
98.292070, 43.487307
98.161344, 45.128305
98.025868, 46.769299
97.885652, 48.410290
97.740706, 50.051277
97.591040, 51.692260
97.436665, 53.333238
97.277594, 54.974212
97.113837, 56.615181
96.945406, 58.256146
96.772314, 59.897106
96.594573, 61.538061
96.412197, 63.179010
96.225199, 64.819955
96.033593, 66.460893
95.837392, 68.101826
95.636611, 69.742754
95.431264, 71.383675
95.221368, 73.024590
95.006936, 74.665498
94.787985, 76.306400
94.564531, 77.947295
94.336591, 79.588184
94.104180, 81.229065
93.867317, 82.869939
93.626017, 84.510805
93.380300, 86.151664
93.130183, 87.792514
92.875684, 89.433357
92.616822, 91.074191
92.353616, 92.715017
92.086085, 94.355834
91.814249, 95.996642
91.538128, 97.637441
91.257742, 99.278230
90.973111, 100.919010
90.684257, 102.559780
90.391200, 104.200540
90.093963, 105.841289
89.792566, 107.482028
89.487032, 109.122756
89.177384, 110.763472
88.863643, 112.404178
88.545833, 114.044871
88.223978, 115.685553
87.898101, 117.326222
87.568225, 118.966879
87.234375, 120.607523
86.896576, 122.248154
86.554852, 123.888772
86.209227, 125.529376
85.859729, 127.169965
85.506381, 128.810541
85.149211, 130.451101
84.788243, 132.091647
84.423505, 133.732177
84.055024, 135.372691
83.682826, 137.013190
83.306938, 138.653671
82.927389, 140.294136
82.544206, 141.934583
82.157416, 143.575013
81.767049, 145.215425
81.373134, 146.855818
80.975697, 148.496192
80.574770, 150.136547
80.170382, 151.776881
79.762561, 153.417196
79.351338, 155.057489
78.936743, 156.697761
78.518807, 158.338012
78.097560, 159.978240
77.673032, 161.618445
77.245256, 163.258626
76.814262, 164.898784
76.380081, 166.538917
75.942747, 168.179025
75.502290, 169.819107
75.058744, 171.459162
74.612140, 173.099191
74.162511, 174.739191
73.709890, 176.379163
73.254311, 178.019106
72.795807, 179.659020
72.334411, 181.298902
71.870158, 182.938753
71.403080, 184.578572
70.933213, 186.218358
70.460591, 187.858110
69.985248, 189.497827
69.507220, 191.137509
69.026541, 192.777154
68.543247, 194.416762
68.057373, 196.056331
67.568955, 197.695861
67.078027, 199.335350
66.584628, 200.974797
66.088792, 202.614202
65.590555, 204.253562
65.089955, 205.892878
64.587029, 207.532147
64.081812, 209.171369
63.574342, 210.810541
63.064656, 212.449663
62.552792, 214.088734
62.038787, 215.727751
61.522678, 217.366714
61.004504, 219.005620
60.484303, 220.644468
59.962112, 222.283257
59.437970, 223.921984
58.911915, 225.560648
58.383987, 227.199246
57.854222, 228.837778
57.322661, 230.476241
56.789343, 232.114632
56.254305, 233.752950
55.717589, 235.391192
55.179232, 237.029356
54.639275, 238.667439
54.097756, 240.305439
53.554717, 241.943353
53.010196, 243.581179
52.464233, 245.218912
51.916869, 246.856552
51.368143, 248.494093
50.818095, 250.131533
50.266767, 251.768869
49.714199, 253.406096
49.160430, 255.043212
48.605502, 256.680211
48.049455, 258.317090
47.492330, 259.953845
46.934168, 261.590471
46.375009, 263.226964
45.814896, 264.863317
45.253868, 266.499527
44.691967, 268.135587
44.129234, 269.771493
43.565711, 271.407237
43.001438, 273.042813
42.436457, 274.678216
41.870810, 276.313437
41.304537, 277.948470
40.737681, 279.583306
40.170283, 281.217937
39.602385, 282.852355
39.034028, 284.486551
38.465254, 286.120514
37.896104, 287.754234
37.326621, 289.387701
36.756846, 291.020903
36.186821, 292.653828
35.616588, 294.286462
35.046188, 295.918793
34.475664, 297.550805
33.905057, 299.182482
33.334409, 300.813809
32.763763, 302.444766
32.193159, 304.075336
31.622640, 305.705498
31.052247, 307.335231
30.482024, 308.964510
29.912010, 310.593312
29.342249, 312.221609
28.772782, 313.849373
28.203651, 315.476572
27.634897, 317.103174
27.066563, 318.729141
26.498691, 320.354436
25.931321, 321.979016
25.364497, 323.602835
24.798258, 325.225843
24.232648, 326.847986
23.667708, 328.469205
23.103479, 330.089434
22.540003, 331.708605
21.977322, 333.326637
21.415476, 334.943447
20.854508, 336.558941
20.294459, 338.173013
19.735371, 339.785550
19.177284, 341.396422
18.620240, 343.005488
18.064281, 344.612589
17.509448, 346.217545
16.955781, 347.820157
16.403323, 349.420199
15.852115, 351.017414
15.302198, 352.611510
14.753613, 354.202156
14.206402, 355.788969
13.660606, 357.371509
13.116268, 358.949268
12.573428, 0.521650
12.032129, 2.087959
11.492414, 3.647374
10.954324, 5.198917
10.417904, 6.741417
9.883197, 8.273461
9.350248, 9.793323
8.819102, 11.298876
8.289808, 12.787472
7.762415, 14.255761
7.236976, 15.699455
6.713546, 17.112967
6.192190, 18.488883
5.672976, 19.817149
5.155990, 21.083784
4.641333, 22.268758
4.129141, 23.342334
3.619600, 24.258410
3.112994, 24.941519
2.609792, 25.259218
2.110869, 24.956542
1.618107, 23.475120
1.136529, 19.335632
0.684911, 7.275683
0.378711, 323.889819
0.554515, 265.129157
0.976740, 247.171622
1.440707, 241.433838
1.914381, 239.338080
2.390415, 238.740459
2.866295, 238.895068
3.340922, 239.478889
3.813733, 240.330183
4.284401, 241.359232
4.752716, 242.512339
5.218533, 243.755426
5.681744, 245.065834
6.142265, 246.427918
6.600026, 247.830527
7.054966, 249.265502
7.507033, 250.726736
7.956179, 252.209566
8.402357, 253.710373
8.845528, 255.226302
9.285650, 256.755075
9.722686, 258.294848
10.156599, 259.844114
10.587352, 261.401630
11.014912, 262.966363
11.439243, 264.537443
11.860312, 266.114137
12.278087, 267.695820
12.692534, 269.281956
13.103623, 270.872085
13.511322, 272.465807
13.915599, 274.062775
14.316424, 275.662686
14.713767, 277.265272
15.107599, 278.870298
15.497888, 280.477557
15.884607, 282.086863
16.267726, 283.698050
16.647218, 285.310973
17.023052, 286.925498
17.395203, 288.541507
17.763641, 290.158893
18.128340, 291.777558
18.489273, 293.397414
18.846412, 295.018383
19.199733, 296.640390
19.549208, 298.263371
19.894811, 299.887263
20.236518, 301.512013
20.574303, 303.137568
20.908140, 304.763882
21.238007, 306.390912
21.563877, 308.018618
21.885728, 309.646963
22.203535, 311.275914
22.517275, 312.905439
22.826925, 314.535509
23.132462, 316.166096
23.433864, 317.797177
23.731109, 319.428726
24.024175, 321.060723
24.313039, 322.693148
24.597682, 324.325980
24.878082, 325.959203
25.154218, 327.592800
25.426070, 329.226755
25.693619, 330.861054
25.956844, 332.495683
26.215727, 334.130630
26.470248, 335.765881
26.720388, 337.401427
26.966129, 339.037257
27.207454, 340.673360
27.444344, 342.309727
27.676782, 343.946349
27.904752, 345.583219
28.128235, 347.220327
28.347217, 348.857668
28.561680, 350.495233
28.771609, 352.133017
28.976989, 353.771013
29.177805, 355.409215
29.374041, 357.047618
29.565684, 358.686217
29.752720, 0.325006
29.935134, 1.963982
30.112914, 3.603140
30.286046, 5.242476
30.454517, 6.881986
30.618316, 8.521666
30.777430, 10.161514
30.931848, 11.801525
31.081558, 13.441697
31.226549, 15.082028
31.366811, 16.722514
31.502334, 18.363154
31.633106, 20.003944
31.759120, 21.644883
31.880366, 23.285969
31.996834, 24.927201
32.108516, 26.568576
32.215405, 28.210093
32.317492, 29.851750
32.414769, 31.493547
32.507230, 33.135482
32.594868, 34.777555
32.677676, 36.419764
32.755649, 38.062109
32.828781, 39.704589
32.897065, 41.347204
32.960498, 42.989953
33.019075, 44.632836
33.072791, 46.275853
33.121643, 47.919004
33.165626, 49.562289
33.204738, 51.205707
33.238976, 52.849260
33.268338, 54.492948
33.292820, 56.136770
33.312422, 57.780729
33.327142, 59.424824
33.336978, 61.069056
33.341931, 62.713426
33.342000, 64.357935
33.337185, 66.002585
33.327486, 67.647376
33.312904, 69.292311
33.293439, 70.937389
33.269095, 72.582614
33.239871, 74.227987
33.205772, 75.873509
33.166798, 77.519183
33.122953, 79.165010
33.074239, 80.810994
33.020662, 82.457135
32.962224, 84.103438
32.898931, 85.749904
32.830785, 87.396537
32.757794, 89.043339
32.679961, 90.690313
32.597293, 92.337464
32.509796, 93.984793
32.417476, 95.632305
32.320340, 97.280005
32.218396, 98.927895
32.111650, 100.575980
32.000111, 102.224265
31.883786, 103.872754
31.762685, 105.521453
31.636816, 107.170366
31.506188, 108.819498
31.370812, 110.468856
31.230696, 112.118446
31.085852, 113.768274
30.936291, 115.418345
30.782022, 117.068669
30.623057, 118.719250
30.459409, 120.370098
30.291089, 122.021220
30.118110, 123.672625
29.940484, 125.324321
29.758224, 126.976317
29.571344, 128.628624
29.379858, 130.281252
29.183780, 131.934212
28.983123, 133.587514
28.777904, 135.241171
28.568137, 136.895196
28.353837, 138.549601
28.135021, 140.204402
27.911704, 141.859611
27.683903, 143.515247
27.451635, 145.171324
27.214916, 146.827860
26.973766, 148.484874
26.728200, 150.142385
26.478238, 151.800414
26.223897, 153.458983
25.965197, 155.118115
25.702157, 156.777835
25.434796, 158.438169
25.163134, 160.099145
24.887192, 161.760793
24.606988, 163.423144
24.322545, 165.086233
24.033883, 166.750095
23.741024, 168.414768
23.443990, 170.080295
23.142802, 171.746718
22.837483, 173.414086
22.528056, 175.082450
22.214544, 176.751862
21.896970, 178.422383
21.575357, 180.094076
21.249730, 181.767008
20.920114, 183.441253
20.586532, 185.116892
20.249010, 186.794010
19.907574, 188.472701
19.562248, 190.153067
19.213060, 191.835220
18.860034, 193.519280
18.503199, 195.205380
18.142581, 196.893665
17.778208, 198.584294
17.410108, 200.277443
17.038308, 201.973305
16.662838, 203.672094
16.283726, 205.374047
15.901002, 207.079426
15.514696, 208.788526
15.124839, 210.501674
14.731462, 212.219239
14.334595, 213.941633
13.934271, 215.669325
13.530524, 217.402844
13.123386, 219.142793
12.712892, 220.889861
12.299077, 222.644839
11.881977, 224.408641
11.461630, 226.182324
11.038075, 227.967126
10.611352, 229.764497
10.181504, 231.576150
9.748576, 233.404127
9.312615, 235.250874
8.873672, 237.119354
8.431803, 239.013187
7.987071, 240.936839
7.539543, 242.895890
7.089298, 244.897401
6.636430, 246.950433
6.181048, 249.066816
5.723289, 251.262278
5.263326, 253.558187
4.801388, 255.984309
4.337791, 258.583335
3.872988, 261.418652
3.407665, 264.588383
2.942928, 268.252332
2.480693, 272.687609
2.024597, 278.413633
1.582396, 286.500176
1.173189, 299.369787
0.850687, 322.360100
0.743806, 359.247193
0.934017, 32.772220
1.299331, 52.101937
1.734338, 63.206566
2.199621, 70.447734
2.680729, 75.725455
3.171525, 79.899482
3.669021, 83.399356
4.171595, 86.459837
4.678288, 89.218971
5.188494, 91.762863
5.701802, 94.147856
6.217924, 96.412301
6.736644, 98.583178
7.257797, 100.680003
7.781249, 102.717234
8.306892, 104.705806
8.834631, 106.654141
9.364386, 108.568825
9.896082, 110.455086
10.429654, 112.317123
10.965041, 114.158349
11.502184, 115.981565
12.041030, 117.789092
12.581527, 119.582869
13.123623, 121.364528
13.667271, 123.135454
14.212422, 124.896828
14.759031, 126.649664
15.307051, 128.394838
15.856437, 130.133111
16.407145, 131.865144
16.959130, 133.591518
17.512349, 135.312745
18.066759, 137.029275
18.622315, 138.741508
19.178975, 140.449801
19.736696, 142.154470
20.295436, 143.855801
20.855151, 145.554048
21.415800, 147.249442
21.977339, 148.942191
22.539726, 150.632481
23.102920, 152.320485
23.666877, 154.006357
24.231555, 155.690238
24.796913, 157.372258
25.362908, 159.052536
25.929497, 160.731178
26.496640, 162.408286
27.064292, 164.083951
27.632413, 165.758257
28.200960, 167.431283
28.769891, 169.103100
29.339163, 170.773776
29.908736, 172.443372
30.478566, 174.111947
31.048611, 175.779553
31.618830, 177.446240
32.189180, 179.112055
32.759620, 180.777042
33.330106, 182.441241
33.900598, 184.104690
34.471052, 185.767424
35.041427, 187.429477
35.611682, 189.090880
36.181773, 190.751662
36.751659, 192.411852
37.321299, 194.071475
37.890649, 195.730555
38.459669, 197.389116
39.028317, 199.047180
39.596549, 200.704767
40.164326, 202.361896
40.731605, 204.018586
41.298344, 205.674855
41.864502, 207.330719
42.430038, 208.986194
42.994909, 210.641294
43.559074, 212.296033
44.122492, 213.950426
44.685121, 215.604484
45.246920, 217.258220
45.807848, 218.911646
46.367863, 220.564771
46.926925, 222.217608
47.484993, 223.870165
48.042025, 225.522453
48.597981, 227.174479
49.152819, 228.826254
49.706500, 230.477785
50.258981, 232.129080
50.810224, 233.780147
51.360188, 235.430993
51.908831, 237.081625
52.456115, 238.732050
53.001998, 240.382273
53.546440, 242.032301
54.089403, 243.682140
54.630845, 245.331796
55.170728, 246.981273
55.709011, 248.630578
56.245656, 250.279714
56.780622, 251.928687
57.313870, 253.577501
57.845362, 255.226161
58.375059, 256.874671
58.902921, 258.523035
59.428910, 260.171257
59.952987, 261.819341
60.475114, 263.467290
60.995253, 265.115107
61.513365, 266.762797
62.029413, 268.410363
62.543358, 270.057807
63.055163, 271.705132
63.564791, 273.352342
64.072203, 274.999440
64.577364, 276.646427
65.080235, 278.293308
65.580780, 279.940083
66.078963, 281.586757
66.574746, 283.233330
67.068094, 284.879805
67.558969, 286.526186
68.047337, 288.172472
68.533162, 289.818668
69.016407, 291.464775
69.497037, 293.110794
69.975018, 294.756727
70.450313, 296.402577
70.922889, 298.048346
71.392711, 299.694034
71.859744, 301.339643
72.323953, 302.985176
72.785306, 304.630633
##END=
