##TITLE= Parameter file, TopSpin 4.3.0
##JCAMPDX= 5.0
##DATATYPE= Parameter Values
##ORIGIN= Bruker BioSpin GmbH
##OWNER= nmrsu
$$ 2024-04-15 19:29:50.143 +0100  nmrsu@4CE1161FJM
$$ C:/Bruker/TopSpin4.3.0/exp/stan/nmr/lists/wave/user/multisupp_aux_d8
$$ process C:\Bruker\TopSpin4.3.0\prog\mod\xwinshape.exe
##MINX= 100.00000000
##MAXX= 100.00000000
##MINY= 0.10234800
##MAXY= 359.89765200
##$SHAPE_ADDPHASE= 0
##$SHAPE_AMP= 100
##$SHAPE_BWFAC= 0
##$SHAPE_BWFAC50= 0
##$SHAPE_CALCBW= yes
##$SHAPE_CALCINTEG= yes
##$SHAPE_EXMODE= <Excitation>
##$SHAPE_EXPAND= <>
##$SHAPE_EXPANDCF= (0..143)
0 0 0 0 0 0 0 0 0 0 0 0 0 0 0 0 0 0 0 0 0 0 0 0 0 0 0 0 0 0 0 0 0 0 0 0
0 0 0 0 0 0 0 0 0 0 0 0 0 0 0 0 0 0 0 0 0 0 0 0 0 0 0 0 0 0 0 0 0 0 0 0
0 0 0 0 0 0 0 0 0 0 0 0 0 0 0 0 0 0 0 0 0 0 0 0 0 0 0 0 0 0 0 0 0 0 0 0
0 0 0 0 0 0 0 0 0 0 0 0 0 0 0 0 0 0 0 0 0 0 0 0 0 0 0 0 0 0 0 0 0 0 0 0
##$SHAPE_EXPFAC= 0
##$SHAPE_FRACEND= 0
##$SHAPE_FRACORG= 0
##$SHAPE_FRACSTART= 0
##$SHAPE_INTEGFAC= 0
##$SHAPE_KEEPRES= yes
##$SHAPE_LENGTH= 25000.000373
##$SHAPE_MAN= <M>
##$SHAPE_MODE= 1
##$SHAPE_MODFREQ= 0
##$SHAPE_MODPHASE= 0
##$SHAPE_MODSCALE= 0
##$SHAPE_MODSW= 0
##$SHAPE_MODSWDIR= -1
##$SHAPE_NPOINTS= 1250
##$SHAPE_OFFS= <1 1>
##$SHAPE_OFFSCOEFF= (0..95)
-231.78265 0 100 0 0 0 0 0 0 0 0 0 0 0 0 0 0 0 0 0 0 0 0 0 0 0 0 0 0 0
0 0 0 0 0 0 0 0 0 0 0 0 0 0 0 0 0 0 0 0 0 0 0 0 0 0 0 0 0 0 0 0 0 0 0 0
0 0 0 0 0 0 0 0 0 0 0 0 0 0 0 0 0 0 0 0 0 0 0 0 0 0 0 0 0 0
##$SHAPE_PARAMETER= <>
##$SHAPE_REPHFAC= 0
##$SHAPE_RES= 0
##$SHAPE_SCALEFAC= 1
##$SHAPE_SCALETYPE= 0
##$SHAPE_SPOAL= 0
##$SHAPE_SPOFFS= 0
##$SHAPE_SPOPH= 0
##$SHAPE_TOTROT= 90
##$SHAPE_TYPE= <Excitation>
##$SHAPE_USER_DEF= <>
##$SHAPE_VERSION= 2.1
##$SHL_ADDPHASE= (0..15)
0 0 0 0 0 0 0 0 0 0 0 0 0 0 0 0
##$SHL_ALIGNOFFSET= (0..15)
0 0 0 0 0 0 0 0 0 0 0 0 0 0 0 0
##$SHL_AMP= (0..15)
100 0 0 0 0 0 0 0 0 0 0 0 0 0 0 0
##$SHL_AMPFAC= (0..15)
0 0 0 0 0 0 0 0 0 0 0 0 0 0 0 0
##$SHL_BETA= (0..15)
0 0 0 0 0 0 0 0 0 0 0 0 0 0 0 0
##$SHL_BWFAC= (0..15)
1.116 0 0 0 0 0 0 0 0 0 0 0 0 0 0 0
##$SHL_CALCBW= (0..15)
yes yes yes yes yes yes yes yes yes yes yes yes yes yes yes yes
##$SHL_CALCINTEG= (0..15)
yes yes yes yes yes yes yes yes yes yes yes yes yes yes yes yes
##$SHL_CENTERAMP= (0..15)
0 0 0 0 0 0 0 0 0 0 0 0 0 0 0 0
##$SHL_CYCNUM= (0..15)
0 0 0 0 0 0 0 0 0 0 0 0 0 0 0 0
##$SHL_DIPOLCPL= (0..15)
0 0 0 0 0 0 0 0 0 0 0 0 0 0 0 0
##$SHL_ENDAMP= (0..15)
0 0 0 0 0 0 0 0 0 0 0 0 0 0 0 0
##$SHL_EXMODE= (0..15)
<Excitation> <> <> <> <> <> <> <> <> <> <> <> <> <> <> <>
##$SHL_EXPAND= (0..15)
<> <> <> <> <> <> <> <> <> <> <> <> <> <> <> <>
##$SHL_EXPANDCF0= (0..143)
0 0 0 0 0 0 0 0 0 0 0 0 0 0 0 0 0 0 0 0 0 0 0 0 0 0 0 0 0 0 0 0 0 0 0 0
0 0 0 0 0 0 0 0 0 0 0 0 0 0 0 0 0 0 0 0 0 0 0 0 0 0 0 0 0 0 0 0 0 0 0 0
0 0 0 0 0 0 0 0 0 0 0 0 0 0 0 0 0 0 0 0 0 0 0 0 0 0 0 0 0 0 0 0 0 0 0 0
0 0 0 0 0 0 0 0 0 0 0 0 0 0 0 0 0 0 0 0 0 0 0 0 0 0 0 0 0 0 0 0 0 0 0 0
##$SHL_EXPANDCF1= (0..143)
0 0 0 0 0 0 0 0 0 0 0 0 0 0 0 0 0 0 0 0 0 0 0 0 0 0 0 0 0 0 0 0 0 0 0 0
0 0 0 0 0 0 0 0 0 0 0 0 0 0 0 0 0 0 0 0 0 0 0 0 0 0 0 0 0 0 0 0 0 0 0 0
0 0 0 0 0 0 0 0 0 0 0 0 0 0 0 0 0 0 0 0 0 0 0 0 0 0 0 0 0 0 0 0 0 0 0 0
0 0 0 0 0 0 0 0 0 0 0 0 0 0 0 0 0 0 0 0 0 0 0 0 0 0 0 0 0 0 0 0 0 0 0 0
##$SHL_EXPANDCF10= (0..143)
0 0 0 0 0 0 0 0 0 0 0 0 0 0 0 0 0 0 0 0 0 0 0 0 0 0 0 0 0 0 0 0 0 0 0 0
0 0 0 0 0 0 0 0 0 0 0 0 0 0 0 0 0 0 0 0 0 0 0 0 0 0 0 0 0 0 0 0 0 0 0 0
0 0 0 0 0 0 0 0 0 0 0 0 0 0 0 0 0 0 0 0 0 0 0 0 0 0 0 0 0 0 0 0 0 0 0 0
0 0 0 0 0 0 0 0 0 0 0 0 0 0 0 0 0 0 0 0 0 0 0 0 0 0 0 0 0 0 0 0 0 0 0 0
##$SHL_EXPANDCF11= (0..143)
0 0 0 0 0 0 0 0 0 0 0 0 0 0 0 0 0 0 0 0 0 0 0 0 0 0 0 0 0 0 0 0 0 0 0 0
0 0 0 0 0 0 0 0 0 0 0 0 0 0 0 0 0 0 0 0 0 0 0 0 0 0 0 0 0 0 0 0 0 0 0 0
0 0 0 0 0 0 0 0 0 0 0 0 0 0 0 0 0 0 0 0 0 0 0 0 0 0 0 0 0 0 0 0 0 0 0 0
0 0 0 0 0 0 0 0 0 0 0 0 0 0 0 0 0 0 0 0 0 0 0 0 0 0 0 0 0 0 0 0 0 0 0 0
##$SHL_EXPANDCF12= (0..143)
0 0 0 0 0 0 0 0 0 0 0 0 0 0 0 0 0 0 0 0 0 0 0 0 0 0 0 0 0 0 0 0 0 0 0 0
0 0 0 0 0 0 0 0 0 0 0 0 0 0 0 0 0 0 0 0 0 0 0 0 0 0 0 0 0 0 0 0 0 0 0 0
0 0 0 0 0 0 0 0 0 0 0 0 0 0 0 0 0 0 0 0 0 0 0 0 0 0 0 0 0 0 0 0 0 0 0 0
0 0 0 0 0 0 0 0 0 0 0 0 0 0 0 0 0 0 0 0 0 0 0 0 0 0 0 0 0 0 0 0 0 0 0 0
##$SHL_EXPANDCF13= (0..143)
0 0 0 0 0 0 0 0 0 0 0 0 0 0 0 0 0 0 0 0 0 0 0 0 0 0 0 0 0 0 0 0 0 0 0 0
0 0 0 0 0 0 0 0 0 0 0 0 0 0 0 0 0 0 0 0 0 0 0 0 0 0 0 0 0 0 0 0 0 0 0 0
0 0 0 0 0 0 0 0 0 0 0 0 0 0 0 0 0 0 0 0 0 0 0 0 0 0 0 0 0 0 0 0 0 0 0 0
0 0 0 0 0 0 0 0 0 0 0 0 0 0 0 0 0 0 0 0 0 0 0 0 0 0 0 0 0 0 0 0 0 0 0 0
##$SHL_EXPANDCF14= (0..143)
0 0 0 0 0 0 0 0 0 0 0 0 0 0 0 0 0 0 0 0 0 0 0 0 0 0 0 0 0 0 0 0 0 0 0 0
0 0 0 0 0 0 0 0 0 0 0 0 0 0 0 0 0 0 0 0 0 0 0 0 0 0 0 0 0 0 0 0 0 0 0 0
0 0 0 0 0 0 0 0 0 0 0 0 0 0 0 0 0 0 0 0 0 0 0 0 0 0 0 0 0 0 0 0 0 0 0 0
0 0 0 0 0 0 0 0 0 0 0 0 0 0 0 0 0 0 0 0 0 0 0 0 0 0 0 0 0 0 0 0 0 0 0 0
##$SHL_EXPANDCF15= (0..143)
0 0 0 0 0 0 0 0 0 0 0 0 0 0 0 0 0 0 0 0 0 0 0 0 0 0 0 0 0 0 0 0 0 0 0 0
0 0 0 0 0 0 0 0 0 0 0 0 0 0 0 0 0 0 0 0 0 0 0 0 0 0 0 0 0 0 0 0 0 0 0 0
0 0 0 0 0 0 0 0 0 0 0 0 0 0 0 0 0 0 0 0 0 0 0 0 0 0 0 0 0 0 0 0 0 0 0 0
0 0 0 0 0 0 0 0 0 0 0 0 0 0 0 0 0 0 0 0 0 0 0 0 0 0 0 0 0 0 0 0 0 0 0 0
##$SHL_EXPANDCF2= (0..143)
0 0 0 0 0 0 0 0 0 0 0 0 0 0 0 0 0 0 0 0 0 0 0 0 0 0 0 0 0 0 0 0 0 0 0 0
0 0 0 0 0 0 0 0 0 0 0 0 0 0 0 0 0 0 0 0 0 0 0 0 0 0 0 0 0 0 0 0 0 0 0 0
0 0 0 0 0 0 0 0 0 0 0 0 0 0 0 0 0 0 0 0 0 0 0 0 0 0 0 0 0 0 0 0 0 0 0 0
0 0 0 0 0 0 0 0 0 0 0 0 0 0 0 0 0 0 0 0 0 0 0 0 0 0 0 0 0 0 0 0 0 0 0 0
##$SHL_EXPANDCF3= (0..143)
0 0 0 0 0 0 0 0 0 0 0 0 0 0 0 0 0 0 0 0 0 0 0 0 0 0 0 0 0 0 0 0 0 0 0 0
0 0 0 0 0 0 0 0 0 0 0 0 0 0 0 0 0 0 0 0 0 0 0 0 0 0 0 0 0 0 0 0 0 0 0 0
0 0 0 0 0 0 0 0 0 0 0 0 0 0 0 0 0 0 0 0 0 0 0 0 0 0 0 0 0 0 0 0 0 0 0 0
0 0 0 0 0 0 0 0 0 0 0 0 0 0 0 0 0 0 0 0 0 0 0 0 0 0 0 0 0 0 0 0 0 0 0 0
##$SHL_EXPANDCF4= (0..143)
0 0 0 0 0 0 0 0 0 0 0 0 0 0 0 0 0 0 0 0 0 0 0 0 0 0 0 0 0 0 0 0 0 0 0 0
0 0 0 0 0 0 0 0 0 0 0 0 0 0 0 0 0 0 0 0 0 0 0 0 0 0 0 0 0 0 0 0 0 0 0 0
0 0 0 0 0 0 0 0 0 0 0 0 0 0 0 0 0 0 0 0 0 0 0 0 0 0 0 0 0 0 0 0 0 0 0 0
0 0 0 0 0 0 0 0 0 0 0 0 0 0 0 0 0 0 0 0 0 0 0 0 0 0 0 0 0 0 0 0 0 0 0 0
##$SHL_EXPANDCF5= (0..143)
0 0 0 0 0 0 0 0 0 0 0 0 0 0 0 0 0 0 0 0 0 0 0 0 0 0 0 0 0 0 0 0 0 0 0 0
0 0 0 0 0 0 0 0 0 0 0 0 0 0 0 0 0 0 0 0 0 0 0 0 0 0 0 0 0 0 0 0 0 0 0 0
0 0 0 0 0 0 0 0 0 0 0 0 0 0 0 0 0 0 0 0 0 0 0 0 0 0 0 0 0 0 0 0 0 0 0 0
0 0 0 0 0 0 0 0 0 0 0 0 0 0 0 0 0 0 0 0 0 0 0 0 0 0 0 0 0 0 0 0 0 0 0 0
##$SHL_EXPANDCF6= (0..143)
0 0 0 0 0 0 0 0 0 0 0 0 0 0 0 0 0 0 0 0 0 0 0 0 0 0 0 0 0 0 0 0 0 0 0 0
0 0 0 0 0 0 0 0 0 0 0 0 0 0 0 0 0 0 0 0 0 0 0 0 0 0 0 0 0 0 0 0 0 0 0 0
0 0 0 0 0 0 0 0 0 0 0 0 0 0 0 0 0 0 0 0 0 0 0 0 0 0 0 0 0 0 0 0 0 0 0 0
0 0 0 0 0 0 0 0 0 0 0 0 0 0 0 0 0 0 0 0 0 0 0 0 0 0 0 0 0 0 0 0 0 0 0 0
##$SHL_EXPANDCF7= (0..143)
0 0 0 0 0 0 0 0 0 0 0 0 0 0 0 0 0 0 0 0 0 0 0 0 0 0 0 0 0 0 0 0 0 0 0 0
0 0 0 0 0 0 0 0 0 0 0 0 0 0 0 0 0 0 0 0 0 0 0 0 0 0 0 0 0 0 0 0 0 0 0 0
0 0 0 0 0 0 0 0 0 0 0 0 0 0 0 0 0 0 0 0 0 0 0 0 0 0 0 0 0 0 0 0 0 0 0 0
0 0 0 0 0 0 0 0 0 0 0 0 0 0 0 0 0 0 0 0 0 0 0 0 0 0 0 0 0 0 0 0 0 0 0 0
##$SHL_EXPANDCF8= (0..143)
0 0 0 0 0 0 0 0 0 0 0 0 0 0 0 0 0 0 0 0 0 0 0 0 0 0 0 0 0 0 0 0 0 0 0 0
0 0 0 0 0 0 0 0 0 0 0 0 0 0 0 0 0 0 0 0 0 0 0 0 0 0 0 0 0 0 0 0 0 0 0 0
0 0 0 0 0 0 0 0 0 0 0 0 0 0 0 0 0 0 0 0 0 0 0 0 0 0 0 0 0 0 0 0 0 0 0 0
0 0 0 0 0 0 0 0 0 0 0 0 0 0 0 0 0 0 0 0 0 0 0 0 0 0 0 0 0 0 0 0 0 0 0 0
##$SHL_EXPANDCF9= (0..143)
0 0 0 0 0 0 0 0 0 0 0 0 0 0 0 0 0 0 0 0 0 0 0 0 0 0 0 0 0 0 0 0 0 0 0 0
0 0 0 0 0 0 0 0 0 0 0 0 0 0 0 0 0 0 0 0 0 0 0 0 0 0 0 0 0 0 0 0 0 0 0 0
0 0 0 0 0 0 0 0 0 0 0 0 0 0 0 0 0 0 0 0 0 0 0 0 0 0 0 0 0 0 0 0 0 0 0 0
0 0 0 0 0 0 0 0 0 0 0 0 0 0 0 0 0 0 0 0 0 0 0 0 0 0 0 0 0 0 0 0 0 0 0 0
##$SHL_EXPFAC= (0..15)
0 0 0 0 0 0 0 0 0 0 0 0 0 0 0 0
##$SHL_FRACEND= (0..15)
0 0 0 0 0 0 0 0 0 0 0 0 0 0 0 0
##$SHL_FRACORG= (0..15)
0 0 0 0 0 0 0 0 0 0 0 0 0 0 0 0
##$SHL_FRACSTART= (0..15)
0 0 0 0 0 0 0 0 0 0 0 0 0 0 0 0
##$SHL_FULLHALF= (0..15)
0 0 0 0 0 0 0 0 0 0 0 0 0 0 0 0
##$SHL_FUNCAMP= (0..15)
100 0 0 0 0 0 0 0 0 0 0 0 0 0 0 0
##$SHL_FUNCTION= (0..15)
<Rectangle> <> <> <> <> <> <> <> <> <> <> <> <> <> <> <>
##$SHL_GCO= (0..15)
<> <> <> <> <> <> <> <> <> <> <> <> <> <> <> <>
##$SHL_GCOCOEFFS0= (0..59)
0 0 0 0 0 0 0 0 0 0 0 0 0 0 0 0 0 0 0 0 0 0 0 0 0 0 0 0 0 0 0 0 0 0 0 0
0 0 0 0 0 0 0 0 0 0 0 0 0 0 0 0 0 0 0 0 0 0 0 0
##$SHL_GCOCOEFFS1= (0..59)
0 0 0 0 0 0 0 0 0 0 0 0 0 0 0 0 0 0 0 0 0 0 0 0 0 0 0 0 0 0 0 0 0 0 0 0
0 0 0 0 0 0 0 0 0 0 0 0 0 0 0 0 0 0 0 0 0 0 0 0
##$SHL_GCOCOEFFS10= (0..59)
0 0 0 0 0 0 0 0 0 0 0 0 0 0 0 0 0 0 0 0 0 0 0 0 0 0 0 0 0 0 0 0 0 0 0 0
0 0 0 0 0 0 0 0 0 0 0 0 0 0 0 0 0 0 0 0 0 0 0 0
##$SHL_GCOCOEFFS11= (0..59)
0 0 0 0 0 0 0 0 0 0 0 0 0 0 0 0 0 0 0 0 0 0 0 0 0 0 0 0 0 0 0 0 0 0 0 0
0 0 0 0 0 0 0 0 0 0 0 0 0 0 0 0 0 0 0 0 0 0 0 0
##$SHL_GCOCOEFFS12= (0..59)
0 0 0 0 0 0 0 0 0 0 0 0 0 0 0 0 0 0 0 0 0 0 0 0 0 0 0 0 0 0 0 0 0 0 0 0
0 0 0 0 0 0 0 0 0 0 0 0 0 0 0 0 0 0 0 0 0 0 0 0
##$SHL_GCOCOEFFS13= (0..59)
0 0 0 0 0 0 0 0 0 0 0 0 0 0 0 0 0 0 0 0 0 0 0 0 0 0 0 0 0 0 0 0 0 0 0 0
0 0 0 0 0 0 0 0 0 0 0 0 0 0 0 0 0 0 0 0 0 0 0 0
##$SHL_GCOCOEFFS14= (0..59)
0 0 0 0 0 0 0 0 0 0 0 0 0 0 0 0 0 0 0 0 0 0 0 0 0 0 0 0 0 0 0 0 0 0 0 0
0 0 0 0 0 0 0 0 0 0 0 0 0 0 0 0 0 0 0 0 0 0 0 0
##$SHL_GCOCOEFFS15= (0..59)
0 0 0 0 0 0 0 0 0 0 0 0 0 0 0 0 0 0 0 0 0 0 0 0 0 0 0 0 0 0 0 0 0 0 0 0
0 0 0 0 0 0 0 0 0 0 0 0 0 0 0 0 0 0 0 0 0 0 0 0
##$SHL_GCOCOEFFS2= (0..59)
0 0 0 0 0 0 0 0 0 0 0 0 0 0 0 0 0 0 0 0 0 0 0 0 0 0 0 0 0 0 0 0 0 0 0 0
0 0 0 0 0 0 0 0 0 0 0 0 0 0 0 0 0 0 0 0 0 0 0 0
##$SHL_GCOCOEFFS3= (0..59)
0 0 0 0 0 0 0 0 0 0 0 0 0 0 0 0 0 0 0 0 0 0 0 0 0 0 0 0 0 0 0 0 0 0 0 0
0 0 0 0 0 0 0 0 0 0 0 0 0 0 0 0 0 0 0 0 0 0 0 0
##$SHL_GCOCOEFFS4= (0..59)
0 0 0 0 0 0 0 0 0 0 0 0 0 0 0 0 0 0 0 0 0 0 0 0 0 0 0 0 0 0 0 0 0 0 0 0
0 0 0 0 0 0 0 0 0 0 0 0 0 0 0 0 0 0 0 0 0 0 0 0
##$SHL_GCOCOEFFS5= (0..59)
0 0 0 0 0 0 0 0 0 0 0 0 0 0 0 0 0 0 0 0 0 0 0 0 0 0 0 0 0 0 0 0 0 0 0 0
0 0 0 0 0 0 0 0 0 0 0 0 0 0 0 0 0 0 0 0 0 0 0 0
##$SHL_GCOCOEFFS6= (0..59)
0 0 0 0 0 0 0 0 0 0 0 0 0 0 0 0 0 0 0 0 0 0 0 0 0 0 0 0 0 0 0 0 0 0 0 0
0 0 0 0 0 0 0 0 0 0 0 0 0 0 0 0 0 0 0 0 0 0 0 0
##$SHL_GCOCOEFFS7= (0..59)
0 0 0 0 0 0 0 0 0 0 0 0 0 0 0 0 0 0 0 0 0 0 0 0 0 0 0 0 0 0 0 0 0 0 0 0
0 0 0 0 0 0 0 0 0 0 0 0 0 0 0 0 0 0 0 0 0 0 0 0
##$SHL_GCOCOEFFS8= (0..59)
0 0 0 0 0 0 0 0 0 0 0 0 0 0 0 0 0 0 0 0 0 0 0 0 0 0 0 0 0 0 0 0 0 0 0 0
0 0 0 0 0 0 0 0 0 0 0 0 0 0 0 0 0 0 0 0 0 0 0 0
##$SHL_GCOCOEFFS9= (0..59)
0 0 0 0 0 0 0 0 0 0 0 0 0 0 0 0 0 0 0 0 0 0 0 0 0 0 0 0 0 0 0 0 0 0 0 0
0 0 0 0 0 0 0 0 0 0 0 0 0 0 0 0 0 0 0 0 0 0 0 0
##$SHL_INTEGFAC= (0..15)
1 0 0 0 0 0 0 0 0 0 0 0 0 0 0 0
##$SHL_LB= (0..15)
0 0 0 0 0 0 0 0 0 0 0 0 0 0 0 0
##$SHL_LEFTLIMIT= (0..15)
0 0 0 0 0 0 0 0 0 0 0 0 0 0 0 0
##$SHL_LENGTH= (0..15)
25000.000373 0 0 0 0 0 0 0 0 0 0 0 0 0 0 0
##$SHL_MAN= (0..15)
<> <> <> <> <> <> <> <> <> <> <> <> <> <> <> <>
##$SHL_MEANAMP= (0..15)
0 0 0 0 0 0 0 0 0 0 0 0 0 0 0 0
##$SHL_MODAMP= (0..15)
0 0 0 0 0 0 0 0 0 0 0 0 0 0 0 0
##$SHL_MODE= (0..15)
0 0 0 0 0 0 0 0 0 0 0 0 0 0 0 0
##$SHL_MODFREQ= (0..15)
0 0 0 0 0 0 0 0 0 0 0 0 0 0 0 0
##$SHL_MODPHASE= (0..15)
0 0 0 0 0 0 0 0 0 0 0 0 0 0 0 0
##$SHL_MODSCALE= (0..15)
0 0 0 0 0 0 0 0 0 0 0 0 0 0 0 0
##$SHL_MODSW= (0..15)
0 0 0 0 0 0 0 0 0 0 0 0 0 0 0 0
##$SHL_MODSWDIR= (0..15)
-1 -1 -1 -1 -1 -1 -1 -1 -1 -1 -1 -1 -1 -1 -1 -1
##$SHL_MU= (0..15)
0 0 0 0 0 0 0 0 0 0 0 0 0 0 0 0
##$SHL_NPOINTS= (0..15)
1250 0 0 0 0 0 0 0 0 0 0 0 0 0 0 0
##$SHL_OFFS= (0..15)
<> <> <> <> <> <> <> <> <> <> <> <> <> <> <> <>
##$SHL_OFFSCOEFF0= (0..95)
0 0 0 0 0 0 0 0 0 0 0 0 0 0 0 0 0 0 0 0 0 0 0 0 0 0 0 0 0 0 0 0 0 0 0 0
0 0 0 0 0 0 0 0 0 0 0 0 0 0 0 0 0 0 0 0 0 0 0 0 0 0 0 0 0 0 0 0 0 0 0 0
0 0 0 0 0 0 0 0 0 0 0 0 0 0 0 0 0 0 0 0 0 0 0 0
##$SHL_OFFSCOEFF1= (0..95)
0 0 0 0 0 0 0 0 0 0 0 0 0 0 0 0 0 0 0 0 0 0 0 0 0 0 0 0 0 0 0 0 0 0 0 0
0 0 0 0 0 0 0 0 0 0 0 0 0 0 0 0 0 0 0 0 0 0 0 0 0 0 0 0 0 0 0 0 0 0 0 0
0 0 0 0 0 0 0 0 0 0 0 0 0 0 0 0 0 0 0 0 0 0 0 0
##$SHL_OFFSCOEFF10= (0..95)
0 0 0 0 0 0 0 0 0 0 0 0 0 0 0 0 0 0 0 0 0 0 0 0 0 0 0 0 0 0 0 0 0 0 0 0
0 0 0 0 0 0 0 0 0 0 0 0 0 0 0 0 0 0 0 0 0 0 0 0 0 0 0 0 0 0 0 0 0 0 0 0
0 0 0 0 0 0 0 0 0 0 0 0 0 0 0 0 0 0 0 0 0 0 0 0
##$SHL_OFFSCOEFF11= (0..95)
0 0 0 0 0 0 0 0 0 0 0 0 0 0 0 0 0 0 0 0 0 0 0 0 0 0 0 0 0 0 0 0 0 0 0 0
0 0 0 0 0 0 0 0 0 0 0 0 0 0 0 0 0 0 0 0 0 0 0 0 0 0 0 0 0 0 0 0 0 0 0 0
0 0 0 0 0 0 0 0 0 0 0 0 0 0 0 0 0 0 0 0 0 0 0 0
##$SHL_OFFSCOEFF12= (0..95)
0 0 0 0 0 0 0 0 0 0 0 0 0 0 0 0 0 0 0 0 0 0 0 0 0 0 0 0 0 0 0 0 0 0 0 0
0 0 0 0 0 0 0 0 0 0 0 0 0 0 0 0 0 0 0 0 0 0 0 0 0 0 0 0 0 0 0 0 0 0 0 0
0 0 0 0 0 0 0 0 0 0 0 0 0 0 0 0 0 0 0 0 0 0 0 0
##$SHL_OFFSCOEFF13= (0..95)
0 0 0 0 0 0 0 0 0 0 0 0 0 0 0 0 0 0 0 0 0 0 0 0 0 0 0 0 0 0 0 0 0 0 0 0
0 0 0 0 0 0 0 0 0 0 0 0 0 0 0 0 0 0 0 0 0 0 0 0 0 0 0 0 0 0 0 0 0 0 0 0
0 0 0 0 0 0 0 0 0 0 0 0 0 0 0 0 0 0 0 0 0 0 0 0
##$SHL_OFFSCOEFF14= (0..95)
0 0 0 0 0 0 0 0 0 0 0 0 0 0 0 0 0 0 0 0 0 0 0 0 0 0 0 0 0 0 0 0 0 0 0 0
0 0 0 0 0 0 0 0 0 0 0 0 0 0 0 0 0 0 0 0 0 0 0 0 0 0 0 0 0 0 0 0 0 0 0 0
0 0 0 0 0 0 0 0 0 0 0 0 0 0 0 0 0 0 0 0 0 0 0 0
##$SHL_OFFSCOEFF15= (0..95)
0 0 0 0 0 0 0 0 0 0 0 0 0 0 0 0 0 0 0 0 0 0 0 0 0 0 0 0 0 0 0 0 0 0 0 0
0 0 0 0 0 0 0 0 0 0 0 0 0 0 0 0 0 0 0 0 0 0 0 0 0 0 0 0 0 0 0 0 0 0 0 0
0 0 0 0 0 0 0 0 0 0 0 0 0 0 0 0 0 0 0 0 0 0 0 0
##$SHL_OFFSCOEFF2= (0..95)
0 0 0 0 0 0 0 0 0 0 0 0 0 0 0 0 0 0 0 0 0 0 0 0 0 0 0 0 0 0 0 0 0 0 0 0
0 0 0 0 0 0 0 0 0 0 0 0 0 0 0 0 0 0 0 0 0 0 0 0 0 0 0 0 0 0 0 0 0 0 0 0
0 0 0 0 0 0 0 0 0 0 0 0 0 0 0 0 0 0 0 0 0 0 0 0
##$SHL_OFFSCOEFF3= (0..95)
0 0 0 0 0 0 0 0 0 0 0 0 0 0 0 0 0 0 0 0 0 0 0 0 0 0 0 0 0 0 0 0 0 0 0 0
0 0 0 0 0 0 0 0 0 0 0 0 0 0 0 0 0 0 0 0 0 0 0 0 0 0 0 0 0 0 0 0 0 0 0 0
0 0 0 0 0 0 0 0 0 0 0 0 0 0 0 0 0 0 0 0 0 0 0 0
##$SHL_OFFSCOEFF4= (0..95)
0 0 0 0 0 0 0 0 0 0 0 0 0 0 0 0 0 0 0 0 0 0 0 0 0 0 0 0 0 0 0 0 0 0 0 0
0 0 0 0 0 0 0 0 0 0 0 0 0 0 0 0 0 0 0 0 0 0 0 0 0 0 0 0 0 0 0 0 0 0 0 0
0 0 0 0 0 0 0 0 0 0 0 0 0 0 0 0 0 0 0 0 0 0 0 0
##$SHL_OFFSCOEFF5= (0..95)
0 0 0 0 0 0 0 0 0 0 0 0 0 0 0 0 0 0 0 0 0 0 0 0 0 0 0 0 0 0 0 0 0 0 0 0
0 0 0 0 0 0 0 0 0 0 0 0 0 0 0 0 0 0 0 0 0 0 0 0 0 0 0 0 0 0 0 0 0 0 0 0
0 0 0 0 0 0 0 0 0 0 0 0 0 0 0 0 0 0 0 0 0 0 0 0
##$SHL_OFFSCOEFF6= (0..95)
0 0 0 0 0 0 0 0 0 0 0 0 0 0 0 0 0 0 0 0 0 0 0 0 0 0 0 0 0 0 0 0 0 0 0 0
0 0 0 0 0 0 0 0 0 0 0 0 0 0 0 0 0 0 0 0 0 0 0 0 0 0 0 0 0 0 0 0 0 0 0 0
0 0 0 0 0 0 0 0 0 0 0 0 0 0 0 0 0 0 0 0 0 0 0 0
##$SHL_OFFSCOEFF7= (0..95)
0 0 0 0 0 0 0 0 0 0 0 0 0 0 0 0 0 0 0 0 0 0 0 0 0 0 0 0 0 0 0 0 0 0 0 0
0 0 0 0 0 0 0 0 0 0 0 0 0 0 0 0 0 0 0 0 0 0 0 0 0 0 0 0 0 0 0 0 0 0 0 0
0 0 0 0 0 0 0 0 0 0 0 0 0 0 0 0 0 0 0 0 0 0 0 0
##$SHL_OFFSCOEFF8= (0..95)
0 0 0 0 0 0 0 0 0 0 0 0 0 0 0 0 0 0 0 0 0 0 0 0 0 0 0 0 0 0 0 0 0 0 0 0
0 0 0 0 0 0 0 0 0 0 0 0 0 0 0 0 0 0 0 0 0 0 0 0 0 0 0 0 0 0 0 0 0 0 0 0
0 0 0 0 0 0 0 0 0 0 0 0 0 0 0 0 0 0 0 0 0 0 0 0
##$SHL_OFFSCOEFF9= (0..95)
0 0 0 0 0 0 0 0 0 0 0 0 0 0 0 0 0 0 0 0 0 0 0 0 0 0 0 0 0 0 0 0 0 0 0 0
0 0 0 0 0 0 0 0 0 0 0 0 0 0 0 0 0 0 0 0 0 0 0 0 0 0 0 0 0 0 0 0 0 0 0 0
0 0 0 0 0 0 0 0 0 0 0 0 0 0 0 0 0 0 0 0 0 0 0 0
##$SHL_PHASE= (0..15)
0 0 0 0 0 0 0 0 0 0 0 0 0 0 0 0
##$SHL_PHASEFAC= (0..15)
0 0 0 0 0 0 0 0 0 0 0 0 0 0 0 0
##$SHL_POWERINDEX= (0..15)
0 0 0 0 0 0 0 0 0 0 0 0 0 0 0 0
##$SHL_QUADCOEFF= (0..15)
0 0 0 0 0 0 0 0 0 0 0 0 0 0 0 0
##$SHL_RIGHTLIMIT= (0..15)
0 0 0 0 0 0 0 0 0 0 0 0 0 0 0 0
##$SHL_SCALEFACTOR= (0..15)
1 1 1 1 1 1 1 1 1 1 1 1 1 1 1 1
##$SHL_SF= (0..15)
<> <> <> <> <> <> <> <> <> <> <> <> <> <> <> <>
##$SHL_SFCOEFFS0= (0..200)
0 0 0 0 0 0 0 0 0 0 0 0 0 0 0 0 0 0 0 0 0 0 0 0 0 0 0 0 0 0 0 0 0 0 0 0
0 0 0 0 0 0 0 0 0 0 0 0 0 0 0 0 0 0 0 0 0 0 0 0 0 0 0 0 0 0 0 0 0 0 0 0
0 0 0 0 0 0 0 0 0 0 0 0 0 0 0 0 0 0 0 0 0 0 0 0 0 0 0 0 0 0 0 0 0 0 0 0
0 0 0 0 0 0 0 0 0 0 0 0 0 0 0 0 0 0 0 0 0 0 0 0 0 0 0 0 0 0 0 0 0 0 0 0
0 0 0 0 0 0 0 0 0 0 0 0 0 0 0 0 0 0 0 0 0 0 0 0 0 0 0 0 0 0 0 0 0 0 0 0
0 0 0 0 0 0 0 0 0 0 0 0 0 0 0 0 0 0 0 0 0
##$SHL_SFCOEFFS1= (0..200)
0 0 0 0 0 0 0 0 0 0 0 0 0 0 0 0 0 0 0 0 0 0 0 0 0 0 0 0 0 0 0 0 0 0 0 0
0 0 0 0 0 0 0 0 0 0 0 0 0 0 0 0 0 0 0 0 0 0 0 0 0 0 0 0 0 0 0 0 0 0 0 0
0 0 0 0 0 0 0 0 0 0 0 0 0 0 0 0 0 0 0 0 0 0 0 0 0 0 0 0 0 0 0 0 0 0 0 0
0 0 0 0 0 0 0 0 0 0 0 0 0 0 0 0 0 0 0 0 0 0 0 0 0 0 0 0 0 0 0 0 0 0 0 0
0 0 0 0 0 0 0 0 0 0 0 0 0 0 0 0 0 0 0 0 0 0 0 0 0 0 0 0 0 0 0 0 0 0 0 0
0 0 0 0 0 0 0 0 0 0 0 0 0 0 0 0 0 0 0 0 0
##$SHL_SFCOEFFS10= (0..200)
0 0 0 0 0 0 0 0 0 0 0 0 0 0 0 0 0 0 0 0 0 0 0 0 0 0 0 0 0 0 0 0 0 0 0 0
0 0 0 0 0 0 0 0 0 0 0 0 0 0 0 0 0 0 0 0 0 0 0 0 0 0 0 0 0 0 0 0 0 0 0 0
0 0 0 0 0 0 0 0 0 0 0 0 0 0 0 0 0 0 0 0 0 0 0 0 0 0 0 0 0 0 0 0 0 0 0 0
0 0 0 0 0 0 0 0 0 0 0 0 0 0 0 0 0 0 0 0 0 0 0 0 0 0 0 0 0 0 0 0 0 0 0 0
0 0 0 0 0 0 0 0 0 0 0 0 0 0 0 0 0 0 0 0 0 0 0 0 0 0 0 0 0 0 0 0 0 0 0 0
0 0 0 0 0 0 0 0 0 0 0 0 0 0 0 0 0 0 0 0 0
##$SHL_SFCOEFFS11= (0..200)
0 0 0 0 0 0 0 0 0 0 0 0 0 0 0 0 0 0 0 0 0 0 0 0 0 0 0 0 0 0 0 0 0 0 0 0
0 0 0 0 0 0 0 0 0 0 0 0 0 0 0 0 0 0 0 0 0 0 0 0 0 0 0 0 0 0 0 0 0 0 0 0
0 0 0 0 0 0 0 0 0 0 0 0 0 0 0 0 0 0 0 0 0 0 0 0 0 0 0 0 0 0 0 0 0 0 0 0
0 0 0 0 0 0 0 0 0 0 0 0 0 0 0 0 0 0 0 0 0 0 0 0 0 0 0 0 0 0 0 0 0 0 0 0
0 0 0 0 0 0 0 0 0 0 0 0 0 0 0 0 0 0 0 0 0 0 0 0 0 0 0 0 0 0 0 0 0 0 0 0
0 0 0 0 0 0 0 0 0 0 0 0 0 0 0 0 0 0 0 0 0
##$SHL_SFCOEFFS12= (0..200)
0 0 0 0 0 0 0 0 0 0 0 0 0 0 0 0 0 0 0 0 0 0 0 0 0 0 0 0 0 0 0 0 0 0 0 0
0 0 0 0 0 0 0 0 0 0 0 0 0 0 0 0 0 0 0 0 0 0 0 0 0 0 0 0 0 0 0 0 0 0 0 0
0 0 0 0 0 0 0 0 0 0 0 0 0 0 0 0 0 0 0 0 0 0 0 0 0 0 0 0 0 0 0 0 0 0 0 0
0 0 0 0 0 0 0 0 0 0 0 0 0 0 0 0 0 0 0 0 0 0 0 0 0 0 0 0 0 0 0 0 0 0 0 0
0 0 0 0 0 0 0 0 0 0 0 0 0 0 0 0 0 0 0 0 0 0 0 0 0 0 0 0 0 0 0 0 0 0 0 0
0 0 0 0 0 0 0 0 0 0 0 0 0 0 0 0 0 0 0 0 0
##$SHL_SFCOEFFS13= (0..200)
0 0 0 0 0 0 0 0 0 0 0 0 0 0 0 0 0 0 0 0 0 0 0 0 0 0 0 0 0 0 0 0 0 0 0 0
0 0 0 0 0 0 0 0 0 0 0 0 0 0 0 0 0 0 0 0 0 0 0 0 0 0 0 0 0 0 0 0 0 0 0 0
0 0 0 0 0 0 0 0 0 0 0 0 0 0 0 0 0 0 0 0 0 0 0 0 0 0 0 0 0 0 0 0 0 0 0 0
0 0 0 0 0 0 0 0 0 0 0 0 0 0 0 0 0 0 0 0 0 0 0 0 0 0 0 0 0 0 0 0 0 0 0 0
0 0 0 0 0 0 0 0 0 0 0 0 0 0 0 0 0 0 0 0 0 0 0 0 0 0 0 0 0 0 0 0 0 0 0 0
0 0 0 0 0 0 0 0 0 0 0 0 0 0 0 0 0 0 0 0 0
##$SHL_SFCOEFFS14= (0..200)
0 0 0 0 0 0 0 0 0 0 0 0 0 0 0 0 0 0 0 0 0 0 0 0 0 0 0 0 0 0 0 0 0 0 0 0
0 0 0 0 0 0 0 0 0 0 0 0 0 0 0 0 0 0 0 0 0 0 0 0 0 0 0 0 0 0 0 0 0 0 0 0
0 0 0 0 0 0 0 0 0 0 0 0 0 0 0 0 0 0 0 0 0 0 0 0 0 0 0 0 0 0 0 0 0 0 0 0
0 0 0 0 0 0 0 0 0 0 0 0 0 0 0 0 0 0 0 0 0 0 0 0 0 0 0 0 0 0 0 0 0 0 0 0
0 0 0 0 0 0 0 0 0 0 0 0 0 0 0 0 0 0 0 0 0 0 0 0 0 0 0 0 0 0 0 0 0 0 0 0
0 0 0 0 0 0 0 0 0 0 0 0 0 0 0 0 0 0 0 0 0
##$SHL_SFCOEFFS15= (0..200)
0 0 0 0 0 0 0 0 0 0 0 0 0 0 0 0 0 0 0 0 0 0 0 0 0 0 0 0 0 0 0 0 0 0 0 0
0 0 0 0 0 0 0 0 0 0 0 0 0 0 0 0 0 0 0 0 0 0 0 0 0 0 0 0 0 0 0 0 0 0 0 0
0 0 0 0 0 0 0 0 0 0 0 0 0 0 0 0 0 0 0 0 0 0 0 0 0 0 0 0 0 0 0 0 0 0 0 0
0 0 0 0 0 0 0 0 0 0 0 0 0 0 0 0 0 0 0 0 0 0 0 0 0 0 0 0 0 0 0 0 0 0 0 0
0 0 0 0 0 0 0 0 0 0 0 0 0 0 0 0 0 0 0 0 0 0 0 0 0 0 0 0 0 0 0 0 0 0 0 0
0 0 0 0 0 0 0 0 0 0 0 0 0 0 0 0 0 0 0 0 0
##$SHL_SFCOEFFS2= (0..200)
0 0 0 0 0 0 0 0 0 0 0 0 0 0 0 0 0 0 0 0 0 0 0 0 0 0 0 0 0 0 0 0 0 0 0 0
0 0 0 0 0 0 0 0 0 0 0 0 0 0 0 0 0 0 0 0 0 0 0 0 0 0 0 0 0 0 0 0 0 0 0 0
0 0 0 0 0 0 0 0 0 0 0 0 0 0 0 0 0 0 0 0 0 0 0 0 0 0 0 0 0 0 0 0 0 0 0 0
0 0 0 0 0 0 0 0 0 0 0 0 0 0 0 0 0 0 0 0 0 0 0 0 0 0 0 0 0 0 0 0 0 0 0 0
0 0 0 0 0 0 0 0 0 0 0 0 0 0 0 0 0 0 0 0 0 0 0 0 0 0 0 0 0 0 0 0 0 0 0 0
0 0 0 0 0 0 0 0 0 0 0 0 0 0 0 0 0 0 0 0 0
##$SHL_SFCOEFFS3= (0..200)
0 0 0 0 0 0 0 0 0 0 0 0 0 0 0 0 0 0 0 0 0 0 0 0 0 0 0 0 0 0 0 0 0 0 0 0
0 0 0 0 0 0 0 0 0 0 0 0 0 0 0 0 0 0 0 0 0 0 0 0 0 0 0 0 0 0 0 0 0 0 0 0
0 0 0 0 0 0 0 0 0 0 0 0 0 0 0 0 0 0 0 0 0 0 0 0 0 0 0 0 0 0 0 0 0 0 0 0
0 0 0 0 0 0 0 0 0 0 0 0 0 0 0 0 0 0 0 0 0 0 0 0 0 0 0 0 0 0 0 0 0 0 0 0
0 0 0 0 0 0 0 0 0 0 0 0 0 0 0 0 0 0 0 0 0 0 0 0 0 0 0 0 0 0 0 0 0 0 0 0
0 0 0 0 0 0 0 0 0 0 0 0 0 0 0 0 0 0 0 0 0
##$SHL_SFCOEFFS4= (0..200)
0 0 0 0 0 0 0 0 0 0 0 0 0 0 0 0 0 0 0 0 0 0 0 0 0 0 0 0 0 0 0 0 0 0 0 0
0 0 0 0 0 0 0 0 0 0 0 0 0 0 0 0 0 0 0 0 0 0 0 0 0 0 0 0 0 0 0 0 0 0 0 0
0 0 0 0 0 0 0 0 0 0 0 0 0 0 0 0 0 0 0 0 0 0 0 0 0 0 0 0 0 0 0 0 0 0 0 0
0 0 0 0 0 0 0 0 0 0 0 0 0 0 0 0 0 0 0 0 0 0 0 0 0 0 0 0 0 0 0 0 0 0 0 0
0 0 0 0 0 0 0 0 0 0 0 0 0 0 0 0 0 0 0 0 0 0 0 0 0 0 0 0 0 0 0 0 0 0 0 0
0 0 0 0 0 0 0 0 0 0 0 0 0 0 0 0 0 0 0 0 0
##$SHL_SFCOEFFS5= (0..200)
0 0 0 0 0 0 0 0 0 0 0 0 0 0 0 0 0 0 0 0 0 0 0 0 0 0 0 0 0 0 0 0 0 0 0 0
0 0 0 0 0 0 0 0 0 0 0 0 0 0 0 0 0 0 0 0 0 0 0 0 0 0 0 0 0 0 0 0 0 0 0 0
0 0 0 0 0 0 0 0 0 0 0 0 0 0 0 0 0 0 0 0 0 0 0 0 0 0 0 0 0 0 0 0 0 0 0 0
0 0 0 0 0 0 0 0 0 0 0 0 0 0 0 0 0 0 0 0 0 0 0 0 0 0 0 0 0 0 0 0 0 0 0 0
0 0 0 0 0 0 0 0 0 0 0 0 0 0 0 0 0 0 0 0 0 0 0 0 0 0 0 0 0 0 0 0 0 0 0 0
0 0 0 0 0 0 0 0 0 0 0 0 0 0 0 0 0 0 0 0 0
##$SHL_SFCOEFFS6= (0..200)
0 0 0 0 0 0 0 0 0 0 0 0 0 0 0 0 0 0 0 0 0 0 0 0 0 0 0 0 0 0 0 0 0 0 0 0
0 0 0 0 0 0 0 0 0 0 0 0 0 0 0 0 0 0 0 0 0 0 0 0 0 0 0 0 0 0 0 0 0 0 0 0
0 0 0 0 0 0 0 0 0 0 0 0 0 0 0 0 0 0 0 0 0 0 0 0 0 0 0 0 0 0 0 0 0 0 0 0
0 0 0 0 0 0 0 0 0 0 0 0 0 0 0 0 0 0 0 0 0 0 0 0 0 0 0 0 0 0 0 0 0 0 0 0
0 0 0 0 0 0 0 0 0 0 0 0 0 0 0 0 0 0 0 0 0 0 0 0 0 0 0 0 0 0 0 0 0 0 0 0
0 0 0 0 0 0 0 0 0 0 0 0 0 0 0 0 0 0 0 0 0
##$SHL_SFCOEFFS7= (0..200)
0 0 0 0 0 0 0 0 0 0 0 0 0 0 0 0 0 0 0 0 0 0 0 0 0 0 0 0 0 0 0 0 0 0 0 0
0 0 0 0 0 0 0 0 0 0 0 0 0 0 0 0 0 0 0 0 0 0 0 0 0 0 0 0 0 0 0 0 0 0 0 0
0 0 0 0 0 0 0 0 0 0 0 0 0 0 0 0 0 0 0 0 0 0 0 0 0 0 0 0 0 0 0 0 0 0 0 0
0 0 0 0 0 0 0 0 0 0 0 0 0 0 0 0 0 0 0 0 0 0 0 0 0 0 0 0 0 0 0 0 0 0 0 0
0 0 0 0 0 0 0 0 0 0 0 0 0 0 0 0 0 0 0 0 0 0 0 0 0 0 0 0 0 0 0 0 0 0 0 0
0 0 0 0 0 0 0 0 0 0 0 0 0 0 0 0 0 0 0 0 0
##$SHL_SFCOEFFS8= (0..200)
0 0 0 0 0 0 0 0 0 0 0 0 0 0 0 0 0 0 0 0 0 0 0 0 0 0 0 0 0 0 0 0 0 0 0 0
0 0 0 0 0 0 0 0 0 0 0 0 0 0 0 0 0 0 0 0 0 0 0 0 0 0 0 0 0 0 0 0 0 0 0 0
0 0 0 0 0 0 0 0 0 0 0 0 0 0 0 0 0 0 0 0 0 0 0 0 0 0 0 0 0 0 0 0 0 0 0 0
0 0 0 0 0 0 0 0 0 0 0 0 0 0 0 0 0 0 0 0 0 0 0 0 0 0 0 0 0 0 0 0 0 0 0 0
0 0 0 0 0 0 0 0 0 0 0 0 0 0 0 0 0 0 0 0 0 0 0 0 0 0 0 0 0 0 0 0 0 0 0 0
0 0 0 0 0 0 0 0 0 0 0 0 0 0 0 0 0 0 0 0 0
##$SHL_SFCOEFFS9= (0..200)
0 0 0 0 0 0 0 0 0 0 0 0 0 0 0 0 0 0 0 0 0 0 0 0 0 0 0 0 0 0 0 0 0 0 0 0
0 0 0 0 0 0 0 0 0 0 0 0 0 0 0 0 0 0 0 0 0 0 0 0 0 0 0 0 0 0 0 0 0 0 0 0
0 0 0 0 0 0 0 0 0 0 0 0 0 0 0 0 0 0 0 0 0 0 0 0 0 0 0 0 0 0 0 0 0 0 0 0
0 0 0 0 0 0 0 0 0 0 0 0 0 0 0 0 0 0 0 0 0 0 0 0 0 0 0 0 0 0 0 0 0 0 0 0
0 0 0 0 0 0 0 0 0 0 0 0 0 0 0 0 0 0 0 0 0 0 0 0 0 0 0 0 0 0 0 0 0 0 0 0
0 0 0 0 0 0 0 0 0 0 0 0 0 0 0 0 0 0 0 0 0
##$SHL_SMOOTHED= (0..15)
0 0 0 0 0 0 0 0 0 0 0 0 0 0 0 0
##$SHL_SMOOTHING= (0..15)
0 0 0 0 0 0 0 0 0 0 0 0 0 0 0 0
##$SHL_SPOAL= (0..15)
0 0 0 0 0 0 0 0 0 0 0 0 0 0 0 0
##$SHL_SPOFFS= (0..15)
0 0 0 0 0 0 0 0 0 0 0 0 0 0 0 0
##$SHL_SPOPH= (0..15)
0 0 0 0 0 0 0 0 0 0 0 0 0 0 0 0
##$SHL_STARTAMP= (0..15)
0 0 0 0 0 0 0 0 0 0 0 0 0 0 0 0
##$SHL_SW= (0..15)
0 0 0 0 0 0 0 0 0 0 0 0 0 0 0 0
##$SHL_SWDIR= (0..15)
-1 -1 -1 -1 -1 -1 -1 -1 -1 -1 -1 -1 -1 -1 -1 -1
##$SHL_TANKAPPA= (0..15)
0 0 0 0 0 0 0 0 0 0 0 0 0 0 0 0
##$SHL_TOTROT= (0..15)
90 0 0 0 0 0 0 0 0 0 0 0 0 0 0 0
##$SHL_TRUNCLEV= (0..15)
0 0 0 0 0 0 0 0 0 0 0 0 0 0 0 0
##$SHL_TYPE= (0..15)
<Excitation> <> <> <> <> <> <> <> <> <> <> <> <> <> <> <>
##$SHL_WINDOWSIZE= (0..15)
0 0 0 0 0 0 0 0 0 0 0 0 0 0 0 0
##$SHL_ZETA= (0..15)
0 0 0 0 0 0 0 0 0 0 0 0 0 0 0 0
##NPOINTS= 1250
##XYPOINTS= (XY..XY)
100.000000, 37.812477
100.000000, 39.481312
100.000000, 41.150147
100.000000, 42.818982
100.000000, 44.487817
100.000000, 46.156653
100.000000, 47.825488
100.000000, 49.494323
100.000000, 51.163158
100.000000, 52.831993
100.000000, 54.500828
100.000000, 56.169663
100.000000, 57.838498
100.000000, 59.507333
100.000000, 61.176168
100.000000, 62.845004
100.000000, 64.513839
100.000000, 66.182674
100.000000, 67.851509
100.000000, 69.520344
100.000000, 71.189179
100.000000, 72.858014
100.000000, 74.526849
100.000000, 76.195684
100.000000, 77.864520
100.000000, 79.533355
100.000000, 81.202190
100.000000, 82.871025
100.000000, 84.539860
100.000000, 86.208695
100.000000, 87.877530
100.000000, 89.546365
100.000000, 91.215200
100.000000, 92.884035
100.000000, 94.552871
100.000000, 96.221706
100.000000, 97.890541
100.000000, 99.559376
100.000000, 101.228211
100.000000, 102.897046
100.000000, 104.565881
100.000000, 106.234716
100.000000, 107.903551
100.000000, 109.572387
100.000000, 111.241222
100.000000, 112.910057
100.000000, 114.578892
100.000000, 116.247727
100.000000, 117.916562
100.000000, 119.585397
100.000000, 121.254232
100.000000, 122.923067
100.000000, 124.591902
100.000000, 126.260738
100.000000, 127.929573
100.000000, 129.598408
100.000000, 131.267243
100.000000, 132.936078
100.000000, 134.604913
100.000000, 136.273748
100.000000, 137.942583
100.000000, 139.611418
100.000000, 141.280253
100.000000, 142.949089
100.000000, 144.617924
100.000000, 146.286759
100.000000, 147.955594
100.000000, 149.624429
100.000000, 151.293264
100.000000, 152.962099
100.000000, 154.630934
100.000000, 156.299769
100.000000, 157.968605
100.000000, 159.637440
100.000000, 161.306275
100.000000, 162.975110
100.000000, 164.643945
100.000000, 166.312780
100.000000, 167.981615
100.000000, 169.650450
100.000000, 171.319285
100.000000, 172.988120
100.000000, 174.656956
100.000000, 176.325791
100.000000, 177.994626
100.000000, 179.663461
100.000000, 181.332296
100.000000, 183.001131
100.000000, 184.669966
100.000000, 186.338801
100.000000, 188.007636
100.000000, 189.676472
100.000000, 191.345307
100.000000, 193.014142
100.000000, 194.682977
100.000000, 196.351812
100.000000, 198.020647
100.000000, 199.689482
100.000000, 201.358317
100.000000, 203.027152
100.000000, 204.695987
100.000000, 206.364823
100.000000, 208.033658
100.000000, 209.702493
100.000000, 211.371328
100.000000, 213.040163
100.000000, 214.708998
100.000000, 216.377833
100.000000, 218.046668
100.000000, 219.715503
100.000000, 221.384339
100.000000, 223.053174
100.000000, 224.722009
100.000000, 226.390844
100.000000, 228.059679
100.000000, 229.728514
100.000000, 231.397349
100.000000, 233.066184
100.000000, 234.735019
100.000000, 236.403854
100.000000, 238.072690
100.000000, 239.741525
100.000000, 241.410360
100.000000, 243.079195
100.000000, 244.748030
100.000000, 246.416865
100.000000, 248.085700
100.000000, 249.754535
100.000000, 251.423370
100.000000, 253.092206
100.000000, 254.761041
100.000000, 256.429876
100.000000, 258.098711
100.000000, 259.767546
100.000000, 261.436381
100.000000, 263.105216
100.000000, 264.774051
100.000000, 266.442886
100.000000, 268.111721
100.000000, 269.780557
100.000000, 271.449392
100.000000, 273.118227
100.000000, 274.787062
100.000000, 276.455897
100.000000, 278.124732
100.000000, 279.793567
100.000000, 281.462402
100.000000, 283.131237
100.000000, 284.800073
100.000000, 286.468908
100.000000, 288.137743
100.000000, 289.806578
100.000000, 291.475413
100.000000, 293.144248
100.000000, 294.813083
100.000000, 296.481918
100.000000, 298.150753
100.000000, 299.819588
100.000000, 301.488424
100.000000, 303.157259
100.000000, 304.826094
100.000000, 306.494929
100.000000, 308.163764
100.000000, 309.832599
100.000000, 311.501434
100.000000, 313.170269
100.000000, 314.839104
100.000000, 316.507940
100.000000, 318.176775
100.000000, 319.845610
100.000000, 321.514445
100.000000, 323.183280
100.000000, 324.852115
100.000000, 326.520950
100.000000, 328.189785
100.000000, 329.858620
100.000000, 331.527455
100.000000, 333.196291
100.000000, 334.865126
100.000000, 336.533961
100.000000, 338.202796
100.000000, 339.871631
100.000000, 341.540466
100.000000, 343.209301
100.000000, 344.878136
100.000000, 346.546971
100.000000, 348.215807
100.000000, 349.884642
100.000000, 351.553477
100.000000, 353.222312
100.000000, 354.891147
100.000000, 356.559982
100.000000, 358.228817
100.000000, 359.897652
100.000000, 1.566487
100.000000, 3.235322
100.000000, 4.904158
100.000000, 6.572993
100.000000, 8.241828
100.000000, 9.910663
100.000000, 11.579498
100.000000, 13.248333
100.000000, 14.917168
100.000000, 16.586003
100.000000, 18.254838
100.000000, 19.923673
100.000000, 21.592509
100.000000, 23.261344
100.000000, 24.930179
100.000000, 26.599014
100.000000, 28.267849
100.000000, 29.936684
100.000000, 31.605519
100.000000, 33.274354
100.000000, 34.943189
100.000000, 36.612025
100.000000, 38.280860
100.000000, 39.949695
100.000000, 41.618530
100.000000, 43.287365
100.000000, 44.956200
100.000000, 46.625035
100.000000, 48.293870
100.000000, 49.962705
100.000000, 51.631540
100.000000, 53.300376
100.000000, 54.969211
100.000000, 56.638046
100.000000, 58.306881
100.000000, 59.975716
100.000000, 61.644551
100.000000, 63.313386
100.000000, 64.982221
100.000000, 66.651056
100.000000, 68.319892
100.000000, 69.988727
100.000000, 71.657562
100.000000, 73.326397
100.000000, 74.995232
100.000000, 76.664067
100.000000, 78.332902
100.000000, 80.001737
100.000000, 81.670572
100.000000, 83.339407
100.000000, 85.008243
100.000000, 86.677078
100.000000, 88.345913
100.000000, 90.014748
100.000000, 91.683583
100.000000, 93.352418
100.000000, 95.021253
100.000000, 96.690088
100.000000, 98.358923
100.000000, 100.027759
100.000000, 101.696594
100.000000, 103.365429
100.000000, 105.034264
100.000000, 106.703099
100.000000, 108.371934
100.000000, 110.040769
100.000000, 111.709604
100.000000, 113.378439
100.000000, 115.047274
100.000000, 116.716110
100.000000, 118.384945
100.000000, 120.053780
100.000000, 121.722615
100.000000, 123.391450
100.000000, 125.060285
100.000000, 126.729120
100.000000, 128.397955
100.000000, 130.066790
100.000000, 131.735626
100.000000, 133.404461
100.000000, 135.073296
100.000000, 136.742131
100.000000, 138.410966
100.000000, 140.079801
100.000000, 141.748636
100.000000, 143.417471
100.000000, 145.086306
100.000000, 146.755141
100.000000, 148.423977
100.000000, 150.092812
100.000000, 151.761647
100.000000, 153.430482
100.000000, 155.099317
100.000000, 156.768152
100.000000, 158.436987
100.000000, 160.105822
100.000000, 161.774657
100.000000, 163.443493
100.000000, 165.112328
100.000000, 166.781163
100.000000, 168.449998
100.000000, 170.118833
100.000000, 171.787668
100.000000, 173.456503
100.000000, 175.125338
100.000000, 176.794173
100.000000, 178.463008
100.000000, 180.131844
100.000000, 181.800679
100.000000, 183.469514
100.000000, 185.138349
100.000000, 186.807184
100.000000, 188.476019
100.000000, 190.144854
100.000000, 191.813689
100.000000, 193.482524
100.000000, 195.151360
100.000000, 196.820195
100.000000, 198.489030
100.000000, 200.157865
100.000000, 201.826700
100.000000, 203.495535
100.000000, 205.164370
100.000000, 206.833205
100.000000, 208.502040
100.000000, 210.170875
100.000000, 211.839711
100.000000, 213.508546
100.000000, 215.177381
100.000000, 216.846216
100.000000, 218.515051
100.000000, 220.183886
100.000000, 221.852721
100.000000, 223.521556
100.000000, 225.190391
100.000000, 226.859227
100.000000, 228.528062
100.000000, 230.196897
100.000000, 231.865732
100.000000, 233.534567
100.000000, 235.203402
100.000000, 236.872237
100.000000, 238.541072
100.000000, 240.209907
100.000000, 241.878742
100.000000, 243.547578
100.000000, 245.216413
100.000000, 246.885248
100.000000, 248.554083
100.000000, 250.222918
100.000000, 251.891753
100.000000, 253.560588
100.000000, 255.229423
100.000000, 256.898258
100.000000, 258.567093
100.000000, 260.235929
100.000000, 261.904764
100.000000, 263.573599
100.000000, 265.242434
100.000000, 266.911269
100.000000, 268.580104
100.000000, 270.248939
100.000000, 271.917774
100.000000, 273.586609
100.000000, 275.255445
100.000000, 276.924280
100.000000, 278.593115
100.000000, 280.261950
100.000000, 281.930785
100.000000, 283.599620
100.000000, 285.268455
100.000000, 286.937290
100.000000, 288.606125
100.000000, 290.274960
100.000000, 291.943796
100.000000, 293.612631
100.000000, 295.281466
100.000000, 296.950301
100.000000, 298.619136
100.000000, 300.287971
100.000000, 301.956806
100.000000, 303.625641
100.000000, 305.294476
100.000000, 306.963312
100.000000, 308.632147
100.000000, 310.300982
100.000000, 311.969817
100.000000, 313.638652
100.000000, 315.307487
100.000000, 316.976322
100.000000, 318.645157
100.000000, 320.313992
100.000000, 321.982827
100.000000, 323.651663
100.000000, 325.320498
100.000000, 326.989333
100.000000, 328.658168
100.000000, 330.327003
100.000000, 331.995838
100.000000, 333.664673
100.000000, 335.333508
100.000000, 337.002343
100.000000, 338.671179
100.000000, 340.340014
100.000000, 342.008849
100.000000, 343.677684
100.000000, 345.346519
100.000000, 347.015354
100.000000, 348.684189
100.000000, 350.353024
100.000000, 352.021859
100.000000, 353.690694
100.000000, 355.359530
100.000000, 357.028365
100.000000, 358.697200
100.000000, 0.366035
100.000000, 2.034870
100.000000, 3.703705
100.000000, 5.372540
100.000000, 7.041375
100.000000, 8.710210
100.000000, 10.379046
100.000000, 12.047881
100.000000, 13.716716
100.000000, 15.385551
100.000000, 17.054386
100.000000, 18.723221
100.000000, 20.392056
100.000000, 22.060891
100.000000, 23.729726
100.000000, 25.398561
100.000000, 27.067397
100.000000, 28.736232
100.000000, 30.405067
100.000000, 32.073902
100.000000, 33.742737
100.000000, 35.411572
100.000000, 37.080407
100.000000, 38.749242
100.000000, 40.418077
100.000000, 42.086913
100.000000, 43.755748
100.000000, 45.424583
100.000000, 47.093418
100.000000, 48.762253
100.000000, 50.431088
100.000000, 52.099923
100.000000, 53.768758
100.000000, 55.437593
100.000000, 57.106428
100.000000, 58.775264
100.000000, 60.444099
100.000000, 62.112934
100.000000, 63.781769
100.000000, 65.450604
100.000000, 67.119439
100.000000, 68.788274
100.000000, 70.457109
100.000000, 72.125944
100.000000, 73.794780
100.000000, 75.463615
100.000000, 77.132450
100.000000, 78.801285
100.000000, 80.470120
100.000000, 82.138955
100.000000, 83.807790
100.000000, 85.476625
100.000000, 87.145460
100.000000, 88.814295
100.000000, 90.483131
100.000000, 92.151966
100.000000, 93.820801
100.000000, 95.489636
100.000000, 97.158471
100.000000, 98.827306
100.000000, 100.496141
100.000000, 102.164976
100.000000, 103.833811
100.000000, 105.502647
100.000000, 107.171482
100.000000, 108.840317
100.000000, 110.509152
100.000000, 112.177987
100.000000, 113.846822
100.000000, 115.515657
100.000000, 117.184492
100.000000, 118.853327
100.000000, 120.522162
100.000000, 122.190998
100.000000, 123.859833
100.000000, 125.528668
100.000000, 127.197503
100.000000, 128.866338
100.000000, 130.535173
100.000000, 132.204008
100.000000, 133.872843
100.000000, 135.541678
100.000000, 137.210513
100.000000, 138.879349
100.000000, 140.548184
100.000000, 142.217019
100.000000, 143.885854
100.000000, 145.554689
100.000000, 147.223524
100.000000, 148.892359
100.000000, 150.561194
100.000000, 152.230029
100.000000, 153.898865
100.000000, 155.567700
100.000000, 157.236535
100.000000, 158.905370
100.000000, 160.574205
100.000000, 162.243040
100.000000, 163.911875
100.000000, 165.580710
100.000000, 167.249545
100.000000, 168.918380
100.000000, 170.587216
100.000000, 172.256051
100.000000, 173.924886
100.000000, 175.593721
100.000000, 177.262556
100.000000, 178.931391
100.000000, 180.600226
100.000000, 182.269061
100.000000, 183.937896
100.000000, 185.606732
100.000000, 187.275567
100.000000, 188.944402
100.000000, 190.613237
100.000000, 192.282072
100.000000, 193.950907
100.000000, 195.619742
100.000000, 197.288577
100.000000, 198.957412
100.000000, 200.626247
100.000000, 202.295083
100.000000, 203.963918
100.000000, 205.632753
100.000000, 207.301588
100.000000, 208.970423
100.000000, 210.639258
100.000000, 212.308093
100.000000, 213.976928
100.000000, 215.645763
100.000000, 217.314599
100.000000, 218.983434
100.000000, 220.652269
100.000000, 222.321104
100.000000, 223.989939
100.000000, 225.658774
100.000000, 227.327609
100.000000, 228.996444
100.000000, 230.665279
100.000000, 232.334114
100.000000, 234.002950
100.000000, 235.671785
100.000000, 237.340620
100.000000, 239.009455
100.000000, 240.678290
100.000000, 242.347125
100.000000, 244.015960
100.000000, 245.684795
100.000000, 247.353630
100.000000, 249.022466
100.000000, 250.691301
100.000000, 252.360136
100.000000, 254.028971
100.000000, 255.697806
100.000000, 257.366641
100.000000, 259.035476
100.000000, 260.704311
100.000000, 262.373146
100.000000, 264.041981
100.000000, 265.710817
100.000000, 267.379652
100.000000, 269.048487
100.000000, 270.717322
100.000000, 272.386157
100.000000, 274.054992
100.000000, 275.723827
100.000000, 277.392662
100.000000, 279.061497
100.000000, 280.730333
100.000000, 282.399168
100.000000, 284.068003
100.000000, 285.736838
100.000000, 287.405673
100.000000, 289.074508
100.000000, 290.743343
100.000000, 292.412178
100.000000, 294.081013
100.000000, 295.749848
100.000000, 297.418684
100.000000, 299.087519
100.000000, 300.756354
100.000000, 302.425189
100.000000, 304.094024
100.000000, 305.762859
100.000000, 307.431694
100.000000, 309.100529
100.000000, 310.769364
100.000000, 312.438200
100.000000, 314.107035
100.000000, 315.775870
100.000000, 317.444705
100.000000, 319.113540
100.000000, 320.782375
100.000000, 322.451210
100.000000, 324.120045
100.000000, 325.788880
100.000000, 327.457715
100.000000, 329.126551
100.000000, 330.795386
100.000000, 332.464221
100.000000, 334.133056
100.000000, 335.801891
100.000000, 337.470726
100.000000, 339.139561
100.000000, 340.808396
100.000000, 342.477231
100.000000, 344.146067
100.000000, 345.814902
100.000000, 347.483737
100.000000, 349.152572
100.000000, 350.821407
100.000000, 352.490242
100.000000, 354.159077
100.000000, 355.827912
100.000000, 357.496747
100.000000, 359.165582
100.000000, 0.834418
100.000000, 2.503253
100.000000, 4.172088
100.000000, 5.840923
100.000000, 7.509758
100.000000, 9.178593
100.000000, 10.847428
100.000000, 12.516263
100.000000, 14.185098
100.000000, 15.853933
100.000000, 17.522769
100.000000, 19.191604
100.000000, 20.860439
100.000000, 22.529274
100.000000, 24.198109
100.000000, 25.866944
100.000000, 27.535779
100.000000, 29.204614
100.000000, 30.873449
100.000000, 32.542285
100.000000, 34.211120
100.000000, 35.879955
100.000000, 37.548790
100.000000, 39.217625
100.000000, 40.886460
100.000000, 42.555295
100.000000, 44.224130
100.000000, 45.892965
100.000000, 47.561800
100.000000, 49.230636
100.000000, 50.899471
100.000000, 52.568306
100.000000, 54.237141
100.000000, 55.905976
100.000000, 57.574811
100.000000, 59.243646
100.000000, 60.912481
100.000000, 62.581316
100.000000, 64.250152
100.000000, 65.918987
100.000000, 67.587822
100.000000, 69.256657
100.000000, 70.925492
100.000000, 72.594327
100.000000, 74.263162
100.000000, 75.931997
100.000000, 77.600832
100.000000, 79.269667
100.000000, 80.938503
100.000000, 82.607338
100.000000, 84.276173
100.000000, 85.945008
100.000000, 87.613843
100.000000, 89.282678
100.000000, 90.951513
100.000000, 92.620348
100.000000, 94.289183
100.000000, 95.958019
100.000000, 97.626854
100.000000, 99.295689
100.000000, 100.964524
100.000000, 102.633359
100.000000, 104.302194
100.000000, 105.971029
100.000000, 107.639864
100.000000, 109.308699
100.000000, 110.977534
100.000000, 112.646370
100.000000, 114.315205
100.000000, 115.984040
100.000000, 117.652875
100.000000, 119.321710
100.000000, 120.990545
100.000000, 122.659380
100.000000, 124.328215
100.000000, 125.997050
100.000000, 127.665886
100.000000, 129.334721
100.000000, 131.003556
100.000000, 132.672391
100.000000, 134.341226
100.000000, 136.010061
100.000000, 137.678896
100.000000, 139.347731
100.000000, 141.016566
100.000000, 142.685401
100.000000, 144.354237
100.000000, 146.023072
100.000000, 147.691907
100.000000, 149.360742
100.000000, 151.029577
100.000000, 152.698412
100.000000, 154.367247
100.000000, 156.036082
100.000000, 157.704917
100.000000, 159.373753
100.000000, 161.042588
100.000000, 162.711423
100.000000, 164.380258
100.000000, 166.049093
100.000000, 167.717928
100.000000, 169.386763
100.000000, 171.055598
100.000000, 172.724433
100.000000, 174.393268
100.000000, 176.062104
100.000000, 177.730939
100.000000, 179.399774
100.000000, 181.068609
100.000000, 182.737444
100.000000, 184.406279
100.000000, 186.075114
100.000000, 187.743949
100.000000, 189.412784
100.000000, 191.081620
100.000000, 192.750455
100.000000, 194.419290
100.000000, 196.088125
100.000000, 197.756960
100.000000, 199.425795
100.000000, 201.094630
100.000000, 202.763465
100.000000, 204.432300
100.000000, 206.101135
100.000000, 207.769971
100.000000, 209.438806
100.000000, 211.107641
100.000000, 212.776476
100.000000, 214.445311
100.000000, 216.114146
100.000000, 217.782981
100.000000, 219.451816
100.000000, 221.120651
100.000000, 222.789487
100.000000, 224.458322
100.000000, 226.127157
100.000000, 227.795992
100.000000, 229.464827
100.000000, 231.133662
100.000000, 232.802497
100.000000, 234.471332
100.000000, 236.140167
100.000000, 237.809002
100.000000, 239.477838
100.000000, 241.146673
100.000000, 242.815508
100.000000, 244.484343
100.000000, 246.153178
100.000000, 247.822013
100.000000, 249.490848
100.000000, 251.159683
100.000000, 252.828518
100.000000, 254.497353
100.000000, 256.166189
100.000000, 257.835024
100.000000, 259.503859
100.000000, 261.172694
100.000000, 262.841529
100.000000, 264.510364
100.000000, 266.179199
100.000000, 267.848034
100.000000, 269.516869
100.000000, 271.185705
100.000000, 272.854540
100.000000, 274.523375
100.000000, 276.192210
100.000000, 277.861045
100.000000, 279.529880
100.000000, 281.198715
100.000000, 282.867550
100.000000, 284.536385
100.000000, 286.205220
100.000000, 287.874056
100.000000, 289.542891
100.000000, 291.211726
100.000000, 292.880561
100.000000, 294.549396
100.000000, 296.218231
100.000000, 297.887066
100.000000, 299.555901
100.000000, 301.224736
100.000000, 302.893572
100.000000, 304.562407
100.000000, 306.231242
100.000000, 307.900077
100.000000, 309.568912
100.000000, 311.237747
100.000000, 312.906582
100.000000, 314.575417
100.000000, 316.244252
100.000000, 317.913087
100.000000, 319.581923
100.000000, 321.250758
100.000000, 322.919593
100.000000, 324.588428
100.000000, 326.257263
100.000000, 327.926098
100.000000, 329.594933
100.000000, 331.263768
100.000000, 332.932603
100.000000, 334.601439
100.000000, 336.270274
100.000000, 337.939109
100.000000, 339.607944
100.000000, 341.276779
100.000000, 342.945614
100.000000, 344.614449
100.000000, 346.283284
100.000000, 347.952119
100.000000, 349.620954
100.000000, 351.289790
100.000000, 352.958625
100.000000, 354.627460
100.000000, 356.296295
100.000000, 357.965130
100.000000, 359.633965
100.000000, 1.302800
100.000000, 2.971635
100.000000, 4.640470
100.000000, 6.309306
100.000000, 7.978141
100.000000, 9.646976
100.000000, 11.315811
100.000000, 12.984646
100.000000, 14.653481
100.000000, 16.322316
100.000000, 17.991151
100.000000, 19.659986
100.000000, 21.328821
100.000000, 22.997657
100.000000, 24.666492
100.000000, 26.335327
100.000000, 28.004162
100.000000, 29.672997
100.000000, 31.341832
100.000000, 33.010667
100.000000, 34.679502
100.000000, 36.348337
100.000000, 38.017173
100.000000, 39.686008
100.000000, 41.354843
100.000000, 43.023678
100.000000, 44.692513
100.000000, 46.361348
100.000000, 48.030183
100.000000, 49.699018
100.000000, 51.367853
100.000000, 53.036688
100.000000, 54.705524
100.000000, 56.374359
100.000000, 58.043194
100.000000, 59.712029
100.000000, 61.380864
100.000000, 63.049699
100.000000, 64.718534
100.000000, 66.387369
100.000000, 68.056204
100.000000, 69.725040
100.000000, 71.393875
100.000000, 73.062710
100.000000, 74.731545
100.000000, 76.400380
100.000000, 78.069215
100.000000, 79.738050
100.000000, 81.406885
100.000000, 83.075720
100.000000, 84.744555
100.000000, 86.413391
100.000000, 88.082226
100.000000, 89.751061
100.000000, 91.419896
100.000000, 93.088731
100.000000, 94.757566
100.000000, 96.426401
100.000000, 98.095236
100.000000, 99.764071
100.000000, 101.432907
100.000000, 103.101742
100.000000, 104.770577
100.000000, 106.439412
100.000000, 108.108247
100.000000, 109.777082
100.000000, 111.445917
100.000000, 113.114752
100.000000, 114.783587
100.000000, 116.452422
100.000000, 118.121258
100.000000, 119.790093
100.000000, 121.458928
100.000000, 123.127763
100.000000, 124.796598
100.000000, 126.465433
100.000000, 128.134268
100.000000, 129.803103
100.000000, 131.471938
100.000000, 133.140773
100.000000, 134.809609
100.000000, 136.478444
100.000000, 138.147279
100.000000, 139.816114
100.000000, 141.484949
100.000000, 143.153784
100.000000, 144.822619
100.000000, 146.491454
100.000000, 148.160289
100.000000, 149.829125
100.000000, 151.497960
100.000000, 153.166795
100.000000, 154.835630
100.000000, 156.504465
100.000000, 158.173300
100.000000, 159.842135
100.000000, 161.510970
100.000000, 163.179805
100.000000, 164.848640
100.000000, 166.517476
100.000000, 168.186311
100.000000, 169.855146
100.000000, 171.523981
100.000000, 173.192816
100.000000, 174.861651
100.000000, 176.530486
100.000000, 178.199321
100.000000, 179.868156
100.000000, 181.536992
100.000000, 183.205827
100.000000, 184.874662
100.000000, 186.543497
100.000000, 188.212332
100.000000, 189.881167
100.000000, 191.550002
100.000000, 193.218837
100.000000, 194.887672
100.000000, 196.556507
100.000000, 198.225343
100.000000, 199.894178
100.000000, 201.563013
100.000000, 203.231848
100.000000, 204.900683
100.000000, 206.569518
100.000000, 208.238353
100.000000, 209.907188
100.000000, 211.576023
100.000000, 213.244859
100.000000, 214.913694
100.000000, 216.582529
100.000000, 218.251364
100.000000, 219.920199
100.000000, 221.589034
100.000000, 223.257869
100.000000, 224.926704
100.000000, 226.595539
100.000000, 228.264374
100.000000, 229.933210
100.000000, 231.602045
100.000000, 233.270880
100.000000, 234.939715
100.000000, 236.608550
100.000000, 238.277385
100.000000, 239.946220
100.000000, 241.615055
100.000000, 243.283890
100.000000, 244.952726
100.000000, 246.621561
100.000000, 248.290396
100.000000, 249.959231
100.000000, 251.628066
100.000000, 253.296901
100.000000, 254.965736
100.000000, 256.634571
100.000000, 258.303406
100.000000, 259.972241
100.000000, 261.641077
100.000000, 263.309912
100.000000, 264.978747
100.000000, 266.647582
100.000000, 268.316417
100.000000, 269.985252
100.000000, 271.654087
100.000000, 273.322922
100.000000, 274.991757
100.000000, 276.660593
100.000000, 278.329428
100.000000, 279.998263
100.000000, 281.667098
100.000000, 283.335933
100.000000, 285.004768
100.000000, 286.673603
100.000000, 288.342438
100.000000, 290.011273
100.000000, 291.680108
100.000000, 293.348944
100.000000, 295.017779
100.000000, 296.686614
100.000000, 298.355449
100.000000, 300.024284
100.000000, 301.693119
100.000000, 303.361954
100.000000, 305.030789
100.000000, 306.699624
100.000000, 308.368460
100.000000, 310.037295
100.000000, 311.706130
100.000000, 313.374965
100.000000, 315.043800
100.000000, 316.712635
100.000000, 318.381470
100.000000, 320.050305
100.000000, 321.719140
100.000000, 323.387975
100.000000, 325.056811
100.000000, 326.725646
100.000000, 328.394481
100.000000, 330.063316
100.000000, 331.732151
100.000000, 333.400986
100.000000, 335.069821
100.000000, 336.738656
100.000000, 338.407491
100.000000, 340.076327
100.000000, 341.745162
100.000000, 343.413997
100.000000, 345.082832
100.000000, 346.751667
100.000000, 348.420502
100.000000, 350.089337
100.000000, 351.758172
100.000000, 353.427007
100.000000, 355.095842
100.000000, 356.764678
100.000000, 358.433513
100.000000, 0.102348
100.000000, 1.771183
100.000000, 3.440018
100.000000, 5.108853
100.000000, 6.777688
100.000000, 8.446523
100.000000, 10.115358
100.000000, 11.784193
100.000000, 13.453029
100.000000, 15.121864
100.000000, 16.790699
100.000000, 18.459534
100.000000, 20.128369
100.000000, 21.797204
100.000000, 23.466039
100.000000, 25.134874
100.000000, 26.803709
100.000000, 28.472545
100.000000, 30.141380
100.000000, 31.810215
100.000000, 33.479050
100.000000, 35.147885
100.000000, 36.816720
100.000000, 38.485555
100.000000, 40.154390
100.000000, 41.823225
100.000000, 43.492060
100.000000, 45.160896
100.000000, 46.829731
100.000000, 48.498566
100.000000, 50.167401
100.000000, 51.836236
100.000000, 53.505071
100.000000, 55.173906
100.000000, 56.842741
100.000000, 58.511576
100.000000, 60.180412
100.000000, 61.849247
100.000000, 63.518082
100.000000, 65.186917
100.000000, 66.855752
100.000000, 68.524587
100.000000, 70.193422
100.000000, 71.862257
100.000000, 73.531092
100.000000, 75.199927
100.000000, 76.868763
100.000000, 78.537598
100.000000, 80.206433
100.000000, 81.875268
100.000000, 83.544103
100.000000, 85.212938
100.000000, 86.881773
100.000000, 88.550608
100.000000, 90.219443
100.000000, 91.888279
100.000000, 93.557114
100.000000, 95.225949
100.000000, 96.894784
100.000000, 98.563619
100.000000, 100.232454
100.000000, 101.901289
100.000000, 103.570124
100.000000, 105.238959
100.000000, 106.907794
100.000000, 108.576630
100.000000, 110.245465
100.000000, 111.914300
100.000000, 113.583135
100.000000, 115.251970
100.000000, 116.920805
100.000000, 118.589640
100.000000, 120.258475
100.000000, 121.927310
100.000000, 123.596146
100.000000, 125.264981
100.000000, 126.933816
100.000000, 128.602651
100.000000, 130.271486
100.000000, 131.940321
100.000000, 133.609156
100.000000, 135.277991
100.000000, 136.946826
100.000000, 138.615661
100.000000, 140.284497
100.000000, 141.953332
100.000000, 143.622167
100.000000, 145.291002
100.000000, 146.959837
100.000000, 148.628672
100.000000, 150.297507
100.000000, 151.966342
100.000000, 153.635177
100.000000, 155.304013
100.000000, 156.972848
100.000000, 158.641683
100.000000, 160.310518
100.000000, 161.979353
100.000000, 163.648188
100.000000, 165.317023
100.000000, 166.985858
100.000000, 168.654693
100.000000, 170.323528
100.000000, 171.992364
100.000000, 173.661199
100.000000, 175.330034
100.000000, 176.998869
100.000000, 178.667704
100.000000, 180.336539
100.000000, 182.005374
100.000000, 183.674209
100.000000, 185.343044
100.000000, 187.011880
100.000000, 188.680715
100.000000, 190.349550
100.000000, 192.018385
100.000000, 193.687220
100.000000, 195.356055
100.000000, 197.024890
100.000000, 198.693725
100.000000, 200.362560
100.000000, 202.031395
100.000000, 203.700231
100.000000, 205.369066
100.000000, 207.037901
100.000000, 208.706736
100.000000, 210.375571
100.000000, 212.044406
100.000000, 213.713241
100.000000, 215.382076
100.000000, 217.050911
100.000000, 218.719747
100.000000, 220.388582
100.000000, 222.057417
100.000000, 223.726252
100.000000, 225.395087
100.000000, 227.063922
100.000000, 228.732757
100.000000, 230.401592
100.000000, 232.070427
100.000000, 233.739262
100.000000, 235.408098
100.000000, 237.076933
100.000000, 238.745768
100.000000, 240.414603
100.000000, 242.083438
100.000000, 243.752273
100.000000, 245.421108
100.000000, 247.089943
100.000000, 248.758778
100.000000, 250.427613
100.000000, 252.096449
100.000000, 253.765284
100.000000, 255.434119
100.000000, 257.102954
100.000000, 258.771789
100.000000, 260.440624
100.000000, 262.109459
100.000000, 263.778294
100.000000, 265.447129
100.000000, 267.115965
100.000000, 268.784800
100.000000, 270.453635
100.000000, 272.122470
100.000000, 273.791305
100.000000, 275.460140
100.000000, 277.128975
100.000000, 278.797810
100.000000, 280.466645
100.000000, 282.135480
100.000000, 283.804316
100.000000, 285.473151
100.000000, 287.141986
100.000000, 288.810821
100.000000, 290.479656
100.000000, 292.148491
100.000000, 293.817326
100.000000, 295.486161
100.000000, 297.154996
100.000000, 298.823832
100.000000, 300.492667
100.000000, 302.161502
100.000000, 303.830337
100.000000, 305.499172
100.000000, 307.168007
100.000000, 308.836842
100.000000, 310.505677
100.000000, 312.174512
100.000000, 313.843347
100.000000, 315.512183
100.000000, 317.181018
100.000000, 318.849853
100.000000, 320.518688
100.000000, 322.187523
##END=
