##TITLE= Parameter file, TopSpin 4.3.0
##JCAMPDX= 5.0
##DATATYPE= Parameter Values
##ORIGIN= Bruker BioSpin GmbH
##OWNER= nmrsu
$$ 2024-02-29 10:27:18.196 +0000  nmrsu@4CE1161FJM
$$ C:/Bruker/TopSpin4.3.0/exp/stan/nmr/lists/wave/user/multisupp_aux_d8
$$ process C:\Bruker\TopSpin4.3.0\prog\mod\xwinshape.exe
##MINX= 0.41647600
##MAXX= 99.99938900
##MINY= 0.39472600
##MAXY= 359.60527400
##$SHAPE_ADDPHASE= 0
##$SHAPE_AMP= 99.99938931
##$SHAPE_BWFAC= 0
##$SHAPE_BWFAC50= 0
##$SHAPE_CALCBW= yes
##$SHAPE_CALCINTEG= yes
##$SHAPE_EXMODE= <Excitation>
##$SHAPE_EXPAND= <>
##$SHAPE_EXPANDCF= (0..143)
0 0 0 0 0 0 0 0 0 0 0 0 0 0 0 0 0 0 0 0 0 0 0 0 0 0 0 0 0 0 0 0 0 0 0 0
0 0 0 0 0 0 0 0 0 0 0 0 0 0 0 0 0 0 0 0 0 0 0 0 0 0 0 0 0 0 0 0 0 0 0 0
0 0 0 0 0 0 0 0 0 0 0 0 0 0 0 0 0 0 0 0 0 0 0 0 0 0 0 0 0 0 0 0 0 0 0 0
0 0 0 0 0 0 0 0 0 0 0 0 0 0 0 0 0 0 0 0 0 0 0 0 0 0 0 0 0 0 0 0 0 0 0 0
##$SHAPE_EXPFAC= 0
##$SHAPE_FRACEND= 0
##$SHAPE_FRACORG= 0
##$SHAPE_FRACSTART= 0
##$SHAPE_INTEGFAC= 0
##$SHAPE_KEEPRES= yes
##$SHAPE_LENGTH= 25000.000373
##$SHAPE_MAN= <M>
##$SHAPE_MODE= 3
##$SHAPE_MODFREQ= 0
##$SHAPE_MODPHASE= 0
##$SHAPE_MODSCALE= 0
##$SHAPE_MODSW= 0
##$SHAPE_MODSWDIR= -1
##$SHAPE_NPOINTS= 1250
##$SHAPE_OFFS= <1 3>
##$SHAPE_OFFSCOEFF= (0..95)
-139.67339 0 100 -207.39566 0 100 -275.91762 0 100 0 0 0 0 0 0 0 0 0 0
0 0 0 0 0 0 0 0 0 0 0 0 0 0 0 0 0 0 0 0 0 0 0 0 0 0 0 0 0 0 0 0 0 0 0 0
0 0 0 0 0 0 0 0 0 0 0 0 0 0 0 0 0 0 0 0 0 0 0 0 0 0 0 0 0 0 0 0 0 0 0 0
0 0 0 0 0
##$SHAPE_PARAMETER= <>
##$SHAPE_REPHFAC= 0
##$SHAPE_RES= 0
##$SHAPE_SCALEFAC= 1.00000611
##$SHAPE_SCALETYPE= 0
##$SHAPE_SPOAL= 0
##$SHAPE_SPOFFS= 0
##$SHAPE_SPOPH= 0
##$SHAPE_TOTROT= 90
##$SHAPE_TYPE= <Excitation>
##$SHAPE_USER_DEF= <>
##$SHAPE_VERSION= 2.1
##$SHL_ADDPHASE= (0..15)
0 0 0 0 0 0 0 0 0 0 0 0 0 0 0 0
##$SHL_ALIGNOFFSET= (0..15)
0 0 0 0 0 0 0 0 0 0 0 0 0 0 0 0
##$SHL_AMP= (0..15)
100 0 0 0 0 0 0 0 0 0 0 0 0 0 0 0
##$SHL_AMPFAC= (0..15)
0 0 0 0 0 0 0 0 0 0 0 0 0 0 0 0
##$SHL_BETA= (0..15)
0 0 0 0 0 0 0 0 0 0 0 0 0 0 0 0
##$SHL_BWFAC= (0..15)
1.116 0 0 0 0 0 0 0 0 0 0 0 0 0 0 0
##$SHL_CALCBW= (0..15)
yes yes yes yes yes yes yes yes yes yes yes yes yes yes yes yes
##$SHL_CALCINTEG= (0..15)
yes yes yes yes yes yes yes yes yes yes yes yes yes yes yes yes
##$SHL_CENTERAMP= (0..15)
0 0 0 0 0 0 0 0 0 0 0 0 0 0 0 0
##$SHL_CYCNUM= (0..15)
0 0 0 0 0 0 0 0 0 0 0 0 0 0 0 0
##$SHL_DIPOLCPL= (0..15)
0 0 0 0 0 0 0 0 0 0 0 0 0 0 0 0
##$SHL_ENDAMP= (0..15)
0 0 0 0 0 0 0 0 0 0 0 0 0 0 0 0
##$SHL_EXMODE= (0..15)
<Excitation> <> <> <> <> <> <> <> <> <> <> <> <> <> <> <>
##$SHL_EXPAND= (0..15)
<> <> <> <> <> <> <> <> <> <> <> <> <> <> <> <>
##$SHL_EXPANDCF0= (0..143)
0 0 0 0 0 0 0 0 0 0 0 0 0 0 0 0 0 0 0 0 0 0 0 0 0 0 0 0 0 0 0 0 0 0 0 0
0 0 0 0 0 0 0 0 0 0 0 0 0 0 0 0 0 0 0 0 0 0 0 0 0 0 0 0 0 0 0 0 0 0 0 0
0 0 0 0 0 0 0 0 0 0 0 0 0 0 0 0 0 0 0 0 0 0 0 0 0 0 0 0 0 0 0 0 0 0 0 0
0 0 0 0 0 0 0 0 0 0 0 0 0 0 0 0 0 0 0 0 0 0 0 0 0 0 0 0 0 0 0 0 0 0 0 0
##$SHL_EXPANDCF1= (0..143)
0 0 0 0 0 0 0 0 0 0 0 0 0 0 0 0 0 0 0 0 0 0 0 0 0 0 0 0 0 0 0 0 0 0 0 0
0 0 0 0 0 0 0 0 0 0 0 0 0 0 0 0 0 0 0 0 0 0 0 0 0 0 0 0 0 0 0 0 0 0 0 0
0 0 0 0 0 0 0 0 0 0 0 0 0 0 0 0 0 0 0 0 0 0 0 0 0 0 0 0 0 0 0 0 0 0 0 0
0 0 0 0 0 0 0 0 0 0 0 0 0 0 0 0 0 0 0 0 0 0 0 0 0 0 0 0 0 0 0 0 0 0 0 0
##$SHL_EXPANDCF10= (0..143)
0 0 0 0 0 0 0 0 0 0 0 0 0 0 0 0 0 0 0 0 0 0 0 0 0 0 0 0 0 0 0 0 0 0 0 0
0 0 0 0 0 0 0 0 0 0 0 0 0 0 0 0 0 0 0 0 0 0 0 0 0 0 0 0 0 0 0 0 0 0 0 0
0 0 0 0 0 0 0 0 0 0 0 0 0 0 0 0 0 0 0 0 0 0 0 0 0 0 0 0 0 0 0 0 0 0 0 0
0 0 0 0 0 0 0 0 0 0 0 0 0 0 0 0 0 0 0 0 0 0 0 0 0 0 0 0 0 0 0 0 0 0 0 0
##$SHL_EXPANDCF11= (0..143)
0 0 0 0 0 0 0 0 0 0 0 0 0 0 0 0 0 0 0 0 0 0 0 0 0 0 0 0 0 0 0 0 0 0 0 0
0 0 0 0 0 0 0 0 0 0 0 0 0 0 0 0 0 0 0 0 0 0 0 0 0 0 0 0 0 0 0 0 0 0 0 0
0 0 0 0 0 0 0 0 0 0 0 0 0 0 0 0 0 0 0 0 0 0 0 0 0 0 0 0 0 0 0 0 0 0 0 0
0 0 0 0 0 0 0 0 0 0 0 0 0 0 0 0 0 0 0 0 0 0 0 0 0 0 0 0 0 0 0 0 0 0 0 0
##$SHL_EXPANDCF12= (0..143)
0 0 0 0 0 0 0 0 0 0 0 0 0 0 0 0 0 0 0 0 0 0 0 0 0 0 0 0 0 0 0 0 0 0 0 0
0 0 0 0 0 0 0 0 0 0 0 0 0 0 0 0 0 0 0 0 0 0 0 0 0 0 0 0 0 0 0 0 0 0 0 0
0 0 0 0 0 0 0 0 0 0 0 0 0 0 0 0 0 0 0 0 0 0 0 0 0 0 0 0 0 0 0 0 0 0 0 0
0 0 0 0 0 0 0 0 0 0 0 0 0 0 0 0 0 0 0 0 0 0 0 0 0 0 0 0 0 0 0 0 0 0 0 0
##$SHL_EXPANDCF13= (0..143)
0 0 0 0 0 0 0 0 0 0 0 0 0 0 0 0 0 0 0 0 0 0 0 0 0 0 0 0 0 0 0 0 0 0 0 0
0 0 0 0 0 0 0 0 0 0 0 0 0 0 0 0 0 0 0 0 0 0 0 0 0 0 0 0 0 0 0 0 0 0 0 0
0 0 0 0 0 0 0 0 0 0 0 0 0 0 0 0 0 0 0 0 0 0 0 0 0 0 0 0 0 0 0 0 0 0 0 0
0 0 0 0 0 0 0 0 0 0 0 0 0 0 0 0 0 0 0 0 0 0 0 0 0 0 0 0 0 0 0 0 0 0 0 0
##$SHL_EXPANDCF14= (0..143)
0 0 0 0 0 0 0 0 0 0 0 0 0 0 0 0 0 0 0 0 0 0 0 0 0 0 0 0 0 0 0 0 0 0 0 0
0 0 0 0 0 0 0 0 0 0 0 0 0 0 0 0 0 0 0 0 0 0 0 0 0 0 0 0 0 0 0 0 0 0 0 0
0 0 0 0 0 0 0 0 0 0 0 0 0 0 0 0 0 0 0 0 0 0 0 0 0 0 0 0 0 0 0 0 0 0 0 0
0 0 0 0 0 0 0 0 0 0 0 0 0 0 0 0 0 0 0 0 0 0 0 0 0 0 0 0 0 0 0 0 0 0 0 0
##$SHL_EXPANDCF15= (0..143)
0 0 0 0 0 0 0 0 0 0 0 0 0 0 0 0 0 0 0 0 0 0 0 0 0 0 0 0 0 0 0 0 0 0 0 0
0 0 0 0 0 0 0 0 0 0 0 0 0 0 0 0 0 0 0 0 0 0 0 0 0 0 0 0 0 0 0 0 0 0 0 0
0 0 0 0 0 0 0 0 0 0 0 0 0 0 0 0 0 0 0 0 0 0 0 0 0 0 0 0 0 0 0 0 0 0 0 0
0 0 0 0 0 0 0 0 0 0 0 0 0 0 0 0 0 0 0 0 0 0 0 0 0 0 0 0 0 0 0 0 0 0 0 0
##$SHL_EXPANDCF2= (0..143)
0 0 0 0 0 0 0 0 0 0 0 0 0 0 0 0 0 0 0 0 0 0 0 0 0 0 0 0 0 0 0 0 0 0 0 0
0 0 0 0 0 0 0 0 0 0 0 0 0 0 0 0 0 0 0 0 0 0 0 0 0 0 0 0 0 0 0 0 0 0 0 0
0 0 0 0 0 0 0 0 0 0 0 0 0 0 0 0 0 0 0 0 0 0 0 0 0 0 0 0 0 0 0 0 0 0 0 0
0 0 0 0 0 0 0 0 0 0 0 0 0 0 0 0 0 0 0 0 0 0 0 0 0 0 0 0 0 0 0 0 0 0 0 0
##$SHL_EXPANDCF3= (0..143)
0 0 0 0 0 0 0 0 0 0 0 0 0 0 0 0 0 0 0 0 0 0 0 0 0 0 0 0 0 0 0 0 0 0 0 0
0 0 0 0 0 0 0 0 0 0 0 0 0 0 0 0 0 0 0 0 0 0 0 0 0 0 0 0 0 0 0 0 0 0 0 0
0 0 0 0 0 0 0 0 0 0 0 0 0 0 0 0 0 0 0 0 0 0 0 0 0 0 0 0 0 0 0 0 0 0 0 0
0 0 0 0 0 0 0 0 0 0 0 0 0 0 0 0 0 0 0 0 0 0 0 0 0 0 0 0 0 0 0 0 0 0 0 0
##$SHL_EXPANDCF4= (0..143)
0 0 0 0 0 0 0 0 0 0 0 0 0 0 0 0 0 0 0 0 0 0 0 0 0 0 0 0 0 0 0 0 0 0 0 0
0 0 0 0 0 0 0 0 0 0 0 0 0 0 0 0 0 0 0 0 0 0 0 0 0 0 0 0 0 0 0 0 0 0 0 0
0 0 0 0 0 0 0 0 0 0 0 0 0 0 0 0 0 0 0 0 0 0 0 0 0 0 0 0 0 0 0 0 0 0 0 0
0 0 0 0 0 0 0 0 0 0 0 0 0 0 0 0 0 0 0 0 0 0 0 0 0 0 0 0 0 0 0 0 0 0 0 0
##$SHL_EXPANDCF5= (0..143)
0 0 0 0 0 0 0 0 0 0 0 0 0 0 0 0 0 0 0 0 0 0 0 0 0 0 0 0 0 0 0 0 0 0 0 0
0 0 0 0 0 0 0 0 0 0 0 0 0 0 0 0 0 0 0 0 0 0 0 0 0 0 0 0 0 0 0 0 0 0 0 0
0 0 0 0 0 0 0 0 0 0 0 0 0 0 0 0 0 0 0 0 0 0 0 0 0 0 0 0 0 0 0 0 0 0 0 0
0 0 0 0 0 0 0 0 0 0 0 0 0 0 0 0 0 0 0 0 0 0 0 0 0 0 0 0 0 0 0 0 0 0 0 0
##$SHL_EXPANDCF6= (0..143)
0 0 0 0 0 0 0 0 0 0 0 0 0 0 0 0 0 0 0 0 0 0 0 0 0 0 0 0 0 0 0 0 0 0 0 0
0 0 0 0 0 0 0 0 0 0 0 0 0 0 0 0 0 0 0 0 0 0 0 0 0 0 0 0 0 0 0 0 0 0 0 0
0 0 0 0 0 0 0 0 0 0 0 0 0 0 0 0 0 0 0 0 0 0 0 0 0 0 0 0 0 0 0 0 0 0 0 0
0 0 0 0 0 0 0 0 0 0 0 0 0 0 0 0 0 0 0 0 0 0 0 0 0 0 0 0 0 0 0 0 0 0 0 0
##$SHL_EXPANDCF7= (0..143)
0 0 0 0 0 0 0 0 0 0 0 0 0 0 0 0 0 0 0 0 0 0 0 0 0 0 0 0 0 0 0 0 0 0 0 0
0 0 0 0 0 0 0 0 0 0 0 0 0 0 0 0 0 0 0 0 0 0 0 0 0 0 0 0 0 0 0 0 0 0 0 0
0 0 0 0 0 0 0 0 0 0 0 0 0 0 0 0 0 0 0 0 0 0 0 0 0 0 0 0 0 0 0 0 0 0 0 0
0 0 0 0 0 0 0 0 0 0 0 0 0 0 0 0 0 0 0 0 0 0 0 0 0 0 0 0 0 0 0 0 0 0 0 0
##$SHL_EXPANDCF8= (0..143)
0 0 0 0 0 0 0 0 0 0 0 0 0 0 0 0 0 0 0 0 0 0 0 0 0 0 0 0 0 0 0 0 0 0 0 0
0 0 0 0 0 0 0 0 0 0 0 0 0 0 0 0 0 0 0 0 0 0 0 0 0 0 0 0 0 0 0 0 0 0 0 0
0 0 0 0 0 0 0 0 0 0 0 0 0 0 0 0 0 0 0 0 0 0 0 0 0 0 0 0 0 0 0 0 0 0 0 0
0 0 0 0 0 0 0 0 0 0 0 0 0 0 0 0 0 0 0 0 0 0 0 0 0 0 0 0 0 0 0 0 0 0 0 0
##$SHL_EXPANDCF9= (0..143)
0 0 0 0 0 0 0 0 0 0 0 0 0 0 0 0 0 0 0 0 0 0 0 0 0 0 0 0 0 0 0 0 0 0 0 0
0 0 0 0 0 0 0 0 0 0 0 0 0 0 0 0 0 0 0 0 0 0 0 0 0 0 0 0 0 0 0 0 0 0 0 0
0 0 0 0 0 0 0 0 0 0 0 0 0 0 0 0 0 0 0 0 0 0 0 0 0 0 0 0 0 0 0 0 0 0 0 0
0 0 0 0 0 0 0 0 0 0 0 0 0 0 0 0 0 0 0 0 0 0 0 0 0 0 0 0 0 0 0 0 0 0 0 0
##$SHL_EXPFAC= (0..15)
0 0 0 0 0 0 0 0 0 0 0 0 0 0 0 0
##$SHL_FRACEND= (0..15)
0 0 0 0 0 0 0 0 0 0 0 0 0 0 0 0
##$SHL_FRACORG= (0..15)
0 0 0 0 0 0 0 0 0 0 0 0 0 0 0 0
##$SHL_FRACSTART= (0..15)
0 0 0 0 0 0 0 0 0 0 0 0 0 0 0 0
##$SHL_FULLHALF= (0..15)
0 0 0 0 0 0 0 0 0 0 0 0 0 0 0 0
##$SHL_FUNCAMP= (0..15)
100 0 0 0 0 0 0 0 0 0 0 0 0 0 0 0
##$SHL_FUNCTION= (0..15)
<Rectangle> <> <> <> <> <> <> <> <> <> <> <> <> <> <> <>
##$SHL_GCO= (0..15)
<> <> <> <> <> <> <> <> <> <> <> <> <> <> <> <>
##$SHL_GCOCOEFFS0= (0..59)
0 0 0 0 0 0 0 0 0 0 0 0 0 0 0 0 0 0 0 0 0 0 0 0 0 0 0 0 0 0 0 0 0 0 0 0
0 0 0 0 0 0 0 0 0 0 0 0 0 0 0 0 0 0 0 0 0 0 0 0
##$SHL_GCOCOEFFS1= (0..59)
0 0 0 0 0 0 0 0 0 0 0 0 0 0 0 0 0 0 0 0 0 0 0 0 0 0 0 0 0 0 0 0 0 0 0 0
0 0 0 0 0 0 0 0 0 0 0 0 0 0 0 0 0 0 0 0 0 0 0 0
##$SHL_GCOCOEFFS10= (0..59)
0 0 0 0 0 0 0 0 0 0 0 0 0 0 0 0 0 0 0 0 0 0 0 0 0 0 0 0 0 0 0 0 0 0 0 0
0 0 0 0 0 0 0 0 0 0 0 0 0 0 0 0 0 0 0 0 0 0 0 0
##$SHL_GCOCOEFFS11= (0..59)
0 0 0 0 0 0 0 0 0 0 0 0 0 0 0 0 0 0 0 0 0 0 0 0 0 0 0 0 0 0 0 0 0 0 0 0
0 0 0 0 0 0 0 0 0 0 0 0 0 0 0 0 0 0 0 0 0 0 0 0
##$SHL_GCOCOEFFS12= (0..59)
0 0 0 0 0 0 0 0 0 0 0 0 0 0 0 0 0 0 0 0 0 0 0 0 0 0 0 0 0 0 0 0 0 0 0 0
0 0 0 0 0 0 0 0 0 0 0 0 0 0 0 0 0 0 0 0 0 0 0 0
##$SHL_GCOCOEFFS13= (0..59)
0 0 0 0 0 0 0 0 0 0 0 0 0 0 0 0 0 0 0 0 0 0 0 0 0 0 0 0 0 0 0 0 0 0 0 0
0 0 0 0 0 0 0 0 0 0 0 0 0 0 0 0 0 0 0 0 0 0 0 0
##$SHL_GCOCOEFFS14= (0..59)
0 0 0 0 0 0 0 0 0 0 0 0 0 0 0 0 0 0 0 0 0 0 0 0 0 0 0 0 0 0 0 0 0 0 0 0
0 0 0 0 0 0 0 0 0 0 0 0 0 0 0 0 0 0 0 0 0 0 0 0
##$SHL_GCOCOEFFS15= (0..59)
0 0 0 0 0 0 0 0 0 0 0 0 0 0 0 0 0 0 0 0 0 0 0 0 0 0 0 0 0 0 0 0 0 0 0 0
0 0 0 0 0 0 0 0 0 0 0 0 0 0 0 0 0 0 0 0 0 0 0 0
##$SHL_GCOCOEFFS2= (0..59)
0 0 0 0 0 0 0 0 0 0 0 0 0 0 0 0 0 0 0 0 0 0 0 0 0 0 0 0 0 0 0 0 0 0 0 0
0 0 0 0 0 0 0 0 0 0 0 0 0 0 0 0 0 0 0 0 0 0 0 0
##$SHL_GCOCOEFFS3= (0..59)
0 0 0 0 0 0 0 0 0 0 0 0 0 0 0 0 0 0 0 0 0 0 0 0 0 0 0 0 0 0 0 0 0 0 0 0
0 0 0 0 0 0 0 0 0 0 0 0 0 0 0 0 0 0 0 0 0 0 0 0
##$SHL_GCOCOEFFS4= (0..59)
0 0 0 0 0 0 0 0 0 0 0 0 0 0 0 0 0 0 0 0 0 0 0 0 0 0 0 0 0 0 0 0 0 0 0 0
0 0 0 0 0 0 0 0 0 0 0 0 0 0 0 0 0 0 0 0 0 0 0 0
##$SHL_GCOCOEFFS5= (0..59)
0 0 0 0 0 0 0 0 0 0 0 0 0 0 0 0 0 0 0 0 0 0 0 0 0 0 0 0 0 0 0 0 0 0 0 0
0 0 0 0 0 0 0 0 0 0 0 0 0 0 0 0 0 0 0 0 0 0 0 0
##$SHL_GCOCOEFFS6= (0..59)
0 0 0 0 0 0 0 0 0 0 0 0 0 0 0 0 0 0 0 0 0 0 0 0 0 0 0 0 0 0 0 0 0 0 0 0
0 0 0 0 0 0 0 0 0 0 0 0 0 0 0 0 0 0 0 0 0 0 0 0
##$SHL_GCOCOEFFS7= (0..59)
0 0 0 0 0 0 0 0 0 0 0 0 0 0 0 0 0 0 0 0 0 0 0 0 0 0 0 0 0 0 0 0 0 0 0 0
0 0 0 0 0 0 0 0 0 0 0 0 0 0 0 0 0 0 0 0 0 0 0 0
##$SHL_GCOCOEFFS8= (0..59)
0 0 0 0 0 0 0 0 0 0 0 0 0 0 0 0 0 0 0 0 0 0 0 0 0 0 0 0 0 0 0 0 0 0 0 0
0 0 0 0 0 0 0 0 0 0 0 0 0 0 0 0 0 0 0 0 0 0 0 0
##$SHL_GCOCOEFFS9= (0..59)
0 0 0 0 0 0 0 0 0 0 0 0 0 0 0 0 0 0 0 0 0 0 0 0 0 0 0 0 0 0 0 0 0 0 0 0
0 0 0 0 0 0 0 0 0 0 0 0 0 0 0 0 0 0 0 0 0 0 0 0
##$SHL_INTEGFAC= (0..15)
1 0 0 0 0 0 0 0 0 0 0 0 0 0 0 0
##$SHL_LB= (0..15)
0 0 0 0 0 0 0 0 0 0 0 0 0 0 0 0
##$SHL_LEFTLIMIT= (0..15)
0 0 0 0 0 0 0 0 0 0 0 0 0 0 0 0
##$SHL_LENGTH= (0..15)
25000.000373 0 0 0 0 0 0 0 0 0 0 0 0 0 0 0
##$SHL_MAN= (0..15)
<> <> <> <> <> <> <> <> <> <> <> <> <> <> <> <>
##$SHL_MEANAMP= (0..15)
0 0 0 0 0 0 0 0 0 0 0 0 0 0 0 0
##$SHL_MODAMP= (0..15)
0 0 0 0 0 0 0 0 0 0 0 0 0 0 0 0
##$SHL_MODE= (0..15)
0 0 0 0 0 0 0 0 0 0 0 0 0 0 0 0
##$SHL_MODFREQ= (0..15)
0 0 0 0 0 0 0 0 0 0 0 0 0 0 0 0
##$SHL_MODPHASE= (0..15)
0 0 0 0 0 0 0 0 0 0 0 0 0 0 0 0
##$SHL_MODSCALE= (0..15)
0 0 0 0 0 0 0 0 0 0 0 0 0 0 0 0
##$SHL_MODSW= (0..15)
0 0 0 0 0 0 0 0 0 0 0 0 0 0 0 0
##$SHL_MODSWDIR= (0..15)
-1 -1 -1 -1 -1 -1 -1 -1 -1 -1 -1 -1 -1 -1 -1 -1
##$SHL_MU= (0..15)
0 0 0 0 0 0 0 0 0 0 0 0 0 0 0 0
##$SHL_NPOINTS= (0..15)
1250 0 0 0 0 0 0 0 0 0 0 0 0 0 0 0
##$SHL_OFFS= (0..15)
<> <> <> <> <> <> <> <> <> <> <> <> <> <> <> <>
##$SHL_OFFSCOEFF0= (0..95)
0 0 0 0 0 0 0 0 0 0 0 0 0 0 0 0 0 0 0 0 0 0 0 0 0 0 0 0 0 0 0 0 0 0 0 0
0 0 0 0 0 0 0 0 0 0 0 0 0 0 0 0 0 0 0 0 0 0 0 0 0 0 0 0 0 0 0 0 0 0 0 0
0 0 0 0 0 0 0 0 0 0 0 0 0 0 0 0 0 0 0 0 0 0 0 0
##$SHL_OFFSCOEFF1= (0..95)
0 0 0 0 0 0 0 0 0 0 0 0 0 0 0 0 0 0 0 0 0 0 0 0 0 0 0 0 0 0 0 0 0 0 0 0
0 0 0 0 0 0 0 0 0 0 0 0 0 0 0 0 0 0 0 0 0 0 0 0 0 0 0 0 0 0 0 0 0 0 0 0
0 0 0 0 0 0 0 0 0 0 0 0 0 0 0 0 0 0 0 0 0 0 0 0
##$SHL_OFFSCOEFF10= (0..95)
0 0 0 0 0 0 0 0 0 0 0 0 0 0 0 0 0 0 0 0 0 0 0 0 0 0 0 0 0 0 0 0 0 0 0 0
0 0 0 0 0 0 0 0 0 0 0 0 0 0 0 0 0 0 0 0 0 0 0 0 0 0 0 0 0 0 0 0 0 0 0 0
0 0 0 0 0 0 0 0 0 0 0 0 0 0 0 0 0 0 0 0 0 0 0 0
##$SHL_OFFSCOEFF11= (0..95)
0 0 0 0 0 0 0 0 0 0 0 0 0 0 0 0 0 0 0 0 0 0 0 0 0 0 0 0 0 0 0 0 0 0 0 0
0 0 0 0 0 0 0 0 0 0 0 0 0 0 0 0 0 0 0 0 0 0 0 0 0 0 0 0 0 0 0 0 0 0 0 0
0 0 0 0 0 0 0 0 0 0 0 0 0 0 0 0 0 0 0 0 0 0 0 0
##$SHL_OFFSCOEFF12= (0..95)
0 0 0 0 0 0 0 0 0 0 0 0 0 0 0 0 0 0 0 0 0 0 0 0 0 0 0 0 0 0 0 0 0 0 0 0
0 0 0 0 0 0 0 0 0 0 0 0 0 0 0 0 0 0 0 0 0 0 0 0 0 0 0 0 0 0 0 0 0 0 0 0
0 0 0 0 0 0 0 0 0 0 0 0 0 0 0 0 0 0 0 0 0 0 0 0
##$SHL_OFFSCOEFF13= (0..95)
0 0 0 0 0 0 0 0 0 0 0 0 0 0 0 0 0 0 0 0 0 0 0 0 0 0 0 0 0 0 0 0 0 0 0 0
0 0 0 0 0 0 0 0 0 0 0 0 0 0 0 0 0 0 0 0 0 0 0 0 0 0 0 0 0 0 0 0 0 0 0 0
0 0 0 0 0 0 0 0 0 0 0 0 0 0 0 0 0 0 0 0 0 0 0 0
##$SHL_OFFSCOEFF14= (0..95)
0 0 0 0 0 0 0 0 0 0 0 0 0 0 0 0 0 0 0 0 0 0 0 0 0 0 0 0 0 0 0 0 0 0 0 0
0 0 0 0 0 0 0 0 0 0 0 0 0 0 0 0 0 0 0 0 0 0 0 0 0 0 0 0 0 0 0 0 0 0 0 0
0 0 0 0 0 0 0 0 0 0 0 0 0 0 0 0 0 0 0 0 0 0 0 0
##$SHL_OFFSCOEFF15= (0..95)
0 0 0 0 0 0 0 0 0 0 0 0 0 0 0 0 0 0 0 0 0 0 0 0 0 0 0 0 0 0 0 0 0 0 0 0
0 0 0 0 0 0 0 0 0 0 0 0 0 0 0 0 0 0 0 0 0 0 0 0 0 0 0 0 0 0 0 0 0 0 0 0
0 0 0 0 0 0 0 0 0 0 0 0 0 0 0 0 0 0 0 0 0 0 0 0
##$SHL_OFFSCOEFF2= (0..95)
0 0 0 0 0 0 0 0 0 0 0 0 0 0 0 0 0 0 0 0 0 0 0 0 0 0 0 0 0 0 0 0 0 0 0 0
0 0 0 0 0 0 0 0 0 0 0 0 0 0 0 0 0 0 0 0 0 0 0 0 0 0 0 0 0 0 0 0 0 0 0 0
0 0 0 0 0 0 0 0 0 0 0 0 0 0 0 0 0 0 0 0 0 0 0 0
##$SHL_OFFSCOEFF3= (0..95)
0 0 0 0 0 0 0 0 0 0 0 0 0 0 0 0 0 0 0 0 0 0 0 0 0 0 0 0 0 0 0 0 0 0 0 0
0 0 0 0 0 0 0 0 0 0 0 0 0 0 0 0 0 0 0 0 0 0 0 0 0 0 0 0 0 0 0 0 0 0 0 0
0 0 0 0 0 0 0 0 0 0 0 0 0 0 0 0 0 0 0 0 0 0 0 0
##$SHL_OFFSCOEFF4= (0..95)
0 0 0 0 0 0 0 0 0 0 0 0 0 0 0 0 0 0 0 0 0 0 0 0 0 0 0 0 0 0 0 0 0 0 0 0
0 0 0 0 0 0 0 0 0 0 0 0 0 0 0 0 0 0 0 0 0 0 0 0 0 0 0 0 0 0 0 0 0 0 0 0
0 0 0 0 0 0 0 0 0 0 0 0 0 0 0 0 0 0 0 0 0 0 0 0
##$SHL_OFFSCOEFF5= (0..95)
0 0 0 0 0 0 0 0 0 0 0 0 0 0 0 0 0 0 0 0 0 0 0 0 0 0 0 0 0 0 0 0 0 0 0 0
0 0 0 0 0 0 0 0 0 0 0 0 0 0 0 0 0 0 0 0 0 0 0 0 0 0 0 0 0 0 0 0 0 0 0 0
0 0 0 0 0 0 0 0 0 0 0 0 0 0 0 0 0 0 0 0 0 0 0 0
##$SHL_OFFSCOEFF6= (0..95)
0 0 0 0 0 0 0 0 0 0 0 0 0 0 0 0 0 0 0 0 0 0 0 0 0 0 0 0 0 0 0 0 0 0 0 0
0 0 0 0 0 0 0 0 0 0 0 0 0 0 0 0 0 0 0 0 0 0 0 0 0 0 0 0 0 0 0 0 0 0 0 0
0 0 0 0 0 0 0 0 0 0 0 0 0 0 0 0 0 0 0 0 0 0 0 0
##$SHL_OFFSCOEFF7= (0..95)
0 0 0 0 0 0 0 0 0 0 0 0 0 0 0 0 0 0 0 0 0 0 0 0 0 0 0 0 0 0 0 0 0 0 0 0
0 0 0 0 0 0 0 0 0 0 0 0 0 0 0 0 0 0 0 0 0 0 0 0 0 0 0 0 0 0 0 0 0 0 0 0
0 0 0 0 0 0 0 0 0 0 0 0 0 0 0 0 0 0 0 0 0 0 0 0
##$SHL_OFFSCOEFF8= (0..95)
0 0 0 0 0 0 0 0 0 0 0 0 0 0 0 0 0 0 0 0 0 0 0 0 0 0 0 0 0 0 0 0 0 0 0 0
0 0 0 0 0 0 0 0 0 0 0 0 0 0 0 0 0 0 0 0 0 0 0 0 0 0 0 0 0 0 0 0 0 0 0 0
0 0 0 0 0 0 0 0 0 0 0 0 0 0 0 0 0 0 0 0 0 0 0 0
##$SHL_OFFSCOEFF9= (0..95)
0 0 0 0 0 0 0 0 0 0 0 0 0 0 0 0 0 0 0 0 0 0 0 0 0 0 0 0 0 0 0 0 0 0 0 0
0 0 0 0 0 0 0 0 0 0 0 0 0 0 0 0 0 0 0 0 0 0 0 0 0 0 0 0 0 0 0 0 0 0 0 0
0 0 0 0 0 0 0 0 0 0 0 0 0 0 0 0 0 0 0 0 0 0 0 0
##$SHL_PHASE= (0..15)
0 0 0 0 0 0 0 0 0 0 0 0 0 0 0 0
##$SHL_PHASEFAC= (0..15)
0 0 0 0 0 0 0 0 0 0 0 0 0 0 0 0
##$SHL_POWERINDEX= (0..15)
0 0 0 0 0 0 0 0 0 0 0 0 0 0 0 0
##$SHL_QUADCOEFF= (0..15)
0 0 0 0 0 0 0 0 0 0 0 0 0 0 0 0
##$SHL_RIGHTLIMIT= (0..15)
0 0 0 0 0 0 0 0 0 0 0 0 0 0 0 0
##$SHL_SCALEFACTOR= (0..15)
1 1 1 1 1 1 1 1 1 1 1 1 1 1 1 1
##$SHL_SF= (0..15)
<> <> <> <> <> <> <> <> <> <> <> <> <> <> <> <>
##$SHL_SFCOEFFS0= (0..200)
0 0 0 0 0 0 0 0 0 0 0 0 0 0 0 0 0 0 0 0 0 0 0 0 0 0 0 0 0 0 0 0 0 0 0 0
0 0 0 0 0 0 0 0 0 0 0 0 0 0 0 0 0 0 0 0 0 0 0 0 0 0 0 0 0 0 0 0 0 0 0 0
0 0 0 0 0 0 0 0 0 0 0 0 0 0 0 0 0 0 0 0 0 0 0 0 0 0 0 0 0 0 0 0 0 0 0 0
0 0 0 0 0 0 0 0 0 0 0 0 0 0 0 0 0 0 0 0 0 0 0 0 0 0 0 0 0 0 0 0 0 0 0 0
0 0 0 0 0 0 0 0 0 0 0 0 0 0 0 0 0 0 0 0 0 0 0 0 0 0 0 0 0 0 0 0 0 0 0 0
0 0 0 0 0 0 0 0 0 0 0 0 0 0 0 0 0 0 0 0 0
##$SHL_SFCOEFFS1= (0..200)
0 0 0 0 0 0 0 0 0 0 0 0 0 0 0 0 0 0 0 0 0 0 0 0 0 0 0 0 0 0 0 0 0 0 0 0
0 0 0 0 0 0 0 0 0 0 0 0 0 0 0 0 0 0 0 0 0 0 0 0 0 0 0 0 0 0 0 0 0 0 0 0
0 0 0 0 0 0 0 0 0 0 0 0 0 0 0 0 0 0 0 0 0 0 0 0 0 0 0 0 0 0 0 0 0 0 0 0
0 0 0 0 0 0 0 0 0 0 0 0 0 0 0 0 0 0 0 0 0 0 0 0 0 0 0 0 0 0 0 0 0 0 0 0
0 0 0 0 0 0 0 0 0 0 0 0 0 0 0 0 0 0 0 0 0 0 0 0 0 0 0 0 0 0 0 0 0 0 0 0
0 0 0 0 0 0 0 0 0 0 0 0 0 0 0 0 0 0 0 0 0
##$SHL_SFCOEFFS10= (0..200)
0 0 0 0 0 0 0 0 0 0 0 0 0 0 0 0 0 0 0 0 0 0 0 0 0 0 0 0 0 0 0 0 0 0 0 0
0 0 0 0 0 0 0 0 0 0 0 0 0 0 0 0 0 0 0 0 0 0 0 0 0 0 0 0 0 0 0 0 0 0 0 0
0 0 0 0 0 0 0 0 0 0 0 0 0 0 0 0 0 0 0 0 0 0 0 0 0 0 0 0 0 0 0 0 0 0 0 0
0 0 0 0 0 0 0 0 0 0 0 0 0 0 0 0 0 0 0 0 0 0 0 0 0 0 0 0 0 0 0 0 0 0 0 0
0 0 0 0 0 0 0 0 0 0 0 0 0 0 0 0 0 0 0 0 0 0 0 0 0 0 0 0 0 0 0 0 0 0 0 0
0 0 0 0 0 0 0 0 0 0 0 0 0 0 0 0 0 0 0 0 0
##$SHL_SFCOEFFS11= (0..200)
0 0 0 0 0 0 0 0 0 0 0 0 0 0 0 0 0 0 0 0 0 0 0 0 0 0 0 0 0 0 0 0 0 0 0 0
0 0 0 0 0 0 0 0 0 0 0 0 0 0 0 0 0 0 0 0 0 0 0 0 0 0 0 0 0 0 0 0 0 0 0 0
0 0 0 0 0 0 0 0 0 0 0 0 0 0 0 0 0 0 0 0 0 0 0 0 0 0 0 0 0 0 0 0 0 0 0 0
0 0 0 0 0 0 0 0 0 0 0 0 0 0 0 0 0 0 0 0 0 0 0 0 0 0 0 0 0 0 0 0 0 0 0 0
0 0 0 0 0 0 0 0 0 0 0 0 0 0 0 0 0 0 0 0 0 0 0 0 0 0 0 0 0 0 0 0 0 0 0 0
0 0 0 0 0 0 0 0 0 0 0 0 0 0 0 0 0 0 0 0 0
##$SHL_SFCOEFFS12= (0..200)
0 0 0 0 0 0 0 0 0 0 0 0 0 0 0 0 0 0 0 0 0 0 0 0 0 0 0 0 0 0 0 0 0 0 0 0
0 0 0 0 0 0 0 0 0 0 0 0 0 0 0 0 0 0 0 0 0 0 0 0 0 0 0 0 0 0 0 0 0 0 0 0
0 0 0 0 0 0 0 0 0 0 0 0 0 0 0 0 0 0 0 0 0 0 0 0 0 0 0 0 0 0 0 0 0 0 0 0
0 0 0 0 0 0 0 0 0 0 0 0 0 0 0 0 0 0 0 0 0 0 0 0 0 0 0 0 0 0 0 0 0 0 0 0
0 0 0 0 0 0 0 0 0 0 0 0 0 0 0 0 0 0 0 0 0 0 0 0 0 0 0 0 0 0 0 0 0 0 0 0
0 0 0 0 0 0 0 0 0 0 0 0 0 0 0 0 0 0 0 0 0
##$SHL_SFCOEFFS13= (0..200)
0 0 0 0 0 0 0 0 0 0 0 0 0 0 0 0 0 0 0 0 0 0 0 0 0 0 0 0 0 0 0 0 0 0 0 0
0 0 0 0 0 0 0 0 0 0 0 0 0 0 0 0 0 0 0 0 0 0 0 0 0 0 0 0 0 0 0 0 0 0 0 0
0 0 0 0 0 0 0 0 0 0 0 0 0 0 0 0 0 0 0 0 0 0 0 0 0 0 0 0 0 0 0 0 0 0 0 0
0 0 0 0 0 0 0 0 0 0 0 0 0 0 0 0 0 0 0 0 0 0 0 0 0 0 0 0 0 0 0 0 0 0 0 0
0 0 0 0 0 0 0 0 0 0 0 0 0 0 0 0 0 0 0 0 0 0 0 0 0 0 0 0 0 0 0 0 0 0 0 0
0 0 0 0 0 0 0 0 0 0 0 0 0 0 0 0 0 0 0 0 0
##$SHL_SFCOEFFS14= (0..200)
0 0 0 0 0 0 0 0 0 0 0 0 0 0 0 0 0 0 0 0 0 0 0 0 0 0 0 0 0 0 0 0 0 0 0 0
0 0 0 0 0 0 0 0 0 0 0 0 0 0 0 0 0 0 0 0 0 0 0 0 0 0 0 0 0 0 0 0 0 0 0 0
0 0 0 0 0 0 0 0 0 0 0 0 0 0 0 0 0 0 0 0 0 0 0 0 0 0 0 0 0 0 0 0 0 0 0 0
0 0 0 0 0 0 0 0 0 0 0 0 0 0 0 0 0 0 0 0 0 0 0 0 0 0 0 0 0 0 0 0 0 0 0 0
0 0 0 0 0 0 0 0 0 0 0 0 0 0 0 0 0 0 0 0 0 0 0 0 0 0 0 0 0 0 0 0 0 0 0 0
0 0 0 0 0 0 0 0 0 0 0 0 0 0 0 0 0 0 0 0 0
##$SHL_SFCOEFFS15= (0..200)
0 0 0 0 0 0 0 0 0 0 0 0 0 0 0 0 0 0 0 0 0 0 0 0 0 0 0 0 0 0 0 0 0 0 0 0
0 0 0 0 0 0 0 0 0 0 0 0 0 0 0 0 0 0 0 0 0 0 0 0 0 0 0 0 0 0 0 0 0 0 0 0
0 0 0 0 0 0 0 0 0 0 0 0 0 0 0 0 0 0 0 0 0 0 0 0 0 0 0 0 0 0 0 0 0 0 0 0
0 0 0 0 0 0 0 0 0 0 0 0 0 0 0 0 0 0 0 0 0 0 0 0 0 0 0 0 0 0 0 0 0 0 0 0
0 0 0 0 0 0 0 0 0 0 0 0 0 0 0 0 0 0 0 0 0 0 0 0 0 0 0 0 0 0 0 0 0 0 0 0
0 0 0 0 0 0 0 0 0 0 0 0 0 0 0 0 0 0 0 0 0
##$SHL_SFCOEFFS2= (0..200)
0 0 0 0 0 0 0 0 0 0 0 0 0 0 0 0 0 0 0 0 0 0 0 0 0 0 0 0 0 0 0 0 0 0 0 0
0 0 0 0 0 0 0 0 0 0 0 0 0 0 0 0 0 0 0 0 0 0 0 0 0 0 0 0 0 0 0 0 0 0 0 0
0 0 0 0 0 0 0 0 0 0 0 0 0 0 0 0 0 0 0 0 0 0 0 0 0 0 0 0 0 0 0 0 0 0 0 0
0 0 0 0 0 0 0 0 0 0 0 0 0 0 0 0 0 0 0 0 0 0 0 0 0 0 0 0 0 0 0 0 0 0 0 0
0 0 0 0 0 0 0 0 0 0 0 0 0 0 0 0 0 0 0 0 0 0 0 0 0 0 0 0 0 0 0 0 0 0 0 0
0 0 0 0 0 0 0 0 0 0 0 0 0 0 0 0 0 0 0 0 0
##$SHL_SFCOEFFS3= (0..200)
0 0 0 0 0 0 0 0 0 0 0 0 0 0 0 0 0 0 0 0 0 0 0 0 0 0 0 0 0 0 0 0 0 0 0 0
0 0 0 0 0 0 0 0 0 0 0 0 0 0 0 0 0 0 0 0 0 0 0 0 0 0 0 0 0 0 0 0 0 0 0 0
0 0 0 0 0 0 0 0 0 0 0 0 0 0 0 0 0 0 0 0 0 0 0 0 0 0 0 0 0 0 0 0 0 0 0 0
0 0 0 0 0 0 0 0 0 0 0 0 0 0 0 0 0 0 0 0 0 0 0 0 0 0 0 0 0 0 0 0 0 0 0 0
0 0 0 0 0 0 0 0 0 0 0 0 0 0 0 0 0 0 0 0 0 0 0 0 0 0 0 0 0 0 0 0 0 0 0 0
0 0 0 0 0 0 0 0 0 0 0 0 0 0 0 0 0 0 0 0 0
##$SHL_SFCOEFFS4= (0..200)
0 0 0 0 0 0 0 0 0 0 0 0 0 0 0 0 0 0 0 0 0 0 0 0 0 0 0 0 0 0 0 0 0 0 0 0
0 0 0 0 0 0 0 0 0 0 0 0 0 0 0 0 0 0 0 0 0 0 0 0 0 0 0 0 0 0 0 0 0 0 0 0
0 0 0 0 0 0 0 0 0 0 0 0 0 0 0 0 0 0 0 0 0 0 0 0 0 0 0 0 0 0 0 0 0 0 0 0
0 0 0 0 0 0 0 0 0 0 0 0 0 0 0 0 0 0 0 0 0 0 0 0 0 0 0 0 0 0 0 0 0 0 0 0
0 0 0 0 0 0 0 0 0 0 0 0 0 0 0 0 0 0 0 0 0 0 0 0 0 0 0 0 0 0 0 0 0 0 0 0
0 0 0 0 0 0 0 0 0 0 0 0 0 0 0 0 0 0 0 0 0
##$SHL_SFCOEFFS5= (0..200)
0 0 0 0 0 0 0 0 0 0 0 0 0 0 0 0 0 0 0 0 0 0 0 0 0 0 0 0 0 0 0 0 0 0 0 0
0 0 0 0 0 0 0 0 0 0 0 0 0 0 0 0 0 0 0 0 0 0 0 0 0 0 0 0 0 0 0 0 0 0 0 0
0 0 0 0 0 0 0 0 0 0 0 0 0 0 0 0 0 0 0 0 0 0 0 0 0 0 0 0 0 0 0 0 0 0 0 0
0 0 0 0 0 0 0 0 0 0 0 0 0 0 0 0 0 0 0 0 0 0 0 0 0 0 0 0 0 0 0 0 0 0 0 0
0 0 0 0 0 0 0 0 0 0 0 0 0 0 0 0 0 0 0 0 0 0 0 0 0 0 0 0 0 0 0 0 0 0 0 0
0 0 0 0 0 0 0 0 0 0 0 0 0 0 0 0 0 0 0 0 0
##$SHL_SFCOEFFS6= (0..200)
0 0 0 0 0 0 0 0 0 0 0 0 0 0 0 0 0 0 0 0 0 0 0 0 0 0 0 0 0 0 0 0 0 0 0 0
0 0 0 0 0 0 0 0 0 0 0 0 0 0 0 0 0 0 0 0 0 0 0 0 0 0 0 0 0 0 0 0 0 0 0 0
0 0 0 0 0 0 0 0 0 0 0 0 0 0 0 0 0 0 0 0 0 0 0 0 0 0 0 0 0 0 0 0 0 0 0 0
0 0 0 0 0 0 0 0 0 0 0 0 0 0 0 0 0 0 0 0 0 0 0 0 0 0 0 0 0 0 0 0 0 0 0 0
0 0 0 0 0 0 0 0 0 0 0 0 0 0 0 0 0 0 0 0 0 0 0 0 0 0 0 0 0 0 0 0 0 0 0 0
0 0 0 0 0 0 0 0 0 0 0 0 0 0 0 0 0 0 0 0 0
##$SHL_SFCOEFFS7= (0..200)
0 0 0 0 0 0 0 0 0 0 0 0 0 0 0 0 0 0 0 0 0 0 0 0 0 0 0 0 0 0 0 0 0 0 0 0
0 0 0 0 0 0 0 0 0 0 0 0 0 0 0 0 0 0 0 0 0 0 0 0 0 0 0 0 0 0 0 0 0 0 0 0
0 0 0 0 0 0 0 0 0 0 0 0 0 0 0 0 0 0 0 0 0 0 0 0 0 0 0 0 0 0 0 0 0 0 0 0
0 0 0 0 0 0 0 0 0 0 0 0 0 0 0 0 0 0 0 0 0 0 0 0 0 0 0 0 0 0 0 0 0 0 0 0
0 0 0 0 0 0 0 0 0 0 0 0 0 0 0 0 0 0 0 0 0 0 0 0 0 0 0 0 0 0 0 0 0 0 0 0
0 0 0 0 0 0 0 0 0 0 0 0 0 0 0 0 0 0 0 0 0
##$SHL_SFCOEFFS8= (0..200)
0 0 0 0 0 0 0 0 0 0 0 0 0 0 0 0 0 0 0 0 0 0 0 0 0 0 0 0 0 0 0 0 0 0 0 0
0 0 0 0 0 0 0 0 0 0 0 0 0 0 0 0 0 0 0 0 0 0 0 0 0 0 0 0 0 0 0 0 0 0 0 0
0 0 0 0 0 0 0 0 0 0 0 0 0 0 0 0 0 0 0 0 0 0 0 0 0 0 0 0 0 0 0 0 0 0 0 0
0 0 0 0 0 0 0 0 0 0 0 0 0 0 0 0 0 0 0 0 0 0 0 0 0 0 0 0 0 0 0 0 0 0 0 0
0 0 0 0 0 0 0 0 0 0 0 0 0 0 0 0 0 0 0 0 0 0 0 0 0 0 0 0 0 0 0 0 0 0 0 0
0 0 0 0 0 0 0 0 0 0 0 0 0 0 0 0 0 0 0 0 0
##$SHL_SFCOEFFS9= (0..200)
0 0 0 0 0 0 0 0 0 0 0 0 0 0 0 0 0 0 0 0 0 0 0 0 0 0 0 0 0 0 0 0 0 0 0 0
0 0 0 0 0 0 0 0 0 0 0 0 0 0 0 0 0 0 0 0 0 0 0 0 0 0 0 0 0 0 0 0 0 0 0 0
0 0 0 0 0 0 0 0 0 0 0 0 0 0 0 0 0 0 0 0 0 0 0 0 0 0 0 0 0 0 0 0 0 0 0 0
0 0 0 0 0 0 0 0 0 0 0 0 0 0 0 0 0 0 0 0 0 0 0 0 0 0 0 0 0 0 0 0 0 0 0 0
0 0 0 0 0 0 0 0 0 0 0 0 0 0 0 0 0 0 0 0 0 0 0 0 0 0 0 0 0 0 0 0 0 0 0 0
0 0 0 0 0 0 0 0 0 0 0 0 0 0 0 0 0 0 0 0 0
##$SHL_SMOOTHED= (0..15)
0 0 0 0 0 0 0 0 0 0 0 0 0 0 0 0
##$SHL_SMOOTHING= (0..15)
0 0 0 0 0 0 0 0 0 0 0 0 0 0 0 0
##$SHL_SPOAL= (0..15)
0 0 0 0 0 0 0 0 0 0 0 0 0 0 0 0
##$SHL_SPOFFS= (0..15)
0 0 0 0 0 0 0 0 0 0 0 0 0 0 0 0
##$SHL_SPOPH= (0..15)
0 0 0 0 0 0 0 0 0 0 0 0 0 0 0 0
##$SHL_STARTAMP= (0..15)
0 0 0 0 0 0 0 0 0 0 0 0 0 0 0 0
##$SHL_SW= (0..15)
0 0 0 0 0 0 0 0 0 0 0 0 0 0 0 0
##$SHL_SWDIR= (0..15)
-1 -1 -1 -1 -1 -1 -1 -1 -1 -1 -1 -1 -1 -1 -1 -1
##$SHL_TANKAPPA= (0..15)
0 0 0 0 0 0 0 0 0 0 0 0 0 0 0 0
##$SHL_TOTROT= (0..15)
90 0 0 0 0 0 0 0 0 0 0 0 0 0 0 0
##$SHL_TRUNCLEV= (0..15)
0 0 0 0 0 0 0 0 0 0 0 0 0 0 0 0
##$SHL_TYPE= (0..15)
<Excitation> <> <> <> <> <> <> <> <> <> <> <> <> <> <> <>
##$SHL_WINDOWSIZE= (0..15)
0 0 0 0 0 0 0 0 0 0 0 0 0 0 0 0
##$SHL_ZETA= (0..15)
0 0 0 0 0 0 0 0 0 0 0 0 0 0 0 0
##NPOINTS= 1250
##XYPOINTS= (XY..XY)
72.795998, 146.491413
72.334716, 147.991464
71.870577, 149.491599
71.403613, 150.991818
70.933860, 152.492125
70.461351, 153.992520
69.986121, 155.493006
69.508206, 156.993584
69.027639, 158.494257
68.544457, 159.995026
68.058695, 161.495895
67.570388, 162.996864
67.079572, 164.497936
66.586283, 165.999114
66.090557, 167.500401
65.592432, 169.001797
65.091942, 170.503307
64.589126, 172.004933
64.084019, 173.506678
63.576659, 175.008544
63.067083, 176.510535
62.555328, 178.012654
62.041433, 179.514904
61.525434, 181.017288
61.007369, 182.519810
60.487277, 184.022473
59.965196, 185.525281
59.441163, 187.028239
58.915218, 188.531349
58.387399, 190.034617
57.857745, 191.538046
57.326293, 193.041642
56.793085, 194.545408
56.258158, 196.049350
55.721552, 197.553472
55.183306, 199.057780
54.643460, 200.562280
54.102053, 202.066977
53.559125, 203.571877
53.014716, 205.076987
52.468866, 206.582312
51.921615, 208.087860
51.373002, 209.593637
50.823070, 211.099651
50.271856, 212.605910
49.719403, 214.112421
49.165751, 215.619193
48.610940, 217.126235
48.055011, 218.633555
47.498005, 220.141164
46.939962, 221.649072
46.380925, 223.157288
45.820933, 224.665825
45.260028, 226.174693
44.698251, 227.683905
44.135644, 229.193473
43.572247, 230.703411
43.008103, 232.213733
42.443252, 233.724453
41.877736, 235.235588
41.311597, 236.747154
40.744877, 238.259168
40.177616, 239.771648
39.609857, 241.284613
39.041641, 242.798085
38.473011, 244.312084
37.904008, 245.826633
37.334673, 247.341757
36.765050, 248.857481
36.195180, 250.373831
35.625104, 251.890838
35.054865, 253.408530
34.484506, 254.926942
33.914067, 256.446107
33.343591, 257.966062
32.773120, 259.486847
32.202697, 261.008503
31.632363, 262.531076
31.062160, 264.054613
30.492131, 265.579166
29.922318, 267.104789
29.352763, 268.631543
28.783509, 270.159490
28.214597, 271.688700
27.646070, 273.219245
27.077970, 274.751207
26.510339, 276.284670
25.943220, 277.819729
25.376654, 279.356485
24.810685, 280.895048
24.245355, 282.435537
23.680705, 283.978084
23.116779, 285.522831
22.553619, 287.069934
21.991267, 288.619564
21.429766, 290.171911
20.869159, 291.727181
20.309488, 293.285605
19.750796, 294.847435
19.193127, 296.412954
18.636524, 297.982476
18.081029, 299.556351
17.526686, 301.134972
16.973539, 302.718780
16.421633, 304.308274
15.871012, 305.904015
15.321721, 307.506645
14.773805, 309.116894
14.227310, 310.735601
13.682285, 312.363729
13.138776, 314.002397
12.596833, 315.652906
12.056506, 317.316780
11.517849, 318.995816
10.980916, 320.692146
10.445765, 322.408324
9.912457, 324.147429
9.381059, 325.913209
8.851643, 327.710275
8.324289, 329.544361
7.799088, 331.422687
7.276145, 333.354472
6.755585, 335.351673
6.237561, 337.430076
5.722266, 339.610948
5.209950, 341.923622
4.700954, 344.409670
4.195764, 347.129931
3.695098, 350.176898
3.200089, 353.697791
2.712642, 357.940351
2.236232, 3.350593
1.777858, 10.797625
1.353413, 22.110982
1.003314, 41.106843
0.823681, 72.055700
0.916513, 105.938354
1.218194, 128.556383
1.613403, 141.803653
2.046883, 150.225389
2.497277, 156.165968
2.955568, 160.722005
3.417442, 164.441468
3.880608, 167.621386
4.343736, 170.434708
4.806002, 172.988287
5.266860, 175.351441
5.725935, 177.570990
6.182953, 179.679652
6.637710, 181.700950
7.090047, 183.652222
7.539836, 185.546515
7.986971, 187.393838
8.431363, 189.201989
8.872936, 190.977136
9.311620, 192.724217
9.747355, 194.447236
10.180085, 196.149470
10.609760, 197.833628
11.036330, 199.501968
11.459751, 201.156386
11.879981, 202.798491
12.296978, 204.429648
12.710705, 206.051032
13.121122, 207.663653
13.528194, 209.268388
13.931885, 210.866000
14.332160, 212.457156
14.728988, 214.042443
15.122333, 215.622380
15.512165, 217.197424
15.898451, 218.767983
16.281161, 220.334420
16.660265, 221.897061
17.035732, 223.456196
17.407533, 225.012089
17.775639, 226.564976
18.140021, 228.115072
18.500652, 229.662570
18.857503, 231.207648
19.210548, 232.750465
19.559758, 234.291170
19.905109, 235.829895
20.246573, 237.366765
20.584125, 238.901892
20.917740, 240.435379
21.247391, 241.967324
21.573054, 243.497813
21.894705, 245.026929
22.212320, 246.554747
22.525874, 248.081338
22.835345, 249.606765
23.140709, 251.131091
23.441944, 252.654370
23.739026, 254.176655
24.031935, 255.697995
24.320647, 257.218437
24.605142, 258.738021
24.885398, 260.256789
25.161395, 261.774778
25.433112, 263.292022
25.700528, 264.808555
25.963625, 266.324408
26.222383, 267.839610
26.476781, 269.354187
26.726803, 270.868167
26.972428, 272.381573
27.213640, 273.894428
27.450419, 275.406754
27.682749, 276.918572
27.910612, 278.429900
28.133991, 279.940757
28.352871, 281.451160
28.567235, 282.961126
28.777066, 284.470670
28.982350, 285.979807
29.183071, 287.488551
29.379215, 288.996915
29.570767, 290.504912
29.757713, 292.012553
29.940039, 293.519851
30.117732, 295.026816
30.290778, 296.533458
30.459165, 298.039787
30.622880, 299.545812
30.781912, 301.051542
30.936249, 302.556986
31.085878, 304.062152
31.230790, 305.567047
31.370974, 307.071679
31.506418, 308.576054
31.637114, 310.080180
31.763051, 311.584062
31.884221, 313.087707
32.000614, 314.591119
32.112222, 316.094306
32.219036, 317.597272
32.321049, 319.100021
32.418253, 320.602559
32.510641, 322.104890
32.598207, 323.607019
32.680943, 325.108949
32.758844, 326.610684
32.831903, 328.112228
32.900117, 329.613585
32.963478, 331.114757
33.021984, 332.615749
33.075629, 334.116562
33.124409, 335.617200
33.168322, 337.117665
33.207363, 338.617960
33.241530, 340.118087
33.270820, 341.618048
33.295231, 343.117845
33.314762, 344.617481
33.329410, 346.116957
33.339175, 347.616275
33.344057, 349.115436
33.344053, 350.614441
33.339166, 352.113293
33.329394, 353.611991
33.314739, 355.110538
33.295202, 356.608933
33.270784, 358.107178
33.241487, 359.605274
33.207312, 1.103220
33.168264, 2.601018
33.124343, 4.098667
33.075555, 5.596168
33.021901, 7.093521
32.963387, 8.590726
32.900016, 10.087782
32.831792, 11.584690
32.758722, 13.081449
32.680810, 14.578058
32.598063, 16.074516
32.510485, 17.570824
32.418084, 19.066979
32.320866, 20.562982
32.218838, 22.058829
32.112008, 23.554522
32.000384, 25.050057
31.883974, 26.545433
31.762786, 28.040648
31.636830, 29.535701
31.506114, 31.030589
31.370648, 32.525310
31.230442, 34.019861
31.085506, 35.514240
30.935851, 37.008444
30.781489, 38.502470
30.622429, 39.996314
30.458684, 41.489973
30.290266, 42.983444
30.117188, 44.476721
29.939461, 45.969802
29.757099, 47.462682
29.570116, 48.955355
29.378525, 50.447817
29.182339, 51.940063
28.981574, 53.432086
28.776245, 54.923881
28.566366, 56.415441
28.351952, 57.906759
28.133020, 59.397829
27.909585, 60.888642
27.681664, 62.379190
27.449274, 63.869465
27.212432, 65.359457
26.971154, 66.849157
26.725460, 68.338554
26.475366, 69.827637
26.220891, 71.316395
25.962055, 72.804815
25.698875, 74.292884
25.431371, 75.780588
25.159563, 77.267911
24.883471, 78.754838
24.603116, 80.241351
24.318517, 81.727431
24.029695, 83.213061
23.736673, 84.698217
23.439471, 86.182879
23.138111, 87.667021
22.832616, 89.150618
22.523008, 90.633642
22.209310, 92.116064
21.891544, 93.597850
21.569735, 95.078966
21.243906, 96.559375
20.914081, 98.039036
20.580285, 99.517905
20.242541, 100.995934
19.900875, 102.473072
19.555313, 103.949263
19.205879, 105.424444
18.852600, 106.898549
18.495501, 108.371505
18.134610, 109.843231
17.769952, 111.313639
17.401556, 112.782632
17.029448, 114.250102
16.653656, 115.715932
16.274209, 117.179989
15.891133, 118.642128
15.504459, 120.102185
15.114215, 121.559979
14.720430, 123.015304
14.323135, 124.467932
13.922359, 125.917601
13.518132, 127.364017
13.110486, 128.806845
12.699451, 130.245701
12.285060, 131.680143
11.867345, 133.109662
11.446338, 134.533669
11.022072, 135.951472
10.594582, 137.362261
10.163903, 138.765077
9.730070, 140.158779
9.293120, 141.541994
8.853091, 142.913061
8.410022, 144.269947
7.963955, 145.610136
7.514934, 146.930484
7.063006, 148.227001
6.608223, 149.494549
6.150643, 150.726406
5.690330, 151.913591
5.227363, 153.043844
4.761838, 154.099974
4.293879, 155.057113
3.823653, 155.877915
3.351409, 156.503647
2.877534, 156.836440
2.402701, 156.700563
1.928222, 155.747274
1.457080, 153.180280
0.997843, 146.764765
0.585963, 128.137243
0.416476, 73.690889
0.702332, 31.190259
1.144543, 17.973509
1.621925, 13.125808
2.112393, 11.173897
2.609885, 10.518426
3.112113, 10.547930
3.618015, 10.981647
4.127026, 11.673324
4.638804, 12.539493
5.153130, 13.529116
5.669846, 14.609256
6.188835, 15.757717
6.710003, 16.959004
7.233273, 18.201971
7.758575, 19.478398
8.285849, 20.782093
8.815040, 22.108299
9.346095, 23.453306
9.878965, 24.814174
10.413602, 26.188546
10.949961, 27.574509
11.487996, 28.970495
12.027663, 30.375207
12.568919, 31.787561
13.111721, 33.206646
13.656026, 34.631690
14.201792, 36.062034
14.748978, 37.497113
15.297540, 38.936439
15.847438, 40.379590
16.398629, 41.826196
16.951073, 43.275935
17.504728, 44.728523
18.059552, 46.183709
18.615503, 47.641271
19.172541, 49.101010
19.730624, 50.562752
20.289710, 52.026337
20.849759, 53.491624
21.410727, 54.958485
21.972575, 56.426806
22.535259, 57.896481
23.098740, 59.367416
23.662975, 60.839526
24.227922, 62.312731
24.793540, 63.786960
25.359787, 65.262147
25.926622, 66.738233
26.494002, 68.215162
27.061887, 69.692883
27.630233, 71.171349
28.199000, 72.650518
28.768146, 74.130349
29.337628, 75.610806
29.907405, 77.091853
30.477435, 78.573459
31.047676, 80.055594
31.618086, 81.538231
32.188624, 83.021345
32.759247, 84.504910
33.329913, 85.988904
33.900581, 87.473307
34.471209, 88.958099
35.041754, 90.443261
35.612176, 91.928776
36.182432, 93.414629
36.752480, 94.900802
37.322278, 96.387283
37.891785, 97.874057
38.460959, 99.361112
39.029758, 100.848436
39.598140, 102.336017
40.166064, 103.823844
40.733488, 105.311908
41.300370, 106.800199
41.866670, 108.288708
42.432344, 109.777425
42.997353, 111.266343
43.561653, 112.755454
44.125205, 114.244750
44.687966, 115.734226
45.249896, 117.223872
45.810953, 118.713685
46.371096, 120.203656
46.930284, 121.693782
47.488477, 123.184055
48.045632, 124.674471
48.601709, 126.165025
49.156668, 127.655712
49.710468, 129.146527
50.263068, 130.637467
50.814427, 132.128526
51.364506, 133.619701
51.913264, 135.110988
52.460660, 136.602384
53.006655, 138.093884
53.551209, 139.585486
54.094281, 141.077186
54.635832, 142.568982
55.175823, 144.060869
55.714212, 145.552846
56.250962, 147.044909
56.786033, 148.537056
57.319385, 150.029285
57.850979, 151.521592
58.380778, 153.013976
58.908740, 154.506434
59.434829, 155.998965
59.959005, 157.491565
60.481230, 158.984234
61.001465, 160.476968
61.519674, 161.969767
62.035816, 163.462628
62.549856, 164.955550
63.061755, 166.448531
63.571475, 167.941569
64.078979, 169.434663
64.584230, 170.927811
65.087192, 172.421012
65.587826, 173.914264
66.086097, 175.407566
66.581968, 176.900917
67.075402, 178.394315
67.566364, 179.887759
68.054817, 181.381249
68.540726, 182.874782
69.024054, 184.368357
69.504767, 185.861975
69.982830, 187.355632
70.458207, 188.849329
70.930863, 190.343065
71.400765, 191.836838
71.867876, 193.330648
72.332164, 194.824493
72.793594, 196.318373
73.252132, 197.812287
73.707745, 199.306234
74.160399, 200.800214
74.610062, 202.294225
75.056699, 203.788266
75.500279, 205.282338
75.940769, 206.776439
76.378137, 208.270569
76.812350, 209.764726
77.243377, 211.258911
77.671187, 212.753122
78.095747, 214.247359
78.517027, 215.741622
78.934996, 217.235909
79.349623, 218.730221
79.760877, 220.224556
80.168730, 221.718915
80.573150, 223.213296
80.974109, 224.707699
81.371576, 226.202123
81.765523, 227.696569
82.155921, 229.191035
82.542741, 230.685521
82.925955, 232.180026
83.305535, 233.674551
83.681452, 235.169095
84.053680, 236.663657
84.422191, 238.158237
84.786958, 239.652834
85.147955, 241.147448
85.505154, 242.642080
85.858531, 244.136727
86.208058, 245.631390
86.553710, 247.126069
86.895462, 248.620763
87.233289, 250.115472
87.567167, 251.610196
87.897069, 253.104933
88.222974, 254.599685
88.544856, 256.094450
88.862691, 257.589228
89.176458, 259.084020
89.486132, 260.578824
89.791691, 262.073640
90.093113, 263.568468
90.390376, 265.063308
90.683457, 266.558160
90.972335, 268.053023
91.256990, 269.547896
91.537399, 271.042781
91.813544, 272.537676
92.085403, 274.032581
92.352956, 275.527496
92.616184, 277.022420
92.875068, 278.517354
93.129589, 280.012298
93.379727, 281.507250
93.625465, 283.002211
93.866785, 284.497181
94.103669, 285.992159
94.336100, 287.487145
94.564060, 288.982139
94.787533, 290.477140
95.006502, 291.972149
95.220952, 293.467166
95.430867, 294.962189
95.636231, 296.457220
95.837029, 297.952257
96.033247, 299.447300
96.224870, 300.942350
96.411885, 302.437406
96.594276, 303.932468
96.772032, 305.427535
96.945139, 306.922608
97.113585, 308.417687
97.277356, 309.912771
97.436441, 311.407860
97.590829, 312.902953
97.740508, 314.398052
97.885467, 315.893155
98.025696, 317.388262
98.161183, 318.883374
98.291920, 320.378489
98.417897, 321.873609
98.539104, 323.368732
98.655533, 324.863859
98.767174, 326.358989
98.874021, 327.854122
98.976065, 329.349259
99.073298, 330.844398
99.165713, 332.339541
99.253305, 333.834686
99.336065, 335.329833
99.413989, 336.824983
99.487070, 338.320135
99.555303, 339.815289
99.618684, 341.310446
99.677207, 342.805603
99.730868, 344.300763
99.779663, 345.795924
99.823589, 347.291086
99.862642, 348.786250
99.896820, 350.281414
99.926120, 351.776580
99.950540, 353.271746
99.970079, 354.766913
99.984733, 356.262080
99.994504, 357.757248
99.999389, 359.252416
99.999389, 0.747584
99.994504, 2.242752
99.984733, 3.737920
99.970079, 5.233087
99.950540, 6.728254
99.926120, 8.223420
99.896820, 9.718586
99.862642, 11.213750
99.823589, 12.708914
99.779663, 14.204076
99.730868, 15.699237
99.677207, 17.194397
99.618684, 18.689554
99.555303, 20.184711
99.487070, 21.679865
99.413989, 23.175017
99.336065, 24.670167
99.253305, 26.165314
99.165713, 27.660459
99.073298, 29.155602
98.976065, 30.650741
98.874021, 32.145878
98.767174, 33.641011
98.655533, 35.136141
98.539104, 36.631268
98.417897, 38.126391
98.291920, 39.621511
98.161183, 41.116626
98.025696, 42.611738
97.885467, 44.106845
97.740508, 45.601948
97.590829, 47.097047
97.436441, 48.592140
97.277356, 50.087229
97.113585, 51.582313
96.945139, 53.077392
96.772032, 54.572465
96.594276, 56.067532
96.411885, 57.562594
96.224870, 59.057650
96.033247, 60.552700
95.837029, 62.047743
95.636231, 63.542780
95.430867, 65.037811
95.220952, 66.532834
95.006502, 68.027851
94.787533, 69.522860
94.564060, 71.017861
94.336100, 72.512855
94.103669, 74.007841
93.866785, 75.502819
93.625465, 76.997789
93.379727, 78.492750
93.129589, 79.987702
92.875068, 81.482646
92.616184, 82.977580
92.352956, 84.472504
92.085403, 85.967419
91.813544, 87.462324
91.537399, 88.957219
91.256990, 90.452104
90.972335, 91.946977
90.683457, 93.441840
90.390376, 94.936692
90.093113, 96.431532
89.791691, 97.926360
89.486132, 99.421176
89.176458, 100.915980
88.862691, 102.410772
88.544856, 103.905550
88.222974, 105.400315
87.897069, 106.895067
87.567167, 108.389804
87.233289, 109.884528
86.895462, 111.379237
86.553710, 112.873931
86.208058, 114.368610
85.858531, 115.863273
85.505154, 117.357920
85.147955, 118.852552
84.786958, 120.347166
84.422191, 121.841763
84.053680, 123.336343
83.681452, 124.830905
83.305535, 126.325449
82.925955, 127.819974
82.542741, 129.314479
82.155921, 130.808965
81.765523, 132.303431
81.371576, 133.797877
80.974109, 135.292301
80.573150, 136.786704
80.168730, 138.281085
79.760877, 139.775444
79.349623, 141.269779
78.934996, 142.764091
78.517027, 144.258378
78.095747, 145.752641
77.671187, 147.246878
77.243377, 148.741089
76.812350, 150.235274
76.378137, 151.729431
75.940769, 153.223561
75.500279, 154.717662
75.056699, 156.211734
74.610062, 157.705775
74.160399, 159.199786
73.707745, 160.693766
73.252132, 162.187713
72.793594, 163.681627
72.332164, 165.175507
71.867876, 166.669352
71.400765, 168.163162
70.930863, 169.656935
70.458207, 171.150671
69.982830, 172.644368
69.504767, 174.138025
69.024054, 175.631643
68.540726, 177.125218
68.054817, 178.618751
67.566364, 180.112241
67.075402, 181.605685
66.581968, 183.099083
66.086097, 184.592434
65.587826, 186.085736
65.087192, 187.578988
64.584230, 189.072189
64.078979, 190.565337
63.571475, 192.058431
63.061755, 193.551469
62.549856, 195.044450
62.035816, 196.537372
61.519674, 198.030233
61.001465, 199.523032
60.481230, 201.015766
59.959005, 202.508435
59.434829, 204.001035
58.908740, 205.493566
58.380778, 206.986024
57.850979, 208.478408
57.319385, 209.970715
56.786033, 211.462944
56.250962, 212.955091
55.714212, 214.447154
55.175823, 215.939131
54.635832, 217.431018
54.094281, 218.922814
53.551209, 220.414514
53.006655, 221.906116
52.460660, 223.397616
51.913264, 224.889012
51.364506, 226.380299
50.814427, 227.871474
50.263068, 229.362533
49.710468, 230.853473
49.156668, 232.344288
48.601709, 233.834975
48.045632, 235.325529
47.488477, 236.815945
46.930284, 238.306218
46.371096, 239.796344
45.810953, 241.286315
45.249896, 242.776128
44.687966, 244.265774
44.125205, 245.755250
43.561653, 247.244546
42.997353, 248.733657
42.432344, 250.222575
41.866670, 251.711292
41.300370, 253.199801
40.733488, 254.688092
40.166064, 256.176156
39.598140, 257.663983
39.029758, 259.151564
38.460959, 260.638888
37.891785, 262.125943
37.322278, 263.612717
36.752480, 265.099198
36.182432, 266.585371
35.612176, 268.071224
35.041754, 269.556739
34.471209, 271.041901
33.900581, 272.526693
33.329913, 274.011096
32.759247, 275.495090
32.188624, 276.978655
31.618086, 278.461769
31.047676, 279.944406
30.477435, 281.426541
29.907405, 282.908147
29.337628, 284.389194
28.768146, 285.869651
28.199000, 287.349482
27.630233, 288.828651
27.061887, 290.307117
26.494002, 291.784838
25.926622, 293.261767
25.359787, 294.737853
24.793540, 296.213040
24.227922, 297.687269
23.662975, 299.160474
23.098740, 300.632584
22.535259, 302.103519
21.972575, 303.573194
21.410727, 305.041515
20.849759, 306.508376
20.289710, 307.973663
19.730624, 309.437248
19.172541, 310.898990
18.615503, 312.358729
18.059552, 313.816291
17.504728, 315.271477
16.951073, 316.724065
16.398629, 318.173804
15.847438, 319.620410
15.297540, 321.063561
14.748978, 322.502887
14.201792, 323.937966
13.656026, 325.368310
13.111721, 326.793354
12.568919, 328.212439
12.027663, 329.624793
11.487996, 331.029505
10.949961, 332.425491
10.413602, 333.811454
9.878965, 335.185826
9.346095, 336.546694
8.815040, 337.891701
8.285849, 339.217907
7.758575, 340.521602
7.233273, 341.798029
6.710003, 343.040996
6.188835, 344.242283
5.669846, 345.390744
5.153130, 346.470884
4.638804, 347.460507
4.127026, 348.326676
3.618015, 349.018353
3.112113, 349.452070
2.609885, 349.481574
2.112393, 348.826103
1.621925, 346.874192
1.144543, 342.026491
0.702332, 328.809741
0.416476, 286.309111
0.585963, 231.862757
0.997843, 213.235235
1.457080, 206.819720
1.928222, 204.252726
2.402701, 203.299437
2.877534, 203.163560
3.351409, 203.496353
3.823653, 204.122085
4.293879, 204.942887
4.761838, 205.900026
5.227363, 206.956156
5.690330, 208.086409
6.150643, 209.273594
6.608223, 210.505451
7.063006, 211.772999
7.514934, 213.069516
7.963955, 214.389864
8.410022, 215.730053
8.853091, 217.086939
9.293120, 218.458006
9.730070, 219.841221
10.163903, 221.234923
10.594582, 222.637739
11.022072, 224.048528
11.446338, 225.466331
11.867345, 226.890338
12.285060, 228.319857
12.699451, 229.754299
13.110486, 231.193155
13.518132, 232.635983
13.922359, 234.082399
14.323135, 235.532068
14.720430, 236.984696
15.114215, 238.440021
15.504459, 239.897815
15.891133, 241.357872
16.274209, 242.820011
16.653656, 244.284068
17.029448, 245.749898
17.401556, 247.217368
17.769952, 248.686361
18.134610, 250.156769
18.495501, 251.628495
18.852600, 253.101451
19.205879, 254.575556
19.555313, 256.050737
19.900875, 257.526928
20.242541, 259.004066
20.580285, 260.482095
20.914081, 261.960964
21.243906, 263.440625
21.569735, 264.921034
21.891544, 266.402150
22.209310, 267.883936
22.523008, 269.366358
22.832616, 270.849382
23.138111, 272.332979
23.439471, 273.817121
23.736673, 275.301783
24.029695, 276.786939
24.318517, 278.272569
24.603116, 279.758649
24.883471, 281.245162
25.159563, 282.732089
25.431371, 284.219412
25.698875, 285.707116
25.962055, 287.195185
26.220891, 288.683605
26.475366, 290.172363
26.725460, 291.661446
26.971154, 293.150843
27.212432, 294.640543
27.449274, 296.130535
27.681664, 297.620810
27.909585, 299.111358
28.133020, 300.602171
28.351952, 302.093241
28.566366, 303.584559
28.776245, 305.076119
28.981574, 306.567914
29.182339, 308.059937
29.378525, 309.552183
29.570116, 311.044645
29.757099, 312.537318
29.939461, 314.030198
30.117188, 315.523279
30.290266, 317.016556
30.458684, 318.510027
30.622429, 320.003686
30.781489, 321.497530
30.935851, 322.991556
31.085506, 324.485760
31.230442, 325.980139
31.370648, 327.474690
31.506114, 328.969411
31.636830, 330.464299
31.762786, 331.959352
31.883974, 333.454567
32.000384, 334.949943
32.112008, 336.445478
32.218838, 337.941171
32.320866, 339.437018
32.418084, 340.933021
32.510485, 342.429176
32.598063, 343.925484
32.680810, 345.421942
32.758722, 346.918551
32.831792, 348.415310
32.900016, 349.912218
32.963387, 351.409274
33.021901, 352.906479
33.075555, 354.403832
33.124343, 355.901333
33.168264, 357.398982
33.207312, 358.896780
33.241487, 0.394726
33.270784, 1.892822
33.295202, 3.391067
33.314739, 4.889462
33.329394, 6.388009
33.339166, 7.886707
33.344053, 9.385559
33.344057, 10.884564
33.339175, 12.383725
33.329410, 13.883043
33.314762, 15.382519
33.295231, 16.882155
33.270820, 18.381952
33.241530, 19.881913
33.207363, 21.382040
33.168322, 22.882335
33.124409, 24.382800
33.075629, 25.883438
33.021984, 27.384251
32.963478, 28.885243
32.900117, 30.386415
32.831903, 31.887772
32.758844, 33.389316
32.680943, 34.891051
32.598207, 36.392981
32.510641, 37.895110
32.418253, 39.397441
32.321049, 40.899979
32.219036, 42.402728
32.112222, 43.905694
32.000614, 45.408881
31.884221, 46.912293
31.763051, 48.415938
31.637114, 49.919820
31.506418, 51.423946
31.370974, 52.928321
31.230790, 54.432953
31.085878, 55.937848
30.936249, 57.443014
30.781912, 58.948458
30.622880, 60.454188
30.459165, 61.960213
30.290778, 63.466542
30.117732, 64.973184
29.940039, 66.480149
29.757713, 67.987447
29.570767, 69.495088
29.379215, 71.003085
29.183071, 72.511449
28.982350, 74.020193
28.777066, 75.529330
28.567235, 77.038874
28.352871, 78.548840
28.133991, 80.059243
27.910612, 81.570100
27.682749, 83.081428
27.450419, 84.593246
27.213640, 86.105572
26.972428, 87.618427
26.726803, 89.131833
26.476781, 90.645813
26.222383, 92.160390
25.963625, 93.675592
25.700528, 95.191445
25.433112, 96.707978
25.161395, 98.225222
24.885398, 99.743211
24.605142, 101.261979
24.320647, 102.781563
24.031935, 104.302005
23.739026, 105.823345
23.441944, 107.345630
23.140709, 108.868909
22.835345, 110.393235
22.525874, 111.918662
22.212320, 113.445253
21.894705, 114.973071
21.573054, 116.502187
21.247391, 118.032676
20.917740, 119.564621
20.584125, 121.098108
20.246573, 122.633235
19.905109, 124.170105
19.559758, 125.708830
19.210548, 127.249535
18.857503, 128.792352
18.500652, 130.337430
18.140021, 131.884928
17.775639, 133.435024
17.407533, 134.987911
17.035732, 136.543804
16.660265, 138.102939
16.281161, 139.665580
15.898451, 141.232017
15.512165, 142.802576
15.122333, 144.377620
14.728988, 145.957557
14.332160, 147.542844
13.931885, 149.134000
13.528194, 150.731612
13.121122, 152.336347
12.710705, 153.948968
12.296978, 155.570352
11.879981, 157.201509
11.459751, 158.843614
11.036330, 160.498032
10.609760, 162.166372
10.180085, 163.850530
9.747355, 165.552764
9.311620, 167.275783
8.872936, 169.022864
8.431363, 170.798011
7.986971, 172.606162
7.539836, 174.453485
7.090047, 176.347778
6.637710, 178.299050
6.182953, 180.320348
5.725935, 182.429010
5.266860, 184.648559
4.806002, 187.011713
4.343736, 189.565292
3.880608, 192.378614
3.417442, 195.558532
2.955568, 199.277995
2.497277, 203.834032
2.046883, 209.774611
1.613403, 218.196347
1.218194, 231.443617
0.916513, 254.061646
0.823681, 287.944300
1.003314, 318.893157
1.353413, 337.889018
1.777858, 349.202375
2.236232, 356.649407
2.712642, 2.059649
3.200089, 6.302209
3.695098, 9.823102
4.195764, 12.870069
4.700954, 15.590330
5.209950, 18.076378
5.722266, 20.389052
6.237561, 22.569924
6.755585, 24.648327
7.276145, 26.645528
7.799088, 28.577313
8.324289, 30.455639
8.851643, 32.289725
9.381059, 34.086791
9.912457, 35.852571
10.445765, 37.591676
10.980916, 39.307854
11.517849, 41.004184
12.056506, 42.683220
12.596833, 44.347094
13.138776, 45.997603
13.682285, 47.636271
14.227310, 49.264399
14.773805, 50.883106
15.321721, 52.493355
15.871012, 54.095985
16.421633, 55.691726
16.973539, 57.281220
17.526686, 58.865028
18.081029, 60.443649
18.636524, 62.017524
19.193127, 63.587046
19.750796, 65.152565
20.309488, 66.714395
20.869159, 68.272819
21.429766, 69.828089
21.991267, 71.380436
22.553619, 72.930066
23.116779, 74.477169
23.680705, 76.021916
24.245355, 77.564463
24.810685, 79.104952
25.376654, 80.643515
25.943220, 82.180271
26.510339, 83.715330
27.077970, 85.248793
27.646070, 86.780755
28.214597, 88.311300
28.783509, 89.840510
29.352763, 91.368457
29.922318, 92.895211
30.492131, 94.420834
31.062160, 95.945387
31.632363, 97.468924
32.202697, 98.991497
32.773120, 100.513153
33.343591, 102.033938
33.914067, 103.553893
34.484506, 105.073058
35.054865, 106.591470
35.625104, 108.109162
36.195180, 109.626169
36.765050, 111.142519
37.334673, 112.658243
37.904008, 114.173367
38.473011, 115.687916
39.041641, 117.201915
39.609857, 118.715387
40.177616, 120.228352
40.744877, 121.740832
41.311597, 123.252846
41.877736, 124.764412
42.443252, 126.275547
43.008103, 127.786267
43.572247, 129.296589
44.135644, 130.806527
44.698251, 132.316095
45.260028, 133.825307
45.820933, 135.334175
46.380925, 136.842712
46.939962, 138.350928
47.498005, 139.858836
48.055011, 141.366445
48.610940, 142.873765
49.165751, 144.380807
49.719403, 145.887579
50.271856, 147.394090
50.823070, 148.900349
51.373002, 150.406363
51.921615, 151.912140
52.468866, 153.417688
53.014716, 154.923013
53.559125, 156.428123
54.102053, 157.933023
54.643460, 159.437720
55.183306, 160.942220
55.721552, 162.446528
56.258158, 163.950650
56.793085, 165.454592
57.326293, 166.958358
57.857745, 168.461954
58.387399, 169.965383
58.915218, 171.468651
59.441163, 172.971761
59.965196, 174.474719
60.487277, 175.977527
61.007369, 177.480190
61.525434, 178.982712
62.041433, 180.485096
62.555328, 181.987346
63.067083, 183.489465
63.576659, 184.991456
64.084019, 186.493322
64.589126, 187.995067
65.091942, 189.496693
65.592432, 190.998203
66.090557, 192.499599
66.586283, 194.000886
67.079572, 195.502064
67.570388, 197.003136
68.058695, 198.504105
68.544457, 200.004974
69.027639, 201.505743
69.508206, 203.006416
69.986121, 204.506994
70.461351, 206.007480
70.933860, 207.507875
71.403613, 209.008182
71.870577, 210.508401
72.334716, 212.008536
72.795998, 213.508587
##END=
