##TITLE= Parameter file, TopSpin 4.3.0
##JCAMPDX= 5.0
##DATATYPE= Parameter Values
##ORIGIN= Bruker BioSpin GmbH
##OWNER= nmrsu
$$ 2024-03-07 22:23:01.051 +0000  nmrsu@4CE1161FJM
$$ C:/Bruker/TopSpin4.3.0/exp/stan/nmr/lists/wave/user/multisupp_aux_d8
$$ process C:\Bruker\TopSpin4.3.0\prog\mod\xwinshape.exe
##MINX= 2.20895500
##MAXX= 99.99938900
##MINY= 0.04378700
##MAXY= 359.95621300
##$SHAPE_ADDPHASE= 0
##$SHAPE_AMP= 99.99938913
##$SHAPE_BWFAC= 0
##$SHAPE_BWFAC50= 0
##$SHAPE_CALCBW= yes
##$SHAPE_CALCINTEG= yes
##$SHAPE_EXMODE= <Excitation>
##$SHAPE_EXPAND= <>
##$SHAPE_EXPANDCF= (0..143)
0 0 0 0 0 0 0 0 0 0 0 0 0 0 0 0 0 0 0 0 0 0 0 0 0 0 0 0 0 0 0 0 0 0 0 0
0 0 0 0 0 0 0 0 0 0 0 0 0 0 0 0 0 0 0 0 0 0 0 0 0 0 0 0 0 0 0 0 0 0 0 0
0 0 0 0 0 0 0 0 0 0 0 0 0 0 0 0 0 0 0 0 0 0 0 0 0 0 0 0 0 0 0 0 0 0 0 0
0 0 0 0 0 0 0 0 0 0 0 0 0 0 0 0 0 0 0 0 0 0 0 0 0 0 0 0 0 0 0 0 0 0 0 0
##$SHAPE_EXPFAC= 0
##$SHAPE_FRACEND= 0
##$SHAPE_FRACORG= 0
##$SHAPE_FRACSTART= 0
##$SHAPE_INTEGFAC= 0
##$SHAPE_KEEPRES= yes
##$SHAPE_LENGTH= 25000.000373
##$SHAPE_MAN= <M>
##$SHAPE_MODE= 3
##$SHAPE_MODFREQ= 0
##$SHAPE_MODPHASE= 0
##$SHAPE_MODSCALE= 0
##$SHAPE_MODSW= 0
##$SHAPE_MODSWDIR= -1
##$SHAPE_NPOINTS= 1250
##$SHAPE_OFFS= <1 3>
##$SHAPE_OFFSCOEFF= (0..95)
-149.92337 0 100 -220.20319 0 100 -286.16617 0 100 0 0 0 0 0 0 0 0 0 0
0 0 0 0 0 0 0 0 0 0 0 0 0 0 0 0 0 0 0 0 0 0 0 0 0 0 0 0 0 0 0 0 0 0 0 0
0 0 0 0 0 0 0 0 0 0 0 0 0 0 0 0 0 0 0 0 0 0 0 0 0 0 0 0 0 0 0 0 0 0 0 0
0 0 0 0 0
##$SHAPE_PARAMETER= <>
##$SHAPE_REPHFAC= 0
##$SHAPE_RES= 0
##$SHAPE_SCALEFAC= 1.00000611
##$SHAPE_SCALETYPE= 0
##$SHAPE_SPOAL= 0
##$SHAPE_SPOFFS= 0
##$SHAPE_SPOPH= 0
##$SHAPE_TOTROT= 90
##$SHAPE_TYPE= <Excitation>
##$SHAPE_USER_DEF= <>
##$SHAPE_VERSION= 2.1
##$SHL_ADDPHASE= (0..15)
0 0 0 0 0 0 0 0 0 0 0 0 0 0 0 0
##$SHL_ALIGNOFFSET= (0..15)
0 0 0 0 0 0 0 0 0 0 0 0 0 0 0 0
##$SHL_AMP= (0..15)
100 0 0 0 0 0 0 0 0 0 0 0 0 0 0 0
##$SHL_AMPFAC= (0..15)
0 0 0 0 0 0 0 0 0 0 0 0 0 0 0 0
##$SHL_BETA= (0..15)
0 0 0 0 0 0 0 0 0 0 0 0 0 0 0 0
##$SHL_BWFAC= (0..15)
1.116 0 0 0 0 0 0 0 0 0 0 0 0 0 0 0
##$SHL_CALCBW= (0..15)
yes yes yes yes yes yes yes yes yes yes yes yes yes yes yes yes
##$SHL_CALCINTEG= (0..15)
yes yes yes yes yes yes yes yes yes yes yes yes yes yes yes yes
##$SHL_CENTERAMP= (0..15)
0 0 0 0 0 0 0 0 0 0 0 0 0 0 0 0
##$SHL_CYCNUM= (0..15)
0 0 0 0 0 0 0 0 0 0 0 0 0 0 0 0
##$SHL_DIPOLCPL= (0..15)
0 0 0 0 0 0 0 0 0 0 0 0 0 0 0 0
##$SHL_ENDAMP= (0..15)
0 0 0 0 0 0 0 0 0 0 0 0 0 0 0 0
##$SHL_EXMODE= (0..15)
<Excitation> <> <> <> <> <> <> <> <> <> <> <> <> <> <> <>
##$SHL_EXPAND= (0..15)
<> <> <> <> <> <> <> <> <> <> <> <> <> <> <> <>
##$SHL_EXPANDCF0= (0..143)
0 0 0 0 0 0 0 0 0 0 0 0 0 0 0 0 0 0 0 0 0 0 0 0 0 0 0 0 0 0 0 0 0 0 0 0
0 0 0 0 0 0 0 0 0 0 0 0 0 0 0 0 0 0 0 0 0 0 0 0 0 0 0 0 0 0 0 0 0 0 0 0
0 0 0 0 0 0 0 0 0 0 0 0 0 0 0 0 0 0 0 0 0 0 0 0 0 0 0 0 0 0 0 0 0 0 0 0
0 0 0 0 0 0 0 0 0 0 0 0 0 0 0 0 0 0 0 0 0 0 0 0 0 0 0 0 0 0 0 0 0 0 0 0
##$SHL_EXPANDCF1= (0..143)
0 0 0 0 0 0 0 0 0 0 0 0 0 0 0 0 0 0 0 0 0 0 0 0 0 0 0 0 0 0 0 0 0 0 0 0
0 0 0 0 0 0 0 0 0 0 0 0 0 0 0 0 0 0 0 0 0 0 0 0 0 0 0 0 0 0 0 0 0 0 0 0
0 0 0 0 0 0 0 0 0 0 0 0 0 0 0 0 0 0 0 0 0 0 0 0 0 0 0 0 0 0 0 0 0 0 0 0
0 0 0 0 0 0 0 0 0 0 0 0 0 0 0 0 0 0 0 0 0 0 0 0 0 0 0 0 0 0 0 0 0 0 0 0
##$SHL_EXPANDCF10= (0..143)
0 0 0 0 0 0 0 0 0 0 0 0 0 0 0 0 0 0 0 0 0 0 0 0 0 0 0 0 0 0 0 0 0 0 0 0
0 0 0 0 0 0 0 0 0 0 0 0 0 0 0 0 0 0 0 0 0 0 0 0 0 0 0 0 0 0 0 0 0 0 0 0
0 0 0 0 0 0 0 0 0 0 0 0 0 0 0 0 0 0 0 0 0 0 0 0 0 0 0 0 0 0 0 0 0 0 0 0
0 0 0 0 0 0 0 0 0 0 0 0 0 0 0 0 0 0 0 0 0 0 0 0 0 0 0 0 0 0 0 0 0 0 0 0
##$SHL_EXPANDCF11= (0..143)
0 0 0 0 0 0 0 0 0 0 0 0 0 0 0 0 0 0 0 0 0 0 0 0 0 0 0 0 0 0 0 0 0 0 0 0
0 0 0 0 0 0 0 0 0 0 0 0 0 0 0 0 0 0 0 0 0 0 0 0 0 0 0 0 0 0 0 0 0 0 0 0
0 0 0 0 0 0 0 0 0 0 0 0 0 0 0 0 0 0 0 0 0 0 0 0 0 0 0 0 0 0 0 0 0 0 0 0
0 0 0 0 0 0 0 0 0 0 0 0 0 0 0 0 0 0 0 0 0 0 0 0 0 0 0 0 0 0 0 0 0 0 0 0
##$SHL_EXPANDCF12= (0..143)
0 0 0 0 0 0 0 0 0 0 0 0 0 0 0 0 0 0 0 0 0 0 0 0 0 0 0 0 0 0 0 0 0 0 0 0
0 0 0 0 0 0 0 0 0 0 0 0 0 0 0 0 0 0 0 0 0 0 0 0 0 0 0 0 0 0 0 0 0 0 0 0
0 0 0 0 0 0 0 0 0 0 0 0 0 0 0 0 0 0 0 0 0 0 0 0 0 0 0 0 0 0 0 0 0 0 0 0
0 0 0 0 0 0 0 0 0 0 0 0 0 0 0 0 0 0 0 0 0 0 0 0 0 0 0 0 0 0 0 0 0 0 0 0
##$SHL_EXPANDCF13= (0..143)
0 0 0 0 0 0 0 0 0 0 0 0 0 0 0 0 0 0 0 0 0 0 0 0 0 0 0 0 0 0 0 0 0 0 0 0
0 0 0 0 0 0 0 0 0 0 0 0 0 0 0 0 0 0 0 0 0 0 0 0 0 0 0 0 0 0 0 0 0 0 0 0
0 0 0 0 0 0 0 0 0 0 0 0 0 0 0 0 0 0 0 0 0 0 0 0 0 0 0 0 0 0 0 0 0 0 0 0
0 0 0 0 0 0 0 0 0 0 0 0 0 0 0 0 0 0 0 0 0 0 0 0 0 0 0 0 0 0 0 0 0 0 0 0
##$SHL_EXPANDCF14= (0..143)
0 0 0 0 0 0 0 0 0 0 0 0 0 0 0 0 0 0 0 0 0 0 0 0 0 0 0 0 0 0 0 0 0 0 0 0
0 0 0 0 0 0 0 0 0 0 0 0 0 0 0 0 0 0 0 0 0 0 0 0 0 0 0 0 0 0 0 0 0 0 0 0
0 0 0 0 0 0 0 0 0 0 0 0 0 0 0 0 0 0 0 0 0 0 0 0 0 0 0 0 0 0 0 0 0 0 0 0
0 0 0 0 0 0 0 0 0 0 0 0 0 0 0 0 0 0 0 0 0 0 0 0 0 0 0 0 0 0 0 0 0 0 0 0
##$SHL_EXPANDCF15= (0..143)
0 0 0 0 0 0 0 0 0 0 0 0 0 0 0 0 0 0 0 0 0 0 0 0 0 0 0 0 0 0 0 0 0 0 0 0
0 0 0 0 0 0 0 0 0 0 0 0 0 0 0 0 0 0 0 0 0 0 0 0 0 0 0 0 0 0 0 0 0 0 0 0
0 0 0 0 0 0 0 0 0 0 0 0 0 0 0 0 0 0 0 0 0 0 0 0 0 0 0 0 0 0 0 0 0 0 0 0
0 0 0 0 0 0 0 0 0 0 0 0 0 0 0 0 0 0 0 0 0 0 0 0 0 0 0 0 0 0 0 0 0 0 0 0
##$SHL_EXPANDCF2= (0..143)
0 0 0 0 0 0 0 0 0 0 0 0 0 0 0 0 0 0 0 0 0 0 0 0 0 0 0 0 0 0 0 0 0 0 0 0
0 0 0 0 0 0 0 0 0 0 0 0 0 0 0 0 0 0 0 0 0 0 0 0 0 0 0 0 0 0 0 0 0 0 0 0
0 0 0 0 0 0 0 0 0 0 0 0 0 0 0 0 0 0 0 0 0 0 0 0 0 0 0 0 0 0 0 0 0 0 0 0
0 0 0 0 0 0 0 0 0 0 0 0 0 0 0 0 0 0 0 0 0 0 0 0 0 0 0 0 0 0 0 0 0 0 0 0
##$SHL_EXPANDCF3= (0..143)
0 0 0 0 0 0 0 0 0 0 0 0 0 0 0 0 0 0 0 0 0 0 0 0 0 0 0 0 0 0 0 0 0 0 0 0
0 0 0 0 0 0 0 0 0 0 0 0 0 0 0 0 0 0 0 0 0 0 0 0 0 0 0 0 0 0 0 0 0 0 0 0
0 0 0 0 0 0 0 0 0 0 0 0 0 0 0 0 0 0 0 0 0 0 0 0 0 0 0 0 0 0 0 0 0 0 0 0
0 0 0 0 0 0 0 0 0 0 0 0 0 0 0 0 0 0 0 0 0 0 0 0 0 0 0 0 0 0 0 0 0 0 0 0
##$SHL_EXPANDCF4= (0..143)
0 0 0 0 0 0 0 0 0 0 0 0 0 0 0 0 0 0 0 0 0 0 0 0 0 0 0 0 0 0 0 0 0 0 0 0
0 0 0 0 0 0 0 0 0 0 0 0 0 0 0 0 0 0 0 0 0 0 0 0 0 0 0 0 0 0 0 0 0 0 0 0
0 0 0 0 0 0 0 0 0 0 0 0 0 0 0 0 0 0 0 0 0 0 0 0 0 0 0 0 0 0 0 0 0 0 0 0
0 0 0 0 0 0 0 0 0 0 0 0 0 0 0 0 0 0 0 0 0 0 0 0 0 0 0 0 0 0 0 0 0 0 0 0
##$SHL_EXPANDCF5= (0..143)
0 0 0 0 0 0 0 0 0 0 0 0 0 0 0 0 0 0 0 0 0 0 0 0 0 0 0 0 0 0 0 0 0 0 0 0
0 0 0 0 0 0 0 0 0 0 0 0 0 0 0 0 0 0 0 0 0 0 0 0 0 0 0 0 0 0 0 0 0 0 0 0
0 0 0 0 0 0 0 0 0 0 0 0 0 0 0 0 0 0 0 0 0 0 0 0 0 0 0 0 0 0 0 0 0 0 0 0
0 0 0 0 0 0 0 0 0 0 0 0 0 0 0 0 0 0 0 0 0 0 0 0 0 0 0 0 0 0 0 0 0 0 0 0
##$SHL_EXPANDCF6= (0..143)
0 0 0 0 0 0 0 0 0 0 0 0 0 0 0 0 0 0 0 0 0 0 0 0 0 0 0 0 0 0 0 0 0 0 0 0
0 0 0 0 0 0 0 0 0 0 0 0 0 0 0 0 0 0 0 0 0 0 0 0 0 0 0 0 0 0 0 0 0 0 0 0
0 0 0 0 0 0 0 0 0 0 0 0 0 0 0 0 0 0 0 0 0 0 0 0 0 0 0 0 0 0 0 0 0 0 0 0
0 0 0 0 0 0 0 0 0 0 0 0 0 0 0 0 0 0 0 0 0 0 0 0 0 0 0 0 0 0 0 0 0 0 0 0
##$SHL_EXPANDCF7= (0..143)
0 0 0 0 0 0 0 0 0 0 0 0 0 0 0 0 0 0 0 0 0 0 0 0 0 0 0 0 0 0 0 0 0 0 0 0
0 0 0 0 0 0 0 0 0 0 0 0 0 0 0 0 0 0 0 0 0 0 0 0 0 0 0 0 0 0 0 0 0 0 0 0
0 0 0 0 0 0 0 0 0 0 0 0 0 0 0 0 0 0 0 0 0 0 0 0 0 0 0 0 0 0 0 0 0 0 0 0
0 0 0 0 0 0 0 0 0 0 0 0 0 0 0 0 0 0 0 0 0 0 0 0 0 0 0 0 0 0 0 0 0 0 0 0
##$SHL_EXPANDCF8= (0..143)
0 0 0 0 0 0 0 0 0 0 0 0 0 0 0 0 0 0 0 0 0 0 0 0 0 0 0 0 0 0 0 0 0 0 0 0
0 0 0 0 0 0 0 0 0 0 0 0 0 0 0 0 0 0 0 0 0 0 0 0 0 0 0 0 0 0 0 0 0 0 0 0
0 0 0 0 0 0 0 0 0 0 0 0 0 0 0 0 0 0 0 0 0 0 0 0 0 0 0 0 0 0 0 0 0 0 0 0
0 0 0 0 0 0 0 0 0 0 0 0 0 0 0 0 0 0 0 0 0 0 0 0 0 0 0 0 0 0 0 0 0 0 0 0
##$SHL_EXPANDCF9= (0..143)
0 0 0 0 0 0 0 0 0 0 0 0 0 0 0 0 0 0 0 0 0 0 0 0 0 0 0 0 0 0 0 0 0 0 0 0
0 0 0 0 0 0 0 0 0 0 0 0 0 0 0 0 0 0 0 0 0 0 0 0 0 0 0 0 0 0 0 0 0 0 0 0
0 0 0 0 0 0 0 0 0 0 0 0 0 0 0 0 0 0 0 0 0 0 0 0 0 0 0 0 0 0 0 0 0 0 0 0
0 0 0 0 0 0 0 0 0 0 0 0 0 0 0 0 0 0 0 0 0 0 0 0 0 0 0 0 0 0 0 0 0 0 0 0
##$SHL_EXPFAC= (0..15)
0 0 0 0 0 0 0 0 0 0 0 0 0 0 0 0
##$SHL_FRACEND= (0..15)
0 0 0 0 0 0 0 0 0 0 0 0 0 0 0 0
##$SHL_FRACORG= (0..15)
0 0 0 0 0 0 0 0 0 0 0 0 0 0 0 0
##$SHL_FRACSTART= (0..15)
0 0 0 0 0 0 0 0 0 0 0 0 0 0 0 0
##$SHL_FULLHALF= (0..15)
0 0 0 0 0 0 0 0 0 0 0 0 0 0 0 0
##$SHL_FUNCAMP= (0..15)
100 0 0 0 0 0 0 0 0 0 0 0 0 0 0 0
##$SHL_FUNCTION= (0..15)
<Rectangle> <> <> <> <> <> <> <> <> <> <> <> <> <> <> <>
##$SHL_GCO= (0..15)
<> <> <> <> <> <> <> <> <> <> <> <> <> <> <> <>
##$SHL_GCOCOEFFS0= (0..59)
0 0 0 0 0 0 0 0 0 0 0 0 0 0 0 0 0 0 0 0 0 0 0 0 0 0 0 0 0 0 0 0 0 0 0 0
0 0 0 0 0 0 0 0 0 0 0 0 0 0 0 0 0 0 0 0 0 0 0 0
##$SHL_GCOCOEFFS1= (0..59)
0 0 0 0 0 0 0 0 0 0 0 0 0 0 0 0 0 0 0 0 0 0 0 0 0 0 0 0 0 0 0 0 0 0 0 0
0 0 0 0 0 0 0 0 0 0 0 0 0 0 0 0 0 0 0 0 0 0 0 0
##$SHL_GCOCOEFFS10= (0..59)
0 0 0 0 0 0 0 0 0 0 0 0 0 0 0 0 0 0 0 0 0 0 0 0 0 0 0 0 0 0 0 0 0 0 0 0
0 0 0 0 0 0 0 0 0 0 0 0 0 0 0 0 0 0 0 0 0 0 0 0
##$SHL_GCOCOEFFS11= (0..59)
0 0 0 0 0 0 0 0 0 0 0 0 0 0 0 0 0 0 0 0 0 0 0 0 0 0 0 0 0 0 0 0 0 0 0 0
0 0 0 0 0 0 0 0 0 0 0 0 0 0 0 0 0 0 0 0 0 0 0 0
##$SHL_GCOCOEFFS12= (0..59)
0 0 0 0 0 0 0 0 0 0 0 0 0 0 0 0 0 0 0 0 0 0 0 0 0 0 0 0 0 0 0 0 0 0 0 0
0 0 0 0 0 0 0 0 0 0 0 0 0 0 0 0 0 0 0 0 0 0 0 0
##$SHL_GCOCOEFFS13= (0..59)
0 0 0 0 0 0 0 0 0 0 0 0 0 0 0 0 0 0 0 0 0 0 0 0 0 0 0 0 0 0 0 0 0 0 0 0
0 0 0 0 0 0 0 0 0 0 0 0 0 0 0 0 0 0 0 0 0 0 0 0
##$SHL_GCOCOEFFS14= (0..59)
0 0 0 0 0 0 0 0 0 0 0 0 0 0 0 0 0 0 0 0 0 0 0 0 0 0 0 0 0 0 0 0 0 0 0 0
0 0 0 0 0 0 0 0 0 0 0 0 0 0 0 0 0 0 0 0 0 0 0 0
##$SHL_GCOCOEFFS15= (0..59)
0 0 0 0 0 0 0 0 0 0 0 0 0 0 0 0 0 0 0 0 0 0 0 0 0 0 0 0 0 0 0 0 0 0 0 0
0 0 0 0 0 0 0 0 0 0 0 0 0 0 0 0 0 0 0 0 0 0 0 0
##$SHL_GCOCOEFFS2= (0..59)
0 0 0 0 0 0 0 0 0 0 0 0 0 0 0 0 0 0 0 0 0 0 0 0 0 0 0 0 0 0 0 0 0 0 0 0
0 0 0 0 0 0 0 0 0 0 0 0 0 0 0 0 0 0 0 0 0 0 0 0
##$SHL_GCOCOEFFS3= (0..59)
0 0 0 0 0 0 0 0 0 0 0 0 0 0 0 0 0 0 0 0 0 0 0 0 0 0 0 0 0 0 0 0 0 0 0 0
0 0 0 0 0 0 0 0 0 0 0 0 0 0 0 0 0 0 0 0 0 0 0 0
##$SHL_GCOCOEFFS4= (0..59)
0 0 0 0 0 0 0 0 0 0 0 0 0 0 0 0 0 0 0 0 0 0 0 0 0 0 0 0 0 0 0 0 0 0 0 0
0 0 0 0 0 0 0 0 0 0 0 0 0 0 0 0 0 0 0 0 0 0 0 0
##$SHL_GCOCOEFFS5= (0..59)
0 0 0 0 0 0 0 0 0 0 0 0 0 0 0 0 0 0 0 0 0 0 0 0 0 0 0 0 0 0 0 0 0 0 0 0
0 0 0 0 0 0 0 0 0 0 0 0 0 0 0 0 0 0 0 0 0 0 0 0
##$SHL_GCOCOEFFS6= (0..59)
0 0 0 0 0 0 0 0 0 0 0 0 0 0 0 0 0 0 0 0 0 0 0 0 0 0 0 0 0 0 0 0 0 0 0 0
0 0 0 0 0 0 0 0 0 0 0 0 0 0 0 0 0 0 0 0 0 0 0 0
##$SHL_GCOCOEFFS7= (0..59)
0 0 0 0 0 0 0 0 0 0 0 0 0 0 0 0 0 0 0 0 0 0 0 0 0 0 0 0 0 0 0 0 0 0 0 0
0 0 0 0 0 0 0 0 0 0 0 0 0 0 0 0 0 0 0 0 0 0 0 0
##$SHL_GCOCOEFFS8= (0..59)
0 0 0 0 0 0 0 0 0 0 0 0 0 0 0 0 0 0 0 0 0 0 0 0 0 0 0 0 0 0 0 0 0 0 0 0
0 0 0 0 0 0 0 0 0 0 0 0 0 0 0 0 0 0 0 0 0 0 0 0
##$SHL_GCOCOEFFS9= (0..59)
0 0 0 0 0 0 0 0 0 0 0 0 0 0 0 0 0 0 0 0 0 0 0 0 0 0 0 0 0 0 0 0 0 0 0 0
0 0 0 0 0 0 0 0 0 0 0 0 0 0 0 0 0 0 0 0 0 0 0 0
##$SHL_INTEGFAC= (0..15)
1 0 0 0 0 0 0 0 0 0 0 0 0 0 0 0
##$SHL_LB= (0..15)
0 0 0 0 0 0 0 0 0 0 0 0 0 0 0 0
##$SHL_LEFTLIMIT= (0..15)
0 0 0 0 0 0 0 0 0 0 0 0 0 0 0 0
##$SHL_LENGTH= (0..15)
25000.000373 0 0 0 0 0 0 0 0 0 0 0 0 0 0 0
##$SHL_MAN= (0..15)
<> <> <> <> <> <> <> <> <> <> <> <> <> <> <> <>
##$SHL_MEANAMP= (0..15)
0 0 0 0 0 0 0 0 0 0 0 0 0 0 0 0
##$SHL_MODAMP= (0..15)
0 0 0 0 0 0 0 0 0 0 0 0 0 0 0 0
##$SHL_MODE= (0..15)
0 0 0 0 0 0 0 0 0 0 0 0 0 0 0 0
##$SHL_MODFREQ= (0..15)
0 0 0 0 0 0 0 0 0 0 0 0 0 0 0 0
##$SHL_MODPHASE= (0..15)
0 0 0 0 0 0 0 0 0 0 0 0 0 0 0 0
##$SHL_MODSCALE= (0..15)
0 0 0 0 0 0 0 0 0 0 0 0 0 0 0 0
##$SHL_MODSW= (0..15)
0 0 0 0 0 0 0 0 0 0 0 0 0 0 0 0
##$SHL_MODSWDIR= (0..15)
-1 -1 -1 -1 -1 -1 -1 -1 -1 -1 -1 -1 -1 -1 -1 -1
##$SHL_MU= (0..15)
0 0 0 0 0 0 0 0 0 0 0 0 0 0 0 0
##$SHL_NPOINTS= (0..15)
1250 0 0 0 0 0 0 0 0 0 0 0 0 0 0 0
##$SHL_OFFS= (0..15)
<> <> <> <> <> <> <> <> <> <> <> <> <> <> <> <>
##$SHL_OFFSCOEFF0= (0..95)
0 0 0 0 0 0 0 0 0 0 0 0 0 0 0 0 0 0 0 0 0 0 0 0 0 0 0 0 0 0 0 0 0 0 0 0
0 0 0 0 0 0 0 0 0 0 0 0 0 0 0 0 0 0 0 0 0 0 0 0 0 0 0 0 0 0 0 0 0 0 0 0
0 0 0 0 0 0 0 0 0 0 0 0 0 0 0 0 0 0 0 0 0 0 0 0
##$SHL_OFFSCOEFF1= (0..95)
0 0 0 0 0 0 0 0 0 0 0 0 0 0 0 0 0 0 0 0 0 0 0 0 0 0 0 0 0 0 0 0 0 0 0 0
0 0 0 0 0 0 0 0 0 0 0 0 0 0 0 0 0 0 0 0 0 0 0 0 0 0 0 0 0 0 0 0 0 0 0 0
0 0 0 0 0 0 0 0 0 0 0 0 0 0 0 0 0 0 0 0 0 0 0 0
##$SHL_OFFSCOEFF10= (0..95)
0 0 0 0 0 0 0 0 0 0 0 0 0 0 0 0 0 0 0 0 0 0 0 0 0 0 0 0 0 0 0 0 0 0 0 0
0 0 0 0 0 0 0 0 0 0 0 0 0 0 0 0 0 0 0 0 0 0 0 0 0 0 0 0 0 0 0 0 0 0 0 0
0 0 0 0 0 0 0 0 0 0 0 0 0 0 0 0 0 0 0 0 0 0 0 0
##$SHL_OFFSCOEFF11= (0..95)
0 0 0 0 0 0 0 0 0 0 0 0 0 0 0 0 0 0 0 0 0 0 0 0 0 0 0 0 0 0 0 0 0 0 0 0
0 0 0 0 0 0 0 0 0 0 0 0 0 0 0 0 0 0 0 0 0 0 0 0 0 0 0 0 0 0 0 0 0 0 0 0
0 0 0 0 0 0 0 0 0 0 0 0 0 0 0 0 0 0 0 0 0 0 0 0
##$SHL_OFFSCOEFF12= (0..95)
0 0 0 0 0 0 0 0 0 0 0 0 0 0 0 0 0 0 0 0 0 0 0 0 0 0 0 0 0 0 0 0 0 0 0 0
0 0 0 0 0 0 0 0 0 0 0 0 0 0 0 0 0 0 0 0 0 0 0 0 0 0 0 0 0 0 0 0 0 0 0 0
0 0 0 0 0 0 0 0 0 0 0 0 0 0 0 0 0 0 0 0 0 0 0 0
##$SHL_OFFSCOEFF13= (0..95)
0 0 0 0 0 0 0 0 0 0 0 0 0 0 0 0 0 0 0 0 0 0 0 0 0 0 0 0 0 0 0 0 0 0 0 0
0 0 0 0 0 0 0 0 0 0 0 0 0 0 0 0 0 0 0 0 0 0 0 0 0 0 0 0 0 0 0 0 0 0 0 0
0 0 0 0 0 0 0 0 0 0 0 0 0 0 0 0 0 0 0 0 0 0 0 0
##$SHL_OFFSCOEFF14= (0..95)
0 0 0 0 0 0 0 0 0 0 0 0 0 0 0 0 0 0 0 0 0 0 0 0 0 0 0 0 0 0 0 0 0 0 0 0
0 0 0 0 0 0 0 0 0 0 0 0 0 0 0 0 0 0 0 0 0 0 0 0 0 0 0 0 0 0 0 0 0 0 0 0
0 0 0 0 0 0 0 0 0 0 0 0 0 0 0 0 0 0 0 0 0 0 0 0
##$SHL_OFFSCOEFF15= (0..95)
0 0 0 0 0 0 0 0 0 0 0 0 0 0 0 0 0 0 0 0 0 0 0 0 0 0 0 0 0 0 0 0 0 0 0 0
0 0 0 0 0 0 0 0 0 0 0 0 0 0 0 0 0 0 0 0 0 0 0 0 0 0 0 0 0 0 0 0 0 0 0 0
0 0 0 0 0 0 0 0 0 0 0 0 0 0 0 0 0 0 0 0 0 0 0 0
##$SHL_OFFSCOEFF2= (0..95)
0 0 0 0 0 0 0 0 0 0 0 0 0 0 0 0 0 0 0 0 0 0 0 0 0 0 0 0 0 0 0 0 0 0 0 0
0 0 0 0 0 0 0 0 0 0 0 0 0 0 0 0 0 0 0 0 0 0 0 0 0 0 0 0 0 0 0 0 0 0 0 0
0 0 0 0 0 0 0 0 0 0 0 0 0 0 0 0 0 0 0 0 0 0 0 0
##$SHL_OFFSCOEFF3= (0..95)
0 0 0 0 0 0 0 0 0 0 0 0 0 0 0 0 0 0 0 0 0 0 0 0 0 0 0 0 0 0 0 0 0 0 0 0
0 0 0 0 0 0 0 0 0 0 0 0 0 0 0 0 0 0 0 0 0 0 0 0 0 0 0 0 0 0 0 0 0 0 0 0
0 0 0 0 0 0 0 0 0 0 0 0 0 0 0 0 0 0 0 0 0 0 0 0
##$SHL_OFFSCOEFF4= (0..95)
0 0 0 0 0 0 0 0 0 0 0 0 0 0 0 0 0 0 0 0 0 0 0 0 0 0 0 0 0 0 0 0 0 0 0 0
0 0 0 0 0 0 0 0 0 0 0 0 0 0 0 0 0 0 0 0 0 0 0 0 0 0 0 0 0 0 0 0 0 0 0 0
0 0 0 0 0 0 0 0 0 0 0 0 0 0 0 0 0 0 0 0 0 0 0 0
##$SHL_OFFSCOEFF5= (0..95)
0 0 0 0 0 0 0 0 0 0 0 0 0 0 0 0 0 0 0 0 0 0 0 0 0 0 0 0 0 0 0 0 0 0 0 0
0 0 0 0 0 0 0 0 0 0 0 0 0 0 0 0 0 0 0 0 0 0 0 0 0 0 0 0 0 0 0 0 0 0 0 0
0 0 0 0 0 0 0 0 0 0 0 0 0 0 0 0 0 0 0 0 0 0 0 0
##$SHL_OFFSCOEFF6= (0..95)
0 0 0 0 0 0 0 0 0 0 0 0 0 0 0 0 0 0 0 0 0 0 0 0 0 0 0 0 0 0 0 0 0 0 0 0
0 0 0 0 0 0 0 0 0 0 0 0 0 0 0 0 0 0 0 0 0 0 0 0 0 0 0 0 0 0 0 0 0 0 0 0
0 0 0 0 0 0 0 0 0 0 0 0 0 0 0 0 0 0 0 0 0 0 0 0
##$SHL_OFFSCOEFF7= (0..95)
0 0 0 0 0 0 0 0 0 0 0 0 0 0 0 0 0 0 0 0 0 0 0 0 0 0 0 0 0 0 0 0 0 0 0 0
0 0 0 0 0 0 0 0 0 0 0 0 0 0 0 0 0 0 0 0 0 0 0 0 0 0 0 0 0 0 0 0 0 0 0 0
0 0 0 0 0 0 0 0 0 0 0 0 0 0 0 0 0 0 0 0 0 0 0 0
##$SHL_OFFSCOEFF8= (0..95)
0 0 0 0 0 0 0 0 0 0 0 0 0 0 0 0 0 0 0 0 0 0 0 0 0 0 0 0 0 0 0 0 0 0 0 0
0 0 0 0 0 0 0 0 0 0 0 0 0 0 0 0 0 0 0 0 0 0 0 0 0 0 0 0 0 0 0 0 0 0 0 0
0 0 0 0 0 0 0 0 0 0 0 0 0 0 0 0 0 0 0 0 0 0 0 0
##$SHL_OFFSCOEFF9= (0..95)
0 0 0 0 0 0 0 0 0 0 0 0 0 0 0 0 0 0 0 0 0 0 0 0 0 0 0 0 0 0 0 0 0 0 0 0
0 0 0 0 0 0 0 0 0 0 0 0 0 0 0 0 0 0 0 0 0 0 0 0 0 0 0 0 0 0 0 0 0 0 0 0
0 0 0 0 0 0 0 0 0 0 0 0 0 0 0 0 0 0 0 0 0 0 0 0
##$SHL_PHASE= (0..15)
0 0 0 0 0 0 0 0 0 0 0 0 0 0 0 0
##$SHL_PHASEFAC= (0..15)
0 0 0 0 0 0 0 0 0 0 0 0 0 0 0 0
##$SHL_POWERINDEX= (0..15)
0 0 0 0 0 0 0 0 0 0 0 0 0 0 0 0
##$SHL_QUADCOEFF= (0..15)
0 0 0 0 0 0 0 0 0 0 0 0 0 0 0 0
##$SHL_RIGHTLIMIT= (0..15)
0 0 0 0 0 0 0 0 0 0 0 0 0 0 0 0
##$SHL_SCALEFACTOR= (0..15)
1 1 1 1 1 1 1 1 1 1 1 1 1 1 1 1
##$SHL_SF= (0..15)
<> <> <> <> <> <> <> <> <> <> <> <> <> <> <> <>
##$SHL_SFCOEFFS0= (0..200)
0 0 0 0 0 0 0 0 0 0 0 0 0 0 0 0 0 0 0 0 0 0 0 0 0 0 0 0 0 0 0 0 0 0 0 0
0 0 0 0 0 0 0 0 0 0 0 0 0 0 0 0 0 0 0 0 0 0 0 0 0 0 0 0 0 0 0 0 0 0 0 0
0 0 0 0 0 0 0 0 0 0 0 0 0 0 0 0 0 0 0 0 0 0 0 0 0 0 0 0 0 0 0 0 0 0 0 0
0 0 0 0 0 0 0 0 0 0 0 0 0 0 0 0 0 0 0 0 0 0 0 0 0 0 0 0 0 0 0 0 0 0 0 0
0 0 0 0 0 0 0 0 0 0 0 0 0 0 0 0 0 0 0 0 0 0 0 0 0 0 0 0 0 0 0 0 0 0 0 0
0 0 0 0 0 0 0 0 0 0 0 0 0 0 0 0 0 0 0 0 0
##$SHL_SFCOEFFS1= (0..200)
0 0 0 0 0 0 0 0 0 0 0 0 0 0 0 0 0 0 0 0 0 0 0 0 0 0 0 0 0 0 0 0 0 0 0 0
0 0 0 0 0 0 0 0 0 0 0 0 0 0 0 0 0 0 0 0 0 0 0 0 0 0 0 0 0 0 0 0 0 0 0 0
0 0 0 0 0 0 0 0 0 0 0 0 0 0 0 0 0 0 0 0 0 0 0 0 0 0 0 0 0 0 0 0 0 0 0 0
0 0 0 0 0 0 0 0 0 0 0 0 0 0 0 0 0 0 0 0 0 0 0 0 0 0 0 0 0 0 0 0 0 0 0 0
0 0 0 0 0 0 0 0 0 0 0 0 0 0 0 0 0 0 0 0 0 0 0 0 0 0 0 0 0 0 0 0 0 0 0 0
0 0 0 0 0 0 0 0 0 0 0 0 0 0 0 0 0 0 0 0 0
##$SHL_SFCOEFFS10= (0..200)
0 0 0 0 0 0 0 0 0 0 0 0 0 0 0 0 0 0 0 0 0 0 0 0 0 0 0 0 0 0 0 0 0 0 0 0
0 0 0 0 0 0 0 0 0 0 0 0 0 0 0 0 0 0 0 0 0 0 0 0 0 0 0 0 0 0 0 0 0 0 0 0
0 0 0 0 0 0 0 0 0 0 0 0 0 0 0 0 0 0 0 0 0 0 0 0 0 0 0 0 0 0 0 0 0 0 0 0
0 0 0 0 0 0 0 0 0 0 0 0 0 0 0 0 0 0 0 0 0 0 0 0 0 0 0 0 0 0 0 0 0 0 0 0
0 0 0 0 0 0 0 0 0 0 0 0 0 0 0 0 0 0 0 0 0 0 0 0 0 0 0 0 0 0 0 0 0 0 0 0
0 0 0 0 0 0 0 0 0 0 0 0 0 0 0 0 0 0 0 0 0
##$SHL_SFCOEFFS11= (0..200)
0 0 0 0 0 0 0 0 0 0 0 0 0 0 0 0 0 0 0 0 0 0 0 0 0 0 0 0 0 0 0 0 0 0 0 0
0 0 0 0 0 0 0 0 0 0 0 0 0 0 0 0 0 0 0 0 0 0 0 0 0 0 0 0 0 0 0 0 0 0 0 0
0 0 0 0 0 0 0 0 0 0 0 0 0 0 0 0 0 0 0 0 0 0 0 0 0 0 0 0 0 0 0 0 0 0 0 0
0 0 0 0 0 0 0 0 0 0 0 0 0 0 0 0 0 0 0 0 0 0 0 0 0 0 0 0 0 0 0 0 0 0 0 0
0 0 0 0 0 0 0 0 0 0 0 0 0 0 0 0 0 0 0 0 0 0 0 0 0 0 0 0 0 0 0 0 0 0 0 0
0 0 0 0 0 0 0 0 0 0 0 0 0 0 0 0 0 0 0 0 0
##$SHL_SFCOEFFS12= (0..200)
0 0 0 0 0 0 0 0 0 0 0 0 0 0 0 0 0 0 0 0 0 0 0 0 0 0 0 0 0 0 0 0 0 0 0 0
0 0 0 0 0 0 0 0 0 0 0 0 0 0 0 0 0 0 0 0 0 0 0 0 0 0 0 0 0 0 0 0 0 0 0 0
0 0 0 0 0 0 0 0 0 0 0 0 0 0 0 0 0 0 0 0 0 0 0 0 0 0 0 0 0 0 0 0 0 0 0 0
0 0 0 0 0 0 0 0 0 0 0 0 0 0 0 0 0 0 0 0 0 0 0 0 0 0 0 0 0 0 0 0 0 0 0 0
0 0 0 0 0 0 0 0 0 0 0 0 0 0 0 0 0 0 0 0 0 0 0 0 0 0 0 0 0 0 0 0 0 0 0 0
0 0 0 0 0 0 0 0 0 0 0 0 0 0 0 0 0 0 0 0 0
##$SHL_SFCOEFFS13= (0..200)
0 0 0 0 0 0 0 0 0 0 0 0 0 0 0 0 0 0 0 0 0 0 0 0 0 0 0 0 0 0 0 0 0 0 0 0
0 0 0 0 0 0 0 0 0 0 0 0 0 0 0 0 0 0 0 0 0 0 0 0 0 0 0 0 0 0 0 0 0 0 0 0
0 0 0 0 0 0 0 0 0 0 0 0 0 0 0 0 0 0 0 0 0 0 0 0 0 0 0 0 0 0 0 0 0 0 0 0
0 0 0 0 0 0 0 0 0 0 0 0 0 0 0 0 0 0 0 0 0 0 0 0 0 0 0 0 0 0 0 0 0 0 0 0
0 0 0 0 0 0 0 0 0 0 0 0 0 0 0 0 0 0 0 0 0 0 0 0 0 0 0 0 0 0 0 0 0 0 0 0
0 0 0 0 0 0 0 0 0 0 0 0 0 0 0 0 0 0 0 0 0
##$SHL_SFCOEFFS14= (0..200)
0 0 0 0 0 0 0 0 0 0 0 0 0 0 0 0 0 0 0 0 0 0 0 0 0 0 0 0 0 0 0 0 0 0 0 0
0 0 0 0 0 0 0 0 0 0 0 0 0 0 0 0 0 0 0 0 0 0 0 0 0 0 0 0 0 0 0 0 0 0 0 0
0 0 0 0 0 0 0 0 0 0 0 0 0 0 0 0 0 0 0 0 0 0 0 0 0 0 0 0 0 0 0 0 0 0 0 0
0 0 0 0 0 0 0 0 0 0 0 0 0 0 0 0 0 0 0 0 0 0 0 0 0 0 0 0 0 0 0 0 0 0 0 0
0 0 0 0 0 0 0 0 0 0 0 0 0 0 0 0 0 0 0 0 0 0 0 0 0 0 0 0 0 0 0 0 0 0 0 0
0 0 0 0 0 0 0 0 0 0 0 0 0 0 0 0 0 0 0 0 0
##$SHL_SFCOEFFS15= (0..200)
0 0 0 0 0 0 0 0 0 0 0 0 0 0 0 0 0 0 0 0 0 0 0 0 0 0 0 0 0 0 0 0 0 0 0 0
0 0 0 0 0 0 0 0 0 0 0 0 0 0 0 0 0 0 0 0 0 0 0 0 0 0 0 0 0 0 0 0 0 0 0 0
0 0 0 0 0 0 0 0 0 0 0 0 0 0 0 0 0 0 0 0 0 0 0 0 0 0 0 0 0 0 0 0 0 0 0 0
0 0 0 0 0 0 0 0 0 0 0 0 0 0 0 0 0 0 0 0 0 0 0 0 0 0 0 0 0 0 0 0 0 0 0 0
0 0 0 0 0 0 0 0 0 0 0 0 0 0 0 0 0 0 0 0 0 0 0 0 0 0 0 0 0 0 0 0 0 0 0 0
0 0 0 0 0 0 0 0 0 0 0 0 0 0 0 0 0 0 0 0 0
##$SHL_SFCOEFFS2= (0..200)
0 0 0 0 0 0 0 0 0 0 0 0 0 0 0 0 0 0 0 0 0 0 0 0 0 0 0 0 0 0 0 0 0 0 0 0
0 0 0 0 0 0 0 0 0 0 0 0 0 0 0 0 0 0 0 0 0 0 0 0 0 0 0 0 0 0 0 0 0 0 0 0
0 0 0 0 0 0 0 0 0 0 0 0 0 0 0 0 0 0 0 0 0 0 0 0 0 0 0 0 0 0 0 0 0 0 0 0
0 0 0 0 0 0 0 0 0 0 0 0 0 0 0 0 0 0 0 0 0 0 0 0 0 0 0 0 0 0 0 0 0 0 0 0
0 0 0 0 0 0 0 0 0 0 0 0 0 0 0 0 0 0 0 0 0 0 0 0 0 0 0 0 0 0 0 0 0 0 0 0
0 0 0 0 0 0 0 0 0 0 0 0 0 0 0 0 0 0 0 0 0
##$SHL_SFCOEFFS3= (0..200)
0 0 0 0 0 0 0 0 0 0 0 0 0 0 0 0 0 0 0 0 0 0 0 0 0 0 0 0 0 0 0 0 0 0 0 0
0 0 0 0 0 0 0 0 0 0 0 0 0 0 0 0 0 0 0 0 0 0 0 0 0 0 0 0 0 0 0 0 0 0 0 0
0 0 0 0 0 0 0 0 0 0 0 0 0 0 0 0 0 0 0 0 0 0 0 0 0 0 0 0 0 0 0 0 0 0 0 0
0 0 0 0 0 0 0 0 0 0 0 0 0 0 0 0 0 0 0 0 0 0 0 0 0 0 0 0 0 0 0 0 0 0 0 0
0 0 0 0 0 0 0 0 0 0 0 0 0 0 0 0 0 0 0 0 0 0 0 0 0 0 0 0 0 0 0 0 0 0 0 0
0 0 0 0 0 0 0 0 0 0 0 0 0 0 0 0 0 0 0 0 0
##$SHL_SFCOEFFS4= (0..200)
0 0 0 0 0 0 0 0 0 0 0 0 0 0 0 0 0 0 0 0 0 0 0 0 0 0 0 0 0 0 0 0 0 0 0 0
0 0 0 0 0 0 0 0 0 0 0 0 0 0 0 0 0 0 0 0 0 0 0 0 0 0 0 0 0 0 0 0 0 0 0 0
0 0 0 0 0 0 0 0 0 0 0 0 0 0 0 0 0 0 0 0 0 0 0 0 0 0 0 0 0 0 0 0 0 0 0 0
0 0 0 0 0 0 0 0 0 0 0 0 0 0 0 0 0 0 0 0 0 0 0 0 0 0 0 0 0 0 0 0 0 0 0 0
0 0 0 0 0 0 0 0 0 0 0 0 0 0 0 0 0 0 0 0 0 0 0 0 0 0 0 0 0 0 0 0 0 0 0 0
0 0 0 0 0 0 0 0 0 0 0 0 0 0 0 0 0 0 0 0 0
##$SHL_SFCOEFFS5= (0..200)
0 0 0 0 0 0 0 0 0 0 0 0 0 0 0 0 0 0 0 0 0 0 0 0 0 0 0 0 0 0 0 0 0 0 0 0
0 0 0 0 0 0 0 0 0 0 0 0 0 0 0 0 0 0 0 0 0 0 0 0 0 0 0 0 0 0 0 0 0 0 0 0
0 0 0 0 0 0 0 0 0 0 0 0 0 0 0 0 0 0 0 0 0 0 0 0 0 0 0 0 0 0 0 0 0 0 0 0
0 0 0 0 0 0 0 0 0 0 0 0 0 0 0 0 0 0 0 0 0 0 0 0 0 0 0 0 0 0 0 0 0 0 0 0
0 0 0 0 0 0 0 0 0 0 0 0 0 0 0 0 0 0 0 0 0 0 0 0 0 0 0 0 0 0 0 0 0 0 0 0
0 0 0 0 0 0 0 0 0 0 0 0 0 0 0 0 0 0 0 0 0
##$SHL_SFCOEFFS6= (0..200)
0 0 0 0 0 0 0 0 0 0 0 0 0 0 0 0 0 0 0 0 0 0 0 0 0 0 0 0 0 0 0 0 0 0 0 0
0 0 0 0 0 0 0 0 0 0 0 0 0 0 0 0 0 0 0 0 0 0 0 0 0 0 0 0 0 0 0 0 0 0 0 0
0 0 0 0 0 0 0 0 0 0 0 0 0 0 0 0 0 0 0 0 0 0 0 0 0 0 0 0 0 0 0 0 0 0 0 0
0 0 0 0 0 0 0 0 0 0 0 0 0 0 0 0 0 0 0 0 0 0 0 0 0 0 0 0 0 0 0 0 0 0 0 0
0 0 0 0 0 0 0 0 0 0 0 0 0 0 0 0 0 0 0 0 0 0 0 0 0 0 0 0 0 0 0 0 0 0 0 0
0 0 0 0 0 0 0 0 0 0 0 0 0 0 0 0 0 0 0 0 0
##$SHL_SFCOEFFS7= (0..200)
0 0 0 0 0 0 0 0 0 0 0 0 0 0 0 0 0 0 0 0 0 0 0 0 0 0 0 0 0 0 0 0 0 0 0 0
0 0 0 0 0 0 0 0 0 0 0 0 0 0 0 0 0 0 0 0 0 0 0 0 0 0 0 0 0 0 0 0 0 0 0 0
0 0 0 0 0 0 0 0 0 0 0 0 0 0 0 0 0 0 0 0 0 0 0 0 0 0 0 0 0 0 0 0 0 0 0 0
0 0 0 0 0 0 0 0 0 0 0 0 0 0 0 0 0 0 0 0 0 0 0 0 0 0 0 0 0 0 0 0 0 0 0 0
0 0 0 0 0 0 0 0 0 0 0 0 0 0 0 0 0 0 0 0 0 0 0 0 0 0 0 0 0 0 0 0 0 0 0 0
0 0 0 0 0 0 0 0 0 0 0 0 0 0 0 0 0 0 0 0 0
##$SHL_SFCOEFFS8= (0..200)
0 0 0 0 0 0 0 0 0 0 0 0 0 0 0 0 0 0 0 0 0 0 0 0 0 0 0 0 0 0 0 0 0 0 0 0
0 0 0 0 0 0 0 0 0 0 0 0 0 0 0 0 0 0 0 0 0 0 0 0 0 0 0 0 0 0 0 0 0 0 0 0
0 0 0 0 0 0 0 0 0 0 0 0 0 0 0 0 0 0 0 0 0 0 0 0 0 0 0 0 0 0 0 0 0 0 0 0
0 0 0 0 0 0 0 0 0 0 0 0 0 0 0 0 0 0 0 0 0 0 0 0 0 0 0 0 0 0 0 0 0 0 0 0
0 0 0 0 0 0 0 0 0 0 0 0 0 0 0 0 0 0 0 0 0 0 0 0 0 0 0 0 0 0 0 0 0 0 0 0
0 0 0 0 0 0 0 0 0 0 0 0 0 0 0 0 0 0 0 0 0
##$SHL_SFCOEFFS9= (0..200)
0 0 0 0 0 0 0 0 0 0 0 0 0 0 0 0 0 0 0 0 0 0 0 0 0 0 0 0 0 0 0 0 0 0 0 0
0 0 0 0 0 0 0 0 0 0 0 0 0 0 0 0 0 0 0 0 0 0 0 0 0 0 0 0 0 0 0 0 0 0 0 0
0 0 0 0 0 0 0 0 0 0 0 0 0 0 0 0 0 0 0 0 0 0 0 0 0 0 0 0 0 0 0 0 0 0 0 0
0 0 0 0 0 0 0 0 0 0 0 0 0 0 0 0 0 0 0 0 0 0 0 0 0 0 0 0 0 0 0 0 0 0 0 0
0 0 0 0 0 0 0 0 0 0 0 0 0 0 0 0 0 0 0 0 0 0 0 0 0 0 0 0 0 0 0 0 0 0 0 0
0 0 0 0 0 0 0 0 0 0 0 0 0 0 0 0 0 0 0 0 0
##$SHL_SMOOTHED= (0..15)
0 0 0 0 0 0 0 0 0 0 0 0 0 0 0 0
##$SHL_SMOOTHING= (0..15)
0 0 0 0 0 0 0 0 0 0 0 0 0 0 0 0
##$SHL_SPOAL= (0..15)
0 0 0 0 0 0 0 0 0 0 0 0 0 0 0 0
##$SHL_SPOFFS= (0..15)
0 0 0 0 0 0 0 0 0 0 0 0 0 0 0 0
##$SHL_SPOPH= (0..15)
0 0 0 0 0 0 0 0 0 0 0 0 0 0 0 0
##$SHL_STARTAMP= (0..15)
0 0 0 0 0 0 0 0 0 0 0 0 0 0 0 0
##$SHL_SW= (0..15)
0 0 0 0 0 0 0 0 0 0 0 0 0 0 0 0
##$SHL_SWDIR= (0..15)
-1 -1 -1 -1 -1 -1 -1 -1 -1 -1 -1 -1 -1 -1 -1 -1
##$SHL_TANKAPPA= (0..15)
0 0 0 0 0 0 0 0 0 0 0 0 0 0 0 0
##$SHL_TOTROT= (0..15)
90 0 0 0 0 0 0 0 0 0 0 0 0 0 0 0
##$SHL_TRUNCLEV= (0..15)
0 0 0 0 0 0 0 0 0 0 0 0 0 0 0 0
##$SHL_TYPE= (0..15)
<Excitation> <> <> <> <> <> <> <> <> <> <> <> <> <> <> <>
##$SHL_WINDOWSIZE= (0..15)
0 0 0 0 0 0 0 0 0 0 0 0 0 0 0 0
##$SHL_ZETA= (0..15)
0 0 0 0 0 0 0 0 0 0 0 0 0 0 0 0
##NPOINTS= 1250
##XYPOINTS= (XY..XY)
72.542791, 95.140834
72.083639, 96.689506
71.621644, 98.237726
71.156842, 99.785487
70.689267, 101.332777
70.218954, 102.879588
69.745937, 104.425909
69.270252, 105.971730
68.791934, 107.517039
68.311020, 109.061826
67.827544, 110.606079
67.341543, 112.149786
66.853054, 113.692935
66.362112, 115.235513
65.868754, 116.777506
65.373017, 118.318902
64.874939, 119.859685
64.374556, 121.399842
63.871906, 122.939357
63.367026, 124.478215
62.859955, 126.016399
62.350730, 127.553893
61.839389, 129.090678
61.325971, 130.626738
60.810514, 132.162053
60.293058, 133.696604
59.773640, 135.230371
59.252301, 136.763333
58.729078, 138.295468
58.204013, 139.826754
57.677143, 141.357168
57.148510, 142.886685
56.618152, 144.415280
56.086111, 145.942926
55.552425, 147.469598
55.017137, 148.995266
54.480285, 150.519900
53.941912, 152.043471
53.402058, 153.565945
52.860763, 155.087291
52.318070, 156.607473
51.774020, 158.126455
51.228653, 159.644199
50.682013, 161.160666
50.134141, 162.675815
49.585078, 164.189602
49.034868, 165.701984
48.483552, 167.212913
47.931173, 168.722340
47.377775, 170.230214
46.823398, 171.736481
46.268088, 173.241085
45.711887, 174.743968
45.154838, 176.245066
44.596986, 177.744317
44.038373, 179.241651
43.479044, 180.736997
42.919044, 182.230280
42.358416, 183.721422
41.797205, 185.210339
41.235457, 186.696944
40.673215, 188.181146
40.110526, 189.662846
39.547435, 191.141944
38.983988, 192.618331
38.420231, 194.091892
37.856210, 195.562509
37.291972, 197.030052
36.727563, 198.494388
36.163033, 199.955374
35.598427, 201.412858
35.033794, 202.866678
34.469182, 204.316666
33.904641, 205.762639
33.340220, 207.204403
32.775968, 208.641755
32.211936, 210.074474
31.648175, 211.502327
31.084737, 212.925064
30.521674, 214.342418
29.959038, 215.754103
29.396884, 217.159814
28.835266, 218.559221
28.274240, 219.951973
27.713863, 221.337690
27.154192, 222.715963
26.595286, 224.086352
26.037206, 225.448382
25.480013, 226.801538
24.923772, 228.145265
24.368547, 229.478960
23.814406, 230.801966
23.261418, 232.113572
22.709656, 233.413002
22.159196, 234.699407
21.610114, 235.971861
21.062493, 237.229351
20.516418, 238.470761
19.971981, 239.694868
19.429275, 240.900322
18.888402, 242.085634
18.349470, 243.249153
17.812593, 244.389050
17.277895, 245.503292
16.745509, 246.589611
16.215580, 247.645474
15.688264, 248.668042
15.163734, 249.654127
14.642179, 250.600135
14.123810, 251.502008
13.608860, 252.355149
13.097590, 253.154330
12.590296, 253.893598
12.087310, 254.566143
11.589012, 255.164164
11.095839, 255.678690
10.608291, 256.099383
10.126953, 256.414305
9.652502, 256.609642
9.185737, 256.669397
8.727597, 256.575041
8.279197, 256.305147
7.841865, 255.835020
7.417183, 255.136384
7.007047, 254.177217
6.613725, 252.921880
6.239918, 251.331787
5.888827, 249.366983
5.564196, 246.989079
5.270314, 244.166081
5.011947, 240.879449
4.794152, 237.133144
4.621941, 232.963233
4.499792, 228.445046
4.431063, 223.693787
4.417448, 218.855428
4.458649, 214.088317
4.552379, 209.540648
4.694707, 205.331345
4.880619, 201.539905
5.104612, 198.206136
5.361200, 195.336837
5.645254, 192.915314
5.952181, 190.910581
6.277995, 189.284644
6.619301, 187.997543
6.973244, 187.010464
7.337435, 186.287426
7.709886, 185.796025
8.088940, 185.507610
8.473215, 185.397136
8.861552, 185.442859
9.252978, 185.625974
9.646670, 185.930241
10.041930, 186.341642
10.438162, 186.848058
10.834853, 187.439003
11.231562, 188.105378
11.627906, 188.839267
12.023549, 189.633771
12.418197, 190.482853
12.811591, 191.381219
13.203500, 192.324212
13.593721, 193.307721
13.982069, 194.328111
14.368378, 195.382155
14.752498, 196.466980
15.134294, 197.580025
15.513642, 198.718998
15.890427, 199.881841
16.264545, 201.066708
16.635899, 202.271932
17.004399, 203.496008
17.369962, 204.737574
17.732511, 205.995393
18.091971, 207.268342
18.448274, 208.555397
18.801356, 209.855624
19.151155, 211.168168
19.497614, 212.492247
19.840677, 213.827143
20.180293, 215.172195
20.516411, 216.526796
20.848984, 217.890386
21.177966, 219.262448
21.503313, 220.642503
21.824984, 222.030107
22.142937, 223.424852
22.457134, 224.826354
22.767536, 226.234261
23.074109, 227.648240
23.376815, 229.067987
23.675622, 230.493212
23.970497, 231.923649
24.261407, 233.359048
24.548321, 234.799173
24.831209, 236.243806
25.110043, 237.692740
25.384792, 239.145782
25.655431, 240.602752
25.921931, 242.063477
26.184266, 243.527799
26.442412, 244.995564
26.696343, 246.466632
26.946034, 247.940868
27.191462, 249.418145
27.432605, 250.898342
27.669438, 252.381348
27.901942, 253.867054
28.130094, 255.355359
28.353873, 256.846168
28.573259, 258.339390
28.788233, 259.834938
28.998775, 261.332730
29.204866, 262.832689
29.406488, 264.334742
29.603623, 265.838818
29.796254, 267.344850
29.984364, 268.852777
30.167937, 270.362536
30.346956, 271.874072
30.521405, 273.387330
30.691271, 274.902257
30.856538, 276.418805
31.017192, 277.936926
31.173220, 279.456576
31.324607, 280.977712
31.471341, 282.500294
31.613409, 284.024281
31.750800, 285.549638
31.883501, 287.076329
32.011501, 288.604321
32.134789, 290.133581
32.253356, 291.664079
32.367190, 293.195786
32.476282, 294.728673
32.580623, 296.262715
32.680204, 297.797885
32.775017, 299.334161
32.865052, 300.871519
32.950304, 302.409938
33.030763, 303.949395
33.106425, 305.489873
33.177281, 307.031352
33.243325, 308.573814
33.304553, 310.117243
33.360959, 311.661622
33.412537, 313.206937
33.459284, 314.753172
33.501194, 316.300315
33.538264, 317.848353
33.570491, 319.397274
33.597872, 320.947067
33.620404, 322.497721
33.638085, 324.049226
33.650912, 325.601574
33.658884, 327.154756
33.662001, 328.708764
33.660261, 330.263592
33.653664, 331.819232
33.642210, 333.375679
33.625900, 334.932929
33.604733, 336.490975
33.578712, 338.049816
33.547837, 339.609446
33.512112, 341.169865
33.471537, 342.731069
33.426115, 344.293057
33.375850, 345.855829
33.320745, 347.419384
33.260804, 348.983723
33.196030, 350.548846
33.126429, 352.114757
33.052005, 353.681456
32.972764, 355.248947
32.888710, 356.817234
32.799851, 358.386321
32.706192, 359.956213
32.607740, 1.526916
32.504502, 3.098437
32.396486, 4.670782
32.283700, 6.243960
32.166151, 7.817980
32.043849, 9.392850
31.916803, 10.968583
31.785020, 12.545188
31.648513, 14.122679
31.507290, 15.701068
31.361361, 17.280369
31.210739, 18.860598
31.055433, 20.441771
30.895456, 22.023905
30.730819, 23.607019
30.561534, 25.191132
30.387615, 26.776265
30.209074, 28.362441
30.025925, 29.949683
29.838181, 31.538016
29.645857, 33.127467
29.448967, 34.718064
29.247526, 36.309837
29.041549, 37.902818
28.831052, 39.497041
28.616051, 41.092542
28.396562, 42.689358
28.172601, 44.287531
27.944187, 45.887101
27.711337, 47.488116
27.474068, 49.090622
27.232398, 50.694671
26.986348, 52.300318
26.735934, 53.907619
26.481178, 55.516637
26.222098, 57.127435
25.958715, 58.740084
25.691050, 60.354657
25.419124, 61.971232
25.142958, 63.589894
24.862574, 65.210731
24.577995, 66.833839
24.289243, 68.459320
23.996341, 70.087282
23.699314, 71.717843
23.398185, 73.351127
23.092979, 74.987268
22.783721, 76.626410
22.470436, 78.268707
22.153152, 79.914325
21.831894, 81.563444
21.506690, 83.216257
21.177568, 84.872972
20.844557, 86.533814
20.507684, 88.199029
20.166982, 89.868880
19.822479, 91.543656
19.474207, 93.223669
19.122199, 94.909261
18.766488, 96.600805
18.407107, 98.298707
18.044092, 100.003414
17.677479, 101.715416
17.307306, 103.435255
16.933611, 105.163524
16.556435, 106.900882
16.175820, 108.648059
15.791809, 110.405866
15.404450, 112.175207
15.013789, 113.957091
14.619878, 115.752652
14.222772, 117.563162
13.822527, 119.390059
13.419205, 121.234970
13.012873, 123.099746
12.603602, 124.986500
12.191471, 126.897655
11.776565, 128.835999
11.358978, 130.804762
10.938818, 132.807701
10.516202, 134.849212
10.091265, 136.934471
9.664161, 139.069606
9.235071, 141.261930
8.804202, 143.520229
8.371804, 145.855146
7.938173, 148.279682
7.503673, 150.809869
7.068748, 153.465663
6.633956, 156.272178
6.200007, 159.261360
5.767815, 162.474329
5.338585, 165.964631
4.913929, 169.802801
4.496048, 174.082685
4.088005, 178.929979
3.694143, 184.512944
3.320698, 191.053383
2.976676, 198.830403
2.674899, 208.156242
2.432711, 219.281667
2.270922, 232.186515
2.208955, 246.321321
2.256671, 260.600132
2.409047, 273.864669
2.649412, 285.423586
2.957556, 295.153435
3.315663, 303.264857
3.710194, 310.067931
4.131526, 315.853399
4.572962, 320.856665
5.029844, 325.257594
5.498888, 329.190802
5.977741, 332.756723
6.464684, 336.030695
6.958438, 339.069768
7.458031, 341.917631
7.962712, 344.608137
8.471891, 347.167823
8.985095, 349.617728
9.501943, 351.974710
10.022117, 354.252411
10.545354, 356.461974
11.071430, 358.612583
11.600153, 0.711865
12.131357, 2.766204
12.664895, 4.780982
13.200636, 6.760763
13.738465, 8.709443
14.278274, 10.630368
14.819968, 12.526423
15.363456, 14.400111
15.908656, 16.253614
16.455490, 18.088841
17.003885, 19.907469
17.553772, 21.710978
18.105083, 23.500680
18.657756, 25.277737
19.211730, 27.043189
19.766945, 28.797964
20.323346, 30.542894
20.880875, 32.278729
21.439479, 34.006143
21.999105, 35.725748
22.559701, 37.438097
23.121217, 39.143693
23.683600, 40.842993
24.246804, 42.536415
24.810778, 44.224340
25.375474, 45.907120
25.940844, 47.585073
26.506842, 49.258496
27.073421, 50.927659
27.640534, 52.592814
28.208134, 54.254191
28.776177, 55.912006
29.344616, 57.566455
29.913406, 59.217725
30.482503, 60.865984
31.051860, 62.511393
31.621435, 64.154099
32.191182, 65.794242
32.761056, 67.431949
33.331015, 69.067343
33.901013, 70.700534
34.471007, 72.331630
35.040954, 73.960729
35.610809, 75.587925
36.180529, 77.213305
36.750070, 78.836951
37.319391, 80.458941
37.888446, 82.079347
38.457194, 83.698239
39.025591, 85.315682
39.593594, 86.931736
40.161161, 88.546461
40.728249, 90.159910
41.294816, 91.772135
41.860818, 93.383187
42.426214, 94.993111
42.990962, 96.601951
43.555018, 98.209751
44.118341, 99.816549
44.680889, 101.422384
45.242620, 103.027292
45.803492, 104.631306
46.363463, 106.234461
46.922492, 107.836786
47.480538, 109.438313
48.037558, 111.039068
48.593511, 112.639080
49.148357, 114.238373
49.702053, 115.836974
50.254560, 117.434904
50.805836, 119.032188
51.355840, 120.628846
51.904531, 122.224899
52.451869, 123.820368
52.997814, 125.415270
53.542325, 127.009625
54.085362, 128.603449
54.626885, 130.196760
55.166853, 131.789573
55.705227, 133.381904
56.241968, 134.973768
56.777035, 136.565179
57.310389, 138.156150
57.841991, 139.746696
58.371802, 141.336828
58.899782, 142.926559
59.425893, 144.515900
59.950095, 146.104864
60.472351, 147.693460
60.992622, 149.281699
61.510869, 150.869592
62.027054, 152.457148
62.541140, 154.044377
63.053088, 155.631287
63.562861, 157.217888
64.070421, 158.804188
64.575731, 160.390195
65.078754, 161.975917
65.579453, 163.561362
66.077791, 165.146537
66.573731, 166.731449
67.067237, 168.316106
67.558272, 169.900514
68.046801, 171.484679
68.532788, 173.068608
69.016196, 174.652306
69.496990, 176.235781
69.975136, 177.819037
70.450597, 179.402079
70.923340, 180.984915
71.393328, 182.567547
71.860528, 184.149982
72.324906, 185.732225
72.786427, 187.314280
73.245057, 188.896152
73.700762, 190.477845
74.153510, 192.059364
74.603267, 193.640713
75.050000, 195.221895
75.493676, 196.802916
75.934262, 198.383779
76.371727, 199.964487
76.806037, 201.545045
77.237162, 203.125455
77.665070, 204.705722
78.089728, 206.285849
78.511107, 207.865839
78.929174, 209.445695
79.343900, 211.025420
79.755254, 212.605018
80.163206, 214.184491
80.567725, 215.763842
80.968782, 217.343075
81.366349, 218.922191
81.760394, 220.501194
82.150891, 222.080085
82.537809, 223.658869
82.921121, 225.237546
83.300798, 226.816120
83.676813, 228.394593
84.049138, 229.972967
84.417745, 231.551245
84.782609, 233.129428
85.143701, 234.707519
85.500995, 236.285520
85.854466, 237.863433
86.204087, 239.441260
86.549832, 241.019003
86.891677, 242.596664
87.229596, 244.174244
87.563565, 245.751746
87.893558, 247.329172
88.219552, 248.906522
88.541523, 250.483800
88.859447, 252.061006
89.173300, 253.638142
89.483061, 255.215210
89.788706, 256.792211
90.090213, 258.369147
90.387559, 259.946020
90.680723, 261.522831
90.969683, 263.099581
91.254418, 264.676272
91.534908, 266.252905
91.811131, 267.829482
92.083068, 269.406004
92.350698, 270.982473
92.614002, 272.558889
92.872960, 274.135254
93.127554, 275.711569
93.377765, 277.287836
93.623575, 278.864056
93.864965, 280.440229
94.101918, 282.016358
94.334416, 283.592443
94.562443, 285.168485
94.785981, 286.744486
95.005014, 288.320446
95.219527, 289.896367
95.429504, 291.472250
95.634928, 293.048096
95.835786, 294.623906
96.032062, 296.199681
96.223741, 297.775422
96.410811, 299.351129
96.593257, 300.926805
96.771065, 302.502450
96.944224, 304.078065
97.112719, 305.653650
97.276539, 307.229207
97.435672, 308.804737
97.590106, 310.380241
97.739829, 311.955720
97.884832, 313.531173
98.025102, 315.106604
98.160630, 316.682011
98.291406, 318.257397
98.417421, 319.832761
98.538664, 321.408106
98.655128, 322.983431
98.766803, 324.558737
98.873682, 326.134026
98.975756, 327.709299
99.073018, 329.284555
99.165462, 330.859796
99.253079, 332.435023
99.335865, 334.010236
99.413812, 335.585437
99.486915, 337.160625
99.555169, 338.735803
99.618569, 340.310970
99.677109, 341.886127
99.730786, 343.461276
99.779596, 345.036417
99.823536, 346.611550
99.862601, 348.186677
99.896789, 349.761798
99.926098, 351.336915
99.950525, 352.912027
99.970069, 354.487136
99.984729, 356.062242
99.994502, 357.637346
99.999389, 359.212449
99.999389, 0.787551
99.994502, 2.362654
99.984729, 3.937758
99.970069, 5.512864
99.950525, 7.087973
99.926098, 8.663085
99.896789, 10.238202
99.862601, 11.813323
99.823536, 13.388450
99.779596, 14.963583
99.730786, 16.538724
99.677109, 18.113873
99.618569, 19.689030
99.555169, 21.264197
99.486915, 22.839375
99.413812, 24.414563
99.335865, 25.989764
99.253079, 27.564977
99.165462, 29.140204
99.073018, 30.715445
98.975756, 32.290701
98.873682, 33.865974
98.766803, 35.441263
98.655128, 37.016569
98.538664, 38.591894
98.417421, 40.167239
98.291406, 41.742603
98.160630, 43.317989
98.025102, 44.893396
97.884832, 46.468827
97.739829, 48.044280
97.590106, 49.619759
97.435672, 51.195263
97.276539, 52.770793
97.112719, 54.346350
96.944224, 55.921935
96.771065, 57.497550
96.593257, 59.073195
96.410811, 60.648871
96.223741, 62.224578
96.032062, 63.800319
95.835786, 65.376094
95.634928, 66.951904
95.429504, 68.527750
95.219527, 70.103633
95.005014, 71.679554
94.785981, 73.255514
94.562443, 74.831515
94.334416, 76.407557
94.101918, 77.983642
93.864965, 79.559771
93.623575, 81.135944
93.377765, 82.712164
93.127554, 84.288431
92.872960, 85.864746
92.614002, 87.441111
92.350698, 89.017527
92.083068, 90.593996
91.811131, 92.170518
91.534908, 93.747095
91.254418, 95.323728
90.969683, 96.900419
90.680723, 98.477169
90.387559, 100.053980
90.090213, 101.630853
89.788706, 103.207789
89.483061, 104.784790
89.173300, 106.361858
88.859447, 107.938994
88.541523, 109.516200
88.219552, 111.093478
87.893558, 112.670828
87.563565, 114.248254
87.229596, 115.825756
86.891677, 117.403336
86.549832, 118.980997
86.204087, 120.558740
85.854466, 122.136567
85.500995, 123.714480
85.143701, 125.292481
84.782609, 126.870572
84.417745, 128.448755
84.049138, 130.027033
83.676813, 131.605407
83.300798, 133.183880
82.921121, 134.762454
82.537809, 136.341131
82.150891, 137.919915
81.760394, 139.498806
81.366349, 141.077809
80.968782, 142.656925
80.567725, 144.236158
80.163206, 145.815509
79.755254, 147.394982
79.343900, 148.974580
78.929174, 150.554305
78.511107, 152.134161
78.089728, 153.714151
77.665070, 155.294278
77.237162, 156.874545
76.806037, 158.454955
76.371727, 160.035513
75.934262, 161.616221
75.493676, 163.197084
75.050000, 164.778105
74.603267, 166.359287
74.153510, 167.940636
73.700762, 169.522155
73.245057, 171.103848
72.786427, 172.685720
72.324906, 174.267775
71.860528, 175.850018
71.393328, 177.432453
70.923340, 179.015085
70.450597, 180.597921
69.975136, 182.180963
69.496990, 183.764219
69.016196, 185.347694
68.532788, 186.931392
68.046801, 188.515321
67.558272, 190.099486
67.067237, 191.683894
66.573731, 193.268551
66.077791, 194.853463
65.579453, 196.438638
65.078754, 198.024083
64.575731, 199.609805
64.070421, 201.195812
63.562861, 202.782112
63.053088, 204.368713
62.541140, 205.955623
62.027054, 207.542852
61.510869, 209.130408
60.992622, 210.718301
60.472351, 212.306540
59.950095, 213.895136
59.425893, 215.484100
58.899782, 217.073441
58.371802, 218.663172
57.841991, 220.253304
57.310389, 221.843850
56.777035, 223.434821
56.241968, 225.026232
55.705227, 226.618096
55.166853, 228.210427
54.626885, 229.803240
54.085362, 231.396551
53.542325, 232.990375
52.997814, 234.584730
52.451869, 236.179632
51.904531, 237.775101
51.355840, 239.371154
50.805836, 240.967812
50.254560, 242.565096
49.702053, 244.163026
49.148357, 245.761627
48.593511, 247.360920
48.037558, 248.960932
47.480538, 250.561687
46.922492, 252.163214
46.363463, 253.765539
45.803492, 255.368694
45.242620, 256.972708
44.680889, 258.577616
44.118341, 260.183451
43.555018, 261.790249
42.990962, 263.398049
42.426214, 265.006889
41.860818, 266.616813
41.294816, 268.227865
40.728249, 269.840090
40.161161, 271.453539
39.593594, 273.068264
39.025591, 274.684318
38.457194, 276.301761
37.888446, 277.920653
37.319391, 279.541059
36.750070, 281.163049
36.180529, 282.786695
35.610809, 284.412075
35.040954, 286.039271
34.471007, 287.668370
33.901013, 289.299466
33.331015, 290.932657
32.761056, 292.568051
32.191182, 294.205758
31.621435, 295.845901
31.051860, 297.488607
30.482503, 299.134016
29.913406, 300.782275
29.344616, 302.433545
28.776177, 304.087994
28.208134, 305.745809
27.640534, 307.407186
27.073421, 309.072341
26.506842, 310.741504
25.940844, 312.414927
25.375474, 314.092880
24.810778, 315.775660
24.246804, 317.463585
23.683600, 319.157007
23.121217, 320.856307
22.559701, 322.561903
21.999105, 324.274252
21.439479, 325.993857
20.880875, 327.721271
20.323346, 329.457106
19.766945, 331.202036
19.211730, 332.956811
18.657756, 334.722263
18.105083, 336.499320
17.553772, 338.289022
17.003885, 340.092531
16.455490, 341.911159
15.908656, 343.746386
15.363456, 345.599889
14.819968, 347.473577
14.278274, 349.369632
13.738465, 351.290557
13.200636, 353.239237
12.664895, 355.219018
12.131357, 357.233796
11.600153, 359.288135
11.071430, 1.387417
10.545354, 3.538026
10.022117, 5.747589
9.501943, 8.025290
8.985095, 10.382272
8.471891, 12.832177
7.962712, 15.391863
7.458031, 18.082369
6.958438, 20.930232
6.464684, 23.969305
5.977741, 27.243277
5.498888, 30.809198
5.029844, 34.742406
4.572962, 39.143335
4.131526, 44.146601
3.710194, 49.932069
3.315663, 56.735143
2.957556, 64.846565
2.649412, 74.576414
2.409047, 86.135331
2.256671, 99.399868
2.208955, 113.678679
2.270922, 127.813485
2.432711, 140.718333
2.674899, 151.843758
2.976676, 161.169597
3.320698, 168.946617
3.694143, 175.487056
4.088005, 181.070021
4.496048, 185.917315
4.913929, 190.197199
5.338585, 194.035369
5.767815, 197.525671
6.200007, 200.738640
6.633956, 203.727822
7.068748, 206.534337
7.503673, 209.190131
7.938173, 211.720318
8.371804, 214.144854
8.804202, 216.479771
9.235071, 218.738070
9.664161, 220.930394
10.091265, 223.065529
10.516202, 225.150788
10.938818, 227.192299
11.358978, 229.195238
11.776565, 231.164001
12.191471, 233.102345
12.603602, 235.013500
13.012873, 236.900254
13.419205, 238.765030
13.822527, 240.609941
14.222772, 242.436838
14.619878, 244.247348
15.013789, 246.042909
15.404450, 247.824793
15.791809, 249.594134
16.175820, 251.351941
16.556435, 253.099118
16.933611, 254.836476
17.307306, 256.564745
17.677479, 258.284584
18.044092, 259.996586
18.407107, 261.701293
18.766488, 263.399195
19.122199, 265.090739
19.474207, 266.776331
19.822479, 268.456344
20.166982, 270.131120
20.507684, 271.800971
20.844557, 273.466186
21.177568, 275.127028
21.506690, 276.783743
21.831894, 278.436556
22.153152, 280.085675
22.470436, 281.731293
22.783721, 283.373590
23.092979, 285.012732
23.398185, 286.648873
23.699314, 288.282157
23.996341, 289.912718
24.289243, 291.540680
24.577995, 293.166161
24.862574, 294.789269
25.142958, 296.410106
25.419124, 298.028768
25.691050, 299.645343
25.958715, 301.259916
26.222098, 302.872565
26.481178, 304.483363
26.735934, 306.092381
26.986348, 307.699682
27.232398, 309.305329
27.474068, 310.909378
27.711337, 312.511884
27.944187, 314.112899
28.172601, 315.712469
28.396562, 317.310642
28.616051, 318.907458
28.831052, 320.502959
29.041549, 322.097182
29.247526, 323.690163
29.448967, 325.281936
29.645857, 326.872533
29.838181, 328.461984
30.025925, 330.050317
30.209074, 331.637559
30.387615, 333.223735
30.561534, 334.808868
30.730819, 336.392981
30.895456, 337.976095
31.055433, 339.558229
31.210739, 341.139402
31.361361, 342.719631
31.507290, 344.298932
31.648513, 345.877321
31.785020, 347.454812
31.916803, 349.031417
32.043849, 350.607150
32.166151, 352.182020
32.283700, 353.756040
32.396486, 355.329218
32.504502, 356.901563
32.607740, 358.473084
32.706192, 0.043787
32.799851, 1.613679
32.888710, 3.182766
32.972764, 4.751053
33.052005, 6.318544
33.126429, 7.885243
33.196030, 9.451154
33.260804, 11.016277
33.320745, 12.580616
33.375850, 14.144171
33.426115, 15.706943
33.471537, 17.268931
33.512112, 18.830135
33.547837, 20.390554
33.578712, 21.950184
33.604733, 23.509025
33.625900, 25.067071
33.642210, 26.624321
33.653664, 28.180768
33.660261, 29.736408
33.662001, 31.291236
33.658884, 32.845244
33.650912, 34.398426
33.638085, 35.950774
33.620404, 37.502279
33.597872, 39.052933
33.570491, 40.602726
33.538264, 42.151647
33.501194, 43.699685
33.459284, 45.246828
33.412537, 46.793063
33.360959, 48.338378
33.304553, 49.882757
33.243325, 51.426186
33.177281, 52.968648
33.106425, 54.510127
33.030763, 56.050605
32.950304, 57.590062
32.865052, 59.128481
32.775017, 60.665839
32.680204, 62.202115
32.580623, 63.737285
32.476282, 65.271327
32.367190, 66.804214
32.253356, 68.335921
32.134789, 69.866419
32.011501, 71.395679
31.883501, 72.923671
31.750800, 74.450362
31.613409, 75.975719
31.471341, 77.499706
31.324607, 79.022288
31.173220, 80.543424
31.017192, 82.063074
30.856538, 83.581195
30.691271, 85.097743
30.521405, 86.612670
30.346956, 88.125928
30.167937, 89.637464
29.984364, 91.147223
29.796254, 92.655150
29.603623, 94.161182
29.406488, 95.665258
29.204866, 97.167311
28.998775, 98.667270
28.788233, 100.165062
28.573259, 101.660610
28.353873, 103.153832
28.130094, 104.644641
27.901942, 106.132946
27.669438, 107.618652
27.432605, 109.101658
27.191462, 110.581855
26.946034, 112.059132
26.696343, 113.533368
26.442412, 115.004436
26.184266, 116.472201
25.921931, 117.936523
25.655431, 119.397248
25.384792, 120.854218
25.110043, 122.307260
24.831209, 123.756194
24.548321, 125.200827
24.261407, 126.640952
23.970497, 128.076351
23.675622, 129.506788
23.376815, 130.932013
23.074109, 132.351760
22.767536, 133.765739
22.457134, 135.173646
22.142937, 136.575148
21.824984, 137.969893
21.503313, 139.357497
21.177966, 140.737552
20.848984, 142.109614
20.516411, 143.473204
20.180293, 144.827805
19.840677, 146.172857
19.497614, 147.507753
19.151155, 148.831832
18.801356, 150.144376
18.448274, 151.444603
18.091971, 152.731658
17.732511, 154.004607
17.369962, 155.262426
17.004399, 156.503992
16.635899, 157.728068
16.264545, 158.933292
15.890427, 160.118159
15.513642, 161.281002
15.134294, 162.419975
14.752498, 163.533020
14.368378, 164.617845
13.982069, 165.671889
13.593721, 166.692279
13.203500, 167.675788
12.811591, 168.618781
12.418197, 169.517147
12.023549, 170.366229
11.627906, 171.160733
11.231562, 171.894622
10.834853, 172.560997
10.438162, 173.151942
10.041930, 173.658358
9.646670, 174.069759
9.252978, 174.374026
8.861552, 174.557141
8.473215, 174.602864
8.088940, 174.492390
7.709886, 174.203975
7.337435, 173.712574
6.973244, 172.989536
6.619301, 172.002457
6.277995, 170.715356
5.952181, 169.089419
5.645254, 167.084686
5.361200, 164.663163
5.104612, 161.793864
4.880619, 158.460095
4.694707, 154.668655
4.552379, 150.459352
4.458649, 145.911683
4.417448, 141.144572
4.431063, 136.306213
4.499792, 131.554954
4.621941, 127.036767
4.794152, 122.866856
5.011947, 119.120551
5.270314, 115.833919
5.564196, 113.010921
5.888827, 110.633017
6.239918, 108.668213
6.613725, 107.078120
7.007047, 105.822783
7.417183, 104.863616
7.841865, 104.164980
8.279197, 103.694853
8.727597, 103.424959
9.185737, 103.330603
9.652502, 103.390358
10.126953, 103.585695
10.608291, 103.900617
11.095839, 104.321310
11.589012, 104.835836
12.087310, 105.433857
12.590296, 106.106402
13.097590, 106.845670
13.608860, 107.644851
14.123810, 108.497992
14.642179, 109.399865
15.163734, 110.345873
15.688264, 111.331958
16.215580, 112.354526
16.745509, 113.410389
17.277895, 114.496708
17.812593, 115.610950
18.349470, 116.750847
18.888402, 117.914366
19.429275, 119.099678
19.971981, 120.305132
20.516418, 121.529239
21.062493, 122.770649
21.610114, 124.028139
22.159196, 125.300593
22.709656, 126.586998
23.261418, 127.886428
23.814406, 129.198034
24.368547, 130.521040
24.923772, 131.854735
25.480013, 133.198462
26.037206, 134.551618
26.595286, 135.913648
27.154192, 137.284037
27.713863, 138.662310
28.274240, 140.048027
28.835266, 141.440779
29.396884, 142.840186
29.959038, 144.245897
30.521674, 145.657582
31.084737, 147.074936
31.648175, 148.497673
32.211936, 149.925526
32.775968, 151.358245
33.340220, 152.795597
33.904641, 154.237361
34.469182, 155.683334
35.033794, 157.133322
35.598427, 158.587142
36.163033, 160.044626
36.727563, 161.505612
37.291972, 162.969948
37.856210, 164.437491
38.420231, 165.908108
38.983988, 167.381669
39.547435, 168.858056
40.110526, 170.337154
40.673215, 171.818854
41.235457, 173.303056
41.797205, 174.789661
42.358416, 176.278578
42.919044, 177.769720
43.479044, 179.263003
44.038373, 180.758349
44.596986, 182.255683
45.154838, 183.754934
45.711887, 185.256032
46.268088, 186.758915
46.823398, 188.263519
47.377775, 189.769786
47.931173, 191.277660
48.483552, 192.787087
49.034868, 194.298016
49.585078, 195.810398
50.134141, 197.324185
50.682013, 198.839334
51.228653, 200.355801
51.774020, 201.873545
52.318070, 203.392527
52.860763, 204.912709
53.402058, 206.434055
53.941912, 207.956529
54.480285, 209.480100
55.017137, 211.004734
55.552425, 212.530402
56.086111, 214.057074
56.618152, 215.584720
57.148510, 217.113315
57.677143, 218.642832
58.204013, 220.173246
58.729078, 221.704532
59.252301, 223.236667
59.773640, 224.769629
60.293058, 226.303396
60.810514, 227.837947
61.325971, 229.373262
61.839389, 230.909322
62.350730, 232.446107
62.859955, 233.983601
63.367026, 235.521785
63.871906, 237.060643
64.374556, 238.600158
64.874939, 240.140315
65.373017, 241.681098
65.868754, 243.222494
66.362112, 244.764487
66.853054, 246.307065
67.341543, 247.850214
67.827544, 249.393921
68.311020, 250.938174
68.791934, 252.482961
69.270252, 254.028270
69.745937, 255.574091
70.218954, 257.120412
70.689267, 258.667223
71.156842, 260.214513
71.621644, 261.762274
72.083639, 263.310494
72.542791, 264.859166
##END=
