##TITLE= Parameter file, TopSpin 4.3.0
##JCAMPDX= 5.0
##DATATYPE= Parameter Values
##ORIGIN= Bruker BioSpin GmbH
##OWNER= nmrsu
$$ 2024-03-10 23:31:55.649 +0000  nmrsu@4CE1161FJM
$$ C:/Bruker/TopSpin4.3.0/exp/stan/nmr/lists/wave/user/multisupp_aux_d8
$$ process C:\Bruker\TopSpin4.3.0\prog\mod\xwinshape.exe
##MINX= 14.53922800
##MAXX= 99.99953400
##MINY= 0.01148600
##MAXY= 359.98851400
##$SHAPE_ADDPHASE= 0
##$SHAPE_AMP= 99.99953383
##$SHAPE_BWFAC= 0
##$SHAPE_BWFAC50= 0
##$SHAPE_CALCBW= yes
##$SHAPE_CALCINTEG= yes
##$SHAPE_EXMODE= <Excitation>
##$SHAPE_EXPAND= <>
##$SHAPE_EXPANDCF= (0..143)
0 0 0 0 0 0 0 0 0 0 0 0 0 0 0 0 0 0 0 0 0 0 0 0 0 0 0 0 0 0 0 0 0 0 0 0
0 0 0 0 0 0 0 0 0 0 0 0 0 0 0 0 0 0 0 0 0 0 0 0 0 0 0 0 0 0 0 0 0 0 0 0
0 0 0 0 0 0 0 0 0 0 0 0 0 0 0 0 0 0 0 0 0 0 0 0 0 0 0 0 0 0 0 0 0 0 0 0
0 0 0 0 0 0 0 0 0 0 0 0 0 0 0 0 0 0 0 0 0 0 0 0 0 0 0 0 0 0 0 0 0 0 0 0
##$SHAPE_EXPFAC= 0
##$SHAPE_FRACEND= 0
##$SHAPE_FRACORG= 0
##$SHAPE_FRACSTART= 0
##$SHAPE_INTEGFAC= 0
##$SHAPE_KEEPRES= yes
##$SHAPE_LENGTH= 25000.000373
##$SHAPE_MAN= <M>
##$SHAPE_MODE= 4
##$SHAPE_MODFREQ= 0
##$SHAPE_MODPHASE= 0
##$SHAPE_MODSCALE= 0
##$SHAPE_MODSW= 0
##$SHAPE_MODSWDIR= -1
##$SHAPE_NPOINTS= 1250
##$SHAPE_OFFS= <1 4>
##$SHAPE_OFFSCOEFF= (0..95)
-153.4249 0 100 -206.49515 0 100 -220.88843 0 100 -289.6693 0 100 0 0 0
0 0 0 0 0 0 0 0 0 0 0 0 0 0 0 0 0 0 0 0 0 0 0 0 0 0 0 0 0 0 0 0 0 0 0 0
0 0 0 0 0 0 0 0 0 0 0 0 0 0 0 0 0 0 0 0 0 0 0 0 0 0 0 0 0 0 0 0 0 0 0 0
0 0 0 0 0 0 0 0 0
##$SHAPE_PARAMETER= <>
##$SHAPE_REPHFAC= 0
##$SHAPE_RES= 0
##$SHAPE_SCALEFAC= 1.00000466
##$SHAPE_SCALETYPE= 0
##$SHAPE_SPOAL= 0
##$SHAPE_SPOFFS= 0
##$SHAPE_SPOPH= 0
##$SHAPE_TOTROT= 90
##$SHAPE_TYPE= <Excitation>
##$SHAPE_USER_DEF= <>
##$SHAPE_VERSION= 2.1
##$SHL_ADDPHASE= (0..15)
0 0 0 0 0 0 0 0 0 0 0 0 0 0 0 0
##$SHL_ALIGNOFFSET= (0..15)
0 0 0 0 0 0 0 0 0 0 0 0 0 0 0 0
##$SHL_AMP= (0..15)
100 0 0 0 0 0 0 0 0 0 0 0 0 0 0 0
##$SHL_AMPFAC= (0..15)
0 0 0 0 0 0 0 0 0 0 0 0 0 0 0 0
##$SHL_BETA= (0..15)
0 0 0 0 0 0 0 0 0 0 0 0 0 0 0 0
##$SHL_BWFAC= (0..15)
1.116 0 0 0 0 0 0 0 0 0 0 0 0 0 0 0
##$SHL_CALCBW= (0..15)
yes yes yes yes yes yes yes yes yes yes yes yes yes yes yes yes
##$SHL_CALCINTEG= (0..15)
yes yes yes yes yes yes yes yes yes yes yes yes yes yes yes yes
##$SHL_CENTERAMP= (0..15)
0 0 0 0 0 0 0 0 0 0 0 0 0 0 0 0
##$SHL_CYCNUM= (0..15)
0 0 0 0 0 0 0 0 0 0 0 0 0 0 0 0
##$SHL_DIPOLCPL= (0..15)
0 0 0 0 0 0 0 0 0 0 0 0 0 0 0 0
##$SHL_ENDAMP= (0..15)
0 0 0 0 0 0 0 0 0 0 0 0 0 0 0 0
##$SHL_EXMODE= (0..15)
<Excitation> <> <> <> <> <> <> <> <> <> <> <> <> <> <> <>
##$SHL_EXPAND= (0..15)
<> <> <> <> <> <> <> <> <> <> <> <> <> <> <> <>
##$SHL_EXPANDCF0= (0..143)
0 0 0 0 0 0 0 0 0 0 0 0 0 0 0 0 0 0 0 0 0 0 0 0 0 0 0 0 0 0 0 0 0 0 0 0
0 0 0 0 0 0 0 0 0 0 0 0 0 0 0 0 0 0 0 0 0 0 0 0 0 0 0 0 0 0 0 0 0 0 0 0
0 0 0 0 0 0 0 0 0 0 0 0 0 0 0 0 0 0 0 0 0 0 0 0 0 0 0 0 0 0 0 0 0 0 0 0
0 0 0 0 0 0 0 0 0 0 0 0 0 0 0 0 0 0 0 0 0 0 0 0 0 0 0 0 0 0 0 0 0 0 0 0
##$SHL_EXPANDCF1= (0..143)
0 0 0 0 0 0 0 0 0 0 0 0 0 0 0 0 0 0 0 0 0 0 0 0 0 0 0 0 0 0 0 0 0 0 0 0
0 0 0 0 0 0 0 0 0 0 0 0 0 0 0 0 0 0 0 0 0 0 0 0 0 0 0 0 0 0 0 0 0 0 0 0
0 0 0 0 0 0 0 0 0 0 0 0 0 0 0 0 0 0 0 0 0 0 0 0 0 0 0 0 0 0 0 0 0 0 0 0
0 0 0 0 0 0 0 0 0 0 0 0 0 0 0 0 0 0 0 0 0 0 0 0 0 0 0 0 0 0 0 0 0 0 0 0
##$SHL_EXPANDCF10= (0..143)
0 0 0 0 0 0 0 0 0 0 0 0 0 0 0 0 0 0 0 0 0 0 0 0 0 0 0 0 0 0 0 0 0 0 0 0
0 0 0 0 0 0 0 0 0 0 0 0 0 0 0 0 0 0 0 0 0 0 0 0 0 0 0 0 0 0 0 0 0 0 0 0
0 0 0 0 0 0 0 0 0 0 0 0 0 0 0 0 0 0 0 0 0 0 0 0 0 0 0 0 0 0 0 0 0 0 0 0
0 0 0 0 0 0 0 0 0 0 0 0 0 0 0 0 0 0 0 0 0 0 0 0 0 0 0 0 0 0 0 0 0 0 0 0
##$SHL_EXPANDCF11= (0..143)
0 0 0 0 0 0 0 0 0 0 0 0 0 0 0 0 0 0 0 0 0 0 0 0 0 0 0 0 0 0 0 0 0 0 0 0
0 0 0 0 0 0 0 0 0 0 0 0 0 0 0 0 0 0 0 0 0 0 0 0 0 0 0 0 0 0 0 0 0 0 0 0
0 0 0 0 0 0 0 0 0 0 0 0 0 0 0 0 0 0 0 0 0 0 0 0 0 0 0 0 0 0 0 0 0 0 0 0
0 0 0 0 0 0 0 0 0 0 0 0 0 0 0 0 0 0 0 0 0 0 0 0 0 0 0 0 0 0 0 0 0 0 0 0
##$SHL_EXPANDCF12= (0..143)
0 0 0 0 0 0 0 0 0 0 0 0 0 0 0 0 0 0 0 0 0 0 0 0 0 0 0 0 0 0 0 0 0 0 0 0
0 0 0 0 0 0 0 0 0 0 0 0 0 0 0 0 0 0 0 0 0 0 0 0 0 0 0 0 0 0 0 0 0 0 0 0
0 0 0 0 0 0 0 0 0 0 0 0 0 0 0 0 0 0 0 0 0 0 0 0 0 0 0 0 0 0 0 0 0 0 0 0
0 0 0 0 0 0 0 0 0 0 0 0 0 0 0 0 0 0 0 0 0 0 0 0 0 0 0 0 0 0 0 0 0 0 0 0
##$SHL_EXPANDCF13= (0..143)
0 0 0 0 0 0 0 0 0 0 0 0 0 0 0 0 0 0 0 0 0 0 0 0 0 0 0 0 0 0 0 0 0 0 0 0
0 0 0 0 0 0 0 0 0 0 0 0 0 0 0 0 0 0 0 0 0 0 0 0 0 0 0 0 0 0 0 0 0 0 0 0
0 0 0 0 0 0 0 0 0 0 0 0 0 0 0 0 0 0 0 0 0 0 0 0 0 0 0 0 0 0 0 0 0 0 0 0
0 0 0 0 0 0 0 0 0 0 0 0 0 0 0 0 0 0 0 0 0 0 0 0 0 0 0 0 0 0 0 0 0 0 0 0
##$SHL_EXPANDCF14= (0..143)
0 0 0 0 0 0 0 0 0 0 0 0 0 0 0 0 0 0 0 0 0 0 0 0 0 0 0 0 0 0 0 0 0 0 0 0
0 0 0 0 0 0 0 0 0 0 0 0 0 0 0 0 0 0 0 0 0 0 0 0 0 0 0 0 0 0 0 0 0 0 0 0
0 0 0 0 0 0 0 0 0 0 0 0 0 0 0 0 0 0 0 0 0 0 0 0 0 0 0 0 0 0 0 0 0 0 0 0
0 0 0 0 0 0 0 0 0 0 0 0 0 0 0 0 0 0 0 0 0 0 0 0 0 0 0 0 0 0 0 0 0 0 0 0
##$SHL_EXPANDCF15= (0..143)
0 0 0 0 0 0 0 0 0 0 0 0 0 0 0 0 0 0 0 0 0 0 0 0 0 0 0 0 0 0 0 0 0 0 0 0
0 0 0 0 0 0 0 0 0 0 0 0 0 0 0 0 0 0 0 0 0 0 0 0 0 0 0 0 0 0 0 0 0 0 0 0
0 0 0 0 0 0 0 0 0 0 0 0 0 0 0 0 0 0 0 0 0 0 0 0 0 0 0 0 0 0 0 0 0 0 0 0
0 0 0 0 0 0 0 0 0 0 0 0 0 0 0 0 0 0 0 0 0 0 0 0 0 0 0 0 0 0 0 0 0 0 0 0
##$SHL_EXPANDCF2= (0..143)
0 0 0 0 0 0 0 0 0 0 0 0 0 0 0 0 0 0 0 0 0 0 0 0 0 0 0 0 0 0 0 0 0 0 0 0
0 0 0 0 0 0 0 0 0 0 0 0 0 0 0 0 0 0 0 0 0 0 0 0 0 0 0 0 0 0 0 0 0 0 0 0
0 0 0 0 0 0 0 0 0 0 0 0 0 0 0 0 0 0 0 0 0 0 0 0 0 0 0 0 0 0 0 0 0 0 0 0
0 0 0 0 0 0 0 0 0 0 0 0 0 0 0 0 0 0 0 0 0 0 0 0 0 0 0 0 0 0 0 0 0 0 0 0
##$SHL_EXPANDCF3= (0..143)
0 0 0 0 0 0 0 0 0 0 0 0 0 0 0 0 0 0 0 0 0 0 0 0 0 0 0 0 0 0 0 0 0 0 0 0
0 0 0 0 0 0 0 0 0 0 0 0 0 0 0 0 0 0 0 0 0 0 0 0 0 0 0 0 0 0 0 0 0 0 0 0
0 0 0 0 0 0 0 0 0 0 0 0 0 0 0 0 0 0 0 0 0 0 0 0 0 0 0 0 0 0 0 0 0 0 0 0
0 0 0 0 0 0 0 0 0 0 0 0 0 0 0 0 0 0 0 0 0 0 0 0 0 0 0 0 0 0 0 0 0 0 0 0
##$SHL_EXPANDCF4= (0..143)
0 0 0 0 0 0 0 0 0 0 0 0 0 0 0 0 0 0 0 0 0 0 0 0 0 0 0 0 0 0 0 0 0 0 0 0
0 0 0 0 0 0 0 0 0 0 0 0 0 0 0 0 0 0 0 0 0 0 0 0 0 0 0 0 0 0 0 0 0 0 0 0
0 0 0 0 0 0 0 0 0 0 0 0 0 0 0 0 0 0 0 0 0 0 0 0 0 0 0 0 0 0 0 0 0 0 0 0
0 0 0 0 0 0 0 0 0 0 0 0 0 0 0 0 0 0 0 0 0 0 0 0 0 0 0 0 0 0 0 0 0 0 0 0
##$SHL_EXPANDCF5= (0..143)
0 0 0 0 0 0 0 0 0 0 0 0 0 0 0 0 0 0 0 0 0 0 0 0 0 0 0 0 0 0 0 0 0 0 0 0
0 0 0 0 0 0 0 0 0 0 0 0 0 0 0 0 0 0 0 0 0 0 0 0 0 0 0 0 0 0 0 0 0 0 0 0
0 0 0 0 0 0 0 0 0 0 0 0 0 0 0 0 0 0 0 0 0 0 0 0 0 0 0 0 0 0 0 0 0 0 0 0
0 0 0 0 0 0 0 0 0 0 0 0 0 0 0 0 0 0 0 0 0 0 0 0 0 0 0 0 0 0 0 0 0 0 0 0
##$SHL_EXPANDCF6= (0..143)
0 0 0 0 0 0 0 0 0 0 0 0 0 0 0 0 0 0 0 0 0 0 0 0 0 0 0 0 0 0 0 0 0 0 0 0
0 0 0 0 0 0 0 0 0 0 0 0 0 0 0 0 0 0 0 0 0 0 0 0 0 0 0 0 0 0 0 0 0 0 0 0
0 0 0 0 0 0 0 0 0 0 0 0 0 0 0 0 0 0 0 0 0 0 0 0 0 0 0 0 0 0 0 0 0 0 0 0
0 0 0 0 0 0 0 0 0 0 0 0 0 0 0 0 0 0 0 0 0 0 0 0 0 0 0 0 0 0 0 0 0 0 0 0
##$SHL_EXPANDCF7= (0..143)
0 0 0 0 0 0 0 0 0 0 0 0 0 0 0 0 0 0 0 0 0 0 0 0 0 0 0 0 0 0 0 0 0 0 0 0
0 0 0 0 0 0 0 0 0 0 0 0 0 0 0 0 0 0 0 0 0 0 0 0 0 0 0 0 0 0 0 0 0 0 0 0
0 0 0 0 0 0 0 0 0 0 0 0 0 0 0 0 0 0 0 0 0 0 0 0 0 0 0 0 0 0 0 0 0 0 0 0
0 0 0 0 0 0 0 0 0 0 0 0 0 0 0 0 0 0 0 0 0 0 0 0 0 0 0 0 0 0 0 0 0 0 0 0
##$SHL_EXPANDCF8= (0..143)
0 0 0 0 0 0 0 0 0 0 0 0 0 0 0 0 0 0 0 0 0 0 0 0 0 0 0 0 0 0 0 0 0 0 0 0
0 0 0 0 0 0 0 0 0 0 0 0 0 0 0 0 0 0 0 0 0 0 0 0 0 0 0 0 0 0 0 0 0 0 0 0
0 0 0 0 0 0 0 0 0 0 0 0 0 0 0 0 0 0 0 0 0 0 0 0 0 0 0 0 0 0 0 0 0 0 0 0
0 0 0 0 0 0 0 0 0 0 0 0 0 0 0 0 0 0 0 0 0 0 0 0 0 0 0 0 0 0 0 0 0 0 0 0
##$SHL_EXPANDCF9= (0..143)
0 0 0 0 0 0 0 0 0 0 0 0 0 0 0 0 0 0 0 0 0 0 0 0 0 0 0 0 0 0 0 0 0 0 0 0
0 0 0 0 0 0 0 0 0 0 0 0 0 0 0 0 0 0 0 0 0 0 0 0 0 0 0 0 0 0 0 0 0 0 0 0
0 0 0 0 0 0 0 0 0 0 0 0 0 0 0 0 0 0 0 0 0 0 0 0 0 0 0 0 0 0 0 0 0 0 0 0
0 0 0 0 0 0 0 0 0 0 0 0 0 0 0 0 0 0 0 0 0 0 0 0 0 0 0 0 0 0 0 0 0 0 0 0
##$SHL_EXPFAC= (0..15)
0 0 0 0 0 0 0 0 0 0 0 0 0 0 0 0
##$SHL_FRACEND= (0..15)
0 0 0 0 0 0 0 0 0 0 0 0 0 0 0 0
##$SHL_FRACORG= (0..15)
0 0 0 0 0 0 0 0 0 0 0 0 0 0 0 0
##$SHL_FRACSTART= (0..15)
0 0 0 0 0 0 0 0 0 0 0 0 0 0 0 0
##$SHL_FULLHALF= (0..15)
0 0 0 0 0 0 0 0 0 0 0 0 0 0 0 0
##$SHL_FUNCAMP= (0..15)
100 0 0 0 0 0 0 0 0 0 0 0 0 0 0 0
##$SHL_FUNCTION= (0..15)
<Rectangle> <> <> <> <> <> <> <> <> <> <> <> <> <> <> <>
##$SHL_GCO= (0..15)
<> <> <> <> <> <> <> <> <> <> <> <> <> <> <> <>
##$SHL_GCOCOEFFS0= (0..59)
0 0 0 0 0 0 0 0 0 0 0 0 0 0 0 0 0 0 0 0 0 0 0 0 0 0 0 0 0 0 0 0 0 0 0 0
0 0 0 0 0 0 0 0 0 0 0 0 0 0 0 0 0 0 0 0 0 0 0 0
##$SHL_GCOCOEFFS1= (0..59)
0 0 0 0 0 0 0 0 0 0 0 0 0 0 0 0 0 0 0 0 0 0 0 0 0 0 0 0 0 0 0 0 0 0 0 0
0 0 0 0 0 0 0 0 0 0 0 0 0 0 0 0 0 0 0 0 0 0 0 0
##$SHL_GCOCOEFFS10= (0..59)
0 0 0 0 0 0 0 0 0 0 0 0 0 0 0 0 0 0 0 0 0 0 0 0 0 0 0 0 0 0 0 0 0 0 0 0
0 0 0 0 0 0 0 0 0 0 0 0 0 0 0 0 0 0 0 0 0 0 0 0
##$SHL_GCOCOEFFS11= (0..59)
0 0 0 0 0 0 0 0 0 0 0 0 0 0 0 0 0 0 0 0 0 0 0 0 0 0 0 0 0 0 0 0 0 0 0 0
0 0 0 0 0 0 0 0 0 0 0 0 0 0 0 0 0 0 0 0 0 0 0 0
##$SHL_GCOCOEFFS12= (0..59)
0 0 0 0 0 0 0 0 0 0 0 0 0 0 0 0 0 0 0 0 0 0 0 0 0 0 0 0 0 0 0 0 0 0 0 0
0 0 0 0 0 0 0 0 0 0 0 0 0 0 0 0 0 0 0 0 0 0 0 0
##$SHL_GCOCOEFFS13= (0..59)
0 0 0 0 0 0 0 0 0 0 0 0 0 0 0 0 0 0 0 0 0 0 0 0 0 0 0 0 0 0 0 0 0 0 0 0
0 0 0 0 0 0 0 0 0 0 0 0 0 0 0 0 0 0 0 0 0 0 0 0
##$SHL_GCOCOEFFS14= (0..59)
0 0 0 0 0 0 0 0 0 0 0 0 0 0 0 0 0 0 0 0 0 0 0 0 0 0 0 0 0 0 0 0 0 0 0 0
0 0 0 0 0 0 0 0 0 0 0 0 0 0 0 0 0 0 0 0 0 0 0 0
##$SHL_GCOCOEFFS15= (0..59)
0 0 0 0 0 0 0 0 0 0 0 0 0 0 0 0 0 0 0 0 0 0 0 0 0 0 0 0 0 0 0 0 0 0 0 0
0 0 0 0 0 0 0 0 0 0 0 0 0 0 0 0 0 0 0 0 0 0 0 0
##$SHL_GCOCOEFFS2= (0..59)
0 0 0 0 0 0 0 0 0 0 0 0 0 0 0 0 0 0 0 0 0 0 0 0 0 0 0 0 0 0 0 0 0 0 0 0
0 0 0 0 0 0 0 0 0 0 0 0 0 0 0 0 0 0 0 0 0 0 0 0
##$SHL_GCOCOEFFS3= (0..59)
0 0 0 0 0 0 0 0 0 0 0 0 0 0 0 0 0 0 0 0 0 0 0 0 0 0 0 0 0 0 0 0 0 0 0 0
0 0 0 0 0 0 0 0 0 0 0 0 0 0 0 0 0 0 0 0 0 0 0 0
##$SHL_GCOCOEFFS4= (0..59)
0 0 0 0 0 0 0 0 0 0 0 0 0 0 0 0 0 0 0 0 0 0 0 0 0 0 0 0 0 0 0 0 0 0 0 0
0 0 0 0 0 0 0 0 0 0 0 0 0 0 0 0 0 0 0 0 0 0 0 0
##$SHL_GCOCOEFFS5= (0..59)
0 0 0 0 0 0 0 0 0 0 0 0 0 0 0 0 0 0 0 0 0 0 0 0 0 0 0 0 0 0 0 0 0 0 0 0
0 0 0 0 0 0 0 0 0 0 0 0 0 0 0 0 0 0 0 0 0 0 0 0
##$SHL_GCOCOEFFS6= (0..59)
0 0 0 0 0 0 0 0 0 0 0 0 0 0 0 0 0 0 0 0 0 0 0 0 0 0 0 0 0 0 0 0 0 0 0 0
0 0 0 0 0 0 0 0 0 0 0 0 0 0 0 0 0 0 0 0 0 0 0 0
##$SHL_GCOCOEFFS7= (0..59)
0 0 0 0 0 0 0 0 0 0 0 0 0 0 0 0 0 0 0 0 0 0 0 0 0 0 0 0 0 0 0 0 0 0 0 0
0 0 0 0 0 0 0 0 0 0 0 0 0 0 0 0 0 0 0 0 0 0 0 0
##$SHL_GCOCOEFFS8= (0..59)
0 0 0 0 0 0 0 0 0 0 0 0 0 0 0 0 0 0 0 0 0 0 0 0 0 0 0 0 0 0 0 0 0 0 0 0
0 0 0 0 0 0 0 0 0 0 0 0 0 0 0 0 0 0 0 0 0 0 0 0
##$SHL_GCOCOEFFS9= (0..59)
0 0 0 0 0 0 0 0 0 0 0 0 0 0 0 0 0 0 0 0 0 0 0 0 0 0 0 0 0 0 0 0 0 0 0 0
0 0 0 0 0 0 0 0 0 0 0 0 0 0 0 0 0 0 0 0 0 0 0 0
##$SHL_INTEGFAC= (0..15)
1 0 0 0 0 0 0 0 0 0 0 0 0 0 0 0
##$SHL_LB= (0..15)
0 0 0 0 0 0 0 0 0 0 0 0 0 0 0 0
##$SHL_LEFTLIMIT= (0..15)
0 0 0 0 0 0 0 0 0 0 0 0 0 0 0 0
##$SHL_LENGTH= (0..15)
25000.000373 0 0 0 0 0 0 0 0 0 0 0 0 0 0 0
##$SHL_MAN= (0..15)
<> <> <> <> <> <> <> <> <> <> <> <> <> <> <> <>
##$SHL_MEANAMP= (0..15)
0 0 0 0 0 0 0 0 0 0 0 0 0 0 0 0
##$SHL_MODAMP= (0..15)
0 0 0 0 0 0 0 0 0 0 0 0 0 0 0 0
##$SHL_MODE= (0..15)
0 0 0 0 0 0 0 0 0 0 0 0 0 0 0 0
##$SHL_MODFREQ= (0..15)
0 0 0 0 0 0 0 0 0 0 0 0 0 0 0 0
##$SHL_MODPHASE= (0..15)
0 0 0 0 0 0 0 0 0 0 0 0 0 0 0 0
##$SHL_MODSCALE= (0..15)
0 0 0 0 0 0 0 0 0 0 0 0 0 0 0 0
##$SHL_MODSW= (0..15)
0 0 0 0 0 0 0 0 0 0 0 0 0 0 0 0
##$SHL_MODSWDIR= (0..15)
-1 -1 -1 -1 -1 -1 -1 -1 -1 -1 -1 -1 -1 -1 -1 -1
##$SHL_MU= (0..15)
0 0 0 0 0 0 0 0 0 0 0 0 0 0 0 0
##$SHL_NPOINTS= (0..15)
1250 0 0 0 0 0 0 0 0 0 0 0 0 0 0 0
##$SHL_OFFS= (0..15)
<> <> <> <> <> <> <> <> <> <> <> <> <> <> <> <>
##$SHL_OFFSCOEFF0= (0..95)
0 0 0 0 0 0 0 0 0 0 0 0 0 0 0 0 0 0 0 0 0 0 0 0 0 0 0 0 0 0 0 0 0 0 0 0
0 0 0 0 0 0 0 0 0 0 0 0 0 0 0 0 0 0 0 0 0 0 0 0 0 0 0 0 0 0 0 0 0 0 0 0
0 0 0 0 0 0 0 0 0 0 0 0 0 0 0 0 0 0 0 0 0 0 0 0
##$SHL_OFFSCOEFF1= (0..95)
0 0 0 0 0 0 0 0 0 0 0 0 0 0 0 0 0 0 0 0 0 0 0 0 0 0 0 0 0 0 0 0 0 0 0 0
0 0 0 0 0 0 0 0 0 0 0 0 0 0 0 0 0 0 0 0 0 0 0 0 0 0 0 0 0 0 0 0 0 0 0 0
0 0 0 0 0 0 0 0 0 0 0 0 0 0 0 0 0 0 0 0 0 0 0 0
##$SHL_OFFSCOEFF10= (0..95)
0 0 0 0 0 0 0 0 0 0 0 0 0 0 0 0 0 0 0 0 0 0 0 0 0 0 0 0 0 0 0 0 0 0 0 0
0 0 0 0 0 0 0 0 0 0 0 0 0 0 0 0 0 0 0 0 0 0 0 0 0 0 0 0 0 0 0 0 0 0 0 0
0 0 0 0 0 0 0 0 0 0 0 0 0 0 0 0 0 0 0 0 0 0 0 0
##$SHL_OFFSCOEFF11= (0..95)
0 0 0 0 0 0 0 0 0 0 0 0 0 0 0 0 0 0 0 0 0 0 0 0 0 0 0 0 0 0 0 0 0 0 0 0
0 0 0 0 0 0 0 0 0 0 0 0 0 0 0 0 0 0 0 0 0 0 0 0 0 0 0 0 0 0 0 0 0 0 0 0
0 0 0 0 0 0 0 0 0 0 0 0 0 0 0 0 0 0 0 0 0 0 0 0
##$SHL_OFFSCOEFF12= (0..95)
0 0 0 0 0 0 0 0 0 0 0 0 0 0 0 0 0 0 0 0 0 0 0 0 0 0 0 0 0 0 0 0 0 0 0 0
0 0 0 0 0 0 0 0 0 0 0 0 0 0 0 0 0 0 0 0 0 0 0 0 0 0 0 0 0 0 0 0 0 0 0 0
0 0 0 0 0 0 0 0 0 0 0 0 0 0 0 0 0 0 0 0 0 0 0 0
##$SHL_OFFSCOEFF13= (0..95)
0 0 0 0 0 0 0 0 0 0 0 0 0 0 0 0 0 0 0 0 0 0 0 0 0 0 0 0 0 0 0 0 0 0 0 0
0 0 0 0 0 0 0 0 0 0 0 0 0 0 0 0 0 0 0 0 0 0 0 0 0 0 0 0 0 0 0 0 0 0 0 0
0 0 0 0 0 0 0 0 0 0 0 0 0 0 0 0 0 0 0 0 0 0 0 0
##$SHL_OFFSCOEFF14= (0..95)
0 0 0 0 0 0 0 0 0 0 0 0 0 0 0 0 0 0 0 0 0 0 0 0 0 0 0 0 0 0 0 0 0 0 0 0
0 0 0 0 0 0 0 0 0 0 0 0 0 0 0 0 0 0 0 0 0 0 0 0 0 0 0 0 0 0 0 0 0 0 0 0
0 0 0 0 0 0 0 0 0 0 0 0 0 0 0 0 0 0 0 0 0 0 0 0
##$SHL_OFFSCOEFF15= (0..95)
0 0 0 0 0 0 0 0 0 0 0 0 0 0 0 0 0 0 0 0 0 0 0 0 0 0 0 0 0 0 0 0 0 0 0 0
0 0 0 0 0 0 0 0 0 0 0 0 0 0 0 0 0 0 0 0 0 0 0 0 0 0 0 0 0 0 0 0 0 0 0 0
0 0 0 0 0 0 0 0 0 0 0 0 0 0 0 0 0 0 0 0 0 0 0 0
##$SHL_OFFSCOEFF2= (0..95)
0 0 0 0 0 0 0 0 0 0 0 0 0 0 0 0 0 0 0 0 0 0 0 0 0 0 0 0 0 0 0 0 0 0 0 0
0 0 0 0 0 0 0 0 0 0 0 0 0 0 0 0 0 0 0 0 0 0 0 0 0 0 0 0 0 0 0 0 0 0 0 0
0 0 0 0 0 0 0 0 0 0 0 0 0 0 0 0 0 0 0 0 0 0 0 0
##$SHL_OFFSCOEFF3= (0..95)
0 0 0 0 0 0 0 0 0 0 0 0 0 0 0 0 0 0 0 0 0 0 0 0 0 0 0 0 0 0 0 0 0 0 0 0
0 0 0 0 0 0 0 0 0 0 0 0 0 0 0 0 0 0 0 0 0 0 0 0 0 0 0 0 0 0 0 0 0 0 0 0
0 0 0 0 0 0 0 0 0 0 0 0 0 0 0 0 0 0 0 0 0 0 0 0
##$SHL_OFFSCOEFF4= (0..95)
0 0 0 0 0 0 0 0 0 0 0 0 0 0 0 0 0 0 0 0 0 0 0 0 0 0 0 0 0 0 0 0 0 0 0 0
0 0 0 0 0 0 0 0 0 0 0 0 0 0 0 0 0 0 0 0 0 0 0 0 0 0 0 0 0 0 0 0 0 0 0 0
0 0 0 0 0 0 0 0 0 0 0 0 0 0 0 0 0 0 0 0 0 0 0 0
##$SHL_OFFSCOEFF5= (0..95)
0 0 0 0 0 0 0 0 0 0 0 0 0 0 0 0 0 0 0 0 0 0 0 0 0 0 0 0 0 0 0 0 0 0 0 0
0 0 0 0 0 0 0 0 0 0 0 0 0 0 0 0 0 0 0 0 0 0 0 0 0 0 0 0 0 0 0 0 0 0 0 0
0 0 0 0 0 0 0 0 0 0 0 0 0 0 0 0 0 0 0 0 0 0 0 0
##$SHL_OFFSCOEFF6= (0..95)
0 0 0 0 0 0 0 0 0 0 0 0 0 0 0 0 0 0 0 0 0 0 0 0 0 0 0 0 0 0 0 0 0 0 0 0
0 0 0 0 0 0 0 0 0 0 0 0 0 0 0 0 0 0 0 0 0 0 0 0 0 0 0 0 0 0 0 0 0 0 0 0
0 0 0 0 0 0 0 0 0 0 0 0 0 0 0 0 0 0 0 0 0 0 0 0
##$SHL_OFFSCOEFF7= (0..95)
0 0 0 0 0 0 0 0 0 0 0 0 0 0 0 0 0 0 0 0 0 0 0 0 0 0 0 0 0 0 0 0 0 0 0 0
0 0 0 0 0 0 0 0 0 0 0 0 0 0 0 0 0 0 0 0 0 0 0 0 0 0 0 0 0 0 0 0 0 0 0 0
0 0 0 0 0 0 0 0 0 0 0 0 0 0 0 0 0 0 0 0 0 0 0 0
##$SHL_OFFSCOEFF8= (0..95)
0 0 0 0 0 0 0 0 0 0 0 0 0 0 0 0 0 0 0 0 0 0 0 0 0 0 0 0 0 0 0 0 0 0 0 0
0 0 0 0 0 0 0 0 0 0 0 0 0 0 0 0 0 0 0 0 0 0 0 0 0 0 0 0 0 0 0 0 0 0 0 0
0 0 0 0 0 0 0 0 0 0 0 0 0 0 0 0 0 0 0 0 0 0 0 0
##$SHL_OFFSCOEFF9= (0..95)
0 0 0 0 0 0 0 0 0 0 0 0 0 0 0 0 0 0 0 0 0 0 0 0 0 0 0 0 0 0 0 0 0 0 0 0
0 0 0 0 0 0 0 0 0 0 0 0 0 0 0 0 0 0 0 0 0 0 0 0 0 0 0 0 0 0 0 0 0 0 0 0
0 0 0 0 0 0 0 0 0 0 0 0 0 0 0 0 0 0 0 0 0 0 0 0
##$SHL_PHASE= (0..15)
0 0 0 0 0 0 0 0 0 0 0 0 0 0 0 0
##$SHL_PHASEFAC= (0..15)
0 0 0 0 0 0 0 0 0 0 0 0 0 0 0 0
##$SHL_POWERINDEX= (0..15)
0 0 0 0 0 0 0 0 0 0 0 0 0 0 0 0
##$SHL_QUADCOEFF= (0..15)
0 0 0 0 0 0 0 0 0 0 0 0 0 0 0 0
##$SHL_RIGHTLIMIT= (0..15)
0 0 0 0 0 0 0 0 0 0 0 0 0 0 0 0
##$SHL_SCALEFACTOR= (0..15)
1 1 1 1 1 1 1 1 1 1 1 1 1 1 1 1
##$SHL_SF= (0..15)
<> <> <> <> <> <> <> <> <> <> <> <> <> <> <> <>
##$SHL_SFCOEFFS0= (0..200)
0 0 0 0 0 0 0 0 0 0 0 0 0 0 0 0 0 0 0 0 0 0 0 0 0 0 0 0 0 0 0 0 0 0 0 0
0 0 0 0 0 0 0 0 0 0 0 0 0 0 0 0 0 0 0 0 0 0 0 0 0 0 0 0 0 0 0 0 0 0 0 0
0 0 0 0 0 0 0 0 0 0 0 0 0 0 0 0 0 0 0 0 0 0 0 0 0 0 0 0 0 0 0 0 0 0 0 0
0 0 0 0 0 0 0 0 0 0 0 0 0 0 0 0 0 0 0 0 0 0 0 0 0 0 0 0 0 0 0 0 0 0 0 0
0 0 0 0 0 0 0 0 0 0 0 0 0 0 0 0 0 0 0 0 0 0 0 0 0 0 0 0 0 0 0 0 0 0 0 0
0 0 0 0 0 0 0 0 0 0 0 0 0 0 0 0 0 0 0 0 0
##$SHL_SFCOEFFS1= (0..200)
0 0 0 0 0 0 0 0 0 0 0 0 0 0 0 0 0 0 0 0 0 0 0 0 0 0 0 0 0 0 0 0 0 0 0 0
0 0 0 0 0 0 0 0 0 0 0 0 0 0 0 0 0 0 0 0 0 0 0 0 0 0 0 0 0 0 0 0 0 0 0 0
0 0 0 0 0 0 0 0 0 0 0 0 0 0 0 0 0 0 0 0 0 0 0 0 0 0 0 0 0 0 0 0 0 0 0 0
0 0 0 0 0 0 0 0 0 0 0 0 0 0 0 0 0 0 0 0 0 0 0 0 0 0 0 0 0 0 0 0 0 0 0 0
0 0 0 0 0 0 0 0 0 0 0 0 0 0 0 0 0 0 0 0 0 0 0 0 0 0 0 0 0 0 0 0 0 0 0 0
0 0 0 0 0 0 0 0 0 0 0 0 0 0 0 0 0 0 0 0 0
##$SHL_SFCOEFFS10= (0..200)
0 0 0 0 0 0 0 0 0 0 0 0 0 0 0 0 0 0 0 0 0 0 0 0 0 0 0 0 0 0 0 0 0 0 0 0
0 0 0 0 0 0 0 0 0 0 0 0 0 0 0 0 0 0 0 0 0 0 0 0 0 0 0 0 0 0 0 0 0 0 0 0
0 0 0 0 0 0 0 0 0 0 0 0 0 0 0 0 0 0 0 0 0 0 0 0 0 0 0 0 0 0 0 0 0 0 0 0
0 0 0 0 0 0 0 0 0 0 0 0 0 0 0 0 0 0 0 0 0 0 0 0 0 0 0 0 0 0 0 0 0 0 0 0
0 0 0 0 0 0 0 0 0 0 0 0 0 0 0 0 0 0 0 0 0 0 0 0 0 0 0 0 0 0 0 0 0 0 0 0
0 0 0 0 0 0 0 0 0 0 0 0 0 0 0 0 0 0 0 0 0
##$SHL_SFCOEFFS11= (0..200)
0 0 0 0 0 0 0 0 0 0 0 0 0 0 0 0 0 0 0 0 0 0 0 0 0 0 0 0 0 0 0 0 0 0 0 0
0 0 0 0 0 0 0 0 0 0 0 0 0 0 0 0 0 0 0 0 0 0 0 0 0 0 0 0 0 0 0 0 0 0 0 0
0 0 0 0 0 0 0 0 0 0 0 0 0 0 0 0 0 0 0 0 0 0 0 0 0 0 0 0 0 0 0 0 0 0 0 0
0 0 0 0 0 0 0 0 0 0 0 0 0 0 0 0 0 0 0 0 0 0 0 0 0 0 0 0 0 0 0 0 0 0 0 0
0 0 0 0 0 0 0 0 0 0 0 0 0 0 0 0 0 0 0 0 0 0 0 0 0 0 0 0 0 0 0 0 0 0 0 0
0 0 0 0 0 0 0 0 0 0 0 0 0 0 0 0 0 0 0 0 0
##$SHL_SFCOEFFS12= (0..200)
0 0 0 0 0 0 0 0 0 0 0 0 0 0 0 0 0 0 0 0 0 0 0 0 0 0 0 0 0 0 0 0 0 0 0 0
0 0 0 0 0 0 0 0 0 0 0 0 0 0 0 0 0 0 0 0 0 0 0 0 0 0 0 0 0 0 0 0 0 0 0 0
0 0 0 0 0 0 0 0 0 0 0 0 0 0 0 0 0 0 0 0 0 0 0 0 0 0 0 0 0 0 0 0 0 0 0 0
0 0 0 0 0 0 0 0 0 0 0 0 0 0 0 0 0 0 0 0 0 0 0 0 0 0 0 0 0 0 0 0 0 0 0 0
0 0 0 0 0 0 0 0 0 0 0 0 0 0 0 0 0 0 0 0 0 0 0 0 0 0 0 0 0 0 0 0 0 0 0 0
0 0 0 0 0 0 0 0 0 0 0 0 0 0 0 0 0 0 0 0 0
##$SHL_SFCOEFFS13= (0..200)
0 0 0 0 0 0 0 0 0 0 0 0 0 0 0 0 0 0 0 0 0 0 0 0 0 0 0 0 0 0 0 0 0 0 0 0
0 0 0 0 0 0 0 0 0 0 0 0 0 0 0 0 0 0 0 0 0 0 0 0 0 0 0 0 0 0 0 0 0 0 0 0
0 0 0 0 0 0 0 0 0 0 0 0 0 0 0 0 0 0 0 0 0 0 0 0 0 0 0 0 0 0 0 0 0 0 0 0
0 0 0 0 0 0 0 0 0 0 0 0 0 0 0 0 0 0 0 0 0 0 0 0 0 0 0 0 0 0 0 0 0 0 0 0
0 0 0 0 0 0 0 0 0 0 0 0 0 0 0 0 0 0 0 0 0 0 0 0 0 0 0 0 0 0 0 0 0 0 0 0
0 0 0 0 0 0 0 0 0 0 0 0 0 0 0 0 0 0 0 0 0
##$SHL_SFCOEFFS14= (0..200)
0 0 0 0 0 0 0 0 0 0 0 0 0 0 0 0 0 0 0 0 0 0 0 0 0 0 0 0 0 0 0 0 0 0 0 0
0 0 0 0 0 0 0 0 0 0 0 0 0 0 0 0 0 0 0 0 0 0 0 0 0 0 0 0 0 0 0 0 0 0 0 0
0 0 0 0 0 0 0 0 0 0 0 0 0 0 0 0 0 0 0 0 0 0 0 0 0 0 0 0 0 0 0 0 0 0 0 0
0 0 0 0 0 0 0 0 0 0 0 0 0 0 0 0 0 0 0 0 0 0 0 0 0 0 0 0 0 0 0 0 0 0 0 0
0 0 0 0 0 0 0 0 0 0 0 0 0 0 0 0 0 0 0 0 0 0 0 0 0 0 0 0 0 0 0 0 0 0 0 0
0 0 0 0 0 0 0 0 0 0 0 0 0 0 0 0 0 0 0 0 0
##$SHL_SFCOEFFS15= (0..200)
0 0 0 0 0 0 0 0 0 0 0 0 0 0 0 0 0 0 0 0 0 0 0 0 0 0 0 0 0 0 0 0 0 0 0 0
0 0 0 0 0 0 0 0 0 0 0 0 0 0 0 0 0 0 0 0 0 0 0 0 0 0 0 0 0 0 0 0 0 0 0 0
0 0 0 0 0 0 0 0 0 0 0 0 0 0 0 0 0 0 0 0 0 0 0 0 0 0 0 0 0 0 0 0 0 0 0 0
0 0 0 0 0 0 0 0 0 0 0 0 0 0 0 0 0 0 0 0 0 0 0 0 0 0 0 0 0 0 0 0 0 0 0 0
0 0 0 0 0 0 0 0 0 0 0 0 0 0 0 0 0 0 0 0 0 0 0 0 0 0 0 0 0 0 0 0 0 0 0 0
0 0 0 0 0 0 0 0 0 0 0 0 0 0 0 0 0 0 0 0 0
##$SHL_SFCOEFFS2= (0..200)
0 0 0 0 0 0 0 0 0 0 0 0 0 0 0 0 0 0 0 0 0 0 0 0 0 0 0 0 0 0 0 0 0 0 0 0
0 0 0 0 0 0 0 0 0 0 0 0 0 0 0 0 0 0 0 0 0 0 0 0 0 0 0 0 0 0 0 0 0 0 0 0
0 0 0 0 0 0 0 0 0 0 0 0 0 0 0 0 0 0 0 0 0 0 0 0 0 0 0 0 0 0 0 0 0 0 0 0
0 0 0 0 0 0 0 0 0 0 0 0 0 0 0 0 0 0 0 0 0 0 0 0 0 0 0 0 0 0 0 0 0 0 0 0
0 0 0 0 0 0 0 0 0 0 0 0 0 0 0 0 0 0 0 0 0 0 0 0 0 0 0 0 0 0 0 0 0 0 0 0
0 0 0 0 0 0 0 0 0 0 0 0 0 0 0 0 0 0 0 0 0
##$SHL_SFCOEFFS3= (0..200)
0 0 0 0 0 0 0 0 0 0 0 0 0 0 0 0 0 0 0 0 0 0 0 0 0 0 0 0 0 0 0 0 0 0 0 0
0 0 0 0 0 0 0 0 0 0 0 0 0 0 0 0 0 0 0 0 0 0 0 0 0 0 0 0 0 0 0 0 0 0 0 0
0 0 0 0 0 0 0 0 0 0 0 0 0 0 0 0 0 0 0 0 0 0 0 0 0 0 0 0 0 0 0 0 0 0 0 0
0 0 0 0 0 0 0 0 0 0 0 0 0 0 0 0 0 0 0 0 0 0 0 0 0 0 0 0 0 0 0 0 0 0 0 0
0 0 0 0 0 0 0 0 0 0 0 0 0 0 0 0 0 0 0 0 0 0 0 0 0 0 0 0 0 0 0 0 0 0 0 0
0 0 0 0 0 0 0 0 0 0 0 0 0 0 0 0 0 0 0 0 0
##$SHL_SFCOEFFS4= (0..200)
0 0 0 0 0 0 0 0 0 0 0 0 0 0 0 0 0 0 0 0 0 0 0 0 0 0 0 0 0 0 0 0 0 0 0 0
0 0 0 0 0 0 0 0 0 0 0 0 0 0 0 0 0 0 0 0 0 0 0 0 0 0 0 0 0 0 0 0 0 0 0 0
0 0 0 0 0 0 0 0 0 0 0 0 0 0 0 0 0 0 0 0 0 0 0 0 0 0 0 0 0 0 0 0 0 0 0 0
0 0 0 0 0 0 0 0 0 0 0 0 0 0 0 0 0 0 0 0 0 0 0 0 0 0 0 0 0 0 0 0 0 0 0 0
0 0 0 0 0 0 0 0 0 0 0 0 0 0 0 0 0 0 0 0 0 0 0 0 0 0 0 0 0 0 0 0 0 0 0 0
0 0 0 0 0 0 0 0 0 0 0 0 0 0 0 0 0 0 0 0 0
##$SHL_SFCOEFFS5= (0..200)
0 0 0 0 0 0 0 0 0 0 0 0 0 0 0 0 0 0 0 0 0 0 0 0 0 0 0 0 0 0 0 0 0 0 0 0
0 0 0 0 0 0 0 0 0 0 0 0 0 0 0 0 0 0 0 0 0 0 0 0 0 0 0 0 0 0 0 0 0 0 0 0
0 0 0 0 0 0 0 0 0 0 0 0 0 0 0 0 0 0 0 0 0 0 0 0 0 0 0 0 0 0 0 0 0 0 0 0
0 0 0 0 0 0 0 0 0 0 0 0 0 0 0 0 0 0 0 0 0 0 0 0 0 0 0 0 0 0 0 0 0 0 0 0
0 0 0 0 0 0 0 0 0 0 0 0 0 0 0 0 0 0 0 0 0 0 0 0 0 0 0 0 0 0 0 0 0 0 0 0
0 0 0 0 0 0 0 0 0 0 0 0 0 0 0 0 0 0 0 0 0
##$SHL_SFCOEFFS6= (0..200)
0 0 0 0 0 0 0 0 0 0 0 0 0 0 0 0 0 0 0 0 0 0 0 0 0 0 0 0 0 0 0 0 0 0 0 0
0 0 0 0 0 0 0 0 0 0 0 0 0 0 0 0 0 0 0 0 0 0 0 0 0 0 0 0 0 0 0 0 0 0 0 0
0 0 0 0 0 0 0 0 0 0 0 0 0 0 0 0 0 0 0 0 0 0 0 0 0 0 0 0 0 0 0 0 0 0 0 0
0 0 0 0 0 0 0 0 0 0 0 0 0 0 0 0 0 0 0 0 0 0 0 0 0 0 0 0 0 0 0 0 0 0 0 0
0 0 0 0 0 0 0 0 0 0 0 0 0 0 0 0 0 0 0 0 0 0 0 0 0 0 0 0 0 0 0 0 0 0 0 0
0 0 0 0 0 0 0 0 0 0 0 0 0 0 0 0 0 0 0 0 0
##$SHL_SFCOEFFS7= (0..200)
0 0 0 0 0 0 0 0 0 0 0 0 0 0 0 0 0 0 0 0 0 0 0 0 0 0 0 0 0 0 0 0 0 0 0 0
0 0 0 0 0 0 0 0 0 0 0 0 0 0 0 0 0 0 0 0 0 0 0 0 0 0 0 0 0 0 0 0 0 0 0 0
0 0 0 0 0 0 0 0 0 0 0 0 0 0 0 0 0 0 0 0 0 0 0 0 0 0 0 0 0 0 0 0 0 0 0 0
0 0 0 0 0 0 0 0 0 0 0 0 0 0 0 0 0 0 0 0 0 0 0 0 0 0 0 0 0 0 0 0 0 0 0 0
0 0 0 0 0 0 0 0 0 0 0 0 0 0 0 0 0 0 0 0 0 0 0 0 0 0 0 0 0 0 0 0 0 0 0 0
0 0 0 0 0 0 0 0 0 0 0 0 0 0 0 0 0 0 0 0 0
##$SHL_SFCOEFFS8= (0..200)
0 0 0 0 0 0 0 0 0 0 0 0 0 0 0 0 0 0 0 0 0 0 0 0 0 0 0 0 0 0 0 0 0 0 0 0
0 0 0 0 0 0 0 0 0 0 0 0 0 0 0 0 0 0 0 0 0 0 0 0 0 0 0 0 0 0 0 0 0 0 0 0
0 0 0 0 0 0 0 0 0 0 0 0 0 0 0 0 0 0 0 0 0 0 0 0 0 0 0 0 0 0 0 0 0 0 0 0
0 0 0 0 0 0 0 0 0 0 0 0 0 0 0 0 0 0 0 0 0 0 0 0 0 0 0 0 0 0 0 0 0 0 0 0
0 0 0 0 0 0 0 0 0 0 0 0 0 0 0 0 0 0 0 0 0 0 0 0 0 0 0 0 0 0 0 0 0 0 0 0
0 0 0 0 0 0 0 0 0 0 0 0 0 0 0 0 0 0 0 0 0
##$SHL_SFCOEFFS9= (0..200)
0 0 0 0 0 0 0 0 0 0 0 0 0 0 0 0 0 0 0 0 0 0 0 0 0 0 0 0 0 0 0 0 0 0 0 0
0 0 0 0 0 0 0 0 0 0 0 0 0 0 0 0 0 0 0 0 0 0 0 0 0 0 0 0 0 0 0 0 0 0 0 0
0 0 0 0 0 0 0 0 0 0 0 0 0 0 0 0 0 0 0 0 0 0 0 0 0 0 0 0 0 0 0 0 0 0 0 0
0 0 0 0 0 0 0 0 0 0 0 0 0 0 0 0 0 0 0 0 0 0 0 0 0 0 0 0 0 0 0 0 0 0 0 0
0 0 0 0 0 0 0 0 0 0 0 0 0 0 0 0 0 0 0 0 0 0 0 0 0 0 0 0 0 0 0 0 0 0 0 0
0 0 0 0 0 0 0 0 0 0 0 0 0 0 0 0 0 0 0 0 0
##$SHL_SMOOTHED= (0..15)
0 0 0 0 0 0 0 0 0 0 0 0 0 0 0 0
##$SHL_SMOOTHING= (0..15)
0 0 0 0 0 0 0 0 0 0 0 0 0 0 0 0
##$SHL_SPOAL= (0..15)
0 0 0 0 0 0 0 0 0 0 0 0 0 0 0 0
##$SHL_SPOFFS= (0..15)
0 0 0 0 0 0 0 0 0 0 0 0 0 0 0 0
##$SHL_SPOPH= (0..15)
0 0 0 0 0 0 0 0 0 0 0 0 0 0 0 0
##$SHL_STARTAMP= (0..15)
0 0 0 0 0 0 0 0 0 0 0 0 0 0 0 0
##$SHL_SW= (0..15)
0 0 0 0 0 0 0 0 0 0 0 0 0 0 0 0
##$SHL_SWDIR= (0..15)
-1 -1 -1 -1 -1 -1 -1 -1 -1 -1 -1 -1 -1 -1 -1 -1
##$SHL_TANKAPPA= (0..15)
0 0 0 0 0 0 0 0 0 0 0 0 0 0 0 0
##$SHL_TOTROT= (0..15)
90 0 0 0 0 0 0 0 0 0 0 0 0 0 0 0
##$SHL_TRUNCLEV= (0..15)
0 0 0 0 0 0 0 0 0 0 0 0 0 0 0 0
##$SHL_TYPE= (0..15)
<Excitation> <> <> <> <> <> <> <> <> <> <> <> <> <> <> <>
##$SHL_WINDOWSIZE= (0..15)
0 0 0 0 0 0 0 0 0 0 0 0 0 0 0 0
##$SHL_ZETA= (0..15)
0 0 0 0 0 0 0 0 0 0 0 0 0 0 0 0
##NPOINTS= 1250
##XYPOINTS= (XY..XY)
68.561026, 104.700028
68.271569, 106.369753
67.980166, 108.040706
67.686844, 109.712903
67.391632, 111.386358
67.094559, 113.061087
66.795652, 114.737105
66.494941, 116.414430
66.192455, 118.093076
65.888222, 119.773062
65.582274, 121.454403
65.274638, 123.137118
64.965346, 124.821225
64.654427, 126.506741
64.341911, 128.193686
64.027829, 129.882077
63.712212, 131.571935
63.395091, 133.263279
63.076497, 134.956129
62.756461, 136.650506
62.435015, 138.346431
62.112190, 140.043925
61.788019, 141.743009
61.462533, 143.443706
61.135765, 145.146039
60.807748, 146.850030
60.478514, 148.555704
60.148097, 150.263084
59.816529, 151.972194
59.483844, 153.683060
59.150075, 155.395707
58.815256, 157.110161
58.479422, 158.826449
58.142606, 160.544597
57.804843, 162.264634
57.466167, 163.986586
57.126613, 165.710483
56.786216, 167.436354
56.445011, 169.164229
56.103034, 170.894137
55.760320, 172.626110
55.416906, 174.360180
55.072826, 176.096378
54.728118, 177.834736
54.382817, 179.575290
54.036961, 181.318071
53.690585, 183.063116
53.343728, 184.810459
52.996426, 186.560136
52.648717, 188.312184
52.300638, 190.066640
51.952227, 191.823542
51.603523, 193.582928
51.254563, 195.344839
50.905387, 197.109314
50.556032, 198.876394
50.206537, 200.646121
49.856943, 202.418537
49.507287, 204.193685
49.157610, 205.971609
48.807952, 207.752353
48.458352, 209.535964
48.108850, 211.322486
47.759487, 213.111968
47.410304, 214.904457
47.061341, 216.700002
46.712640, 218.498651
46.364242, 220.300456
46.016188, 222.105467
45.668520, 223.913735
45.321279, 225.725315
44.974510, 227.540258
44.628252, 229.358621
44.282550, 231.180456
43.937446, 233.005821
43.592984, 234.834772
43.249206, 236.667367
42.906156, 238.503664
42.563877, 240.343722
42.222415, 242.187601
41.881813, 244.035361
41.542116, 245.887064
41.203368, 247.742773
40.865614, 249.602549
40.528900, 251.466456
40.193271, 253.334559
39.858771, 255.206921
39.525449, 257.083610
39.193348, 258.964689
38.862516, 260.850226
38.533000, 262.740289
38.204844, 264.634943
37.878098, 266.534257
37.552807, 268.438299
37.229020, 270.347137
36.906782, 272.260840
36.586144, 274.179476
36.267151, 276.103115
35.949852, 278.031824
35.634295, 279.965674
35.320530, 281.904732
35.008603, 283.849066
34.698564, 285.798745
34.390461, 287.753836
34.084344, 289.714405
33.780261, 291.680519
33.478262, 293.652243
33.178394, 295.629641
32.880709, 297.612776
32.585254, 299.601711
32.292079, 301.596505
32.001233, 303.597217
31.712764, 305.603904
31.426724, 307.616622
31.143159, 309.635423
30.862119, 311.660357
30.583652, 313.691473
30.307808, 315.728816
30.034634, 317.772427
29.764178, 319.822346
29.496489, 321.878609
29.231612, 323.941246
28.969596, 326.010285
28.710488, 328.085750
28.454332, 330.167660
28.201175, 332.256029
27.951061, 334.350865
27.704035, 336.452173
27.460142, 338.559950
27.219422, 340.674189
26.981920, 342.794875
26.747676, 344.921989
26.516730, 347.055502
26.289122, 349.195380
26.064890, 351.341581
25.844071, 353.494056
25.626700, 355.652749
25.412814, 357.817592
25.202444, 359.988514
24.995623, 2.165431
24.792381, 4.348252
24.592747, 6.536878
24.396747, 8.731199
24.204406, 10.931096
24.015749, 13.136441
23.830796, 15.347097
23.649568, 17.562917
23.472080, 19.783743
23.298349, 22.009408
23.128388, 24.239737
22.962206, 26.474543
22.799813, 28.713630
22.641214, 30.956793
22.486412, 33.203818
22.335408, 35.454480
22.188201, 37.708548
22.044785, 39.965780
21.905154, 42.225927
21.769296, 44.488731
21.637201, 46.753927
21.508851, 49.021242
21.384228, 51.290398
21.263310, 53.561110
21.146074, 55.833085
21.032493, 58.106029
20.922535, 60.379639
20.816168, 62.653612
20.713357, 64.927638
20.614063, 67.201407
20.518244, 69.474606
20.425857, 71.746919
20.336854, 74.018031
20.251186, 76.287626
20.168801, 78.555388
20.089645, 80.821004
20.013661, 83.084161
19.940788, 85.344549
19.870967, 87.601861
19.804133, 89.855794
19.740221, 92.106048
19.679162, 94.352329
19.620888, 96.594347
19.565327, 98.831820
19.512406, 101.064469
19.462051, 103.292025
19.414186, 105.514224
19.368734, 107.730809
19.325617, 109.941531
19.284756, 112.146151
19.246071, 114.344435
19.209481, 116.536160
19.174905, 118.721110
19.142259, 120.899077
19.111463, 123.069865
19.082434, 125.233282
19.055087, 127.389148
19.029341, 129.537292
19.005113, 131.677550
18.982319, 133.809766
18.960877, 135.933796
18.940705, 138.049501
18.921721, 140.156751
18.903844, 142.255424
18.886993, 144.345406
18.871089, 146.426591
18.856051, 148.498880
18.841802, 150.562179
18.828264, 152.616405
18.815361, 154.661477
18.803018, 156.697323
18.791160, 158.723876
18.779714, 160.741074
18.768608, 162.748861
18.757772, 164.747187
18.747137, 166.736003
18.736633, 168.715268
18.726196, 170.684943
18.715760, 172.644994
18.705260, 174.595389
18.694636, 176.536099
18.683826, 178.467099
18.672772, 180.388366
18.661415, 182.299877
18.649700, 184.201614
18.637573, 186.093559
18.624981, 187.975695
18.611872, 189.848005
18.598198, 191.710476
18.583911, 193.563093
18.568964, 195.405840
18.553314, 197.238703
18.536917, 199.061668
18.519733, 200.874719
18.501723, 202.677839
18.482849, 204.471012
18.463075, 206.254219
18.442367, 208.027440
18.420694, 209.790653
18.398024, 211.543834
18.374329, 213.286959
18.349582, 215.020000
18.323758, 216.742926
18.296833, 218.455705
18.268786, 220.158301
18.239597, 221.850676
18.209249, 223.532789
18.177724, 225.204595
18.145010, 226.866045
18.111093, 228.517089
18.075963, 230.157672
18.039611, 231.787733
18.002032, 233.407211
17.963219, 235.016038
17.923171, 236.614144
17.881887, 238.201453
17.839367, 239.777886
17.795615, 241.343358
17.750636, 242.897781
17.704438, 244.441061
17.657029, 245.973100
17.608423, 247.493796
17.558631, 249.003042
17.507671, 250.500723
17.455561, 251.986724
17.402320, 253.460921
17.347972, 254.923187
17.292543, 256.373390
17.236058, 257.811393
17.178550, 259.237053
17.120050, 260.650223
17.060593, 262.050752
17.000217, 263.438483
16.938963, 264.813254
16.876873, 266.174901
16.813994, 267.523253
16.750374, 268.858136
16.686065, 270.179373
16.621121, 271.486782
16.555601, 272.780179
16.489564, 274.059377
16.423075, 275.324186
16.356200, 276.574414
16.289010, 277.809867
16.221579, 279.030352
16.153983, 280.235674
16.086303, 281.425639
16.018622, 282.600054
15.951028, 283.758727
15.883613, 284.901472
15.816470, 286.028103
15.749698, 287.138441
15.683399, 288.232314
15.617679, 289.309555
15.552647, 290.370007
15.488416, 291.413524
15.425103, 292.439969
15.362828, 293.449220
15.301715, 294.441170
15.241893, 295.415727
15.183493, 296.372819
15.126649, 297.312393
15.071499, 298.234420
15.018184, 299.138892
14.966850, 300.025831
14.917642, 300.895284
14.870712, 301.747330
14.826210, 302.582080
14.784293, 303.399678
14.745116, 304.200308
14.708838, 304.984186
14.675618, 305.751572
14.645617, 306.502767
14.618995, 307.238112
14.595915, 307.957993
14.576536, 308.662841
14.561020, 309.353132
14.549525, 310.029387
14.542210, 310.692172
14.539228, 311.342098
14.540734, 311.979821
14.546875, 312.606040
14.557799, 313.221494
14.573647, 313.826962
14.594554, 314.423263
14.620654, 315.011245
14.652071, 315.591792
14.688926, 316.165812
14.731332, 316.734239
14.779394, 317.298026
14.833211, 317.858141
14.892876, 318.415562
14.958470, 318.971275
15.030069, 319.526266
15.107740, 320.081518
15.191540, 320.638004
15.281521, 321.196686
15.377723, 321.758509
15.480179, 322.324394
15.588913, 322.895237
15.703942, 323.471907
15.825273, 324.055236
15.952907, 324.646023
16.086835, 325.245027
16.227043, 325.852967
16.373509, 326.470519
16.526202, 327.098314
16.685090, 327.736939
16.850129, 328.386935
17.021272, 329.048796
17.198469, 329.722970
17.381661, 330.409860
17.570786, 331.109823
17.765780, 331.823175
17.966572, 332.550184
18.173090, 333.291082
18.385258, 334.046057
18.602998, 334.815261
18.826229, 335.598809
19.054869, 336.396783
19.288833, 337.209229
19.528036, 338.036167
19.772391, 338.877586
20.021811, 339.733450
20.276207, 340.603697
20.535490, 341.488244
20.799573, 342.386987
21.068366, 343.299805
21.341780, 344.226557
21.619727, 345.167090
21.902119, 346.121235
22.188869, 347.088814
22.479889, 348.069635
22.775094, 349.063500
23.074398, 350.070202
23.377717, 351.089527
23.684966, 352.121256
23.996065, 353.165165
24.310930, 354.221027
24.629481, 355.288613
24.951640, 356.367692
25.277328, 357.458029
25.606466, 358.559394
25.938980, 359.671552
26.274794, 0.794271
26.613835, 1.927321
26.956029, 3.070472
27.301305, 4.223497
27.649592, 5.386171
28.000820, 6.558272
28.354922, 7.739581
28.711829, 8.929880
29.071476, 10.128959
29.433797, 11.336606
29.798727, 12.552617
30.166203, 13.776790
30.536163, 15.008927
30.908544, 16.248833
31.283287, 17.496319
31.660331, 18.751198
32.039617, 20.013289
32.421088, 21.282412
32.804685, 22.558396
33.190353, 23.841068
33.578035, 25.130265
33.967676, 26.425822
34.359223, 27.727583
34.752620, 29.035394
35.147815, 30.349103
35.544757, 31.668564
35.943392, 32.993635
36.343669, 34.324176
36.745539, 35.660052
37.148952, 37.001130
37.553856, 38.347283
37.960205, 39.698383
38.367949, 41.054310
38.777040, 42.414945
39.187431, 43.780172
39.599075, 45.149879
40.011925, 46.523956
40.425936, 47.902296
40.841061, 49.284796
41.257255, 50.671355
41.674474, 52.061874
42.092672, 53.456258
42.511806, 54.854414
42.931833, 56.256252
43.352708, 57.661683
43.774388, 59.070621
44.196831, 60.482984
44.619994, 61.898690
45.043835, 63.317660
45.468313, 64.739818
45.893385, 66.165088
46.319011, 67.593398
46.745149, 69.024676
47.171759, 70.458855
47.598800, 71.895866
48.026233, 73.335645
48.454017, 74.778128
48.882112, 76.223253
49.310479, 77.670960
49.739078, 79.121190
50.167872, 80.573886
50.596820, 82.028993
51.025885, 83.486455
51.455027, 84.946221
51.884210, 86.408239
52.313394, 87.872459
52.742542, 89.338832
53.171617, 90.807311
53.600580, 92.277849
54.029396, 93.750401
54.458026, 95.224924
54.886435, 96.701374
55.314585, 98.179710
55.742439, 99.659890
56.169963, 101.141877
56.597119, 102.625629
57.023871, 104.111111
57.450185, 105.598285
57.876023, 107.087115
58.301352, 108.577566
58.726134, 110.069605
59.150337, 111.563197
59.573923, 113.058311
59.996859, 114.554915
60.419110, 116.052977
60.840642, 117.552468
61.261420, 119.053358
61.681410, 120.555619
62.100577, 122.059222
62.518889, 123.564140
62.936312, 125.070346
63.352811, 126.577815
63.768354, 128.086520
64.182908, 129.596436
64.596438, 131.107541
65.008913, 132.619808
65.420300, 134.133217
65.830565, 135.647743
66.239677, 137.163364
66.647604, 138.680060
67.054312, 140.197808
67.459771, 141.716588
67.863948, 143.236380
68.266812, 144.757164
68.668331, 146.278921
69.068473, 147.801631
69.467208, 149.325277
69.864505, 150.849840
70.260333, 152.375302
70.654660, 153.901647
71.047457, 155.428857
71.438693, 156.956915
71.828338, 158.485806
72.216362, 160.015514
72.602734, 161.546022
72.987426, 163.077317
73.370407, 164.609382
73.751648, 166.142204
74.131121, 167.675768
74.508795, 169.210060
74.884642, 170.745067
75.258633, 172.280774
75.630740, 173.817170
76.000935, 175.354241
76.369188, 176.891974
76.735473, 178.430357
77.099761, 179.969378
77.462024, 181.509025
77.822236, 183.049287
78.180368, 184.590152
78.536394, 186.131609
78.890287, 187.673646
79.242020, 189.216254
79.591566, 190.759422
79.938899, 192.303139
80.283992, 193.847395
80.626821, 195.392180
80.967358, 196.937485
81.305578, 198.483300
81.641457, 200.029615
81.974967, 201.576422
82.306086, 203.123710
82.634787, 204.671472
82.961045, 206.219699
83.284838, 207.768382
83.606139, 209.317512
83.924926, 210.867081
84.241174, 212.417082
84.554859, 213.967506
84.865959, 215.518345
85.174449, 217.069592
85.480307, 218.621239
85.783511, 220.173279
86.084036, 221.725704
86.381862, 223.278507
86.676965, 224.831682
86.969324, 226.385220
87.258917, 227.939116
87.545722, 229.493362
87.829718, 231.047952
88.110884, 232.602880
88.389199, 234.158139
88.664642, 235.713722
88.937193, 237.269624
89.206832, 238.825838
89.473538, 240.382359
89.737292, 241.939180
89.998074, 243.496296
90.255864, 245.053701
90.510645, 246.611389
90.762396, 248.169354
91.011099, 249.727592
91.256736, 251.286097
91.499288, 252.844863
91.738738, 254.403885
91.975067, 255.963158
92.208259, 257.522678
92.438296, 259.082438
92.665161, 260.642433
92.888837, 262.202660
93.109308, 263.763113
93.326557, 265.323787
93.540568, 266.884678
93.751326, 268.445781
93.958815, 270.007092
94.163019, 271.568605
94.363924, 273.130317
94.561515, 274.692222
94.755776, 276.254317
94.946695, 277.816598
95.134256, 279.379059
95.318446, 280.941697
95.499252, 282.504508
95.676659, 284.067488
95.850655, 285.630631
96.021227, 287.193936
96.188362, 288.757396
96.352049, 290.321009
96.512274, 291.884771
96.669027, 293.448677
96.822296, 295.012724
96.972069, 296.576908
97.118335, 298.141225
97.261084, 299.705672
97.400305, 301.270245
97.535988, 302.834939
97.668123, 304.399753
97.796700, 305.964681
97.921710, 307.529721
98.043143, 309.094869
98.160990, 310.660121
98.275244, 312.225474
98.385895, 313.790925
98.492935, 315.356469
98.596357, 316.922105
98.696152, 318.487827
98.792314, 320.053633
98.884836, 321.619520
98.973710, 323.185484
99.058930, 324.751522
99.140490, 326.317630
99.218384, 327.883806
99.292606, 329.450046
99.363151, 331.016347
99.430013, 332.582706
99.493188, 334.149119
99.552670, 335.715583
99.608456, 337.282096
99.660542, 338.848653
99.708923, 340.415252
99.753596, 341.981890
99.794558, 343.548564
99.831806, 345.115269
99.865337, 346.682005
99.895148, 348.248766
99.921238, 349.815551
99.943604, 351.382355
99.962245, 352.949177
99.977159, 354.516012
99.988346, 356.082858
99.995805, 357.649712
99.999534, 359.216570
99.999534, 0.783430
99.995805, 2.350288
99.988346, 3.917142
99.977159, 5.483988
99.962245, 7.050823
99.943604, 8.617645
99.921238, 10.184449
99.895148, 11.751234
99.865337, 13.317995
99.831806, 14.884731
99.794558, 16.451436
99.753596, 18.018110
99.708923, 19.584748
99.660542, 21.151347
99.608456, 22.717904
99.552670, 24.284417
99.493188, 25.850881
99.430013, 27.417294
99.363151, 28.983653
99.292606, 30.549954
99.218384, 32.116194
99.140490, 33.682370
99.058930, 35.248478
98.973710, 36.814516
98.884836, 38.380480
98.792314, 39.946367
98.696152, 41.512173
98.596357, 43.077895
98.492935, 44.643531
98.385895, 46.209075
98.275244, 47.774526
98.160990, 49.339879
98.043143, 50.905131
97.921710, 52.470279
97.796700, 54.035319
97.668123, 55.600247
97.535988, 57.165061
97.400305, 58.729755
97.261084, 60.294328
97.118335, 61.858775
96.972069, 63.423092
96.822296, 64.987276
96.669027, 66.551323
96.512274, 68.115229
96.352049, 69.678991
96.188362, 71.242604
96.021227, 72.806064
95.850655, 74.369369
95.676659, 75.932512
95.499252, 77.495492
95.318446, 79.058303
95.134256, 80.620941
94.946695, 82.183402
94.755776, 83.745683
94.561515, 85.307778
94.363924, 86.869683
94.163019, 88.431395
93.958815, 89.992908
93.751326, 91.554219
93.540568, 93.115322
93.326557, 94.676213
93.109308, 96.236887
92.888837, 97.797340
92.665161, 99.357567
92.438296, 100.917562
92.208259, 102.477322
91.975067, 104.036842
91.738738, 105.596115
91.499288, 107.155137
91.256736, 108.713903
91.011099, 110.272408
90.762396, 111.830646
90.510645, 113.388611
90.255864, 114.946299
89.998074, 116.503704
89.737292, 118.060820
89.473538, 119.617641
89.206832, 121.174162
88.937193, 122.730376
88.664642, 124.286278
88.389199, 125.841861
88.110884, 127.397120
87.829718, 128.952048
87.545722, 130.506638
87.258917, 132.060884
86.969324, 133.614780
86.676965, 135.168318
86.381862, 136.721493
86.084036, 138.274296
85.783511, 139.826721
85.480307, 141.378761
85.174449, 142.930408
84.865959, 144.481655
84.554859, 146.032494
84.241174, 147.582918
83.924926, 149.132919
83.606139, 150.682488
83.284838, 152.231618
82.961045, 153.780301
82.634787, 155.328528
82.306086, 156.876290
81.974967, 158.423578
81.641457, 159.970385
81.305578, 161.516700
80.967358, 163.062515
80.626821, 164.607820
80.283992, 166.152605
79.938899, 167.696861
79.591566, 169.240578
79.242020, 170.783746
78.890287, 172.326354
78.536394, 173.868391
78.180368, 175.409848
77.822236, 176.950713
77.462024, 178.490975
77.099761, 180.030622
76.735473, 181.569643
76.369188, 183.108026
76.000935, 184.645759
75.630740, 186.182830
75.258633, 187.719226
74.884642, 189.254933
74.508795, 190.789940
74.131121, 192.324232
73.751648, 193.857796
73.370407, 195.390618
72.987426, 196.922683
72.602734, 198.453978
72.216362, 199.984486
71.828338, 201.514194
71.438693, 203.043085
71.047457, 204.571143
70.654660, 206.098353
70.260333, 207.624698
69.864505, 209.150160
69.467208, 210.674723
69.068473, 212.198369
68.668331, 213.721079
68.266812, 215.242836
67.863948, 216.763620
67.459771, 218.283412
67.054312, 219.802192
66.647604, 221.319940
66.239677, 222.836636
65.830565, 224.352257
65.420300, 225.866783
65.008913, 227.380192
64.596438, 228.892459
64.182908, 230.403564
63.768354, 231.913480
63.352811, 233.422185
62.936312, 234.929654
62.518889, 236.435860
62.100577, 237.940778
61.681410, 239.444381
61.261420, 240.946642
60.840642, 242.447532
60.419110, 243.947023
59.996859, 245.445085
59.573923, 246.941689
59.150337, 248.436803
58.726134, 249.930395
58.301352, 251.422434
57.876023, 252.912885
57.450185, 254.401715
57.023871, 255.888889
56.597119, 257.374371
56.169963, 258.858123
55.742439, 260.340110
55.314585, 261.820290
54.886435, 263.298626
54.458026, 264.775076
54.029396, 266.249599
53.600580, 267.722151
53.171617, 269.192689
52.742542, 270.661168
52.313394, 272.127541
51.884210, 273.591761
51.455027, 275.053779
51.025885, 276.513545
50.596820, 277.971007
50.167872, 279.426114
49.739078, 280.878810
49.310479, 282.329040
48.882112, 283.776747
48.454017, 285.221872
48.026233, 286.664355
47.598800, 288.104134
47.171759, 289.541145
46.745149, 290.975324
46.319011, 292.406602
45.893385, 293.834912
45.468313, 295.260182
45.043835, 296.682340
44.619994, 298.101310
44.196831, 299.517016
43.774388, 300.929379
43.352708, 302.338317
42.931833, 303.743748
42.511806, 305.145586
42.092672, 306.543742
41.674474, 307.938126
41.257255, 309.328645
40.841061, 310.715204
40.425936, 312.097704
40.011925, 313.476044
39.599075, 314.850121
39.187431, 316.219828
38.777040, 317.585055
38.367949, 318.945690
37.960205, 320.301617
37.553856, 321.652717
37.148952, 322.998870
36.745539, 324.339948
36.343669, 325.675824
35.943392, 327.006365
35.544757, 328.331436
35.147815, 329.650897
34.752620, 330.964606
34.359223, 332.272417
33.967676, 333.574178
33.578035, 334.869735
33.190353, 336.158932
32.804685, 337.441604
32.421088, 338.717588
32.039617, 339.986711
31.660331, 341.248802
31.283287, 342.503681
30.908544, 343.751167
30.536163, 344.991073
30.166203, 346.223210
29.798727, 347.447383
29.433797, 348.663394
29.071476, 349.871041
28.711829, 351.070120
28.354922, 352.260419
28.000820, 353.441728
27.649592, 354.613829
27.301305, 355.776503
26.956029, 356.929528
26.613835, 358.072679
26.274794, 359.205729
25.938980, 0.328448
25.606466, 1.440606
25.277328, 2.541971
24.951640, 3.632308
24.629481, 4.711387
24.310930, 5.778973
23.996065, 6.834835
23.684966, 7.878744
23.377717, 8.910473
23.074398, 9.929798
22.775094, 10.936500
22.479889, 11.930365
22.188869, 12.911186
21.902119, 13.878765
21.619727, 14.832910
21.341780, 15.773443
21.068366, 16.700195
20.799573, 17.613013
20.535490, 18.511756
20.276207, 19.396303
20.021811, 20.266550
19.772391, 21.122414
19.528036, 21.963833
19.288833, 22.790771
19.054869, 23.603217
18.826229, 24.401191
18.602998, 25.184739
18.385258, 25.953943
18.173090, 26.708918
17.966572, 27.449816
17.765780, 28.176825
17.570786, 28.890177
17.381661, 29.590140
17.198469, 30.277030
17.021272, 30.951204
16.850129, 31.613065
16.685090, 32.263061
16.526202, 32.901686
16.373509, 33.529481
16.227043, 34.147033
16.086835, 34.754973
15.952907, 35.353977
15.825273, 35.944764
15.703942, 36.528093
15.588913, 37.104763
15.480179, 37.675606
15.377723, 38.241491
15.281521, 38.803314
15.191540, 39.361996
15.107740, 39.918482
15.030069, 40.473734
14.958470, 41.028725
14.892876, 41.584438
14.833211, 42.141859
14.779394, 42.701974
14.731332, 43.265761
14.688926, 43.834188
14.652071, 44.408208
14.620654, 44.988755
14.594554, 45.576737
14.573647, 46.173038
14.557799, 46.778506
14.546875, 47.393960
14.540734, 48.020179
14.539228, 48.657902
14.542210, 49.307828
14.549525, 49.970613
14.561020, 50.646868
14.576536, 51.337159
14.595915, 52.042007
14.618995, 52.761888
14.645617, 53.497233
14.675618, 54.248428
14.708838, 55.015814
14.745116, 55.799692
14.784293, 56.600322
14.826210, 57.417920
14.870712, 58.252670
14.917642, 59.104716
14.966850, 59.974169
15.018184, 60.861108
15.071499, 61.765580
15.126649, 62.687607
15.183493, 63.627181
15.241893, 64.584273
15.301715, 65.558830
15.362828, 66.550780
15.425103, 67.560031
15.488416, 68.586476
15.552647, 69.629993
15.617679, 70.690445
15.683399, 71.767686
15.749698, 72.861559
15.816470, 73.971897
15.883613, 75.098528
15.951028, 76.241273
16.018622, 77.399946
16.086303, 78.574361
16.153983, 79.764326
16.221579, 80.969648
16.289010, 82.190133
16.356200, 83.425586
16.423075, 84.675814
16.489564, 85.940623
16.555601, 87.219821
16.621121, 88.513218
16.686065, 89.820627
16.750374, 91.141864
16.813994, 92.476747
16.876873, 93.825099
16.938963, 95.186746
17.000217, 96.561517
17.060593, 97.949248
17.120050, 99.349777
17.178550, 100.762947
17.236058, 102.188607
17.292543, 103.626610
17.347972, 105.076813
17.402320, 106.539079
17.455561, 108.013276
17.507671, 109.499277
17.558631, 110.996958
17.608423, 112.506204
17.657029, 114.026900
17.704438, 115.558939
17.750636, 117.102219
17.795615, 118.656642
17.839367, 120.222114
17.881887, 121.798547
17.923171, 123.385856
17.963219, 124.983962
18.002032, 126.592789
18.039611, 128.212267
18.075963, 129.842328
18.111093, 131.482911
18.145010, 133.133955
18.177724, 134.795405
18.209249, 136.467211
18.239597, 138.149324
18.268786, 139.841699
18.296833, 141.544295
18.323758, 143.257074
18.349582, 144.980000
18.374329, 146.713041
18.398024, 148.456166
18.420694, 150.209347
18.442367, 151.972560
18.463075, 153.745781
18.482849, 155.528988
18.501723, 157.322161
18.519733, 159.125281
18.536917, 160.938332
18.553314, 162.761297
18.568964, 164.594160
18.583911, 166.436907
18.598198, 168.289524
18.611872, 170.151995
18.624981, 172.024305
18.637573, 173.906441
18.649700, 175.798386
18.661415, 177.700123
18.672772, 179.611634
18.683826, 181.532901
18.694636, 183.463901
18.705260, 185.404611
18.715760, 187.355006
18.726196, 189.315057
18.736633, 191.284732
18.747137, 193.263997
18.757772, 195.252813
18.768608, 197.251139
18.779714, 199.258926
18.791160, 201.276124
18.803018, 203.302677
18.815361, 205.338523
18.828264, 207.383595
18.841802, 209.437821
18.856051, 211.501120
18.871089, 213.573409
18.886993, 215.654594
18.903844, 217.744576
18.921721, 219.843249
18.940705, 221.950499
18.960877, 224.066204
18.982319, 226.190234
19.005113, 228.322450
19.029341, 230.462708
19.055087, 232.610852
19.082434, 234.766718
19.111463, 236.930135
19.142259, 239.100923
19.174905, 241.278890
19.209481, 243.463840
19.246071, 245.655565
19.284756, 247.853849
19.325617, 250.058469
19.368734, 252.269191
19.414186, 254.485776
19.462051, 256.707975
19.512406, 258.935531
19.565327, 261.168180
19.620888, 263.405653
19.679162, 265.647671
19.740221, 267.893952
19.804133, 270.144206
19.870967, 272.398139
19.940788, 274.655451
20.013661, 276.915839
20.089645, 279.178996
20.168801, 281.444612
20.251186, 283.712374
20.336854, 285.981969
20.425857, 288.253081
20.518244, 290.525394
20.614063, 292.798593
20.713357, 295.072362
20.816168, 297.346388
20.922535, 299.620361
21.032493, 301.893971
21.146074, 304.166915
21.263310, 306.438890
21.384228, 308.709602
21.508851, 310.978758
21.637201, 313.246073
21.769296, 315.511269
21.905154, 317.774073
22.044785, 320.034220
22.188201, 322.291452
22.335408, 324.545520
22.486412, 326.796182
22.641214, 329.043207
22.799813, 331.286370
22.962206, 333.525457
23.128388, 335.760263
23.298349, 337.990592
23.472080, 340.216257
23.649568, 342.437083
23.830796, 344.652903
24.015749, 346.863559
24.204406, 349.068904
24.396747, 351.268801
24.592747, 353.463122
24.792381, 355.651748
24.995623, 357.834569
25.202444, 0.011486
25.412814, 2.182408
25.626700, 4.347251
25.844071, 6.505944
26.064890, 8.658419
26.289122, 10.804620
26.516730, 12.944498
26.747676, 15.078011
26.981920, 17.205125
27.219422, 19.325811
27.460142, 21.440050
27.704035, 23.547827
27.951061, 25.649135
28.201175, 27.743971
28.454332, 29.832340
28.710488, 31.914250
28.969596, 33.989715
29.231612, 36.058754
29.496489, 38.121391
29.764178, 40.177654
30.034634, 42.227573
30.307808, 44.271184
30.583652, 46.308527
30.862119, 48.339643
31.143159, 50.364577
31.426724, 52.383378
31.712764, 54.396096
32.001233, 56.402783
32.292079, 58.403495
32.585254, 60.398289
32.880709, 62.387224
33.178394, 64.370359
33.478262, 66.347757
33.780261, 68.319481
34.084344, 70.285595
34.390461, 72.246164
34.698564, 74.201255
35.008603, 76.150934
35.320530, 78.095268
35.634295, 80.034326
35.949852, 81.968176
36.267151, 83.896885
36.586144, 85.820524
36.906782, 87.739160
37.229020, 89.652863
37.552807, 91.561701
37.878098, 93.465743
38.204844, 95.365057
38.533000, 97.259711
38.862516, 99.149774
39.193348, 101.035311
39.525449, 102.916390
39.858771, 104.793079
40.193271, 106.665441
40.528900, 108.533544
40.865614, 110.397451
41.203368, 112.257227
41.542116, 114.112936
41.881813, 115.964639
42.222415, 117.812399
42.563877, 119.656278
42.906156, 121.496336
43.249206, 123.332633
43.592984, 125.165228
43.937446, 126.994179
44.282550, 128.819544
44.628252, 130.641379
44.974510, 132.459742
45.321279, 134.274685
45.668520, 136.086265
46.016188, 137.894533
46.364242, 139.699544
46.712640, 141.501349
47.061341, 143.299998
47.410304, 145.095543
47.759487, 146.888032
48.108850, 148.677514
48.458352, 150.464036
48.807952, 152.247647
49.157610, 154.028391
49.507287, 155.806315
49.856943, 157.581463
50.206537, 159.353879
50.556032, 161.123606
50.905387, 162.890686
51.254563, 164.655161
51.603523, 166.417072
51.952227, 168.176458
52.300638, 169.933360
52.648717, 171.687816
52.996426, 173.439864
53.343728, 175.189541
53.690585, 176.936884
54.036961, 178.681929
54.382817, 180.424710
54.728118, 182.165264
55.072826, 183.903622
55.416906, 185.639820
55.760320, 187.373890
56.103034, 189.105863
56.445011, 190.835771
56.786216, 192.563646
57.126613, 194.289517
57.466167, 196.013414
57.804843, 197.735366
58.142606, 199.455403
58.479422, 201.173551
58.815256, 202.889839
59.150075, 204.604293
59.483844, 206.316940
59.816529, 208.027806
60.148097, 209.736916
60.478514, 211.444296
60.807748, 213.149970
61.135765, 214.853961
61.462533, 216.556294
61.788019, 218.256991
62.112190, 219.956075
62.435015, 221.653569
62.756461, 223.349494
63.076497, 225.043871
63.395091, 226.736721
63.712212, 228.428065
64.027829, 230.117923
64.341911, 231.806314
64.654427, 233.493259
64.965346, 235.178775
65.274638, 236.862882
65.582274, 238.545597
65.888222, 240.226938
66.192455, 241.906924
66.494941, 243.585570
66.795652, 245.262895
67.094559, 246.938913
67.391632, 248.613642
67.686844, 250.287097
67.980166, 251.959294
68.271569, 253.630247
68.561026, 255.299972
##END=
