##TITLE= Parameter file, TopSpin 4.3.0
##JCAMPDX= 5.0
##DATATYPE= Parameter Values
##ORIGIN= Bruker BioSpin GmbH
##OWNER= nmrsu
$$ 2024-05-01 00:40:40.380 +0100  nmrsu@4CE1161FJM
$$ C:/Bruker/TopSpin4.3.0/exp/stan/nmr/lists/wave/user/multisupp_aux_d8
$$ process C:\Bruker\TopSpin4.3.0\prog\mod\xwinshape.exe
##MINX= 0.63726200
##MAXX= 99.99938900
##MINY= 0.59055100
##MAXY= 359.40944900
##$SHAPE_ADDPHASE= 0
##$SHAPE_AMP= 99.99938932
##$SHAPE_BWFAC= 0
##$SHAPE_BWFAC50= 0
##$SHAPE_CALCBW= yes
##$SHAPE_CALCINTEG= yes
##$SHAPE_EXMODE= <Excitation>
##$SHAPE_EXPAND= <>
##$SHAPE_EXPANDCF= (0..143)
0 0 0 0 0 0 0 0 0 0 0 0 0 0 0 0 0 0 0 0 0 0 0 0 0 0 0 0 0 0 0 0 0 0 0 0
0 0 0 0 0 0 0 0 0 0 0 0 0 0 0 0 0 0 0 0 0 0 0 0 0 0 0 0 0 0 0 0 0 0 0 0
0 0 0 0 0 0 0 0 0 0 0 0 0 0 0 0 0 0 0 0 0 0 0 0 0 0 0 0 0 0 0 0 0 0 0 0
0 0 0 0 0 0 0 0 0 0 0 0 0 0 0 0 0 0 0 0 0 0 0 0 0 0 0 0 0 0 0 0 0 0 0 0
##$SHAPE_EXPFAC= 0
##$SHAPE_FRACEND= 0
##$SHAPE_FRACORG= 0
##$SHAPE_FRACSTART= 0
##$SHAPE_INTEGFAC= 0
##$SHAPE_KEEPRES= yes
##$SHAPE_LENGTH= 25000.000373
##$SHAPE_MAN= <M>
##$SHAPE_MODE= 3
##$SHAPE_MODFREQ= 0
##$SHAPE_MODPHASE= 0
##$SHAPE_MODSCALE= 0
##$SHAPE_MODSW= 0
##$SHAPE_MODSWDIR= -1
##$SHAPE_NPOINTS= 1250
##$SHAPE_OFFS= <1 3>
##$SHAPE_OFFSCOEFF= (0..95)
-159.903 0 100 -227.40596 0 100 -296.14492 0 100 0 0 0 0 0 0 0 0 0 0 0
0 0 0 0 0 0 0 0 0 0 0 0 0 0 0 0 0 0 0 0 0 0 0 0 0 0 0 0 0 0 0 0 0 0 0 0
0 0 0 0 0 0 0 0 0 0 0 0 0 0 0 0 0 0 0 0 0 0 0 0 0 0 0 0 0 0 0 0 0 0 0 0
0 0 0 0
##$SHAPE_PARAMETER= <>
##$SHAPE_REPHFAC= 0
##$SHAPE_RES= 0
##$SHAPE_SCALEFAC= 1.00000611
##$SHAPE_SCALETYPE= 0
##$SHAPE_SPOAL= 0
##$SHAPE_SPOFFS= 0
##$SHAPE_SPOPH= 0
##$SHAPE_TOTROT= 90
##$SHAPE_TYPE= <Excitation>
##$SHAPE_USER_DEF= <>
##$SHAPE_VERSION= 2.1
##$SHL_ADDPHASE= (0..15)
0 0 0 0 0 0 0 0 0 0 0 0 0 0 0 0
##$SHL_ALIGNOFFSET= (0..15)
0 0 0 0 0 0 0 0 0 0 0 0 0 0 0 0
##$SHL_AMP= (0..15)
100 0 0 0 0 0 0 0 0 0 0 0 0 0 0 0
##$SHL_AMPFAC= (0..15)
0 0 0 0 0 0 0 0 0 0 0 0 0 0 0 0
##$SHL_BETA= (0..15)
0 0 0 0 0 0 0 0 0 0 0 0 0 0 0 0
##$SHL_BWFAC= (0..15)
1.116 0 0 0 0 0 0 0 0 0 0 0 0 0 0 0
##$SHL_CALCBW= (0..15)
yes yes yes yes yes yes yes yes yes yes yes yes yes yes yes yes
##$SHL_CALCINTEG= (0..15)
yes yes yes yes yes yes yes yes yes yes yes yes yes yes yes yes
##$SHL_CENTERAMP= (0..15)
0 0 0 0 0 0 0 0 0 0 0 0 0 0 0 0
##$SHL_CYCNUM= (0..15)
0 0 0 0 0 0 0 0 0 0 0 0 0 0 0 0
##$SHL_DIPOLCPL= (0..15)
0 0 0 0 0 0 0 0 0 0 0 0 0 0 0 0
##$SHL_ENDAMP= (0..15)
0 0 0 0 0 0 0 0 0 0 0 0 0 0 0 0
##$SHL_EXMODE= (0..15)
<Excitation> <> <> <> <> <> <> <> <> <> <> <> <> <> <> <>
##$SHL_EXPAND= (0..15)
<> <> <> <> <> <> <> <> <> <> <> <> <> <> <> <>
##$SHL_EXPANDCF0= (0..143)
0 0 0 0 0 0 0 0 0 0 0 0 0 0 0 0 0 0 0 0 0 0 0 0 0 0 0 0 0 0 0 0 0 0 0 0
0 0 0 0 0 0 0 0 0 0 0 0 0 0 0 0 0 0 0 0 0 0 0 0 0 0 0 0 0 0 0 0 0 0 0 0
0 0 0 0 0 0 0 0 0 0 0 0 0 0 0 0 0 0 0 0 0 0 0 0 0 0 0 0 0 0 0 0 0 0 0 0
0 0 0 0 0 0 0 0 0 0 0 0 0 0 0 0 0 0 0 0 0 0 0 0 0 0 0 0 0 0 0 0 0 0 0 0
##$SHL_EXPANDCF1= (0..143)
0 0 0 0 0 0 0 0 0 0 0 0 0 0 0 0 0 0 0 0 0 0 0 0 0 0 0 0 0 0 0 0 0 0 0 0
0 0 0 0 0 0 0 0 0 0 0 0 0 0 0 0 0 0 0 0 0 0 0 0 0 0 0 0 0 0 0 0 0 0 0 0
0 0 0 0 0 0 0 0 0 0 0 0 0 0 0 0 0 0 0 0 0 0 0 0 0 0 0 0 0 0 0 0 0 0 0 0
0 0 0 0 0 0 0 0 0 0 0 0 0 0 0 0 0 0 0 0 0 0 0 0 0 0 0 0 0 0 0 0 0 0 0 0
##$SHL_EXPANDCF10= (0..143)
0 0 0 0 0 0 0 0 0 0 0 0 0 0 0 0 0 0 0 0 0 0 0 0 0 0 0 0 0 0 0 0 0 0 0 0
0 0 0 0 0 0 0 0 0 0 0 0 0 0 0 0 0 0 0 0 0 0 0 0 0 0 0 0 0 0 0 0 0 0 0 0
0 0 0 0 0 0 0 0 0 0 0 0 0 0 0 0 0 0 0 0 0 0 0 0 0 0 0 0 0 0 0 0 0 0 0 0
0 0 0 0 0 0 0 0 0 0 0 0 0 0 0 0 0 0 0 0 0 0 0 0 0 0 0 0 0 0 0 0 0 0 0 0
##$SHL_EXPANDCF11= (0..143)
0 0 0 0 0 0 0 0 0 0 0 0 0 0 0 0 0 0 0 0 0 0 0 0 0 0 0 0 0 0 0 0 0 0 0 0
0 0 0 0 0 0 0 0 0 0 0 0 0 0 0 0 0 0 0 0 0 0 0 0 0 0 0 0 0 0 0 0 0 0 0 0
0 0 0 0 0 0 0 0 0 0 0 0 0 0 0 0 0 0 0 0 0 0 0 0 0 0 0 0 0 0 0 0 0 0 0 0
0 0 0 0 0 0 0 0 0 0 0 0 0 0 0 0 0 0 0 0 0 0 0 0 0 0 0 0 0 0 0 0 0 0 0 0
##$SHL_EXPANDCF12= (0..143)
0 0 0 0 0 0 0 0 0 0 0 0 0 0 0 0 0 0 0 0 0 0 0 0 0 0 0 0 0 0 0 0 0 0 0 0
0 0 0 0 0 0 0 0 0 0 0 0 0 0 0 0 0 0 0 0 0 0 0 0 0 0 0 0 0 0 0 0 0 0 0 0
0 0 0 0 0 0 0 0 0 0 0 0 0 0 0 0 0 0 0 0 0 0 0 0 0 0 0 0 0 0 0 0 0 0 0 0
0 0 0 0 0 0 0 0 0 0 0 0 0 0 0 0 0 0 0 0 0 0 0 0 0 0 0 0 0 0 0 0 0 0 0 0
##$SHL_EXPANDCF13= (0..143)
0 0 0 0 0 0 0 0 0 0 0 0 0 0 0 0 0 0 0 0 0 0 0 0 0 0 0 0 0 0 0 0 0 0 0 0
0 0 0 0 0 0 0 0 0 0 0 0 0 0 0 0 0 0 0 0 0 0 0 0 0 0 0 0 0 0 0 0 0 0 0 0
0 0 0 0 0 0 0 0 0 0 0 0 0 0 0 0 0 0 0 0 0 0 0 0 0 0 0 0 0 0 0 0 0 0 0 0
0 0 0 0 0 0 0 0 0 0 0 0 0 0 0 0 0 0 0 0 0 0 0 0 0 0 0 0 0 0 0 0 0 0 0 0
##$SHL_EXPANDCF14= (0..143)
0 0 0 0 0 0 0 0 0 0 0 0 0 0 0 0 0 0 0 0 0 0 0 0 0 0 0 0 0 0 0 0 0 0 0 0
0 0 0 0 0 0 0 0 0 0 0 0 0 0 0 0 0 0 0 0 0 0 0 0 0 0 0 0 0 0 0 0 0 0 0 0
0 0 0 0 0 0 0 0 0 0 0 0 0 0 0 0 0 0 0 0 0 0 0 0 0 0 0 0 0 0 0 0 0 0 0 0
0 0 0 0 0 0 0 0 0 0 0 0 0 0 0 0 0 0 0 0 0 0 0 0 0 0 0 0 0 0 0 0 0 0 0 0
##$SHL_EXPANDCF15= (0..143)
0 0 0 0 0 0 0 0 0 0 0 0 0 0 0 0 0 0 0 0 0 0 0 0 0 0 0 0 0 0 0 0 0 0 0 0
0 0 0 0 0 0 0 0 0 0 0 0 0 0 0 0 0 0 0 0 0 0 0 0 0 0 0 0 0 0 0 0 0 0 0 0
0 0 0 0 0 0 0 0 0 0 0 0 0 0 0 0 0 0 0 0 0 0 0 0 0 0 0 0 0 0 0 0 0 0 0 0
0 0 0 0 0 0 0 0 0 0 0 0 0 0 0 0 0 0 0 0 0 0 0 0 0 0 0 0 0 0 0 0 0 0 0 0
##$SHL_EXPANDCF2= (0..143)
0 0 0 0 0 0 0 0 0 0 0 0 0 0 0 0 0 0 0 0 0 0 0 0 0 0 0 0 0 0 0 0 0 0 0 0
0 0 0 0 0 0 0 0 0 0 0 0 0 0 0 0 0 0 0 0 0 0 0 0 0 0 0 0 0 0 0 0 0 0 0 0
0 0 0 0 0 0 0 0 0 0 0 0 0 0 0 0 0 0 0 0 0 0 0 0 0 0 0 0 0 0 0 0 0 0 0 0
0 0 0 0 0 0 0 0 0 0 0 0 0 0 0 0 0 0 0 0 0 0 0 0 0 0 0 0 0 0 0 0 0 0 0 0
##$SHL_EXPANDCF3= (0..143)
0 0 0 0 0 0 0 0 0 0 0 0 0 0 0 0 0 0 0 0 0 0 0 0 0 0 0 0 0 0 0 0 0 0 0 0
0 0 0 0 0 0 0 0 0 0 0 0 0 0 0 0 0 0 0 0 0 0 0 0 0 0 0 0 0 0 0 0 0 0 0 0
0 0 0 0 0 0 0 0 0 0 0 0 0 0 0 0 0 0 0 0 0 0 0 0 0 0 0 0 0 0 0 0 0 0 0 0
0 0 0 0 0 0 0 0 0 0 0 0 0 0 0 0 0 0 0 0 0 0 0 0 0 0 0 0 0 0 0 0 0 0 0 0
##$SHL_EXPANDCF4= (0..143)
0 0 0 0 0 0 0 0 0 0 0 0 0 0 0 0 0 0 0 0 0 0 0 0 0 0 0 0 0 0 0 0 0 0 0 0
0 0 0 0 0 0 0 0 0 0 0 0 0 0 0 0 0 0 0 0 0 0 0 0 0 0 0 0 0 0 0 0 0 0 0 0
0 0 0 0 0 0 0 0 0 0 0 0 0 0 0 0 0 0 0 0 0 0 0 0 0 0 0 0 0 0 0 0 0 0 0 0
0 0 0 0 0 0 0 0 0 0 0 0 0 0 0 0 0 0 0 0 0 0 0 0 0 0 0 0 0 0 0 0 0 0 0 0
##$SHL_EXPANDCF5= (0..143)
0 0 0 0 0 0 0 0 0 0 0 0 0 0 0 0 0 0 0 0 0 0 0 0 0 0 0 0 0 0 0 0 0 0 0 0
0 0 0 0 0 0 0 0 0 0 0 0 0 0 0 0 0 0 0 0 0 0 0 0 0 0 0 0 0 0 0 0 0 0 0 0
0 0 0 0 0 0 0 0 0 0 0 0 0 0 0 0 0 0 0 0 0 0 0 0 0 0 0 0 0 0 0 0 0 0 0 0
0 0 0 0 0 0 0 0 0 0 0 0 0 0 0 0 0 0 0 0 0 0 0 0 0 0 0 0 0 0 0 0 0 0 0 0
##$SHL_EXPANDCF6= (0..143)
0 0 0 0 0 0 0 0 0 0 0 0 0 0 0 0 0 0 0 0 0 0 0 0 0 0 0 0 0 0 0 0 0 0 0 0
0 0 0 0 0 0 0 0 0 0 0 0 0 0 0 0 0 0 0 0 0 0 0 0 0 0 0 0 0 0 0 0 0 0 0 0
0 0 0 0 0 0 0 0 0 0 0 0 0 0 0 0 0 0 0 0 0 0 0 0 0 0 0 0 0 0 0 0 0 0 0 0
0 0 0 0 0 0 0 0 0 0 0 0 0 0 0 0 0 0 0 0 0 0 0 0 0 0 0 0 0 0 0 0 0 0 0 0
##$SHL_EXPANDCF7= (0..143)
0 0 0 0 0 0 0 0 0 0 0 0 0 0 0 0 0 0 0 0 0 0 0 0 0 0 0 0 0 0 0 0 0 0 0 0
0 0 0 0 0 0 0 0 0 0 0 0 0 0 0 0 0 0 0 0 0 0 0 0 0 0 0 0 0 0 0 0 0 0 0 0
0 0 0 0 0 0 0 0 0 0 0 0 0 0 0 0 0 0 0 0 0 0 0 0 0 0 0 0 0 0 0 0 0 0 0 0
0 0 0 0 0 0 0 0 0 0 0 0 0 0 0 0 0 0 0 0 0 0 0 0 0 0 0 0 0 0 0 0 0 0 0 0
##$SHL_EXPANDCF8= (0..143)
0 0 0 0 0 0 0 0 0 0 0 0 0 0 0 0 0 0 0 0 0 0 0 0 0 0 0 0 0 0 0 0 0 0 0 0
0 0 0 0 0 0 0 0 0 0 0 0 0 0 0 0 0 0 0 0 0 0 0 0 0 0 0 0 0 0 0 0 0 0 0 0
0 0 0 0 0 0 0 0 0 0 0 0 0 0 0 0 0 0 0 0 0 0 0 0 0 0 0 0 0 0 0 0 0 0 0 0
0 0 0 0 0 0 0 0 0 0 0 0 0 0 0 0 0 0 0 0 0 0 0 0 0 0 0 0 0 0 0 0 0 0 0 0
##$SHL_EXPANDCF9= (0..143)
0 0 0 0 0 0 0 0 0 0 0 0 0 0 0 0 0 0 0 0 0 0 0 0 0 0 0 0 0 0 0 0 0 0 0 0
0 0 0 0 0 0 0 0 0 0 0 0 0 0 0 0 0 0 0 0 0 0 0 0 0 0 0 0 0 0 0 0 0 0 0 0
0 0 0 0 0 0 0 0 0 0 0 0 0 0 0 0 0 0 0 0 0 0 0 0 0 0 0 0 0 0 0 0 0 0 0 0
0 0 0 0 0 0 0 0 0 0 0 0 0 0 0 0 0 0 0 0 0 0 0 0 0 0 0 0 0 0 0 0 0 0 0 0
##$SHL_EXPFAC= (0..15)
0 0 0 0 0 0 0 0 0 0 0 0 0 0 0 0
##$SHL_FRACEND= (0..15)
0 0 0 0 0 0 0 0 0 0 0 0 0 0 0 0
##$SHL_FRACORG= (0..15)
0 0 0 0 0 0 0 0 0 0 0 0 0 0 0 0
##$SHL_FRACSTART= (0..15)
0 0 0 0 0 0 0 0 0 0 0 0 0 0 0 0
##$SHL_FULLHALF= (0..15)
0 0 0 0 0 0 0 0 0 0 0 0 0 0 0 0
##$SHL_FUNCAMP= (0..15)
100 0 0 0 0 0 0 0 0 0 0 0 0 0 0 0
##$SHL_FUNCTION= (0..15)
<Rectangle> <> <> <> <> <> <> <> <> <> <> <> <> <> <> <>
##$SHL_GCO= (0..15)
<> <> <> <> <> <> <> <> <> <> <> <> <> <> <> <>
##$SHL_GCOCOEFFS0= (0..59)
0 0 0 0 0 0 0 0 0 0 0 0 0 0 0 0 0 0 0 0 0 0 0 0 0 0 0 0 0 0 0 0 0 0 0 0
0 0 0 0 0 0 0 0 0 0 0 0 0 0 0 0 0 0 0 0 0 0 0 0
##$SHL_GCOCOEFFS1= (0..59)
0 0 0 0 0 0 0 0 0 0 0 0 0 0 0 0 0 0 0 0 0 0 0 0 0 0 0 0 0 0 0 0 0 0 0 0
0 0 0 0 0 0 0 0 0 0 0 0 0 0 0 0 0 0 0 0 0 0 0 0
##$SHL_GCOCOEFFS10= (0..59)
0 0 0 0 0 0 0 0 0 0 0 0 0 0 0 0 0 0 0 0 0 0 0 0 0 0 0 0 0 0 0 0 0 0 0 0
0 0 0 0 0 0 0 0 0 0 0 0 0 0 0 0 0 0 0 0 0 0 0 0
##$SHL_GCOCOEFFS11= (0..59)
0 0 0 0 0 0 0 0 0 0 0 0 0 0 0 0 0 0 0 0 0 0 0 0 0 0 0 0 0 0 0 0 0 0 0 0
0 0 0 0 0 0 0 0 0 0 0 0 0 0 0 0 0 0 0 0 0 0 0 0
##$SHL_GCOCOEFFS12= (0..59)
0 0 0 0 0 0 0 0 0 0 0 0 0 0 0 0 0 0 0 0 0 0 0 0 0 0 0 0 0 0 0 0 0 0 0 0
0 0 0 0 0 0 0 0 0 0 0 0 0 0 0 0 0 0 0 0 0 0 0 0
##$SHL_GCOCOEFFS13= (0..59)
0 0 0 0 0 0 0 0 0 0 0 0 0 0 0 0 0 0 0 0 0 0 0 0 0 0 0 0 0 0 0 0 0 0 0 0
0 0 0 0 0 0 0 0 0 0 0 0 0 0 0 0 0 0 0 0 0 0 0 0
##$SHL_GCOCOEFFS14= (0..59)
0 0 0 0 0 0 0 0 0 0 0 0 0 0 0 0 0 0 0 0 0 0 0 0 0 0 0 0 0 0 0 0 0 0 0 0
0 0 0 0 0 0 0 0 0 0 0 0 0 0 0 0 0 0 0 0 0 0 0 0
##$SHL_GCOCOEFFS15= (0..59)
0 0 0 0 0 0 0 0 0 0 0 0 0 0 0 0 0 0 0 0 0 0 0 0 0 0 0 0 0 0 0 0 0 0 0 0
0 0 0 0 0 0 0 0 0 0 0 0 0 0 0 0 0 0 0 0 0 0 0 0
##$SHL_GCOCOEFFS2= (0..59)
0 0 0 0 0 0 0 0 0 0 0 0 0 0 0 0 0 0 0 0 0 0 0 0 0 0 0 0 0 0 0 0 0 0 0 0
0 0 0 0 0 0 0 0 0 0 0 0 0 0 0 0 0 0 0 0 0 0 0 0
##$SHL_GCOCOEFFS3= (0..59)
0 0 0 0 0 0 0 0 0 0 0 0 0 0 0 0 0 0 0 0 0 0 0 0 0 0 0 0 0 0 0 0 0 0 0 0
0 0 0 0 0 0 0 0 0 0 0 0 0 0 0 0 0 0 0 0 0 0 0 0
##$SHL_GCOCOEFFS4= (0..59)
0 0 0 0 0 0 0 0 0 0 0 0 0 0 0 0 0 0 0 0 0 0 0 0 0 0 0 0 0 0 0 0 0 0 0 0
0 0 0 0 0 0 0 0 0 0 0 0 0 0 0 0 0 0 0 0 0 0 0 0
##$SHL_GCOCOEFFS5= (0..59)
0 0 0 0 0 0 0 0 0 0 0 0 0 0 0 0 0 0 0 0 0 0 0 0 0 0 0 0 0 0 0 0 0 0 0 0
0 0 0 0 0 0 0 0 0 0 0 0 0 0 0 0 0 0 0 0 0 0 0 0
##$SHL_GCOCOEFFS6= (0..59)
0 0 0 0 0 0 0 0 0 0 0 0 0 0 0 0 0 0 0 0 0 0 0 0 0 0 0 0 0 0 0 0 0 0 0 0
0 0 0 0 0 0 0 0 0 0 0 0 0 0 0 0 0 0 0 0 0 0 0 0
##$SHL_GCOCOEFFS7= (0..59)
0 0 0 0 0 0 0 0 0 0 0 0 0 0 0 0 0 0 0 0 0 0 0 0 0 0 0 0 0 0 0 0 0 0 0 0
0 0 0 0 0 0 0 0 0 0 0 0 0 0 0 0 0 0 0 0 0 0 0 0
##$SHL_GCOCOEFFS8= (0..59)
0 0 0 0 0 0 0 0 0 0 0 0 0 0 0 0 0 0 0 0 0 0 0 0 0 0 0 0 0 0 0 0 0 0 0 0
0 0 0 0 0 0 0 0 0 0 0 0 0 0 0 0 0 0 0 0 0 0 0 0
##$SHL_GCOCOEFFS9= (0..59)
0 0 0 0 0 0 0 0 0 0 0 0 0 0 0 0 0 0 0 0 0 0 0 0 0 0 0 0 0 0 0 0 0 0 0 0
0 0 0 0 0 0 0 0 0 0 0 0 0 0 0 0 0 0 0 0 0 0 0 0
##$SHL_INTEGFAC= (0..15)
1 0 0 0 0 0 0 0 0 0 0 0 0 0 0 0
##$SHL_LB= (0..15)
0 0 0 0 0 0 0 0 0 0 0 0 0 0 0 0
##$SHL_LEFTLIMIT= (0..15)
0 0 0 0 0 0 0 0 0 0 0 0 0 0 0 0
##$SHL_LENGTH= (0..15)
25000.000373 0 0 0 0 0 0 0 0 0 0 0 0 0 0 0
##$SHL_MAN= (0..15)
<> <> <> <> <> <> <> <> <> <> <> <> <> <> <> <>
##$SHL_MEANAMP= (0..15)
0 0 0 0 0 0 0 0 0 0 0 0 0 0 0 0
##$SHL_MODAMP= (0..15)
0 0 0 0 0 0 0 0 0 0 0 0 0 0 0 0
##$SHL_MODE= (0..15)
0 0 0 0 0 0 0 0 0 0 0 0 0 0 0 0
##$SHL_MODFREQ= (0..15)
0 0 0 0 0 0 0 0 0 0 0 0 0 0 0 0
##$SHL_MODPHASE= (0..15)
0 0 0 0 0 0 0 0 0 0 0 0 0 0 0 0
##$SHL_MODSCALE= (0..15)
0 0 0 0 0 0 0 0 0 0 0 0 0 0 0 0
##$SHL_MODSW= (0..15)
0 0 0 0 0 0 0 0 0 0 0 0 0 0 0 0
##$SHL_MODSWDIR= (0..15)
-1 -1 -1 -1 -1 -1 -1 -1 -1 -1 -1 -1 -1 -1 -1 -1
##$SHL_MU= (0..15)
0 0 0 0 0 0 0 0 0 0 0 0 0 0 0 0
##$SHL_NPOINTS= (0..15)
1250 0 0 0 0 0 0 0 0 0 0 0 0 0 0 0
##$SHL_OFFS= (0..15)
<> <> <> <> <> <> <> <> <> <> <> <> <> <> <> <>
##$SHL_OFFSCOEFF0= (0..95)
0 0 0 0 0 0 0 0 0 0 0 0 0 0 0 0 0 0 0 0 0 0 0 0 0 0 0 0 0 0 0 0 0 0 0 0
0 0 0 0 0 0 0 0 0 0 0 0 0 0 0 0 0 0 0 0 0 0 0 0 0 0 0 0 0 0 0 0 0 0 0 0
0 0 0 0 0 0 0 0 0 0 0 0 0 0 0 0 0 0 0 0 0 0 0 0
##$SHL_OFFSCOEFF1= (0..95)
0 0 0 0 0 0 0 0 0 0 0 0 0 0 0 0 0 0 0 0 0 0 0 0 0 0 0 0 0 0 0 0 0 0 0 0
0 0 0 0 0 0 0 0 0 0 0 0 0 0 0 0 0 0 0 0 0 0 0 0 0 0 0 0 0 0 0 0 0 0 0 0
0 0 0 0 0 0 0 0 0 0 0 0 0 0 0 0 0 0 0 0 0 0 0 0
##$SHL_OFFSCOEFF10= (0..95)
0 0 0 0 0 0 0 0 0 0 0 0 0 0 0 0 0 0 0 0 0 0 0 0 0 0 0 0 0 0 0 0 0 0 0 0
0 0 0 0 0 0 0 0 0 0 0 0 0 0 0 0 0 0 0 0 0 0 0 0 0 0 0 0 0 0 0 0 0 0 0 0
0 0 0 0 0 0 0 0 0 0 0 0 0 0 0 0 0 0 0 0 0 0 0 0
##$SHL_OFFSCOEFF11= (0..95)
0 0 0 0 0 0 0 0 0 0 0 0 0 0 0 0 0 0 0 0 0 0 0 0 0 0 0 0 0 0 0 0 0 0 0 0
0 0 0 0 0 0 0 0 0 0 0 0 0 0 0 0 0 0 0 0 0 0 0 0 0 0 0 0 0 0 0 0 0 0 0 0
0 0 0 0 0 0 0 0 0 0 0 0 0 0 0 0 0 0 0 0 0 0 0 0
##$SHL_OFFSCOEFF12= (0..95)
0 0 0 0 0 0 0 0 0 0 0 0 0 0 0 0 0 0 0 0 0 0 0 0 0 0 0 0 0 0 0 0 0 0 0 0
0 0 0 0 0 0 0 0 0 0 0 0 0 0 0 0 0 0 0 0 0 0 0 0 0 0 0 0 0 0 0 0 0 0 0 0
0 0 0 0 0 0 0 0 0 0 0 0 0 0 0 0 0 0 0 0 0 0 0 0
##$SHL_OFFSCOEFF13= (0..95)
0 0 0 0 0 0 0 0 0 0 0 0 0 0 0 0 0 0 0 0 0 0 0 0 0 0 0 0 0 0 0 0 0 0 0 0
0 0 0 0 0 0 0 0 0 0 0 0 0 0 0 0 0 0 0 0 0 0 0 0 0 0 0 0 0 0 0 0 0 0 0 0
0 0 0 0 0 0 0 0 0 0 0 0 0 0 0 0 0 0 0 0 0 0 0 0
##$SHL_OFFSCOEFF14= (0..95)
0 0 0 0 0 0 0 0 0 0 0 0 0 0 0 0 0 0 0 0 0 0 0 0 0 0 0 0 0 0 0 0 0 0 0 0
0 0 0 0 0 0 0 0 0 0 0 0 0 0 0 0 0 0 0 0 0 0 0 0 0 0 0 0 0 0 0 0 0 0 0 0
0 0 0 0 0 0 0 0 0 0 0 0 0 0 0 0 0 0 0 0 0 0 0 0
##$SHL_OFFSCOEFF15= (0..95)
0 0 0 0 0 0 0 0 0 0 0 0 0 0 0 0 0 0 0 0 0 0 0 0 0 0 0 0 0 0 0 0 0 0 0 0
0 0 0 0 0 0 0 0 0 0 0 0 0 0 0 0 0 0 0 0 0 0 0 0 0 0 0 0 0 0 0 0 0 0 0 0
0 0 0 0 0 0 0 0 0 0 0 0 0 0 0 0 0 0 0 0 0 0 0 0
##$SHL_OFFSCOEFF2= (0..95)
0 0 0 0 0 0 0 0 0 0 0 0 0 0 0 0 0 0 0 0 0 0 0 0 0 0 0 0 0 0 0 0 0 0 0 0
0 0 0 0 0 0 0 0 0 0 0 0 0 0 0 0 0 0 0 0 0 0 0 0 0 0 0 0 0 0 0 0 0 0 0 0
0 0 0 0 0 0 0 0 0 0 0 0 0 0 0 0 0 0 0 0 0 0 0 0
##$SHL_OFFSCOEFF3= (0..95)
0 0 0 0 0 0 0 0 0 0 0 0 0 0 0 0 0 0 0 0 0 0 0 0 0 0 0 0 0 0 0 0 0 0 0 0
0 0 0 0 0 0 0 0 0 0 0 0 0 0 0 0 0 0 0 0 0 0 0 0 0 0 0 0 0 0 0 0 0 0 0 0
0 0 0 0 0 0 0 0 0 0 0 0 0 0 0 0 0 0 0 0 0 0 0 0
##$SHL_OFFSCOEFF4= (0..95)
0 0 0 0 0 0 0 0 0 0 0 0 0 0 0 0 0 0 0 0 0 0 0 0 0 0 0 0 0 0 0 0 0 0 0 0
0 0 0 0 0 0 0 0 0 0 0 0 0 0 0 0 0 0 0 0 0 0 0 0 0 0 0 0 0 0 0 0 0 0 0 0
0 0 0 0 0 0 0 0 0 0 0 0 0 0 0 0 0 0 0 0 0 0 0 0
##$SHL_OFFSCOEFF5= (0..95)
0 0 0 0 0 0 0 0 0 0 0 0 0 0 0 0 0 0 0 0 0 0 0 0 0 0 0 0 0 0 0 0 0 0 0 0
0 0 0 0 0 0 0 0 0 0 0 0 0 0 0 0 0 0 0 0 0 0 0 0 0 0 0 0 0 0 0 0 0 0 0 0
0 0 0 0 0 0 0 0 0 0 0 0 0 0 0 0 0 0 0 0 0 0 0 0
##$SHL_OFFSCOEFF6= (0..95)
0 0 0 0 0 0 0 0 0 0 0 0 0 0 0 0 0 0 0 0 0 0 0 0 0 0 0 0 0 0 0 0 0 0 0 0
0 0 0 0 0 0 0 0 0 0 0 0 0 0 0 0 0 0 0 0 0 0 0 0 0 0 0 0 0 0 0 0 0 0 0 0
0 0 0 0 0 0 0 0 0 0 0 0 0 0 0 0 0 0 0 0 0 0 0 0
##$SHL_OFFSCOEFF7= (0..95)
0 0 0 0 0 0 0 0 0 0 0 0 0 0 0 0 0 0 0 0 0 0 0 0 0 0 0 0 0 0 0 0 0 0 0 0
0 0 0 0 0 0 0 0 0 0 0 0 0 0 0 0 0 0 0 0 0 0 0 0 0 0 0 0 0 0 0 0 0 0 0 0
0 0 0 0 0 0 0 0 0 0 0 0 0 0 0 0 0 0 0 0 0 0 0 0
##$SHL_OFFSCOEFF8= (0..95)
0 0 0 0 0 0 0 0 0 0 0 0 0 0 0 0 0 0 0 0 0 0 0 0 0 0 0 0 0 0 0 0 0 0 0 0
0 0 0 0 0 0 0 0 0 0 0 0 0 0 0 0 0 0 0 0 0 0 0 0 0 0 0 0 0 0 0 0 0 0 0 0
0 0 0 0 0 0 0 0 0 0 0 0 0 0 0 0 0 0 0 0 0 0 0 0
##$SHL_OFFSCOEFF9= (0..95)
0 0 0 0 0 0 0 0 0 0 0 0 0 0 0 0 0 0 0 0 0 0 0 0 0 0 0 0 0 0 0 0 0 0 0 0
0 0 0 0 0 0 0 0 0 0 0 0 0 0 0 0 0 0 0 0 0 0 0 0 0 0 0 0 0 0 0 0 0 0 0 0
0 0 0 0 0 0 0 0 0 0 0 0 0 0 0 0 0 0 0 0 0 0 0 0
##$SHL_PHASE= (0..15)
0 0 0 0 0 0 0 0 0 0 0 0 0 0 0 0
##$SHL_PHASEFAC= (0..15)
0 0 0 0 0 0 0 0 0 0 0 0 0 0 0 0
##$SHL_POWERINDEX= (0..15)
0 0 0 0 0 0 0 0 0 0 0 0 0 0 0 0
##$SHL_QUADCOEFF= (0..15)
0 0 0 0 0 0 0 0 0 0 0 0 0 0 0 0
##$SHL_RIGHTLIMIT= (0..15)
0 0 0 0 0 0 0 0 0 0 0 0 0 0 0 0
##$SHL_SCALEFACTOR= (0..15)
1 1 1 1 1 1 1 1 1 1 1 1 1 1 1 1
##$SHL_SF= (0..15)
<> <> <> <> <> <> <> <> <> <> <> <> <> <> <> <>
##$SHL_SFCOEFFS0= (0..200)
0 0 0 0 0 0 0 0 0 0 0 0 0 0 0 0 0 0 0 0 0 0 0 0 0 0 0 0 0 0 0 0 0 0 0 0
0 0 0 0 0 0 0 0 0 0 0 0 0 0 0 0 0 0 0 0 0 0 0 0 0 0 0 0 0 0 0 0 0 0 0 0
0 0 0 0 0 0 0 0 0 0 0 0 0 0 0 0 0 0 0 0 0 0 0 0 0 0 0 0 0 0 0 0 0 0 0 0
0 0 0 0 0 0 0 0 0 0 0 0 0 0 0 0 0 0 0 0 0 0 0 0 0 0 0 0 0 0 0 0 0 0 0 0
0 0 0 0 0 0 0 0 0 0 0 0 0 0 0 0 0 0 0 0 0 0 0 0 0 0 0 0 0 0 0 0 0 0 0 0
0 0 0 0 0 0 0 0 0 0 0 0 0 0 0 0 0 0 0 0 0
##$SHL_SFCOEFFS1= (0..200)
0 0 0 0 0 0 0 0 0 0 0 0 0 0 0 0 0 0 0 0 0 0 0 0 0 0 0 0 0 0 0 0 0 0 0 0
0 0 0 0 0 0 0 0 0 0 0 0 0 0 0 0 0 0 0 0 0 0 0 0 0 0 0 0 0 0 0 0 0 0 0 0
0 0 0 0 0 0 0 0 0 0 0 0 0 0 0 0 0 0 0 0 0 0 0 0 0 0 0 0 0 0 0 0 0 0 0 0
0 0 0 0 0 0 0 0 0 0 0 0 0 0 0 0 0 0 0 0 0 0 0 0 0 0 0 0 0 0 0 0 0 0 0 0
0 0 0 0 0 0 0 0 0 0 0 0 0 0 0 0 0 0 0 0 0 0 0 0 0 0 0 0 0 0 0 0 0 0 0 0
0 0 0 0 0 0 0 0 0 0 0 0 0 0 0 0 0 0 0 0 0
##$SHL_SFCOEFFS10= (0..200)
0 0 0 0 0 0 0 0 0 0 0 0 0 0 0 0 0 0 0 0 0 0 0 0 0 0 0 0 0 0 0 0 0 0 0 0
0 0 0 0 0 0 0 0 0 0 0 0 0 0 0 0 0 0 0 0 0 0 0 0 0 0 0 0 0 0 0 0 0 0 0 0
0 0 0 0 0 0 0 0 0 0 0 0 0 0 0 0 0 0 0 0 0 0 0 0 0 0 0 0 0 0 0 0 0 0 0 0
0 0 0 0 0 0 0 0 0 0 0 0 0 0 0 0 0 0 0 0 0 0 0 0 0 0 0 0 0 0 0 0 0 0 0 0
0 0 0 0 0 0 0 0 0 0 0 0 0 0 0 0 0 0 0 0 0 0 0 0 0 0 0 0 0 0 0 0 0 0 0 0
0 0 0 0 0 0 0 0 0 0 0 0 0 0 0 0 0 0 0 0 0
##$SHL_SFCOEFFS11= (0..200)
0 0 0 0 0 0 0 0 0 0 0 0 0 0 0 0 0 0 0 0 0 0 0 0 0 0 0 0 0 0 0 0 0 0 0 0
0 0 0 0 0 0 0 0 0 0 0 0 0 0 0 0 0 0 0 0 0 0 0 0 0 0 0 0 0 0 0 0 0 0 0 0
0 0 0 0 0 0 0 0 0 0 0 0 0 0 0 0 0 0 0 0 0 0 0 0 0 0 0 0 0 0 0 0 0 0 0 0
0 0 0 0 0 0 0 0 0 0 0 0 0 0 0 0 0 0 0 0 0 0 0 0 0 0 0 0 0 0 0 0 0 0 0 0
0 0 0 0 0 0 0 0 0 0 0 0 0 0 0 0 0 0 0 0 0 0 0 0 0 0 0 0 0 0 0 0 0 0 0 0
0 0 0 0 0 0 0 0 0 0 0 0 0 0 0 0 0 0 0 0 0
##$SHL_SFCOEFFS12= (0..200)
0 0 0 0 0 0 0 0 0 0 0 0 0 0 0 0 0 0 0 0 0 0 0 0 0 0 0 0 0 0 0 0 0 0 0 0
0 0 0 0 0 0 0 0 0 0 0 0 0 0 0 0 0 0 0 0 0 0 0 0 0 0 0 0 0 0 0 0 0 0 0 0
0 0 0 0 0 0 0 0 0 0 0 0 0 0 0 0 0 0 0 0 0 0 0 0 0 0 0 0 0 0 0 0 0 0 0 0
0 0 0 0 0 0 0 0 0 0 0 0 0 0 0 0 0 0 0 0 0 0 0 0 0 0 0 0 0 0 0 0 0 0 0 0
0 0 0 0 0 0 0 0 0 0 0 0 0 0 0 0 0 0 0 0 0 0 0 0 0 0 0 0 0 0 0 0 0 0 0 0
0 0 0 0 0 0 0 0 0 0 0 0 0 0 0 0 0 0 0 0 0
##$SHL_SFCOEFFS13= (0..200)
0 0 0 0 0 0 0 0 0 0 0 0 0 0 0 0 0 0 0 0 0 0 0 0 0 0 0 0 0 0 0 0 0 0 0 0
0 0 0 0 0 0 0 0 0 0 0 0 0 0 0 0 0 0 0 0 0 0 0 0 0 0 0 0 0 0 0 0 0 0 0 0
0 0 0 0 0 0 0 0 0 0 0 0 0 0 0 0 0 0 0 0 0 0 0 0 0 0 0 0 0 0 0 0 0 0 0 0
0 0 0 0 0 0 0 0 0 0 0 0 0 0 0 0 0 0 0 0 0 0 0 0 0 0 0 0 0 0 0 0 0 0 0 0
0 0 0 0 0 0 0 0 0 0 0 0 0 0 0 0 0 0 0 0 0 0 0 0 0 0 0 0 0 0 0 0 0 0 0 0
0 0 0 0 0 0 0 0 0 0 0 0 0 0 0 0 0 0 0 0 0
##$SHL_SFCOEFFS14= (0..200)
0 0 0 0 0 0 0 0 0 0 0 0 0 0 0 0 0 0 0 0 0 0 0 0 0 0 0 0 0 0 0 0 0 0 0 0
0 0 0 0 0 0 0 0 0 0 0 0 0 0 0 0 0 0 0 0 0 0 0 0 0 0 0 0 0 0 0 0 0 0 0 0
0 0 0 0 0 0 0 0 0 0 0 0 0 0 0 0 0 0 0 0 0 0 0 0 0 0 0 0 0 0 0 0 0 0 0 0
0 0 0 0 0 0 0 0 0 0 0 0 0 0 0 0 0 0 0 0 0 0 0 0 0 0 0 0 0 0 0 0 0 0 0 0
0 0 0 0 0 0 0 0 0 0 0 0 0 0 0 0 0 0 0 0 0 0 0 0 0 0 0 0 0 0 0 0 0 0 0 0
0 0 0 0 0 0 0 0 0 0 0 0 0 0 0 0 0 0 0 0 0
##$SHL_SFCOEFFS15= (0..200)
0 0 0 0 0 0 0 0 0 0 0 0 0 0 0 0 0 0 0 0 0 0 0 0 0 0 0 0 0 0 0 0 0 0 0 0
0 0 0 0 0 0 0 0 0 0 0 0 0 0 0 0 0 0 0 0 0 0 0 0 0 0 0 0 0 0 0 0 0 0 0 0
0 0 0 0 0 0 0 0 0 0 0 0 0 0 0 0 0 0 0 0 0 0 0 0 0 0 0 0 0 0 0 0 0 0 0 0
0 0 0 0 0 0 0 0 0 0 0 0 0 0 0 0 0 0 0 0 0 0 0 0 0 0 0 0 0 0 0 0 0 0 0 0
0 0 0 0 0 0 0 0 0 0 0 0 0 0 0 0 0 0 0 0 0 0 0 0 0 0 0 0 0 0 0 0 0 0 0 0
0 0 0 0 0 0 0 0 0 0 0 0 0 0 0 0 0 0 0 0 0
##$SHL_SFCOEFFS2= (0..200)
0 0 0 0 0 0 0 0 0 0 0 0 0 0 0 0 0 0 0 0 0 0 0 0 0 0 0 0 0 0 0 0 0 0 0 0
0 0 0 0 0 0 0 0 0 0 0 0 0 0 0 0 0 0 0 0 0 0 0 0 0 0 0 0 0 0 0 0 0 0 0 0
0 0 0 0 0 0 0 0 0 0 0 0 0 0 0 0 0 0 0 0 0 0 0 0 0 0 0 0 0 0 0 0 0 0 0 0
0 0 0 0 0 0 0 0 0 0 0 0 0 0 0 0 0 0 0 0 0 0 0 0 0 0 0 0 0 0 0 0 0 0 0 0
0 0 0 0 0 0 0 0 0 0 0 0 0 0 0 0 0 0 0 0 0 0 0 0 0 0 0 0 0 0 0 0 0 0 0 0
0 0 0 0 0 0 0 0 0 0 0 0 0 0 0 0 0 0 0 0 0
##$SHL_SFCOEFFS3= (0..200)
0 0 0 0 0 0 0 0 0 0 0 0 0 0 0 0 0 0 0 0 0 0 0 0 0 0 0 0 0 0 0 0 0 0 0 0
0 0 0 0 0 0 0 0 0 0 0 0 0 0 0 0 0 0 0 0 0 0 0 0 0 0 0 0 0 0 0 0 0 0 0 0
0 0 0 0 0 0 0 0 0 0 0 0 0 0 0 0 0 0 0 0 0 0 0 0 0 0 0 0 0 0 0 0 0 0 0 0
0 0 0 0 0 0 0 0 0 0 0 0 0 0 0 0 0 0 0 0 0 0 0 0 0 0 0 0 0 0 0 0 0 0 0 0
0 0 0 0 0 0 0 0 0 0 0 0 0 0 0 0 0 0 0 0 0 0 0 0 0 0 0 0 0 0 0 0 0 0 0 0
0 0 0 0 0 0 0 0 0 0 0 0 0 0 0 0 0 0 0 0 0
##$SHL_SFCOEFFS4= (0..200)
0 0 0 0 0 0 0 0 0 0 0 0 0 0 0 0 0 0 0 0 0 0 0 0 0 0 0 0 0 0 0 0 0 0 0 0
0 0 0 0 0 0 0 0 0 0 0 0 0 0 0 0 0 0 0 0 0 0 0 0 0 0 0 0 0 0 0 0 0 0 0 0
0 0 0 0 0 0 0 0 0 0 0 0 0 0 0 0 0 0 0 0 0 0 0 0 0 0 0 0 0 0 0 0 0 0 0 0
0 0 0 0 0 0 0 0 0 0 0 0 0 0 0 0 0 0 0 0 0 0 0 0 0 0 0 0 0 0 0 0 0 0 0 0
0 0 0 0 0 0 0 0 0 0 0 0 0 0 0 0 0 0 0 0 0 0 0 0 0 0 0 0 0 0 0 0 0 0 0 0
0 0 0 0 0 0 0 0 0 0 0 0 0 0 0 0 0 0 0 0 0
##$SHL_SFCOEFFS5= (0..200)
0 0 0 0 0 0 0 0 0 0 0 0 0 0 0 0 0 0 0 0 0 0 0 0 0 0 0 0 0 0 0 0 0 0 0 0
0 0 0 0 0 0 0 0 0 0 0 0 0 0 0 0 0 0 0 0 0 0 0 0 0 0 0 0 0 0 0 0 0 0 0 0
0 0 0 0 0 0 0 0 0 0 0 0 0 0 0 0 0 0 0 0 0 0 0 0 0 0 0 0 0 0 0 0 0 0 0 0
0 0 0 0 0 0 0 0 0 0 0 0 0 0 0 0 0 0 0 0 0 0 0 0 0 0 0 0 0 0 0 0 0 0 0 0
0 0 0 0 0 0 0 0 0 0 0 0 0 0 0 0 0 0 0 0 0 0 0 0 0 0 0 0 0 0 0 0 0 0 0 0
0 0 0 0 0 0 0 0 0 0 0 0 0 0 0 0 0 0 0 0 0
##$SHL_SFCOEFFS6= (0..200)
0 0 0 0 0 0 0 0 0 0 0 0 0 0 0 0 0 0 0 0 0 0 0 0 0 0 0 0 0 0 0 0 0 0 0 0
0 0 0 0 0 0 0 0 0 0 0 0 0 0 0 0 0 0 0 0 0 0 0 0 0 0 0 0 0 0 0 0 0 0 0 0
0 0 0 0 0 0 0 0 0 0 0 0 0 0 0 0 0 0 0 0 0 0 0 0 0 0 0 0 0 0 0 0 0 0 0 0
0 0 0 0 0 0 0 0 0 0 0 0 0 0 0 0 0 0 0 0 0 0 0 0 0 0 0 0 0 0 0 0 0 0 0 0
0 0 0 0 0 0 0 0 0 0 0 0 0 0 0 0 0 0 0 0 0 0 0 0 0 0 0 0 0 0 0 0 0 0 0 0
0 0 0 0 0 0 0 0 0 0 0 0 0 0 0 0 0 0 0 0 0
##$SHL_SFCOEFFS7= (0..200)
0 0 0 0 0 0 0 0 0 0 0 0 0 0 0 0 0 0 0 0 0 0 0 0 0 0 0 0 0 0 0 0 0 0 0 0
0 0 0 0 0 0 0 0 0 0 0 0 0 0 0 0 0 0 0 0 0 0 0 0 0 0 0 0 0 0 0 0 0 0 0 0
0 0 0 0 0 0 0 0 0 0 0 0 0 0 0 0 0 0 0 0 0 0 0 0 0 0 0 0 0 0 0 0 0 0 0 0
0 0 0 0 0 0 0 0 0 0 0 0 0 0 0 0 0 0 0 0 0 0 0 0 0 0 0 0 0 0 0 0 0 0 0 0
0 0 0 0 0 0 0 0 0 0 0 0 0 0 0 0 0 0 0 0 0 0 0 0 0 0 0 0 0 0 0 0 0 0 0 0
0 0 0 0 0 0 0 0 0 0 0 0 0 0 0 0 0 0 0 0 0
##$SHL_SFCOEFFS8= (0..200)
0 0 0 0 0 0 0 0 0 0 0 0 0 0 0 0 0 0 0 0 0 0 0 0 0 0 0 0 0 0 0 0 0 0 0 0
0 0 0 0 0 0 0 0 0 0 0 0 0 0 0 0 0 0 0 0 0 0 0 0 0 0 0 0 0 0 0 0 0 0 0 0
0 0 0 0 0 0 0 0 0 0 0 0 0 0 0 0 0 0 0 0 0 0 0 0 0 0 0 0 0 0 0 0 0 0 0 0
0 0 0 0 0 0 0 0 0 0 0 0 0 0 0 0 0 0 0 0 0 0 0 0 0 0 0 0 0 0 0 0 0 0 0 0
0 0 0 0 0 0 0 0 0 0 0 0 0 0 0 0 0 0 0 0 0 0 0 0 0 0 0 0 0 0 0 0 0 0 0 0
0 0 0 0 0 0 0 0 0 0 0 0 0 0 0 0 0 0 0 0 0
##$SHL_SFCOEFFS9= (0..200)
0 0 0 0 0 0 0 0 0 0 0 0 0 0 0 0 0 0 0 0 0 0 0 0 0 0 0 0 0 0 0 0 0 0 0 0
0 0 0 0 0 0 0 0 0 0 0 0 0 0 0 0 0 0 0 0 0 0 0 0 0 0 0 0 0 0 0 0 0 0 0 0
0 0 0 0 0 0 0 0 0 0 0 0 0 0 0 0 0 0 0 0 0 0 0 0 0 0 0 0 0 0 0 0 0 0 0 0
0 0 0 0 0 0 0 0 0 0 0 0 0 0 0 0 0 0 0 0 0 0 0 0 0 0 0 0 0 0 0 0 0 0 0 0
0 0 0 0 0 0 0 0 0 0 0 0 0 0 0 0 0 0 0 0 0 0 0 0 0 0 0 0 0 0 0 0 0 0 0 0
0 0 0 0 0 0 0 0 0 0 0 0 0 0 0 0 0 0 0 0 0
##$SHL_SMOOTHED= (0..15)
0 0 0 0 0 0 0 0 0 0 0 0 0 0 0 0
##$SHL_SMOOTHING= (0..15)
0 0 0 0 0 0 0 0 0 0 0 0 0 0 0 0
##$SHL_SPOAL= (0..15)
0 0 0 0 0 0 0 0 0 0 0 0 0 0 0 0
##$SHL_SPOFFS= (0..15)
0 0 0 0 0 0 0 0 0 0 0 0 0 0 0 0
##$SHL_SPOPH= (0..15)
0 0 0 0 0 0 0 0 0 0 0 0 0 0 0 0
##$SHL_STARTAMP= (0..15)
0 0 0 0 0 0 0 0 0 0 0 0 0 0 0 0
##$SHL_SW= (0..15)
0 0 0 0 0 0 0 0 0 0 0 0 0 0 0 0
##$SHL_SWDIR= (0..15)
-1 -1 -1 -1 -1 -1 -1 -1 -1 -1 -1 -1 -1 -1 -1 -1
##$SHL_TANKAPPA= (0..15)
0 0 0 0 0 0 0 0 0 0 0 0 0 0 0 0
##$SHL_TOTROT= (0..15)
90 0 0 0 0 0 0 0 0 0 0 0 0 0 0 0
##$SHL_TRUNCLEV= (0..15)
0 0 0 0 0 0 0 0 0 0 0 0 0 0 0 0
##$SHL_TYPE= (0..15)
<Excitation> <> <> <> <> <> <> <> <> <> <> <> <> <> <> <>
##$SHL_WINDOWSIZE= (0..15)
0 0 0 0 0 0 0 0 0 0 0 0 0 0 0 0
##$SHL_ZETA= (0..15)
0 0 0 0 0 0 0 0 0 0 0 0 0 0 0 0
##NPOINTS= 1250
##XYPOINTS= (XY..XY)
72.778773, 55.985361
72.317575, 57.633200
71.853520, 59.281167
71.386642, 60.929267
70.916976, 62.577501
70.444556, 64.225871
69.969415, 65.874382
69.491591, 67.523036
69.011117, 69.171837
68.528028, 70.820786
68.042361, 72.469888
67.554150, 74.119147
67.063432, 75.768565
66.570242, 77.418146
66.074618, 79.067894
65.576594, 80.717814
65.076209, 82.367908
64.573497, 84.018182
64.068498, 85.668639
63.561246, 87.319284
63.051781, 88.970122
62.540138, 90.621158
62.026356, 92.272396
61.510472, 93.923842
60.992525, 95.575501
60.472552, 97.227378
59.950591, 98.879480
59.426681, 100.531812
58.900861, 102.184381
58.373168, 103.837193
57.843642, 105.490255
57.312321, 107.143573
56.779245, 108.797156
56.244453, 110.451010
55.707984, 112.105143
55.169877, 113.759564
54.630172, 115.414281
54.088909, 117.069302
53.546128, 118.724638
53.001867, 120.380297
52.456168, 122.036290
51.909071, 123.692627
51.360615, 125.349318
50.810841, 127.006376
50.259790, 128.663812
49.707502, 130.321638
49.154017, 131.979868
48.599377, 133.638514
48.043622, 135.297592
47.486793, 136.957115
46.928931, 138.617100
46.370078, 140.277563
45.810273, 141.938520
45.249560, 143.599989
44.687978, 145.261990
44.125570, 146.924542
43.562376, 148.587666
42.998439, 150.251383
42.433799, 151.915716
41.868499, 153.580690
41.302581, 155.246329
40.736085, 156.912662
40.169055, 158.579714
39.601531, 160.247518
39.033557, 161.916103
38.465173, 163.585504
37.896422, 165.255755
37.327346, 166.926894
36.757987, 168.598960
36.188388, 170.271995
35.618590, 171.946043
35.048637, 173.621152
34.478569, 175.297372
33.908431, 176.974756
33.338264, 178.653361
32.768110, 180.333248
32.198013, 182.014481
31.628014, 183.697131
31.058157, 185.381270
30.488484, 187.066978
29.919038, 188.754341
29.349861, 190.443449
28.780997, 192.134401
28.212489, 193.827303
27.644378, 195.522268
27.076710, 197.219420
26.509525, 198.918891
25.942869, 200.620826
25.376783, 202.325381
24.811312, 204.032726
24.246499, 205.743044
23.682387, 207.456539
23.119021, 209.173428
22.556445, 210.893954
21.994702, 212.618380
21.433838, 214.346996
20.873896, 216.080122
20.314923, 217.818111
19.756963, 219.561352
19.200062, 221.310281
18.644266, 223.065379
18.089623, 224.827185
17.536179, 226.596302
16.983983, 228.373408
16.433084, 230.159265
15.883532, 231.954739
15.335378, 233.760809
14.788675, 235.578595
14.243477, 237.409378
13.699842, 239.254634
13.157828, 241.116067
12.617496, 242.995663
12.078914, 244.895742
11.542150, 246.819036
11.007280, 248.768782
10.474388, 250.748848
9.943565, 252.763884
9.414912, 254.819542
8.888548, 256.922746
8.364606, 259.082076
7.843248, 261.308289
7.324666, 263.615043
6.809098, 266.019935
6.296845, 268.546008
5.788295, 271.223990
5.283969, 274.095709
4.784578, 277.219450
4.291139, 280.678599
3.805150, 284.596077
3.328921, 289.159177
2.866192, 294.663481
2.423344, 301.590864
2.011872, 310.739136
1.653275, 323.368510
1.386621, 340.985919
1.268372, 3.544851
1.335778, 26.827340
1.562703, 45.796320
1.890661, 59.522270
2.274752, 69.389743
2.689637, 76.773123
3.121837, 82.572840
3.563969, 87.334216
4.011772, 91.389645
4.462648, 94.947956
4.914932, 98.145038
5.367513, 101.072354
5.819616, 103.793386
6.270685, 106.353412
6.720305, 108.785513
7.168162, 111.114375
7.614008, 113.358772
8.057647, 115.533220
8.498916, 117.649109
8.937682, 119.715501
9.373828, 121.739687
9.807257, 123.727601
10.237882, 125.684118
10.665626, 127.613283
11.090419, 129.518473
11.512198, 131.402536
11.930905, 133.267885
12.346486, 135.116582
12.758892, 136.950396
13.168073, 138.770855
13.573987, 140.579284
13.976589, 142.376840
14.375839, 144.164536
14.771698, 145.943261
15.164127, 147.713804
15.553091, 149.476861
15.938553, 151.233052
16.320480, 152.982931
16.698837, 154.726994
17.073592, 156.465684
17.444712, 158.199404
17.812168, 159.928513
18.175927, 161.653340
18.535960, 163.374182
18.892237, 165.091307
19.244730, 166.804963
19.593410, 168.515374
19.938249, 170.222745
20.279220, 171.927264
20.616296, 173.629106
20.949450, 175.328428
21.278657, 177.025378
21.603890, 178.720091
21.925124, 180.412692
22.242335, 182.103297
22.555498, 183.792014
22.864588, 185.478941
23.169583, 187.164173
23.470458, 188.847795
23.767191, 190.529888
24.059760, 192.210527
24.348141, 193.889781
24.632313, 195.567716
24.912255, 197.244394
25.187945, 198.919873
25.459363, 200.594205
25.726487, 202.267442
25.989298, 203.939632
26.247777, 205.610818
26.501902, 207.281043
26.751657, 208.950347
26.997021, 210.618767
27.237976, 212.286339
27.474505, 213.953095
27.706590, 215.619067
27.934212, 217.284286
28.157356, 218.948778
28.376005, 220.612571
28.590141, 222.275690
28.799750, 223.938159
29.004815, 225.600000
29.205322, 227.261235
29.401255, 228.921885
29.592600, 230.581969
29.779342, 232.241505
29.961468, 233.900511
30.138963, 235.559003
30.311816, 237.216997
30.480013, 238.874509
30.643541, 240.531553
30.802388, 242.188142
30.956543, 243.844289
31.105994, 245.500007
31.250730, 247.155308
31.390740, 248.810203
31.526014, 250.464701
31.656542, 252.118815
31.782314, 253.772553
31.903320, 255.425925
32.019552, 257.078939
32.131002, 258.731604
32.237660, 260.383928
32.339518, 262.035919
32.436571, 263.687583
32.528809, 265.338929
32.616227, 266.989961
32.698817, 268.640688
32.776574, 270.291113
32.849492, 271.941245
32.917565, 273.591086
32.980789, 275.240644
33.039158, 276.889921
33.092669, 278.538924
33.141317, 280.187656
33.185099, 281.836122
33.224011, 283.484325
33.258050, 285.132269
33.287215, 286.779957
33.311502, 288.427393
33.330910, 290.074579
33.345438, 291.721518
33.355084, 293.368212
33.359847, 295.014665
33.359728, 296.660878
33.354726, 298.306852
33.344841, 299.952591
33.330075, 301.598095
33.310427, 303.243366
33.285901, 304.888405
33.256496, 306.533213
33.222217, 308.177790
33.183064, 309.822138
33.139041, 311.466257
33.090151, 313.110148
33.036398, 314.753809
32.977785, 316.397242
32.914317, 318.040445
32.845998, 319.683419
32.772833, 321.326163
32.694829, 322.968676
32.611990, 324.610957
32.524322, 326.253004
32.431832, 327.894816
32.334527, 329.536392
32.232414, 331.177730
32.125499, 332.818827
32.013792, 334.459681
31.897301, 336.100290
31.776033, 337.740651
31.649997, 339.380761
31.519204, 341.020616
31.383662, 342.660213
31.243382, 344.299548
31.098373, 345.938617
30.948647, 347.577416
30.794214, 349.215940
30.635086, 350.854183
30.471274, 352.492141
30.302791, 354.129807
30.129648, 355.767176
29.951859, 357.404240
29.769436, 359.040994
29.582393, 0.677429
29.390744, 2.313538
29.194503, 3.949313
28.993683, 5.584744
28.788301, 7.219823
28.578371, 8.854539
28.363908, 10.488881
28.144928, 12.122840
27.921448, 13.756402
27.693483, 15.389555
27.461051, 17.022287
27.224168, 18.654582
26.982853, 20.286425
26.737122, 21.917802
26.486995, 23.548693
26.232488, 25.179083
25.973622, 26.808950
25.710415, 28.438275
25.442886, 30.067037
25.171056, 31.695211
24.894944, 33.322772
24.614570, 34.949695
24.329956, 36.575951
24.041123, 38.201510
23.748091, 39.826339
23.450883, 41.450404
23.149520, 43.073667
22.844025, 44.696088
22.534420, 46.317626
22.220728, 47.938232
21.902973, 49.557859
21.581179, 51.176451
21.255368, 52.793952
20.925565, 54.410298
20.591795, 56.025422
20.254083, 57.639250
19.912454, 59.251703
19.566933, 60.862693
19.217546, 62.472127
18.864320, 64.079900
18.507280, 65.685900
18.146454, 67.290002
17.781870, 68.892072
17.413553, 70.491958
17.041534, 72.089496
16.665838, 73.684504
16.286497, 75.276778
15.903537, 76.866094
15.516990, 78.452201
15.126884, 80.034818
14.733251, 81.613630
14.336120, 83.188284
13.935524, 84.758379
13.531493, 86.323461
13.124062, 87.883016
12.713262, 89.436451
12.299128, 90.983090
11.881694, 92.522150
11.460997, 94.052723
11.037072, 95.573751
10.609958, 97.083988
10.179694, 98.581965
9.746322, 100.065930
9.309885, 101.533784
8.870429, 102.982980
8.428004, 104.410411
7.982663, 105.812235
7.534466, 107.183652
7.083480, 108.518584
6.629781, 109.809220
6.173459, 111.045354
5.714624, 112.213397
5.253413, 113.294849
4.790004, 114.263886
4.324639, 115.083351
3.857664, 115.697848
3.389601, 116.021128
2.921288, 115.911549
2.454186, 115.120350
1.991102, 113.171455
1.538177, 109.047235
1.111359, 100.264064
0.761157, 80.340751
0.637262, 41.873380
0.850072, 8.085273
1.239393, 352.299179
1.689254, 345.231342
2.163798, 341.874423
2.651086, 340.319205
3.146268, 339.753295
3.647033, 339.783621
4.152140, 340.199326
4.660858, 340.877872
5.172723, 341.743428
5.687421, 342.746654
6.204725, 343.854099
6.724468, 345.042306
7.246516, 346.294345
7.770762, 347.597700
8.297113, 348.942917
8.825493, 350.322725
9.355829, 351.731444
9.888058, 353.164568
10.422120, 354.618481
10.957962, 356.090247
11.495528, 357.577456
12.034770, 359.078113
12.575638, 0.590551
13.118085, 2.113368
13.662064, 3.645375
14.207531, 5.185559
14.754439, 6.733048
15.302746, 8.287091
15.852406, 9.847037
16.403377, 11.412316
16.955616, 12.982431
17.509079, 14.556944
18.063724, 16.135467
18.619508, 17.717659
19.176388, 19.303214
19.734324, 20.891860
20.293271, 22.483354
20.853189, 24.077476
21.414034, 25.674029
21.975766, 27.272836
22.538341, 28.873736
23.101717, 30.476582
23.665854, 32.081242
24.230708, 33.687594
24.796238, 35.295528
25.362401, 36.904942
25.929156, 38.515745
26.496460, 40.127850
27.064272, 41.741179
27.632550, 43.355659
28.201251, 44.971225
28.770334, 46.587814
29.339756, 48.205368
29.909476, 49.823836
30.479451, 51.443168
31.049640, 53.063317
31.620000, 54.684241
32.190490, 56.305901
32.761066, 57.928260
33.331689, 59.551281
33.902314, 61.174935
34.472901, 62.799189
35.043407, 64.424015
35.613791, 66.049387
36.184011, 67.675279
36.754023, 69.301668
37.323788, 70.928531
37.893263, 72.555849
38.462405, 74.183600
39.031174, 75.811766
39.599527, 77.440330
40.167422, 79.069276
40.734819, 80.698586
41.301675, 82.328247
41.867948, 83.958244
42.433598, 85.588564
42.998582, 87.219194
43.562860, 88.850122
44.126389, 90.481338
44.689128, 92.112829
45.251037, 93.744585
45.812073, 95.376597
46.372196, 97.008856
46.931365, 98.641351
47.489538, 100.274076
48.046674, 101.907021
48.602734, 103.540180
49.157675, 105.173544
49.711457, 106.807106
50.264040, 108.440860
50.815384, 110.074799
51.365447, 111.708918
51.914189, 113.343209
52.461570, 114.977668
53.007550, 116.612289
53.552089, 118.247067
54.095147, 119.881997
54.636684, 121.517074
55.176660, 123.152293
55.715037, 124.787650
56.251773, 126.423141
56.786831, 128.058761
57.320171, 129.694508
57.851753, 131.330376
58.381538, 132.966362
58.909489, 134.602464
59.435566, 136.238677
59.959730, 137.874998
60.481944, 139.511424
61.002168, 141.147953
61.520365, 142.784580
62.036497, 144.421304
62.550526, 146.058122
63.062414, 147.695031
63.572124, 149.332029
64.079618, 150.969112
64.584859, 152.606280
65.087810, 154.243529
65.588435, 155.880857
66.086696, 157.518263
66.582557, 159.155743
67.075982, 160.793297
67.566934, 162.430923
68.055378, 164.068618
68.541278, 165.706380
69.024597, 167.344208
69.505302, 168.982101
69.983355, 170.620056
70.458724, 172.258072
70.931371, 173.896147
71.401264, 175.534281
71.868367, 177.172471
72.332646, 178.810716
72.794068, 180.449015
73.252598, 182.087366
73.708203, 183.725768
74.160849, 185.364220
74.610504, 187.002721
75.057133, 188.641270
75.500705, 190.279865
75.941188, 191.918505
76.378548, 193.557189
76.812753, 195.195917
77.243773, 196.834686
77.671575, 198.473497
78.096128, 200.112348
78.517400, 201.751238
78.935362, 203.390166
79.349981, 205.029132
79.761229, 206.668135
80.169075, 208.307172
80.573488, 209.946245
80.974440, 211.585352
81.371900, 213.224492
81.765841, 214.863665
82.156232, 216.502869
82.543045, 218.142105
82.926252, 219.781371
83.305825, 221.420666
83.681737, 223.059990
84.053958, 224.699343
84.422463, 226.338723
84.787224, 227.978130
85.148214, 229.617564
85.505408, 231.257023
85.858778, 232.896508
86.208299, 234.536017
86.553945, 236.175551
86.895692, 237.815108
87.233513, 239.454687
87.567384, 241.094290
87.897281, 242.733914
88.223180, 244.373560
88.545056, 246.013226
88.862887, 247.652913
89.176648, 249.292620
89.486317, 250.932347
89.791871, 252.572093
90.093287, 254.211857
90.390545, 255.851639
90.683621, 257.491440
90.972494, 259.131257
91.257144, 260.771092
91.537549, 262.410943
91.813688, 264.050810
92.085542, 265.690693
92.353091, 267.330591
92.616315, 268.970504
92.875194, 270.610432
93.129710, 272.250374
93.379844, 273.890330
93.625578, 275.530300
93.866894, 277.170282
94.103774, 278.810278
94.336200, 280.450286
94.564156, 282.090306
94.787625, 283.730338
95.006591, 285.370382
95.221037, 287.010437
95.430948, 288.650503
95.636308, 290.290579
95.837103, 291.930666
96.033318, 293.570763
96.224937, 295.210870
96.411948, 296.850986
96.594337, 298.491111
96.772090, 300.131245
96.945194, 301.771388
97.113636, 303.411539
97.277404, 305.051698
97.436487, 306.691865
97.590872, 308.332039
97.740548, 309.972221
97.885505, 311.612410
98.025731, 313.252605
98.161216, 314.892807
98.291951, 316.533016
98.417925, 318.173230
98.539130, 319.813450
98.655557, 321.453676
98.767196, 323.093906
98.874041, 324.734142
98.976083, 326.374383
99.073314, 328.014628
99.165728, 329.654878
99.253318, 331.295132
99.336077, 332.935390
99.413999, 334.575651
99.487079, 336.215915
99.555311, 337.856183
99.618691, 339.496454
99.677212, 341.136728
99.730872, 342.777004
99.779667, 344.417282
99.823592, 346.057563
99.862645, 347.697845
99.896822, 349.338129
99.926122, 350.978415
99.950541, 352.618701
99.970079, 354.258989
99.984734, 355.899277
99.994504, 357.539566
99.999389, 359.179855
99.999389, 0.820145
99.994504, 2.460434
99.984734, 4.100723
99.970079, 5.741011
99.950541, 7.381299
99.926122, 9.021585
99.896822, 10.661871
99.862645, 12.302155
99.823592, 13.942437
99.779667, 15.582718
99.730872, 17.222996
99.677212, 18.863272
99.618691, 20.503546
99.555311, 22.143817
99.487079, 23.784085
99.413999, 25.424349
99.336077, 27.064610
99.253318, 28.704868
99.165728, 30.345122
99.073314, 31.985372
98.976083, 33.625617
98.874041, 35.265858
98.767196, 36.906094
98.655557, 38.546324
98.539130, 40.186550
98.417925, 41.826770
98.291951, 43.466984
98.161216, 45.107193
98.025731, 46.747395
97.885505, 48.387590
97.740548, 50.027779
97.590872, 51.667961
97.436487, 53.308135
97.277404, 54.948302
97.113636, 56.588461
96.945194, 58.228612
96.772090, 59.868755
96.594337, 61.508889
96.411948, 63.149014
96.224937, 64.789130
96.033318, 66.429237
95.837103, 68.069334
95.636308, 69.709421
95.430948, 71.349497
95.221037, 72.989563
95.006591, 74.629618
94.787625, 76.269662
94.564156, 77.909694
94.336200, 79.549714
94.103774, 81.189722
93.866894, 82.829718
93.625578, 84.469700
93.379844, 86.109670
93.129710, 87.749626
92.875194, 89.389568
92.616315, 91.029496
92.353091, 92.669409
92.085542, 94.309307
91.813688, 95.949190
91.537549, 97.589057
91.257144, 99.228908
90.972494, 100.868743
90.683621, 102.508560
90.390545, 104.148361
90.093287, 105.788143
89.791871, 107.427907
89.486317, 109.067653
89.176648, 110.707380
88.862887, 112.347087
88.545056, 113.986774
88.223180, 115.626440
87.897281, 117.266086
87.567384, 118.905710
87.233513, 120.545313
86.895692, 122.184892
86.553945, 123.824449
86.208299, 125.463983
85.858778, 127.103492
85.505408, 128.742977
85.148214, 130.382436
84.787224, 132.021870
84.422463, 133.661277
84.053958, 135.300657
83.681737, 136.940010
83.305825, 138.579334
82.926252, 140.218629
82.543045, 141.857895
82.156232, 143.497131
81.765841, 145.136335
81.371900, 146.775508
80.974440, 148.414648
80.573488, 150.053755
80.169075, 151.692828
79.761229, 153.331865
79.349981, 154.970868
78.935362, 156.609834
78.517400, 158.248762
78.096128, 159.887652
77.671575, 161.526503
77.243773, 163.165314
76.812753, 164.804083
76.378548, 166.442811
75.941188, 168.081495
75.500705, 169.720135
75.057133, 171.358730
74.610504, 172.997279
74.160849, 174.635780
73.708203, 176.274232
73.252598, 177.912634
72.794068, 179.550985
72.332646, 181.189284
71.868367, 182.827529
71.401264, 184.465719
70.931371, 186.103853
70.458724, 187.741928
69.983355, 189.379944
69.505302, 191.017899
69.024597, 192.655792
68.541278, 194.293620
68.055378, 195.931382
67.566934, 197.569077
67.075982, 199.206703
66.582557, 200.844257
66.086696, 202.481737
65.588435, 204.119143
65.087810, 205.756471
64.584859, 207.393720
64.079618, 209.030888
63.572124, 210.667971
63.062414, 212.304969
62.550526, 213.941878
62.036497, 215.578696
61.520365, 217.215420
61.002168, 218.852047
60.481944, 220.488576
59.959730, 222.125002
59.435566, 223.761323
58.909489, 225.397536
58.381538, 227.033638
57.851753, 228.669624
57.320171, 230.305492
56.786831, 231.941239
56.251773, 233.576859
55.715037, 235.212350
55.176660, 236.847707
54.636684, 238.482926
54.095147, 240.118003
53.552089, 241.752933
53.007550, 243.387711
52.461570, 245.022332
51.914189, 246.656791
51.365447, 248.291082
50.815384, 249.925201
50.264040, 251.559140
49.711457, 253.192894
49.157675, 254.826456
48.602734, 256.459820
48.046674, 258.092979
47.489538, 259.725924
46.931365, 261.358649
46.372196, 262.991144
45.812073, 264.623403
45.251037, 266.255415
44.689128, 267.887171
44.126389, 269.518662
43.562860, 271.149878
42.998582, 272.780806
42.433598, 274.411436
41.867948, 276.041756
41.301675, 277.671753
40.734819, 279.301414
40.167422, 280.930724
39.599527, 282.559670
39.031174, 284.188234
38.462405, 285.816400
37.893263, 287.444151
37.323788, 289.071469
36.754023, 290.698332
36.184011, 292.324721
35.613791, 293.950613
35.043407, 295.575985
34.472901, 297.200811
33.902314, 298.825065
33.331689, 300.448719
32.761066, 302.071740
32.190490, 303.694099
31.620000, 305.315759
31.049640, 306.936683
30.479451, 308.556832
29.909476, 310.176164
29.339756, 311.794632
28.770334, 313.412186
28.201251, 315.028775
27.632550, 316.644341
27.064272, 318.258821
26.496460, 319.872150
25.929156, 321.484255
25.362401, 323.095058
24.796238, 324.704472
24.230708, 326.312406
23.665854, 327.918758
23.101717, 329.523418
22.538341, 331.126264
21.975766, 332.727164
21.414034, 334.325971
20.853189, 335.922524
20.293271, 337.516646
19.734324, 339.108140
19.176388, 340.696786
18.619508, 342.282341
18.063724, 343.864533
17.509079, 345.443056
16.955616, 347.017569
16.403377, 348.587684
15.852406, 350.152963
15.302746, 351.712909
14.754439, 353.266952
14.207531, 354.814441
13.662064, 356.354625
13.118085, 357.886632
12.575638, 359.409449
12.034770, 0.921887
11.495528, 2.422544
10.957962, 3.909753
10.422120, 5.381519
9.888058, 6.835432
9.355829, 8.268556
8.825493, 9.677275
8.297113, 11.057083
7.770762, 12.402300
7.246516, 13.705655
6.724468, 14.957694
6.204725, 16.145901
5.687421, 17.253346
5.172723, 18.256572
4.660858, 19.122128
4.152140, 19.800674
3.647033, 20.216379
3.146268, 20.246705
2.651086, 19.680795
2.163798, 18.125577
1.689254, 14.768658
1.239393, 7.700821
0.850072, 351.914727
0.637262, 318.126620
0.761157, 279.659249
1.111359, 259.735936
1.538177, 250.952765
1.991102, 246.828545
2.454186, 244.879650
2.921288, 244.088451
3.389601, 243.978872
3.857664, 244.302152
4.324639, 244.916649
4.790004, 245.736114
5.253413, 246.705151
5.714624, 247.786603
6.173459, 248.954646
6.629781, 250.190780
7.083480, 251.481416
7.534466, 252.816348
7.982663, 254.187765
8.428004, 255.589589
8.870429, 257.017020
9.309885, 258.466216
9.746322, 259.934070
10.179694, 261.418035
10.609958, 262.916012
11.037072, 264.426249
11.460997, 265.947277
11.881694, 267.477850
12.299128, 269.016910
12.713262, 270.563549
13.124062, 272.116984
13.531493, 273.676539
13.935524, 275.241621
14.336120, 276.811716
14.733251, 278.386370
15.126884, 279.965182
15.516990, 281.547799
15.903537, 283.133906
16.286497, 284.723222
16.665838, 286.315496
17.041534, 287.910504
17.413553, 289.508042
17.781870, 291.107928
18.146454, 292.709998
18.507280, 294.314100
18.864320, 295.920100
19.217546, 297.527873
19.566933, 299.137307
19.912454, 300.748297
20.254083, 302.360750
20.591795, 303.974578
20.925565, 305.589702
21.255368, 307.206048
21.581179, 308.823549
21.902973, 310.442141
22.220728, 312.061768
22.534420, 313.682374
22.844025, 315.303912
23.149520, 316.926333
23.450883, 318.549596
23.748091, 320.173661
24.041123, 321.798490
24.329956, 323.424049
24.614570, 325.050305
24.894944, 326.677228
25.171056, 328.304789
25.442886, 329.932963
25.710415, 331.561725
25.973622, 333.191050
26.232488, 334.820917
26.486995, 336.451307
26.737122, 338.082198
26.982853, 339.713575
27.224168, 341.345418
27.461051, 342.977713
27.693483, 344.610445
27.921448, 346.243598
28.144928, 347.877160
28.363908, 349.511119
28.578371, 351.145461
28.788301, 352.780177
28.993683, 354.415256
29.194503, 356.050687
29.390744, 357.686462
29.582393, 359.322571
29.769436, 0.959006
29.951859, 2.595760
30.129648, 4.232824
30.302791, 5.870193
30.471274, 7.507859
30.635086, 9.145817
30.794214, 10.784060
30.948647, 12.422584
31.098373, 14.061383
31.243382, 15.700452
31.383662, 17.339787
31.519204, 18.979384
31.649997, 20.619239
31.776033, 22.259349
31.897301, 23.899710
32.013792, 25.540319
32.125499, 27.181173
32.232414, 28.822270
32.334527, 30.463608
32.431832, 32.105184
32.524322, 33.746996
32.611990, 35.389043
32.694829, 37.031324
32.772833, 38.673837
32.845998, 40.316581
32.914317, 41.959555
32.977785, 43.602758
33.036398, 45.246191
33.090151, 46.889852
33.139041, 48.533743
33.183064, 50.177862
33.222217, 51.822210
33.256496, 53.466787
33.285901, 55.111595
33.310427, 56.756634
33.330075, 58.401905
33.344841, 60.047409
33.354726, 61.693148
33.359728, 63.339122
33.359847, 64.985335
33.355084, 66.631788
33.345438, 68.278482
33.330910, 69.925421
33.311502, 71.572607
33.287215, 73.220043
33.258050, 74.867731
33.224011, 76.515675
33.185099, 78.163878
33.141317, 79.812344
33.092669, 81.461076
33.039158, 83.110079
32.980789, 84.759356
32.917565, 86.408914
32.849492, 88.058755
32.776574, 89.708887
32.698817, 91.359312
32.616227, 93.010039
32.528809, 94.661071
32.436571, 96.312417
32.339518, 97.964081
32.237660, 99.616072
32.131002, 101.268396
32.019552, 102.921061
31.903320, 104.574075
31.782314, 106.227447
31.656542, 107.881185
31.526014, 109.535299
31.390740, 111.189797
31.250730, 112.844692
31.105994, 114.499993
30.956543, 116.155711
30.802388, 117.811858
30.643541, 119.468447
30.480013, 121.125491
30.311816, 122.783003
30.138963, 124.440997
29.961468, 126.099489
29.779342, 127.758495
29.592600, 129.418031
29.401255, 131.078115
29.205322, 132.738765
29.004815, 134.400000
28.799750, 136.061841
28.590141, 137.724310
28.376005, 139.387429
28.157356, 141.051222
27.934212, 142.715714
27.706590, 144.380933
27.474505, 146.046905
27.237976, 147.713661
26.997021, 149.381233
26.751657, 151.049653
26.501902, 152.718957
26.247777, 154.389182
25.989298, 156.060368
25.726487, 157.732558
25.459363, 159.405795
25.187945, 161.080127
24.912255, 162.755606
24.632313, 164.432284
24.348141, 166.110219
24.059760, 167.789473
23.767191, 169.470112
23.470458, 171.152205
23.169583, 172.835827
22.864588, 174.521059
22.555498, 176.207986
22.242335, 177.896703
21.925124, 179.587308
21.603890, 181.279909
21.278657, 182.974622
20.949450, 184.671572
20.616296, 186.370894
20.279220, 188.072736
19.938249, 189.777255
19.593410, 191.484626
19.244730, 193.195037
18.892237, 194.908693
18.535960, 196.625818
18.175927, 198.346660
17.812168, 200.071487
17.444712, 201.800596
17.073592, 203.534316
16.698837, 205.273006
16.320480, 207.017069
15.938553, 208.766948
15.553091, 210.523139
15.164127, 212.286196
14.771698, 214.056739
14.375839, 215.835464
13.976589, 217.623160
13.573987, 219.420716
13.168073, 221.229145
12.758892, 223.049604
12.346486, 224.883418
11.930905, 226.732115
11.512198, 228.597464
11.090419, 230.481527
10.665626, 232.386717
10.237882, 234.315882
9.807257, 236.272399
9.373828, 238.260313
8.937682, 240.284499
8.498916, 242.350891
8.057647, 244.466780
7.614008, 246.641228
7.168162, 248.885625
6.720305, 251.214487
6.270685, 253.646588
5.819616, 256.206614
5.367513, 258.927646
4.914932, 261.854962
4.462648, 265.052044
4.011772, 268.610355
3.563969, 272.665784
3.121837, 277.427160
2.689637, 283.226877
2.274752, 290.610257
1.890661, 300.477730
1.562703, 314.203680
1.335778, 333.172660
1.268372, 356.455149
1.386621, 19.014081
1.653275, 36.631490
2.011872, 49.260864
2.423344, 58.409136
2.866192, 65.336519
3.328921, 70.840823
3.805150, 75.403923
4.291139, 79.321401
4.784578, 82.780550
5.283969, 85.904291
5.788295, 88.776010
6.296845, 91.453992
6.809098, 93.980065
7.324666, 96.384957
7.843248, 98.691711
8.364606, 100.917924
8.888548, 103.077254
9.414912, 105.180458
9.943565, 107.236116
10.474388, 109.251152
11.007280, 111.231218
11.542150, 113.180964
12.078914, 115.104258
12.617496, 117.004337
13.157828, 118.883933
13.699842, 120.745366
14.243477, 122.590622
14.788675, 124.421405
15.335378, 126.239191
15.883532, 128.045261
16.433084, 129.840735
16.983983, 131.626592
17.536179, 133.403698
18.089623, 135.172815
18.644266, 136.934621
19.200062, 138.689719
19.756963, 140.438648
20.314923, 142.181889
20.873896, 143.919878
21.433838, 145.653004
21.994702, 147.381620
22.556445, 149.106046
23.119021, 150.826572
23.682387, 152.543461
24.246499, 154.256956
24.811312, 155.967274
25.376783, 157.674619
25.942869, 159.379174
26.509525, 161.081109
27.076710, 162.780580
27.644378, 164.477732
28.212489, 166.172697
28.780997, 167.865599
29.349861, 169.556551
29.919038, 171.245659
30.488484, 172.933022
31.058157, 174.618730
31.628014, 176.302869
32.198013, 177.985519
32.768110, 179.666752
33.338264, 181.346639
33.908431, 183.025244
34.478569, 184.702628
35.048637, 186.378848
35.618590, 188.053957
36.188388, 189.728005
36.757987, 191.401040
37.327346, 193.073106
37.896422, 194.744245
38.465173, 196.414496
39.033557, 198.083897
39.601531, 199.752482
40.169055, 201.420286
40.736085, 203.087338
41.302581, 204.753671
41.868499, 206.419310
42.433799, 208.084284
42.998439, 209.748617
43.562376, 211.412334
44.125570, 213.075458
44.687978, 214.738010
45.249560, 216.400011
45.810273, 218.061480
46.370078, 219.722437
46.928931, 221.382900
47.486793, 223.042885
48.043622, 224.702408
48.599377, 226.361486
49.154017, 228.020132
49.707502, 229.678362
50.259790, 231.336188
50.810841, 232.993624
51.360615, 234.650682
51.909071, 236.307373
52.456168, 237.963710
53.001867, 239.619703
53.546128, 241.275362
54.088909, 242.930698
54.630172, 244.585719
55.169877, 246.240436
55.707984, 247.894857
56.244453, 249.548990
56.779245, 251.202844
57.312321, 252.856427
57.843642, 254.509745
58.373168, 256.162807
58.900861, 257.815619
59.426681, 259.468188
59.950591, 261.120520
60.472552, 262.772622
60.992525, 264.424499
61.510472, 266.076158
62.026356, 267.727604
62.540138, 269.378842
63.051781, 271.029878
63.561246, 272.680716
64.068498, 274.331361
64.573497, 275.981818
65.076209, 277.632092
65.576594, 279.282186
66.074618, 280.932106
66.570242, 282.581854
67.063432, 284.231435
67.554150, 285.880853
68.042361, 287.530112
68.528028, 289.179214
69.011117, 290.828163
69.491591, 292.476964
69.969415, 294.125618
70.444556, 295.774129
70.916976, 297.422499
71.386642, 299.070733
71.853520, 300.718833
72.317575, 302.366800
72.778773, 304.014639
##END=
