##TITLE= Parameter file, TopSpin 4.3.0
##JCAMPDX= 5.0
##DATATYPE= Parameter Values
##ORIGIN= Bruker BioSpin GmbH
##OWNER= nmrsu
$$ 2024-05-21 15:20:55.820 +0100  nmrsu@4CE1161FJM
$$ C:/Bruker/TopSpin4.3.0/exp/stan/nmr/lists/wave/user/multisupp_aux_d8
$$ process C:\Bruker\TopSpin4.3.0\prog\mod\xwinshape.exe
##MINX= 17.02367200
##MAXX= 99.99952800
##MINY= 0.30738200
##MAXY= 359.69261800
##$SHAPE_ADDPHASE= 0
##$SHAPE_AMP= 99.9995284
##$SHAPE_BWFAC= 0
##$SHAPE_BWFAC50= 0
##$SHAPE_CALCBW= yes
##$SHAPE_CALCINTEG= yes
##$SHAPE_EXMODE= <Excitation>
##$SHAPE_EXPAND= <>
##$SHAPE_EXPANDCF= (0..143)
0 0 0 0 0 0 0 0 0 0 0 0 0 0 0 0 0 0 0 0 0 0 0 0 0 0 0 0 0 0 0 0 0 0 0 0
0 0 0 0 0 0 0 0 0 0 0 0 0 0 0 0 0 0 0 0 0 0 0 0 0 0 0 0 0 0 0 0 0 0 0 0
0 0 0 0 0 0 0 0 0 0 0 0 0 0 0 0 0 0 0 0 0 0 0 0 0 0 0 0 0 0 0 0 0 0 0 0
0 0 0 0 0 0 0 0 0 0 0 0 0 0 0 0 0 0 0 0 0 0 0 0 0 0 0 0 0 0 0 0 0 0 0 0
##$SHAPE_EXPFAC= 0
##$SHAPE_FRACEND= 0
##$SHAPE_FRACORG= 0
##$SHAPE_FRACSTART= 0
##$SHAPE_INTEGFAC= 0
##$SHAPE_KEEPRES= yes
##$SHAPE_LENGTH= 25000.000373
##$SHAPE_MAN= <M>
##$SHAPE_MODE= 4
##$SHAPE_MODFREQ= 0
##$SHAPE_MODPHASE= 0
##$SHAPE_MODSCALE= 0
##$SHAPE_MODSW= 0
##$SHAPE_MODSWDIR= -1
##$SHAPE_NPOINTS= 1250
##$SHAPE_OFFS= <1 4>
##$SHAPE_OFFSCOEFF= (0..95)
-158.47733 0 100 -207.30711 0 100 -226.21699 0 100 -294.7198 0 100 0 0
0 0 0 0 0 0 0 0 0 0 0 0 0 0 0 0 0 0 0 0 0 0 0 0 0 0 0 0 0 0 0 0 0 0 0 0
0 0 0 0 0 0 0 0 0 0 0 0 0 0 0 0 0 0 0 0 0 0 0 0 0 0 0 0 0 0 0 0 0 0 0 0
0 0 0 0 0 0 0 0 0 0
##$SHAPE_PARAMETER= <>
##$SHAPE_REPHFAC= 0
##$SHAPE_RES= 0
##$SHAPE_SCALEFAC= 1.00000472
##$SHAPE_SCALETYPE= 0
##$SHAPE_SPOAL= 0
##$SHAPE_SPOFFS= 0
##$SHAPE_SPOPH= 0
##$SHAPE_TOTROT= 90
##$SHAPE_TYPE= <Excitation>
##$SHAPE_USER_DEF= <>
##$SHAPE_VERSION= 2.1
##$SHL_ADDPHASE= (0..15)
0 0 0 0 0 0 0 0 0 0 0 0 0 0 0 0
##$SHL_ALIGNOFFSET= (0..15)
0 0 0 0 0 0 0 0 0 0 0 0 0 0 0 0
##$SHL_AMP= (0..15)
100 0 0 0 0 0 0 0 0 0 0 0 0 0 0 0
##$SHL_AMPFAC= (0..15)
0 0 0 0 0 0 0 0 0 0 0 0 0 0 0 0
##$SHL_BETA= (0..15)
0 0 0 0 0 0 0 0 0 0 0 0 0 0 0 0
##$SHL_BWFAC= (0..15)
1.116 0 0 0 0 0 0 0 0 0 0 0 0 0 0 0
##$SHL_CALCBW= (0..15)
yes yes yes yes yes yes yes yes yes yes yes yes yes yes yes yes
##$SHL_CALCINTEG= (0..15)
yes yes yes yes yes yes yes yes yes yes yes yes yes yes yes yes
##$SHL_CENTERAMP= (0..15)
0 0 0 0 0 0 0 0 0 0 0 0 0 0 0 0
##$SHL_CYCNUM= (0..15)
0 0 0 0 0 0 0 0 0 0 0 0 0 0 0 0
##$SHL_DIPOLCPL= (0..15)
0 0 0 0 0 0 0 0 0 0 0 0 0 0 0 0
##$SHL_ENDAMP= (0..15)
0 0 0 0 0 0 0 0 0 0 0 0 0 0 0 0
##$SHL_EXMODE= (0..15)
<Excitation> <> <> <> <> <> <> <> <> <> <> <> <> <> <> <>
##$SHL_EXPAND= (0..15)
<> <> <> <> <> <> <> <> <> <> <> <> <> <> <> <>
##$SHL_EXPANDCF0= (0..143)
0 0 0 0 0 0 0 0 0 0 0 0 0 0 0 0 0 0 0 0 0 0 0 0 0 0 0 0 0 0 0 0 0 0 0 0
0 0 0 0 0 0 0 0 0 0 0 0 0 0 0 0 0 0 0 0 0 0 0 0 0 0 0 0 0 0 0 0 0 0 0 0
0 0 0 0 0 0 0 0 0 0 0 0 0 0 0 0 0 0 0 0 0 0 0 0 0 0 0 0 0 0 0 0 0 0 0 0
0 0 0 0 0 0 0 0 0 0 0 0 0 0 0 0 0 0 0 0 0 0 0 0 0 0 0 0 0 0 0 0 0 0 0 0
##$SHL_EXPANDCF1= (0..143)
0 0 0 0 0 0 0 0 0 0 0 0 0 0 0 0 0 0 0 0 0 0 0 0 0 0 0 0 0 0 0 0 0 0 0 0
0 0 0 0 0 0 0 0 0 0 0 0 0 0 0 0 0 0 0 0 0 0 0 0 0 0 0 0 0 0 0 0 0 0 0 0
0 0 0 0 0 0 0 0 0 0 0 0 0 0 0 0 0 0 0 0 0 0 0 0 0 0 0 0 0 0 0 0 0 0 0 0
0 0 0 0 0 0 0 0 0 0 0 0 0 0 0 0 0 0 0 0 0 0 0 0 0 0 0 0 0 0 0 0 0 0 0 0
##$SHL_EXPANDCF10= (0..143)
0 0 0 0 0 0 0 0 0 0 0 0 0 0 0 0 0 0 0 0 0 0 0 0 0 0 0 0 0 0 0 0 0 0 0 0
0 0 0 0 0 0 0 0 0 0 0 0 0 0 0 0 0 0 0 0 0 0 0 0 0 0 0 0 0 0 0 0 0 0 0 0
0 0 0 0 0 0 0 0 0 0 0 0 0 0 0 0 0 0 0 0 0 0 0 0 0 0 0 0 0 0 0 0 0 0 0 0
0 0 0 0 0 0 0 0 0 0 0 0 0 0 0 0 0 0 0 0 0 0 0 0 0 0 0 0 0 0 0 0 0 0 0 0
##$SHL_EXPANDCF11= (0..143)
0 0 0 0 0 0 0 0 0 0 0 0 0 0 0 0 0 0 0 0 0 0 0 0 0 0 0 0 0 0 0 0 0 0 0 0
0 0 0 0 0 0 0 0 0 0 0 0 0 0 0 0 0 0 0 0 0 0 0 0 0 0 0 0 0 0 0 0 0 0 0 0
0 0 0 0 0 0 0 0 0 0 0 0 0 0 0 0 0 0 0 0 0 0 0 0 0 0 0 0 0 0 0 0 0 0 0 0
0 0 0 0 0 0 0 0 0 0 0 0 0 0 0 0 0 0 0 0 0 0 0 0 0 0 0 0 0 0 0 0 0 0 0 0
##$SHL_EXPANDCF12= (0..143)
0 0 0 0 0 0 0 0 0 0 0 0 0 0 0 0 0 0 0 0 0 0 0 0 0 0 0 0 0 0 0 0 0 0 0 0
0 0 0 0 0 0 0 0 0 0 0 0 0 0 0 0 0 0 0 0 0 0 0 0 0 0 0 0 0 0 0 0 0 0 0 0
0 0 0 0 0 0 0 0 0 0 0 0 0 0 0 0 0 0 0 0 0 0 0 0 0 0 0 0 0 0 0 0 0 0 0 0
0 0 0 0 0 0 0 0 0 0 0 0 0 0 0 0 0 0 0 0 0 0 0 0 0 0 0 0 0 0 0 0 0 0 0 0
##$SHL_EXPANDCF13= (0..143)
0 0 0 0 0 0 0 0 0 0 0 0 0 0 0 0 0 0 0 0 0 0 0 0 0 0 0 0 0 0 0 0 0 0 0 0
0 0 0 0 0 0 0 0 0 0 0 0 0 0 0 0 0 0 0 0 0 0 0 0 0 0 0 0 0 0 0 0 0 0 0 0
0 0 0 0 0 0 0 0 0 0 0 0 0 0 0 0 0 0 0 0 0 0 0 0 0 0 0 0 0 0 0 0 0 0 0 0
0 0 0 0 0 0 0 0 0 0 0 0 0 0 0 0 0 0 0 0 0 0 0 0 0 0 0 0 0 0 0 0 0 0 0 0
##$SHL_EXPANDCF14= (0..143)
0 0 0 0 0 0 0 0 0 0 0 0 0 0 0 0 0 0 0 0 0 0 0 0 0 0 0 0 0 0 0 0 0 0 0 0
0 0 0 0 0 0 0 0 0 0 0 0 0 0 0 0 0 0 0 0 0 0 0 0 0 0 0 0 0 0 0 0 0 0 0 0
0 0 0 0 0 0 0 0 0 0 0 0 0 0 0 0 0 0 0 0 0 0 0 0 0 0 0 0 0 0 0 0 0 0 0 0
0 0 0 0 0 0 0 0 0 0 0 0 0 0 0 0 0 0 0 0 0 0 0 0 0 0 0 0 0 0 0 0 0 0 0 0
##$SHL_EXPANDCF15= (0..143)
0 0 0 0 0 0 0 0 0 0 0 0 0 0 0 0 0 0 0 0 0 0 0 0 0 0 0 0 0 0 0 0 0 0 0 0
0 0 0 0 0 0 0 0 0 0 0 0 0 0 0 0 0 0 0 0 0 0 0 0 0 0 0 0 0 0 0 0 0 0 0 0
0 0 0 0 0 0 0 0 0 0 0 0 0 0 0 0 0 0 0 0 0 0 0 0 0 0 0 0 0 0 0 0 0 0 0 0
0 0 0 0 0 0 0 0 0 0 0 0 0 0 0 0 0 0 0 0 0 0 0 0 0 0 0 0 0 0 0 0 0 0 0 0
##$SHL_EXPANDCF2= (0..143)
0 0 0 0 0 0 0 0 0 0 0 0 0 0 0 0 0 0 0 0 0 0 0 0 0 0 0 0 0 0 0 0 0 0 0 0
0 0 0 0 0 0 0 0 0 0 0 0 0 0 0 0 0 0 0 0 0 0 0 0 0 0 0 0 0 0 0 0 0 0 0 0
0 0 0 0 0 0 0 0 0 0 0 0 0 0 0 0 0 0 0 0 0 0 0 0 0 0 0 0 0 0 0 0 0 0 0 0
0 0 0 0 0 0 0 0 0 0 0 0 0 0 0 0 0 0 0 0 0 0 0 0 0 0 0 0 0 0 0 0 0 0 0 0
##$SHL_EXPANDCF3= (0..143)
0 0 0 0 0 0 0 0 0 0 0 0 0 0 0 0 0 0 0 0 0 0 0 0 0 0 0 0 0 0 0 0 0 0 0 0
0 0 0 0 0 0 0 0 0 0 0 0 0 0 0 0 0 0 0 0 0 0 0 0 0 0 0 0 0 0 0 0 0 0 0 0
0 0 0 0 0 0 0 0 0 0 0 0 0 0 0 0 0 0 0 0 0 0 0 0 0 0 0 0 0 0 0 0 0 0 0 0
0 0 0 0 0 0 0 0 0 0 0 0 0 0 0 0 0 0 0 0 0 0 0 0 0 0 0 0 0 0 0 0 0 0 0 0
##$SHL_EXPANDCF4= (0..143)
0 0 0 0 0 0 0 0 0 0 0 0 0 0 0 0 0 0 0 0 0 0 0 0 0 0 0 0 0 0 0 0 0 0 0 0
0 0 0 0 0 0 0 0 0 0 0 0 0 0 0 0 0 0 0 0 0 0 0 0 0 0 0 0 0 0 0 0 0 0 0 0
0 0 0 0 0 0 0 0 0 0 0 0 0 0 0 0 0 0 0 0 0 0 0 0 0 0 0 0 0 0 0 0 0 0 0 0
0 0 0 0 0 0 0 0 0 0 0 0 0 0 0 0 0 0 0 0 0 0 0 0 0 0 0 0 0 0 0 0 0 0 0 0
##$SHL_EXPANDCF5= (0..143)
0 0 0 0 0 0 0 0 0 0 0 0 0 0 0 0 0 0 0 0 0 0 0 0 0 0 0 0 0 0 0 0 0 0 0 0
0 0 0 0 0 0 0 0 0 0 0 0 0 0 0 0 0 0 0 0 0 0 0 0 0 0 0 0 0 0 0 0 0 0 0 0
0 0 0 0 0 0 0 0 0 0 0 0 0 0 0 0 0 0 0 0 0 0 0 0 0 0 0 0 0 0 0 0 0 0 0 0
0 0 0 0 0 0 0 0 0 0 0 0 0 0 0 0 0 0 0 0 0 0 0 0 0 0 0 0 0 0 0 0 0 0 0 0
##$SHL_EXPANDCF6= (0..143)
0 0 0 0 0 0 0 0 0 0 0 0 0 0 0 0 0 0 0 0 0 0 0 0 0 0 0 0 0 0 0 0 0 0 0 0
0 0 0 0 0 0 0 0 0 0 0 0 0 0 0 0 0 0 0 0 0 0 0 0 0 0 0 0 0 0 0 0 0 0 0 0
0 0 0 0 0 0 0 0 0 0 0 0 0 0 0 0 0 0 0 0 0 0 0 0 0 0 0 0 0 0 0 0 0 0 0 0
0 0 0 0 0 0 0 0 0 0 0 0 0 0 0 0 0 0 0 0 0 0 0 0 0 0 0 0 0 0 0 0 0 0 0 0
##$SHL_EXPANDCF7= (0..143)
0 0 0 0 0 0 0 0 0 0 0 0 0 0 0 0 0 0 0 0 0 0 0 0 0 0 0 0 0 0 0 0 0 0 0 0
0 0 0 0 0 0 0 0 0 0 0 0 0 0 0 0 0 0 0 0 0 0 0 0 0 0 0 0 0 0 0 0 0 0 0 0
0 0 0 0 0 0 0 0 0 0 0 0 0 0 0 0 0 0 0 0 0 0 0 0 0 0 0 0 0 0 0 0 0 0 0 0
0 0 0 0 0 0 0 0 0 0 0 0 0 0 0 0 0 0 0 0 0 0 0 0 0 0 0 0 0 0 0 0 0 0 0 0
##$SHL_EXPANDCF8= (0..143)
0 0 0 0 0 0 0 0 0 0 0 0 0 0 0 0 0 0 0 0 0 0 0 0 0 0 0 0 0 0 0 0 0 0 0 0
0 0 0 0 0 0 0 0 0 0 0 0 0 0 0 0 0 0 0 0 0 0 0 0 0 0 0 0 0 0 0 0 0 0 0 0
0 0 0 0 0 0 0 0 0 0 0 0 0 0 0 0 0 0 0 0 0 0 0 0 0 0 0 0 0 0 0 0 0 0 0 0
0 0 0 0 0 0 0 0 0 0 0 0 0 0 0 0 0 0 0 0 0 0 0 0 0 0 0 0 0 0 0 0 0 0 0 0
##$SHL_EXPANDCF9= (0..143)
0 0 0 0 0 0 0 0 0 0 0 0 0 0 0 0 0 0 0 0 0 0 0 0 0 0 0 0 0 0 0 0 0 0 0 0
0 0 0 0 0 0 0 0 0 0 0 0 0 0 0 0 0 0 0 0 0 0 0 0 0 0 0 0 0 0 0 0 0 0 0 0
0 0 0 0 0 0 0 0 0 0 0 0 0 0 0 0 0 0 0 0 0 0 0 0 0 0 0 0 0 0 0 0 0 0 0 0
0 0 0 0 0 0 0 0 0 0 0 0 0 0 0 0 0 0 0 0 0 0 0 0 0 0 0 0 0 0 0 0 0 0 0 0
##$SHL_EXPFAC= (0..15)
0 0 0 0 0 0 0 0 0 0 0 0 0 0 0 0
##$SHL_FRACEND= (0..15)
0 0 0 0 0 0 0 0 0 0 0 0 0 0 0 0
##$SHL_FRACORG= (0..15)
0 0 0 0 0 0 0 0 0 0 0 0 0 0 0 0
##$SHL_FRACSTART= (0..15)
0 0 0 0 0 0 0 0 0 0 0 0 0 0 0 0
##$SHL_FULLHALF= (0..15)
0 0 0 0 0 0 0 0 0 0 0 0 0 0 0 0
##$SHL_FUNCAMP= (0..15)
100 0 0 0 0 0 0 0 0 0 0 0 0 0 0 0
##$SHL_FUNCTION= (0..15)
<Rectangle> <> <> <> <> <> <> <> <> <> <> <> <> <> <> <>
##$SHL_GCO= (0..15)
<> <> <> <> <> <> <> <> <> <> <> <> <> <> <> <>
##$SHL_GCOCOEFFS0= (0..59)
0 0 0 0 0 0 0 0 0 0 0 0 0 0 0 0 0 0 0 0 0 0 0 0 0 0 0 0 0 0 0 0 0 0 0 0
0 0 0 0 0 0 0 0 0 0 0 0 0 0 0 0 0 0 0 0 0 0 0 0
##$SHL_GCOCOEFFS1= (0..59)
0 0 0 0 0 0 0 0 0 0 0 0 0 0 0 0 0 0 0 0 0 0 0 0 0 0 0 0 0 0 0 0 0 0 0 0
0 0 0 0 0 0 0 0 0 0 0 0 0 0 0 0 0 0 0 0 0 0 0 0
##$SHL_GCOCOEFFS10= (0..59)
0 0 0 0 0 0 0 0 0 0 0 0 0 0 0 0 0 0 0 0 0 0 0 0 0 0 0 0 0 0 0 0 0 0 0 0
0 0 0 0 0 0 0 0 0 0 0 0 0 0 0 0 0 0 0 0 0 0 0 0
##$SHL_GCOCOEFFS11= (0..59)
0 0 0 0 0 0 0 0 0 0 0 0 0 0 0 0 0 0 0 0 0 0 0 0 0 0 0 0 0 0 0 0 0 0 0 0
0 0 0 0 0 0 0 0 0 0 0 0 0 0 0 0 0 0 0 0 0 0 0 0
##$SHL_GCOCOEFFS12= (0..59)
0 0 0 0 0 0 0 0 0 0 0 0 0 0 0 0 0 0 0 0 0 0 0 0 0 0 0 0 0 0 0 0 0 0 0 0
0 0 0 0 0 0 0 0 0 0 0 0 0 0 0 0 0 0 0 0 0 0 0 0
##$SHL_GCOCOEFFS13= (0..59)
0 0 0 0 0 0 0 0 0 0 0 0 0 0 0 0 0 0 0 0 0 0 0 0 0 0 0 0 0 0 0 0 0 0 0 0
0 0 0 0 0 0 0 0 0 0 0 0 0 0 0 0 0 0 0 0 0 0 0 0
##$SHL_GCOCOEFFS14= (0..59)
0 0 0 0 0 0 0 0 0 0 0 0 0 0 0 0 0 0 0 0 0 0 0 0 0 0 0 0 0 0 0 0 0 0 0 0
0 0 0 0 0 0 0 0 0 0 0 0 0 0 0 0 0 0 0 0 0 0 0 0
##$SHL_GCOCOEFFS15= (0..59)
0 0 0 0 0 0 0 0 0 0 0 0 0 0 0 0 0 0 0 0 0 0 0 0 0 0 0 0 0 0 0 0 0 0 0 0
0 0 0 0 0 0 0 0 0 0 0 0 0 0 0 0 0 0 0 0 0 0 0 0
##$SHL_GCOCOEFFS2= (0..59)
0 0 0 0 0 0 0 0 0 0 0 0 0 0 0 0 0 0 0 0 0 0 0 0 0 0 0 0 0 0 0 0 0 0 0 0
0 0 0 0 0 0 0 0 0 0 0 0 0 0 0 0 0 0 0 0 0 0 0 0
##$SHL_GCOCOEFFS3= (0..59)
0 0 0 0 0 0 0 0 0 0 0 0 0 0 0 0 0 0 0 0 0 0 0 0 0 0 0 0 0 0 0 0 0 0 0 0
0 0 0 0 0 0 0 0 0 0 0 0 0 0 0 0 0 0 0 0 0 0 0 0
##$SHL_GCOCOEFFS4= (0..59)
0 0 0 0 0 0 0 0 0 0 0 0 0 0 0 0 0 0 0 0 0 0 0 0 0 0 0 0 0 0 0 0 0 0 0 0
0 0 0 0 0 0 0 0 0 0 0 0 0 0 0 0 0 0 0 0 0 0 0 0
##$SHL_GCOCOEFFS5= (0..59)
0 0 0 0 0 0 0 0 0 0 0 0 0 0 0 0 0 0 0 0 0 0 0 0 0 0 0 0 0 0 0 0 0 0 0 0
0 0 0 0 0 0 0 0 0 0 0 0 0 0 0 0 0 0 0 0 0 0 0 0
##$SHL_GCOCOEFFS6= (0..59)
0 0 0 0 0 0 0 0 0 0 0 0 0 0 0 0 0 0 0 0 0 0 0 0 0 0 0 0 0 0 0 0 0 0 0 0
0 0 0 0 0 0 0 0 0 0 0 0 0 0 0 0 0 0 0 0 0 0 0 0
##$SHL_GCOCOEFFS7= (0..59)
0 0 0 0 0 0 0 0 0 0 0 0 0 0 0 0 0 0 0 0 0 0 0 0 0 0 0 0 0 0 0 0 0 0 0 0
0 0 0 0 0 0 0 0 0 0 0 0 0 0 0 0 0 0 0 0 0 0 0 0
##$SHL_GCOCOEFFS8= (0..59)
0 0 0 0 0 0 0 0 0 0 0 0 0 0 0 0 0 0 0 0 0 0 0 0 0 0 0 0 0 0 0 0 0 0 0 0
0 0 0 0 0 0 0 0 0 0 0 0 0 0 0 0 0 0 0 0 0 0 0 0
##$SHL_GCOCOEFFS9= (0..59)
0 0 0 0 0 0 0 0 0 0 0 0 0 0 0 0 0 0 0 0 0 0 0 0 0 0 0 0 0 0 0 0 0 0 0 0
0 0 0 0 0 0 0 0 0 0 0 0 0 0 0 0 0 0 0 0 0 0 0 0
##$SHL_INTEGFAC= (0..15)
1 0 0 0 0 0 0 0 0 0 0 0 0 0 0 0
##$SHL_LB= (0..15)
0 0 0 0 0 0 0 0 0 0 0 0 0 0 0 0
##$SHL_LEFTLIMIT= (0..15)
0 0 0 0 0 0 0 0 0 0 0 0 0 0 0 0
##$SHL_LENGTH= (0..15)
25000.000373 0 0 0 0 0 0 0 0 0 0 0 0 0 0 0
##$SHL_MAN= (0..15)
<> <> <> <> <> <> <> <> <> <> <> <> <> <> <> <>
##$SHL_MEANAMP= (0..15)
0 0 0 0 0 0 0 0 0 0 0 0 0 0 0 0
##$SHL_MODAMP= (0..15)
0 0 0 0 0 0 0 0 0 0 0 0 0 0 0 0
##$SHL_MODE= (0..15)
0 0 0 0 0 0 0 0 0 0 0 0 0 0 0 0
##$SHL_MODFREQ= (0..15)
0 0 0 0 0 0 0 0 0 0 0 0 0 0 0 0
##$SHL_MODPHASE= (0..15)
0 0 0 0 0 0 0 0 0 0 0 0 0 0 0 0
##$SHL_MODSCALE= (0..15)
0 0 0 0 0 0 0 0 0 0 0 0 0 0 0 0
##$SHL_MODSW= (0..15)
0 0 0 0 0 0 0 0 0 0 0 0 0 0 0 0
##$SHL_MODSWDIR= (0..15)
-1 -1 -1 -1 -1 -1 -1 -1 -1 -1 -1 -1 -1 -1 -1 -1
##$SHL_MU= (0..15)
0 0 0 0 0 0 0 0 0 0 0 0 0 0 0 0
##$SHL_NPOINTS= (0..15)
1250 0 0 0 0 0 0 0 0 0 0 0 0 0 0 0
##$SHL_OFFS= (0..15)
<> <> <> <> <> <> <> <> <> <> <> <> <> <> <> <>
##$SHL_OFFSCOEFF0= (0..95)
0 0 0 0 0 0 0 0 0 0 0 0 0 0 0 0 0 0 0 0 0 0 0 0 0 0 0 0 0 0 0 0 0 0 0 0
0 0 0 0 0 0 0 0 0 0 0 0 0 0 0 0 0 0 0 0 0 0 0 0 0 0 0 0 0 0 0 0 0 0 0 0
0 0 0 0 0 0 0 0 0 0 0 0 0 0 0 0 0 0 0 0 0 0 0 0
##$SHL_OFFSCOEFF1= (0..95)
0 0 0 0 0 0 0 0 0 0 0 0 0 0 0 0 0 0 0 0 0 0 0 0 0 0 0 0 0 0 0 0 0 0 0 0
0 0 0 0 0 0 0 0 0 0 0 0 0 0 0 0 0 0 0 0 0 0 0 0 0 0 0 0 0 0 0 0 0 0 0 0
0 0 0 0 0 0 0 0 0 0 0 0 0 0 0 0 0 0 0 0 0 0 0 0
##$SHL_OFFSCOEFF10= (0..95)
0 0 0 0 0 0 0 0 0 0 0 0 0 0 0 0 0 0 0 0 0 0 0 0 0 0 0 0 0 0 0 0 0 0 0 0
0 0 0 0 0 0 0 0 0 0 0 0 0 0 0 0 0 0 0 0 0 0 0 0 0 0 0 0 0 0 0 0 0 0 0 0
0 0 0 0 0 0 0 0 0 0 0 0 0 0 0 0 0 0 0 0 0 0 0 0
##$SHL_OFFSCOEFF11= (0..95)
0 0 0 0 0 0 0 0 0 0 0 0 0 0 0 0 0 0 0 0 0 0 0 0 0 0 0 0 0 0 0 0 0 0 0 0
0 0 0 0 0 0 0 0 0 0 0 0 0 0 0 0 0 0 0 0 0 0 0 0 0 0 0 0 0 0 0 0 0 0 0 0
0 0 0 0 0 0 0 0 0 0 0 0 0 0 0 0 0 0 0 0 0 0 0 0
##$SHL_OFFSCOEFF12= (0..95)
0 0 0 0 0 0 0 0 0 0 0 0 0 0 0 0 0 0 0 0 0 0 0 0 0 0 0 0 0 0 0 0 0 0 0 0
0 0 0 0 0 0 0 0 0 0 0 0 0 0 0 0 0 0 0 0 0 0 0 0 0 0 0 0 0 0 0 0 0 0 0 0
0 0 0 0 0 0 0 0 0 0 0 0 0 0 0 0 0 0 0 0 0 0 0 0
##$SHL_OFFSCOEFF13= (0..95)
0 0 0 0 0 0 0 0 0 0 0 0 0 0 0 0 0 0 0 0 0 0 0 0 0 0 0 0 0 0 0 0 0 0 0 0
0 0 0 0 0 0 0 0 0 0 0 0 0 0 0 0 0 0 0 0 0 0 0 0 0 0 0 0 0 0 0 0 0 0 0 0
0 0 0 0 0 0 0 0 0 0 0 0 0 0 0 0 0 0 0 0 0 0 0 0
##$SHL_OFFSCOEFF14= (0..95)
0 0 0 0 0 0 0 0 0 0 0 0 0 0 0 0 0 0 0 0 0 0 0 0 0 0 0 0 0 0 0 0 0 0 0 0
0 0 0 0 0 0 0 0 0 0 0 0 0 0 0 0 0 0 0 0 0 0 0 0 0 0 0 0 0 0 0 0 0 0 0 0
0 0 0 0 0 0 0 0 0 0 0 0 0 0 0 0 0 0 0 0 0 0 0 0
##$SHL_OFFSCOEFF15= (0..95)
0 0 0 0 0 0 0 0 0 0 0 0 0 0 0 0 0 0 0 0 0 0 0 0 0 0 0 0 0 0 0 0 0 0 0 0
0 0 0 0 0 0 0 0 0 0 0 0 0 0 0 0 0 0 0 0 0 0 0 0 0 0 0 0 0 0 0 0 0 0 0 0
0 0 0 0 0 0 0 0 0 0 0 0 0 0 0 0 0 0 0 0 0 0 0 0
##$SHL_OFFSCOEFF2= (0..95)
0 0 0 0 0 0 0 0 0 0 0 0 0 0 0 0 0 0 0 0 0 0 0 0 0 0 0 0 0 0 0 0 0 0 0 0
0 0 0 0 0 0 0 0 0 0 0 0 0 0 0 0 0 0 0 0 0 0 0 0 0 0 0 0 0 0 0 0 0 0 0 0
0 0 0 0 0 0 0 0 0 0 0 0 0 0 0 0 0 0 0 0 0 0 0 0
##$SHL_OFFSCOEFF3= (0..95)
0 0 0 0 0 0 0 0 0 0 0 0 0 0 0 0 0 0 0 0 0 0 0 0 0 0 0 0 0 0 0 0 0 0 0 0
0 0 0 0 0 0 0 0 0 0 0 0 0 0 0 0 0 0 0 0 0 0 0 0 0 0 0 0 0 0 0 0 0 0 0 0
0 0 0 0 0 0 0 0 0 0 0 0 0 0 0 0 0 0 0 0 0 0 0 0
##$SHL_OFFSCOEFF4= (0..95)
0 0 0 0 0 0 0 0 0 0 0 0 0 0 0 0 0 0 0 0 0 0 0 0 0 0 0 0 0 0 0 0 0 0 0 0
0 0 0 0 0 0 0 0 0 0 0 0 0 0 0 0 0 0 0 0 0 0 0 0 0 0 0 0 0 0 0 0 0 0 0 0
0 0 0 0 0 0 0 0 0 0 0 0 0 0 0 0 0 0 0 0 0 0 0 0
##$SHL_OFFSCOEFF5= (0..95)
0 0 0 0 0 0 0 0 0 0 0 0 0 0 0 0 0 0 0 0 0 0 0 0 0 0 0 0 0 0 0 0 0 0 0 0
0 0 0 0 0 0 0 0 0 0 0 0 0 0 0 0 0 0 0 0 0 0 0 0 0 0 0 0 0 0 0 0 0 0 0 0
0 0 0 0 0 0 0 0 0 0 0 0 0 0 0 0 0 0 0 0 0 0 0 0
##$SHL_OFFSCOEFF6= (0..95)
0 0 0 0 0 0 0 0 0 0 0 0 0 0 0 0 0 0 0 0 0 0 0 0 0 0 0 0 0 0 0 0 0 0 0 0
0 0 0 0 0 0 0 0 0 0 0 0 0 0 0 0 0 0 0 0 0 0 0 0 0 0 0 0 0 0 0 0 0 0 0 0
0 0 0 0 0 0 0 0 0 0 0 0 0 0 0 0 0 0 0 0 0 0 0 0
##$SHL_OFFSCOEFF7= (0..95)
0 0 0 0 0 0 0 0 0 0 0 0 0 0 0 0 0 0 0 0 0 0 0 0 0 0 0 0 0 0 0 0 0 0 0 0
0 0 0 0 0 0 0 0 0 0 0 0 0 0 0 0 0 0 0 0 0 0 0 0 0 0 0 0 0 0 0 0 0 0 0 0
0 0 0 0 0 0 0 0 0 0 0 0 0 0 0 0 0 0 0 0 0 0 0 0
##$SHL_OFFSCOEFF8= (0..95)
0 0 0 0 0 0 0 0 0 0 0 0 0 0 0 0 0 0 0 0 0 0 0 0 0 0 0 0 0 0 0 0 0 0 0 0
0 0 0 0 0 0 0 0 0 0 0 0 0 0 0 0 0 0 0 0 0 0 0 0 0 0 0 0 0 0 0 0 0 0 0 0
0 0 0 0 0 0 0 0 0 0 0 0 0 0 0 0 0 0 0 0 0 0 0 0
##$SHL_OFFSCOEFF9= (0..95)
0 0 0 0 0 0 0 0 0 0 0 0 0 0 0 0 0 0 0 0 0 0 0 0 0 0 0 0 0 0 0 0 0 0 0 0
0 0 0 0 0 0 0 0 0 0 0 0 0 0 0 0 0 0 0 0 0 0 0 0 0 0 0 0 0 0 0 0 0 0 0 0
0 0 0 0 0 0 0 0 0 0 0 0 0 0 0 0 0 0 0 0 0 0 0 0
##$SHL_PHASE= (0..15)
0 0 0 0 0 0 0 0 0 0 0 0 0 0 0 0
##$SHL_PHASEFAC= (0..15)
0 0 0 0 0 0 0 0 0 0 0 0 0 0 0 0
##$SHL_POWERINDEX= (0..15)
0 0 0 0 0 0 0 0 0 0 0 0 0 0 0 0
##$SHL_QUADCOEFF= (0..15)
0 0 0 0 0 0 0 0 0 0 0 0 0 0 0 0
##$SHL_RIGHTLIMIT= (0..15)
0 0 0 0 0 0 0 0 0 0 0 0 0 0 0 0
##$SHL_SCALEFACTOR= (0..15)
1 1 1 1 1 1 1 1 1 1 1 1 1 1 1 1
##$SHL_SF= (0..15)
<> <> <> <> <> <> <> <> <> <> <> <> <> <> <> <>
##$SHL_SFCOEFFS0= (0..200)
0 0 0 0 0 0 0 0 0 0 0 0 0 0 0 0 0 0 0 0 0 0 0 0 0 0 0 0 0 0 0 0 0 0 0 0
0 0 0 0 0 0 0 0 0 0 0 0 0 0 0 0 0 0 0 0 0 0 0 0 0 0 0 0 0 0 0 0 0 0 0 0
0 0 0 0 0 0 0 0 0 0 0 0 0 0 0 0 0 0 0 0 0 0 0 0 0 0 0 0 0 0 0 0 0 0 0 0
0 0 0 0 0 0 0 0 0 0 0 0 0 0 0 0 0 0 0 0 0 0 0 0 0 0 0 0 0 0 0 0 0 0 0 0
0 0 0 0 0 0 0 0 0 0 0 0 0 0 0 0 0 0 0 0 0 0 0 0 0 0 0 0 0 0 0 0 0 0 0 0
0 0 0 0 0 0 0 0 0 0 0 0 0 0 0 0 0 0 0 0 0
##$SHL_SFCOEFFS1= (0..200)
0 0 0 0 0 0 0 0 0 0 0 0 0 0 0 0 0 0 0 0 0 0 0 0 0 0 0 0 0 0 0 0 0 0 0 0
0 0 0 0 0 0 0 0 0 0 0 0 0 0 0 0 0 0 0 0 0 0 0 0 0 0 0 0 0 0 0 0 0 0 0 0
0 0 0 0 0 0 0 0 0 0 0 0 0 0 0 0 0 0 0 0 0 0 0 0 0 0 0 0 0 0 0 0 0 0 0 0
0 0 0 0 0 0 0 0 0 0 0 0 0 0 0 0 0 0 0 0 0 0 0 0 0 0 0 0 0 0 0 0 0 0 0 0
0 0 0 0 0 0 0 0 0 0 0 0 0 0 0 0 0 0 0 0 0 0 0 0 0 0 0 0 0 0 0 0 0 0 0 0
0 0 0 0 0 0 0 0 0 0 0 0 0 0 0 0 0 0 0 0 0
##$SHL_SFCOEFFS10= (0..200)
0 0 0 0 0 0 0 0 0 0 0 0 0 0 0 0 0 0 0 0 0 0 0 0 0 0 0 0 0 0 0 0 0 0 0 0
0 0 0 0 0 0 0 0 0 0 0 0 0 0 0 0 0 0 0 0 0 0 0 0 0 0 0 0 0 0 0 0 0 0 0 0
0 0 0 0 0 0 0 0 0 0 0 0 0 0 0 0 0 0 0 0 0 0 0 0 0 0 0 0 0 0 0 0 0 0 0 0
0 0 0 0 0 0 0 0 0 0 0 0 0 0 0 0 0 0 0 0 0 0 0 0 0 0 0 0 0 0 0 0 0 0 0 0
0 0 0 0 0 0 0 0 0 0 0 0 0 0 0 0 0 0 0 0 0 0 0 0 0 0 0 0 0 0 0 0 0 0 0 0
0 0 0 0 0 0 0 0 0 0 0 0 0 0 0 0 0 0 0 0 0
##$SHL_SFCOEFFS11= (0..200)
0 0 0 0 0 0 0 0 0 0 0 0 0 0 0 0 0 0 0 0 0 0 0 0 0 0 0 0 0 0 0 0 0 0 0 0
0 0 0 0 0 0 0 0 0 0 0 0 0 0 0 0 0 0 0 0 0 0 0 0 0 0 0 0 0 0 0 0 0 0 0 0
0 0 0 0 0 0 0 0 0 0 0 0 0 0 0 0 0 0 0 0 0 0 0 0 0 0 0 0 0 0 0 0 0 0 0 0
0 0 0 0 0 0 0 0 0 0 0 0 0 0 0 0 0 0 0 0 0 0 0 0 0 0 0 0 0 0 0 0 0 0 0 0
0 0 0 0 0 0 0 0 0 0 0 0 0 0 0 0 0 0 0 0 0 0 0 0 0 0 0 0 0 0 0 0 0 0 0 0
0 0 0 0 0 0 0 0 0 0 0 0 0 0 0 0 0 0 0 0 0
##$SHL_SFCOEFFS12= (0..200)
0 0 0 0 0 0 0 0 0 0 0 0 0 0 0 0 0 0 0 0 0 0 0 0 0 0 0 0 0 0 0 0 0 0 0 0
0 0 0 0 0 0 0 0 0 0 0 0 0 0 0 0 0 0 0 0 0 0 0 0 0 0 0 0 0 0 0 0 0 0 0 0
0 0 0 0 0 0 0 0 0 0 0 0 0 0 0 0 0 0 0 0 0 0 0 0 0 0 0 0 0 0 0 0 0 0 0 0
0 0 0 0 0 0 0 0 0 0 0 0 0 0 0 0 0 0 0 0 0 0 0 0 0 0 0 0 0 0 0 0 0 0 0 0
0 0 0 0 0 0 0 0 0 0 0 0 0 0 0 0 0 0 0 0 0 0 0 0 0 0 0 0 0 0 0 0 0 0 0 0
0 0 0 0 0 0 0 0 0 0 0 0 0 0 0 0 0 0 0 0 0
##$SHL_SFCOEFFS13= (0..200)
0 0 0 0 0 0 0 0 0 0 0 0 0 0 0 0 0 0 0 0 0 0 0 0 0 0 0 0 0 0 0 0 0 0 0 0
0 0 0 0 0 0 0 0 0 0 0 0 0 0 0 0 0 0 0 0 0 0 0 0 0 0 0 0 0 0 0 0 0 0 0 0
0 0 0 0 0 0 0 0 0 0 0 0 0 0 0 0 0 0 0 0 0 0 0 0 0 0 0 0 0 0 0 0 0 0 0 0
0 0 0 0 0 0 0 0 0 0 0 0 0 0 0 0 0 0 0 0 0 0 0 0 0 0 0 0 0 0 0 0 0 0 0 0
0 0 0 0 0 0 0 0 0 0 0 0 0 0 0 0 0 0 0 0 0 0 0 0 0 0 0 0 0 0 0 0 0 0 0 0
0 0 0 0 0 0 0 0 0 0 0 0 0 0 0 0 0 0 0 0 0
##$SHL_SFCOEFFS14= (0..200)
0 0 0 0 0 0 0 0 0 0 0 0 0 0 0 0 0 0 0 0 0 0 0 0 0 0 0 0 0 0 0 0 0 0 0 0
0 0 0 0 0 0 0 0 0 0 0 0 0 0 0 0 0 0 0 0 0 0 0 0 0 0 0 0 0 0 0 0 0 0 0 0
0 0 0 0 0 0 0 0 0 0 0 0 0 0 0 0 0 0 0 0 0 0 0 0 0 0 0 0 0 0 0 0 0 0 0 0
0 0 0 0 0 0 0 0 0 0 0 0 0 0 0 0 0 0 0 0 0 0 0 0 0 0 0 0 0 0 0 0 0 0 0 0
0 0 0 0 0 0 0 0 0 0 0 0 0 0 0 0 0 0 0 0 0 0 0 0 0 0 0 0 0 0 0 0 0 0 0 0
0 0 0 0 0 0 0 0 0 0 0 0 0 0 0 0 0 0 0 0 0
##$SHL_SFCOEFFS15= (0..200)
0 0 0 0 0 0 0 0 0 0 0 0 0 0 0 0 0 0 0 0 0 0 0 0 0 0 0 0 0 0 0 0 0 0 0 0
0 0 0 0 0 0 0 0 0 0 0 0 0 0 0 0 0 0 0 0 0 0 0 0 0 0 0 0 0 0 0 0 0 0 0 0
0 0 0 0 0 0 0 0 0 0 0 0 0 0 0 0 0 0 0 0 0 0 0 0 0 0 0 0 0 0 0 0 0 0 0 0
0 0 0 0 0 0 0 0 0 0 0 0 0 0 0 0 0 0 0 0 0 0 0 0 0 0 0 0 0 0 0 0 0 0 0 0
0 0 0 0 0 0 0 0 0 0 0 0 0 0 0 0 0 0 0 0 0 0 0 0 0 0 0 0 0 0 0 0 0 0 0 0
0 0 0 0 0 0 0 0 0 0 0 0 0 0 0 0 0 0 0 0 0
##$SHL_SFCOEFFS2= (0..200)
0 0 0 0 0 0 0 0 0 0 0 0 0 0 0 0 0 0 0 0 0 0 0 0 0 0 0 0 0 0 0 0 0 0 0 0
0 0 0 0 0 0 0 0 0 0 0 0 0 0 0 0 0 0 0 0 0 0 0 0 0 0 0 0 0 0 0 0 0 0 0 0
0 0 0 0 0 0 0 0 0 0 0 0 0 0 0 0 0 0 0 0 0 0 0 0 0 0 0 0 0 0 0 0 0 0 0 0
0 0 0 0 0 0 0 0 0 0 0 0 0 0 0 0 0 0 0 0 0 0 0 0 0 0 0 0 0 0 0 0 0 0 0 0
0 0 0 0 0 0 0 0 0 0 0 0 0 0 0 0 0 0 0 0 0 0 0 0 0 0 0 0 0 0 0 0 0 0 0 0
0 0 0 0 0 0 0 0 0 0 0 0 0 0 0 0 0 0 0 0 0
##$SHL_SFCOEFFS3= (0..200)
0 0 0 0 0 0 0 0 0 0 0 0 0 0 0 0 0 0 0 0 0 0 0 0 0 0 0 0 0 0 0 0 0 0 0 0
0 0 0 0 0 0 0 0 0 0 0 0 0 0 0 0 0 0 0 0 0 0 0 0 0 0 0 0 0 0 0 0 0 0 0 0
0 0 0 0 0 0 0 0 0 0 0 0 0 0 0 0 0 0 0 0 0 0 0 0 0 0 0 0 0 0 0 0 0 0 0 0
0 0 0 0 0 0 0 0 0 0 0 0 0 0 0 0 0 0 0 0 0 0 0 0 0 0 0 0 0 0 0 0 0 0 0 0
0 0 0 0 0 0 0 0 0 0 0 0 0 0 0 0 0 0 0 0 0 0 0 0 0 0 0 0 0 0 0 0 0 0 0 0
0 0 0 0 0 0 0 0 0 0 0 0 0 0 0 0 0 0 0 0 0
##$SHL_SFCOEFFS4= (0..200)
0 0 0 0 0 0 0 0 0 0 0 0 0 0 0 0 0 0 0 0 0 0 0 0 0 0 0 0 0 0 0 0 0 0 0 0
0 0 0 0 0 0 0 0 0 0 0 0 0 0 0 0 0 0 0 0 0 0 0 0 0 0 0 0 0 0 0 0 0 0 0 0
0 0 0 0 0 0 0 0 0 0 0 0 0 0 0 0 0 0 0 0 0 0 0 0 0 0 0 0 0 0 0 0 0 0 0 0
0 0 0 0 0 0 0 0 0 0 0 0 0 0 0 0 0 0 0 0 0 0 0 0 0 0 0 0 0 0 0 0 0 0 0 0
0 0 0 0 0 0 0 0 0 0 0 0 0 0 0 0 0 0 0 0 0 0 0 0 0 0 0 0 0 0 0 0 0 0 0 0
0 0 0 0 0 0 0 0 0 0 0 0 0 0 0 0 0 0 0 0 0
##$SHL_SFCOEFFS5= (0..200)
0 0 0 0 0 0 0 0 0 0 0 0 0 0 0 0 0 0 0 0 0 0 0 0 0 0 0 0 0 0 0 0 0 0 0 0
0 0 0 0 0 0 0 0 0 0 0 0 0 0 0 0 0 0 0 0 0 0 0 0 0 0 0 0 0 0 0 0 0 0 0 0
0 0 0 0 0 0 0 0 0 0 0 0 0 0 0 0 0 0 0 0 0 0 0 0 0 0 0 0 0 0 0 0 0 0 0 0
0 0 0 0 0 0 0 0 0 0 0 0 0 0 0 0 0 0 0 0 0 0 0 0 0 0 0 0 0 0 0 0 0 0 0 0
0 0 0 0 0 0 0 0 0 0 0 0 0 0 0 0 0 0 0 0 0 0 0 0 0 0 0 0 0 0 0 0 0 0 0 0
0 0 0 0 0 0 0 0 0 0 0 0 0 0 0 0 0 0 0 0 0
##$SHL_SFCOEFFS6= (0..200)
0 0 0 0 0 0 0 0 0 0 0 0 0 0 0 0 0 0 0 0 0 0 0 0 0 0 0 0 0 0 0 0 0 0 0 0
0 0 0 0 0 0 0 0 0 0 0 0 0 0 0 0 0 0 0 0 0 0 0 0 0 0 0 0 0 0 0 0 0 0 0 0
0 0 0 0 0 0 0 0 0 0 0 0 0 0 0 0 0 0 0 0 0 0 0 0 0 0 0 0 0 0 0 0 0 0 0 0
0 0 0 0 0 0 0 0 0 0 0 0 0 0 0 0 0 0 0 0 0 0 0 0 0 0 0 0 0 0 0 0 0 0 0 0
0 0 0 0 0 0 0 0 0 0 0 0 0 0 0 0 0 0 0 0 0 0 0 0 0 0 0 0 0 0 0 0 0 0 0 0
0 0 0 0 0 0 0 0 0 0 0 0 0 0 0 0 0 0 0 0 0
##$SHL_SFCOEFFS7= (0..200)
0 0 0 0 0 0 0 0 0 0 0 0 0 0 0 0 0 0 0 0 0 0 0 0 0 0 0 0 0 0 0 0 0 0 0 0
0 0 0 0 0 0 0 0 0 0 0 0 0 0 0 0 0 0 0 0 0 0 0 0 0 0 0 0 0 0 0 0 0 0 0 0
0 0 0 0 0 0 0 0 0 0 0 0 0 0 0 0 0 0 0 0 0 0 0 0 0 0 0 0 0 0 0 0 0 0 0 0
0 0 0 0 0 0 0 0 0 0 0 0 0 0 0 0 0 0 0 0 0 0 0 0 0 0 0 0 0 0 0 0 0 0 0 0
0 0 0 0 0 0 0 0 0 0 0 0 0 0 0 0 0 0 0 0 0 0 0 0 0 0 0 0 0 0 0 0 0 0 0 0
0 0 0 0 0 0 0 0 0 0 0 0 0 0 0 0 0 0 0 0 0
##$SHL_SFCOEFFS8= (0..200)
0 0 0 0 0 0 0 0 0 0 0 0 0 0 0 0 0 0 0 0 0 0 0 0 0 0 0 0 0 0 0 0 0 0 0 0
0 0 0 0 0 0 0 0 0 0 0 0 0 0 0 0 0 0 0 0 0 0 0 0 0 0 0 0 0 0 0 0 0 0 0 0
0 0 0 0 0 0 0 0 0 0 0 0 0 0 0 0 0 0 0 0 0 0 0 0 0 0 0 0 0 0 0 0 0 0 0 0
0 0 0 0 0 0 0 0 0 0 0 0 0 0 0 0 0 0 0 0 0 0 0 0 0 0 0 0 0 0 0 0 0 0 0 0
0 0 0 0 0 0 0 0 0 0 0 0 0 0 0 0 0 0 0 0 0 0 0 0 0 0 0 0 0 0 0 0 0 0 0 0
0 0 0 0 0 0 0 0 0 0 0 0 0 0 0 0 0 0 0 0 0
##$SHL_SFCOEFFS9= (0..200)
0 0 0 0 0 0 0 0 0 0 0 0 0 0 0 0 0 0 0 0 0 0 0 0 0 0 0 0 0 0 0 0 0 0 0 0
0 0 0 0 0 0 0 0 0 0 0 0 0 0 0 0 0 0 0 0 0 0 0 0 0 0 0 0 0 0 0 0 0 0 0 0
0 0 0 0 0 0 0 0 0 0 0 0 0 0 0 0 0 0 0 0 0 0 0 0 0 0 0 0 0 0 0 0 0 0 0 0
0 0 0 0 0 0 0 0 0 0 0 0 0 0 0 0 0 0 0 0 0 0 0 0 0 0 0 0 0 0 0 0 0 0 0 0
0 0 0 0 0 0 0 0 0 0 0 0 0 0 0 0 0 0 0 0 0 0 0 0 0 0 0 0 0 0 0 0 0 0 0 0
0 0 0 0 0 0 0 0 0 0 0 0 0 0 0 0 0 0 0 0 0
##$SHL_SMOOTHED= (0..15)
0 0 0 0 0 0 0 0 0 0 0 0 0 0 0 0
##$SHL_SMOOTHING= (0..15)
0 0 0 0 0 0 0 0 0 0 0 0 0 0 0 0
##$SHL_SPOAL= (0..15)
0 0 0 0 0 0 0 0 0 0 0 0 0 0 0 0
##$SHL_SPOFFS= (0..15)
0 0 0 0 0 0 0 0 0 0 0 0 0 0 0 0
##$SHL_SPOPH= (0..15)
0 0 0 0 0 0 0 0 0 0 0 0 0 0 0 0
##$SHL_STARTAMP= (0..15)
0 0 0 0 0 0 0 0 0 0 0 0 0 0 0 0
##$SHL_SW= (0..15)
0 0 0 0 0 0 0 0 0 0 0 0 0 0 0 0
##$SHL_SWDIR= (0..15)
-1 -1 -1 -1 -1 -1 -1 -1 -1 -1 -1 -1 -1 -1 -1 -1
##$SHL_TANKAPPA= (0..15)
0 0 0 0 0 0 0 0 0 0 0 0 0 0 0 0
##$SHL_TOTROT= (0..15)
90 0 0 0 0 0 0 0 0 0 0 0 0 0 0 0
##$SHL_TRUNCLEV= (0..15)
0 0 0 0 0 0 0 0 0 0 0 0 0 0 0 0
##$SHL_TYPE= (0..15)
<Excitation> <> <> <> <> <> <> <> <> <> <> <> <> <> <> <>
##$SHL_WINDOWSIZE= (0..15)
0 0 0 0 0 0 0 0 0 0 0 0 0 0 0 0
##$SHL_ZETA= (0..15)
0 0 0 0 0 0 0 0 0 0 0 0 0 0 0 0
##NPOINTS= 1250
##XYPOINTS= (XY..XY)
61.628534, 85.776740
61.367209, 87.515438
61.104085, 89.255777
60.839193, 90.997778
60.572564, 92.741463
60.304228, 94.486853
60.034215, 96.233972
59.762558, 97.982842
59.489286, 99.733486
59.214432, 101.485930
58.938028, 103.240196
58.660106, 104.996310
58.380697, 106.754297
58.099835, 108.514184
57.817553, 110.275995
57.533884, 112.039758
57.248860, 113.805500
56.962517, 115.573249
56.674886, 117.343034
56.386004, 119.114882
56.095904, 120.888823
55.804621, 122.664887
55.512190, 124.443105
55.218646, 126.223507
54.924025, 128.006125
54.628362, 129.790990
54.331693, 131.578136
54.034055, 133.367596
53.735485, 135.159403
53.436018, 136.953592
53.135693, 138.750198
52.834546, 140.549256
52.532616, 142.350802
52.229939, 144.154874
51.926555, 145.961509
51.622501, 147.770745
51.317817, 149.582621
51.012542, 151.397175
50.706714, 153.214448
50.400374, 155.034481
50.093560, 156.857315
49.786314, 158.682991
49.478676, 160.511553
49.170687, 162.343043
48.862386, 164.177507
48.553817, 166.014987
48.245020, 167.855530
47.936037, 169.699181
47.626910, 171.545987
47.317682, 173.395996
47.008396, 175.249254
46.699094, 177.105812
46.389819, 178.965717
46.080617, 180.829020
45.771529, 182.695771
45.462601, 184.566022
45.153877, 186.439823
44.845402, 188.317228
44.537221, 190.198290
44.229379, 192.083061
43.921923, 193.971597
43.614897, 195.863950
43.308348, 197.760178
43.002324, 199.660334
42.696870, 201.564476
42.392034, 203.472660
42.087863, 205.384943
41.784406, 207.301381
41.481710, 209.222034
41.179823, 211.146958
40.878794, 213.076212
40.578672, 215.009855
40.279507, 216.947944
39.981346, 218.890540
39.684242, 220.837700
39.388242, 222.789483
39.093398, 224.745949
38.799759, 226.707155
38.507377, 228.673161
38.216303, 230.644023
37.926587, 232.619801
37.638281, 234.600552
37.351436, 236.586332
37.066105, 238.577198
36.782339, 240.573204
36.500190, 242.574406
36.219710, 244.580858
35.940952, 246.592612
35.663969, 248.609719
35.388812, 250.632230
35.115535, 252.660193
34.844189, 254.693656
34.574829, 256.732663
34.307506, 258.777259
34.042273, 260.827484
33.779183, 262.883379
33.518289, 264.944979
33.259642, 267.012320
33.003296, 269.085432
32.749302, 271.164345
32.497712, 273.249083
32.248578, 275.339670
32.001952, 277.436123
31.757885, 279.538459
31.516426, 281.646688
31.277627, 283.760816
31.041537, 285.880848
30.808206, 288.006781
30.577682, 290.138607
30.350013, 292.276317
30.125247, 294.419892
29.903430, 296.569311
29.684609, 298.724546
29.468828, 300.885563
29.256131, 303.052323
29.046561, 305.224780
28.840161, 307.402881
28.636971, 309.586568
28.437031, 311.775775
28.240379, 313.970430
28.047052, 316.170452
27.857087, 318.375756
27.670516, 320.586247
27.487373, 322.801822
27.307690, 325.022375
27.131494, 327.247786
26.958813, 329.477933
26.789673, 331.712683
26.624098, 333.951896
26.462110, 336.195425
26.303727, 338.443115
26.148968, 340.694804
25.997848, 342.950320
25.850379, 345.209488
25.706573, 347.472121
25.566438, 349.738028
25.429978, 352.007012
25.297199, 354.278866
25.168101, 356.553379
25.042681, 358.830333
24.920936, 1.109506
24.802859, 3.390667
24.688440, 5.673583
24.577666, 7.958016
24.470523, 10.243723
24.366993, 12.530455
24.267055, 14.817964
24.170686, 17.105995
24.077861, 19.394293
23.988549, 21.682599
23.902722, 23.970655
23.820343, 26.258198
23.741378, 28.544969
23.665786, 30.830704
23.593527, 33.115145
23.524556, 35.398029
23.458826, 37.679099
23.396289, 39.958098
23.336893, 42.234771
23.280586, 44.508866
23.227311, 46.780136
23.177011, 49.048334
23.129627, 51.313221
23.085097, 53.574560
23.043357, 55.832120
23.004344, 58.085675
22.967990, 60.335003
22.934228, 62.579890
22.902987, 64.820126
22.874198, 67.055510
22.847787, 69.285845
22.823684, 71.510941
22.801812, 73.730617
22.782097, 75.944695
22.764464, 78.153007
22.748837, 80.355393
22.735137, 82.551697
22.723288, 84.741772
22.713212, 86.925479
22.704831, 89.102685
22.698066, 91.273263
22.692839, 93.437096
22.689071, 95.594071
22.686684, 97.744085
22.685600, 99.887038
22.685740, 102.022839
22.687027, 104.151405
22.689383, 106.272655
22.692732, 108.386517
22.696997, 110.492925
22.702101, 112.591817
22.707971, 114.683139
22.714530, 116.766840
22.721706, 118.842875
22.729426, 120.911204
22.737616, 122.971792
22.746207, 125.024607
22.755127, 127.069623
22.764308, 129.106816
22.773680, 131.136168
22.783177, 133.157663
22.792732, 135.171289
22.802280, 137.177036
22.811757, 139.174897
22.821100, 141.164869
22.830248, 143.146950
22.839140, 145.121141
22.847716, 147.087444
22.855919, 149.045864
22.863692, 150.996407
22.870979, 152.939081
22.877725, 154.873892
22.883879, 156.800852
22.889388, 158.719971
22.894201, 160.631258
22.898269, 162.534727
22.901546, 164.430388
22.903983, 166.318254
22.905536, 168.198336
22.906161, 170.070646
22.905816, 171.935196
22.904458, 173.791996
22.902049, 175.641057
22.898549, 177.482388
22.893921, 179.315999
22.888129, 181.141897
22.881139, 182.960089
22.872917, 184.770581
22.863432, 186.573376
22.852652, 188.368478
22.840548, 190.155888
22.827093, 191.935606
22.812259, 193.707629
22.796022, 195.471954
22.778357, 197.228574
22.759241, 198.977483
22.738654, 200.718669
22.716576, 202.452122
22.692987, 204.177826
22.667870, 205.895764
22.641210, 207.605918
22.612992, 209.308265
22.583203, 211.002780
22.551831, 212.689438
22.518865, 214.368207
22.484297, 216.039056
22.448119, 217.701947
22.410324, 219.356843
22.370908, 221.003701
22.329868, 222.642477
22.287201, 224.273123
22.242908, 225.895586
22.196989, 227.509811
22.149446, 229.115741
22.100284, 230.713314
22.049508, 232.302463
21.997126, 233.883120
21.943145, 235.455212
21.887578, 237.018663
21.830434, 238.573391
21.771728, 240.119313
21.711476, 241.656339
21.649693, 243.184379
21.586400, 244.703335
21.521615, 246.213107
21.455362, 247.713590
21.387664, 249.204676
21.318549, 250.686252
21.248042, 252.158200
21.176175, 253.620399
21.102979, 255.072723
21.028487, 256.515043
20.952737, 257.947224
20.875766, 259.369127
20.797614, 260.780610
20.718323, 262.181527
20.637939, 263.571726
20.556509, 264.951053
20.474082, 266.319348
20.390709, 267.676450
20.306446, 269.022192
20.221350, 270.356404
20.135479, 271.678913
20.048897, 272.989543
19.961668, 274.288115
19.873859, 275.574448
19.785543, 276.848357
19.696792, 278.109656
19.607682, 279.358159
19.518294, 280.593676
19.428710, 281.816018
19.339015, 283.024996
19.249300, 284.220422
19.159656, 285.402106
19.070178, 286.569864
18.980966, 287.723511
18.892122, 288.862868
18.803752, 289.987758
18.715965, 291.098010
18.628873, 292.193461
18.542592, 293.273952
18.457242, 294.339334
18.372947, 295.389467
18.289832, 296.424225
18.208028, 297.443489
18.127667, 298.447158
18.048886, 299.435144
17.971825, 300.407376
17.896627, 301.363803
17.823438, 302.304392
17.752406, 303.229133
17.683683, 304.138038
17.617423, 305.031145
17.553782, 305.908520
17.492918, 306.770254
17.434993, 307.616472
17.380168, 308.447329
17.328606, 309.263014
17.280471, 310.063748
17.235928, 310.849791
17.195143, 311.621440
17.158279, 312.379028
17.125502, 313.122929
17.096975, 313.853556
17.072859, 314.571359
17.053315, 315.276832
17.038500, 315.970507
17.028569, 316.652952
17.023672, 317.324778
17.023958, 317.986629
17.029569, 318.639187
17.040643, 319.283165
17.057313, 319.919310
17.079705, 320.548396
17.107941, 321.171223
17.142133, 321.788614
17.182390, 322.401414
17.228810, 323.010480
17.281485, 323.616684
17.340499, 324.220906
17.405927, 324.824030
17.477836, 325.426940
17.556284, 326.030517
17.641322, 326.635635
17.732991, 327.243154
17.831322, 327.853923
17.936340, 328.468767
18.048060, 329.088493
18.166488, 329.713878
18.291624, 330.345676
18.423459, 330.984604
18.561974, 331.631352
18.707146, 332.286569
18.858943, 332.950871
19.017326, 333.624834
19.182251, 334.308995
19.353667, 335.003851
19.531517, 335.709861
19.715739, 336.427442
19.906267, 337.156970
20.103029, 337.898783
20.305950, 338.653180
20.514950, 339.420423
20.729948, 340.200735
20.950858, 340.994306
21.177591, 341.801290
21.410057, 342.621809
21.648165, 343.455954
21.891819, 344.303787
22.140925, 345.165341
22.395385, 346.040625
22.655104, 346.929621
22.919981, 347.832290
23.189921, 348.748572
23.464822, 349.678388
23.744589, 350.621639
24.029121, 351.578213
24.318321, 352.547982
24.612091, 353.530804
24.910335, 354.526526
25.212956, 355.534986
25.519858, 356.556009
25.830948, 357.589415
26.146132, 358.635016
26.465316, 359.692618
26.788410, 0.762022
27.115323, 1.843026
27.445966, 2.935423
27.780251, 4.039004
28.118091, 5.153558
28.459400, 6.278874
28.804095, 7.414739
29.152092, 8.560940
29.503310, 9.717266
29.857667, 10.883505
30.215085, 12.059447
30.575485, 13.244884
30.938791, 14.439608
31.304926, 15.643417
31.673817, 16.856106
32.045390, 18.077478
32.419573, 19.307336
32.796295, 20.545486
33.175485, 21.791738
33.557076, 23.045904
33.940999, 24.307801
34.327187, 25.577248
34.715575, 26.854068
35.106099, 28.138087
35.498693, 29.429136
35.893296, 30.727048
36.289844, 32.031660
36.688279, 33.342813
37.088538, 34.660351
37.490563, 35.984122
37.894295, 37.313976
38.299676, 38.649769
38.706649, 39.991358
39.115158, 41.338605
39.525148, 42.691375
39.936563, 44.049536
40.349350, 45.412959
40.763454, 46.781518
41.178823, 48.155092
41.595405, 49.533560
42.013147, 50.916807
42.432000, 52.304719
42.851912, 53.697186
43.272833, 55.094100
43.694715, 56.495355
44.117507, 57.900851
44.541161, 59.310486
44.965631, 60.724164
45.390867, 62.141791
45.816824, 63.563275
46.243454, 64.988525
46.670712, 66.417454
47.098551, 67.849977
47.526927, 69.286012
47.955794, 70.725477
48.385108, 72.168293
48.814825, 73.614385
49.244901, 75.063676
49.675292, 76.516096
50.105956, 77.971572
50.536850, 79.430036
50.967931, 80.891420
51.399158, 82.355659
51.830487, 83.822689
52.261879, 85.292448
52.693292, 86.764875
53.124684, 88.239912
53.556016, 89.717499
53.987247, 91.197582
54.418337, 92.680106
54.849246, 94.165017
55.279935, 95.652264
55.710365, 97.141795
56.140495, 98.633562
56.570289, 100.127516
56.999707, 101.623610
57.428711, 103.121798
57.857263, 104.622036
58.285325, 106.124281
58.712859, 107.628489
59.139829, 109.134619
59.566197, 110.642631
59.991927, 112.152485
60.416981, 113.664144
60.841323, 115.177568
61.264917, 116.692723
61.687728, 118.209571
62.109718, 119.728078
62.530853, 121.248210
62.951097, 122.769933
63.370415, 124.293215
63.788772, 125.818025
64.206132, 127.344331
64.622463, 128.872103
65.037728, 130.401312
65.451895, 131.931928
65.864928, 133.463923
66.276794, 134.997270
66.687460, 136.531943
67.096892, 138.067913
67.505056, 139.605157
67.911921, 141.143648
68.317452, 142.683362
68.721617, 144.224276
69.124384, 145.766365
69.525720, 147.309606
69.925594, 148.853978
70.323973, 150.399458
70.720826, 151.946024
71.116121, 153.493657
71.509827, 155.042334
71.901912, 156.592036
72.292346, 158.142744
72.681098, 159.694438
73.068138, 161.247098
73.453434, 162.800708
73.836958, 164.355248
74.218678, 165.910701
74.598565, 167.467049
74.976589, 169.024277
75.352721, 170.582366
75.726932, 172.141301
76.099192, 173.701066
76.469474, 175.261645
76.837747, 176.823023
77.203984, 178.385185
77.568156, 179.948117
77.930236, 181.511803
78.290195, 183.076230
78.648006, 184.641384
79.003641, 186.207251
79.357073, 187.773818
79.708275, 189.341072
80.057220, 190.909001
80.403882, 192.477591
80.748233, 194.046830
81.090249, 195.616707
81.429901, 197.187210
81.767166, 198.758326
82.102017, 200.330045
82.434428, 201.902355
82.764375, 203.475245
83.091833, 205.048705
83.416776, 206.622724
83.739180, 208.197291
84.059021, 209.772397
84.376275, 211.348030
84.690917, 212.924183
85.002924, 214.500844
85.312272, 216.078004
85.618938, 217.655654
85.922899, 219.233785
86.224132, 220.812388
86.522615, 222.391453
86.818325, 223.970973
87.111240, 225.550938
87.401337, 227.131340
87.688595, 228.712171
87.972994, 230.293423
88.254510, 231.875087
88.533124, 233.457156
88.808814, 235.039622
89.081560, 236.622477
89.351341, 238.205714
89.618137, 239.789325
89.881929, 241.373303
90.142697, 242.957641
90.400421, 244.542332
90.655082, 246.127369
90.906661, 247.712745
91.155139, 249.298453
91.400498, 250.884486
91.642720, 252.470839
91.881786, 254.057504
92.117679, 255.644475
92.350382, 257.231745
92.579876, 258.819310
92.806146, 260.407161
93.029174, 261.995295
93.248943, 263.583703
93.465438, 265.172381
93.678642, 266.761323
93.888539, 268.350523
94.095115, 269.939976
94.298353, 271.529675
94.498239, 273.119615
94.694757, 274.709792
94.887894, 276.300198
95.077635, 277.890830
95.263966, 279.481682
95.446873, 281.072748
95.626343, 282.664024
95.802362, 284.255504
95.974917, 285.847184
96.143997, 287.439058
96.309587, 289.031122
96.471677, 290.623370
96.630253, 292.215798
96.785305, 293.808401
96.936820, 295.401175
97.084789, 296.994114
97.229199, 298.587214
97.370040, 300.180470
97.507302, 301.773879
97.640975, 303.367435
97.771048, 304.961133
97.897513, 306.554970
98.020360, 308.148942
98.139579, 309.743043
98.255163, 311.337269
98.367102, 312.931616
98.475388, 314.526080
98.580014, 316.120657
98.680971, 317.715342
98.778253, 319.310132
98.871851, 320.905021
98.961760, 322.500006
99.047973, 324.095083
99.130482, 325.690248
99.209283, 327.285497
99.284369, 328.880825
99.355735, 330.476228
99.423376, 332.071704
99.487286, 333.667247
99.547462, 335.262854
99.603897, 336.858520
99.656589, 338.454243
99.705534, 340.050017
99.750727, 341.645840
99.792166, 343.241706
99.829848, 344.837613
99.863769, 346.433556
99.893927, 348.029532
99.920321, 349.625536
99.942947, 351.221566
99.961805, 352.817616
99.976893, 354.413683
99.988211, 356.009764
99.995756, 357.605855
99.999528, 359.201951
99.999528, 0.798049
99.995756, 2.394145
99.988211, 3.990236
99.976893, 5.586317
99.961805, 7.182384
99.942947, 8.778434
99.920321, 10.374464
99.893927, 11.970468
99.863769, 13.566444
99.829848, 15.162387
99.792166, 16.758294
99.750727, 18.354160
99.705534, 19.949983
99.656589, 21.545757
99.603897, 23.141480
99.547462, 24.737146
99.487286, 26.332753
99.423376, 27.928296
99.355735, 29.523772
99.284369, 31.119175
99.209283, 32.714503
99.130482, 34.309752
99.047973, 35.904917
98.961760, 37.499994
98.871851, 39.094979
98.778253, 40.689868
98.680971, 42.284658
98.580014, 43.879343
98.475388, 45.473920
98.367102, 47.068384
98.255163, 48.662731
98.139579, 50.256957
98.020360, 51.851058
97.897513, 53.445030
97.771048, 55.038867
97.640975, 56.632565
97.507302, 58.226121
97.370040, 59.819530
97.229199, 61.412786
97.084789, 63.005886
96.936820, 64.598825
96.785305, 66.191599
96.630253, 67.784202
96.471677, 69.376630
96.309587, 70.968878
96.143997, 72.560942
95.974917, 74.152816
95.802362, 75.744496
95.626343, 77.335976
95.446873, 78.927252
95.263966, 80.518318
95.077635, 82.109170
94.887894, 83.699802
94.694757, 85.290208
94.498239, 86.880385
94.298353, 88.470325
94.095115, 90.060024
93.888539, 91.649477
93.678642, 93.238677
93.465438, 94.827619
93.248943, 96.416297
93.029174, 98.004705
92.806146, 99.592839
92.579876, 101.180690
92.350382, 102.768255
92.117679, 104.355525
91.881786, 105.942496
91.642720, 107.529161
91.400498, 109.115514
91.155139, 110.701547
90.906661, 112.287255
90.655082, 113.872631
90.400421, 115.457668
90.142697, 117.042359
89.881929, 118.626697
89.618137, 120.210675
89.351341, 121.794286
89.081560, 123.377523
88.808814, 124.960378
88.533124, 126.542844
88.254510, 128.124913
87.972994, 129.706577
87.688595, 131.287829
87.401337, 132.868660
87.111240, 134.449062
86.818325, 136.029027
86.522615, 137.608547
86.224132, 139.187612
85.922899, 140.766215
85.618938, 142.344346
85.312272, 143.921996
85.002924, 145.499156
84.690917, 147.075817
84.376275, 148.651970
84.059021, 150.227603
83.739180, 151.802709
83.416776, 153.377276
83.091833, 154.951295
82.764375, 156.524755
82.434428, 158.097645
82.102017, 159.669955
81.767166, 161.241674
81.429901, 162.812790
81.090249, 164.383293
80.748233, 165.953170
80.403882, 167.522409
80.057220, 169.090999
79.708275, 170.658928
79.357073, 172.226182
79.003641, 173.792749
78.648006, 175.358616
78.290195, 176.923770
77.930236, 178.488197
77.568156, 180.051883
77.203984, 181.614815
76.837747, 183.176977
76.469474, 184.738355
76.099192, 186.298934
75.726932, 187.858699
75.352721, 189.417634
74.976589, 190.975723
74.598565, 192.532951
74.218678, 194.089299
73.836958, 195.644752
73.453434, 197.199292
73.068138, 198.752902
72.681098, 200.305562
72.292346, 201.857256
71.901912, 203.407964
71.509827, 204.957666
71.116121, 206.506343
70.720826, 208.053976
70.323973, 209.600542
69.925594, 211.146022
69.525720, 212.690394
69.124384, 214.233635
68.721617, 215.775724
68.317452, 217.316638
67.911921, 218.856352
67.505056, 220.394843
67.096892, 221.932087
66.687460, 223.468057
66.276794, 225.002730
65.864928, 226.536077
65.451895, 228.068072
65.037728, 229.598688
64.622463, 231.127897
64.206132, 232.655669
63.788772, 234.181975
63.370415, 235.706785
62.951097, 237.230067
62.530853, 238.751790
62.109718, 240.271922
61.687728, 241.790429
61.264917, 243.307277
60.841323, 244.822432
60.416981, 246.335856
59.991927, 247.847515
59.566197, 249.357369
59.139829, 250.865381
58.712859, 252.371511
58.285325, 253.875719
57.857263, 255.377964
57.428711, 256.878202
56.999707, 258.376390
56.570289, 259.872484
56.140495, 261.366438
55.710365, 262.858205
55.279935, 264.347736
54.849246, 265.834983
54.418337, 267.319894
53.987247, 268.802418
53.556016, 270.282501
53.124684, 271.760088
52.693292, 273.235125
52.261879, 274.707552
51.830487, 276.177311
51.399158, 277.644341
50.967931, 279.108580
50.536850, 280.569964
50.105956, 282.028428
49.675292, 283.483904
49.244901, 284.936324
48.814825, 286.385615
48.385108, 287.831707
47.955794, 289.274523
47.526927, 290.713988
47.098551, 292.150023
46.670712, 293.582546
46.243454, 295.011475
45.816824, 296.436725
45.390867, 297.858209
44.965631, 299.275836
44.541161, 300.689514
44.117507, 302.099149
43.694715, 303.504645
43.272833, 304.905900
42.851912, 306.302814
42.432000, 307.695281
42.013147, 309.083193
41.595405, 310.466440
41.178823, 311.844908
40.763454, 313.218482
40.349350, 314.587041
39.936563, 315.950464
39.525148, 317.308625
39.115158, 318.661395
38.706649, 320.008642
38.299676, 321.350231
37.894295, 322.686024
37.490563, 324.015878
37.088538, 325.339649
36.688279, 326.657187
36.289844, 327.968340
35.893296, 329.272952
35.498693, 330.570864
35.106099, 331.861913
34.715575, 333.145932
34.327187, 334.422752
33.940999, 335.692199
33.557076, 336.954096
33.175485, 338.208262
32.796295, 339.454514
32.419573, 340.692664
32.045390, 341.922522
31.673817, 343.143894
31.304926, 344.356583
30.938791, 345.560392
30.575485, 346.755116
30.215085, 347.940553
29.857667, 349.116495
29.503310, 350.282734
29.152092, 351.439060
28.804095, 352.585261
28.459400, 353.721126
28.118091, 354.846442
27.780251, 355.960996
27.445966, 357.064577
27.115323, 358.156974
26.788410, 359.237978
26.465316, 0.307382
26.146132, 1.364984
25.830948, 2.410585
25.519858, 3.443991
25.212956, 4.465014
24.910335, 5.473474
24.612091, 6.469196
24.318321, 7.452018
24.029121, 8.421787
23.744589, 9.378361
23.464822, 10.321612
23.189921, 11.251428
22.919981, 12.167710
22.655104, 13.070379
22.395385, 13.959375
22.140925, 14.834659
21.891819, 15.696213
21.648165, 16.544046
21.410057, 17.378191
21.177591, 18.198710
20.950858, 19.005694
20.729948, 19.799265
20.514950, 20.579577
20.305950, 21.346820
20.103029, 22.101217
19.906267, 22.843030
19.715739, 23.572558
19.531517, 24.290139
19.353667, 24.996149
19.182251, 25.691005
19.017326, 26.375166
18.858943, 27.049129
18.707146, 27.713431
18.561974, 28.368648
18.423459, 29.015396
18.291624, 29.654324
18.166488, 30.286122
18.048060, 30.911507
17.936340, 31.531233
17.831322, 32.146077
17.732991, 32.756846
17.641322, 33.364365
17.556284, 33.969483
17.477836, 34.573060
17.405927, 35.175970
17.340499, 35.779094
17.281485, 36.383316
17.228810, 36.989520
17.182390, 37.598586
17.142133, 38.211386
17.107941, 38.828777
17.079705, 39.451604
17.057313, 40.080690
17.040643, 40.716835
17.029569, 41.360813
17.023958, 42.013371
17.023672, 42.675222
17.028569, 43.347048
17.038500, 44.029493
17.053315, 44.723168
17.072859, 45.428641
17.096975, 46.146444
17.125502, 46.877071
17.158279, 47.620972
17.195143, 48.378560
17.235928, 49.150209
17.280471, 49.936252
17.328606, 50.736986
17.380168, 51.552671
17.434993, 52.383528
17.492918, 53.229746
17.553782, 54.091480
17.617423, 54.968855
17.683683, 55.861962
17.752406, 56.770867
17.823438, 57.695608
17.896627, 58.636197
17.971825, 59.592624
18.048886, 60.564856
18.127667, 61.552842
18.208028, 62.556511
18.289832, 63.575775
18.372947, 64.610533
18.457242, 65.660666
18.542592, 66.726048
18.628873, 67.806539
18.715965, 68.901990
18.803752, 70.012242
18.892122, 71.137132
18.980966, 72.276489
19.070178, 73.430136
19.159656, 74.597894
19.249300, 75.779578
19.339015, 76.975004
19.428710, 78.183982
19.518294, 79.406324
19.607682, 80.641841
19.696792, 81.890344
19.785543, 83.151643
19.873859, 84.425552
19.961668, 85.711885
20.048897, 87.010457
20.135479, 88.321087
20.221350, 89.643596
20.306446, 90.977808
20.390709, 92.323550
20.474082, 93.680652
20.556509, 95.048947
20.637939, 96.428274
20.718323, 97.818473
20.797614, 99.219390
20.875766, 100.630873
20.952737, 102.052776
21.028487, 103.484957
21.102979, 104.927277
21.176175, 106.379601
21.248042, 107.841800
21.318549, 109.313748
21.387664, 110.795324
21.455362, 112.286410
21.521615, 113.786893
21.586400, 115.296665
21.649693, 116.815621
21.711476, 118.343661
21.771728, 119.880687
21.830434, 121.426609
21.887578, 122.981337
21.943145, 124.544788
21.997126, 126.116880
22.049508, 127.697537
22.100284, 129.286686
22.149446, 130.884259
22.196989, 132.490189
22.242908, 134.104414
22.287201, 135.726877
22.329868, 137.357523
22.370908, 138.996299
22.410324, 140.643157
22.448119, 142.298053
22.484297, 143.960944
22.518865, 145.631793
22.551831, 147.310562
22.583203, 148.997220
22.612992, 150.691735
22.641210, 152.394082
22.667870, 154.104236
22.692987, 155.822174
22.716576, 157.547878
22.738654, 159.281331
22.759241, 161.022517
22.778357, 162.771426
22.796022, 164.528046
22.812259, 166.292371
22.827093, 168.064394
22.840548, 169.844112
22.852652, 171.631522
22.863432, 173.426624
22.872917, 175.229419
22.881139, 177.039911
22.888129, 178.858103
22.893921, 180.684001
22.898549, 182.517612
22.902049, 184.358943
22.904458, 186.208004
22.905816, 188.064804
22.906161, 189.929354
22.905536, 191.801664
22.903983, 193.681746
22.901546, 195.569612
22.898269, 197.465273
22.894201, 199.368742
22.889388, 201.280029
22.883879, 203.199148
22.877725, 205.126108
22.870979, 207.060919
22.863692, 209.003593
22.855919, 210.954136
22.847716, 212.912556
22.839140, 214.878859
22.830248, 216.853050
22.821100, 218.835131
22.811757, 220.825103
22.802280, 222.822964
22.792732, 224.828711
22.783177, 226.842337
22.773680, 228.863832
22.764308, 230.893184
22.755127, 232.930377
22.746207, 234.975393
22.737616, 237.028208
22.729426, 239.088796
22.721706, 241.157125
22.714530, 243.233160
22.707971, 245.316861
22.702101, 247.408183
22.696997, 249.507075
22.692732, 251.613483
22.689383, 253.727345
22.687027, 255.848595
22.685740, 257.977161
22.685600, 260.112962
22.686684, 262.255915
22.689071, 264.405929
22.692839, 266.562904
22.698066, 268.726737
22.704831, 270.897315
22.713212, 273.074521
22.723288, 275.258228
22.735137, 277.448303
22.748837, 279.644607
22.764464, 281.846993
22.782097, 284.055305
22.801812, 286.269383
22.823684, 288.489059
22.847787, 290.714155
22.874198, 292.944490
22.902987, 295.179874
22.934228, 297.420110
22.967990, 299.664997
23.004344, 301.914325
23.043357, 304.167880
23.085097, 306.425440
23.129627, 308.686779
23.177011, 310.951666
23.227311, 313.219864
23.280586, 315.491134
23.336893, 317.765229
23.396289, 320.041902
23.458826, 322.320901
23.524556, 324.601971
23.593527, 326.884855
23.665786, 329.169296
23.741378, 331.455031
23.820343, 333.741802
23.902722, 336.029345
23.988549, 338.317401
24.077861, 340.605707
24.170686, 342.894005
24.267055, 345.182036
24.366993, 347.469545
24.470523, 349.756277
24.577666, 352.041984
24.688440, 354.326417
24.802859, 356.609333
24.920936, 358.890494
25.042681, 1.169667
25.168101, 3.446621
25.297199, 5.721134
25.429978, 7.992988
25.566438, 10.261972
25.706573, 12.527879
25.850379, 14.790512
25.997848, 17.049680
26.148968, 19.305196
26.303727, 21.556885
26.462110, 23.804575
26.624098, 26.048104
26.789673, 28.287317
26.958813, 30.522067
27.131494, 32.752214
27.307690, 34.977625
27.487373, 37.198178
27.670516, 39.413753
27.857087, 41.624244
28.047052, 43.829548
28.240379, 46.029570
28.437031, 48.224225
28.636971, 50.413432
28.840161, 52.597119
29.046561, 54.775220
29.256131, 56.947677
29.468828, 59.114437
29.684609, 61.275454
29.903430, 63.430689
30.125247, 65.580108
30.350013, 67.723683
30.577682, 69.861393
30.808206, 71.993219
31.041537, 74.119152
31.277627, 76.239184
31.516426, 78.353312
31.757885, 80.461541
32.001952, 82.563877
32.248578, 84.660330
32.497712, 86.750917
32.749302, 88.835655
33.003296, 90.914568
33.259642, 92.987680
33.518289, 95.055021
33.779183, 97.116621
34.042273, 99.172516
34.307506, 101.222741
34.574829, 103.267337
34.844189, 105.306344
35.115535, 107.339807
35.388812, 109.367770
35.663969, 111.390281
35.940952, 113.407388
36.219710, 115.419142
36.500190, 117.425594
36.782339, 119.426796
37.066105, 121.422802
37.351436, 123.413668
37.638281, 125.399448
37.926587, 127.380199
38.216303, 129.355977
38.507377, 131.326839
38.799759, 133.292845
39.093398, 135.254051
39.388242, 137.210517
39.684242, 139.162300
39.981346, 141.109460
40.279507, 143.052056
40.578672, 144.990145
40.878794, 146.923788
41.179823, 148.853042
41.481710, 150.777966
41.784406, 152.698619
42.087863, 154.615057
42.392034, 156.527340
42.696870, 158.435524
43.002324, 160.339666
43.308348, 162.239822
43.614897, 164.136050
43.921923, 166.028403
44.229379, 167.916939
44.537221, 169.801710
44.845402, 171.682772
45.153877, 173.560177
45.462601, 175.433978
45.771529, 177.304229
46.080617, 179.170980
46.389819, 181.034283
46.699094, 182.894188
47.008396, 184.750746
47.317682, 186.604004
47.626910, 188.454013
47.936037, 190.300819
48.245020, 192.144470
48.553817, 193.985013
48.862386, 195.822493
49.170687, 197.656957
49.478676, 199.488447
49.786314, 201.317009
50.093560, 203.142685
50.400374, 204.965519
50.706714, 206.785552
51.012542, 208.602825
51.317817, 210.417379
51.622501, 212.229255
51.926555, 214.038491
52.229939, 215.845126
52.532616, 217.649198
52.834546, 219.450744
53.135693, 221.249802
53.436018, 223.046408
53.735485, 224.840597
54.034055, 226.632404
54.331693, 228.421864
54.628362, 230.209010
54.924025, 231.993875
55.218646, 233.776493
55.512190, 235.556895
55.804621, 237.335113
56.095904, 239.111177
56.386004, 240.885118
56.674886, 242.656966
56.962517, 244.426751
57.248860, 246.194500
57.533884, 247.960242
57.817553, 249.724005
58.099835, 251.485816
58.380697, 253.245703
58.660106, 255.003690
58.938028, 256.759804
59.214432, 258.514070
59.489286, 260.266514
59.762558, 262.017158
60.034215, 263.766028
60.304228, 265.513147
60.572564, 267.258537
60.839193, 269.002222
61.104085, 270.744223
61.367209, 272.484562
61.628534, 274.223260
##END=
