##TITLE= Parameter file, TopSpin 4.3.0
##JCAMPDX= 5.0
##DATATYPE= Parameter Values
##ORIGIN= Bruker BioSpin GmbH
##OWNER= nmrsu
$$ 2024-05-28 10:43:45.252 +0100  nmrsu@4CE1161FJM
$$ C:/Bruker/TopSpin4.3.0/exp/stan/nmr/lists/wave/user/multisupp_aux_d8
$$ process C:\Bruker\TopSpin4.3.0\prog\mod\xwinshape.exe
##MINX= 15.30411400
##MAXX= 99.99953200
##MINY= 0.26540700
##MAXY= 359.73459300
##$SHAPE_ADDPHASE= 0
##$SHAPE_AMP= 99.9995321
##$SHAPE_BWFAC= 0
##$SHAPE_BWFAC50= 0
##$SHAPE_CALCBW= yes
##$SHAPE_CALCINTEG= yes
##$SHAPE_EXMODE= <Excitation>
##$SHAPE_EXPAND= <>
##$SHAPE_EXPANDCF= (0..143)
0 0 0 0 0 0 0 0 0 0 0 0 0 0 0 0 0 0 0 0 0 0 0 0 0 0 0 0 0 0 0 0 0 0 0 0
0 0 0 0 0 0 0 0 0 0 0 0 0 0 0 0 0 0 0 0 0 0 0 0 0 0 0 0 0 0 0 0 0 0 0 0
0 0 0 0 0 0 0 0 0 0 0 0 0 0 0 0 0 0 0 0 0 0 0 0 0 0 0 0 0 0 0 0 0 0 0 0
0 0 0 0 0 0 0 0 0 0 0 0 0 0 0 0 0 0 0 0 0 0 0 0 0 0 0 0 0 0 0 0 0 0 0 0
##$SHAPE_EXPFAC= 0
##$SHAPE_FRACEND= 0
##$SHAPE_FRACORG= 0
##$SHAPE_FRACSTART= 0
##$SHAPE_INTEGFAC= 0
##$SHAPE_KEEPRES= yes
##$SHAPE_LENGTH= 25000.000373
##$SHAPE_MAN= <M>
##$SHAPE_MODE= 4
##$SHAPE_MODFREQ= 0
##$SHAPE_MODPHASE= 0
##$SHAPE_MODSCALE= 0
##$SHAPE_MODSW= 0
##$SHAPE_MODSWDIR= -1
##$SHAPE_NPOINTS= 1250
##$SHAPE_OFFS= <1 4>
##$SHAPE_OFFSCOEFF= (0..95)
-140.01289 0 100 -191.6772 0 100 -207.69046 0 100 -276.26226 0 100 0 0
0 0 0 0 0 0 0 0 0 0 0 0 0 0 0 0 0 0 0 0 0 0 0 0 0 0 0 0 0 0 0 0 0 0 0 0
0 0 0 0 0 0 0 0 0 0 0 0 0 0 0 0 0 0 0 0 0 0 0 0 0 0 0 0 0 0 0 0 0 0 0 0
0 0 0 0 0 0 0 0 0 0
##$SHAPE_PARAMETER= <>
##$SHAPE_REPHFAC= 0
##$SHAPE_RES= 0
##$SHAPE_SCALEFAC= 1.00000468
##$SHAPE_SCALETYPE= 0
##$SHAPE_SPOAL= 0
##$SHAPE_SPOFFS= 0
##$SHAPE_SPOPH= 0
##$SHAPE_TOTROT= 90
##$SHAPE_TYPE= <Excitation>
##$SHAPE_USER_DEF= <>
##$SHAPE_VERSION= 2.1
##$SHL_ADDPHASE= (0..15)
0 0 0 0 0 0 0 0 0 0 0 0 0 0 0 0
##$SHL_ALIGNOFFSET= (0..15)
0 0 0 0 0 0 0 0 0 0 0 0 0 0 0 0
##$SHL_AMP= (0..15)
100 0 0 0 0 0 0 0 0 0 0 0 0 0 0 0
##$SHL_AMPFAC= (0..15)
0 0 0 0 0 0 0 0 0 0 0 0 0 0 0 0
##$SHL_BETA= (0..15)
0 0 0 0 0 0 0 0 0 0 0 0 0 0 0 0
##$SHL_BWFAC= (0..15)
1.116 0 0 0 0 0 0 0 0 0 0 0 0 0 0 0
##$SHL_CALCBW= (0..15)
yes yes yes yes yes yes yes yes yes yes yes yes yes yes yes yes
##$SHL_CALCINTEG= (0..15)
yes yes yes yes yes yes yes yes yes yes yes yes yes yes yes yes
##$SHL_CENTERAMP= (0..15)
0 0 0 0 0 0 0 0 0 0 0 0 0 0 0 0
##$SHL_CYCNUM= (0..15)
0 0 0 0 0 0 0 0 0 0 0 0 0 0 0 0
##$SHL_DIPOLCPL= (0..15)
0 0 0 0 0 0 0 0 0 0 0 0 0 0 0 0
##$SHL_ENDAMP= (0..15)
0 0 0 0 0 0 0 0 0 0 0 0 0 0 0 0
##$SHL_EXMODE= (0..15)
<Excitation> <> <> <> <> <> <> <> <> <> <> <> <> <> <> <>
##$SHL_EXPAND= (0..15)
<> <> <> <> <> <> <> <> <> <> <> <> <> <> <> <>
##$SHL_EXPANDCF0= (0..143)
0 0 0 0 0 0 0 0 0 0 0 0 0 0 0 0 0 0 0 0 0 0 0 0 0 0 0 0 0 0 0 0 0 0 0 0
0 0 0 0 0 0 0 0 0 0 0 0 0 0 0 0 0 0 0 0 0 0 0 0 0 0 0 0 0 0 0 0 0 0 0 0
0 0 0 0 0 0 0 0 0 0 0 0 0 0 0 0 0 0 0 0 0 0 0 0 0 0 0 0 0 0 0 0 0 0 0 0
0 0 0 0 0 0 0 0 0 0 0 0 0 0 0 0 0 0 0 0 0 0 0 0 0 0 0 0 0 0 0 0 0 0 0 0
##$SHL_EXPANDCF1= (0..143)
0 0 0 0 0 0 0 0 0 0 0 0 0 0 0 0 0 0 0 0 0 0 0 0 0 0 0 0 0 0 0 0 0 0 0 0
0 0 0 0 0 0 0 0 0 0 0 0 0 0 0 0 0 0 0 0 0 0 0 0 0 0 0 0 0 0 0 0 0 0 0 0
0 0 0 0 0 0 0 0 0 0 0 0 0 0 0 0 0 0 0 0 0 0 0 0 0 0 0 0 0 0 0 0 0 0 0 0
0 0 0 0 0 0 0 0 0 0 0 0 0 0 0 0 0 0 0 0 0 0 0 0 0 0 0 0 0 0 0 0 0 0 0 0
##$SHL_EXPANDCF10= (0..143)
0 0 0 0 0 0 0 0 0 0 0 0 0 0 0 0 0 0 0 0 0 0 0 0 0 0 0 0 0 0 0 0 0 0 0 0
0 0 0 0 0 0 0 0 0 0 0 0 0 0 0 0 0 0 0 0 0 0 0 0 0 0 0 0 0 0 0 0 0 0 0 0
0 0 0 0 0 0 0 0 0 0 0 0 0 0 0 0 0 0 0 0 0 0 0 0 0 0 0 0 0 0 0 0 0 0 0 0
0 0 0 0 0 0 0 0 0 0 0 0 0 0 0 0 0 0 0 0 0 0 0 0 0 0 0 0 0 0 0 0 0 0 0 0
##$SHL_EXPANDCF11= (0..143)
0 0 0 0 0 0 0 0 0 0 0 0 0 0 0 0 0 0 0 0 0 0 0 0 0 0 0 0 0 0 0 0 0 0 0 0
0 0 0 0 0 0 0 0 0 0 0 0 0 0 0 0 0 0 0 0 0 0 0 0 0 0 0 0 0 0 0 0 0 0 0 0
0 0 0 0 0 0 0 0 0 0 0 0 0 0 0 0 0 0 0 0 0 0 0 0 0 0 0 0 0 0 0 0 0 0 0 0
0 0 0 0 0 0 0 0 0 0 0 0 0 0 0 0 0 0 0 0 0 0 0 0 0 0 0 0 0 0 0 0 0 0 0 0
##$SHL_EXPANDCF12= (0..143)
0 0 0 0 0 0 0 0 0 0 0 0 0 0 0 0 0 0 0 0 0 0 0 0 0 0 0 0 0 0 0 0 0 0 0 0
0 0 0 0 0 0 0 0 0 0 0 0 0 0 0 0 0 0 0 0 0 0 0 0 0 0 0 0 0 0 0 0 0 0 0 0
0 0 0 0 0 0 0 0 0 0 0 0 0 0 0 0 0 0 0 0 0 0 0 0 0 0 0 0 0 0 0 0 0 0 0 0
0 0 0 0 0 0 0 0 0 0 0 0 0 0 0 0 0 0 0 0 0 0 0 0 0 0 0 0 0 0 0 0 0 0 0 0
##$SHL_EXPANDCF13= (0..143)
0 0 0 0 0 0 0 0 0 0 0 0 0 0 0 0 0 0 0 0 0 0 0 0 0 0 0 0 0 0 0 0 0 0 0 0
0 0 0 0 0 0 0 0 0 0 0 0 0 0 0 0 0 0 0 0 0 0 0 0 0 0 0 0 0 0 0 0 0 0 0 0
0 0 0 0 0 0 0 0 0 0 0 0 0 0 0 0 0 0 0 0 0 0 0 0 0 0 0 0 0 0 0 0 0 0 0 0
0 0 0 0 0 0 0 0 0 0 0 0 0 0 0 0 0 0 0 0 0 0 0 0 0 0 0 0 0 0 0 0 0 0 0 0
##$SHL_EXPANDCF14= (0..143)
0 0 0 0 0 0 0 0 0 0 0 0 0 0 0 0 0 0 0 0 0 0 0 0 0 0 0 0 0 0 0 0 0 0 0 0
0 0 0 0 0 0 0 0 0 0 0 0 0 0 0 0 0 0 0 0 0 0 0 0 0 0 0 0 0 0 0 0 0 0 0 0
0 0 0 0 0 0 0 0 0 0 0 0 0 0 0 0 0 0 0 0 0 0 0 0 0 0 0 0 0 0 0 0 0 0 0 0
0 0 0 0 0 0 0 0 0 0 0 0 0 0 0 0 0 0 0 0 0 0 0 0 0 0 0 0 0 0 0 0 0 0 0 0
##$SHL_EXPANDCF15= (0..143)
0 0 0 0 0 0 0 0 0 0 0 0 0 0 0 0 0 0 0 0 0 0 0 0 0 0 0 0 0 0 0 0 0 0 0 0
0 0 0 0 0 0 0 0 0 0 0 0 0 0 0 0 0 0 0 0 0 0 0 0 0 0 0 0 0 0 0 0 0 0 0 0
0 0 0 0 0 0 0 0 0 0 0 0 0 0 0 0 0 0 0 0 0 0 0 0 0 0 0 0 0 0 0 0 0 0 0 0
0 0 0 0 0 0 0 0 0 0 0 0 0 0 0 0 0 0 0 0 0 0 0 0 0 0 0 0 0 0 0 0 0 0 0 0
##$SHL_EXPANDCF2= (0..143)
0 0 0 0 0 0 0 0 0 0 0 0 0 0 0 0 0 0 0 0 0 0 0 0 0 0 0 0 0 0 0 0 0 0 0 0
0 0 0 0 0 0 0 0 0 0 0 0 0 0 0 0 0 0 0 0 0 0 0 0 0 0 0 0 0 0 0 0 0 0 0 0
0 0 0 0 0 0 0 0 0 0 0 0 0 0 0 0 0 0 0 0 0 0 0 0 0 0 0 0 0 0 0 0 0 0 0 0
0 0 0 0 0 0 0 0 0 0 0 0 0 0 0 0 0 0 0 0 0 0 0 0 0 0 0 0 0 0 0 0 0 0 0 0
##$SHL_EXPANDCF3= (0..143)
0 0 0 0 0 0 0 0 0 0 0 0 0 0 0 0 0 0 0 0 0 0 0 0 0 0 0 0 0 0 0 0 0 0 0 0
0 0 0 0 0 0 0 0 0 0 0 0 0 0 0 0 0 0 0 0 0 0 0 0 0 0 0 0 0 0 0 0 0 0 0 0
0 0 0 0 0 0 0 0 0 0 0 0 0 0 0 0 0 0 0 0 0 0 0 0 0 0 0 0 0 0 0 0 0 0 0 0
0 0 0 0 0 0 0 0 0 0 0 0 0 0 0 0 0 0 0 0 0 0 0 0 0 0 0 0 0 0 0 0 0 0 0 0
##$SHL_EXPANDCF4= (0..143)
0 0 0 0 0 0 0 0 0 0 0 0 0 0 0 0 0 0 0 0 0 0 0 0 0 0 0 0 0 0 0 0 0 0 0 0
0 0 0 0 0 0 0 0 0 0 0 0 0 0 0 0 0 0 0 0 0 0 0 0 0 0 0 0 0 0 0 0 0 0 0 0
0 0 0 0 0 0 0 0 0 0 0 0 0 0 0 0 0 0 0 0 0 0 0 0 0 0 0 0 0 0 0 0 0 0 0 0
0 0 0 0 0 0 0 0 0 0 0 0 0 0 0 0 0 0 0 0 0 0 0 0 0 0 0 0 0 0 0 0 0 0 0 0
##$SHL_EXPANDCF5= (0..143)
0 0 0 0 0 0 0 0 0 0 0 0 0 0 0 0 0 0 0 0 0 0 0 0 0 0 0 0 0 0 0 0 0 0 0 0
0 0 0 0 0 0 0 0 0 0 0 0 0 0 0 0 0 0 0 0 0 0 0 0 0 0 0 0 0 0 0 0 0 0 0 0
0 0 0 0 0 0 0 0 0 0 0 0 0 0 0 0 0 0 0 0 0 0 0 0 0 0 0 0 0 0 0 0 0 0 0 0
0 0 0 0 0 0 0 0 0 0 0 0 0 0 0 0 0 0 0 0 0 0 0 0 0 0 0 0 0 0 0 0 0 0 0 0
##$SHL_EXPANDCF6= (0..143)
0 0 0 0 0 0 0 0 0 0 0 0 0 0 0 0 0 0 0 0 0 0 0 0 0 0 0 0 0 0 0 0 0 0 0 0
0 0 0 0 0 0 0 0 0 0 0 0 0 0 0 0 0 0 0 0 0 0 0 0 0 0 0 0 0 0 0 0 0 0 0 0
0 0 0 0 0 0 0 0 0 0 0 0 0 0 0 0 0 0 0 0 0 0 0 0 0 0 0 0 0 0 0 0 0 0 0 0
0 0 0 0 0 0 0 0 0 0 0 0 0 0 0 0 0 0 0 0 0 0 0 0 0 0 0 0 0 0 0 0 0 0 0 0
##$SHL_EXPANDCF7= (0..143)
0 0 0 0 0 0 0 0 0 0 0 0 0 0 0 0 0 0 0 0 0 0 0 0 0 0 0 0 0 0 0 0 0 0 0 0
0 0 0 0 0 0 0 0 0 0 0 0 0 0 0 0 0 0 0 0 0 0 0 0 0 0 0 0 0 0 0 0 0 0 0 0
0 0 0 0 0 0 0 0 0 0 0 0 0 0 0 0 0 0 0 0 0 0 0 0 0 0 0 0 0 0 0 0 0 0 0 0
0 0 0 0 0 0 0 0 0 0 0 0 0 0 0 0 0 0 0 0 0 0 0 0 0 0 0 0 0 0 0 0 0 0 0 0
##$SHL_EXPANDCF8= (0..143)
0 0 0 0 0 0 0 0 0 0 0 0 0 0 0 0 0 0 0 0 0 0 0 0 0 0 0 0 0 0 0 0 0 0 0 0
0 0 0 0 0 0 0 0 0 0 0 0 0 0 0 0 0 0 0 0 0 0 0 0 0 0 0 0 0 0 0 0 0 0 0 0
0 0 0 0 0 0 0 0 0 0 0 0 0 0 0 0 0 0 0 0 0 0 0 0 0 0 0 0 0 0 0 0 0 0 0 0
0 0 0 0 0 0 0 0 0 0 0 0 0 0 0 0 0 0 0 0 0 0 0 0 0 0 0 0 0 0 0 0 0 0 0 0
##$SHL_EXPANDCF9= (0..143)
0 0 0 0 0 0 0 0 0 0 0 0 0 0 0 0 0 0 0 0 0 0 0 0 0 0 0 0 0 0 0 0 0 0 0 0
0 0 0 0 0 0 0 0 0 0 0 0 0 0 0 0 0 0 0 0 0 0 0 0 0 0 0 0 0 0 0 0 0 0 0 0
0 0 0 0 0 0 0 0 0 0 0 0 0 0 0 0 0 0 0 0 0 0 0 0 0 0 0 0 0 0 0 0 0 0 0 0
0 0 0 0 0 0 0 0 0 0 0 0 0 0 0 0 0 0 0 0 0 0 0 0 0 0 0 0 0 0 0 0 0 0 0 0
##$SHL_EXPFAC= (0..15)
0 0 0 0 0 0 0 0 0 0 0 0 0 0 0 0
##$SHL_FRACEND= (0..15)
0 0 0 0 0 0 0 0 0 0 0 0 0 0 0 0
##$SHL_FRACORG= (0..15)
0 0 0 0 0 0 0 0 0 0 0 0 0 0 0 0
##$SHL_FRACSTART= (0..15)
0 0 0 0 0 0 0 0 0 0 0 0 0 0 0 0
##$SHL_FULLHALF= (0..15)
0 0 0 0 0 0 0 0 0 0 0 0 0 0 0 0
##$SHL_FUNCAMP= (0..15)
100 0 0 0 0 0 0 0 0 0 0 0 0 0 0 0
##$SHL_FUNCTION= (0..15)
<Rectangle> <> <> <> <> <> <> <> <> <> <> <> <> <> <> <>
##$SHL_GCO= (0..15)
<> <> <> <> <> <> <> <> <> <> <> <> <> <> <> <>
##$SHL_GCOCOEFFS0= (0..59)
0 0 0 0 0 0 0 0 0 0 0 0 0 0 0 0 0 0 0 0 0 0 0 0 0 0 0 0 0 0 0 0 0 0 0 0
0 0 0 0 0 0 0 0 0 0 0 0 0 0 0 0 0 0 0 0 0 0 0 0
##$SHL_GCOCOEFFS1= (0..59)
0 0 0 0 0 0 0 0 0 0 0 0 0 0 0 0 0 0 0 0 0 0 0 0 0 0 0 0 0 0 0 0 0 0 0 0
0 0 0 0 0 0 0 0 0 0 0 0 0 0 0 0 0 0 0 0 0 0 0 0
##$SHL_GCOCOEFFS10= (0..59)
0 0 0 0 0 0 0 0 0 0 0 0 0 0 0 0 0 0 0 0 0 0 0 0 0 0 0 0 0 0 0 0 0 0 0 0
0 0 0 0 0 0 0 0 0 0 0 0 0 0 0 0 0 0 0 0 0 0 0 0
##$SHL_GCOCOEFFS11= (0..59)
0 0 0 0 0 0 0 0 0 0 0 0 0 0 0 0 0 0 0 0 0 0 0 0 0 0 0 0 0 0 0 0 0 0 0 0
0 0 0 0 0 0 0 0 0 0 0 0 0 0 0 0 0 0 0 0 0 0 0 0
##$SHL_GCOCOEFFS12= (0..59)
0 0 0 0 0 0 0 0 0 0 0 0 0 0 0 0 0 0 0 0 0 0 0 0 0 0 0 0 0 0 0 0 0 0 0 0
0 0 0 0 0 0 0 0 0 0 0 0 0 0 0 0 0 0 0 0 0 0 0 0
##$SHL_GCOCOEFFS13= (0..59)
0 0 0 0 0 0 0 0 0 0 0 0 0 0 0 0 0 0 0 0 0 0 0 0 0 0 0 0 0 0 0 0 0 0 0 0
0 0 0 0 0 0 0 0 0 0 0 0 0 0 0 0 0 0 0 0 0 0 0 0
##$SHL_GCOCOEFFS14= (0..59)
0 0 0 0 0 0 0 0 0 0 0 0 0 0 0 0 0 0 0 0 0 0 0 0 0 0 0 0 0 0 0 0 0 0 0 0
0 0 0 0 0 0 0 0 0 0 0 0 0 0 0 0 0 0 0 0 0 0 0 0
##$SHL_GCOCOEFFS15= (0..59)
0 0 0 0 0 0 0 0 0 0 0 0 0 0 0 0 0 0 0 0 0 0 0 0 0 0 0 0 0 0 0 0 0 0 0 0
0 0 0 0 0 0 0 0 0 0 0 0 0 0 0 0 0 0 0 0 0 0 0 0
##$SHL_GCOCOEFFS2= (0..59)
0 0 0 0 0 0 0 0 0 0 0 0 0 0 0 0 0 0 0 0 0 0 0 0 0 0 0 0 0 0 0 0 0 0 0 0
0 0 0 0 0 0 0 0 0 0 0 0 0 0 0 0 0 0 0 0 0 0 0 0
##$SHL_GCOCOEFFS3= (0..59)
0 0 0 0 0 0 0 0 0 0 0 0 0 0 0 0 0 0 0 0 0 0 0 0 0 0 0 0 0 0 0 0 0 0 0 0
0 0 0 0 0 0 0 0 0 0 0 0 0 0 0 0 0 0 0 0 0 0 0 0
##$SHL_GCOCOEFFS4= (0..59)
0 0 0 0 0 0 0 0 0 0 0 0 0 0 0 0 0 0 0 0 0 0 0 0 0 0 0 0 0 0 0 0 0 0 0 0
0 0 0 0 0 0 0 0 0 0 0 0 0 0 0 0 0 0 0 0 0 0 0 0
##$SHL_GCOCOEFFS5= (0..59)
0 0 0 0 0 0 0 0 0 0 0 0 0 0 0 0 0 0 0 0 0 0 0 0 0 0 0 0 0 0 0 0 0 0 0 0
0 0 0 0 0 0 0 0 0 0 0 0 0 0 0 0 0 0 0 0 0 0 0 0
##$SHL_GCOCOEFFS6= (0..59)
0 0 0 0 0 0 0 0 0 0 0 0 0 0 0 0 0 0 0 0 0 0 0 0 0 0 0 0 0 0 0 0 0 0 0 0
0 0 0 0 0 0 0 0 0 0 0 0 0 0 0 0 0 0 0 0 0 0 0 0
##$SHL_GCOCOEFFS7= (0..59)
0 0 0 0 0 0 0 0 0 0 0 0 0 0 0 0 0 0 0 0 0 0 0 0 0 0 0 0 0 0 0 0 0 0 0 0
0 0 0 0 0 0 0 0 0 0 0 0 0 0 0 0 0 0 0 0 0 0 0 0
##$SHL_GCOCOEFFS8= (0..59)
0 0 0 0 0 0 0 0 0 0 0 0 0 0 0 0 0 0 0 0 0 0 0 0 0 0 0 0 0 0 0 0 0 0 0 0
0 0 0 0 0 0 0 0 0 0 0 0 0 0 0 0 0 0 0 0 0 0 0 0
##$SHL_GCOCOEFFS9= (0..59)
0 0 0 0 0 0 0 0 0 0 0 0 0 0 0 0 0 0 0 0 0 0 0 0 0 0 0 0 0 0 0 0 0 0 0 0
0 0 0 0 0 0 0 0 0 0 0 0 0 0 0 0 0 0 0 0 0 0 0 0
##$SHL_INTEGFAC= (0..15)
1 0 0 0 0 0 0 0 0 0 0 0 0 0 0 0
##$SHL_LB= (0..15)
0 0 0 0 0 0 0 0 0 0 0 0 0 0 0 0
##$SHL_LEFTLIMIT= (0..15)
0 0 0 0 0 0 0 0 0 0 0 0 0 0 0 0
##$SHL_LENGTH= (0..15)
25000.000373 0 0 0 0 0 0 0 0 0 0 0 0 0 0 0
##$SHL_MAN= (0..15)
<> <> <> <> <> <> <> <> <> <> <> <> <> <> <> <>
##$SHL_MEANAMP= (0..15)
0 0 0 0 0 0 0 0 0 0 0 0 0 0 0 0
##$SHL_MODAMP= (0..15)
0 0 0 0 0 0 0 0 0 0 0 0 0 0 0 0
##$SHL_MODE= (0..15)
0 0 0 0 0 0 0 0 0 0 0 0 0 0 0 0
##$SHL_MODFREQ= (0..15)
0 0 0 0 0 0 0 0 0 0 0 0 0 0 0 0
##$SHL_MODPHASE= (0..15)
0 0 0 0 0 0 0 0 0 0 0 0 0 0 0 0
##$SHL_MODSCALE= (0..15)
0 0 0 0 0 0 0 0 0 0 0 0 0 0 0 0
##$SHL_MODSW= (0..15)
0 0 0 0 0 0 0 0 0 0 0 0 0 0 0 0
##$SHL_MODSWDIR= (0..15)
-1 -1 -1 -1 -1 -1 -1 -1 -1 -1 -1 -1 -1 -1 -1 -1
##$SHL_MU= (0..15)
0 0 0 0 0 0 0 0 0 0 0 0 0 0 0 0
##$SHL_NPOINTS= (0..15)
1250 0 0 0 0 0 0 0 0 0 0 0 0 0 0 0
##$SHL_OFFS= (0..15)
<> <> <> <> <> <> <> <> <> <> <> <> <> <> <> <>
##$SHL_OFFSCOEFF0= (0..95)
0 0 0 0 0 0 0 0 0 0 0 0 0 0 0 0 0 0 0 0 0 0 0 0 0 0 0 0 0 0 0 0 0 0 0 0
0 0 0 0 0 0 0 0 0 0 0 0 0 0 0 0 0 0 0 0 0 0 0 0 0 0 0 0 0 0 0 0 0 0 0 0
0 0 0 0 0 0 0 0 0 0 0 0 0 0 0 0 0 0 0 0 0 0 0 0
##$SHL_OFFSCOEFF1= (0..95)
0 0 0 0 0 0 0 0 0 0 0 0 0 0 0 0 0 0 0 0 0 0 0 0 0 0 0 0 0 0 0 0 0 0 0 0
0 0 0 0 0 0 0 0 0 0 0 0 0 0 0 0 0 0 0 0 0 0 0 0 0 0 0 0 0 0 0 0 0 0 0 0
0 0 0 0 0 0 0 0 0 0 0 0 0 0 0 0 0 0 0 0 0 0 0 0
##$SHL_OFFSCOEFF10= (0..95)
0 0 0 0 0 0 0 0 0 0 0 0 0 0 0 0 0 0 0 0 0 0 0 0 0 0 0 0 0 0 0 0 0 0 0 0
0 0 0 0 0 0 0 0 0 0 0 0 0 0 0 0 0 0 0 0 0 0 0 0 0 0 0 0 0 0 0 0 0 0 0 0
0 0 0 0 0 0 0 0 0 0 0 0 0 0 0 0 0 0 0 0 0 0 0 0
##$SHL_OFFSCOEFF11= (0..95)
0 0 0 0 0 0 0 0 0 0 0 0 0 0 0 0 0 0 0 0 0 0 0 0 0 0 0 0 0 0 0 0 0 0 0 0
0 0 0 0 0 0 0 0 0 0 0 0 0 0 0 0 0 0 0 0 0 0 0 0 0 0 0 0 0 0 0 0 0 0 0 0
0 0 0 0 0 0 0 0 0 0 0 0 0 0 0 0 0 0 0 0 0 0 0 0
##$SHL_OFFSCOEFF12= (0..95)
0 0 0 0 0 0 0 0 0 0 0 0 0 0 0 0 0 0 0 0 0 0 0 0 0 0 0 0 0 0 0 0 0 0 0 0
0 0 0 0 0 0 0 0 0 0 0 0 0 0 0 0 0 0 0 0 0 0 0 0 0 0 0 0 0 0 0 0 0 0 0 0
0 0 0 0 0 0 0 0 0 0 0 0 0 0 0 0 0 0 0 0 0 0 0 0
##$SHL_OFFSCOEFF13= (0..95)
0 0 0 0 0 0 0 0 0 0 0 0 0 0 0 0 0 0 0 0 0 0 0 0 0 0 0 0 0 0 0 0 0 0 0 0
0 0 0 0 0 0 0 0 0 0 0 0 0 0 0 0 0 0 0 0 0 0 0 0 0 0 0 0 0 0 0 0 0 0 0 0
0 0 0 0 0 0 0 0 0 0 0 0 0 0 0 0 0 0 0 0 0 0 0 0
##$SHL_OFFSCOEFF14= (0..95)
0 0 0 0 0 0 0 0 0 0 0 0 0 0 0 0 0 0 0 0 0 0 0 0 0 0 0 0 0 0 0 0 0 0 0 0
0 0 0 0 0 0 0 0 0 0 0 0 0 0 0 0 0 0 0 0 0 0 0 0 0 0 0 0 0 0 0 0 0 0 0 0
0 0 0 0 0 0 0 0 0 0 0 0 0 0 0 0 0 0 0 0 0 0 0 0
##$SHL_OFFSCOEFF15= (0..95)
0 0 0 0 0 0 0 0 0 0 0 0 0 0 0 0 0 0 0 0 0 0 0 0 0 0 0 0 0 0 0 0 0 0 0 0
0 0 0 0 0 0 0 0 0 0 0 0 0 0 0 0 0 0 0 0 0 0 0 0 0 0 0 0 0 0 0 0 0 0 0 0
0 0 0 0 0 0 0 0 0 0 0 0 0 0 0 0 0 0 0 0 0 0 0 0
##$SHL_OFFSCOEFF2= (0..95)
0 0 0 0 0 0 0 0 0 0 0 0 0 0 0 0 0 0 0 0 0 0 0 0 0 0 0 0 0 0 0 0 0 0 0 0
0 0 0 0 0 0 0 0 0 0 0 0 0 0 0 0 0 0 0 0 0 0 0 0 0 0 0 0 0 0 0 0 0 0 0 0
0 0 0 0 0 0 0 0 0 0 0 0 0 0 0 0 0 0 0 0 0 0 0 0
##$SHL_OFFSCOEFF3= (0..95)
0 0 0 0 0 0 0 0 0 0 0 0 0 0 0 0 0 0 0 0 0 0 0 0 0 0 0 0 0 0 0 0 0 0 0 0
0 0 0 0 0 0 0 0 0 0 0 0 0 0 0 0 0 0 0 0 0 0 0 0 0 0 0 0 0 0 0 0 0 0 0 0
0 0 0 0 0 0 0 0 0 0 0 0 0 0 0 0 0 0 0 0 0 0 0 0
##$SHL_OFFSCOEFF4= (0..95)
0 0 0 0 0 0 0 0 0 0 0 0 0 0 0 0 0 0 0 0 0 0 0 0 0 0 0 0 0 0 0 0 0 0 0 0
0 0 0 0 0 0 0 0 0 0 0 0 0 0 0 0 0 0 0 0 0 0 0 0 0 0 0 0 0 0 0 0 0 0 0 0
0 0 0 0 0 0 0 0 0 0 0 0 0 0 0 0 0 0 0 0 0 0 0 0
##$SHL_OFFSCOEFF5= (0..95)
0 0 0 0 0 0 0 0 0 0 0 0 0 0 0 0 0 0 0 0 0 0 0 0 0 0 0 0 0 0 0 0 0 0 0 0
0 0 0 0 0 0 0 0 0 0 0 0 0 0 0 0 0 0 0 0 0 0 0 0 0 0 0 0 0 0 0 0 0 0 0 0
0 0 0 0 0 0 0 0 0 0 0 0 0 0 0 0 0 0 0 0 0 0 0 0
##$SHL_OFFSCOEFF6= (0..95)
0 0 0 0 0 0 0 0 0 0 0 0 0 0 0 0 0 0 0 0 0 0 0 0 0 0 0 0 0 0 0 0 0 0 0 0
0 0 0 0 0 0 0 0 0 0 0 0 0 0 0 0 0 0 0 0 0 0 0 0 0 0 0 0 0 0 0 0 0 0 0 0
0 0 0 0 0 0 0 0 0 0 0 0 0 0 0 0 0 0 0 0 0 0 0 0
##$SHL_OFFSCOEFF7= (0..95)
0 0 0 0 0 0 0 0 0 0 0 0 0 0 0 0 0 0 0 0 0 0 0 0 0 0 0 0 0 0 0 0 0 0 0 0
0 0 0 0 0 0 0 0 0 0 0 0 0 0 0 0 0 0 0 0 0 0 0 0 0 0 0 0 0 0 0 0 0 0 0 0
0 0 0 0 0 0 0 0 0 0 0 0 0 0 0 0 0 0 0 0 0 0 0 0
##$SHL_OFFSCOEFF8= (0..95)
0 0 0 0 0 0 0 0 0 0 0 0 0 0 0 0 0 0 0 0 0 0 0 0 0 0 0 0 0 0 0 0 0 0 0 0
0 0 0 0 0 0 0 0 0 0 0 0 0 0 0 0 0 0 0 0 0 0 0 0 0 0 0 0 0 0 0 0 0 0 0 0
0 0 0 0 0 0 0 0 0 0 0 0 0 0 0 0 0 0 0 0 0 0 0 0
##$SHL_OFFSCOEFF9= (0..95)
0 0 0 0 0 0 0 0 0 0 0 0 0 0 0 0 0 0 0 0 0 0 0 0 0 0 0 0 0 0 0 0 0 0 0 0
0 0 0 0 0 0 0 0 0 0 0 0 0 0 0 0 0 0 0 0 0 0 0 0 0 0 0 0 0 0 0 0 0 0 0 0
0 0 0 0 0 0 0 0 0 0 0 0 0 0 0 0 0 0 0 0 0 0 0 0
##$SHL_PHASE= (0..15)
0 0 0 0 0 0 0 0 0 0 0 0 0 0 0 0
##$SHL_PHASEFAC= (0..15)
0 0 0 0 0 0 0 0 0 0 0 0 0 0 0 0
##$SHL_POWERINDEX= (0..15)
0 0 0 0 0 0 0 0 0 0 0 0 0 0 0 0
##$SHL_QUADCOEFF= (0..15)
0 0 0 0 0 0 0 0 0 0 0 0 0 0 0 0
##$SHL_RIGHTLIMIT= (0..15)
0 0 0 0 0 0 0 0 0 0 0 0 0 0 0 0
##$SHL_SCALEFACTOR= (0..15)
1 1 1 1 1 1 1 1 1 1 1 1 1 1 1 1
##$SHL_SF= (0..15)
<> <> <> <> <> <> <> <> <> <> <> <> <> <> <> <>
##$SHL_SFCOEFFS0= (0..200)
0 0 0 0 0 0 0 0 0 0 0 0 0 0 0 0 0 0 0 0 0 0 0 0 0 0 0 0 0 0 0 0 0 0 0 0
0 0 0 0 0 0 0 0 0 0 0 0 0 0 0 0 0 0 0 0 0 0 0 0 0 0 0 0 0 0 0 0 0 0 0 0
0 0 0 0 0 0 0 0 0 0 0 0 0 0 0 0 0 0 0 0 0 0 0 0 0 0 0 0 0 0 0 0 0 0 0 0
0 0 0 0 0 0 0 0 0 0 0 0 0 0 0 0 0 0 0 0 0 0 0 0 0 0 0 0 0 0 0 0 0 0 0 0
0 0 0 0 0 0 0 0 0 0 0 0 0 0 0 0 0 0 0 0 0 0 0 0 0 0 0 0 0 0 0 0 0 0 0 0
0 0 0 0 0 0 0 0 0 0 0 0 0 0 0 0 0 0 0 0 0
##$SHL_SFCOEFFS1= (0..200)
0 0 0 0 0 0 0 0 0 0 0 0 0 0 0 0 0 0 0 0 0 0 0 0 0 0 0 0 0 0 0 0 0 0 0 0
0 0 0 0 0 0 0 0 0 0 0 0 0 0 0 0 0 0 0 0 0 0 0 0 0 0 0 0 0 0 0 0 0 0 0 0
0 0 0 0 0 0 0 0 0 0 0 0 0 0 0 0 0 0 0 0 0 0 0 0 0 0 0 0 0 0 0 0 0 0 0 0
0 0 0 0 0 0 0 0 0 0 0 0 0 0 0 0 0 0 0 0 0 0 0 0 0 0 0 0 0 0 0 0 0 0 0 0
0 0 0 0 0 0 0 0 0 0 0 0 0 0 0 0 0 0 0 0 0 0 0 0 0 0 0 0 0 0 0 0 0 0 0 0
0 0 0 0 0 0 0 0 0 0 0 0 0 0 0 0 0 0 0 0 0
##$SHL_SFCOEFFS10= (0..200)
0 0 0 0 0 0 0 0 0 0 0 0 0 0 0 0 0 0 0 0 0 0 0 0 0 0 0 0 0 0 0 0 0 0 0 0
0 0 0 0 0 0 0 0 0 0 0 0 0 0 0 0 0 0 0 0 0 0 0 0 0 0 0 0 0 0 0 0 0 0 0 0
0 0 0 0 0 0 0 0 0 0 0 0 0 0 0 0 0 0 0 0 0 0 0 0 0 0 0 0 0 0 0 0 0 0 0 0
0 0 0 0 0 0 0 0 0 0 0 0 0 0 0 0 0 0 0 0 0 0 0 0 0 0 0 0 0 0 0 0 0 0 0 0
0 0 0 0 0 0 0 0 0 0 0 0 0 0 0 0 0 0 0 0 0 0 0 0 0 0 0 0 0 0 0 0 0 0 0 0
0 0 0 0 0 0 0 0 0 0 0 0 0 0 0 0 0 0 0 0 0
##$SHL_SFCOEFFS11= (0..200)
0 0 0 0 0 0 0 0 0 0 0 0 0 0 0 0 0 0 0 0 0 0 0 0 0 0 0 0 0 0 0 0 0 0 0 0
0 0 0 0 0 0 0 0 0 0 0 0 0 0 0 0 0 0 0 0 0 0 0 0 0 0 0 0 0 0 0 0 0 0 0 0
0 0 0 0 0 0 0 0 0 0 0 0 0 0 0 0 0 0 0 0 0 0 0 0 0 0 0 0 0 0 0 0 0 0 0 0
0 0 0 0 0 0 0 0 0 0 0 0 0 0 0 0 0 0 0 0 0 0 0 0 0 0 0 0 0 0 0 0 0 0 0 0
0 0 0 0 0 0 0 0 0 0 0 0 0 0 0 0 0 0 0 0 0 0 0 0 0 0 0 0 0 0 0 0 0 0 0 0
0 0 0 0 0 0 0 0 0 0 0 0 0 0 0 0 0 0 0 0 0
##$SHL_SFCOEFFS12= (0..200)
0 0 0 0 0 0 0 0 0 0 0 0 0 0 0 0 0 0 0 0 0 0 0 0 0 0 0 0 0 0 0 0 0 0 0 0
0 0 0 0 0 0 0 0 0 0 0 0 0 0 0 0 0 0 0 0 0 0 0 0 0 0 0 0 0 0 0 0 0 0 0 0
0 0 0 0 0 0 0 0 0 0 0 0 0 0 0 0 0 0 0 0 0 0 0 0 0 0 0 0 0 0 0 0 0 0 0 0
0 0 0 0 0 0 0 0 0 0 0 0 0 0 0 0 0 0 0 0 0 0 0 0 0 0 0 0 0 0 0 0 0 0 0 0
0 0 0 0 0 0 0 0 0 0 0 0 0 0 0 0 0 0 0 0 0 0 0 0 0 0 0 0 0 0 0 0 0 0 0 0
0 0 0 0 0 0 0 0 0 0 0 0 0 0 0 0 0 0 0 0 0
##$SHL_SFCOEFFS13= (0..200)
0 0 0 0 0 0 0 0 0 0 0 0 0 0 0 0 0 0 0 0 0 0 0 0 0 0 0 0 0 0 0 0 0 0 0 0
0 0 0 0 0 0 0 0 0 0 0 0 0 0 0 0 0 0 0 0 0 0 0 0 0 0 0 0 0 0 0 0 0 0 0 0
0 0 0 0 0 0 0 0 0 0 0 0 0 0 0 0 0 0 0 0 0 0 0 0 0 0 0 0 0 0 0 0 0 0 0 0
0 0 0 0 0 0 0 0 0 0 0 0 0 0 0 0 0 0 0 0 0 0 0 0 0 0 0 0 0 0 0 0 0 0 0 0
0 0 0 0 0 0 0 0 0 0 0 0 0 0 0 0 0 0 0 0 0 0 0 0 0 0 0 0 0 0 0 0 0 0 0 0
0 0 0 0 0 0 0 0 0 0 0 0 0 0 0 0 0 0 0 0 0
##$SHL_SFCOEFFS14= (0..200)
0 0 0 0 0 0 0 0 0 0 0 0 0 0 0 0 0 0 0 0 0 0 0 0 0 0 0 0 0 0 0 0 0 0 0 0
0 0 0 0 0 0 0 0 0 0 0 0 0 0 0 0 0 0 0 0 0 0 0 0 0 0 0 0 0 0 0 0 0 0 0 0
0 0 0 0 0 0 0 0 0 0 0 0 0 0 0 0 0 0 0 0 0 0 0 0 0 0 0 0 0 0 0 0 0 0 0 0
0 0 0 0 0 0 0 0 0 0 0 0 0 0 0 0 0 0 0 0 0 0 0 0 0 0 0 0 0 0 0 0 0 0 0 0
0 0 0 0 0 0 0 0 0 0 0 0 0 0 0 0 0 0 0 0 0 0 0 0 0 0 0 0 0 0 0 0 0 0 0 0
0 0 0 0 0 0 0 0 0 0 0 0 0 0 0 0 0 0 0 0 0
##$SHL_SFCOEFFS15= (0..200)
0 0 0 0 0 0 0 0 0 0 0 0 0 0 0 0 0 0 0 0 0 0 0 0 0 0 0 0 0 0 0 0 0 0 0 0
0 0 0 0 0 0 0 0 0 0 0 0 0 0 0 0 0 0 0 0 0 0 0 0 0 0 0 0 0 0 0 0 0 0 0 0
0 0 0 0 0 0 0 0 0 0 0 0 0 0 0 0 0 0 0 0 0 0 0 0 0 0 0 0 0 0 0 0 0 0 0 0
0 0 0 0 0 0 0 0 0 0 0 0 0 0 0 0 0 0 0 0 0 0 0 0 0 0 0 0 0 0 0 0 0 0 0 0
0 0 0 0 0 0 0 0 0 0 0 0 0 0 0 0 0 0 0 0 0 0 0 0 0 0 0 0 0 0 0 0 0 0 0 0
0 0 0 0 0 0 0 0 0 0 0 0 0 0 0 0 0 0 0 0 0
##$SHL_SFCOEFFS2= (0..200)
0 0 0 0 0 0 0 0 0 0 0 0 0 0 0 0 0 0 0 0 0 0 0 0 0 0 0 0 0 0 0 0 0 0 0 0
0 0 0 0 0 0 0 0 0 0 0 0 0 0 0 0 0 0 0 0 0 0 0 0 0 0 0 0 0 0 0 0 0 0 0 0
0 0 0 0 0 0 0 0 0 0 0 0 0 0 0 0 0 0 0 0 0 0 0 0 0 0 0 0 0 0 0 0 0 0 0 0
0 0 0 0 0 0 0 0 0 0 0 0 0 0 0 0 0 0 0 0 0 0 0 0 0 0 0 0 0 0 0 0 0 0 0 0
0 0 0 0 0 0 0 0 0 0 0 0 0 0 0 0 0 0 0 0 0 0 0 0 0 0 0 0 0 0 0 0 0 0 0 0
0 0 0 0 0 0 0 0 0 0 0 0 0 0 0 0 0 0 0 0 0
##$SHL_SFCOEFFS3= (0..200)
0 0 0 0 0 0 0 0 0 0 0 0 0 0 0 0 0 0 0 0 0 0 0 0 0 0 0 0 0 0 0 0 0 0 0 0
0 0 0 0 0 0 0 0 0 0 0 0 0 0 0 0 0 0 0 0 0 0 0 0 0 0 0 0 0 0 0 0 0 0 0 0
0 0 0 0 0 0 0 0 0 0 0 0 0 0 0 0 0 0 0 0 0 0 0 0 0 0 0 0 0 0 0 0 0 0 0 0
0 0 0 0 0 0 0 0 0 0 0 0 0 0 0 0 0 0 0 0 0 0 0 0 0 0 0 0 0 0 0 0 0 0 0 0
0 0 0 0 0 0 0 0 0 0 0 0 0 0 0 0 0 0 0 0 0 0 0 0 0 0 0 0 0 0 0 0 0 0 0 0
0 0 0 0 0 0 0 0 0 0 0 0 0 0 0 0 0 0 0 0 0
##$SHL_SFCOEFFS4= (0..200)
0 0 0 0 0 0 0 0 0 0 0 0 0 0 0 0 0 0 0 0 0 0 0 0 0 0 0 0 0 0 0 0 0 0 0 0
0 0 0 0 0 0 0 0 0 0 0 0 0 0 0 0 0 0 0 0 0 0 0 0 0 0 0 0 0 0 0 0 0 0 0 0
0 0 0 0 0 0 0 0 0 0 0 0 0 0 0 0 0 0 0 0 0 0 0 0 0 0 0 0 0 0 0 0 0 0 0 0
0 0 0 0 0 0 0 0 0 0 0 0 0 0 0 0 0 0 0 0 0 0 0 0 0 0 0 0 0 0 0 0 0 0 0 0
0 0 0 0 0 0 0 0 0 0 0 0 0 0 0 0 0 0 0 0 0 0 0 0 0 0 0 0 0 0 0 0 0 0 0 0
0 0 0 0 0 0 0 0 0 0 0 0 0 0 0 0 0 0 0 0 0
##$SHL_SFCOEFFS5= (0..200)
0 0 0 0 0 0 0 0 0 0 0 0 0 0 0 0 0 0 0 0 0 0 0 0 0 0 0 0 0 0 0 0 0 0 0 0
0 0 0 0 0 0 0 0 0 0 0 0 0 0 0 0 0 0 0 0 0 0 0 0 0 0 0 0 0 0 0 0 0 0 0 0
0 0 0 0 0 0 0 0 0 0 0 0 0 0 0 0 0 0 0 0 0 0 0 0 0 0 0 0 0 0 0 0 0 0 0 0
0 0 0 0 0 0 0 0 0 0 0 0 0 0 0 0 0 0 0 0 0 0 0 0 0 0 0 0 0 0 0 0 0 0 0 0
0 0 0 0 0 0 0 0 0 0 0 0 0 0 0 0 0 0 0 0 0 0 0 0 0 0 0 0 0 0 0 0 0 0 0 0
0 0 0 0 0 0 0 0 0 0 0 0 0 0 0 0 0 0 0 0 0
##$SHL_SFCOEFFS6= (0..200)
0 0 0 0 0 0 0 0 0 0 0 0 0 0 0 0 0 0 0 0 0 0 0 0 0 0 0 0 0 0 0 0 0 0 0 0
0 0 0 0 0 0 0 0 0 0 0 0 0 0 0 0 0 0 0 0 0 0 0 0 0 0 0 0 0 0 0 0 0 0 0 0
0 0 0 0 0 0 0 0 0 0 0 0 0 0 0 0 0 0 0 0 0 0 0 0 0 0 0 0 0 0 0 0 0 0 0 0
0 0 0 0 0 0 0 0 0 0 0 0 0 0 0 0 0 0 0 0 0 0 0 0 0 0 0 0 0 0 0 0 0 0 0 0
0 0 0 0 0 0 0 0 0 0 0 0 0 0 0 0 0 0 0 0 0 0 0 0 0 0 0 0 0 0 0 0 0 0 0 0
0 0 0 0 0 0 0 0 0 0 0 0 0 0 0 0 0 0 0 0 0
##$SHL_SFCOEFFS7= (0..200)
0 0 0 0 0 0 0 0 0 0 0 0 0 0 0 0 0 0 0 0 0 0 0 0 0 0 0 0 0 0 0 0 0 0 0 0
0 0 0 0 0 0 0 0 0 0 0 0 0 0 0 0 0 0 0 0 0 0 0 0 0 0 0 0 0 0 0 0 0 0 0 0
0 0 0 0 0 0 0 0 0 0 0 0 0 0 0 0 0 0 0 0 0 0 0 0 0 0 0 0 0 0 0 0 0 0 0 0
0 0 0 0 0 0 0 0 0 0 0 0 0 0 0 0 0 0 0 0 0 0 0 0 0 0 0 0 0 0 0 0 0 0 0 0
0 0 0 0 0 0 0 0 0 0 0 0 0 0 0 0 0 0 0 0 0 0 0 0 0 0 0 0 0 0 0 0 0 0 0 0
0 0 0 0 0 0 0 0 0 0 0 0 0 0 0 0 0 0 0 0 0
##$SHL_SFCOEFFS8= (0..200)
0 0 0 0 0 0 0 0 0 0 0 0 0 0 0 0 0 0 0 0 0 0 0 0 0 0 0 0 0 0 0 0 0 0 0 0
0 0 0 0 0 0 0 0 0 0 0 0 0 0 0 0 0 0 0 0 0 0 0 0 0 0 0 0 0 0 0 0 0 0 0 0
0 0 0 0 0 0 0 0 0 0 0 0 0 0 0 0 0 0 0 0 0 0 0 0 0 0 0 0 0 0 0 0 0 0 0 0
0 0 0 0 0 0 0 0 0 0 0 0 0 0 0 0 0 0 0 0 0 0 0 0 0 0 0 0 0 0 0 0 0 0 0 0
0 0 0 0 0 0 0 0 0 0 0 0 0 0 0 0 0 0 0 0 0 0 0 0 0 0 0 0 0 0 0 0 0 0 0 0
0 0 0 0 0 0 0 0 0 0 0 0 0 0 0 0 0 0 0 0 0
##$SHL_SFCOEFFS9= (0..200)
0 0 0 0 0 0 0 0 0 0 0 0 0 0 0 0 0 0 0 0 0 0 0 0 0 0 0 0 0 0 0 0 0 0 0 0
0 0 0 0 0 0 0 0 0 0 0 0 0 0 0 0 0 0 0 0 0 0 0 0 0 0 0 0 0 0 0 0 0 0 0 0
0 0 0 0 0 0 0 0 0 0 0 0 0 0 0 0 0 0 0 0 0 0 0 0 0 0 0 0 0 0 0 0 0 0 0 0
0 0 0 0 0 0 0 0 0 0 0 0 0 0 0 0 0 0 0 0 0 0 0 0 0 0 0 0 0 0 0 0 0 0 0 0
0 0 0 0 0 0 0 0 0 0 0 0 0 0 0 0 0 0 0 0 0 0 0 0 0 0 0 0 0 0 0 0 0 0 0 0
0 0 0 0 0 0 0 0 0 0 0 0 0 0 0 0 0 0 0 0 0
##$SHL_SMOOTHED= (0..15)
0 0 0 0 0 0 0 0 0 0 0 0 0 0 0 0
##$SHL_SMOOTHING= (0..15)
0 0 0 0 0 0 0 0 0 0 0 0 0 0 0 0
##$SHL_SPOAL= (0..15)
0 0 0 0 0 0 0 0 0 0 0 0 0 0 0 0
##$SHL_SPOFFS= (0..15)
0 0 0 0 0 0 0 0 0 0 0 0 0 0 0 0
##$SHL_SPOPH= (0..15)
0 0 0 0 0 0 0 0 0 0 0 0 0 0 0 0
##$SHL_STARTAMP= (0..15)
0 0 0 0 0 0 0 0 0 0 0 0 0 0 0 0
##$SHL_SW= (0..15)
0 0 0 0 0 0 0 0 0 0 0 0 0 0 0 0
##$SHL_SWDIR= (0..15)
-1 -1 -1 -1 -1 -1 -1 -1 -1 -1 -1 -1 -1 -1 -1 -1
##$SHL_TANKAPPA= (0..15)
0 0 0 0 0 0 0 0 0 0 0 0 0 0 0 0
##$SHL_TOTROT= (0..15)
90 0 0 0 0 0 0 0 0 0 0 0 0 0 0 0
##$SHL_TRUNCLEV= (0..15)
0 0 0 0 0 0 0 0 0 0 0 0 0 0 0 0
##$SHL_TYPE= (0..15)
<Excitation> <> <> <> <> <> <> <> <> <> <> <> <> <> <> <>
##$SHL_WINDOWSIZE= (0..15)
0 0 0 0 0 0 0 0 0 0 0 0 0 0 0 0
##$SHL_ZETA= (0..15)
0 0 0 0 0 0 0 0 0 0 0 0 0 0 0 0
##NPOINTS= 1250
##XYPOINTS= (XY..XY)
66.336742, 166.185987
66.056363, 167.768444
65.774074, 169.352249
65.489905, 170.937420
65.203884, 172.523972
64.916040, 174.111924
64.626403, 175.701293
64.335001, 177.292098
64.041865, 178.884357
63.747024, 180.478088
63.450509, 182.073312
63.152349, 183.670047
62.852576, 185.268313
62.551220, 186.868132
62.248312, 188.469523
61.943884, 190.072508
61.637966, 191.677109
61.330591, 193.283348
61.021790, 194.891247
60.711595, 196.500829
60.400039, 198.112117
60.087155, 199.725136
59.772974, 201.339909
59.457530, 202.956462
59.140857, 204.574820
58.822987, 206.195008
58.503955, 207.817053
58.183793, 209.440982
57.862537, 211.066821
57.540220, 212.694599
57.216877, 214.324344
56.892543, 215.956085
56.567253, 217.589852
56.241041, 219.225673
55.913944, 220.863581
55.585997, 222.503605
55.257235, 224.145778
54.927695, 225.790133
54.597413, 227.436701
54.266426, 229.085518
53.934771, 230.736616
53.602483, 232.390030
53.269601, 234.045797
52.936163, 235.703952
52.602204, 237.364531
52.267765, 239.027573
51.932882, 240.693116
51.597593, 242.361198
51.261939, 244.031858
50.925956, 245.705138
50.589686, 247.381077
50.253165, 249.059718
49.916435, 250.741102
49.579535, 252.425273
49.242505, 254.112275
48.905384, 255.802152
48.568215, 257.494949
48.231036, 259.190713
47.893890, 260.889490
47.556817, 262.591327
47.219859, 264.296274
46.883058, 266.004378
46.546455, 267.715691
46.210092, 269.430262
45.874013, 271.148143
45.538259, 272.869385
45.202874, 274.594043
44.867900, 276.322169
44.533382, 278.053818
44.199362, 279.789045
43.865885, 281.527905
43.532995, 283.270456
43.200737, 285.016755
42.869154, 286.766859
42.538292, 288.520827
42.208196, 290.278720
41.878911, 292.040596
41.550484, 293.806516
41.222960, 295.576541
40.896385, 297.350734
40.570805, 299.129157
40.246268, 300.911872
39.922820, 302.698943
39.600508, 304.490434
39.279380, 306.286408
38.959483, 308.086931
38.640866, 309.892066
38.323575, 311.701880
38.007660, 313.516437
37.693169, 315.335803
37.380150, 317.160043
37.068653, 318.989222
36.758726, 320.823406
36.450420, 322.662660
36.143782, 324.507049
35.838863, 326.356637
35.535713, 328.211489
35.234382, 330.071667
34.934919, 331.937235
34.637374, 333.808254
34.341798, 335.684786
34.048242, 337.566890
33.756755, 339.454626
33.467388, 341.348050
33.180191, 343.247220
32.895215, 345.152189
32.612510, 347.063009
32.332127, 348.979732
32.054115, 350.902405
31.778525, 352.831074
31.505408, 354.765784
31.234811, 356.706574
30.966787, 358.653482
30.701383, 0.606543
30.438649, 2.565787
30.178634, 4.531242
29.921386, 6.502932
29.666954, 8.480875
29.415384, 10.465087
29.166724, 12.455578
28.921020, 14.452353
28.678319, 16.455412
28.438665, 18.464751
28.202104, 20.480358
27.968678, 22.502217
27.738430, 24.530305
27.511404, 26.564593
27.287638, 28.605044
27.067175, 30.651615
26.850051, 32.704256
26.636306, 34.762910
26.425975, 36.827511
26.219093, 38.897986
26.015694, 40.974254
25.815811, 43.056225
25.619473, 45.143801
25.426709, 47.236877
25.237548, 49.335337
25.052013, 51.439056
24.870129, 53.547903
24.691918, 55.661735
24.517398, 57.780401
24.346586, 59.903743
24.179500, 62.031590
24.016150, 64.163765
23.856549, 66.300082
23.700703, 68.440345
23.548619, 70.584351
23.400301, 72.731887
23.255748, 74.882733
23.114960, 77.036660
22.977930, 79.193433
22.844653, 81.352807
22.715118, 83.514533
22.589312, 85.678354
22.467219, 87.844007
22.348822, 90.011223
22.234099, 92.179728
22.123026, 94.349243
22.015576, 96.519486
21.911719, 98.690169
21.811422, 100.861003
21.714651, 103.031696
21.621368, 105.201953
21.531531, 107.371478
21.445097, 109.539975
21.362019, 111.707148
21.282250, 113.872700
21.205739, 116.036336
21.132430, 118.197763
21.062270, 120.356689
20.995199, 122.512825
20.931156, 124.665887
20.870080, 126.815594
20.811907, 128.961667
20.756568, 131.103835
20.703997, 133.241831
20.654124, 135.375394
20.606876, 137.504269
20.562182, 139.628206
20.519966, 141.746965
20.480153, 143.860310
20.442667, 145.968015
20.407430, 148.069858
20.374363, 150.165629
20.343387, 152.255123
20.314421, 154.338145
20.287387, 156.414506
20.262201, 158.484026
20.238783, 160.546535
20.217052, 162.601869
20.196926, 164.649873
20.178322, 166.690400
20.161160, 168.723311
20.145357, 170.748476
20.130834, 172.765772
20.117508, 174.775082
20.105300, 176.776299
20.094129, 178.769322
20.083917, 180.754057
20.074585, 182.730418
20.066054, 184.698324
20.058249, 186.657701
20.051093, 188.608481
20.044511, 190.550603
20.038429, 192.484009
20.032773, 194.408648
20.027472, 196.324474
20.022454, 198.231446
20.017651, 200.129526
20.012993, 202.018680
20.008414, 203.898881
20.003847, 205.770101
19.999229, 207.632320
19.994496, 209.485516
19.989586, 211.329673
19.984438, 213.164778
19.978995, 214.990817
19.973198, 216.807781
19.966992, 218.615661
19.960322, 220.414450
19.953135, 222.204142
19.945379, 223.984732
19.937005, 225.756214
19.927964, 227.518586
19.918209, 229.271844
19.907695, 231.015982
19.896378, 232.750999
19.884217, 234.476889
19.871169, 236.193647
19.857196, 237.901268
19.842262, 239.599745
19.826329, 241.289069
19.809363, 242.969232
19.791333, 244.640223
19.772206, 246.302029
19.751954, 247.954636
19.730548, 249.598028
19.707962, 251.232186
19.684172, 252.857090
19.659155, 254.472716
19.632888, 256.079039
19.605353, 257.676030
19.576532, 259.263658
19.546408, 260.841889
19.514966, 262.410685
19.482193, 263.970006
19.448078, 265.519808
19.412612, 267.060044
19.375785, 268.590661
19.337593, 270.111607
19.298031, 271.622823
19.257096, 273.124246
19.214787, 274.615810
19.171106, 276.097445
19.126054, 277.569076
19.079637, 279.030625
19.031861, 280.482009
18.982734, 281.923140
18.932267, 283.353926
18.880472, 284.774272
18.827364, 286.184076
18.772958, 287.583231
18.717274, 288.971629
18.660330, 290.349154
18.602152, 291.715686
18.542762, 293.071100
18.482188, 294.415267
18.420459, 295.748053
18.357607, 297.069318
18.293666, 298.378920
18.228672, 299.676710
18.162664, 300.962534
18.095683, 302.236236
18.027773, 303.497653
17.958981, 304.746620
17.889356, 305.982965
17.818950, 307.206516
17.747818, 308.417094
17.676016, 309.614518
17.603606, 310.798603
17.530652, 311.969163
17.457219, 313.126007
17.383377, 314.268945
17.309199, 315.397782
17.234762, 316.512324
17.160144, 317.612377
17.085429, 318.697746
17.010702, 319.768238
16.936052, 320.823660
16.861574, 321.863823
16.787362, 322.888541
16.713518, 323.897632
16.640146, 324.890919
16.567352, 325.868234
16.495247, 326.829413
16.423947, 327.774304
16.353569, 328.702764
16.284236, 329.614664
16.216072, 330.509885
16.149208, 331.388326
16.083774, 332.249903
16.019909, 333.094548
15.957749, 333.922215
15.897439, 334.732881
15.839124, 335.526546
15.782951, 336.303236
15.729072, 337.063005
15.677641, 337.805939
15.628814, 338.532153
15.582748, 339.241798
15.539603, 339.935058
15.499540, 340.612158
15.462721, 341.273357
15.429309, 341.918959
15.399468, 342.549305
15.373360, 343.164781
15.351147, 343.765816
15.332992, 344.352882
15.319054, 344.926494
15.309492, 345.487213
15.304461, 346.035640
15.304114, 346.572421
15.308600, 347.098243
15.318065, 347.613830
15.332648, 348.119947
15.352486, 348.617391
15.377709, 349.106994
15.408442, 349.589615
15.444801, 350.066142
15.486899, 350.537482
15.534838, 351.004562
15.588715, 351.468322
15.648619, 351.929714
15.714631, 352.389692
15.786821, 352.849212
15.865253, 353.309228
15.949984, 353.770681
16.041058, 354.234503
16.138515, 354.701608
16.242382, 355.172888
16.352681, 355.649210
16.469424, 356.131412
16.592615, 356.620302
16.722251, 357.116652
16.858319, 357.621195
17.000801, 358.134628
17.149670, 358.657605
17.304895, 359.190737
17.466434, 359.734593
17.634244, 0.289697
17.808273, 0.856528
17.988465, 1.435522
18.174759, 2.027069
18.367089, 2.631520
18.565386, 3.249177
18.769576, 3.880307
18.979583, 4.525134
19.195327, 5.183843
19.416726, 5.856584
19.643696, 6.543471
19.876150, 7.244583
20.114000, 7.959972
20.357157, 8.689657
20.605530, 9.433629
20.859029, 10.191856
21.117562, 10.964281
21.381036, 11.750825
21.649359, 12.551390
21.922439, 13.365858
22.200183, 14.194096
22.482501, 15.035955
22.769300, 15.891275
23.060489, 16.759882
23.355979, 17.641592
23.655681, 18.536213
23.959504, 19.443543
24.267363, 20.363377
24.579171, 21.295501
24.894841, 22.239698
25.214290, 23.195748
25.537433, 24.163426
25.864189, 25.142508
26.194477, 26.132767
26.528216, 27.133974
26.865328, 28.145904
27.205734, 29.168328
27.549359, 30.201022
27.896127, 31.243761
28.245964, 32.296322
28.598797, 33.358485
28.954554, 34.430033
29.313164, 35.510749
29.674557, 36.600423
30.038666, 37.698844
30.405421, 38.805808
30.774757, 39.921111
31.146609, 41.044556
31.520911, 42.175948
31.897600, 43.315095
32.276613, 44.461810
32.657889, 45.615910
33.041368, 46.777215
33.426988, 47.945550
33.814691, 49.120742
34.204418, 50.302623
34.596113, 51.491031
34.989717, 52.685804
35.385177, 53.886787
35.782435, 55.093826
36.181438, 56.306774
36.582132, 57.525484
36.984463, 58.749815
37.388379, 59.979630
37.793828, 61.214793
38.200759, 62.455174
38.609121, 63.700646
39.018864, 64.951082
39.429938, 66.206364
39.842294, 67.466372
40.255883, 68.730991
40.670658, 70.000110
41.086571, 71.273620
41.503574, 72.551415
41.921621, 73.833391
42.340666, 75.119449
42.760662, 76.409489
43.181565, 77.703418
43.603329, 79.001142
44.025910, 80.302571
44.449264, 81.607617
44.873346, 82.916195
45.298113, 84.228222
45.723521, 85.543616
46.149529, 86.862299
46.576093, 88.184194
47.003171, 89.509226
47.430721, 90.837323
47.858701, 92.168413
48.287071, 93.502429
48.715789, 94.839303
49.144814, 96.178968
49.574106, 97.521363
50.003625, 98.866425
50.433330, 100.214093
50.863181, 101.564309
51.293140, 102.917015
51.723167, 104.272157
52.153223, 105.629678
52.583270, 106.989528
53.013267, 108.351654
53.443178, 109.716005
53.872964, 111.082534
54.302587, 112.451191
54.732010, 113.821932
55.161194, 115.194710
55.590103, 116.569482
56.018699, 117.946204
56.446946, 119.324835
56.874807, 120.705333
57.302245, 122.087658
57.729224, 123.471773
58.155707, 124.857638
58.581659, 126.245218
59.007044, 127.634475
59.431827, 129.025374
59.855971, 130.417882
60.279442, 131.811965
60.702204, 133.207590
61.124223, 134.604725
61.545464, 136.003339
61.965892, 137.403401
62.385473, 138.804883
62.804173, 140.207754
63.221957, 141.611987
63.638792, 143.017554
64.054644, 144.424429
64.469479, 145.832584
64.883265, 147.241994
65.295967, 148.652634
65.707553, 150.064479
66.117990, 151.477506
66.527245, 152.891690
66.935285, 154.307010
67.342079, 155.723442
67.747593, 157.140964
68.151797, 158.559556
68.554658, 159.979197
68.956144, 161.399865
69.356223, 162.821541
69.754865, 164.244206
70.152039, 165.667839
70.547712, 167.092423
70.941854, 168.517940
71.334435, 169.944370
71.725424, 171.371698
72.114791, 172.799904
72.502505, 174.228974
72.888536, 175.658890
73.272855, 177.089636
73.655431, 178.521197
74.036236, 179.953557
74.415240, 181.386701
74.792414, 182.820614
75.167729, 184.255282
75.541156, 185.690691
75.912666, 187.126826
76.282231, 188.563674
76.649823, 190.001222
77.015413, 191.439456
77.378975, 192.878365
77.740479, 194.317935
78.099899, 195.758153
78.457207, 197.199009
78.812376, 198.640490
79.165379, 200.082584
79.516190, 201.525281
79.864781, 202.968568
80.211127, 204.412435
80.555200, 205.856872
80.896976, 207.301868
81.236428, 208.747412
81.573530, 210.193494
81.908258, 211.640105
82.240586, 213.087234
82.570488, 214.534872
82.897941, 215.983010
83.222919, 217.431638
83.545399, 218.880748
83.865355, 220.330330
84.182764, 221.780375
84.497602, 223.230876
84.809846, 224.681823
85.119471, 226.133208
85.426456, 227.585024
85.730776, 229.037261
86.032410, 230.489913
86.331334, 231.942971
86.627526, 233.396429
86.920964, 234.850277
87.211627, 236.304510
87.499492, 237.759119
87.784538, 239.214098
88.066744, 240.669439
88.346089, 242.125136
88.622552, 243.581183
88.896112, 245.037571
89.166749, 246.494295
89.434443, 247.951349
89.699175, 249.408725
89.960923, 250.866418
90.219670, 252.324421
90.475395, 253.782728
90.728080, 255.241334
90.977706, 256.700232
91.224254, 258.159417
91.467707, 259.618883
91.708045, 261.078624
91.945252, 262.538634
92.179310, 263.998909
92.410201, 265.459442
92.637909, 266.920229
92.862416, 268.381264
93.083705, 269.842542
93.301761, 271.304057
93.516568, 272.765805
93.728109, 274.227781
93.936369, 275.689979
94.141332, 277.152396
94.342984, 278.615025
94.541309, 280.077863
94.736292, 281.540904
94.927920, 283.004145
95.116179, 284.467580
95.301053, 285.931204
95.482531, 287.395014
95.660597, 288.859005
95.835240, 290.323172
96.006446, 291.787512
96.174202, 293.252019
96.338497, 294.716691
96.499319, 296.181521
96.656654, 297.646507
96.810492, 299.111645
96.960822, 300.576929
97.107632, 302.042356
97.250911, 303.507923
97.390650, 304.973624
97.526837, 306.439457
97.659463, 307.905418
97.788517, 309.371501
97.913991, 310.837704
98.035876, 312.304023
98.154161, 313.770455
98.268839, 315.236994
98.379901, 316.703638
98.487339, 318.170383
98.591145, 319.637225
98.691311, 321.104161
98.787830, 322.571187
98.880695, 324.038299
98.969899, 325.505495
99.055436, 326.972769
99.137299, 328.440120
99.215482, 329.907542
99.289980, 331.375034
99.360786, 332.842591
99.427897, 334.310209
99.491306, 335.777887
99.551009, 337.245619
99.607003, 338.713403
99.659282, 340.181235
99.707842, 341.649113
99.752682, 343.117031
99.793796, 344.584988
99.831182, 346.052980
99.864837, 347.521003
99.894759, 348.989054
99.920945, 350.457130
99.943395, 351.925228
99.962105, 353.393343
99.977075, 354.861474
99.988303, 356.329616
99.995789, 357.797766
99.999532, 359.265922
99.999532, 0.734078
99.995789, 2.202234
99.988303, 3.670384
99.977075, 5.138526
99.962105, 6.606657
99.943395, 8.074772
99.920945, 9.542870
99.894759, 11.010946
99.864837, 12.478997
99.831182, 13.947020
99.793796, 15.415012
99.752682, 16.882969
99.707842, 18.350887
99.659282, 19.818765
99.607003, 21.286597
99.551009, 22.754381
99.491306, 24.222113
99.427897, 25.689791
99.360786, 27.157409
99.289980, 28.624966
99.215482, 30.092458
99.137299, 31.559880
99.055436, 33.027231
98.969899, 34.494505
98.880695, 35.961701
98.787830, 37.428813
98.691311, 38.895839
98.591145, 40.362775
98.487339, 41.829617
98.379901, 43.296362
98.268839, 44.763006
98.154161, 46.229545
98.035876, 47.695977
97.913991, 49.162296
97.788517, 50.628499
97.659463, 52.094582
97.526837, 53.560543
97.390650, 55.026376
97.250911, 56.492077
97.107632, 57.957644
96.960822, 59.423071
96.810492, 60.888355
96.656654, 62.353493
96.499319, 63.818479
96.338497, 65.283309
96.174202, 66.747981
96.006446, 68.212488
95.835240, 69.676828
95.660597, 71.140995
95.482531, 72.604986
95.301053, 74.068796
95.116179, 75.532420
94.927920, 76.995855
94.736292, 78.459096
94.541309, 79.922137
94.342984, 81.384975
94.141332, 82.847604
93.936369, 84.310021
93.728109, 85.772219
93.516568, 87.234195
93.301761, 88.695943
93.083705, 90.157458
92.862416, 91.618736
92.637909, 93.079771
92.410201, 94.540558
92.179310, 96.001091
91.945252, 97.461366
91.708045, 98.921376
91.467707, 100.381117
91.224254, 101.840583
90.977706, 103.299768
90.728080, 104.758666
90.475395, 106.217272
90.219670, 107.675579
89.960923, 109.133582
89.699175, 110.591275
89.434443, 112.048651
89.166749, 113.505705
88.896112, 114.962429
88.622552, 116.418817
88.346089, 117.874864
88.066744, 119.330561
87.784538, 120.785902
87.499492, 122.240881
87.211627, 123.695490
86.920964, 125.149723
86.627526, 126.603571
86.331334, 128.057029
86.032410, 129.510087
85.730776, 130.962739
85.426456, 132.414976
85.119471, 133.866792
84.809846, 135.318177
84.497602, 136.769124
84.182764, 138.219625
83.865355, 139.669670
83.545399, 141.119252
83.222919, 142.568362
82.897941, 144.016990
82.570488, 145.465128
82.240586, 146.912766
81.908258, 148.359895
81.573530, 149.806506
81.236428, 151.252588
80.896976, 152.698132
80.555200, 154.143128
80.211127, 155.587565
79.864781, 157.031432
79.516190, 158.474719
79.165379, 159.917416
78.812376, 161.359510
78.457207, 162.800991
78.099899, 164.241847
77.740479, 165.682065
77.378975, 167.121635
77.015413, 168.560544
76.649823, 169.998778
76.282231, 171.436326
75.912666, 172.873174
75.541156, 174.309309
75.167729, 175.744718
74.792414, 177.179386
74.415240, 178.613299
74.036236, 180.046443
73.655431, 181.478803
73.272855, 182.910364
72.888536, 184.341110
72.502505, 185.771026
72.114791, 187.200096
71.725424, 188.628302
71.334435, 190.055630
70.941854, 191.482060
70.547712, 192.907577
70.152039, 194.332161
69.754865, 195.755794
69.356223, 197.178459
68.956144, 198.600135
68.554658, 200.020803
68.151797, 201.440444
67.747593, 202.859036
67.342079, 204.276558
66.935285, 205.692990
66.527245, 207.108310
66.117990, 208.522494
65.707553, 209.935521
65.295967, 211.347366
64.883265, 212.758006
64.469479, 214.167416
64.054644, 215.575571
63.638792, 216.982446
63.221957, 218.388013
62.804173, 219.792246
62.385473, 221.195117
61.965892, 222.596599
61.545464, 223.996661
61.124223, 225.395275
60.702204, 226.792410
60.279442, 228.188035
59.855971, 229.582118
59.431827, 230.974626
59.007044, 232.365525
58.581659, 233.754782
58.155707, 235.142362
57.729224, 236.528227
57.302245, 237.912342
56.874807, 239.294667
56.446946, 240.675165
56.018699, 242.053796
55.590103, 243.430518
55.161194, 244.805290
54.732010, 246.178068
54.302587, 247.548809
53.872964, 248.917466
53.443178, 250.283995
53.013267, 251.648346
52.583270, 253.010472
52.153223, 254.370322
51.723167, 255.727843
51.293140, 257.082985
50.863181, 258.435691
50.433330, 259.785907
50.003625, 261.133575
49.574106, 262.478637
49.144814, 263.821032
48.715789, 265.160697
48.287071, 266.497571
47.858701, 267.831587
47.430721, 269.162677
47.003171, 270.490774
46.576093, 271.815806
46.149529, 273.137701
45.723521, 274.456384
45.298113, 275.771778
44.873346, 277.083805
44.449264, 278.392383
44.025910, 279.697429
43.603329, 280.998858
43.181565, 282.296582
42.760662, 283.590511
42.340666, 284.880551
41.921621, 286.166609
41.503574, 287.448585
41.086571, 288.726380
40.670658, 289.999890
40.255883, 291.269009
39.842294, 292.533628
39.429938, 293.793636
39.018864, 295.048918
38.609121, 296.299354
38.200759, 297.544826
37.793828, 298.785207
37.388379, 300.020370
36.984463, 301.250185
36.582132, 302.474516
36.181438, 303.693226
35.782435, 304.906174
35.385177, 306.113213
34.989717, 307.314196
34.596113, 308.508969
34.204418, 309.697377
33.814691, 310.879258
33.426988, 312.054450
33.041368, 313.222785
32.657889, 314.384090
32.276613, 315.538190
31.897600, 316.684905
31.520911, 317.824052
31.146609, 318.955444
30.774757, 320.078889
30.405421, 321.194192
30.038666, 322.301156
29.674557, 323.399577
29.313164, 324.489251
28.954554, 325.569967
28.598797, 326.641515
28.245964, 327.703678
27.896127, 328.756239
27.549359, 329.798978
27.205734, 330.831672
26.865328, 331.854096
26.528216, 332.866026
26.194477, 333.867233
25.864189, 334.857492
25.537433, 335.836574
25.214290, 336.804252
24.894841, 337.760302
24.579171, 338.704499
24.267363, 339.636623
23.959504, 340.556457
23.655681, 341.463787
23.355979, 342.358408
23.060489, 343.240118
22.769300, 344.108725
22.482501, 344.964045
22.200183, 345.805904
21.922439, 346.634142
21.649359, 347.448610
21.381036, 348.249175
21.117562, 349.035719
20.859029, 349.808144
20.605530, 350.566371
20.357157, 351.310343
20.114000, 352.040028
19.876150, 352.755417
19.643696, 353.456529
19.416726, 354.143416
19.195327, 354.816157
18.979583, 355.474866
18.769576, 356.119693
18.565386, 356.750823
18.367089, 357.368480
18.174759, 357.972931
17.988465, 358.564478
17.808273, 359.143472
17.634244, 359.710303
17.466434, 0.265407
17.304895, 0.809263
17.149670, 1.342395
17.000801, 1.865372
16.858319, 2.378805
16.722251, 2.883348
16.592615, 3.379698
16.469424, 3.868588
16.352681, 4.350790
16.242382, 4.827112
16.138515, 5.298392
16.041058, 5.765497
15.949984, 6.229319
15.865253, 6.690772
15.786821, 7.150788
15.714631, 7.610308
15.648619, 8.070286
15.588715, 8.531678
15.534838, 8.995438
15.486899, 9.462518
15.444801, 9.933858
15.408442, 10.410385
15.377709, 10.893006
15.352486, 11.382609
15.332648, 11.880053
15.318065, 12.386170
15.308600, 12.901757
15.304114, 13.427579
15.304461, 13.964360
15.309492, 14.512787
15.319054, 15.073506
15.332992, 15.647118
15.351147, 16.234184
15.373360, 16.835219
15.399468, 17.450695
15.429309, 18.081041
15.462721, 18.726643
15.499540, 19.387842
15.539603, 20.064942
15.582748, 20.758202
15.628814, 21.467847
15.677641, 22.194061
15.729072, 22.936995
15.782951, 23.696764
15.839124, 24.473454
15.897439, 25.267119
15.957749, 26.077785
16.019909, 26.905452
16.083774, 27.750097
16.149208, 28.611674
16.216072, 29.490115
16.284236, 30.385336
16.353569, 31.297236
16.423947, 32.225696
16.495247, 33.170587
16.567352, 34.131766
16.640146, 35.109081
16.713518, 36.102368
16.787362, 37.111459
16.861574, 38.136177
16.936052, 39.176340
17.010702, 40.231762
17.085429, 41.302254
17.160144, 42.387623
17.234762, 43.487676
17.309199, 44.602218
17.383377, 45.731055
17.457219, 46.873993
17.530652, 48.030837
17.603606, 49.201397
17.676016, 50.385482
17.747818, 51.582906
17.818950, 52.793484
17.889356, 54.017035
17.958981, 55.253380
18.027773, 56.502347
18.095683, 57.763764
18.162664, 59.037466
18.228672, 60.323290
18.293666, 61.621080
18.357607, 62.930682
18.420459, 64.251947
18.482188, 65.584733
18.542762, 66.928900
18.602152, 68.284314
18.660330, 69.650846
18.717274, 71.028371
18.772958, 72.416769
18.827364, 73.815924
18.880472, 75.225728
18.932267, 76.646074
18.982734, 78.076860
19.031861, 79.517991
19.079637, 80.969375
19.126054, 82.430924
19.171106, 83.902555
19.214787, 85.384190
19.257096, 86.875754
19.298031, 88.377177
19.337593, 89.888393
19.375785, 91.409339
19.412612, 92.939956
19.448078, 94.480192
19.482193, 96.029994
19.514966, 97.589315
19.546408, 99.158111
19.576532, 100.736342
19.605353, 102.323970
19.632888, 103.920961
19.659155, 105.527284
19.684172, 107.142910
19.707962, 108.767814
19.730548, 110.401972
19.751954, 112.045364
19.772206, 113.697971
19.791333, 115.359777
19.809363, 117.030768
19.826329, 118.710931
19.842262, 120.400255
19.857196, 122.098732
19.871169, 123.806353
19.884217, 125.523111
19.896378, 127.249001
19.907695, 128.984018
19.918209, 130.728156
19.927964, 132.481414
19.937005, 134.243786
19.945379, 136.015268
19.953135, 137.795858
19.960322, 139.585550
19.966992, 141.384339
19.973198, 143.192219
19.978995, 145.009183
19.984438, 146.835222
19.989586, 148.670327
19.994496, 150.514484
19.999229, 152.367680
20.003847, 154.229899
20.008414, 156.101119
20.012993, 157.981320
20.017651, 159.870474
20.022454, 161.768554
20.027472, 163.675526
20.032773, 165.591352
20.038429, 167.515991
20.044511, 169.449397
20.051093, 171.391519
20.058249, 173.342299
20.066054, 175.301676
20.074585, 177.269582
20.083917, 179.245943
20.094129, 181.230678
20.105300, 183.223701
20.117508, 185.224918
20.130834, 187.234228
20.145357, 189.251524
20.161160, 191.276689
20.178322, 193.309600
20.196926, 195.350127
20.217052, 197.398131
20.238783, 199.453465
20.262201, 201.515974
20.287387, 203.585494
20.314421, 205.661855
20.343387, 207.744877
20.374363, 209.834371
20.407430, 211.930142
20.442667, 214.031985
20.480153, 216.139690
20.519966, 218.253035
20.562182, 220.371794
20.606876, 222.495731
20.654124, 224.624606
20.703997, 226.758169
20.756568, 228.896165
20.811907, 231.038333
20.870080, 233.184406
20.931156, 235.334113
20.995199, 237.487175
21.062270, 239.643311
21.132430, 241.802237
21.205739, 243.963664
21.282250, 246.127300
21.362019, 248.292852
21.445097, 250.460025
21.531531, 252.628522
21.621368, 254.798047
21.714651, 256.968304
21.811422, 259.138997
21.911719, 261.309831
22.015576, 263.480514
22.123026, 265.650757
22.234099, 267.820272
22.348822, 269.988777
22.467219, 272.155993
22.589312, 274.321646
22.715118, 276.485467
22.844653, 278.647193
22.977930, 280.806567
23.114960, 282.963340
23.255748, 285.117267
23.400301, 287.268113
23.548619, 289.415649
23.700703, 291.559655
23.856549, 293.699918
24.016150, 295.836235
24.179500, 297.968410
24.346586, 300.096257
24.517398, 302.219599
24.691918, 304.338265
24.870129, 306.452097
25.052013, 308.560944
25.237548, 310.664663
25.426709, 312.763123
25.619473, 314.856199
25.815811, 316.943775
26.015694, 319.025746
26.219093, 321.102014
26.425975, 323.172489
26.636306, 325.237090
26.850051, 327.295744
27.067175, 329.348385
27.287638, 331.394956
27.511404, 333.435407
27.738430, 335.469695
27.968678, 337.497783
28.202104, 339.519642
28.438665, 341.535249
28.678319, 343.544588
28.921020, 345.547647
29.166724, 347.544422
29.415384, 349.534913
29.666954, 351.519125
29.921386, 353.497068
30.178634, 355.468758
30.438649, 357.434213
30.701383, 359.393457
30.966787, 1.346518
31.234811, 3.293426
31.505408, 5.234216
31.778525, 7.168926
32.054115, 9.097595
32.332127, 11.020268
32.612510, 12.936991
32.895215, 14.847811
33.180191, 16.752780
33.467388, 18.651950
33.756755, 20.545374
34.048242, 22.433110
34.341798, 24.315214
34.637374, 26.191746
34.934919, 28.062765
35.234382, 29.928333
35.535713, 31.788511
35.838863, 33.643363
36.143782, 35.492951
36.450420, 37.337340
36.758726, 39.176594
37.068653, 41.010778
37.380150, 42.839957
37.693169, 44.664197
38.007660, 46.483563
38.323575, 48.298120
38.640866, 50.107934
38.959483, 51.913069
39.279380, 53.713592
39.600508, 55.509566
39.922820, 57.301057
40.246268, 59.088128
40.570805, 60.870843
40.896385, 62.649266
41.222960, 64.423459
41.550484, 66.193484
41.878911, 67.959404
42.208196, 69.721280
42.538292, 71.479173
42.869154, 73.233141
43.200737, 74.983245
43.532995, 76.729544
43.865885, 78.472095
44.199362, 80.210955
44.533382, 81.946182
44.867900, 83.677831
45.202874, 85.405957
45.538259, 87.130615
45.874013, 88.851857
46.210092, 90.569738
46.546455, 92.284309
46.883058, 93.995622
47.219859, 95.703726
47.556817, 97.408673
47.893890, 99.110510
48.231036, 100.809287
48.568215, 102.505051
48.905384, 104.197848
49.242505, 105.887725
49.579535, 107.574727
49.916435, 109.258898
50.253165, 110.940282
50.589686, 112.618923
50.925956, 114.294862
51.261939, 115.968142
51.597593, 117.638802
51.932882, 119.306884
52.267765, 120.972427
52.602204, 122.635469
52.936163, 124.296048
53.269601, 125.954203
53.602483, 127.609970
53.934771, 129.263384
54.266426, 130.914482
54.597413, 132.563299
54.927695, 134.209867
55.257235, 135.854222
55.585997, 137.496395
55.913944, 139.136419
56.241041, 140.774327
56.567253, 142.410148
56.892543, 144.043915
57.216877, 145.675656
57.540220, 147.305401
57.862537, 148.933179
58.183793, 150.559018
58.503955, 152.182947
58.822987, 153.804992
59.140857, 155.425180
59.457530, 157.043538
59.772974, 158.660091
60.087155, 160.274864
60.400039, 161.887883
60.711595, 163.499171
61.021790, 165.108753
61.330591, 166.716652
61.637966, 168.322891
61.943884, 169.927492
62.248312, 171.530477
62.551220, 173.131868
62.852576, 174.731687
63.152349, 176.329953
63.450509, 177.926688
63.747024, 179.521912
64.041865, 181.115643
64.335001, 182.707902
64.626403, 184.298707
64.916040, 185.888076
65.203884, 187.476028
65.489905, 189.062580
65.774074, 190.647751
66.056363, 192.231556
66.336742, 193.814013
##END=
