##TITLE= Parameter file, TopSpin 4.3.0
##JCAMPDX= 5.0
##DATATYPE= Parameter Values
##ORIGIN= Bruker BioSpin GmbH
##OWNER= nmrsu
$$ 2024-04-21 19:43:51.321 +0100  nmrsu@4CE1161FJM
$$ C:/Bruker/TopSpin4.3.0/exp/stan/nmr/lists/wave/user/multisupp_aux_d8
$$ process C:\Bruker\TopSpin4.3.0\prog\mod\xwinshape.exe
##MINX= 0.00073600
##MAXX= 99.99957700
##MINY= 0.33363500
##MAXY= 359.66636500
##$SHAPE_ADDPHASE= 0
##$SHAPE_AMP= 99.99957678
##$SHAPE_BWFAC= 0
##$SHAPE_BWFAC50= 0
##$SHAPE_CALCBW= yes
##$SHAPE_CALCINTEG= yes
##$SHAPE_EXMODE= <Excitation>
##$SHAPE_EXPAND= <>
##$SHAPE_EXPANDCF= (0..143)
0 0 0 0 0 0 0 0 0 0 0 0 0 0 0 0 0 0 0 0 0 0 0 0 0 0 0 0 0 0 0 0 0 0 0 0
0 0 0 0 0 0 0 0 0 0 0 0 0 0 0 0 0 0 0 0 0 0 0 0 0 0 0 0 0 0 0 0 0 0 0 0
0 0 0 0 0 0 0 0 0 0 0 0 0 0 0 0 0 0 0 0 0 0 0 0 0 0 0 0 0 0 0 0 0 0 0 0
0 0 0 0 0 0 0 0 0 0 0 0 0 0 0 0 0 0 0 0 0 0 0 0 0 0 0 0 0 0 0 0 0 0 0 0
##$SHAPE_EXPFAC= 0
##$SHAPE_FRACEND= 0
##$SHAPE_FRACORG= 0
##$SHAPE_FRACSTART= 0
##$SHAPE_INTEGFAC= 0
##$SHAPE_KEEPRES= yes
##$SHAPE_LENGTH= 25000.000373
##$SHAPE_MAN= <M>
##$SHAPE_MODE= 2
##$SHAPE_MODFREQ= 0
##$SHAPE_MODPHASE= 0
##$SHAPE_MODSCALE= 0
##$SHAPE_MODSW= 0
##$SHAPE_MODSWDIR= -1
##$SHAPE_NPOINTS= 1250
##$SHAPE_OFFS= <1 2>
##$SHAPE_OFFSCOEFF= (0..95)
46.470276 0 100 -231.82329 0 100 0 0 0 0 0 0 0 0 0 0 0 0 0 0 0 0 0 0 0
0 0 0 0 0 0 0 0 0 0 0 0 0 0 0 0 0 0 0 0 0 0 0 0 0 0 0 0 0 0 0 0 0 0 0 0
0 0 0 0 0 0 0 0 0 0 0 0 0 0 0 0 0 0 0 0 0 0 0 0 0 0 0 0 0 0 0 0 0 0 0
##$SHAPE_PARAMETER= <>
##$SHAPE_REPHFAC= 0
##$SHAPE_RES= 0
##$SHAPE_SCALEFAC= 1.00000423
##$SHAPE_SCALETYPE= 0
##$SHAPE_SPOAL= 0
##$SHAPE_SPOFFS= 0
##$SHAPE_SPOPH= 0
##$SHAPE_TOTROT= 90
##$SHAPE_TYPE= <Excitation>
##$SHAPE_USER_DEF= <>
##$SHAPE_VERSION= 2.1
##$SHL_ADDPHASE= (0..15)
0 0 0 0 0 0 0 0 0 0 0 0 0 0 0 0
##$SHL_ALIGNOFFSET= (0..15)
0 0 0 0 0 0 0 0 0 0 0 0 0 0 0 0
##$SHL_AMP= (0..15)
100 0 0 0 0 0 0 0 0 0 0 0 0 0 0 0
##$SHL_AMPFAC= (0..15)
0 0 0 0 0 0 0 0 0 0 0 0 0 0 0 0
##$SHL_BETA= (0..15)
0 0 0 0 0 0 0 0 0 0 0 0 0 0 0 0
##$SHL_BWFAC= (0..15)
1.116 0 0 0 0 0 0 0 0 0 0 0 0 0 0 0
##$SHL_CALCBW= (0..15)
yes yes yes yes yes yes yes yes yes yes yes yes yes yes yes yes
##$SHL_CALCINTEG= (0..15)
yes yes yes yes yes yes yes yes yes yes yes yes yes yes yes yes
##$SHL_CENTERAMP= (0..15)
0 0 0 0 0 0 0 0 0 0 0 0 0 0 0 0
##$SHL_CYCNUM= (0..15)
0 0 0 0 0 0 0 0 0 0 0 0 0 0 0 0
##$SHL_DIPOLCPL= (0..15)
0 0 0 0 0 0 0 0 0 0 0 0 0 0 0 0
##$SHL_ENDAMP= (0..15)
0 0 0 0 0 0 0 0 0 0 0 0 0 0 0 0
##$SHL_EXMODE= (0..15)
<Excitation> <> <> <> <> <> <> <> <> <> <> <> <> <> <> <>
##$SHL_EXPAND= (0..15)
<> <> <> <> <> <> <> <> <> <> <> <> <> <> <> <>
##$SHL_EXPANDCF0= (0..143)
0 0 0 0 0 0 0 0 0 0 0 0 0 0 0 0 0 0 0 0 0 0 0 0 0 0 0 0 0 0 0 0 0 0 0 0
0 0 0 0 0 0 0 0 0 0 0 0 0 0 0 0 0 0 0 0 0 0 0 0 0 0 0 0 0 0 0 0 0 0 0 0
0 0 0 0 0 0 0 0 0 0 0 0 0 0 0 0 0 0 0 0 0 0 0 0 0 0 0 0 0 0 0 0 0 0 0 0
0 0 0 0 0 0 0 0 0 0 0 0 0 0 0 0 0 0 0 0 0 0 0 0 0 0 0 0 0 0 0 0 0 0 0 0
##$SHL_EXPANDCF1= (0..143)
0 0 0 0 0 0 0 0 0 0 0 0 0 0 0 0 0 0 0 0 0 0 0 0 0 0 0 0 0 0 0 0 0 0 0 0
0 0 0 0 0 0 0 0 0 0 0 0 0 0 0 0 0 0 0 0 0 0 0 0 0 0 0 0 0 0 0 0 0 0 0 0
0 0 0 0 0 0 0 0 0 0 0 0 0 0 0 0 0 0 0 0 0 0 0 0 0 0 0 0 0 0 0 0 0 0 0 0
0 0 0 0 0 0 0 0 0 0 0 0 0 0 0 0 0 0 0 0 0 0 0 0 0 0 0 0 0 0 0 0 0 0 0 0
##$SHL_EXPANDCF10= (0..143)
0 0 0 0 0 0 0 0 0 0 0 0 0 0 0 0 0 0 0 0 0 0 0 0 0 0 0 0 0 0 0 0 0 0 0 0
0 0 0 0 0 0 0 0 0 0 0 0 0 0 0 0 0 0 0 0 0 0 0 0 0 0 0 0 0 0 0 0 0 0 0 0
0 0 0 0 0 0 0 0 0 0 0 0 0 0 0 0 0 0 0 0 0 0 0 0 0 0 0 0 0 0 0 0 0 0 0 0
0 0 0 0 0 0 0 0 0 0 0 0 0 0 0 0 0 0 0 0 0 0 0 0 0 0 0 0 0 0 0 0 0 0 0 0
##$SHL_EXPANDCF11= (0..143)
0 0 0 0 0 0 0 0 0 0 0 0 0 0 0 0 0 0 0 0 0 0 0 0 0 0 0 0 0 0 0 0 0 0 0 0
0 0 0 0 0 0 0 0 0 0 0 0 0 0 0 0 0 0 0 0 0 0 0 0 0 0 0 0 0 0 0 0 0 0 0 0
0 0 0 0 0 0 0 0 0 0 0 0 0 0 0 0 0 0 0 0 0 0 0 0 0 0 0 0 0 0 0 0 0 0 0 0
0 0 0 0 0 0 0 0 0 0 0 0 0 0 0 0 0 0 0 0 0 0 0 0 0 0 0 0 0 0 0 0 0 0 0 0
##$SHL_EXPANDCF12= (0..143)
0 0 0 0 0 0 0 0 0 0 0 0 0 0 0 0 0 0 0 0 0 0 0 0 0 0 0 0 0 0 0 0 0 0 0 0
0 0 0 0 0 0 0 0 0 0 0 0 0 0 0 0 0 0 0 0 0 0 0 0 0 0 0 0 0 0 0 0 0 0 0 0
0 0 0 0 0 0 0 0 0 0 0 0 0 0 0 0 0 0 0 0 0 0 0 0 0 0 0 0 0 0 0 0 0 0 0 0
0 0 0 0 0 0 0 0 0 0 0 0 0 0 0 0 0 0 0 0 0 0 0 0 0 0 0 0 0 0 0 0 0 0 0 0
##$SHL_EXPANDCF13= (0..143)
0 0 0 0 0 0 0 0 0 0 0 0 0 0 0 0 0 0 0 0 0 0 0 0 0 0 0 0 0 0 0 0 0 0 0 0
0 0 0 0 0 0 0 0 0 0 0 0 0 0 0 0 0 0 0 0 0 0 0 0 0 0 0 0 0 0 0 0 0 0 0 0
0 0 0 0 0 0 0 0 0 0 0 0 0 0 0 0 0 0 0 0 0 0 0 0 0 0 0 0 0 0 0 0 0 0 0 0
0 0 0 0 0 0 0 0 0 0 0 0 0 0 0 0 0 0 0 0 0 0 0 0 0 0 0 0 0 0 0 0 0 0 0 0
##$SHL_EXPANDCF14= (0..143)
0 0 0 0 0 0 0 0 0 0 0 0 0 0 0 0 0 0 0 0 0 0 0 0 0 0 0 0 0 0 0 0 0 0 0 0
0 0 0 0 0 0 0 0 0 0 0 0 0 0 0 0 0 0 0 0 0 0 0 0 0 0 0 0 0 0 0 0 0 0 0 0
0 0 0 0 0 0 0 0 0 0 0 0 0 0 0 0 0 0 0 0 0 0 0 0 0 0 0 0 0 0 0 0 0 0 0 0
0 0 0 0 0 0 0 0 0 0 0 0 0 0 0 0 0 0 0 0 0 0 0 0 0 0 0 0 0 0 0 0 0 0 0 0
##$SHL_EXPANDCF15= (0..143)
0 0 0 0 0 0 0 0 0 0 0 0 0 0 0 0 0 0 0 0 0 0 0 0 0 0 0 0 0 0 0 0 0 0 0 0
0 0 0 0 0 0 0 0 0 0 0 0 0 0 0 0 0 0 0 0 0 0 0 0 0 0 0 0 0 0 0 0 0 0 0 0
0 0 0 0 0 0 0 0 0 0 0 0 0 0 0 0 0 0 0 0 0 0 0 0 0 0 0 0 0 0 0 0 0 0 0 0
0 0 0 0 0 0 0 0 0 0 0 0 0 0 0 0 0 0 0 0 0 0 0 0 0 0 0 0 0 0 0 0 0 0 0 0
##$SHL_EXPANDCF2= (0..143)
0 0 0 0 0 0 0 0 0 0 0 0 0 0 0 0 0 0 0 0 0 0 0 0 0 0 0 0 0 0 0 0 0 0 0 0
0 0 0 0 0 0 0 0 0 0 0 0 0 0 0 0 0 0 0 0 0 0 0 0 0 0 0 0 0 0 0 0 0 0 0 0
0 0 0 0 0 0 0 0 0 0 0 0 0 0 0 0 0 0 0 0 0 0 0 0 0 0 0 0 0 0 0 0 0 0 0 0
0 0 0 0 0 0 0 0 0 0 0 0 0 0 0 0 0 0 0 0 0 0 0 0 0 0 0 0 0 0 0 0 0 0 0 0
##$SHL_EXPANDCF3= (0..143)
0 0 0 0 0 0 0 0 0 0 0 0 0 0 0 0 0 0 0 0 0 0 0 0 0 0 0 0 0 0 0 0 0 0 0 0
0 0 0 0 0 0 0 0 0 0 0 0 0 0 0 0 0 0 0 0 0 0 0 0 0 0 0 0 0 0 0 0 0 0 0 0
0 0 0 0 0 0 0 0 0 0 0 0 0 0 0 0 0 0 0 0 0 0 0 0 0 0 0 0 0 0 0 0 0 0 0 0
0 0 0 0 0 0 0 0 0 0 0 0 0 0 0 0 0 0 0 0 0 0 0 0 0 0 0 0 0 0 0 0 0 0 0 0
##$SHL_EXPANDCF4= (0..143)
0 0 0 0 0 0 0 0 0 0 0 0 0 0 0 0 0 0 0 0 0 0 0 0 0 0 0 0 0 0 0 0 0 0 0 0
0 0 0 0 0 0 0 0 0 0 0 0 0 0 0 0 0 0 0 0 0 0 0 0 0 0 0 0 0 0 0 0 0 0 0 0
0 0 0 0 0 0 0 0 0 0 0 0 0 0 0 0 0 0 0 0 0 0 0 0 0 0 0 0 0 0 0 0 0 0 0 0
0 0 0 0 0 0 0 0 0 0 0 0 0 0 0 0 0 0 0 0 0 0 0 0 0 0 0 0 0 0 0 0 0 0 0 0
##$SHL_EXPANDCF5= (0..143)
0 0 0 0 0 0 0 0 0 0 0 0 0 0 0 0 0 0 0 0 0 0 0 0 0 0 0 0 0 0 0 0 0 0 0 0
0 0 0 0 0 0 0 0 0 0 0 0 0 0 0 0 0 0 0 0 0 0 0 0 0 0 0 0 0 0 0 0 0 0 0 0
0 0 0 0 0 0 0 0 0 0 0 0 0 0 0 0 0 0 0 0 0 0 0 0 0 0 0 0 0 0 0 0 0 0 0 0
0 0 0 0 0 0 0 0 0 0 0 0 0 0 0 0 0 0 0 0 0 0 0 0 0 0 0 0 0 0 0 0 0 0 0 0
##$SHL_EXPANDCF6= (0..143)
0 0 0 0 0 0 0 0 0 0 0 0 0 0 0 0 0 0 0 0 0 0 0 0 0 0 0 0 0 0 0 0 0 0 0 0
0 0 0 0 0 0 0 0 0 0 0 0 0 0 0 0 0 0 0 0 0 0 0 0 0 0 0 0 0 0 0 0 0 0 0 0
0 0 0 0 0 0 0 0 0 0 0 0 0 0 0 0 0 0 0 0 0 0 0 0 0 0 0 0 0 0 0 0 0 0 0 0
0 0 0 0 0 0 0 0 0 0 0 0 0 0 0 0 0 0 0 0 0 0 0 0 0 0 0 0 0 0 0 0 0 0 0 0
##$SHL_EXPANDCF7= (0..143)
0 0 0 0 0 0 0 0 0 0 0 0 0 0 0 0 0 0 0 0 0 0 0 0 0 0 0 0 0 0 0 0 0 0 0 0
0 0 0 0 0 0 0 0 0 0 0 0 0 0 0 0 0 0 0 0 0 0 0 0 0 0 0 0 0 0 0 0 0 0 0 0
0 0 0 0 0 0 0 0 0 0 0 0 0 0 0 0 0 0 0 0 0 0 0 0 0 0 0 0 0 0 0 0 0 0 0 0
0 0 0 0 0 0 0 0 0 0 0 0 0 0 0 0 0 0 0 0 0 0 0 0 0 0 0 0 0 0 0 0 0 0 0 0
##$SHL_EXPANDCF8= (0..143)
0 0 0 0 0 0 0 0 0 0 0 0 0 0 0 0 0 0 0 0 0 0 0 0 0 0 0 0 0 0 0 0 0 0 0 0
0 0 0 0 0 0 0 0 0 0 0 0 0 0 0 0 0 0 0 0 0 0 0 0 0 0 0 0 0 0 0 0 0 0 0 0
0 0 0 0 0 0 0 0 0 0 0 0 0 0 0 0 0 0 0 0 0 0 0 0 0 0 0 0 0 0 0 0 0 0 0 0
0 0 0 0 0 0 0 0 0 0 0 0 0 0 0 0 0 0 0 0 0 0 0 0 0 0 0 0 0 0 0 0 0 0 0 0
##$SHL_EXPANDCF9= (0..143)
0 0 0 0 0 0 0 0 0 0 0 0 0 0 0 0 0 0 0 0 0 0 0 0 0 0 0 0 0 0 0 0 0 0 0 0
0 0 0 0 0 0 0 0 0 0 0 0 0 0 0 0 0 0 0 0 0 0 0 0 0 0 0 0 0 0 0 0 0 0 0 0
0 0 0 0 0 0 0 0 0 0 0 0 0 0 0 0 0 0 0 0 0 0 0 0 0 0 0 0 0 0 0 0 0 0 0 0
0 0 0 0 0 0 0 0 0 0 0 0 0 0 0 0 0 0 0 0 0 0 0 0 0 0 0 0 0 0 0 0 0 0 0 0
##$SHL_EXPFAC= (0..15)
0 0 0 0 0 0 0 0 0 0 0 0 0 0 0 0
##$SHL_FRACEND= (0..15)
0 0 0 0 0 0 0 0 0 0 0 0 0 0 0 0
##$SHL_FRACORG= (0..15)
0 0 0 0 0 0 0 0 0 0 0 0 0 0 0 0
##$SHL_FRACSTART= (0..15)
0 0 0 0 0 0 0 0 0 0 0 0 0 0 0 0
##$SHL_FULLHALF= (0..15)
0 0 0 0 0 0 0 0 0 0 0 0 0 0 0 0
##$SHL_FUNCAMP= (0..15)
100 0 0 0 0 0 0 0 0 0 0 0 0 0 0 0
##$SHL_FUNCTION= (0..15)
<Rectangle> <> <> <> <> <> <> <> <> <> <> <> <> <> <> <>
##$SHL_GCO= (0..15)
<> <> <> <> <> <> <> <> <> <> <> <> <> <> <> <>
##$SHL_GCOCOEFFS0= (0..59)
0 0 0 0 0 0 0 0 0 0 0 0 0 0 0 0 0 0 0 0 0 0 0 0 0 0 0 0 0 0 0 0 0 0 0 0
0 0 0 0 0 0 0 0 0 0 0 0 0 0 0 0 0 0 0 0 0 0 0 0
##$SHL_GCOCOEFFS1= (0..59)
0 0 0 0 0 0 0 0 0 0 0 0 0 0 0 0 0 0 0 0 0 0 0 0 0 0 0 0 0 0 0 0 0 0 0 0
0 0 0 0 0 0 0 0 0 0 0 0 0 0 0 0 0 0 0 0 0 0 0 0
##$SHL_GCOCOEFFS10= (0..59)
0 0 0 0 0 0 0 0 0 0 0 0 0 0 0 0 0 0 0 0 0 0 0 0 0 0 0 0 0 0 0 0 0 0 0 0
0 0 0 0 0 0 0 0 0 0 0 0 0 0 0 0 0 0 0 0 0 0 0 0
##$SHL_GCOCOEFFS11= (0..59)
0 0 0 0 0 0 0 0 0 0 0 0 0 0 0 0 0 0 0 0 0 0 0 0 0 0 0 0 0 0 0 0 0 0 0 0
0 0 0 0 0 0 0 0 0 0 0 0 0 0 0 0 0 0 0 0 0 0 0 0
##$SHL_GCOCOEFFS12= (0..59)
0 0 0 0 0 0 0 0 0 0 0 0 0 0 0 0 0 0 0 0 0 0 0 0 0 0 0 0 0 0 0 0 0 0 0 0
0 0 0 0 0 0 0 0 0 0 0 0 0 0 0 0 0 0 0 0 0 0 0 0
##$SHL_GCOCOEFFS13= (0..59)
0 0 0 0 0 0 0 0 0 0 0 0 0 0 0 0 0 0 0 0 0 0 0 0 0 0 0 0 0 0 0 0 0 0 0 0
0 0 0 0 0 0 0 0 0 0 0 0 0 0 0 0 0 0 0 0 0 0 0 0
##$SHL_GCOCOEFFS14= (0..59)
0 0 0 0 0 0 0 0 0 0 0 0 0 0 0 0 0 0 0 0 0 0 0 0 0 0 0 0 0 0 0 0 0 0 0 0
0 0 0 0 0 0 0 0 0 0 0 0 0 0 0 0 0 0 0 0 0 0 0 0
##$SHL_GCOCOEFFS15= (0..59)
0 0 0 0 0 0 0 0 0 0 0 0 0 0 0 0 0 0 0 0 0 0 0 0 0 0 0 0 0 0 0 0 0 0 0 0
0 0 0 0 0 0 0 0 0 0 0 0 0 0 0 0 0 0 0 0 0 0 0 0
##$SHL_GCOCOEFFS2= (0..59)
0 0 0 0 0 0 0 0 0 0 0 0 0 0 0 0 0 0 0 0 0 0 0 0 0 0 0 0 0 0 0 0 0 0 0 0
0 0 0 0 0 0 0 0 0 0 0 0 0 0 0 0 0 0 0 0 0 0 0 0
##$SHL_GCOCOEFFS3= (0..59)
0 0 0 0 0 0 0 0 0 0 0 0 0 0 0 0 0 0 0 0 0 0 0 0 0 0 0 0 0 0 0 0 0 0 0 0
0 0 0 0 0 0 0 0 0 0 0 0 0 0 0 0 0 0 0 0 0 0 0 0
##$SHL_GCOCOEFFS4= (0..59)
0 0 0 0 0 0 0 0 0 0 0 0 0 0 0 0 0 0 0 0 0 0 0 0 0 0 0 0 0 0 0 0 0 0 0 0
0 0 0 0 0 0 0 0 0 0 0 0 0 0 0 0 0 0 0 0 0 0 0 0
##$SHL_GCOCOEFFS5= (0..59)
0 0 0 0 0 0 0 0 0 0 0 0 0 0 0 0 0 0 0 0 0 0 0 0 0 0 0 0 0 0 0 0 0 0 0 0
0 0 0 0 0 0 0 0 0 0 0 0 0 0 0 0 0 0 0 0 0 0 0 0
##$SHL_GCOCOEFFS6= (0..59)
0 0 0 0 0 0 0 0 0 0 0 0 0 0 0 0 0 0 0 0 0 0 0 0 0 0 0 0 0 0 0 0 0 0 0 0
0 0 0 0 0 0 0 0 0 0 0 0 0 0 0 0 0 0 0 0 0 0 0 0
##$SHL_GCOCOEFFS7= (0..59)
0 0 0 0 0 0 0 0 0 0 0 0 0 0 0 0 0 0 0 0 0 0 0 0 0 0 0 0 0 0 0 0 0 0 0 0
0 0 0 0 0 0 0 0 0 0 0 0 0 0 0 0 0 0 0 0 0 0 0 0
##$SHL_GCOCOEFFS8= (0..59)
0 0 0 0 0 0 0 0 0 0 0 0 0 0 0 0 0 0 0 0 0 0 0 0 0 0 0 0 0 0 0 0 0 0 0 0
0 0 0 0 0 0 0 0 0 0 0 0 0 0 0 0 0 0 0 0 0 0 0 0
##$SHL_GCOCOEFFS9= (0..59)
0 0 0 0 0 0 0 0 0 0 0 0 0 0 0 0 0 0 0 0 0 0 0 0 0 0 0 0 0 0 0 0 0 0 0 0
0 0 0 0 0 0 0 0 0 0 0 0 0 0 0 0 0 0 0 0 0 0 0 0
##$SHL_INTEGFAC= (0..15)
1 0 0 0 0 0 0 0 0 0 0 0 0 0 0 0
##$SHL_LB= (0..15)
0 0 0 0 0 0 0 0 0 0 0 0 0 0 0 0
##$SHL_LEFTLIMIT= (0..15)
0 0 0 0 0 0 0 0 0 0 0 0 0 0 0 0
##$SHL_LENGTH= (0..15)
25000.000373 0 0 0 0 0 0 0 0 0 0 0 0 0 0 0
##$SHL_MAN= (0..15)
<> <> <> <> <> <> <> <> <> <> <> <> <> <> <> <>
##$SHL_MEANAMP= (0..15)
0 0 0 0 0 0 0 0 0 0 0 0 0 0 0 0
##$SHL_MODAMP= (0..15)
0 0 0 0 0 0 0 0 0 0 0 0 0 0 0 0
##$SHL_MODE= (0..15)
0 0 0 0 0 0 0 0 0 0 0 0 0 0 0 0
##$SHL_MODFREQ= (0..15)
0 0 0 0 0 0 0 0 0 0 0 0 0 0 0 0
##$SHL_MODPHASE= (0..15)
0 0 0 0 0 0 0 0 0 0 0 0 0 0 0 0
##$SHL_MODSCALE= (0..15)
0 0 0 0 0 0 0 0 0 0 0 0 0 0 0 0
##$SHL_MODSW= (0..15)
0 0 0 0 0 0 0 0 0 0 0 0 0 0 0 0
##$SHL_MODSWDIR= (0..15)
-1 -1 -1 -1 -1 -1 -1 -1 -1 -1 -1 -1 -1 -1 -1 -1
##$SHL_MU= (0..15)
0 0 0 0 0 0 0 0 0 0 0 0 0 0 0 0
##$SHL_NPOINTS= (0..15)
1250 0 0 0 0 0 0 0 0 0 0 0 0 0 0 0
##$SHL_OFFS= (0..15)
<> <> <> <> <> <> <> <> <> <> <> <> <> <> <> <>
##$SHL_OFFSCOEFF0= (0..95)
0 0 0 0 0 0 0 0 0 0 0 0 0 0 0 0 0 0 0 0 0 0 0 0 0 0 0 0 0 0 0 0 0 0 0 0
0 0 0 0 0 0 0 0 0 0 0 0 0 0 0 0 0 0 0 0 0 0 0 0 0 0 0 0 0 0 0 0 0 0 0 0
0 0 0 0 0 0 0 0 0 0 0 0 0 0 0 0 0 0 0 0 0 0 0 0
##$SHL_OFFSCOEFF1= (0..95)
0 0 0 0 0 0 0 0 0 0 0 0 0 0 0 0 0 0 0 0 0 0 0 0 0 0 0 0 0 0 0 0 0 0 0 0
0 0 0 0 0 0 0 0 0 0 0 0 0 0 0 0 0 0 0 0 0 0 0 0 0 0 0 0 0 0 0 0 0 0 0 0
0 0 0 0 0 0 0 0 0 0 0 0 0 0 0 0 0 0 0 0 0 0 0 0
##$SHL_OFFSCOEFF10= (0..95)
0 0 0 0 0 0 0 0 0 0 0 0 0 0 0 0 0 0 0 0 0 0 0 0 0 0 0 0 0 0 0 0 0 0 0 0
0 0 0 0 0 0 0 0 0 0 0 0 0 0 0 0 0 0 0 0 0 0 0 0 0 0 0 0 0 0 0 0 0 0 0 0
0 0 0 0 0 0 0 0 0 0 0 0 0 0 0 0 0 0 0 0 0 0 0 0
##$SHL_OFFSCOEFF11= (0..95)
0 0 0 0 0 0 0 0 0 0 0 0 0 0 0 0 0 0 0 0 0 0 0 0 0 0 0 0 0 0 0 0 0 0 0 0
0 0 0 0 0 0 0 0 0 0 0 0 0 0 0 0 0 0 0 0 0 0 0 0 0 0 0 0 0 0 0 0 0 0 0 0
0 0 0 0 0 0 0 0 0 0 0 0 0 0 0 0 0 0 0 0 0 0 0 0
##$SHL_OFFSCOEFF12= (0..95)
0 0 0 0 0 0 0 0 0 0 0 0 0 0 0 0 0 0 0 0 0 0 0 0 0 0 0 0 0 0 0 0 0 0 0 0
0 0 0 0 0 0 0 0 0 0 0 0 0 0 0 0 0 0 0 0 0 0 0 0 0 0 0 0 0 0 0 0 0 0 0 0
0 0 0 0 0 0 0 0 0 0 0 0 0 0 0 0 0 0 0 0 0 0 0 0
##$SHL_OFFSCOEFF13= (0..95)
0 0 0 0 0 0 0 0 0 0 0 0 0 0 0 0 0 0 0 0 0 0 0 0 0 0 0 0 0 0 0 0 0 0 0 0
0 0 0 0 0 0 0 0 0 0 0 0 0 0 0 0 0 0 0 0 0 0 0 0 0 0 0 0 0 0 0 0 0 0 0 0
0 0 0 0 0 0 0 0 0 0 0 0 0 0 0 0 0 0 0 0 0 0 0 0
##$SHL_OFFSCOEFF14= (0..95)
0 0 0 0 0 0 0 0 0 0 0 0 0 0 0 0 0 0 0 0 0 0 0 0 0 0 0 0 0 0 0 0 0 0 0 0
0 0 0 0 0 0 0 0 0 0 0 0 0 0 0 0 0 0 0 0 0 0 0 0 0 0 0 0 0 0 0 0 0 0 0 0
0 0 0 0 0 0 0 0 0 0 0 0 0 0 0 0 0 0 0 0 0 0 0 0
##$SHL_OFFSCOEFF15= (0..95)
0 0 0 0 0 0 0 0 0 0 0 0 0 0 0 0 0 0 0 0 0 0 0 0 0 0 0 0 0 0 0 0 0 0 0 0
0 0 0 0 0 0 0 0 0 0 0 0 0 0 0 0 0 0 0 0 0 0 0 0 0 0 0 0 0 0 0 0 0 0 0 0
0 0 0 0 0 0 0 0 0 0 0 0 0 0 0 0 0 0 0 0 0 0 0 0
##$SHL_OFFSCOEFF2= (0..95)
0 0 0 0 0 0 0 0 0 0 0 0 0 0 0 0 0 0 0 0 0 0 0 0 0 0 0 0 0 0 0 0 0 0 0 0
0 0 0 0 0 0 0 0 0 0 0 0 0 0 0 0 0 0 0 0 0 0 0 0 0 0 0 0 0 0 0 0 0 0 0 0
0 0 0 0 0 0 0 0 0 0 0 0 0 0 0 0 0 0 0 0 0 0 0 0
##$SHL_OFFSCOEFF3= (0..95)
0 0 0 0 0 0 0 0 0 0 0 0 0 0 0 0 0 0 0 0 0 0 0 0 0 0 0 0 0 0 0 0 0 0 0 0
0 0 0 0 0 0 0 0 0 0 0 0 0 0 0 0 0 0 0 0 0 0 0 0 0 0 0 0 0 0 0 0 0 0 0 0
0 0 0 0 0 0 0 0 0 0 0 0 0 0 0 0 0 0 0 0 0 0 0 0
##$SHL_OFFSCOEFF4= (0..95)
0 0 0 0 0 0 0 0 0 0 0 0 0 0 0 0 0 0 0 0 0 0 0 0 0 0 0 0 0 0 0 0 0 0 0 0
0 0 0 0 0 0 0 0 0 0 0 0 0 0 0 0 0 0 0 0 0 0 0 0 0 0 0 0 0 0 0 0 0 0 0 0
0 0 0 0 0 0 0 0 0 0 0 0 0 0 0 0 0 0 0 0 0 0 0 0
##$SHL_OFFSCOEFF5= (0..95)
0 0 0 0 0 0 0 0 0 0 0 0 0 0 0 0 0 0 0 0 0 0 0 0 0 0 0 0 0 0 0 0 0 0 0 0
0 0 0 0 0 0 0 0 0 0 0 0 0 0 0 0 0 0 0 0 0 0 0 0 0 0 0 0 0 0 0 0 0 0 0 0
0 0 0 0 0 0 0 0 0 0 0 0 0 0 0 0 0 0 0 0 0 0 0 0
##$SHL_OFFSCOEFF6= (0..95)
0 0 0 0 0 0 0 0 0 0 0 0 0 0 0 0 0 0 0 0 0 0 0 0 0 0 0 0 0 0 0 0 0 0 0 0
0 0 0 0 0 0 0 0 0 0 0 0 0 0 0 0 0 0 0 0 0 0 0 0 0 0 0 0 0 0 0 0 0 0 0 0
0 0 0 0 0 0 0 0 0 0 0 0 0 0 0 0 0 0 0 0 0 0 0 0
##$SHL_OFFSCOEFF7= (0..95)
0 0 0 0 0 0 0 0 0 0 0 0 0 0 0 0 0 0 0 0 0 0 0 0 0 0 0 0 0 0 0 0 0 0 0 0
0 0 0 0 0 0 0 0 0 0 0 0 0 0 0 0 0 0 0 0 0 0 0 0 0 0 0 0 0 0 0 0 0 0 0 0
0 0 0 0 0 0 0 0 0 0 0 0 0 0 0 0 0 0 0 0 0 0 0 0
##$SHL_OFFSCOEFF8= (0..95)
0 0 0 0 0 0 0 0 0 0 0 0 0 0 0 0 0 0 0 0 0 0 0 0 0 0 0 0 0 0 0 0 0 0 0 0
0 0 0 0 0 0 0 0 0 0 0 0 0 0 0 0 0 0 0 0 0 0 0 0 0 0 0 0 0 0 0 0 0 0 0 0
0 0 0 0 0 0 0 0 0 0 0 0 0 0 0 0 0 0 0 0 0 0 0 0
##$SHL_OFFSCOEFF9= (0..95)
0 0 0 0 0 0 0 0 0 0 0 0 0 0 0 0 0 0 0 0 0 0 0 0 0 0 0 0 0 0 0 0 0 0 0 0
0 0 0 0 0 0 0 0 0 0 0 0 0 0 0 0 0 0 0 0 0 0 0 0 0 0 0 0 0 0 0 0 0 0 0 0
0 0 0 0 0 0 0 0 0 0 0 0 0 0 0 0 0 0 0 0 0 0 0 0
##$SHL_PHASE= (0..15)
0 0 0 0 0 0 0 0 0 0 0 0 0 0 0 0
##$SHL_PHASEFAC= (0..15)
0 0 0 0 0 0 0 0 0 0 0 0 0 0 0 0
##$SHL_POWERINDEX= (0..15)
0 0 0 0 0 0 0 0 0 0 0 0 0 0 0 0
##$SHL_QUADCOEFF= (0..15)
0 0 0 0 0 0 0 0 0 0 0 0 0 0 0 0
##$SHL_RIGHTLIMIT= (0..15)
0 0 0 0 0 0 0 0 0 0 0 0 0 0 0 0
##$SHL_SCALEFACTOR= (0..15)
1 1 1 1 1 1 1 1 1 1 1 1 1 1 1 1
##$SHL_SF= (0..15)
<> <> <> <> <> <> <> <> <> <> <> <> <> <> <> <>
##$SHL_SFCOEFFS0= (0..200)
0 0 0 0 0 0 0 0 0 0 0 0 0 0 0 0 0 0 0 0 0 0 0 0 0 0 0 0 0 0 0 0 0 0 0 0
0 0 0 0 0 0 0 0 0 0 0 0 0 0 0 0 0 0 0 0 0 0 0 0 0 0 0 0 0 0 0 0 0 0 0 0
0 0 0 0 0 0 0 0 0 0 0 0 0 0 0 0 0 0 0 0 0 0 0 0 0 0 0 0 0 0 0 0 0 0 0 0
0 0 0 0 0 0 0 0 0 0 0 0 0 0 0 0 0 0 0 0 0 0 0 0 0 0 0 0 0 0 0 0 0 0 0 0
0 0 0 0 0 0 0 0 0 0 0 0 0 0 0 0 0 0 0 0 0 0 0 0 0 0 0 0 0 0 0 0 0 0 0 0
0 0 0 0 0 0 0 0 0 0 0 0 0 0 0 0 0 0 0 0 0
##$SHL_SFCOEFFS1= (0..200)
0 0 0 0 0 0 0 0 0 0 0 0 0 0 0 0 0 0 0 0 0 0 0 0 0 0 0 0 0 0 0 0 0 0 0 0
0 0 0 0 0 0 0 0 0 0 0 0 0 0 0 0 0 0 0 0 0 0 0 0 0 0 0 0 0 0 0 0 0 0 0 0
0 0 0 0 0 0 0 0 0 0 0 0 0 0 0 0 0 0 0 0 0 0 0 0 0 0 0 0 0 0 0 0 0 0 0 0
0 0 0 0 0 0 0 0 0 0 0 0 0 0 0 0 0 0 0 0 0 0 0 0 0 0 0 0 0 0 0 0 0 0 0 0
0 0 0 0 0 0 0 0 0 0 0 0 0 0 0 0 0 0 0 0 0 0 0 0 0 0 0 0 0 0 0 0 0 0 0 0
0 0 0 0 0 0 0 0 0 0 0 0 0 0 0 0 0 0 0 0 0
##$SHL_SFCOEFFS10= (0..200)
0 0 0 0 0 0 0 0 0 0 0 0 0 0 0 0 0 0 0 0 0 0 0 0 0 0 0 0 0 0 0 0 0 0 0 0
0 0 0 0 0 0 0 0 0 0 0 0 0 0 0 0 0 0 0 0 0 0 0 0 0 0 0 0 0 0 0 0 0 0 0 0
0 0 0 0 0 0 0 0 0 0 0 0 0 0 0 0 0 0 0 0 0 0 0 0 0 0 0 0 0 0 0 0 0 0 0 0
0 0 0 0 0 0 0 0 0 0 0 0 0 0 0 0 0 0 0 0 0 0 0 0 0 0 0 0 0 0 0 0 0 0 0 0
0 0 0 0 0 0 0 0 0 0 0 0 0 0 0 0 0 0 0 0 0 0 0 0 0 0 0 0 0 0 0 0 0 0 0 0
0 0 0 0 0 0 0 0 0 0 0 0 0 0 0 0 0 0 0 0 0
##$SHL_SFCOEFFS11= (0..200)
0 0 0 0 0 0 0 0 0 0 0 0 0 0 0 0 0 0 0 0 0 0 0 0 0 0 0 0 0 0 0 0 0 0 0 0
0 0 0 0 0 0 0 0 0 0 0 0 0 0 0 0 0 0 0 0 0 0 0 0 0 0 0 0 0 0 0 0 0 0 0 0
0 0 0 0 0 0 0 0 0 0 0 0 0 0 0 0 0 0 0 0 0 0 0 0 0 0 0 0 0 0 0 0 0 0 0 0
0 0 0 0 0 0 0 0 0 0 0 0 0 0 0 0 0 0 0 0 0 0 0 0 0 0 0 0 0 0 0 0 0 0 0 0
0 0 0 0 0 0 0 0 0 0 0 0 0 0 0 0 0 0 0 0 0 0 0 0 0 0 0 0 0 0 0 0 0 0 0 0
0 0 0 0 0 0 0 0 0 0 0 0 0 0 0 0 0 0 0 0 0
##$SHL_SFCOEFFS12= (0..200)
0 0 0 0 0 0 0 0 0 0 0 0 0 0 0 0 0 0 0 0 0 0 0 0 0 0 0 0 0 0 0 0 0 0 0 0
0 0 0 0 0 0 0 0 0 0 0 0 0 0 0 0 0 0 0 0 0 0 0 0 0 0 0 0 0 0 0 0 0 0 0 0
0 0 0 0 0 0 0 0 0 0 0 0 0 0 0 0 0 0 0 0 0 0 0 0 0 0 0 0 0 0 0 0 0 0 0 0
0 0 0 0 0 0 0 0 0 0 0 0 0 0 0 0 0 0 0 0 0 0 0 0 0 0 0 0 0 0 0 0 0 0 0 0
0 0 0 0 0 0 0 0 0 0 0 0 0 0 0 0 0 0 0 0 0 0 0 0 0 0 0 0 0 0 0 0 0 0 0 0
0 0 0 0 0 0 0 0 0 0 0 0 0 0 0 0 0 0 0 0 0
##$SHL_SFCOEFFS13= (0..200)
0 0 0 0 0 0 0 0 0 0 0 0 0 0 0 0 0 0 0 0 0 0 0 0 0 0 0 0 0 0 0 0 0 0 0 0
0 0 0 0 0 0 0 0 0 0 0 0 0 0 0 0 0 0 0 0 0 0 0 0 0 0 0 0 0 0 0 0 0 0 0 0
0 0 0 0 0 0 0 0 0 0 0 0 0 0 0 0 0 0 0 0 0 0 0 0 0 0 0 0 0 0 0 0 0 0 0 0
0 0 0 0 0 0 0 0 0 0 0 0 0 0 0 0 0 0 0 0 0 0 0 0 0 0 0 0 0 0 0 0 0 0 0 0
0 0 0 0 0 0 0 0 0 0 0 0 0 0 0 0 0 0 0 0 0 0 0 0 0 0 0 0 0 0 0 0 0 0 0 0
0 0 0 0 0 0 0 0 0 0 0 0 0 0 0 0 0 0 0 0 0
##$SHL_SFCOEFFS14= (0..200)
0 0 0 0 0 0 0 0 0 0 0 0 0 0 0 0 0 0 0 0 0 0 0 0 0 0 0 0 0 0 0 0 0 0 0 0
0 0 0 0 0 0 0 0 0 0 0 0 0 0 0 0 0 0 0 0 0 0 0 0 0 0 0 0 0 0 0 0 0 0 0 0
0 0 0 0 0 0 0 0 0 0 0 0 0 0 0 0 0 0 0 0 0 0 0 0 0 0 0 0 0 0 0 0 0 0 0 0
0 0 0 0 0 0 0 0 0 0 0 0 0 0 0 0 0 0 0 0 0 0 0 0 0 0 0 0 0 0 0 0 0 0 0 0
0 0 0 0 0 0 0 0 0 0 0 0 0 0 0 0 0 0 0 0 0 0 0 0 0 0 0 0 0 0 0 0 0 0 0 0
0 0 0 0 0 0 0 0 0 0 0 0 0 0 0 0 0 0 0 0 0
##$SHL_SFCOEFFS15= (0..200)
0 0 0 0 0 0 0 0 0 0 0 0 0 0 0 0 0 0 0 0 0 0 0 0 0 0 0 0 0 0 0 0 0 0 0 0
0 0 0 0 0 0 0 0 0 0 0 0 0 0 0 0 0 0 0 0 0 0 0 0 0 0 0 0 0 0 0 0 0 0 0 0
0 0 0 0 0 0 0 0 0 0 0 0 0 0 0 0 0 0 0 0 0 0 0 0 0 0 0 0 0 0 0 0 0 0 0 0
0 0 0 0 0 0 0 0 0 0 0 0 0 0 0 0 0 0 0 0 0 0 0 0 0 0 0 0 0 0 0 0 0 0 0 0
0 0 0 0 0 0 0 0 0 0 0 0 0 0 0 0 0 0 0 0 0 0 0 0 0 0 0 0 0 0 0 0 0 0 0 0
0 0 0 0 0 0 0 0 0 0 0 0 0 0 0 0 0 0 0 0 0
##$SHL_SFCOEFFS2= (0..200)
0 0 0 0 0 0 0 0 0 0 0 0 0 0 0 0 0 0 0 0 0 0 0 0 0 0 0 0 0 0 0 0 0 0 0 0
0 0 0 0 0 0 0 0 0 0 0 0 0 0 0 0 0 0 0 0 0 0 0 0 0 0 0 0 0 0 0 0 0 0 0 0
0 0 0 0 0 0 0 0 0 0 0 0 0 0 0 0 0 0 0 0 0 0 0 0 0 0 0 0 0 0 0 0 0 0 0 0
0 0 0 0 0 0 0 0 0 0 0 0 0 0 0 0 0 0 0 0 0 0 0 0 0 0 0 0 0 0 0 0 0 0 0 0
0 0 0 0 0 0 0 0 0 0 0 0 0 0 0 0 0 0 0 0 0 0 0 0 0 0 0 0 0 0 0 0 0 0 0 0
0 0 0 0 0 0 0 0 0 0 0 0 0 0 0 0 0 0 0 0 0
##$SHL_SFCOEFFS3= (0..200)
0 0 0 0 0 0 0 0 0 0 0 0 0 0 0 0 0 0 0 0 0 0 0 0 0 0 0 0 0 0 0 0 0 0 0 0
0 0 0 0 0 0 0 0 0 0 0 0 0 0 0 0 0 0 0 0 0 0 0 0 0 0 0 0 0 0 0 0 0 0 0 0
0 0 0 0 0 0 0 0 0 0 0 0 0 0 0 0 0 0 0 0 0 0 0 0 0 0 0 0 0 0 0 0 0 0 0 0
0 0 0 0 0 0 0 0 0 0 0 0 0 0 0 0 0 0 0 0 0 0 0 0 0 0 0 0 0 0 0 0 0 0 0 0
0 0 0 0 0 0 0 0 0 0 0 0 0 0 0 0 0 0 0 0 0 0 0 0 0 0 0 0 0 0 0 0 0 0 0 0
0 0 0 0 0 0 0 0 0 0 0 0 0 0 0 0 0 0 0 0 0
##$SHL_SFCOEFFS4= (0..200)
0 0 0 0 0 0 0 0 0 0 0 0 0 0 0 0 0 0 0 0 0 0 0 0 0 0 0 0 0 0 0 0 0 0 0 0
0 0 0 0 0 0 0 0 0 0 0 0 0 0 0 0 0 0 0 0 0 0 0 0 0 0 0 0 0 0 0 0 0 0 0 0
0 0 0 0 0 0 0 0 0 0 0 0 0 0 0 0 0 0 0 0 0 0 0 0 0 0 0 0 0 0 0 0 0 0 0 0
0 0 0 0 0 0 0 0 0 0 0 0 0 0 0 0 0 0 0 0 0 0 0 0 0 0 0 0 0 0 0 0 0 0 0 0
0 0 0 0 0 0 0 0 0 0 0 0 0 0 0 0 0 0 0 0 0 0 0 0 0 0 0 0 0 0 0 0 0 0 0 0
0 0 0 0 0 0 0 0 0 0 0 0 0 0 0 0 0 0 0 0 0
##$SHL_SFCOEFFS5= (0..200)
0 0 0 0 0 0 0 0 0 0 0 0 0 0 0 0 0 0 0 0 0 0 0 0 0 0 0 0 0 0 0 0 0 0 0 0
0 0 0 0 0 0 0 0 0 0 0 0 0 0 0 0 0 0 0 0 0 0 0 0 0 0 0 0 0 0 0 0 0 0 0 0
0 0 0 0 0 0 0 0 0 0 0 0 0 0 0 0 0 0 0 0 0 0 0 0 0 0 0 0 0 0 0 0 0 0 0 0
0 0 0 0 0 0 0 0 0 0 0 0 0 0 0 0 0 0 0 0 0 0 0 0 0 0 0 0 0 0 0 0 0 0 0 0
0 0 0 0 0 0 0 0 0 0 0 0 0 0 0 0 0 0 0 0 0 0 0 0 0 0 0 0 0 0 0 0 0 0 0 0
0 0 0 0 0 0 0 0 0 0 0 0 0 0 0 0 0 0 0 0 0
##$SHL_SFCOEFFS6= (0..200)
0 0 0 0 0 0 0 0 0 0 0 0 0 0 0 0 0 0 0 0 0 0 0 0 0 0 0 0 0 0 0 0 0 0 0 0
0 0 0 0 0 0 0 0 0 0 0 0 0 0 0 0 0 0 0 0 0 0 0 0 0 0 0 0 0 0 0 0 0 0 0 0
0 0 0 0 0 0 0 0 0 0 0 0 0 0 0 0 0 0 0 0 0 0 0 0 0 0 0 0 0 0 0 0 0 0 0 0
0 0 0 0 0 0 0 0 0 0 0 0 0 0 0 0 0 0 0 0 0 0 0 0 0 0 0 0 0 0 0 0 0 0 0 0
0 0 0 0 0 0 0 0 0 0 0 0 0 0 0 0 0 0 0 0 0 0 0 0 0 0 0 0 0 0 0 0 0 0 0 0
0 0 0 0 0 0 0 0 0 0 0 0 0 0 0 0 0 0 0 0 0
##$SHL_SFCOEFFS7= (0..200)
0 0 0 0 0 0 0 0 0 0 0 0 0 0 0 0 0 0 0 0 0 0 0 0 0 0 0 0 0 0 0 0 0 0 0 0
0 0 0 0 0 0 0 0 0 0 0 0 0 0 0 0 0 0 0 0 0 0 0 0 0 0 0 0 0 0 0 0 0 0 0 0
0 0 0 0 0 0 0 0 0 0 0 0 0 0 0 0 0 0 0 0 0 0 0 0 0 0 0 0 0 0 0 0 0 0 0 0
0 0 0 0 0 0 0 0 0 0 0 0 0 0 0 0 0 0 0 0 0 0 0 0 0 0 0 0 0 0 0 0 0 0 0 0
0 0 0 0 0 0 0 0 0 0 0 0 0 0 0 0 0 0 0 0 0 0 0 0 0 0 0 0 0 0 0 0 0 0 0 0
0 0 0 0 0 0 0 0 0 0 0 0 0 0 0 0 0 0 0 0 0
##$SHL_SFCOEFFS8= (0..200)
0 0 0 0 0 0 0 0 0 0 0 0 0 0 0 0 0 0 0 0 0 0 0 0 0 0 0 0 0 0 0 0 0 0 0 0
0 0 0 0 0 0 0 0 0 0 0 0 0 0 0 0 0 0 0 0 0 0 0 0 0 0 0 0 0 0 0 0 0 0 0 0
0 0 0 0 0 0 0 0 0 0 0 0 0 0 0 0 0 0 0 0 0 0 0 0 0 0 0 0 0 0 0 0 0 0 0 0
0 0 0 0 0 0 0 0 0 0 0 0 0 0 0 0 0 0 0 0 0 0 0 0 0 0 0 0 0 0 0 0 0 0 0 0
0 0 0 0 0 0 0 0 0 0 0 0 0 0 0 0 0 0 0 0 0 0 0 0 0 0 0 0 0 0 0 0 0 0 0 0
0 0 0 0 0 0 0 0 0 0 0 0 0 0 0 0 0 0 0 0 0
##$SHL_SFCOEFFS9= (0..200)
0 0 0 0 0 0 0 0 0 0 0 0 0 0 0 0 0 0 0 0 0 0 0 0 0 0 0 0 0 0 0 0 0 0 0 0
0 0 0 0 0 0 0 0 0 0 0 0 0 0 0 0 0 0 0 0 0 0 0 0 0 0 0 0 0 0 0 0 0 0 0 0
0 0 0 0 0 0 0 0 0 0 0 0 0 0 0 0 0 0 0 0 0 0 0 0 0 0 0 0 0 0 0 0 0 0 0 0
0 0 0 0 0 0 0 0 0 0 0 0 0 0 0 0 0 0 0 0 0 0 0 0 0 0 0 0 0 0 0 0 0 0 0 0
0 0 0 0 0 0 0 0 0 0 0 0 0 0 0 0 0 0 0 0 0 0 0 0 0 0 0 0 0 0 0 0 0 0 0 0
0 0 0 0 0 0 0 0 0 0 0 0 0 0 0 0 0 0 0 0 0
##$SHL_SMOOTHED= (0..15)
0 0 0 0 0 0 0 0 0 0 0 0 0 0 0 0
##$SHL_SMOOTHING= (0..15)
0 0 0 0 0 0 0 0 0 0 0 0 0 0 0 0
##$SHL_SPOAL= (0..15)
0 0 0 0 0 0 0 0 0 0 0 0 0 0 0 0
##$SHL_SPOFFS= (0..15)
0 0 0 0 0 0 0 0 0 0 0 0 0 0 0 0
##$SHL_SPOPH= (0..15)
0 0 0 0 0 0 0 0 0 0 0 0 0 0 0 0
##$SHL_STARTAMP= (0..15)
0 0 0 0 0 0 0 0 0 0 0 0 0 0 0 0
##$SHL_SW= (0..15)
0 0 0 0 0 0 0 0 0 0 0 0 0 0 0 0
##$SHL_SWDIR= (0..15)
-1 -1 -1 -1 -1 -1 -1 -1 -1 -1 -1 -1 -1 -1 -1 -1
##$SHL_TANKAPPA= (0..15)
0 0 0 0 0 0 0 0 0 0 0 0 0 0 0 0
##$SHL_TOTROT= (0..15)
90 0 0 0 0 0 0 0 0 0 0 0 0 0 0 0
##$SHL_TRUNCLEV= (0..15)
0 0 0 0 0 0 0 0 0 0 0 0 0 0 0 0
##$SHL_TYPE= (0..15)
<Excitation> <> <> <> <> <> <> <> <> <> <> <> <> <> <> <>
##$SHL_WINDOWSIZE= (0..15)
0 0 0 0 0 0 0 0 0 0 0 0 0 0 0 0
##$SHL_ZETA= (0..15)
0 0 0 0 0 0 0 0 0 0 0 0 0 0 0 0
##NPOINTS= 1250
##XYPOINTS= (XY..XY)
7.568176, 123.289348
9.310485, 123.956619
11.049948, 124.623889
12.786033, 125.291160
14.518208, 125.958431
16.245944, 126.625702
17.968713, 127.292973
19.685989, 127.960244
21.397245, 128.627515
23.101960, 129.294785
24.799611, 129.962056
26.489680, 130.629327
28.171650, 131.296598
29.845007, 131.963869
31.509239, 132.631140
33.163837, 133.298411
34.808296, 133.965681
36.442112, 134.632952
38.064787, 135.300223
39.675823, 135.967494
41.274729, 136.634765
42.861016, 137.302036
44.434198, 137.969307
45.993794, 138.636577
47.539329, 139.303848
49.070328, 139.971119
50.586325, 140.638390
52.086856, 141.305661
53.571461, 141.972932
55.039687, 142.640203
56.491086, 143.307474
57.925212, 143.974744
59.341629, 144.642015
60.739902, 145.309286
62.119604, 145.976557
63.480314, 146.643828
64.821616, 147.311099
66.143098, 147.978370
67.444358, 148.645640
68.724997, 149.312911
69.984625, 149.980182
71.222855, 150.647453
72.439309, 151.314724
73.633615, 151.981995
74.805409, 152.649266
75.954331, 153.316536
77.080031, 153.983807
78.182165, 154.651078
79.260395, 155.318349
80.314391, 155.985620
81.343832, 156.652891
82.348403, 157.320162
83.327797, 157.987432
84.281714, 158.654703
85.209862, 159.321974
86.111958, 159.989245
86.987726, 160.656516
87.836898, 161.323787
88.659215, 161.991058
89.454425, 162.658328
90.222285, 163.325599
90.962560, 163.992870
91.675024, 164.660141
92.359460, 165.327412
93.015657, 165.994683
93.643415, 166.661954
94.242543, 167.329224
94.812856, 167.996495
95.354182, 168.663766
95.866354, 169.331037
96.349215, 169.998308
96.802618, 170.665579
97.226425, 171.332850
97.620505, 172.000121
97.984739, 172.667391
98.319015, 173.334662
98.623231, 174.001933
98.897293, 174.669204
99.141118, 175.336475
99.354632, 176.003746
99.537768, 176.671017
99.690472, 177.338287
99.812697, 178.005558
99.904404, 178.672829
99.965567, 179.340100
99.996165, 180.007371
99.996191, 180.674642
99.965644, 181.341913
99.904533, 182.009183
99.812877, 182.676454
99.690704, 183.343725
99.538051, 184.010996
99.354966, 184.678267
99.141503, 185.345538
98.897729, 186.012809
98.623717, 186.680079
98.319553, 187.347350
97.985327, 188.014621
97.621144, 188.681892
97.227114, 189.349163
96.803357, 190.016434
96.350003, 190.683705
95.867191, 191.350975
95.355069, 192.018246
94.813792, 192.685517
94.243527, 193.352788
93.644448, 194.020059
93.016738, 194.687330
92.360588, 195.354601
91.676200, 196.021871
90.963783, 196.689142
90.223555, 197.356413
89.455741, 198.023684
88.660577, 198.690955
87.838305, 199.358226
86.989178, 200.025497
86.113455, 200.692768
85.211403, 201.360038
84.283298, 202.027309
83.329425, 202.694580
82.350074, 203.361851
81.345545, 204.029122
80.316145, 204.696393
79.262190, 205.363664
78.184001, 206.030934
77.081907, 206.698205
75.956247, 207.365476
74.807363, 208.032747
73.635608, 208.700018
72.441339, 209.367289
71.224922, 210.034560
69.986728, 210.701830
68.727136, 211.369101
67.446532, 212.036372
66.145307, 212.703643
64.823858, 213.370914
63.482589, 214.038185
62.121912, 214.705456
60.742241, 215.372726
59.343999, 216.039997
57.927612, 216.707268
56.493515, 217.374539
55.042146, 218.041810
53.573947, 218.709081
52.089369, 219.376352
50.588865, 220.043622
49.072894, 220.710893
47.541919, 221.378164
45.996409, 222.045435
44.436836, 222.712706
42.863676, 223.379977
41.277411, 224.047248
39.678526, 224.714518
38.067510, 225.381789
36.444854, 226.049060
34.811056, 226.716331
33.166615, 227.383602
31.512034, 228.050873
29.847818, 228.718144
28.174476, 229.385415
26.492520, 230.052685
24.802464, 230.719956
23.104825, 231.387227
21.400122, 232.054498
19.688876, 232.721769
17.971610, 233.389040
16.248849, 234.056311
14.521121, 234.723581
12.788953, 235.390852
11.052875, 236.058123
9.313417, 236.725394
7.571112, 237.392665
5.826492, 238.059936
4.080091, 238.727207
2.332442, 239.394477
0.584080, 240.061748
1.164460, 60.729019
2.912645, 61.396290
4.659939, 62.063561
6.405808, 62.730832
8.149718, 63.398103
9.891137, 64.065373
11.629532, 64.732644
13.364371, 65.399915
15.095124, 66.067186
16.821262, 66.734457
18.542257, 67.401728
20.257583, 68.068999
21.966715, 68.736269
23.669131, 69.403540
25.364310, 70.070811
27.051735, 70.738082
28.730888, 71.405353
30.401258, 72.072624
32.062332, 72.739895
33.713604, 73.407165
35.354568, 74.074436
36.984722, 74.741707
38.603569, 75.408978
40.210613, 76.076249
41.805363, 76.743520
43.387332, 77.410791
44.956035, 78.078061
46.510993, 78.745332
48.051731, 79.412603
49.577777, 80.079874
51.088665, 80.747145
52.583933, 81.414416
54.063125, 82.081687
55.525787, 82.748958
56.971472, 83.416228
58.399739, 84.083499
59.810150, 84.750770
61.202275, 85.418041
62.575688, 86.085312
63.929969, 86.752583
65.264704, 87.419854
66.579484, 88.087124
67.873909, 88.754395
69.147582, 89.421666
70.400113, 90.088937
71.631120, 90.756208
72.840226, 91.423479
74.027062, 92.090750
75.191265, 92.758020
76.332479, 93.425291
77.450355, 94.092562
78.544551, 94.759833
79.614732, 95.427104
80.660572, 96.094375
81.681751, 96.761646
82.677956, 97.428916
83.648883, 98.096187
84.594235, 98.763458
85.513723, 99.430729
86.407066, 100.098000
87.273991, 100.765271
88.114232, 101.432542
88.927533, 102.099812
89.713646, 102.767083
90.472329, 103.434354
91.203351, 104.101625
91.906488, 104.768896
92.581525, 105.436167
93.228257, 106.103438
93.846484, 106.770708
94.436019, 107.437979
94.996681, 108.105250
95.528298, 108.772521
96.030708, 109.439792
96.503758, 110.107063
96.947303, 110.774334
97.361206, 111.441605
97.745342, 112.108875
98.099594, 112.776146
98.423852, 113.443417
98.718018, 114.110688
98.982001, 114.777959
99.215722, 115.445230
99.419108, 116.112501
99.592098, 116.779771
99.734638, 117.447042
99.846685, 118.114313
99.928205, 118.781584
99.979173, 119.448855
99.999572, 120.116126
99.989398, 120.783397
99.948653, 121.450667
99.877349, 122.117938
99.775509, 122.785209
99.643163, 123.452480
99.480352, 124.119751
99.287125, 124.787022
99.063543, 125.454293
98.809672, 126.121563
98.525591, 126.788834
98.211387, 127.456105
97.867155, 128.123376
97.493002, 128.790647
97.089040, 129.457918
96.655395, 130.125189
96.192198, 130.792459
95.699591, 131.459730
95.177724, 132.127001
94.626758, 132.794272
94.046860, 133.461543
93.438208, 134.128814
92.800989, 134.796085
92.135396, 135.463355
91.441633, 136.130626
90.719913, 136.797897
89.970456, 137.465168
89.193491, 138.132439
88.389257, 138.799710
87.557997, 139.466981
86.699968, 140.134252
85.815431, 140.801522
84.904656, 141.468793
83.967923, 142.136064
83.005517, 142.803335
82.017733, 143.470606
81.004872, 144.137877
79.967245, 144.805148
78.905168, 145.472418
77.818967, 146.139689
76.708974, 146.806960
75.575527, 147.474231
74.418974, 148.141502
73.239667, 148.808773
72.037969, 149.476044
70.814245, 150.143314
69.568870, 150.810585
68.302225, 151.477856
67.014698, 152.145127
65.706681, 152.812398
64.378575, 153.479669
63.030785, 154.146940
61.663725, 154.814210
60.277811, 155.481481
58.873468, 156.148752
57.451125, 156.816023
56.011216, 157.483294
54.554183, 158.150565
53.080470, 158.817836
51.590528, 159.485106
50.084812, 160.152377
48.563784, 160.819648
47.027908, 161.486919
45.477653, 162.154190
43.913494, 162.821461
42.335909, 163.488732
40.745379, 164.156002
39.142393, 164.823273
37.527439, 165.490544
35.901011, 166.157815
34.263606, 166.825086
32.615726, 167.492357
30.957874, 168.159628
29.290556, 168.826899
27.614284, 169.494169
25.929568, 170.161440
24.236925, 170.828711
22.536871, 171.495982
20.829927, 172.163253
19.116615, 172.830524
17.397458, 173.497795
15.672981, 174.165065
13.943713, 174.832336
12.210181, 175.499607
10.472917, 176.166878
8.732450, 176.834149
6.989313, 177.501420
5.244040, 178.168691
3.497163, 178.835961
1.749217, 179.503232
0.000736, 180.170503
1.747745, 0.837774
3.495692, 1.505045
5.242570, 2.172316
6.987845, 2.839587
8.730983, 3.506857
10.471452, 4.174128
12.208720, 4.841399
13.942255, 5.508670
15.671527, 6.175941
17.396008, 6.843212
19.115170, 7.510483
20.828488, 8.177753
22.535437, 8.845024
24.235497, 9.512295
25.928146, 10.179566
27.612869, 10.846837
29.289149, 11.514108
30.956474, 12.181379
32.614334, 12.848649
34.262223, 13.515920
35.899636, 14.183191
37.526074, 14.850462
39.141038, 15.517733
40.744035, 16.185004
42.334575, 16.852275
43.912171, 17.519546
45.476342, 18.186816
47.026609, 18.854087
48.562497, 19.521358
50.083538, 20.188629
51.589267, 20.855900
53.079222, 21.523171
54.552949, 22.190442
56.009996, 22.857712
57.449920, 23.524983
58.872278, 24.192254
60.276636, 24.859525
61.662566, 25.526796
63.029642, 26.194067
64.377448, 26.861338
65.705571, 27.528608
67.013605, 28.195879
68.301150, 28.863150
69.567813, 29.530421
70.813205, 30.197692
72.036948, 30.864963
73.238665, 31.532234
74.417990, 32.199504
75.574563, 32.866775
76.708029, 33.534046
77.818043, 34.201317
78.904264, 34.868588
79.966361, 35.535859
81.004009, 36.203130
82.016890, 36.870400
83.004696, 37.537671
83.967123, 38.204942
84.903878, 38.872213
85.814675, 39.539484
86.699234, 40.206755
87.557286, 40.874026
88.388568, 41.541296
89.192826, 42.208567
89.969814, 42.875838
90.719294, 43.543109
91.441037, 44.210380
92.134823, 44.877651
92.800440, 45.544922
93.437684, 46.212192
94.046360, 46.879463
94.626282, 47.546734
95.177273, 48.214005
95.699164, 48.881276
96.191795, 49.548547
96.655017, 50.215818
97.088688, 50.883089
97.492674, 51.550359
97.866853, 52.217630
98.211110, 52.884901
98.525339, 53.552172
98.809445, 54.219443
99.063342, 54.886714
99.286950, 55.553985
99.480202, 56.221255
99.643038, 56.888526
99.775410, 57.555797
99.877276, 58.223068
99.948606, 58.890339
99.989377, 59.557610
99.999577, 60.224881
99.979203, 60.892151
99.928261, 61.559422
99.846767, 62.226693
99.734745, 62.893964
99.592231, 63.561235
99.419267, 64.228506
99.215906, 64.895777
98.982211, 65.563047
98.718253, 66.230318
98.424112, 66.897589
98.099879, 67.564860
97.745653, 68.232131
97.361542, 68.899402
96.947664, 69.566673
96.504144, 70.233943
96.031119, 70.901214
95.528733, 71.568485
94.997141, 72.235756
94.436503, 72.903027
93.846993, 73.570298
93.228789, 74.237569
92.582082, 74.904839
91.907068, 75.572110
91.203954, 76.239381
90.472956, 76.906652
89.714296, 77.573923
88.928207, 78.241194
88.114928, 78.908465
87.274710, 79.575736
86.407807, 80.243006
85.514487, 80.910277
84.595020, 81.577548
83.649690, 82.244819
82.678784, 82.912090
81.682600, 83.579361
80.661443, 84.246632
79.615623, 84.913902
78.545462, 85.581173
77.451286, 86.248444
76.333430, 86.915715
75.192236, 87.582986
74.028052, 88.250257
72.841235, 88.917528
71.632147, 89.584798
70.401158, 90.252069
69.148645, 90.919340
67.874990, 91.586611
66.580583, 92.253882
65.265819, 92.921153
63.931101, 93.588424
62.576836, 94.255694
61.203439, 94.922965
59.811330, 95.590236
58.400934, 96.257507
56.972682, 96.924778
55.527011, 97.592049
54.064363, 98.259320
52.585186, 98.926590
51.089931, 99.593861
49.579055, 100.261132
48.053022, 100.928403
46.512296, 101.595674
44.957350, 102.262945
43.388658, 102.930216
41.806701, 103.597486
40.211961, 104.264757
38.604927, 104.932028
36.986090, 105.599299
35.355945, 106.266570
33.714990, 106.933841
32.063727, 107.601112
30.402660, 108.268383
28.732299, 108.935653
27.053152, 109.602924
25.365734, 110.270195
23.670561, 110.937466
21.968151, 111.604737
20.259025, 112.272008
18.543704, 112.939279
16.822713, 113.606549
15.096580, 114.273820
13.365830, 114.941091
11.630994, 115.608362
9.892602, 116.275633
8.151186, 116.942904
6.407277, 117.610175
4.661409, 118.277445
2.914116, 118.944716
1.165932, 119.611987
0.582608, 300.279258
2.330970, 300.946529
4.078620, 301.613800
5.825022, 302.281071
7.569644, 302.948341
9.311951, 303.615612
11.051411, 304.282883
12.787493, 304.950154
14.519664, 305.617425
16.247397, 306.284696
17.970162, 306.951967
19.687432, 307.619237
21.398683, 308.286508
23.103392, 308.953779
24.801038, 309.621050
26.491100, 310.288321
28.173063, 310.955592
29.846412, 311.622863
31.510636, 312.290133
33.165226, 312.957404
34.809676, 313.624675
36.443483, 314.291946
38.066148, 314.959217
39.677175, 315.626488
41.276070, 316.293759
42.862346, 316.961030
44.435517, 317.628300
45.995102, 318.295571
47.540624, 318.962842
49.071611, 319.630113
50.587595, 320.297384
52.088112, 320.964655
53.572704, 321.631926
55.040916, 322.299196
56.492300, 322.966467
57.926412, 323.633738
59.342814, 324.301009
60.741071, 324.968280
62.120758, 325.635551
63.481452, 326.302822
64.822737, 326.970092
66.144202, 327.637363
67.445445, 328.304634
68.726067, 328.971905
69.985676, 329.639176
71.223888, 330.306447
72.440324, 330.973718
73.634611, 331.640988
74.806386, 332.308259
75.955289, 332.975530
77.080969, 333.642801
78.183083, 334.310072
79.261292, 334.977343
80.315268, 335.644614
81.344689, 336.311884
82.349238, 336.979155
83.328611, 337.646426
84.282506, 338.313697
85.210632, 338.980968
86.112706, 339.648239
86.988452, 340.315510
87.837602, 340.982780
88.659896, 341.650051
89.455083, 342.317322
90.222920, 342.984593
90.963172, 343.651864
91.675612, 344.319135
92.360024, 344.986406
93.016197, 345.653677
93.643932, 346.320947
94.243035, 346.988218
94.813324, 347.655489
95.354625, 348.322760
95.866772, 348.990031
96.349609, 349.657302
96.802988, 350.324573
97.226769, 350.991843
97.620825, 351.659114
97.985033, 352.326385
98.319284, 352.993656
98.623474, 353.660927
98.897511, 354.328198
99.141311, 354.995469
99.354799, 355.662739
99.537910, 356.330010
99.690588, 356.997281
99.812787, 357.664552
99.904468, 358.331823
99.965605, 358.999094
99.996178, 359.666365
99.996178, 0.333635
99.965605, 1.000906
99.904468, 1.668177
99.812787, 2.335448
99.690588, 3.002719
99.537910, 3.669990
99.354799, 4.337261
99.141311, 5.004531
98.897511, 5.671802
98.623474, 6.339073
98.319284, 7.006344
97.985033, 7.673615
97.620825, 8.340886
97.226769, 9.008157
96.802988, 9.675427
96.349609, 10.342698
95.866772, 11.009969
95.354625, 11.677240
94.813324, 12.344511
94.243035, 13.011782
93.643932, 13.679053
93.016197, 14.346323
92.360024, 15.013594
91.675612, 15.680865
90.963172, 16.348136
90.222920, 17.015407
89.455083, 17.682678
88.659896, 18.349949
87.837602, 19.017220
86.988452, 19.684490
86.112706, 20.351761
85.210632, 21.019032
84.282506, 21.686303
83.328611, 22.353574
82.349238, 23.020845
81.344689, 23.688116
80.315268, 24.355386
79.261292, 25.022657
78.183083, 25.689928
77.080969, 26.357199
75.955289, 27.024470
74.806386, 27.691741
73.634611, 28.359012
72.440324, 29.026282
71.223888, 29.693553
69.985676, 30.360824
68.726067, 31.028095
67.445445, 31.695366
66.144202, 32.362637
64.822737, 33.029908
63.481452, 33.697178
62.120758, 34.364449
60.741071, 35.031720
59.342814, 35.698991
57.926412, 36.366262
56.492300, 37.033533
55.040916, 37.700804
53.572704, 38.368074
52.088112, 39.035345
50.587595, 39.702616
49.071611, 40.369887
47.540624, 41.037158
45.995102, 41.704429
44.435517, 42.371700
42.862346, 43.038970
41.276070, 43.706241
39.677175, 44.373512
38.066148, 45.040783
36.443483, 45.708054
34.809676, 46.375325
33.165226, 47.042596
31.510636, 47.709867
29.846412, 48.377137
28.173063, 49.044408
26.491100, 49.711679
24.801038, 50.378950
23.103392, 51.046221
21.398683, 51.713492
19.687432, 52.380763
17.970162, 53.048033
16.247397, 53.715304
14.519664, 54.382575
12.787493, 55.049846
11.051411, 55.717117
9.311951, 56.384388
7.569644, 57.051659
5.825022, 57.718929
4.078620, 58.386200
2.330970, 59.053471
0.582608, 59.720742
1.165932, 240.388013
2.914116, 241.055284
4.661409, 241.722555
6.407277, 242.389825
8.151186, 243.057096
9.892602, 243.724367
11.630994, 244.391638
13.365830, 245.058909
15.096580, 245.726180
16.822713, 246.393451
18.543704, 247.060721
20.259025, 247.727992
21.968151, 248.395263
23.670561, 249.062534
25.365734, 249.729805
27.053152, 250.397076
28.732299, 251.064347
30.402660, 251.731617
32.063727, 252.398888
33.714990, 253.066159
35.355945, 253.733430
36.986090, 254.400701
38.604927, 255.067972
40.211961, 255.735243
41.806701, 256.402514
43.388658, 257.069784
44.957350, 257.737055
46.512296, 258.404326
48.053022, 259.071597
49.579055, 259.738868
51.089931, 260.406139
52.585186, 261.073410
54.064363, 261.740680
55.527011, 262.407951
56.972682, 263.075222
58.400934, 263.742493
59.811330, 264.409764
61.203439, 265.077035
62.576836, 265.744306
63.931101, 266.411576
65.265819, 267.078847
66.580583, 267.746118
67.874990, 268.413389
69.148645, 269.080660
70.401158, 269.747931
71.632147, 270.415202
72.841235, 271.082472
74.028052, 271.749743
75.192236, 272.417014
76.333430, 273.084285
77.451286, 273.751556
78.545462, 274.418827
79.615623, 275.086098
80.661443, 275.753368
81.682600, 276.420639
82.678784, 277.087910
83.649690, 277.755181
84.595020, 278.422452
85.514487, 279.089723
86.407807, 279.756994
87.274710, 280.424264
88.114928, 281.091535
88.928207, 281.758806
89.714296, 282.426077
90.472956, 283.093348
91.203954, 283.760619
91.907068, 284.427890
92.582082, 285.095161
93.228789, 285.762431
93.846993, 286.429702
94.436503, 287.096973
94.997141, 287.764244
95.528733, 288.431515
96.031119, 289.098786
96.504144, 289.766057
96.947664, 290.433327
97.361542, 291.100598
97.745653, 291.767869
98.099879, 292.435140
98.424112, 293.102411
98.718253, 293.769682
98.982211, 294.436953
99.215906, 295.104223
99.419267, 295.771494
99.592231, 296.438765
99.734745, 297.106036
99.846767, 297.773307
99.928261, 298.440578
99.979203, 299.107849
99.999577, 299.775119
99.989377, 300.442390
99.948606, 301.109661
99.877276, 301.776932
99.775410, 302.444203
99.643038, 303.111474
99.480202, 303.778745
99.286950, 304.446015
99.063342, 305.113286
98.809445, 305.780557
98.525339, 306.447828
98.211110, 307.115099
97.866853, 307.782370
97.492674, 308.449641
97.088688, 309.116911
96.655017, 309.784182
96.191795, 310.451453
95.699164, 311.118724
95.177273, 311.785995
94.626282, 312.453266
94.046360, 313.120537
93.437684, 313.787808
92.800440, 314.455078
92.134823, 315.122349
91.441037, 315.789620
90.719294, 316.456891
89.969814, 317.124162
89.192826, 317.791433
88.388568, 318.458704
87.557286, 319.125974
86.699234, 319.793245
85.814675, 320.460516
84.903878, 321.127787
83.967123, 321.795058
83.004696, 322.462329
82.016890, 323.129600
81.004009, 323.796870
79.966361, 324.464141
78.904264, 325.131412
77.818043, 325.798683
76.708029, 326.465954
75.574563, 327.133225
74.417990, 327.800496
73.238665, 328.467766
72.036948, 329.135037
70.813205, 329.802308
69.567813, 330.469579
68.301150, 331.136850
67.013605, 331.804121
65.705571, 332.471392
64.377448, 333.138662
63.029642, 333.805933
61.662566, 334.473204
60.276636, 335.140475
58.872278, 335.807746
57.449920, 336.475017
56.009996, 337.142288
54.552949, 337.809558
53.079222, 338.476829
51.589267, 339.144100
50.083538, 339.811371
48.562497, 340.478642
47.026609, 341.145913
45.476342, 341.813184
43.912171, 342.480454
42.334575, 343.147725
40.744035, 343.814996
39.141038, 344.482267
37.526074, 345.149538
35.899636, 345.816809
34.262223, 346.484080
32.614334, 347.151351
30.956474, 347.818621
29.289149, 348.485892
27.612869, 349.153163
25.928146, 349.820434
24.235497, 350.487705
22.535437, 351.154976
20.828488, 351.822247
19.115170, 352.489517
17.396008, 353.156788
15.671527, 353.824059
13.942255, 354.491330
12.208720, 355.158601
10.471452, 355.825872
8.730983, 356.493143
6.987845, 357.160413
5.242570, 357.827684
3.495692, 358.494955
1.747745, 359.162226
0.000736, 179.829497
1.749217, 180.496768
3.497163, 181.164039
5.244040, 181.831309
6.989313, 182.498580
8.732450, 183.165851
10.472917, 183.833122
12.210181, 184.500393
13.943713, 185.167664
15.672981, 185.834935
17.397458, 186.502205
19.116615, 187.169476
20.829927, 187.836747
22.536871, 188.504018
24.236925, 189.171289
25.929568, 189.838560
27.614284, 190.505831
29.290556, 191.173101
30.957874, 191.840372
32.615726, 192.507643
34.263606, 193.174914
35.901011, 193.842185
37.527439, 194.509456
39.142393, 195.176727
40.745379, 195.843998
42.335909, 196.511268
43.913494, 197.178539
45.477653, 197.845810
47.027908, 198.513081
48.563784, 199.180352
50.084812, 199.847623
51.590528, 200.514894
53.080470, 201.182164
54.554183, 201.849435
56.011216, 202.516706
57.451125, 203.183977
58.873468, 203.851248
60.277811, 204.518519
61.663725, 205.185790
63.030785, 205.853060
64.378575, 206.520331
65.706681, 207.187602
67.014698, 207.854873
68.302225, 208.522144
69.568870, 209.189415
70.814245, 209.856686
72.037969, 210.523956
73.239667, 211.191227
74.418974, 211.858498
75.575527, 212.525769
76.708974, 213.193040
77.818967, 213.860311
78.905168, 214.527582
79.967245, 215.194852
81.004872, 215.862123
82.017733, 216.529394
83.005517, 217.196665
83.967923, 217.863936
84.904656, 218.531207
85.815431, 219.198478
86.699968, 219.865748
87.557997, 220.533019
88.389257, 221.200290
89.193491, 221.867561
89.970456, 222.534832
90.719913, 223.202103
91.441633, 223.869374
92.135396, 224.536645
92.800989, 225.203915
93.438208, 225.871186
94.046860, 226.538457
94.626758, 227.205728
95.177724, 227.872999
95.699591, 228.540270
96.192198, 229.207541
96.655395, 229.874811
97.089040, 230.542082
97.493002, 231.209353
97.867155, 231.876624
98.211387, 232.543895
98.525591, 233.211166
98.809672, 233.878437
99.063543, 234.545707
99.287125, 235.212978
99.480352, 235.880249
99.643163, 236.547520
99.775509, 237.214791
99.877349, 237.882062
99.948653, 238.549333
99.989398, 239.216603
99.999572, 239.883874
99.979173, 240.551145
99.928205, 241.218416
99.846685, 241.885687
99.734638, 242.552958
99.592098, 243.220229
99.419108, 243.887499
99.215722, 244.554770
98.982001, 245.222041
98.718018, 245.889312
98.423852, 246.556583
98.099594, 247.223854
97.745342, 247.891125
97.361206, 248.558395
96.947303, 249.225666
96.503758, 249.892937
96.030708, 250.560208
95.528298, 251.227479
94.996681, 251.894750
94.436019, 252.562021
93.846484, 253.229292
93.228257, 253.896562
92.581525, 254.563833
91.906488, 255.231104
91.203351, 255.898375
90.472329, 256.565646
89.713646, 257.232917
88.927533, 257.900188
88.114232, 258.567458
87.273991, 259.234729
86.407066, 259.902000
85.513723, 260.569271
84.594235, 261.236542
83.648883, 261.903813
82.677956, 262.571084
81.681751, 263.238354
80.660572, 263.905625
79.614732, 264.572896
78.544551, 265.240167
77.450355, 265.907438
76.332479, 266.574709
75.191265, 267.241980
74.027062, 267.909250
72.840226, 268.576521
71.631120, 269.243792
70.400113, 269.911063
69.147582, 270.578334
67.873909, 271.245605
66.579484, 271.912876
65.264704, 272.580146
63.929969, 273.247417
62.575688, 273.914688
61.202275, 274.581959
59.810150, 275.249230
58.399739, 275.916501
56.971472, 276.583772
55.525787, 277.251042
54.063125, 277.918313
52.583933, 278.585584
51.088665, 279.252855
49.577777, 279.920126
48.051731, 280.587397
46.510993, 281.254668
44.956035, 281.921939
43.387332, 282.589209
41.805363, 283.256480
40.210613, 283.923751
38.603569, 284.591022
36.984722, 285.258293
35.354568, 285.925564
33.713604, 286.592835
32.062332, 287.260105
30.401258, 287.927376
28.730888, 288.594647
27.051735, 289.261918
25.364310, 289.929189
23.669131, 290.596460
21.966715, 291.263731
20.257583, 291.931001
18.542257, 292.598272
16.821262, 293.265543
15.095124, 293.932814
13.364371, 294.600085
11.629532, 295.267356
9.891137, 295.934627
8.149718, 296.601897
6.405808, 297.269168
4.659939, 297.936439
2.912645, 298.603710
1.164460, 299.270981
0.584080, 119.938252
2.332442, 120.605523
4.080091, 121.272793
5.826492, 121.940064
7.571112, 122.607335
9.313417, 123.274606
11.052875, 123.941877
12.788953, 124.609148
14.521121, 125.276419
16.248849, 125.943689
17.971610, 126.610960
19.688876, 127.278231
21.400122, 127.945502
23.104825, 128.612773
24.802464, 129.280044
26.492520, 129.947315
28.174476, 130.614585
29.847818, 131.281856
31.512034, 131.949127
33.166615, 132.616398
34.811056, 133.283669
36.444854, 133.950940
38.067510, 134.618211
39.678526, 135.285482
41.277411, 135.952752
42.863676, 136.620023
44.436836, 137.287294
45.996409, 137.954565
47.541919, 138.621836
49.072894, 139.289107
50.588865, 139.956378
52.089369, 140.623648
53.573947, 141.290919
55.042146, 141.958190
56.493515, 142.625461
57.927612, 143.292732
59.343999, 143.960003
60.742241, 144.627274
62.121912, 145.294544
63.482589, 145.961815
64.823858, 146.629086
66.145307, 147.296357
67.446532, 147.963628
68.727136, 148.630899
69.986728, 149.298170
71.224922, 149.965440
72.441339, 150.632711
73.635608, 151.299982
74.807363, 151.967253
75.956247, 152.634524
77.081907, 153.301795
78.184001, 153.969066
79.262190, 154.636336
80.316145, 155.303607
81.345545, 155.970878
82.350074, 156.638149
83.329425, 157.305420
84.283298, 157.972691
85.211403, 158.639962
86.113455, 159.307232
86.989178, 159.974503
87.838305, 160.641774
88.660577, 161.309045
89.455741, 161.976316
90.223555, 162.643587
90.963783, 163.310858
91.676200, 163.978129
92.360588, 164.645399
93.016738, 165.312670
93.644448, 165.979941
94.243527, 166.647212
94.813792, 167.314483
95.355069, 167.981754
95.867191, 168.649025
96.350003, 169.316295
96.803357, 169.983566
97.227114, 170.650837
97.621144, 171.318108
97.985327, 171.985379
98.319553, 172.652650
98.623717, 173.319921
98.897729, 173.987191
99.141503, 174.654462
99.354966, 175.321733
99.538051, 175.989004
99.690704, 176.656275
99.812877, 177.323546
99.904533, 177.990817
99.965644, 178.658087
99.996191, 179.325358
99.996165, 179.992629
99.965567, 180.659900
99.904404, 181.327171
99.812697, 181.994442
99.690472, 182.661713
99.537768, 183.328983
99.354632, 183.996254
99.141118, 184.663525
98.897293, 185.330796
98.623231, 185.998067
98.319015, 186.665338
97.984739, 187.332609
97.620505, 187.999879
97.226425, 188.667150
96.802618, 189.334421
96.349215, 190.001692
95.866354, 190.668963
95.354182, 191.336234
94.812856, 192.003505
94.242543, 192.670776
93.643415, 193.338046
93.015657, 194.005317
92.359460, 194.672588
91.675024, 195.339859
90.962560, 196.007130
90.222285, 196.674401
89.454425, 197.341672
88.659215, 198.008942
87.836898, 198.676213
86.987726, 199.343484
86.111958, 200.010755
85.209862, 200.678026
84.281714, 201.345297
83.327797, 202.012568
82.348403, 202.679838
81.343832, 203.347109
80.314391, 204.014380
79.260395, 204.681651
78.182165, 205.348922
77.080031, 206.016193
75.954331, 206.683464
74.805409, 207.350734
73.633615, 208.018005
72.439309, 208.685276
71.222855, 209.352547
69.984625, 210.019818
68.724997, 210.687089
67.444358, 211.354360
66.143098, 212.021630
64.821616, 212.688901
63.480314, 213.356172
62.119604, 214.023443
60.739902, 214.690714
59.341629, 215.357985
57.925212, 216.025256
56.491086, 216.692526
55.039687, 217.359797
53.571461, 218.027068
52.086856, 218.694339
50.586325, 219.361610
49.070328, 220.028881
47.539329, 220.696152
45.993794, 221.363423
44.434198, 222.030693
42.861016, 222.697964
41.274729, 223.365235
39.675823, 224.032506
38.064787, 224.699777
36.442112, 225.367048
34.808296, 226.034319
33.163837, 226.701589
31.509239, 227.368860
29.845007, 228.036131
28.171650, 228.703402
26.489680, 229.370673
24.799611, 230.037944
23.101960, 230.705215
21.397245, 231.372485
19.685989, 232.039756
17.968713, 232.707027
16.245944, 233.374298
14.518208, 234.041569
12.786033, 234.708840
11.049948, 235.376111
9.310485, 236.043381
7.568176, 236.710652
##END=
