##TITLE= Parameter file, TopSpin 4.3.0
##JCAMPDX= 5.0
##DATATYPE= Parameter Values
##ORIGIN= Bruker BioSpin GmbH
##OWNER= nmrsu
$$ 2024-02-28 16:47:05.966 +0000  nmrsu@4CE1161FJM
$$ C:/Bruker/TopSpin4.3.0/exp/stan/nmr/lists/wave/user/multisupp_aux_d8
$$ process C:\Bruker\TopSpin4.3.0\prog\mod\xwinshape.exe
##MINX= 100.00000000
##MAXX= 100.00000000
##MINY= 0.02326900
##MAXY= 359.97673100
##$SHAPE_ADDPHASE= 0
##$SHAPE_AMP= 100
##$SHAPE_BWFAC= 0
##$SHAPE_BWFAC50= 0
##$SHAPE_CALCBW= yes
##$SHAPE_CALCINTEG= yes
##$SHAPE_EXMODE= <Excitation>
##$SHAPE_EXPAND= <>
##$SHAPE_EXPANDCF= (0..143)
0 0 0 0 0 0 0 0 0 0 0 0 0 0 0 0 0 0 0 0 0 0 0 0 0 0 0 0 0 0 0 0 0 0 0 0
0 0 0 0 0 0 0 0 0 0 0 0 0 0 0 0 0 0 0 0 0 0 0 0 0 0 0 0 0 0 0 0 0 0 0 0
0 0 0 0 0 0 0 0 0 0 0 0 0 0 0 0 0 0 0 0 0 0 0 0 0 0 0 0 0 0 0 0 0 0 0 0
0 0 0 0 0 0 0 0 0 0 0 0 0 0 0 0 0 0 0 0 0 0 0 0 0 0 0 0 0 0 0 0 0 0 0 0
##$SHAPE_EXPFAC= 0
##$SHAPE_FRACEND= 0
##$SHAPE_FRACORG= 0
##$SHAPE_FRACSTART= 0
##$SHAPE_INTEGFAC= 0
##$SHAPE_KEEPRES= yes
##$SHAPE_LENGTH= 25000.000373
##$SHAPE_MAN= <M>
##$SHAPE_MODE= 1
##$SHAPE_MODFREQ= 0
##$SHAPE_MODPHASE= 0
##$SHAPE_MODSCALE= 0
##$SHAPE_MODSW= 0
##$SHAPE_MODSWDIR= -1
##$SHAPE_NPOINTS= 1250
##$SHAPE_OFFS= <1 1>
##$SHAPE_OFFSCOEFF= (0..95)
-215.03986 0 100 0 0 0 0 0 0 0 0 0 0 0 0 0 0 0 0 0 0 0 0 0 0 0 0 0 0 0
0 0 0 0 0 0 0 0 0 0 0 0 0 0 0 0 0 0 0 0 0 0 0 0 0 0 0 0 0 0 0 0 0 0 0 0
0 0 0 0 0 0 0 0 0 0 0 0 0 0 0 0 0 0 0 0 0 0 0 0 0 0 0 0 0 0
##$SHAPE_PARAMETER= <>
##$SHAPE_REPHFAC= 0
##$SHAPE_RES= 0
##$SHAPE_SCALEFAC= 1
##$SHAPE_SCALETYPE= 0
##$SHAPE_SPOAL= 0
##$SHAPE_SPOFFS= 0
##$SHAPE_SPOPH= 0
##$SHAPE_TOTROT= 90
##$SHAPE_TYPE= <Excitation>
##$SHAPE_USER_DEF= <>
##$SHAPE_VERSION= 2.1
##$SHL_ADDPHASE= (0..15)
0 0 0 0 0 0 0 0 0 0 0 0 0 0 0 0
##$SHL_ALIGNOFFSET= (0..15)
0 0 0 0 0 0 0 0 0 0 0 0 0 0 0 0
##$SHL_AMP= (0..15)
100 0 0 0 0 0 0 0 0 0 0 0 0 0 0 0
##$SHL_AMPFAC= (0..15)
0 0 0 0 0 0 0 0 0 0 0 0 0 0 0 0
##$SHL_BETA= (0..15)
0 0 0 0 0 0 0 0 0 0 0 0 0 0 0 0
##$SHL_BWFAC= (0..15)
1.116 0 0 0 0 0 0 0 0 0 0 0 0 0 0 0
##$SHL_CALCBW= (0..15)
yes yes yes yes yes yes yes yes yes yes yes yes yes yes yes yes
##$SHL_CALCINTEG= (0..15)
yes yes yes yes yes yes yes yes yes yes yes yes yes yes yes yes
##$SHL_CENTERAMP= (0..15)
0 0 0 0 0 0 0 0 0 0 0 0 0 0 0 0
##$SHL_CYCNUM= (0..15)
0 0 0 0 0 0 0 0 0 0 0 0 0 0 0 0
##$SHL_DIPOLCPL= (0..15)
0 0 0 0 0 0 0 0 0 0 0 0 0 0 0 0
##$SHL_ENDAMP= (0..15)
0 0 0 0 0 0 0 0 0 0 0 0 0 0 0 0
##$SHL_EXMODE= (0..15)
<Excitation> <> <> <> <> <> <> <> <> <> <> <> <> <> <> <>
##$SHL_EXPAND= (0..15)
<> <> <> <> <> <> <> <> <> <> <> <> <> <> <> <>
##$SHL_EXPANDCF0= (0..143)
0 0 0 0 0 0 0 0 0 0 0 0 0 0 0 0 0 0 0 0 0 0 0 0 0 0 0 0 0 0 0 0 0 0 0 0
0 0 0 0 0 0 0 0 0 0 0 0 0 0 0 0 0 0 0 0 0 0 0 0 0 0 0 0 0 0 0 0 0 0 0 0
0 0 0 0 0 0 0 0 0 0 0 0 0 0 0 0 0 0 0 0 0 0 0 0 0 0 0 0 0 0 0 0 0 0 0 0
0 0 0 0 0 0 0 0 0 0 0 0 0 0 0 0 0 0 0 0 0 0 0 0 0 0 0 0 0 0 0 0 0 0 0 0
##$SHL_EXPANDCF1= (0..143)
0 0 0 0 0 0 0 0 0 0 0 0 0 0 0 0 0 0 0 0 0 0 0 0 0 0 0 0 0 0 0 0 0 0 0 0
0 0 0 0 0 0 0 0 0 0 0 0 0 0 0 0 0 0 0 0 0 0 0 0 0 0 0 0 0 0 0 0 0 0 0 0
0 0 0 0 0 0 0 0 0 0 0 0 0 0 0 0 0 0 0 0 0 0 0 0 0 0 0 0 0 0 0 0 0 0 0 0
0 0 0 0 0 0 0 0 0 0 0 0 0 0 0 0 0 0 0 0 0 0 0 0 0 0 0 0 0 0 0 0 0 0 0 0
##$SHL_EXPANDCF10= (0..143)
0 0 0 0 0 0 0 0 0 0 0 0 0 0 0 0 0 0 0 0 0 0 0 0 0 0 0 0 0 0 0 0 0 0 0 0
0 0 0 0 0 0 0 0 0 0 0 0 0 0 0 0 0 0 0 0 0 0 0 0 0 0 0 0 0 0 0 0 0 0 0 0
0 0 0 0 0 0 0 0 0 0 0 0 0 0 0 0 0 0 0 0 0 0 0 0 0 0 0 0 0 0 0 0 0 0 0 0
0 0 0 0 0 0 0 0 0 0 0 0 0 0 0 0 0 0 0 0 0 0 0 0 0 0 0 0 0 0 0 0 0 0 0 0
##$SHL_EXPANDCF11= (0..143)
0 0 0 0 0 0 0 0 0 0 0 0 0 0 0 0 0 0 0 0 0 0 0 0 0 0 0 0 0 0 0 0 0 0 0 0
0 0 0 0 0 0 0 0 0 0 0 0 0 0 0 0 0 0 0 0 0 0 0 0 0 0 0 0 0 0 0 0 0 0 0 0
0 0 0 0 0 0 0 0 0 0 0 0 0 0 0 0 0 0 0 0 0 0 0 0 0 0 0 0 0 0 0 0 0 0 0 0
0 0 0 0 0 0 0 0 0 0 0 0 0 0 0 0 0 0 0 0 0 0 0 0 0 0 0 0 0 0 0 0 0 0 0 0
##$SHL_EXPANDCF12= (0..143)
0 0 0 0 0 0 0 0 0 0 0 0 0 0 0 0 0 0 0 0 0 0 0 0 0 0 0 0 0 0 0 0 0 0 0 0
0 0 0 0 0 0 0 0 0 0 0 0 0 0 0 0 0 0 0 0 0 0 0 0 0 0 0 0 0 0 0 0 0 0 0 0
0 0 0 0 0 0 0 0 0 0 0 0 0 0 0 0 0 0 0 0 0 0 0 0 0 0 0 0 0 0 0 0 0 0 0 0
0 0 0 0 0 0 0 0 0 0 0 0 0 0 0 0 0 0 0 0 0 0 0 0 0 0 0 0 0 0 0 0 0 0 0 0
##$SHL_EXPANDCF13= (0..143)
0 0 0 0 0 0 0 0 0 0 0 0 0 0 0 0 0 0 0 0 0 0 0 0 0 0 0 0 0 0 0 0 0 0 0 0
0 0 0 0 0 0 0 0 0 0 0 0 0 0 0 0 0 0 0 0 0 0 0 0 0 0 0 0 0 0 0 0 0 0 0 0
0 0 0 0 0 0 0 0 0 0 0 0 0 0 0 0 0 0 0 0 0 0 0 0 0 0 0 0 0 0 0 0 0 0 0 0
0 0 0 0 0 0 0 0 0 0 0 0 0 0 0 0 0 0 0 0 0 0 0 0 0 0 0 0 0 0 0 0 0 0 0 0
##$SHL_EXPANDCF14= (0..143)
0 0 0 0 0 0 0 0 0 0 0 0 0 0 0 0 0 0 0 0 0 0 0 0 0 0 0 0 0 0 0 0 0 0 0 0
0 0 0 0 0 0 0 0 0 0 0 0 0 0 0 0 0 0 0 0 0 0 0 0 0 0 0 0 0 0 0 0 0 0 0 0
0 0 0 0 0 0 0 0 0 0 0 0 0 0 0 0 0 0 0 0 0 0 0 0 0 0 0 0 0 0 0 0 0 0 0 0
0 0 0 0 0 0 0 0 0 0 0 0 0 0 0 0 0 0 0 0 0 0 0 0 0 0 0 0 0 0 0 0 0 0 0 0
##$SHL_EXPANDCF15= (0..143)
0 0 0 0 0 0 0 0 0 0 0 0 0 0 0 0 0 0 0 0 0 0 0 0 0 0 0 0 0 0 0 0 0 0 0 0
0 0 0 0 0 0 0 0 0 0 0 0 0 0 0 0 0 0 0 0 0 0 0 0 0 0 0 0 0 0 0 0 0 0 0 0
0 0 0 0 0 0 0 0 0 0 0 0 0 0 0 0 0 0 0 0 0 0 0 0 0 0 0 0 0 0 0 0 0 0 0 0
0 0 0 0 0 0 0 0 0 0 0 0 0 0 0 0 0 0 0 0 0 0 0 0 0 0 0 0 0 0 0 0 0 0 0 0
##$SHL_EXPANDCF2= (0..143)
0 0 0 0 0 0 0 0 0 0 0 0 0 0 0 0 0 0 0 0 0 0 0 0 0 0 0 0 0 0 0 0 0 0 0 0
0 0 0 0 0 0 0 0 0 0 0 0 0 0 0 0 0 0 0 0 0 0 0 0 0 0 0 0 0 0 0 0 0 0 0 0
0 0 0 0 0 0 0 0 0 0 0 0 0 0 0 0 0 0 0 0 0 0 0 0 0 0 0 0 0 0 0 0 0 0 0 0
0 0 0 0 0 0 0 0 0 0 0 0 0 0 0 0 0 0 0 0 0 0 0 0 0 0 0 0 0 0 0 0 0 0 0 0
##$SHL_EXPANDCF3= (0..143)
0 0 0 0 0 0 0 0 0 0 0 0 0 0 0 0 0 0 0 0 0 0 0 0 0 0 0 0 0 0 0 0 0 0 0 0
0 0 0 0 0 0 0 0 0 0 0 0 0 0 0 0 0 0 0 0 0 0 0 0 0 0 0 0 0 0 0 0 0 0 0 0
0 0 0 0 0 0 0 0 0 0 0 0 0 0 0 0 0 0 0 0 0 0 0 0 0 0 0 0 0 0 0 0 0 0 0 0
0 0 0 0 0 0 0 0 0 0 0 0 0 0 0 0 0 0 0 0 0 0 0 0 0 0 0 0 0 0 0 0 0 0 0 0
##$SHL_EXPANDCF4= (0..143)
0 0 0 0 0 0 0 0 0 0 0 0 0 0 0 0 0 0 0 0 0 0 0 0 0 0 0 0 0 0 0 0 0 0 0 0
0 0 0 0 0 0 0 0 0 0 0 0 0 0 0 0 0 0 0 0 0 0 0 0 0 0 0 0 0 0 0 0 0 0 0 0
0 0 0 0 0 0 0 0 0 0 0 0 0 0 0 0 0 0 0 0 0 0 0 0 0 0 0 0 0 0 0 0 0 0 0 0
0 0 0 0 0 0 0 0 0 0 0 0 0 0 0 0 0 0 0 0 0 0 0 0 0 0 0 0 0 0 0 0 0 0 0 0
##$SHL_EXPANDCF5= (0..143)
0 0 0 0 0 0 0 0 0 0 0 0 0 0 0 0 0 0 0 0 0 0 0 0 0 0 0 0 0 0 0 0 0 0 0 0
0 0 0 0 0 0 0 0 0 0 0 0 0 0 0 0 0 0 0 0 0 0 0 0 0 0 0 0 0 0 0 0 0 0 0 0
0 0 0 0 0 0 0 0 0 0 0 0 0 0 0 0 0 0 0 0 0 0 0 0 0 0 0 0 0 0 0 0 0 0 0 0
0 0 0 0 0 0 0 0 0 0 0 0 0 0 0 0 0 0 0 0 0 0 0 0 0 0 0 0 0 0 0 0 0 0 0 0
##$SHL_EXPANDCF6= (0..143)
0 0 0 0 0 0 0 0 0 0 0 0 0 0 0 0 0 0 0 0 0 0 0 0 0 0 0 0 0 0 0 0 0 0 0 0
0 0 0 0 0 0 0 0 0 0 0 0 0 0 0 0 0 0 0 0 0 0 0 0 0 0 0 0 0 0 0 0 0 0 0 0
0 0 0 0 0 0 0 0 0 0 0 0 0 0 0 0 0 0 0 0 0 0 0 0 0 0 0 0 0 0 0 0 0 0 0 0
0 0 0 0 0 0 0 0 0 0 0 0 0 0 0 0 0 0 0 0 0 0 0 0 0 0 0 0 0 0 0 0 0 0 0 0
##$SHL_EXPANDCF7= (0..143)
0 0 0 0 0 0 0 0 0 0 0 0 0 0 0 0 0 0 0 0 0 0 0 0 0 0 0 0 0 0 0 0 0 0 0 0
0 0 0 0 0 0 0 0 0 0 0 0 0 0 0 0 0 0 0 0 0 0 0 0 0 0 0 0 0 0 0 0 0 0 0 0
0 0 0 0 0 0 0 0 0 0 0 0 0 0 0 0 0 0 0 0 0 0 0 0 0 0 0 0 0 0 0 0 0 0 0 0
0 0 0 0 0 0 0 0 0 0 0 0 0 0 0 0 0 0 0 0 0 0 0 0 0 0 0 0 0 0 0 0 0 0 0 0
##$SHL_EXPANDCF8= (0..143)
0 0 0 0 0 0 0 0 0 0 0 0 0 0 0 0 0 0 0 0 0 0 0 0 0 0 0 0 0 0 0 0 0 0 0 0
0 0 0 0 0 0 0 0 0 0 0 0 0 0 0 0 0 0 0 0 0 0 0 0 0 0 0 0 0 0 0 0 0 0 0 0
0 0 0 0 0 0 0 0 0 0 0 0 0 0 0 0 0 0 0 0 0 0 0 0 0 0 0 0 0 0 0 0 0 0 0 0
0 0 0 0 0 0 0 0 0 0 0 0 0 0 0 0 0 0 0 0 0 0 0 0 0 0 0 0 0 0 0 0 0 0 0 0
##$SHL_EXPANDCF9= (0..143)
0 0 0 0 0 0 0 0 0 0 0 0 0 0 0 0 0 0 0 0 0 0 0 0 0 0 0 0 0 0 0 0 0 0 0 0
0 0 0 0 0 0 0 0 0 0 0 0 0 0 0 0 0 0 0 0 0 0 0 0 0 0 0 0 0 0 0 0 0 0 0 0
0 0 0 0 0 0 0 0 0 0 0 0 0 0 0 0 0 0 0 0 0 0 0 0 0 0 0 0 0 0 0 0 0 0 0 0
0 0 0 0 0 0 0 0 0 0 0 0 0 0 0 0 0 0 0 0 0 0 0 0 0 0 0 0 0 0 0 0 0 0 0 0
##$SHL_EXPFAC= (0..15)
0 0 0 0 0 0 0 0 0 0 0 0 0 0 0 0
##$SHL_FRACEND= (0..15)
0 0 0 0 0 0 0 0 0 0 0 0 0 0 0 0
##$SHL_FRACORG= (0..15)
0 0 0 0 0 0 0 0 0 0 0 0 0 0 0 0
##$SHL_FRACSTART= (0..15)
0 0 0 0 0 0 0 0 0 0 0 0 0 0 0 0
##$SHL_FULLHALF= (0..15)
0 0 0 0 0 0 0 0 0 0 0 0 0 0 0 0
##$SHL_FUNCAMP= (0..15)
100 0 0 0 0 0 0 0 0 0 0 0 0 0 0 0
##$SHL_FUNCTION= (0..15)
<Rectangle> <> <> <> <> <> <> <> <> <> <> <> <> <> <> <>
##$SHL_GCO= (0..15)
<> <> <> <> <> <> <> <> <> <> <> <> <> <> <> <>
##$SHL_GCOCOEFFS0= (0..59)
0 0 0 0 0 0 0 0 0 0 0 0 0 0 0 0 0 0 0 0 0 0 0 0 0 0 0 0 0 0 0 0 0 0 0 0
0 0 0 0 0 0 0 0 0 0 0 0 0 0 0 0 0 0 0 0 0 0 0 0
##$SHL_GCOCOEFFS1= (0..59)
0 0 0 0 0 0 0 0 0 0 0 0 0 0 0 0 0 0 0 0 0 0 0 0 0 0 0 0 0 0 0 0 0 0 0 0
0 0 0 0 0 0 0 0 0 0 0 0 0 0 0 0 0 0 0 0 0 0 0 0
##$SHL_GCOCOEFFS10= (0..59)
0 0 0 0 0 0 0 0 0 0 0 0 0 0 0 0 0 0 0 0 0 0 0 0 0 0 0 0 0 0 0 0 0 0 0 0
0 0 0 0 0 0 0 0 0 0 0 0 0 0 0 0 0 0 0 0 0 0 0 0
##$SHL_GCOCOEFFS11= (0..59)
0 0 0 0 0 0 0 0 0 0 0 0 0 0 0 0 0 0 0 0 0 0 0 0 0 0 0 0 0 0 0 0 0 0 0 0
0 0 0 0 0 0 0 0 0 0 0 0 0 0 0 0 0 0 0 0 0 0 0 0
##$SHL_GCOCOEFFS12= (0..59)
0 0 0 0 0 0 0 0 0 0 0 0 0 0 0 0 0 0 0 0 0 0 0 0 0 0 0 0 0 0 0 0 0 0 0 0
0 0 0 0 0 0 0 0 0 0 0 0 0 0 0 0 0 0 0 0 0 0 0 0
##$SHL_GCOCOEFFS13= (0..59)
0 0 0 0 0 0 0 0 0 0 0 0 0 0 0 0 0 0 0 0 0 0 0 0 0 0 0 0 0 0 0 0 0 0 0 0
0 0 0 0 0 0 0 0 0 0 0 0 0 0 0 0 0 0 0 0 0 0 0 0
##$SHL_GCOCOEFFS14= (0..59)
0 0 0 0 0 0 0 0 0 0 0 0 0 0 0 0 0 0 0 0 0 0 0 0 0 0 0 0 0 0 0 0 0 0 0 0
0 0 0 0 0 0 0 0 0 0 0 0 0 0 0 0 0 0 0 0 0 0 0 0
##$SHL_GCOCOEFFS15= (0..59)
0 0 0 0 0 0 0 0 0 0 0 0 0 0 0 0 0 0 0 0 0 0 0 0 0 0 0 0 0 0 0 0 0 0 0 0
0 0 0 0 0 0 0 0 0 0 0 0 0 0 0 0 0 0 0 0 0 0 0 0
##$SHL_GCOCOEFFS2= (0..59)
0 0 0 0 0 0 0 0 0 0 0 0 0 0 0 0 0 0 0 0 0 0 0 0 0 0 0 0 0 0 0 0 0 0 0 0
0 0 0 0 0 0 0 0 0 0 0 0 0 0 0 0 0 0 0 0 0 0 0 0
##$SHL_GCOCOEFFS3= (0..59)
0 0 0 0 0 0 0 0 0 0 0 0 0 0 0 0 0 0 0 0 0 0 0 0 0 0 0 0 0 0 0 0 0 0 0 0
0 0 0 0 0 0 0 0 0 0 0 0 0 0 0 0 0 0 0 0 0 0 0 0
##$SHL_GCOCOEFFS4= (0..59)
0 0 0 0 0 0 0 0 0 0 0 0 0 0 0 0 0 0 0 0 0 0 0 0 0 0 0 0 0 0 0 0 0 0 0 0
0 0 0 0 0 0 0 0 0 0 0 0 0 0 0 0 0 0 0 0 0 0 0 0
##$SHL_GCOCOEFFS5= (0..59)
0 0 0 0 0 0 0 0 0 0 0 0 0 0 0 0 0 0 0 0 0 0 0 0 0 0 0 0 0 0 0 0 0 0 0 0
0 0 0 0 0 0 0 0 0 0 0 0 0 0 0 0 0 0 0 0 0 0 0 0
##$SHL_GCOCOEFFS6= (0..59)
0 0 0 0 0 0 0 0 0 0 0 0 0 0 0 0 0 0 0 0 0 0 0 0 0 0 0 0 0 0 0 0 0 0 0 0
0 0 0 0 0 0 0 0 0 0 0 0 0 0 0 0 0 0 0 0 0 0 0 0
##$SHL_GCOCOEFFS7= (0..59)
0 0 0 0 0 0 0 0 0 0 0 0 0 0 0 0 0 0 0 0 0 0 0 0 0 0 0 0 0 0 0 0 0 0 0 0
0 0 0 0 0 0 0 0 0 0 0 0 0 0 0 0 0 0 0 0 0 0 0 0
##$SHL_GCOCOEFFS8= (0..59)
0 0 0 0 0 0 0 0 0 0 0 0 0 0 0 0 0 0 0 0 0 0 0 0 0 0 0 0 0 0 0 0 0 0 0 0
0 0 0 0 0 0 0 0 0 0 0 0 0 0 0 0 0 0 0 0 0 0 0 0
##$SHL_GCOCOEFFS9= (0..59)
0 0 0 0 0 0 0 0 0 0 0 0 0 0 0 0 0 0 0 0 0 0 0 0 0 0 0 0 0 0 0 0 0 0 0 0
0 0 0 0 0 0 0 0 0 0 0 0 0 0 0 0 0 0 0 0 0 0 0 0
##$SHL_INTEGFAC= (0..15)
1 0 0 0 0 0 0 0 0 0 0 0 0 0 0 0
##$SHL_LB= (0..15)
0 0 0 0 0 0 0 0 0 0 0 0 0 0 0 0
##$SHL_LEFTLIMIT= (0..15)
0 0 0 0 0 0 0 0 0 0 0 0 0 0 0 0
##$SHL_LENGTH= (0..15)
25000.000373 0 0 0 0 0 0 0 0 0 0 0 0 0 0 0
##$SHL_MAN= (0..15)
<> <> <> <> <> <> <> <> <> <> <> <> <> <> <> <>
##$SHL_MEANAMP= (0..15)
0 0 0 0 0 0 0 0 0 0 0 0 0 0 0 0
##$SHL_MODAMP= (0..15)
0 0 0 0 0 0 0 0 0 0 0 0 0 0 0 0
##$SHL_MODE= (0..15)
0 0 0 0 0 0 0 0 0 0 0 0 0 0 0 0
##$SHL_MODFREQ= (0..15)
0 0 0 0 0 0 0 0 0 0 0 0 0 0 0 0
##$SHL_MODPHASE= (0..15)
0 0 0 0 0 0 0 0 0 0 0 0 0 0 0 0
##$SHL_MODSCALE= (0..15)
0 0 0 0 0 0 0 0 0 0 0 0 0 0 0 0
##$SHL_MODSW= (0..15)
0 0 0 0 0 0 0 0 0 0 0 0 0 0 0 0
##$SHL_MODSWDIR= (0..15)
-1 -1 -1 -1 -1 -1 -1 -1 -1 -1 -1 -1 -1 -1 -1 -1
##$SHL_MU= (0..15)
0 0 0 0 0 0 0 0 0 0 0 0 0 0 0 0
##$SHL_NPOINTS= (0..15)
1250 0 0 0 0 0 0 0 0 0 0 0 0 0 0 0
##$SHL_OFFS= (0..15)
<> <> <> <> <> <> <> <> <> <> <> <> <> <> <> <>
##$SHL_OFFSCOEFF0= (0..95)
0 0 0 0 0 0 0 0 0 0 0 0 0 0 0 0 0 0 0 0 0 0 0 0 0 0 0 0 0 0 0 0 0 0 0 0
0 0 0 0 0 0 0 0 0 0 0 0 0 0 0 0 0 0 0 0 0 0 0 0 0 0 0 0 0 0 0 0 0 0 0 0
0 0 0 0 0 0 0 0 0 0 0 0 0 0 0 0 0 0 0 0 0 0 0 0
##$SHL_OFFSCOEFF1= (0..95)
0 0 0 0 0 0 0 0 0 0 0 0 0 0 0 0 0 0 0 0 0 0 0 0 0 0 0 0 0 0 0 0 0 0 0 0
0 0 0 0 0 0 0 0 0 0 0 0 0 0 0 0 0 0 0 0 0 0 0 0 0 0 0 0 0 0 0 0 0 0 0 0
0 0 0 0 0 0 0 0 0 0 0 0 0 0 0 0 0 0 0 0 0 0 0 0
##$SHL_OFFSCOEFF10= (0..95)
0 0 0 0 0 0 0 0 0 0 0 0 0 0 0 0 0 0 0 0 0 0 0 0 0 0 0 0 0 0 0 0 0 0 0 0
0 0 0 0 0 0 0 0 0 0 0 0 0 0 0 0 0 0 0 0 0 0 0 0 0 0 0 0 0 0 0 0 0 0 0 0
0 0 0 0 0 0 0 0 0 0 0 0 0 0 0 0 0 0 0 0 0 0 0 0
##$SHL_OFFSCOEFF11= (0..95)
0 0 0 0 0 0 0 0 0 0 0 0 0 0 0 0 0 0 0 0 0 0 0 0 0 0 0 0 0 0 0 0 0 0 0 0
0 0 0 0 0 0 0 0 0 0 0 0 0 0 0 0 0 0 0 0 0 0 0 0 0 0 0 0 0 0 0 0 0 0 0 0
0 0 0 0 0 0 0 0 0 0 0 0 0 0 0 0 0 0 0 0 0 0 0 0
##$SHL_OFFSCOEFF12= (0..95)
0 0 0 0 0 0 0 0 0 0 0 0 0 0 0 0 0 0 0 0 0 0 0 0 0 0 0 0 0 0 0 0 0 0 0 0
0 0 0 0 0 0 0 0 0 0 0 0 0 0 0 0 0 0 0 0 0 0 0 0 0 0 0 0 0 0 0 0 0 0 0 0
0 0 0 0 0 0 0 0 0 0 0 0 0 0 0 0 0 0 0 0 0 0 0 0
##$SHL_OFFSCOEFF13= (0..95)
0 0 0 0 0 0 0 0 0 0 0 0 0 0 0 0 0 0 0 0 0 0 0 0 0 0 0 0 0 0 0 0 0 0 0 0
0 0 0 0 0 0 0 0 0 0 0 0 0 0 0 0 0 0 0 0 0 0 0 0 0 0 0 0 0 0 0 0 0 0 0 0
0 0 0 0 0 0 0 0 0 0 0 0 0 0 0 0 0 0 0 0 0 0 0 0
##$SHL_OFFSCOEFF14= (0..95)
0 0 0 0 0 0 0 0 0 0 0 0 0 0 0 0 0 0 0 0 0 0 0 0 0 0 0 0 0 0 0 0 0 0 0 0
0 0 0 0 0 0 0 0 0 0 0 0 0 0 0 0 0 0 0 0 0 0 0 0 0 0 0 0 0 0 0 0 0 0 0 0
0 0 0 0 0 0 0 0 0 0 0 0 0 0 0 0 0 0 0 0 0 0 0 0
##$SHL_OFFSCOEFF15= (0..95)
0 0 0 0 0 0 0 0 0 0 0 0 0 0 0 0 0 0 0 0 0 0 0 0 0 0 0 0 0 0 0 0 0 0 0 0
0 0 0 0 0 0 0 0 0 0 0 0 0 0 0 0 0 0 0 0 0 0 0 0 0 0 0 0 0 0 0 0 0 0 0 0
0 0 0 0 0 0 0 0 0 0 0 0 0 0 0 0 0 0 0 0 0 0 0 0
##$SHL_OFFSCOEFF2= (0..95)
0 0 0 0 0 0 0 0 0 0 0 0 0 0 0 0 0 0 0 0 0 0 0 0 0 0 0 0 0 0 0 0 0 0 0 0
0 0 0 0 0 0 0 0 0 0 0 0 0 0 0 0 0 0 0 0 0 0 0 0 0 0 0 0 0 0 0 0 0 0 0 0
0 0 0 0 0 0 0 0 0 0 0 0 0 0 0 0 0 0 0 0 0 0 0 0
##$SHL_OFFSCOEFF3= (0..95)
0 0 0 0 0 0 0 0 0 0 0 0 0 0 0 0 0 0 0 0 0 0 0 0 0 0 0 0 0 0 0 0 0 0 0 0
0 0 0 0 0 0 0 0 0 0 0 0 0 0 0 0 0 0 0 0 0 0 0 0 0 0 0 0 0 0 0 0 0 0 0 0
0 0 0 0 0 0 0 0 0 0 0 0 0 0 0 0 0 0 0 0 0 0 0 0
##$SHL_OFFSCOEFF4= (0..95)
0 0 0 0 0 0 0 0 0 0 0 0 0 0 0 0 0 0 0 0 0 0 0 0 0 0 0 0 0 0 0 0 0 0 0 0
0 0 0 0 0 0 0 0 0 0 0 0 0 0 0 0 0 0 0 0 0 0 0 0 0 0 0 0 0 0 0 0 0 0 0 0
0 0 0 0 0 0 0 0 0 0 0 0 0 0 0 0 0 0 0 0 0 0 0 0
##$SHL_OFFSCOEFF5= (0..95)
0 0 0 0 0 0 0 0 0 0 0 0 0 0 0 0 0 0 0 0 0 0 0 0 0 0 0 0 0 0 0 0 0 0 0 0
0 0 0 0 0 0 0 0 0 0 0 0 0 0 0 0 0 0 0 0 0 0 0 0 0 0 0 0 0 0 0 0 0 0 0 0
0 0 0 0 0 0 0 0 0 0 0 0 0 0 0 0 0 0 0 0 0 0 0 0
##$SHL_OFFSCOEFF6= (0..95)
0 0 0 0 0 0 0 0 0 0 0 0 0 0 0 0 0 0 0 0 0 0 0 0 0 0 0 0 0 0 0 0 0 0 0 0
0 0 0 0 0 0 0 0 0 0 0 0 0 0 0 0 0 0 0 0 0 0 0 0 0 0 0 0 0 0 0 0 0 0 0 0
0 0 0 0 0 0 0 0 0 0 0 0 0 0 0 0 0 0 0 0 0 0 0 0
##$SHL_OFFSCOEFF7= (0..95)
0 0 0 0 0 0 0 0 0 0 0 0 0 0 0 0 0 0 0 0 0 0 0 0 0 0 0 0 0 0 0 0 0 0 0 0
0 0 0 0 0 0 0 0 0 0 0 0 0 0 0 0 0 0 0 0 0 0 0 0 0 0 0 0 0 0 0 0 0 0 0 0
0 0 0 0 0 0 0 0 0 0 0 0 0 0 0 0 0 0 0 0 0 0 0 0
##$SHL_OFFSCOEFF8= (0..95)
0 0 0 0 0 0 0 0 0 0 0 0 0 0 0 0 0 0 0 0 0 0 0 0 0 0 0 0 0 0 0 0 0 0 0 0
0 0 0 0 0 0 0 0 0 0 0 0 0 0 0 0 0 0 0 0 0 0 0 0 0 0 0 0 0 0 0 0 0 0 0 0
0 0 0 0 0 0 0 0 0 0 0 0 0 0 0 0 0 0 0 0 0 0 0 0
##$SHL_OFFSCOEFF9= (0..95)
0 0 0 0 0 0 0 0 0 0 0 0 0 0 0 0 0 0 0 0 0 0 0 0 0 0 0 0 0 0 0 0 0 0 0 0
0 0 0 0 0 0 0 0 0 0 0 0 0 0 0 0 0 0 0 0 0 0 0 0 0 0 0 0 0 0 0 0 0 0 0 0
0 0 0 0 0 0 0 0 0 0 0 0 0 0 0 0 0 0 0 0 0 0 0 0
##$SHL_PHASE= (0..15)
0 0 0 0 0 0 0 0 0 0 0 0 0 0 0 0
##$SHL_PHASEFAC= (0..15)
0 0 0 0 0 0 0 0 0 0 0 0 0 0 0 0
##$SHL_POWERINDEX= (0..15)
0 0 0 0 0 0 0 0 0 0 0 0 0 0 0 0
##$SHL_QUADCOEFF= (0..15)
0 0 0 0 0 0 0 0 0 0 0 0 0 0 0 0
##$SHL_RIGHTLIMIT= (0..15)
0 0 0 0 0 0 0 0 0 0 0 0 0 0 0 0
##$SHL_SCALEFACTOR= (0..15)
1 1 1 1 1 1 1 1 1 1 1 1 1 1 1 1
##$SHL_SF= (0..15)
<> <> <> <> <> <> <> <> <> <> <> <> <> <> <> <>
##$SHL_SFCOEFFS0= (0..200)
0 0 0 0 0 0 0 0 0 0 0 0 0 0 0 0 0 0 0 0 0 0 0 0 0 0 0 0 0 0 0 0 0 0 0 0
0 0 0 0 0 0 0 0 0 0 0 0 0 0 0 0 0 0 0 0 0 0 0 0 0 0 0 0 0 0 0 0 0 0 0 0
0 0 0 0 0 0 0 0 0 0 0 0 0 0 0 0 0 0 0 0 0 0 0 0 0 0 0 0 0 0 0 0 0 0 0 0
0 0 0 0 0 0 0 0 0 0 0 0 0 0 0 0 0 0 0 0 0 0 0 0 0 0 0 0 0 0 0 0 0 0 0 0
0 0 0 0 0 0 0 0 0 0 0 0 0 0 0 0 0 0 0 0 0 0 0 0 0 0 0 0 0 0 0 0 0 0 0 0
0 0 0 0 0 0 0 0 0 0 0 0 0 0 0 0 0 0 0 0 0
##$SHL_SFCOEFFS1= (0..200)
0 0 0 0 0 0 0 0 0 0 0 0 0 0 0 0 0 0 0 0 0 0 0 0 0 0 0 0 0 0 0 0 0 0 0 0
0 0 0 0 0 0 0 0 0 0 0 0 0 0 0 0 0 0 0 0 0 0 0 0 0 0 0 0 0 0 0 0 0 0 0 0
0 0 0 0 0 0 0 0 0 0 0 0 0 0 0 0 0 0 0 0 0 0 0 0 0 0 0 0 0 0 0 0 0 0 0 0
0 0 0 0 0 0 0 0 0 0 0 0 0 0 0 0 0 0 0 0 0 0 0 0 0 0 0 0 0 0 0 0 0 0 0 0
0 0 0 0 0 0 0 0 0 0 0 0 0 0 0 0 0 0 0 0 0 0 0 0 0 0 0 0 0 0 0 0 0 0 0 0
0 0 0 0 0 0 0 0 0 0 0 0 0 0 0 0 0 0 0 0 0
##$SHL_SFCOEFFS10= (0..200)
0 0 0 0 0 0 0 0 0 0 0 0 0 0 0 0 0 0 0 0 0 0 0 0 0 0 0 0 0 0 0 0 0 0 0 0
0 0 0 0 0 0 0 0 0 0 0 0 0 0 0 0 0 0 0 0 0 0 0 0 0 0 0 0 0 0 0 0 0 0 0 0
0 0 0 0 0 0 0 0 0 0 0 0 0 0 0 0 0 0 0 0 0 0 0 0 0 0 0 0 0 0 0 0 0 0 0 0
0 0 0 0 0 0 0 0 0 0 0 0 0 0 0 0 0 0 0 0 0 0 0 0 0 0 0 0 0 0 0 0 0 0 0 0
0 0 0 0 0 0 0 0 0 0 0 0 0 0 0 0 0 0 0 0 0 0 0 0 0 0 0 0 0 0 0 0 0 0 0 0
0 0 0 0 0 0 0 0 0 0 0 0 0 0 0 0 0 0 0 0 0
##$SHL_SFCOEFFS11= (0..200)
0 0 0 0 0 0 0 0 0 0 0 0 0 0 0 0 0 0 0 0 0 0 0 0 0 0 0 0 0 0 0 0 0 0 0 0
0 0 0 0 0 0 0 0 0 0 0 0 0 0 0 0 0 0 0 0 0 0 0 0 0 0 0 0 0 0 0 0 0 0 0 0
0 0 0 0 0 0 0 0 0 0 0 0 0 0 0 0 0 0 0 0 0 0 0 0 0 0 0 0 0 0 0 0 0 0 0 0
0 0 0 0 0 0 0 0 0 0 0 0 0 0 0 0 0 0 0 0 0 0 0 0 0 0 0 0 0 0 0 0 0 0 0 0
0 0 0 0 0 0 0 0 0 0 0 0 0 0 0 0 0 0 0 0 0 0 0 0 0 0 0 0 0 0 0 0 0 0 0 0
0 0 0 0 0 0 0 0 0 0 0 0 0 0 0 0 0 0 0 0 0
##$SHL_SFCOEFFS12= (0..200)
0 0 0 0 0 0 0 0 0 0 0 0 0 0 0 0 0 0 0 0 0 0 0 0 0 0 0 0 0 0 0 0 0 0 0 0
0 0 0 0 0 0 0 0 0 0 0 0 0 0 0 0 0 0 0 0 0 0 0 0 0 0 0 0 0 0 0 0 0 0 0 0
0 0 0 0 0 0 0 0 0 0 0 0 0 0 0 0 0 0 0 0 0 0 0 0 0 0 0 0 0 0 0 0 0 0 0 0
0 0 0 0 0 0 0 0 0 0 0 0 0 0 0 0 0 0 0 0 0 0 0 0 0 0 0 0 0 0 0 0 0 0 0 0
0 0 0 0 0 0 0 0 0 0 0 0 0 0 0 0 0 0 0 0 0 0 0 0 0 0 0 0 0 0 0 0 0 0 0 0
0 0 0 0 0 0 0 0 0 0 0 0 0 0 0 0 0 0 0 0 0
##$SHL_SFCOEFFS13= (0..200)
0 0 0 0 0 0 0 0 0 0 0 0 0 0 0 0 0 0 0 0 0 0 0 0 0 0 0 0 0 0 0 0 0 0 0 0
0 0 0 0 0 0 0 0 0 0 0 0 0 0 0 0 0 0 0 0 0 0 0 0 0 0 0 0 0 0 0 0 0 0 0 0
0 0 0 0 0 0 0 0 0 0 0 0 0 0 0 0 0 0 0 0 0 0 0 0 0 0 0 0 0 0 0 0 0 0 0 0
0 0 0 0 0 0 0 0 0 0 0 0 0 0 0 0 0 0 0 0 0 0 0 0 0 0 0 0 0 0 0 0 0 0 0 0
0 0 0 0 0 0 0 0 0 0 0 0 0 0 0 0 0 0 0 0 0 0 0 0 0 0 0 0 0 0 0 0 0 0 0 0
0 0 0 0 0 0 0 0 0 0 0 0 0 0 0 0 0 0 0 0 0
##$SHL_SFCOEFFS14= (0..200)
0 0 0 0 0 0 0 0 0 0 0 0 0 0 0 0 0 0 0 0 0 0 0 0 0 0 0 0 0 0 0 0 0 0 0 0
0 0 0 0 0 0 0 0 0 0 0 0 0 0 0 0 0 0 0 0 0 0 0 0 0 0 0 0 0 0 0 0 0 0 0 0
0 0 0 0 0 0 0 0 0 0 0 0 0 0 0 0 0 0 0 0 0 0 0 0 0 0 0 0 0 0 0 0 0 0 0 0
0 0 0 0 0 0 0 0 0 0 0 0 0 0 0 0 0 0 0 0 0 0 0 0 0 0 0 0 0 0 0 0 0 0 0 0
0 0 0 0 0 0 0 0 0 0 0 0 0 0 0 0 0 0 0 0 0 0 0 0 0 0 0 0 0 0 0 0 0 0 0 0
0 0 0 0 0 0 0 0 0 0 0 0 0 0 0 0 0 0 0 0 0
##$SHL_SFCOEFFS15= (0..200)
0 0 0 0 0 0 0 0 0 0 0 0 0 0 0 0 0 0 0 0 0 0 0 0 0 0 0 0 0 0 0 0 0 0 0 0
0 0 0 0 0 0 0 0 0 0 0 0 0 0 0 0 0 0 0 0 0 0 0 0 0 0 0 0 0 0 0 0 0 0 0 0
0 0 0 0 0 0 0 0 0 0 0 0 0 0 0 0 0 0 0 0 0 0 0 0 0 0 0 0 0 0 0 0 0 0 0 0
0 0 0 0 0 0 0 0 0 0 0 0 0 0 0 0 0 0 0 0 0 0 0 0 0 0 0 0 0 0 0 0 0 0 0 0
0 0 0 0 0 0 0 0 0 0 0 0 0 0 0 0 0 0 0 0 0 0 0 0 0 0 0 0 0 0 0 0 0 0 0 0
0 0 0 0 0 0 0 0 0 0 0 0 0 0 0 0 0 0 0 0 0
##$SHL_SFCOEFFS2= (0..200)
0 0 0 0 0 0 0 0 0 0 0 0 0 0 0 0 0 0 0 0 0 0 0 0 0 0 0 0 0 0 0 0 0 0 0 0
0 0 0 0 0 0 0 0 0 0 0 0 0 0 0 0 0 0 0 0 0 0 0 0 0 0 0 0 0 0 0 0 0 0 0 0
0 0 0 0 0 0 0 0 0 0 0 0 0 0 0 0 0 0 0 0 0 0 0 0 0 0 0 0 0 0 0 0 0 0 0 0
0 0 0 0 0 0 0 0 0 0 0 0 0 0 0 0 0 0 0 0 0 0 0 0 0 0 0 0 0 0 0 0 0 0 0 0
0 0 0 0 0 0 0 0 0 0 0 0 0 0 0 0 0 0 0 0 0 0 0 0 0 0 0 0 0 0 0 0 0 0 0 0
0 0 0 0 0 0 0 0 0 0 0 0 0 0 0 0 0 0 0 0 0
##$SHL_SFCOEFFS3= (0..200)
0 0 0 0 0 0 0 0 0 0 0 0 0 0 0 0 0 0 0 0 0 0 0 0 0 0 0 0 0 0 0 0 0 0 0 0
0 0 0 0 0 0 0 0 0 0 0 0 0 0 0 0 0 0 0 0 0 0 0 0 0 0 0 0 0 0 0 0 0 0 0 0
0 0 0 0 0 0 0 0 0 0 0 0 0 0 0 0 0 0 0 0 0 0 0 0 0 0 0 0 0 0 0 0 0 0 0 0
0 0 0 0 0 0 0 0 0 0 0 0 0 0 0 0 0 0 0 0 0 0 0 0 0 0 0 0 0 0 0 0 0 0 0 0
0 0 0 0 0 0 0 0 0 0 0 0 0 0 0 0 0 0 0 0 0 0 0 0 0 0 0 0 0 0 0 0 0 0 0 0
0 0 0 0 0 0 0 0 0 0 0 0 0 0 0 0 0 0 0 0 0
##$SHL_SFCOEFFS4= (0..200)
0 0 0 0 0 0 0 0 0 0 0 0 0 0 0 0 0 0 0 0 0 0 0 0 0 0 0 0 0 0 0 0 0 0 0 0
0 0 0 0 0 0 0 0 0 0 0 0 0 0 0 0 0 0 0 0 0 0 0 0 0 0 0 0 0 0 0 0 0 0 0 0
0 0 0 0 0 0 0 0 0 0 0 0 0 0 0 0 0 0 0 0 0 0 0 0 0 0 0 0 0 0 0 0 0 0 0 0
0 0 0 0 0 0 0 0 0 0 0 0 0 0 0 0 0 0 0 0 0 0 0 0 0 0 0 0 0 0 0 0 0 0 0 0
0 0 0 0 0 0 0 0 0 0 0 0 0 0 0 0 0 0 0 0 0 0 0 0 0 0 0 0 0 0 0 0 0 0 0 0
0 0 0 0 0 0 0 0 0 0 0 0 0 0 0 0 0 0 0 0 0
##$SHL_SFCOEFFS5= (0..200)
0 0 0 0 0 0 0 0 0 0 0 0 0 0 0 0 0 0 0 0 0 0 0 0 0 0 0 0 0 0 0 0 0 0 0 0
0 0 0 0 0 0 0 0 0 0 0 0 0 0 0 0 0 0 0 0 0 0 0 0 0 0 0 0 0 0 0 0 0 0 0 0
0 0 0 0 0 0 0 0 0 0 0 0 0 0 0 0 0 0 0 0 0 0 0 0 0 0 0 0 0 0 0 0 0 0 0 0
0 0 0 0 0 0 0 0 0 0 0 0 0 0 0 0 0 0 0 0 0 0 0 0 0 0 0 0 0 0 0 0 0 0 0 0
0 0 0 0 0 0 0 0 0 0 0 0 0 0 0 0 0 0 0 0 0 0 0 0 0 0 0 0 0 0 0 0 0 0 0 0
0 0 0 0 0 0 0 0 0 0 0 0 0 0 0 0 0 0 0 0 0
##$SHL_SFCOEFFS6= (0..200)
0 0 0 0 0 0 0 0 0 0 0 0 0 0 0 0 0 0 0 0 0 0 0 0 0 0 0 0 0 0 0 0 0 0 0 0
0 0 0 0 0 0 0 0 0 0 0 0 0 0 0 0 0 0 0 0 0 0 0 0 0 0 0 0 0 0 0 0 0 0 0 0
0 0 0 0 0 0 0 0 0 0 0 0 0 0 0 0 0 0 0 0 0 0 0 0 0 0 0 0 0 0 0 0 0 0 0 0
0 0 0 0 0 0 0 0 0 0 0 0 0 0 0 0 0 0 0 0 0 0 0 0 0 0 0 0 0 0 0 0 0 0 0 0
0 0 0 0 0 0 0 0 0 0 0 0 0 0 0 0 0 0 0 0 0 0 0 0 0 0 0 0 0 0 0 0 0 0 0 0
0 0 0 0 0 0 0 0 0 0 0 0 0 0 0 0 0 0 0 0 0
##$SHL_SFCOEFFS7= (0..200)
0 0 0 0 0 0 0 0 0 0 0 0 0 0 0 0 0 0 0 0 0 0 0 0 0 0 0 0 0 0 0 0 0 0 0 0
0 0 0 0 0 0 0 0 0 0 0 0 0 0 0 0 0 0 0 0 0 0 0 0 0 0 0 0 0 0 0 0 0 0 0 0
0 0 0 0 0 0 0 0 0 0 0 0 0 0 0 0 0 0 0 0 0 0 0 0 0 0 0 0 0 0 0 0 0 0 0 0
0 0 0 0 0 0 0 0 0 0 0 0 0 0 0 0 0 0 0 0 0 0 0 0 0 0 0 0 0 0 0 0 0 0 0 0
0 0 0 0 0 0 0 0 0 0 0 0 0 0 0 0 0 0 0 0 0 0 0 0 0 0 0 0 0 0 0 0 0 0 0 0
0 0 0 0 0 0 0 0 0 0 0 0 0 0 0 0 0 0 0 0 0
##$SHL_SFCOEFFS8= (0..200)
0 0 0 0 0 0 0 0 0 0 0 0 0 0 0 0 0 0 0 0 0 0 0 0 0 0 0 0 0 0 0 0 0 0 0 0
0 0 0 0 0 0 0 0 0 0 0 0 0 0 0 0 0 0 0 0 0 0 0 0 0 0 0 0 0 0 0 0 0 0 0 0
0 0 0 0 0 0 0 0 0 0 0 0 0 0 0 0 0 0 0 0 0 0 0 0 0 0 0 0 0 0 0 0 0 0 0 0
0 0 0 0 0 0 0 0 0 0 0 0 0 0 0 0 0 0 0 0 0 0 0 0 0 0 0 0 0 0 0 0 0 0 0 0
0 0 0 0 0 0 0 0 0 0 0 0 0 0 0 0 0 0 0 0 0 0 0 0 0 0 0 0 0 0 0 0 0 0 0 0
0 0 0 0 0 0 0 0 0 0 0 0 0 0 0 0 0 0 0 0 0
##$SHL_SFCOEFFS9= (0..200)
0 0 0 0 0 0 0 0 0 0 0 0 0 0 0 0 0 0 0 0 0 0 0 0 0 0 0 0 0 0 0 0 0 0 0 0
0 0 0 0 0 0 0 0 0 0 0 0 0 0 0 0 0 0 0 0 0 0 0 0 0 0 0 0 0 0 0 0 0 0 0 0
0 0 0 0 0 0 0 0 0 0 0 0 0 0 0 0 0 0 0 0 0 0 0 0 0 0 0 0 0 0 0 0 0 0 0 0
0 0 0 0 0 0 0 0 0 0 0 0 0 0 0 0 0 0 0 0 0 0 0 0 0 0 0 0 0 0 0 0 0 0 0 0
0 0 0 0 0 0 0 0 0 0 0 0 0 0 0 0 0 0 0 0 0 0 0 0 0 0 0 0 0 0 0 0 0 0 0 0
0 0 0 0 0 0 0 0 0 0 0 0 0 0 0 0 0 0 0 0 0
##$SHL_SMOOTHED= (0..15)
0 0 0 0 0 0 0 0 0 0 0 0 0 0 0 0
##$SHL_SMOOTHING= (0..15)
0 0 0 0 0 0 0 0 0 0 0 0 0 0 0 0
##$SHL_SPOAL= (0..15)
0 0 0 0 0 0 0 0 0 0 0 0 0 0 0 0
##$SHL_SPOFFS= (0..15)
0 0 0 0 0 0 0 0 0 0 0 0 0 0 0 0
##$SHL_SPOPH= (0..15)
0 0 0 0 0 0 0 0 0 0 0 0 0 0 0 0
##$SHL_STARTAMP= (0..15)
0 0 0 0 0 0 0 0 0 0 0 0 0 0 0 0
##$SHL_SW= (0..15)
0 0 0 0 0 0 0 0 0 0 0 0 0 0 0 0
##$SHL_SWDIR= (0..15)
-1 -1 -1 -1 -1 -1 -1 -1 -1 -1 -1 -1 -1 -1 -1 -1
##$SHL_TANKAPPA= (0..15)
0 0 0 0 0 0 0 0 0 0 0 0 0 0 0 0
##$SHL_TOTROT= (0..15)
90 0 0 0 0 0 0 0 0 0 0 0 0 0 0 0
##$SHL_TRUNCLEV= (0..15)
0 0 0 0 0 0 0 0 0 0 0 0 0 0 0 0
##$SHL_TYPE= (0..15)
<Excitation> <> <> <> <> <> <> <> <> <> <> <> <> <> <> <>
##$SHL_WINDOWSIZE= (0..15)
0 0 0 0 0 0 0 0 0 0 0 0 0 0 0 0
##$SHL_ZETA= (0..15)
0 0 0 0 0 0 0 0 0 0 0 0 0 0 0 0
##NPOINTS= 1250
##XYPOINTS= (XY..XY)
100.000000, 113.094759
100.000000, 114.643046
100.000000, 116.191333
100.000000, 117.739620
100.000000, 119.287907
100.000000, 120.836194
100.000000, 122.384481
100.000000, 123.932768
100.000000, 125.481055
100.000000, 127.029342
100.000000, 128.577629
100.000000, 130.125916
100.000000, 131.674203
100.000000, 133.222490
100.000000, 134.770777
100.000000, 136.319064
100.000000, 137.867351
100.000000, 139.415638
100.000000, 140.963925
100.000000, 142.512212
100.000000, 144.060499
100.000000, 145.608786
100.000000, 147.157073
100.000000, 148.705360
100.000000, 150.253647
100.000000, 151.801934
100.000000, 153.350221
100.000000, 154.898508
100.000000, 156.446795
100.000000, 157.995083
100.000000, 159.543370
100.000000, 161.091657
100.000000, 162.639944
100.000000, 164.188231
100.000000, 165.736518
100.000000, 167.284805
100.000000, 168.833092
100.000000, 170.381379
100.000000, 171.929666
100.000000, 173.477953
100.000000, 175.026240
100.000000, 176.574527
100.000000, 178.122814
100.000000, 179.671101
100.000000, 181.219388
100.000000, 182.767675
100.000000, 184.315962
100.000000, 185.864249
100.000000, 187.412536
100.000000, 188.960823
100.000000, 190.509110
100.000000, 192.057397
100.000000, 193.605684
100.000000, 195.153971
100.000000, 196.702258
100.000000, 198.250545
100.000000, 199.798832
100.000000, 201.347119
100.000000, 202.895406
100.000000, 204.443693
100.000000, 205.991980
100.000000, 207.540267
100.000000, 209.088554
100.000000, 210.636841
100.000000, 212.185128
100.000000, 213.733415
100.000000, 215.281702
100.000000, 216.829989
100.000000, 218.378276
100.000000, 219.926563
100.000000, 221.474850
100.000000, 223.023137
100.000000, 224.571424
100.000000, 226.119711
100.000000, 227.667998
100.000000, 229.216285
100.000000, 230.764572
100.000000, 232.312859
100.000000, 233.861146
100.000000, 235.409433
100.000000, 236.957720
100.000000, 238.506007
100.000000, 240.054294
100.000000, 241.602581
100.000000, 243.150868
100.000000, 244.699155
100.000000, 246.247442
100.000000, 247.795729
100.000000, 249.344016
100.000000, 250.892303
100.000000, 252.440590
100.000000, 253.988877
100.000000, 255.537164
100.000000, 257.085451
100.000000, 258.633738
100.000000, 260.182026
100.000000, 261.730313
100.000000, 263.278600
100.000000, 264.826887
100.000000, 266.375174
100.000000, 267.923461
100.000000, 269.471748
100.000000, 271.020035
100.000000, 272.568322
100.000000, 274.116609
100.000000, 275.664896
100.000000, 277.213183
100.000000, 278.761470
100.000000, 280.309757
100.000000, 281.858044
100.000000, 283.406331
100.000000, 284.954618
100.000000, 286.502905
100.000000, 288.051192
100.000000, 289.599479
100.000000, 291.147766
100.000000, 292.696053
100.000000, 294.244340
100.000000, 295.792627
100.000000, 297.340914
100.000000, 298.889201
100.000000, 300.437488
100.000000, 301.985775
100.000000, 303.534062
100.000000, 305.082349
100.000000, 306.630636
100.000000, 308.178923
100.000000, 309.727210
100.000000, 311.275497
100.000000, 312.823784
100.000000, 314.372071
100.000000, 315.920358
100.000000, 317.468645
100.000000, 319.016932
100.000000, 320.565219
100.000000, 322.113506
100.000000, 323.661793
100.000000, 325.210080
100.000000, 326.758367
100.000000, 328.306654
100.000000, 329.854941
100.000000, 331.403228
100.000000, 332.951515
100.000000, 334.499802
100.000000, 336.048089
100.000000, 337.596376
100.000000, 339.144663
100.000000, 340.692950
100.000000, 342.241237
100.000000, 343.789524
100.000000, 345.337811
100.000000, 346.886098
100.000000, 348.434385
100.000000, 349.982672
100.000000, 351.530959
100.000000, 353.079246
100.000000, 354.627533
100.000000, 356.175820
100.000000, 357.724107
100.000000, 359.272394
100.000000, 0.820681
100.000000, 2.368969
100.000000, 3.917256
100.000000, 5.465543
100.000000, 7.013830
100.000000, 8.562117
100.000000, 10.110404
100.000000, 11.658691
100.000000, 13.206978
100.000000, 14.755265
100.000000, 16.303552
100.000000, 17.851839
100.000000, 19.400126
100.000000, 20.948413
100.000000, 22.496700
100.000000, 24.044987
100.000000, 25.593274
100.000000, 27.141561
100.000000, 28.689848
100.000000, 30.238135
100.000000, 31.786422
100.000000, 33.334709
100.000000, 34.882996
100.000000, 36.431283
100.000000, 37.979570
100.000000, 39.527857
100.000000, 41.076144
100.000000, 42.624431
100.000000, 44.172718
100.000000, 45.721005
100.000000, 47.269292
100.000000, 48.817579
100.000000, 50.365866
100.000000, 51.914153
100.000000, 53.462440
100.000000, 55.010727
100.000000, 56.559014
100.000000, 58.107301
100.000000, 59.655588
100.000000, 61.203875
100.000000, 62.752162
100.000000, 64.300449
100.000000, 65.848736
100.000000, 67.397023
100.000000, 68.945310
100.000000, 70.493597
100.000000, 72.041884
100.000000, 73.590171
100.000000, 75.138458
100.000000, 76.686745
100.000000, 78.235032
100.000000, 79.783319
100.000000, 81.331606
100.000000, 82.879893
100.000000, 84.428180
100.000000, 85.976467
100.000000, 87.524754
100.000000, 89.073041
100.000000, 90.621328
100.000000, 92.169615
100.000000, 93.717902
100.000000, 95.266189
100.000000, 96.814476
100.000000, 98.362763
100.000000, 99.911050
100.000000, 101.459337
100.000000, 103.007624
100.000000, 104.555911
100.000000, 106.104199
100.000000, 107.652486
100.000000, 109.200773
100.000000, 110.749060
100.000000, 112.297347
100.000000, 113.845634
100.000000, 115.393921
100.000000, 116.942208
100.000000, 118.490495
100.000000, 120.038782
100.000000, 121.587069
100.000000, 123.135356
100.000000, 124.683643
100.000000, 126.231930
100.000000, 127.780217
100.000000, 129.328504
100.000000, 130.876791
100.000000, 132.425078
100.000000, 133.973365
100.000000, 135.521652
100.000000, 137.069939
100.000000, 138.618226
100.000000, 140.166513
100.000000, 141.714800
100.000000, 143.263087
100.000000, 144.811374
100.000000, 146.359661
100.000000, 147.907948
100.000000, 149.456235
100.000000, 151.004522
100.000000, 152.552809
100.000000, 154.101096
100.000000, 155.649383
100.000000, 157.197670
100.000000, 158.745957
100.000000, 160.294244
100.000000, 161.842531
100.000000, 163.390818
100.000000, 164.939105
100.000000, 166.487392
100.000000, 168.035679
100.000000, 169.583966
100.000000, 171.132253
100.000000, 172.680540
100.000000, 174.228827
100.000000, 175.777114
100.000000, 177.325401
100.000000, 178.873688
100.000000, 180.421975
100.000000, 181.970262
100.000000, 183.518549
100.000000, 185.066836
100.000000, 186.615123
100.000000, 188.163410
100.000000, 189.711697
100.000000, 191.259984
100.000000, 192.808271
100.000000, 194.356558
100.000000, 195.904845
100.000000, 197.453132
100.000000, 199.001419
100.000000, 200.549706
100.000000, 202.097993
100.000000, 203.646280
100.000000, 205.194567
100.000000, 206.742854
100.000000, 208.291142
100.000000, 209.839429
100.000000, 211.387716
100.000000, 212.936003
100.000000, 214.484290
100.000000, 216.032577
100.000000, 217.580864
100.000000, 219.129151
100.000000, 220.677438
100.000000, 222.225725
100.000000, 223.774012
100.000000, 225.322299
100.000000, 226.870586
100.000000, 228.418873
100.000000, 229.967160
100.000000, 231.515447
100.000000, 233.063734
100.000000, 234.612021
100.000000, 236.160308
100.000000, 237.708595
100.000000, 239.256882
100.000000, 240.805169
100.000000, 242.353456
100.000000, 243.901743
100.000000, 245.450030
100.000000, 246.998317
100.000000, 248.546604
100.000000, 250.094891
100.000000, 251.643178
100.000000, 253.191465
100.000000, 254.739752
100.000000, 256.288039
100.000000, 257.836326
100.000000, 259.384613
100.000000, 260.932900
100.000000, 262.481187
100.000000, 264.029474
100.000000, 265.577761
100.000000, 267.126048
100.000000, 268.674335
100.000000, 270.222622
100.000000, 271.770909
100.000000, 273.319196
100.000000, 274.867483
100.000000, 276.415770
100.000000, 277.964057
100.000000, 279.512344
100.000000, 281.060631
100.000000, 282.608918
100.000000, 284.157205
100.000000, 285.705492
100.000000, 287.253779
100.000000, 288.802066
100.000000, 290.350353
100.000000, 291.898640
100.000000, 293.446927
100.000000, 294.995214
100.000000, 296.543501
100.000000, 298.091788
100.000000, 299.640075
100.000000, 301.188362
100.000000, 302.736649
100.000000, 304.284936
100.000000, 305.833223
100.000000, 307.381510
100.000000, 308.929797
100.000000, 310.478085
100.000000, 312.026372
100.000000, 313.574659
100.000000, 315.122946
100.000000, 316.671233
100.000000, 318.219520
100.000000, 319.767807
100.000000, 321.316094
100.000000, 322.864381
100.000000, 324.412668
100.000000, 325.960955
100.000000, 327.509242
100.000000, 329.057529
100.000000, 330.605816
100.000000, 332.154103
100.000000, 333.702390
100.000000, 335.250677
100.000000, 336.798964
100.000000, 338.347251
100.000000, 339.895538
100.000000, 341.443825
100.000000, 342.992112
100.000000, 344.540399
100.000000, 346.088686
100.000000, 347.636973
100.000000, 349.185260
100.000000, 350.733547
100.000000, 352.281834
100.000000, 353.830121
100.000000, 355.378408
100.000000, 356.926695
100.000000, 358.474982
100.000000, 0.023269
100.000000, 1.571556
100.000000, 3.119843
100.000000, 4.668130
100.000000, 6.216417
100.000000, 7.764704
100.000000, 9.312991
100.000000, 10.861278
100.000000, 12.409565
100.000000, 13.957852
100.000000, 15.506139
100.000000, 17.054426
100.000000, 18.602713
100.000000, 20.151000
100.000000, 21.699287
100.000000, 23.247574
100.000000, 24.795861
100.000000, 26.344148
100.000000, 27.892435
100.000000, 29.440722
100.000000, 30.989009
100.000000, 32.537296
100.000000, 34.085583
100.000000, 35.633870
100.000000, 37.182157
100.000000, 38.730444
100.000000, 40.278731
100.000000, 41.827018
100.000000, 43.375305
100.000000, 44.923592
100.000000, 46.471879
100.000000, 48.020166
100.000000, 49.568453
100.000000, 51.116740
100.000000, 52.665028
100.000000, 54.213315
100.000000, 55.761602
100.000000, 57.309889
100.000000, 58.858176
100.000000, 60.406463
100.000000, 61.954750
100.000000, 63.503037
100.000000, 65.051324
100.000000, 66.599611
100.000000, 68.147898
100.000000, 69.696185
100.000000, 71.244472
100.000000, 72.792759
100.000000, 74.341046
100.000000, 75.889333
100.000000, 77.437620
100.000000, 78.985907
100.000000, 80.534194
100.000000, 82.082481
100.000000, 83.630768
100.000000, 85.179055
100.000000, 86.727342
100.000000, 88.275629
100.000000, 89.823916
100.000000, 91.372203
100.000000, 92.920490
100.000000, 94.468777
100.000000, 96.017064
100.000000, 97.565351
100.000000, 99.113638
100.000000, 100.661925
100.000000, 102.210212
100.000000, 103.758499
100.000000, 105.306786
100.000000, 106.855073
100.000000, 108.403360
100.000000, 109.951647
100.000000, 111.499934
100.000000, 113.048221
100.000000, 114.596508
100.000000, 116.144795
100.000000, 117.693082
100.000000, 119.241369
100.000000, 120.789656
100.000000, 122.337943
100.000000, 123.886230
100.000000, 125.434517
100.000000, 126.982804
100.000000, 128.531091
100.000000, 130.079378
100.000000, 131.627665
100.000000, 133.175952
100.000000, 134.724239
100.000000, 136.272526
100.000000, 137.820813
100.000000, 139.369100
100.000000, 140.917387
100.000000, 142.465674
100.000000, 144.013961
100.000000, 145.562248
100.000000, 147.110535
100.000000, 148.658822
100.000000, 150.207109
100.000000, 151.755396
100.000000, 153.303683
100.000000, 154.851970
100.000000, 156.400258
100.000000, 157.948545
100.000000, 159.496832
100.000000, 161.045119
100.000000, 162.593406
100.000000, 164.141693
100.000000, 165.689980
100.000000, 167.238267
100.000000, 168.786554
100.000000, 170.334841
100.000000, 171.883128
100.000000, 173.431415
100.000000, 174.979702
100.000000, 176.527989
100.000000, 178.076276
100.000000, 179.624563
100.000000, 181.172850
100.000000, 182.721137
100.000000, 184.269424
100.000000, 185.817711
100.000000, 187.365998
100.000000, 188.914285
100.000000, 190.462572
100.000000, 192.010859
100.000000, 193.559146
100.000000, 195.107433
100.000000, 196.655720
100.000000, 198.204007
100.000000, 199.752294
100.000000, 201.300581
100.000000, 202.848868
100.000000, 204.397155
100.000000, 205.945442
100.000000, 207.493729
100.000000, 209.042016
100.000000, 210.590303
100.000000, 212.138590
100.000000, 213.686877
100.000000, 215.235164
100.000000, 216.783451
100.000000, 218.331738
100.000000, 219.880025
100.000000, 221.428312
100.000000, 222.976599
100.000000, 224.524886
100.000000, 226.073173
100.000000, 227.621460
100.000000, 229.169747
100.000000, 230.718034
100.000000, 232.266321
100.000000, 233.814608
100.000000, 235.362895
100.000000, 236.911182
100.000000, 238.459469
100.000000, 240.007756
100.000000, 241.556043
100.000000, 243.104330
100.000000, 244.652617
100.000000, 246.200904
100.000000, 247.749191
100.000000, 249.297478
100.000000, 250.845765
100.000000, 252.394052
100.000000, 253.942339
100.000000, 255.490626
100.000000, 257.038913
100.000000, 258.587201
100.000000, 260.135488
100.000000, 261.683775
100.000000, 263.232062
100.000000, 264.780349
100.000000, 266.328636
100.000000, 267.876923
100.000000, 269.425210
100.000000, 270.973497
100.000000, 272.521784
100.000000, 274.070071
100.000000, 275.618358
100.000000, 277.166645
100.000000, 278.714932
100.000000, 280.263219
100.000000, 281.811506
100.000000, 283.359793
100.000000, 284.908080
100.000000, 286.456367
100.000000, 288.004654
100.000000, 289.552941
100.000000, 291.101228
100.000000, 292.649515
100.000000, 294.197802
100.000000, 295.746089
100.000000, 297.294376
100.000000, 298.842663
100.000000, 300.390950
100.000000, 301.939237
100.000000, 303.487524
100.000000, 305.035811
100.000000, 306.584098
100.000000, 308.132385
100.000000, 309.680672
100.000000, 311.228959
100.000000, 312.777246
100.000000, 314.325533
100.000000, 315.873820
100.000000, 317.422107
100.000000, 318.970394
100.000000, 320.518681
100.000000, 322.066968
100.000000, 323.615255
100.000000, 325.163542
100.000000, 326.711829
100.000000, 328.260116
100.000000, 329.808403
100.000000, 331.356690
100.000000, 332.904977
100.000000, 334.453264
100.000000, 336.001551
100.000000, 337.549838
100.000000, 339.098125
100.000000, 340.646412
100.000000, 342.194699
100.000000, 343.742986
100.000000, 345.291273
100.000000, 346.839560
100.000000, 348.387847
100.000000, 349.936134
100.000000, 351.484421
100.000000, 353.032708
100.000000, 354.580995
100.000000, 356.129282
100.000000, 357.677569
100.000000, 359.225856
100.000000, 0.774144
100.000000, 2.322431
100.000000, 3.870718
100.000000, 5.419005
100.000000, 6.967292
100.000000, 8.515579
100.000000, 10.063866
100.000000, 11.612153
100.000000, 13.160440
100.000000, 14.708727
100.000000, 16.257014
100.000000, 17.805301
100.000000, 19.353588
100.000000, 20.901875
100.000000, 22.450162
100.000000, 23.998449
100.000000, 25.546736
100.000000, 27.095023
100.000000, 28.643310
100.000000, 30.191597
100.000000, 31.739884
100.000000, 33.288171
100.000000, 34.836458
100.000000, 36.384745
100.000000, 37.933032
100.000000, 39.481319
100.000000, 41.029606
100.000000, 42.577893
100.000000, 44.126180
100.000000, 45.674467
100.000000, 47.222754
100.000000, 48.771041
100.000000, 50.319328
100.000000, 51.867615
100.000000, 53.415902
100.000000, 54.964189
100.000000, 56.512476
100.000000, 58.060763
100.000000, 59.609050
100.000000, 61.157337
100.000000, 62.705624
100.000000, 64.253911
100.000000, 65.802198
100.000000, 67.350485
100.000000, 68.898772
100.000000, 70.447059
100.000000, 71.995346
100.000000, 73.543633
100.000000, 75.091920
100.000000, 76.640207
100.000000, 78.188494
100.000000, 79.736781
100.000000, 81.285068
100.000000, 82.833355
100.000000, 84.381642
100.000000, 85.929929
100.000000, 87.478216
100.000000, 89.026503
100.000000, 90.574790
100.000000, 92.123077
100.000000, 93.671364
100.000000, 95.219651
100.000000, 96.767938
100.000000, 98.316225
100.000000, 99.864512
100.000000, 101.412799
100.000000, 102.961087
100.000000, 104.509374
100.000000, 106.057661
100.000000, 107.605948
100.000000, 109.154235
100.000000, 110.702522
100.000000, 112.250809
100.000000, 113.799096
100.000000, 115.347383
100.000000, 116.895670
100.000000, 118.443957
100.000000, 119.992244
100.000000, 121.540531
100.000000, 123.088818
100.000000, 124.637105
100.000000, 126.185392
100.000000, 127.733679
100.000000, 129.281966
100.000000, 130.830253
100.000000, 132.378540
100.000000, 133.926827
100.000000, 135.475114
100.000000, 137.023401
100.000000, 138.571688
100.000000, 140.119975
100.000000, 141.668262
100.000000, 143.216549
100.000000, 144.764836
100.000000, 146.313123
100.000000, 147.861410
100.000000, 149.409697
100.000000, 150.957984
100.000000, 152.506271
100.000000, 154.054558
100.000000, 155.602845
100.000000, 157.151132
100.000000, 158.699419
100.000000, 160.247706
100.000000, 161.795993
100.000000, 163.344280
100.000000, 164.892567
100.000000, 166.440854
100.000000, 167.989141
100.000000, 169.537428
100.000000, 171.085715
100.000000, 172.634002
100.000000, 174.182289
100.000000, 175.730576
100.000000, 177.278863
100.000000, 178.827150
100.000000, 180.375437
100.000000, 181.923724
100.000000, 183.472011
100.000000, 185.020298
100.000000, 186.568585
100.000000, 188.116872
100.000000, 189.665159
100.000000, 191.213446
100.000000, 192.761733
100.000000, 194.310020
100.000000, 195.858307
100.000000, 197.406594
100.000000, 198.954881
100.000000, 200.503168
100.000000, 202.051455
100.000000, 203.599742
100.000000, 205.148030
100.000000, 206.696317
100.000000, 208.244604
100.000000, 209.792891
100.000000, 211.341178
100.000000, 212.889465
100.000000, 214.437752
100.000000, 215.986039
100.000000, 217.534326
100.000000, 219.082613
100.000000, 220.630900
100.000000, 222.179187
100.000000, 223.727474
100.000000, 225.275761
100.000000, 226.824048
100.000000, 228.372335
100.000000, 229.920622
100.000000, 231.468909
100.000000, 233.017196
100.000000, 234.565483
100.000000, 236.113770
100.000000, 237.662057
100.000000, 239.210344
100.000000, 240.758631
100.000000, 242.306918
100.000000, 243.855205
100.000000, 245.403492
100.000000, 246.951779
100.000000, 248.500066
100.000000, 250.048353
100.000000, 251.596640
100.000000, 253.144927
100.000000, 254.693214
100.000000, 256.241501
100.000000, 257.789788
100.000000, 259.338075
100.000000, 260.886362
100.000000, 262.434649
100.000000, 263.982936
100.000000, 265.531223
100.000000, 267.079510
100.000000, 268.627797
100.000000, 270.176084
100.000000, 271.724371
100.000000, 273.272658
100.000000, 274.820945
100.000000, 276.369232
100.000000, 277.917519
100.000000, 279.465806
100.000000, 281.014093
100.000000, 282.562380
100.000000, 284.110667
100.000000, 285.658954
100.000000, 287.207241
100.000000, 288.755528
100.000000, 290.303815
100.000000, 291.852102
100.000000, 293.400389
100.000000, 294.948676
100.000000, 296.496963
100.000000, 298.045250
100.000000, 299.593537
100.000000, 301.141824
100.000000, 302.690111
100.000000, 304.238398
100.000000, 305.786685
100.000000, 307.334972
100.000000, 308.883260
100.000000, 310.431547
100.000000, 311.979834
100.000000, 313.528121
100.000000, 315.076408
100.000000, 316.624695
100.000000, 318.172982
100.000000, 319.721269
100.000000, 321.269556
100.000000, 322.817843
100.000000, 324.366130
100.000000, 325.914417
100.000000, 327.462704
100.000000, 329.010991
100.000000, 330.559278
100.000000, 332.107565
100.000000, 333.655852
100.000000, 335.204139
100.000000, 336.752426
100.000000, 338.300713
100.000000, 339.849000
100.000000, 341.397287
100.000000, 342.945574
100.000000, 344.493861
100.000000, 346.042148
100.000000, 347.590435
100.000000, 349.138722
100.000000, 350.687009
100.000000, 352.235296
100.000000, 353.783583
100.000000, 355.331870
100.000000, 356.880157
100.000000, 358.428444
100.000000, 359.976731
100.000000, 1.525018
100.000000, 3.073305
100.000000, 4.621592
100.000000, 6.169879
100.000000, 7.718166
100.000000, 9.266453
100.000000, 10.814740
100.000000, 12.363027
100.000000, 13.911314
100.000000, 15.459601
100.000000, 17.007888
100.000000, 18.556175
100.000000, 20.104462
100.000000, 21.652749
100.000000, 23.201036
100.000000, 24.749323
100.000000, 26.297610
100.000000, 27.845897
100.000000, 29.394184
100.000000, 30.942471
100.000000, 32.490758
100.000000, 34.039045
100.000000, 35.587332
100.000000, 37.135619
100.000000, 38.683906
100.000000, 40.232193
100.000000, 41.780480
100.000000, 43.328767
100.000000, 44.877054
100.000000, 46.425341
100.000000, 47.973628
100.000000, 49.521915
100.000000, 51.070203
100.000000, 52.618490
100.000000, 54.166777
100.000000, 55.715064
100.000000, 57.263351
100.000000, 58.811638
100.000000, 60.359925
100.000000, 61.908212
100.000000, 63.456499
100.000000, 65.004786
100.000000, 66.553073
100.000000, 68.101360
100.000000, 69.649647
100.000000, 71.197934
100.000000, 72.746221
100.000000, 74.294508
100.000000, 75.842795
100.000000, 77.391082
100.000000, 78.939369
100.000000, 80.487656
100.000000, 82.035943
100.000000, 83.584230
100.000000, 85.132517
100.000000, 86.680804
100.000000, 88.229091
100.000000, 89.777378
100.000000, 91.325665
100.000000, 92.873952
100.000000, 94.422239
100.000000, 95.970526
100.000000, 97.518813
100.000000, 99.067100
100.000000, 100.615387
100.000000, 102.163674
100.000000, 103.711961
100.000000, 105.260248
100.000000, 106.808535
100.000000, 108.356822
100.000000, 109.905109
100.000000, 111.453396
100.000000, 113.001683
100.000000, 114.549970
100.000000, 116.098257
100.000000, 117.646544
100.000000, 119.194831
100.000000, 120.743118
100.000000, 122.291405
100.000000, 123.839692
100.000000, 125.387979
100.000000, 126.936266
100.000000, 128.484553
100.000000, 130.032840
100.000000, 131.581127
100.000000, 133.129414
100.000000, 134.677701
100.000000, 136.225988
100.000000, 137.774275
100.000000, 139.322562
100.000000, 140.870849
100.000000, 142.419136
100.000000, 143.967423
100.000000, 145.515710
100.000000, 147.063997
100.000000, 148.612284
100.000000, 150.160571
100.000000, 151.708858
100.000000, 153.257146
100.000000, 154.805433
100.000000, 156.353720
100.000000, 157.902007
100.000000, 159.450294
100.000000, 160.998581
100.000000, 162.546868
100.000000, 164.095155
100.000000, 165.643442
100.000000, 167.191729
100.000000, 168.740016
100.000000, 170.288303
100.000000, 171.836590
100.000000, 173.384877
100.000000, 174.933164
100.000000, 176.481451
100.000000, 178.029738
100.000000, 179.578025
100.000000, 181.126312
100.000000, 182.674599
100.000000, 184.222886
100.000000, 185.771173
100.000000, 187.319460
100.000000, 188.867747
100.000000, 190.416034
100.000000, 191.964321
100.000000, 193.512608
100.000000, 195.060895
100.000000, 196.609182
100.000000, 198.157469
100.000000, 199.705756
100.000000, 201.254043
100.000000, 202.802330
100.000000, 204.350617
100.000000, 205.898904
100.000000, 207.447191
100.000000, 208.995478
100.000000, 210.543765
100.000000, 212.092052
100.000000, 213.640339
100.000000, 215.188626
100.000000, 216.736913
100.000000, 218.285200
100.000000, 219.833487
100.000000, 221.381774
100.000000, 222.930061
100.000000, 224.478348
100.000000, 226.026635
100.000000, 227.574922
100.000000, 229.123209
100.000000, 230.671496
100.000000, 232.219783
100.000000, 233.768070
100.000000, 235.316357
100.000000, 236.864644
100.000000, 238.412931
100.000000, 239.961218
100.000000, 241.509505
100.000000, 243.057792
100.000000, 244.606079
100.000000, 246.154366
100.000000, 247.702653
100.000000, 249.250940
100.000000, 250.799227
100.000000, 252.347514
100.000000, 253.895801
100.000000, 255.444089
100.000000, 256.992376
100.000000, 258.540663
100.000000, 260.088950
100.000000, 261.637237
100.000000, 263.185524
100.000000, 264.733811
100.000000, 266.282098
100.000000, 267.830385
100.000000, 269.378672
100.000000, 270.926959
100.000000, 272.475246
100.000000, 274.023533
100.000000, 275.571820
100.000000, 277.120107
100.000000, 278.668394
100.000000, 280.216681
100.000000, 281.764968
100.000000, 283.313255
100.000000, 284.861542
100.000000, 286.409829
100.000000, 287.958116
100.000000, 289.506403
100.000000, 291.054690
100.000000, 292.602977
100.000000, 294.151264
100.000000, 295.699551
100.000000, 297.247838
100.000000, 298.796125
100.000000, 300.344412
100.000000, 301.892699
100.000000, 303.440986
100.000000, 304.989273
100.000000, 306.537560
100.000000, 308.085847
100.000000, 309.634134
100.000000, 311.182421
100.000000, 312.730708
100.000000, 314.278995
100.000000, 315.827282
100.000000, 317.375569
100.000000, 318.923856
100.000000, 320.472143
100.000000, 322.020430
100.000000, 323.568717
100.000000, 325.117004
100.000000, 326.665291
100.000000, 328.213578
100.000000, 329.761865
100.000000, 331.310152
100.000000, 332.858439
100.000000, 334.406726
100.000000, 335.955013
100.000000, 337.503300
100.000000, 339.051587
100.000000, 340.599874
100.000000, 342.148161
100.000000, 343.696448
100.000000, 345.244735
100.000000, 346.793022
100.000000, 348.341309
100.000000, 349.889596
100.000000, 351.437883
100.000000, 352.986170
100.000000, 354.534457
100.000000, 356.082744
100.000000, 357.631031
100.000000, 359.179319
100.000000, 0.727606
100.000000, 2.275893
100.000000, 3.824180
100.000000, 5.372467
100.000000, 6.920754
100.000000, 8.469041
100.000000, 10.017328
100.000000, 11.565615
100.000000, 13.113902
100.000000, 14.662189
100.000000, 16.210476
100.000000, 17.758763
100.000000, 19.307050
100.000000, 20.855337
100.000000, 22.403624
100.000000, 23.951911
100.000000, 25.500198
100.000000, 27.048485
100.000000, 28.596772
100.000000, 30.145059
100.000000, 31.693346
100.000000, 33.241633
100.000000, 34.789920
100.000000, 36.338207
100.000000, 37.886494
100.000000, 39.434781
100.000000, 40.983068
100.000000, 42.531355
100.000000, 44.079642
100.000000, 45.627929
100.000000, 47.176216
100.000000, 48.724503
100.000000, 50.272790
100.000000, 51.821077
100.000000, 53.369364
100.000000, 54.917651
100.000000, 56.465938
100.000000, 58.014225
100.000000, 59.562512
100.000000, 61.110799
100.000000, 62.659086
100.000000, 64.207373
100.000000, 65.755660
100.000000, 67.303947
100.000000, 68.852234
100.000000, 70.400521
100.000000, 71.948808
100.000000, 73.497095
100.000000, 75.045382
100.000000, 76.593669
100.000000, 78.141956
100.000000, 79.690243
100.000000, 81.238530
100.000000, 82.786817
100.000000, 84.335104
100.000000, 85.883391
100.000000, 87.431678
100.000000, 88.979965
100.000000, 90.528252
100.000000, 92.076539
100.000000, 93.624826
100.000000, 95.173113
100.000000, 96.721400
100.000000, 98.269687
100.000000, 99.817974
100.000000, 101.366262
100.000000, 102.914549
100.000000, 104.462836
100.000000, 106.011123
100.000000, 107.559410
100.000000, 109.107697
100.000000, 110.655984
100.000000, 112.204271
100.000000, 113.752558
100.000000, 115.300845
100.000000, 116.849132
100.000000, 118.397419
100.000000, 119.945706
100.000000, 121.493993
100.000000, 123.042280
100.000000, 124.590567
100.000000, 126.138854
100.000000, 127.687141
100.000000, 129.235428
100.000000, 130.783715
100.000000, 132.332002
100.000000, 133.880289
100.000000, 135.428576
100.000000, 136.976863
100.000000, 138.525150
100.000000, 140.073437
100.000000, 141.621724
100.000000, 143.170011
100.000000, 144.718298
100.000000, 146.266585
100.000000, 147.814872
100.000000, 149.363159
100.000000, 150.911446
100.000000, 152.459733
100.000000, 154.008020
100.000000, 155.556307
100.000000, 157.104594
100.000000, 158.652881
100.000000, 160.201168
100.000000, 161.749455
100.000000, 163.297742
100.000000, 164.846029
100.000000, 166.394316
100.000000, 167.942603
100.000000, 169.490890
100.000000, 171.039177
100.000000, 172.587464
100.000000, 174.135751
100.000000, 175.684038
100.000000, 177.232325
100.000000, 178.780612
100.000000, 180.328899
100.000000, 181.877186
100.000000, 183.425473
100.000000, 184.973760
100.000000, 186.522047
100.000000, 188.070334
100.000000, 189.618621
100.000000, 191.166908
100.000000, 192.715195
100.000000, 194.263482
100.000000, 195.811769
100.000000, 197.360056
100.000000, 198.908343
100.000000, 200.456630
100.000000, 202.004917
100.000000, 203.553205
100.000000, 205.101492
100.000000, 206.649779
100.000000, 208.198066
100.000000, 209.746353
100.000000, 211.294640
100.000000, 212.842927
100.000000, 214.391214
100.000000, 215.939501
100.000000, 217.487788
100.000000, 219.036075
100.000000, 220.584362
100.000000, 222.132649
100.000000, 223.680936
100.000000, 225.229223
100.000000, 226.777510
100.000000, 228.325797
100.000000, 229.874084
100.000000, 231.422371
100.000000, 232.970658
100.000000, 234.518945
100.000000, 236.067232
100.000000, 237.615519
100.000000, 239.163806
100.000000, 240.712093
100.000000, 242.260380
100.000000, 243.808667
100.000000, 245.356954
100.000000, 246.905241
##END=
