##TITLE= Parameter file, TopSpin 3.6.5
##JCAMPDX= 5.0
##DATATYPE= Parameter Values
##NPOINTS= 1	$$ modification sequence number
##ORIGIN= Bruker BioSpin GmbH
##OWNER= nmrsu
$$ 2024-07-26 23:44:05.061 +0100  nmrsu@CZC1437Q5R
$$ Z:/Cooper Group/data/AIC_Group/nmr/Jul25-2024-AIC_Group/17/acqus
$$ process C:\Bruker\TopSpin3.6.5\prog\mod\dirdata.exe
##$ACQT0= -5.09295817894065
##$AMP= (0..31)
100 100 100 100 100 100 100 100 100 100 100 100 100 100 100 100 100 100
100 100 100 100 100 100 100 100 100 100 100 100 100 100
##$AMPCOIL= (0..19)
-1 0 0 0 0 0 0 0 0 0 0 0 0 0 0 0 0 0 0 0
##$ANAVPT= -1
##$AQSEQ= 0
##$AQ_mod= 3
##$AUNM= <au_zg>
##$AUTOPOS= <4 >
##$BF1= 100.612768526
##$BF2= 400.13
##$BF3= 100.612768526
##$BF4= 100.612768526
##$BF5= 100.612768526
##$BF6= 100.612768526
##$BF7= 100.612768526
##$BF8= 100.612768526
##$BWFAC= (0..63)
0 0 0 0 0 0 0 0 0 0 0 0 0 0 0 0 0 0 0 0 0 0 0 0 0 0 0 0 0 0 0 0 0 0 0 0
0 0 0 0 0 0 0 0 0 0 0 0 0 0 0 0 0 0 0 0 0 0 0 0 0 0 0 0
##$BYTORDA= 0
##$CAGPARS= (0..11)
0 0 0 0 0 0 0 0 0 0 0 0
##$CHEMSTR= <none>
##$CNST= (0..63)
1 1 145 1 1 1 1 1 1 1 1 1 1.5 1 1 1 1 1 1 1 1 1 1 1 1 1 1 1 1 1 1 1 1 1
1 1 1 1 1 1 1 1 1 1 1 1 1 1 1 1 1 1 1 1 1 1 1 1 1 1 1 1 1 1
##$CPDPRG= (0..8)
<> <> <waltz65> <> <> <> <> <> <>
##$D= (0..63)
0 2 0.003448276 0 0 0 0 0 0 0 0 0 2e-005 0 0 0 0.0002 0 0 0 0 0 0 0 0 0
0 0 0 0 0 0 0 0 0 0 0 0 0 0 0 0 0 0 0 0 0 0 0 0 0 0 0 0 0 0 0 0 0 0 0 0
0 0
##$DATE= 1722033842
##$DATE_START= 1722032938
##$DE= 6.5
##$DECBNUC= <off>
##$DECIM= 832
##$DECNUC= <off>
##$DECSTAT= 4
##$DIGMOD= 1
##$DIGTYP= 12
##$DQDMODE= 0
##$DR= 22
##$DS= 8
##$DSPFIRM= 0
##$DSPFVS= 20
##$DTYPA= 0
##$EXP= <C13DEPTQ135>
##$FCUCHAN= (0..9)
0 1 2 0 0 0 0 0 0 0
##$FL1= 0
##$FL2= 0
##$FL3= 0
##$FL4= 0
##$FN_INDIRECT= (0..7)
0 0 0 0 0 0 0 0
##$FOV= 0
##$FQ1LIST= <>
##$FQ2LIST= <>
##$FQ3LIST= <>
##$FQ4LIST= <>
##$FQ5LIST= <>
##$FQ6LIST= <>
##$FQ7LIST= <>
##$FQ8LIST= <>
##$FRQLO3= 41232.6969999969
##$FRQLO3N= 2
##$FS= (0..7)
83 83 83 83 83 83 83 83
##$FTLPGN= 0
##$FW= 4032000
##$FnILOOP= 0
##$FnMODE= 0
##$FnTYPE= 0
##$GPNAM= (0..31)
<> <SMSQ10.100> <SMSQ10.100> <SMSQ10.100> <> <> <> <> <> <> <> <> <> <>
<> <> <> <> <> <> <> <> <> <> <> <> <> <> <> <> <> <>
##$GPX= (0..31)
0 0 0 0 0 0 0 0 0 0 0 0 0 0 0 0 0 0 0 0 0 0 0 0 0 0 0 0 0 0 0 0
##$GPY= (0..31)
0 0 0 0 0 0 0 0 0 0 0 0 0 0 0 0 0 0 0 0 0 0 0 0 0 0 0 0 0 0 0 0
##$GPZ= (0..31)
0 31 31 31 0 0 0 0 0 0 0 0 0 0 0 0 0 0 0 0 0 0 0 0 0 0 0 0 0 0 0 0
##$GRDPROG= <grad_out>
##$GRPDLY= 67.9839324951172
##$HDDUTY= 20
##$HDRATE= 1
##$HGAIN= (0..3)
0 0 0 0
##$HL1= 0
##$HL2= 0
##$HL3= 0
##$HL4= 0
##$HOLDER= 4
##$HPMOD= (0..7)
0 0 0 0 0 0 0 0
##$HPPRGN= 0
##$IN= (0..63)
0 0 0 0 0 0 0 0 0 0 0 0 0 0 0 0 0 0 0 0 0 0 0 0 0 0 0 0 0 0 0 0 0 0 0 0
0 0 0 0 0 0 0 0 0 0 0 0 0 0 0 0 0 0 0 0 0 0 0 0 0 0 0 0
##$INF= (0..7)
0 0 0 0 0 0 0 0
##$INP= (0..63)
0 0 0 0 0 0 0 0 0 0 0 0 0 0 0 0 0 0 0 0 0 0 0 0 0 0 0 0 0 0 0 0 0 0 0 0
0 0 0 0 0 0 0 0 0 0 0 0 0 0 0 0 0 0 0 0 0 0 0 0 0 0 0 0
##$INSTRUM= <av400>
##$INTEGFAC= (0..63)
0 0 0 0 0 0 0 0 0 0 0 0 0 0 0 0 0 0 0 0 0 0 0 0 0 0 0 0 0 0 0 0 0 0 0 0
0 0 0 0 0 0 0 0 0 0 0 0 0 0 0 0 0 0 0 0 0 0 0 0 0 0 0 0
##$L= (0..31)
1 1 1 1 1 1 1 1 1 1 1 1 1 1 1 1 1 1 1 1 1 1 1 1 1 1 1 1 1 1 1 1
##$LFILTER= 200
##$LGAIN= -2
##$LINPSTP= 0
##$LOCKED= yes
##$LOCKFLD= 7024
##$LOCKGN= 122.78685760498
##$LOCKPOW= -38
##$LOCKPPM= 1.92999994754791
##$LOCNUC= <2H>
##$LOCPHAS= 63.89458
##$LOCSHFT= yes
##$LOCSW= 0
##$LTIME= 0.100000001490116
##$MASR= 0
##$MASRLST= <masrlst>
##$MULEXPNO= (0..15)
0 0 0 0 0 0 0 0 0 0 0 0 0 0 0 0
##$NBL= 1
##$NC= -6
##$NLOGCH= 1
##$NOVFLW= 0
##$NS= 256
##$NUC1= <13C>
##$NUC2= <1H>
##$NUC3= <off>
##$NUC4= <off>
##$NUC5= <off>
##$NUC6= <off>
##$NUC7= <off>
##$NUC8= <off>
##$NUCLEUS= <off>
##$NUSLIST= <automatic>
##$NusAMOUNT= 25
##$NusFPNZ= no
##$NusJSP= 0
##$NusSEED= 54321
##$NusSPTYPE= 0
##$NusT2= 1
##$NusTD= 0
##$O1= 10061.277
##$O2= 1600.52
##$O3= 10061.277
##$O4= 10061.277
##$O5= 10061.277
##$O6= 10061.277
##$O7= 10061.277
##$O8= 10061.277
##$OVERFLW= 0
##$P= (0..63)
12 8 16 8 16 16.5 25 50 525 30 60 40000 40000 2000 0 0 1000 2000 500 600
2500 0 0 0 1000 0 500 8 1000 2000 0 0 5550 0 0 0 80000 0 0 2550 4000 0
0 10000 1110 0 40000 1575 3000 0 40000 0 0 0 0 0 0 0 0 0 0 0 0 2100
##$PACOIL= (0..15)
2 3 1 0 0 0 0 0 0 0 0 0 0 0 0 0
##$PAPS= 0
##$PARMODE= 0
##$PCPD= (0..9)
0 80 90 0 0 0 0 0 0 0
##$PEXSEL= (0..9)
1 1 1 1 1 1 1 1 1 1
##$PHCOR= (0..31)
0 0 0 0 0 0 0 0 0 0 0 0 0 0 0 0 0 0 0 0 0 0 0 0 0 0 0 0 0 0 0 0
##$PHLIST= <>
##$PHP= 2
##$PH_ref= 0
##$PL= (0..63)
120 120 120 120 120 120 120 120 120 120 120 120 120 120 120 120 120 120
120 120 120 120 120 120 120 120 120 120 120 120 120 120 120 120 120 120
120 120 120 120 120 120 120 120 120 120 120 120 120 120 120 120 120 120
120 120 120 120 120 120 120 120 120 120
##$PLSTEP= 0.1
##$PLSTRT= -6
##$PLW= (0..63)
0 100.88 22.485 0 0 0 0 0 0 0 10.331 0.41322 0.17766 0.089363 0 1.599 0
0 100.88 1.0088 0 5.7563e-005 0 0 0.000921 0 0.044416 0 0 10.331 0.17766
0.71065 0 0 0 0 0 0 0 0 0 0 0 0 0 0 0 0 0 0 0 0 0 0 0 0 0 0 0 0 0 0 0 0
##$PLWMAX= (0..7)
192.3 39 0 0 0 0 0 0
##$PQPHASE= 0
##$PQSCALE= 1
##$PR= 1
##$PRECHAN= (0..15)
-1 2 0 1 -1 -1 -1 -1 -1 -1 -1 -1 -1 -1 -1 -1
##$PRGAIN= 0
##$PROBHD= <Z163739_1011 (PI HR-BBO400S1-BBF/H/D-5.0-Z SP)>
##$PROBINPUTS= (0..15)
<19F/31P-199Hg/17O-109Ag> <1H> <2H> <> <> <> <> <> <> <> <> <> <> <> <>
<>
##$PULPROG= <deptqgpsp>
##$PW= 0
##$PYNM= <>
##$ProjAngle= 0
##$QNP= 0
##$RD= 0
##$RECCHAN= (0..15)
0 1 0 0 0 0 0 0 0 0 0 0 0 0 0 0
##$RECPH= 0
##$RECPRE= (0..15)
-1 2 -1 -1 -1 -1 -1 -1 -1 -1 -1 -1 -1 -1 -1 -1
##$RECPRFX= (0..15)
1 0 0 0 0 0 0 0 0 0 0 0 0 0 0 0
##$RECSEL= (0..15)
0 1 0 0 0 0 0 0 0 0 0 0 0 0 0 0
##$RG= 209.43
##$RO= 0
##$RSEL= (0..15)
0 1 2 0 0 0 0 0 0 0 0 0 0 0 0 0
##$S= (0..7)
83 83 83 83 83 83 83 83
##$SELREC= (0..9)
0 0 0 0 0 0 0 0 0 0
##$SFO1= 100.622829803
##$SFO2= 400.13160052
##$SFO3= 100.622829803
##$SFO4= 100.622829803
##$SFO5= 100.622829803
##$SFO6= 100.622829803
##$SFO7= 100.622829803
##$SFO8= 100.622829803
##$SOLVENT= <CD3CN>
##$SOLVOLD= <off>
##$SP= (0..63)
120 120 120 120 120 120 120 120 120 120 120 120 120 120 120 120 120 120
120 120 120 120 120 120 120 120 120 120 120 120 120 120 120 120 120 120
120 120 120 120 120 120 120 120 120 120 120 120 120 120 120 120 120 120
120 120 120 120 120 120 120 120 120 120
##$SPECTR= 0
##$SPINCNT= 0
##$SPNAM= (0..63)
<> <Q5.1000> <Q3_surbop.1> <0.0> <Eburp2tr.1000> <Crp60comp.4> <Crp60,0.5,20.1>
<Sinc1.1000> <Crp60,0.5,20.1> <> <Crp60comp.4> <Crp60comp.4> <> <> <Eburp2.1000>
<> <> <> <0.0> <Q5tr_sebop.1> <Q5tr_sebop.1> <Q5tr_sebop.1> <Q5tr_sebop.1>
<> <> <> <Gaus1_180r.1000> <> <> <Q5tr.1000> <Q3_surbop.1> <Reburp.1000>
<Q3.1000> <> <Q3_surbop.1> <Q3_surbop.1> <Q5.1000> <> <> <> <Q3_surbop.1>
<Crp60,0.5,20.1> <> <> <> <> <> <> <> <> <> <> <> <> <> <> <> <> <> <>
<> <> <> <>
##$SPOAL= (0..63)
0.5 1 0.5 0.5 0 0.5 0.5 0.5 0.5 0.5 0.5 0.5 0.5 0.5 1 0.5 0.5 0.5 0.5 0
0 0 0 0.5 0.5 0.5 0.5 0.5 0.5 0 0.5 0.5 0.5 0.5 0.5 0.5 1 0.5 0.5 0.5 0.5
0.5 0.5 0.5 0.5 0.5 0.5 0.5 0.5 0.5 0.5 0.5 0.5 0.5 0.5 0.5 0.5 0.5 0.5
0.5 0.5 0.5 0.5 0.5
##$SPOFFS= (0..63)
0 0 0 0 0 0 0 0 0 0 0 0 0 0 0 0 0 0 0 0 0 0 0 0 0 0 0 0 0 0 0 0 0 0 0 0
0 0 0 0 0 0 0 0 0 0 0 0 0 0 0 0 0 0 0 0 0 0 0 0 0 0 0 0
##$SPPEX= (0..63)
0 0 0 0 0 0 0 0 0 0 0 0 0 0 0 0 0 0 0 0 0 0 0 0 0 0 0 0 0 0 0 0 0 0 0 0
0 0 0 0 0 0 0 0 0 0 0 0 0 0 0 0 0 0 0 0 0 0 0 0 0 0 0 0
##$SPW= (0..63)
0 0.0013581 0.0011119 0 0.059418 9.865 0 0.0041495 9.865 0 9.865 9.865
0 0 0.059418 0 0 0 0 8.544186 13.28166 6.201594 33.44468 0 0 0 5.3095e-006
0 0 0.070545 1.444 0.20492 0.0025086 0 0.7172 0.0011119 0.24144 0 0 0 0.0011119
9.865 0 0 0 0 0 0 0 0 0 0 0 0 0 0 0 0 0 0 0 0 0 0
##$SUBNAM= (0..9)
<> <> <> <> <> <> <> <> <> <>
##$SW= 238.896695566317
##$SWIBOX= (0..19)
0 1 2 0 0 0 0 0 0 0 0 0 0 0 0 0 0 0 0 0
##$SW_h= 24038.4615384615
##$SWfinal= 0
##$SigLockShift= 0
##$TD= 65536
##$TD0= 1
##$TD_INDIRECT= (0..7)
0 0 0 0 0 0 0 0
##$TDav= 1
##$TE= 298.1613
##$TE1= 298.1622
##$TE2= 0
##$TE3= 0
##$TE4= 0
##$TEG= 300
##$TE_MAGNET= 0
##$TE_PIDX= 1
##$TE_RAW= 298.1622
##$TE_STAB= (0..9)
1 1 0 0 0 0 0 0 0 0
##$TL= (0..7)
120 120 120 120 120 120 120 120
##$TOTROT= (0..63)
0 0 0 0 0 0 0 0 0 0 0 0 0 0 0 0 0 0 0 0 0 0 0 0 0 0 0 0 0 0 0 0 0 0 0 0
0 0 0 0 0 0 0 0 0 0 0 0 0 0 0 0 0 0 0 0 0 0 0 0 0 0 0 0
##$TUBE_TYPE= <>
##$USERA1= <>
##$USERA10= <user>
##$USERA2= <>
##$USERA3= <>
##$USERA4= <>
##$USERA5= <>
##$USERA6= <userUSERA5 DEF user acq. parameter 5$80002 255>
##$UUID= <730c4af6-4b9e-11ef-9ea4-80e82ce03034>
##$V9= 5
##$VALIDCODE= -1
##$VALIST= <>
##$VCLIST= <>
##$VDLIST= <>
##$VPLIST= <>
##$VTLIST= <>
##$WBST= 1024
##$WBSW= 4
##$XGAIN= (0..3)
0 0 0 0
##$XL= 0
##$YL= 0
##$YMAX_a= 167841
##$YMIN_a= -170959
##$ZGOPTNS= <>
##$ZL1= 120
##$ZL2= 120
##$ZL3= 120
##$ZL4= 120
##$scaledByNS= no
##$scaledByRG= no
##END=
