##TITLE= Parameter file, TopSpin 4.3.0
##JCAMPDX= 5.0
##DATATYPE= Parameter Values
##ORIGIN= Bruker BioSpin GmbH
##OWNER= nmrsu
$$ 2024-03-10 21:16:57.860 +0000  nmrsu@4CE1161FJM
$$ C:/Bruker/TopSpin4.3.0/exp/stan/nmr/lists/wave/user/multisupp_aux_d8
$$ process C:\Bruker\TopSpin4.3.0\prog\mod\xwinshape.exe
##MINX= 0.45264100
##MAXX= 99.99938900
##MINY= 0.50273900
##MAXY= 359.49726100
##$SHAPE_ADDPHASE= 0
##$SHAPE_AMP= 99.99938933
##$SHAPE_BWFAC= 0
##$SHAPE_BWFAC50= 0
##$SHAPE_CALCBW= yes
##$SHAPE_CALCINTEG= yes
##$SHAPE_EXMODE= <Excitation>
##$SHAPE_EXPAND= <>
##$SHAPE_EXPANDCF= (0..143)
0 0 0 0 0 0 0 0 0 0 0 0 0 0 0 0 0 0 0 0 0 0 0 0 0 0 0 0 0 0 0 0 0 0 0 0
0 0 0 0 0 0 0 0 0 0 0 0 0 0 0 0 0 0 0 0 0 0 0 0 0 0 0 0 0 0 0 0 0 0 0 0
0 0 0 0 0 0 0 0 0 0 0 0 0 0 0 0 0 0 0 0 0 0 0 0 0 0 0 0 0 0 0 0 0 0 0 0
0 0 0 0 0 0 0 0 0 0 0 0 0 0 0 0 0 0 0 0 0 0 0 0 0 0 0 0 0 0 0 0 0 0 0 0
##$SHAPE_EXPFAC= 0
##$SHAPE_FRACEND= 0
##$SHAPE_FRACORG= 0
##$SHAPE_FRACSTART= 0
##$SHAPE_INTEGFAC= 0
##$SHAPE_KEEPRES= yes
##$SHAPE_LENGTH= 25000.000373
##$SHAPE_MAN= <M>
##$SHAPE_MODE= 3
##$SHAPE_MODFREQ= 0
##$SHAPE_MODPHASE= 0
##$SHAPE_MODSCALE= 0
##$SHAPE_MODSW= 0
##$SHAPE_MODSWDIR= -1
##$SHAPE_NPOINTS= 1250
##$SHAPE_OFFS= <1 3>
##$SHAPE_OFFSCOEFF= (0..95)
-155.38744 0 100 -223.07309 0 100 -291.62975 0 100 0 0 0 0 0 0 0 0 0 0
0 0 0 0 0 0 0 0 0 0 0 0 0 0 0 0 0 0 0 0 0 0 0 0 0 0 0 0 0 0 0 0 0 0 0 0
0 0 0 0 0 0 0 0 0 0 0 0 0 0 0 0 0 0 0 0 0 0 0 0 0 0 0 0 0 0 0 0 0 0 0 0
0 0 0 0 0
##$SHAPE_PARAMETER= <>
##$SHAPE_REPHFAC= 0
##$SHAPE_RES= 0
##$SHAPE_SCALEFAC= 1.00000611
##$SHAPE_SCALETYPE= 0
##$SHAPE_SPOAL= 0
##$SHAPE_SPOFFS= 0
##$SHAPE_SPOPH= 0
##$SHAPE_TOTROT= 90
##$SHAPE_TYPE= <Excitation>
##$SHAPE_USER_DEF= <>
##$SHAPE_VERSION= 2.1
##$SHL_ADDPHASE= (0..15)
0 0 0 0 0 0 0 0 0 0 0 0 0 0 0 0
##$SHL_ALIGNOFFSET= (0..15)
0 0 0 0 0 0 0 0 0 0 0 0 0 0 0 0
##$SHL_AMP= (0..15)
100 0 0 0 0 0 0 0 0 0 0 0 0 0 0 0
##$SHL_AMPFAC= (0..15)
0 0 0 0 0 0 0 0 0 0 0 0 0 0 0 0
##$SHL_BETA= (0..15)
0 0 0 0 0 0 0 0 0 0 0 0 0 0 0 0
##$SHL_BWFAC= (0..15)
1.116 0 0 0 0 0 0 0 0 0 0 0 0 0 0 0
##$SHL_CALCBW= (0..15)
yes yes yes yes yes yes yes yes yes yes yes yes yes yes yes yes
##$SHL_CALCINTEG= (0..15)
yes yes yes yes yes yes yes yes yes yes yes yes yes yes yes yes
##$SHL_CENTERAMP= (0..15)
0 0 0 0 0 0 0 0 0 0 0 0 0 0 0 0
##$SHL_CYCNUM= (0..15)
0 0 0 0 0 0 0 0 0 0 0 0 0 0 0 0
##$SHL_DIPOLCPL= (0..15)
0 0 0 0 0 0 0 0 0 0 0 0 0 0 0 0
##$SHL_ENDAMP= (0..15)
0 0 0 0 0 0 0 0 0 0 0 0 0 0 0 0
##$SHL_EXMODE= (0..15)
<Excitation> <> <> <> <> <> <> <> <> <> <> <> <> <> <> <>
##$SHL_EXPAND= (0..15)
<> <> <> <> <> <> <> <> <> <> <> <> <> <> <> <>
##$SHL_EXPANDCF0= (0..143)
0 0 0 0 0 0 0 0 0 0 0 0 0 0 0 0 0 0 0 0 0 0 0 0 0 0 0 0 0 0 0 0 0 0 0 0
0 0 0 0 0 0 0 0 0 0 0 0 0 0 0 0 0 0 0 0 0 0 0 0 0 0 0 0 0 0 0 0 0 0 0 0
0 0 0 0 0 0 0 0 0 0 0 0 0 0 0 0 0 0 0 0 0 0 0 0 0 0 0 0 0 0 0 0 0 0 0 0
0 0 0 0 0 0 0 0 0 0 0 0 0 0 0 0 0 0 0 0 0 0 0 0 0 0 0 0 0 0 0 0 0 0 0 0
##$SHL_EXPANDCF1= (0..143)
0 0 0 0 0 0 0 0 0 0 0 0 0 0 0 0 0 0 0 0 0 0 0 0 0 0 0 0 0 0 0 0 0 0 0 0
0 0 0 0 0 0 0 0 0 0 0 0 0 0 0 0 0 0 0 0 0 0 0 0 0 0 0 0 0 0 0 0 0 0 0 0
0 0 0 0 0 0 0 0 0 0 0 0 0 0 0 0 0 0 0 0 0 0 0 0 0 0 0 0 0 0 0 0 0 0 0 0
0 0 0 0 0 0 0 0 0 0 0 0 0 0 0 0 0 0 0 0 0 0 0 0 0 0 0 0 0 0 0 0 0 0 0 0
##$SHL_EXPANDCF10= (0..143)
0 0 0 0 0 0 0 0 0 0 0 0 0 0 0 0 0 0 0 0 0 0 0 0 0 0 0 0 0 0 0 0 0 0 0 0
0 0 0 0 0 0 0 0 0 0 0 0 0 0 0 0 0 0 0 0 0 0 0 0 0 0 0 0 0 0 0 0 0 0 0 0
0 0 0 0 0 0 0 0 0 0 0 0 0 0 0 0 0 0 0 0 0 0 0 0 0 0 0 0 0 0 0 0 0 0 0 0
0 0 0 0 0 0 0 0 0 0 0 0 0 0 0 0 0 0 0 0 0 0 0 0 0 0 0 0 0 0 0 0 0 0 0 0
##$SHL_EXPANDCF11= (0..143)
0 0 0 0 0 0 0 0 0 0 0 0 0 0 0 0 0 0 0 0 0 0 0 0 0 0 0 0 0 0 0 0 0 0 0 0
0 0 0 0 0 0 0 0 0 0 0 0 0 0 0 0 0 0 0 0 0 0 0 0 0 0 0 0 0 0 0 0 0 0 0 0
0 0 0 0 0 0 0 0 0 0 0 0 0 0 0 0 0 0 0 0 0 0 0 0 0 0 0 0 0 0 0 0 0 0 0 0
0 0 0 0 0 0 0 0 0 0 0 0 0 0 0 0 0 0 0 0 0 0 0 0 0 0 0 0 0 0 0 0 0 0 0 0
##$SHL_EXPANDCF12= (0..143)
0 0 0 0 0 0 0 0 0 0 0 0 0 0 0 0 0 0 0 0 0 0 0 0 0 0 0 0 0 0 0 0 0 0 0 0
0 0 0 0 0 0 0 0 0 0 0 0 0 0 0 0 0 0 0 0 0 0 0 0 0 0 0 0 0 0 0 0 0 0 0 0
0 0 0 0 0 0 0 0 0 0 0 0 0 0 0 0 0 0 0 0 0 0 0 0 0 0 0 0 0 0 0 0 0 0 0 0
0 0 0 0 0 0 0 0 0 0 0 0 0 0 0 0 0 0 0 0 0 0 0 0 0 0 0 0 0 0 0 0 0 0 0 0
##$SHL_EXPANDCF13= (0..143)
0 0 0 0 0 0 0 0 0 0 0 0 0 0 0 0 0 0 0 0 0 0 0 0 0 0 0 0 0 0 0 0 0 0 0 0
0 0 0 0 0 0 0 0 0 0 0 0 0 0 0 0 0 0 0 0 0 0 0 0 0 0 0 0 0 0 0 0 0 0 0 0
0 0 0 0 0 0 0 0 0 0 0 0 0 0 0 0 0 0 0 0 0 0 0 0 0 0 0 0 0 0 0 0 0 0 0 0
0 0 0 0 0 0 0 0 0 0 0 0 0 0 0 0 0 0 0 0 0 0 0 0 0 0 0 0 0 0 0 0 0 0 0 0
##$SHL_EXPANDCF14= (0..143)
0 0 0 0 0 0 0 0 0 0 0 0 0 0 0 0 0 0 0 0 0 0 0 0 0 0 0 0 0 0 0 0 0 0 0 0
0 0 0 0 0 0 0 0 0 0 0 0 0 0 0 0 0 0 0 0 0 0 0 0 0 0 0 0 0 0 0 0 0 0 0 0
0 0 0 0 0 0 0 0 0 0 0 0 0 0 0 0 0 0 0 0 0 0 0 0 0 0 0 0 0 0 0 0 0 0 0 0
0 0 0 0 0 0 0 0 0 0 0 0 0 0 0 0 0 0 0 0 0 0 0 0 0 0 0 0 0 0 0 0 0 0 0 0
##$SHL_EXPANDCF15= (0..143)
0 0 0 0 0 0 0 0 0 0 0 0 0 0 0 0 0 0 0 0 0 0 0 0 0 0 0 0 0 0 0 0 0 0 0 0
0 0 0 0 0 0 0 0 0 0 0 0 0 0 0 0 0 0 0 0 0 0 0 0 0 0 0 0 0 0 0 0 0 0 0 0
0 0 0 0 0 0 0 0 0 0 0 0 0 0 0 0 0 0 0 0 0 0 0 0 0 0 0 0 0 0 0 0 0 0 0 0
0 0 0 0 0 0 0 0 0 0 0 0 0 0 0 0 0 0 0 0 0 0 0 0 0 0 0 0 0 0 0 0 0 0 0 0
##$SHL_EXPANDCF2= (0..143)
0 0 0 0 0 0 0 0 0 0 0 0 0 0 0 0 0 0 0 0 0 0 0 0 0 0 0 0 0 0 0 0 0 0 0 0
0 0 0 0 0 0 0 0 0 0 0 0 0 0 0 0 0 0 0 0 0 0 0 0 0 0 0 0 0 0 0 0 0 0 0 0
0 0 0 0 0 0 0 0 0 0 0 0 0 0 0 0 0 0 0 0 0 0 0 0 0 0 0 0 0 0 0 0 0 0 0 0
0 0 0 0 0 0 0 0 0 0 0 0 0 0 0 0 0 0 0 0 0 0 0 0 0 0 0 0 0 0 0 0 0 0 0 0
##$SHL_EXPANDCF3= (0..143)
0 0 0 0 0 0 0 0 0 0 0 0 0 0 0 0 0 0 0 0 0 0 0 0 0 0 0 0 0 0 0 0 0 0 0 0
0 0 0 0 0 0 0 0 0 0 0 0 0 0 0 0 0 0 0 0 0 0 0 0 0 0 0 0 0 0 0 0 0 0 0 0
0 0 0 0 0 0 0 0 0 0 0 0 0 0 0 0 0 0 0 0 0 0 0 0 0 0 0 0 0 0 0 0 0 0 0 0
0 0 0 0 0 0 0 0 0 0 0 0 0 0 0 0 0 0 0 0 0 0 0 0 0 0 0 0 0 0 0 0 0 0 0 0
##$SHL_EXPANDCF4= (0..143)
0 0 0 0 0 0 0 0 0 0 0 0 0 0 0 0 0 0 0 0 0 0 0 0 0 0 0 0 0 0 0 0 0 0 0 0
0 0 0 0 0 0 0 0 0 0 0 0 0 0 0 0 0 0 0 0 0 0 0 0 0 0 0 0 0 0 0 0 0 0 0 0
0 0 0 0 0 0 0 0 0 0 0 0 0 0 0 0 0 0 0 0 0 0 0 0 0 0 0 0 0 0 0 0 0 0 0 0
0 0 0 0 0 0 0 0 0 0 0 0 0 0 0 0 0 0 0 0 0 0 0 0 0 0 0 0 0 0 0 0 0 0 0 0
##$SHL_EXPANDCF5= (0..143)
0 0 0 0 0 0 0 0 0 0 0 0 0 0 0 0 0 0 0 0 0 0 0 0 0 0 0 0 0 0 0 0 0 0 0 0
0 0 0 0 0 0 0 0 0 0 0 0 0 0 0 0 0 0 0 0 0 0 0 0 0 0 0 0 0 0 0 0 0 0 0 0
0 0 0 0 0 0 0 0 0 0 0 0 0 0 0 0 0 0 0 0 0 0 0 0 0 0 0 0 0 0 0 0 0 0 0 0
0 0 0 0 0 0 0 0 0 0 0 0 0 0 0 0 0 0 0 0 0 0 0 0 0 0 0 0 0 0 0 0 0 0 0 0
##$SHL_EXPANDCF6= (0..143)
0 0 0 0 0 0 0 0 0 0 0 0 0 0 0 0 0 0 0 0 0 0 0 0 0 0 0 0 0 0 0 0 0 0 0 0
0 0 0 0 0 0 0 0 0 0 0 0 0 0 0 0 0 0 0 0 0 0 0 0 0 0 0 0 0 0 0 0 0 0 0 0
0 0 0 0 0 0 0 0 0 0 0 0 0 0 0 0 0 0 0 0 0 0 0 0 0 0 0 0 0 0 0 0 0 0 0 0
0 0 0 0 0 0 0 0 0 0 0 0 0 0 0 0 0 0 0 0 0 0 0 0 0 0 0 0 0 0 0 0 0 0 0 0
##$SHL_EXPANDCF7= (0..143)
0 0 0 0 0 0 0 0 0 0 0 0 0 0 0 0 0 0 0 0 0 0 0 0 0 0 0 0 0 0 0 0 0 0 0 0
0 0 0 0 0 0 0 0 0 0 0 0 0 0 0 0 0 0 0 0 0 0 0 0 0 0 0 0 0 0 0 0 0 0 0 0
0 0 0 0 0 0 0 0 0 0 0 0 0 0 0 0 0 0 0 0 0 0 0 0 0 0 0 0 0 0 0 0 0 0 0 0
0 0 0 0 0 0 0 0 0 0 0 0 0 0 0 0 0 0 0 0 0 0 0 0 0 0 0 0 0 0 0 0 0 0 0 0
##$SHL_EXPANDCF8= (0..143)
0 0 0 0 0 0 0 0 0 0 0 0 0 0 0 0 0 0 0 0 0 0 0 0 0 0 0 0 0 0 0 0 0 0 0 0
0 0 0 0 0 0 0 0 0 0 0 0 0 0 0 0 0 0 0 0 0 0 0 0 0 0 0 0 0 0 0 0 0 0 0 0
0 0 0 0 0 0 0 0 0 0 0 0 0 0 0 0 0 0 0 0 0 0 0 0 0 0 0 0 0 0 0 0 0 0 0 0
0 0 0 0 0 0 0 0 0 0 0 0 0 0 0 0 0 0 0 0 0 0 0 0 0 0 0 0 0 0 0 0 0 0 0 0
##$SHL_EXPANDCF9= (0..143)
0 0 0 0 0 0 0 0 0 0 0 0 0 0 0 0 0 0 0 0 0 0 0 0 0 0 0 0 0 0 0 0 0 0 0 0
0 0 0 0 0 0 0 0 0 0 0 0 0 0 0 0 0 0 0 0 0 0 0 0 0 0 0 0 0 0 0 0 0 0 0 0
0 0 0 0 0 0 0 0 0 0 0 0 0 0 0 0 0 0 0 0 0 0 0 0 0 0 0 0 0 0 0 0 0 0 0 0
0 0 0 0 0 0 0 0 0 0 0 0 0 0 0 0 0 0 0 0 0 0 0 0 0 0 0 0 0 0 0 0 0 0 0 0
##$SHL_EXPFAC= (0..15)
0 0 0 0 0 0 0 0 0 0 0 0 0 0 0 0
##$SHL_FRACEND= (0..15)
0 0 0 0 0 0 0 0 0 0 0 0 0 0 0 0
##$SHL_FRACORG= (0..15)
0 0 0 0 0 0 0 0 0 0 0 0 0 0 0 0
##$SHL_FRACSTART= (0..15)
0 0 0 0 0 0 0 0 0 0 0 0 0 0 0 0
##$SHL_FULLHALF= (0..15)
0 0 0 0 0 0 0 0 0 0 0 0 0 0 0 0
##$SHL_FUNCAMP= (0..15)
100 0 0 0 0 0 0 0 0 0 0 0 0 0 0 0
##$SHL_FUNCTION= (0..15)
<Rectangle> <> <> <> <> <> <> <> <> <> <> <> <> <> <> <>
##$SHL_GCO= (0..15)
<> <> <> <> <> <> <> <> <> <> <> <> <> <> <> <>
##$SHL_GCOCOEFFS0= (0..59)
0 0 0 0 0 0 0 0 0 0 0 0 0 0 0 0 0 0 0 0 0 0 0 0 0 0 0 0 0 0 0 0 0 0 0 0
0 0 0 0 0 0 0 0 0 0 0 0 0 0 0 0 0 0 0 0 0 0 0 0
##$SHL_GCOCOEFFS1= (0..59)
0 0 0 0 0 0 0 0 0 0 0 0 0 0 0 0 0 0 0 0 0 0 0 0 0 0 0 0 0 0 0 0 0 0 0 0
0 0 0 0 0 0 0 0 0 0 0 0 0 0 0 0 0 0 0 0 0 0 0 0
##$SHL_GCOCOEFFS10= (0..59)
0 0 0 0 0 0 0 0 0 0 0 0 0 0 0 0 0 0 0 0 0 0 0 0 0 0 0 0 0 0 0 0 0 0 0 0
0 0 0 0 0 0 0 0 0 0 0 0 0 0 0 0 0 0 0 0 0 0 0 0
##$SHL_GCOCOEFFS11= (0..59)
0 0 0 0 0 0 0 0 0 0 0 0 0 0 0 0 0 0 0 0 0 0 0 0 0 0 0 0 0 0 0 0 0 0 0 0
0 0 0 0 0 0 0 0 0 0 0 0 0 0 0 0 0 0 0 0 0 0 0 0
##$SHL_GCOCOEFFS12= (0..59)
0 0 0 0 0 0 0 0 0 0 0 0 0 0 0 0 0 0 0 0 0 0 0 0 0 0 0 0 0 0 0 0 0 0 0 0
0 0 0 0 0 0 0 0 0 0 0 0 0 0 0 0 0 0 0 0 0 0 0 0
##$SHL_GCOCOEFFS13= (0..59)
0 0 0 0 0 0 0 0 0 0 0 0 0 0 0 0 0 0 0 0 0 0 0 0 0 0 0 0 0 0 0 0 0 0 0 0
0 0 0 0 0 0 0 0 0 0 0 0 0 0 0 0 0 0 0 0 0 0 0 0
##$SHL_GCOCOEFFS14= (0..59)
0 0 0 0 0 0 0 0 0 0 0 0 0 0 0 0 0 0 0 0 0 0 0 0 0 0 0 0 0 0 0 0 0 0 0 0
0 0 0 0 0 0 0 0 0 0 0 0 0 0 0 0 0 0 0 0 0 0 0 0
##$SHL_GCOCOEFFS15= (0..59)
0 0 0 0 0 0 0 0 0 0 0 0 0 0 0 0 0 0 0 0 0 0 0 0 0 0 0 0 0 0 0 0 0 0 0 0
0 0 0 0 0 0 0 0 0 0 0 0 0 0 0 0 0 0 0 0 0 0 0 0
##$SHL_GCOCOEFFS2= (0..59)
0 0 0 0 0 0 0 0 0 0 0 0 0 0 0 0 0 0 0 0 0 0 0 0 0 0 0 0 0 0 0 0 0 0 0 0
0 0 0 0 0 0 0 0 0 0 0 0 0 0 0 0 0 0 0 0 0 0 0 0
##$SHL_GCOCOEFFS3= (0..59)
0 0 0 0 0 0 0 0 0 0 0 0 0 0 0 0 0 0 0 0 0 0 0 0 0 0 0 0 0 0 0 0 0 0 0 0
0 0 0 0 0 0 0 0 0 0 0 0 0 0 0 0 0 0 0 0 0 0 0 0
##$SHL_GCOCOEFFS4= (0..59)
0 0 0 0 0 0 0 0 0 0 0 0 0 0 0 0 0 0 0 0 0 0 0 0 0 0 0 0 0 0 0 0 0 0 0 0
0 0 0 0 0 0 0 0 0 0 0 0 0 0 0 0 0 0 0 0 0 0 0 0
##$SHL_GCOCOEFFS5= (0..59)
0 0 0 0 0 0 0 0 0 0 0 0 0 0 0 0 0 0 0 0 0 0 0 0 0 0 0 0 0 0 0 0 0 0 0 0
0 0 0 0 0 0 0 0 0 0 0 0 0 0 0 0 0 0 0 0 0 0 0 0
##$SHL_GCOCOEFFS6= (0..59)
0 0 0 0 0 0 0 0 0 0 0 0 0 0 0 0 0 0 0 0 0 0 0 0 0 0 0 0 0 0 0 0 0 0 0 0
0 0 0 0 0 0 0 0 0 0 0 0 0 0 0 0 0 0 0 0 0 0 0 0
##$SHL_GCOCOEFFS7= (0..59)
0 0 0 0 0 0 0 0 0 0 0 0 0 0 0 0 0 0 0 0 0 0 0 0 0 0 0 0 0 0 0 0 0 0 0 0
0 0 0 0 0 0 0 0 0 0 0 0 0 0 0 0 0 0 0 0 0 0 0 0
##$SHL_GCOCOEFFS8= (0..59)
0 0 0 0 0 0 0 0 0 0 0 0 0 0 0 0 0 0 0 0 0 0 0 0 0 0 0 0 0 0 0 0 0 0 0 0
0 0 0 0 0 0 0 0 0 0 0 0 0 0 0 0 0 0 0 0 0 0 0 0
##$SHL_GCOCOEFFS9= (0..59)
0 0 0 0 0 0 0 0 0 0 0 0 0 0 0 0 0 0 0 0 0 0 0 0 0 0 0 0 0 0 0 0 0 0 0 0
0 0 0 0 0 0 0 0 0 0 0 0 0 0 0 0 0 0 0 0 0 0 0 0
##$SHL_INTEGFAC= (0..15)
1 0 0 0 0 0 0 0 0 0 0 0 0 0 0 0
##$SHL_LB= (0..15)
0 0 0 0 0 0 0 0 0 0 0 0 0 0 0 0
##$SHL_LEFTLIMIT= (0..15)
0 0 0 0 0 0 0 0 0 0 0 0 0 0 0 0
##$SHL_LENGTH= (0..15)
25000.000373 0 0 0 0 0 0 0 0 0 0 0 0 0 0 0
##$SHL_MAN= (0..15)
<> <> <> <> <> <> <> <> <> <> <> <> <> <> <> <>
##$SHL_MEANAMP= (0..15)
0 0 0 0 0 0 0 0 0 0 0 0 0 0 0 0
##$SHL_MODAMP= (0..15)
0 0 0 0 0 0 0 0 0 0 0 0 0 0 0 0
##$SHL_MODE= (0..15)
0 0 0 0 0 0 0 0 0 0 0 0 0 0 0 0
##$SHL_MODFREQ= (0..15)
0 0 0 0 0 0 0 0 0 0 0 0 0 0 0 0
##$SHL_MODPHASE= (0..15)
0 0 0 0 0 0 0 0 0 0 0 0 0 0 0 0
##$SHL_MODSCALE= (0..15)
0 0 0 0 0 0 0 0 0 0 0 0 0 0 0 0
##$SHL_MODSW= (0..15)
0 0 0 0 0 0 0 0 0 0 0 0 0 0 0 0
##$SHL_MODSWDIR= (0..15)
-1 -1 -1 -1 -1 -1 -1 -1 -1 -1 -1 -1 -1 -1 -1 -1
##$SHL_MU= (0..15)
0 0 0 0 0 0 0 0 0 0 0 0 0 0 0 0
##$SHL_NPOINTS= (0..15)
1250 0 0 0 0 0 0 0 0 0 0 0 0 0 0 0
##$SHL_OFFS= (0..15)
<> <> <> <> <> <> <> <> <> <> <> <> <> <> <> <>
##$SHL_OFFSCOEFF0= (0..95)
0 0 0 0 0 0 0 0 0 0 0 0 0 0 0 0 0 0 0 0 0 0 0 0 0 0 0 0 0 0 0 0 0 0 0 0
0 0 0 0 0 0 0 0 0 0 0 0 0 0 0 0 0 0 0 0 0 0 0 0 0 0 0 0 0 0 0 0 0 0 0 0
0 0 0 0 0 0 0 0 0 0 0 0 0 0 0 0 0 0 0 0 0 0 0 0
##$SHL_OFFSCOEFF1= (0..95)
0 0 0 0 0 0 0 0 0 0 0 0 0 0 0 0 0 0 0 0 0 0 0 0 0 0 0 0 0 0 0 0 0 0 0 0
0 0 0 0 0 0 0 0 0 0 0 0 0 0 0 0 0 0 0 0 0 0 0 0 0 0 0 0 0 0 0 0 0 0 0 0
0 0 0 0 0 0 0 0 0 0 0 0 0 0 0 0 0 0 0 0 0 0 0 0
##$SHL_OFFSCOEFF10= (0..95)
0 0 0 0 0 0 0 0 0 0 0 0 0 0 0 0 0 0 0 0 0 0 0 0 0 0 0 0 0 0 0 0 0 0 0 0
0 0 0 0 0 0 0 0 0 0 0 0 0 0 0 0 0 0 0 0 0 0 0 0 0 0 0 0 0 0 0 0 0 0 0 0
0 0 0 0 0 0 0 0 0 0 0 0 0 0 0 0 0 0 0 0 0 0 0 0
##$SHL_OFFSCOEFF11= (0..95)
0 0 0 0 0 0 0 0 0 0 0 0 0 0 0 0 0 0 0 0 0 0 0 0 0 0 0 0 0 0 0 0 0 0 0 0
0 0 0 0 0 0 0 0 0 0 0 0 0 0 0 0 0 0 0 0 0 0 0 0 0 0 0 0 0 0 0 0 0 0 0 0
0 0 0 0 0 0 0 0 0 0 0 0 0 0 0 0 0 0 0 0 0 0 0 0
##$SHL_OFFSCOEFF12= (0..95)
0 0 0 0 0 0 0 0 0 0 0 0 0 0 0 0 0 0 0 0 0 0 0 0 0 0 0 0 0 0 0 0 0 0 0 0
0 0 0 0 0 0 0 0 0 0 0 0 0 0 0 0 0 0 0 0 0 0 0 0 0 0 0 0 0 0 0 0 0 0 0 0
0 0 0 0 0 0 0 0 0 0 0 0 0 0 0 0 0 0 0 0 0 0 0 0
##$SHL_OFFSCOEFF13= (0..95)
0 0 0 0 0 0 0 0 0 0 0 0 0 0 0 0 0 0 0 0 0 0 0 0 0 0 0 0 0 0 0 0 0 0 0 0
0 0 0 0 0 0 0 0 0 0 0 0 0 0 0 0 0 0 0 0 0 0 0 0 0 0 0 0 0 0 0 0 0 0 0 0
0 0 0 0 0 0 0 0 0 0 0 0 0 0 0 0 0 0 0 0 0 0 0 0
##$SHL_OFFSCOEFF14= (0..95)
0 0 0 0 0 0 0 0 0 0 0 0 0 0 0 0 0 0 0 0 0 0 0 0 0 0 0 0 0 0 0 0 0 0 0 0
0 0 0 0 0 0 0 0 0 0 0 0 0 0 0 0 0 0 0 0 0 0 0 0 0 0 0 0 0 0 0 0 0 0 0 0
0 0 0 0 0 0 0 0 0 0 0 0 0 0 0 0 0 0 0 0 0 0 0 0
##$SHL_OFFSCOEFF15= (0..95)
0 0 0 0 0 0 0 0 0 0 0 0 0 0 0 0 0 0 0 0 0 0 0 0 0 0 0 0 0 0 0 0 0 0 0 0
0 0 0 0 0 0 0 0 0 0 0 0 0 0 0 0 0 0 0 0 0 0 0 0 0 0 0 0 0 0 0 0 0 0 0 0
0 0 0 0 0 0 0 0 0 0 0 0 0 0 0 0 0 0 0 0 0 0 0 0
##$SHL_OFFSCOEFF2= (0..95)
0 0 0 0 0 0 0 0 0 0 0 0 0 0 0 0 0 0 0 0 0 0 0 0 0 0 0 0 0 0 0 0 0 0 0 0
0 0 0 0 0 0 0 0 0 0 0 0 0 0 0 0 0 0 0 0 0 0 0 0 0 0 0 0 0 0 0 0 0 0 0 0
0 0 0 0 0 0 0 0 0 0 0 0 0 0 0 0 0 0 0 0 0 0 0 0
##$SHL_OFFSCOEFF3= (0..95)
0 0 0 0 0 0 0 0 0 0 0 0 0 0 0 0 0 0 0 0 0 0 0 0 0 0 0 0 0 0 0 0 0 0 0 0
0 0 0 0 0 0 0 0 0 0 0 0 0 0 0 0 0 0 0 0 0 0 0 0 0 0 0 0 0 0 0 0 0 0 0 0
0 0 0 0 0 0 0 0 0 0 0 0 0 0 0 0 0 0 0 0 0 0 0 0
##$SHL_OFFSCOEFF4= (0..95)
0 0 0 0 0 0 0 0 0 0 0 0 0 0 0 0 0 0 0 0 0 0 0 0 0 0 0 0 0 0 0 0 0 0 0 0
0 0 0 0 0 0 0 0 0 0 0 0 0 0 0 0 0 0 0 0 0 0 0 0 0 0 0 0 0 0 0 0 0 0 0 0
0 0 0 0 0 0 0 0 0 0 0 0 0 0 0 0 0 0 0 0 0 0 0 0
##$SHL_OFFSCOEFF5= (0..95)
0 0 0 0 0 0 0 0 0 0 0 0 0 0 0 0 0 0 0 0 0 0 0 0 0 0 0 0 0 0 0 0 0 0 0 0
0 0 0 0 0 0 0 0 0 0 0 0 0 0 0 0 0 0 0 0 0 0 0 0 0 0 0 0 0 0 0 0 0 0 0 0
0 0 0 0 0 0 0 0 0 0 0 0 0 0 0 0 0 0 0 0 0 0 0 0
##$SHL_OFFSCOEFF6= (0..95)
0 0 0 0 0 0 0 0 0 0 0 0 0 0 0 0 0 0 0 0 0 0 0 0 0 0 0 0 0 0 0 0 0 0 0 0
0 0 0 0 0 0 0 0 0 0 0 0 0 0 0 0 0 0 0 0 0 0 0 0 0 0 0 0 0 0 0 0 0 0 0 0
0 0 0 0 0 0 0 0 0 0 0 0 0 0 0 0 0 0 0 0 0 0 0 0
##$SHL_OFFSCOEFF7= (0..95)
0 0 0 0 0 0 0 0 0 0 0 0 0 0 0 0 0 0 0 0 0 0 0 0 0 0 0 0 0 0 0 0 0 0 0 0
0 0 0 0 0 0 0 0 0 0 0 0 0 0 0 0 0 0 0 0 0 0 0 0 0 0 0 0 0 0 0 0 0 0 0 0
0 0 0 0 0 0 0 0 0 0 0 0 0 0 0 0 0 0 0 0 0 0 0 0
##$SHL_OFFSCOEFF8= (0..95)
0 0 0 0 0 0 0 0 0 0 0 0 0 0 0 0 0 0 0 0 0 0 0 0 0 0 0 0 0 0 0 0 0 0 0 0
0 0 0 0 0 0 0 0 0 0 0 0 0 0 0 0 0 0 0 0 0 0 0 0 0 0 0 0 0 0 0 0 0 0 0 0
0 0 0 0 0 0 0 0 0 0 0 0 0 0 0 0 0 0 0 0 0 0 0 0
##$SHL_OFFSCOEFF9= (0..95)
0 0 0 0 0 0 0 0 0 0 0 0 0 0 0 0 0 0 0 0 0 0 0 0 0 0 0 0 0 0 0 0 0 0 0 0
0 0 0 0 0 0 0 0 0 0 0 0 0 0 0 0 0 0 0 0 0 0 0 0 0 0 0 0 0 0 0 0 0 0 0 0
0 0 0 0 0 0 0 0 0 0 0 0 0 0 0 0 0 0 0 0 0 0 0 0
##$SHL_PHASE= (0..15)
0 0 0 0 0 0 0 0 0 0 0 0 0 0 0 0
##$SHL_PHASEFAC= (0..15)
0 0 0 0 0 0 0 0 0 0 0 0 0 0 0 0
##$SHL_POWERINDEX= (0..15)
0 0 0 0 0 0 0 0 0 0 0 0 0 0 0 0
##$SHL_QUADCOEFF= (0..15)
0 0 0 0 0 0 0 0 0 0 0 0 0 0 0 0
##$SHL_RIGHTLIMIT= (0..15)
0 0 0 0 0 0 0 0 0 0 0 0 0 0 0 0
##$SHL_SCALEFACTOR= (0..15)
1 1 1 1 1 1 1 1 1 1 1 1 1 1 1 1
##$SHL_SF= (0..15)
<> <> <> <> <> <> <> <> <> <> <> <> <> <> <> <>
##$SHL_SFCOEFFS0= (0..200)
0 0 0 0 0 0 0 0 0 0 0 0 0 0 0 0 0 0 0 0 0 0 0 0 0 0 0 0 0 0 0 0 0 0 0 0
0 0 0 0 0 0 0 0 0 0 0 0 0 0 0 0 0 0 0 0 0 0 0 0 0 0 0 0 0 0 0 0 0 0 0 0
0 0 0 0 0 0 0 0 0 0 0 0 0 0 0 0 0 0 0 0 0 0 0 0 0 0 0 0 0 0 0 0 0 0 0 0
0 0 0 0 0 0 0 0 0 0 0 0 0 0 0 0 0 0 0 0 0 0 0 0 0 0 0 0 0 0 0 0 0 0 0 0
0 0 0 0 0 0 0 0 0 0 0 0 0 0 0 0 0 0 0 0 0 0 0 0 0 0 0 0 0 0 0 0 0 0 0 0
0 0 0 0 0 0 0 0 0 0 0 0 0 0 0 0 0 0 0 0 0
##$SHL_SFCOEFFS1= (0..200)
0 0 0 0 0 0 0 0 0 0 0 0 0 0 0 0 0 0 0 0 0 0 0 0 0 0 0 0 0 0 0 0 0 0 0 0
0 0 0 0 0 0 0 0 0 0 0 0 0 0 0 0 0 0 0 0 0 0 0 0 0 0 0 0 0 0 0 0 0 0 0 0
0 0 0 0 0 0 0 0 0 0 0 0 0 0 0 0 0 0 0 0 0 0 0 0 0 0 0 0 0 0 0 0 0 0 0 0
0 0 0 0 0 0 0 0 0 0 0 0 0 0 0 0 0 0 0 0 0 0 0 0 0 0 0 0 0 0 0 0 0 0 0 0
0 0 0 0 0 0 0 0 0 0 0 0 0 0 0 0 0 0 0 0 0 0 0 0 0 0 0 0 0 0 0 0 0 0 0 0
0 0 0 0 0 0 0 0 0 0 0 0 0 0 0 0 0 0 0 0 0
##$SHL_SFCOEFFS10= (0..200)
0 0 0 0 0 0 0 0 0 0 0 0 0 0 0 0 0 0 0 0 0 0 0 0 0 0 0 0 0 0 0 0 0 0 0 0
0 0 0 0 0 0 0 0 0 0 0 0 0 0 0 0 0 0 0 0 0 0 0 0 0 0 0 0 0 0 0 0 0 0 0 0
0 0 0 0 0 0 0 0 0 0 0 0 0 0 0 0 0 0 0 0 0 0 0 0 0 0 0 0 0 0 0 0 0 0 0 0
0 0 0 0 0 0 0 0 0 0 0 0 0 0 0 0 0 0 0 0 0 0 0 0 0 0 0 0 0 0 0 0 0 0 0 0
0 0 0 0 0 0 0 0 0 0 0 0 0 0 0 0 0 0 0 0 0 0 0 0 0 0 0 0 0 0 0 0 0 0 0 0
0 0 0 0 0 0 0 0 0 0 0 0 0 0 0 0 0 0 0 0 0
##$SHL_SFCOEFFS11= (0..200)
0 0 0 0 0 0 0 0 0 0 0 0 0 0 0 0 0 0 0 0 0 0 0 0 0 0 0 0 0 0 0 0 0 0 0 0
0 0 0 0 0 0 0 0 0 0 0 0 0 0 0 0 0 0 0 0 0 0 0 0 0 0 0 0 0 0 0 0 0 0 0 0
0 0 0 0 0 0 0 0 0 0 0 0 0 0 0 0 0 0 0 0 0 0 0 0 0 0 0 0 0 0 0 0 0 0 0 0
0 0 0 0 0 0 0 0 0 0 0 0 0 0 0 0 0 0 0 0 0 0 0 0 0 0 0 0 0 0 0 0 0 0 0 0
0 0 0 0 0 0 0 0 0 0 0 0 0 0 0 0 0 0 0 0 0 0 0 0 0 0 0 0 0 0 0 0 0 0 0 0
0 0 0 0 0 0 0 0 0 0 0 0 0 0 0 0 0 0 0 0 0
##$SHL_SFCOEFFS12= (0..200)
0 0 0 0 0 0 0 0 0 0 0 0 0 0 0 0 0 0 0 0 0 0 0 0 0 0 0 0 0 0 0 0 0 0 0 0
0 0 0 0 0 0 0 0 0 0 0 0 0 0 0 0 0 0 0 0 0 0 0 0 0 0 0 0 0 0 0 0 0 0 0 0
0 0 0 0 0 0 0 0 0 0 0 0 0 0 0 0 0 0 0 0 0 0 0 0 0 0 0 0 0 0 0 0 0 0 0 0
0 0 0 0 0 0 0 0 0 0 0 0 0 0 0 0 0 0 0 0 0 0 0 0 0 0 0 0 0 0 0 0 0 0 0 0
0 0 0 0 0 0 0 0 0 0 0 0 0 0 0 0 0 0 0 0 0 0 0 0 0 0 0 0 0 0 0 0 0 0 0 0
0 0 0 0 0 0 0 0 0 0 0 0 0 0 0 0 0 0 0 0 0
##$SHL_SFCOEFFS13= (0..200)
0 0 0 0 0 0 0 0 0 0 0 0 0 0 0 0 0 0 0 0 0 0 0 0 0 0 0 0 0 0 0 0 0 0 0 0
0 0 0 0 0 0 0 0 0 0 0 0 0 0 0 0 0 0 0 0 0 0 0 0 0 0 0 0 0 0 0 0 0 0 0 0
0 0 0 0 0 0 0 0 0 0 0 0 0 0 0 0 0 0 0 0 0 0 0 0 0 0 0 0 0 0 0 0 0 0 0 0
0 0 0 0 0 0 0 0 0 0 0 0 0 0 0 0 0 0 0 0 0 0 0 0 0 0 0 0 0 0 0 0 0 0 0 0
0 0 0 0 0 0 0 0 0 0 0 0 0 0 0 0 0 0 0 0 0 0 0 0 0 0 0 0 0 0 0 0 0 0 0 0
0 0 0 0 0 0 0 0 0 0 0 0 0 0 0 0 0 0 0 0 0
##$SHL_SFCOEFFS14= (0..200)
0 0 0 0 0 0 0 0 0 0 0 0 0 0 0 0 0 0 0 0 0 0 0 0 0 0 0 0 0 0 0 0 0 0 0 0
0 0 0 0 0 0 0 0 0 0 0 0 0 0 0 0 0 0 0 0 0 0 0 0 0 0 0 0 0 0 0 0 0 0 0 0
0 0 0 0 0 0 0 0 0 0 0 0 0 0 0 0 0 0 0 0 0 0 0 0 0 0 0 0 0 0 0 0 0 0 0 0
0 0 0 0 0 0 0 0 0 0 0 0 0 0 0 0 0 0 0 0 0 0 0 0 0 0 0 0 0 0 0 0 0 0 0 0
0 0 0 0 0 0 0 0 0 0 0 0 0 0 0 0 0 0 0 0 0 0 0 0 0 0 0 0 0 0 0 0 0 0 0 0
0 0 0 0 0 0 0 0 0 0 0 0 0 0 0 0 0 0 0 0 0
##$SHL_SFCOEFFS15= (0..200)
0 0 0 0 0 0 0 0 0 0 0 0 0 0 0 0 0 0 0 0 0 0 0 0 0 0 0 0 0 0 0 0 0 0 0 0
0 0 0 0 0 0 0 0 0 0 0 0 0 0 0 0 0 0 0 0 0 0 0 0 0 0 0 0 0 0 0 0 0 0 0 0
0 0 0 0 0 0 0 0 0 0 0 0 0 0 0 0 0 0 0 0 0 0 0 0 0 0 0 0 0 0 0 0 0 0 0 0
0 0 0 0 0 0 0 0 0 0 0 0 0 0 0 0 0 0 0 0 0 0 0 0 0 0 0 0 0 0 0 0 0 0 0 0
0 0 0 0 0 0 0 0 0 0 0 0 0 0 0 0 0 0 0 0 0 0 0 0 0 0 0 0 0 0 0 0 0 0 0 0
0 0 0 0 0 0 0 0 0 0 0 0 0 0 0 0 0 0 0 0 0
##$SHL_SFCOEFFS2= (0..200)
0 0 0 0 0 0 0 0 0 0 0 0 0 0 0 0 0 0 0 0 0 0 0 0 0 0 0 0 0 0 0 0 0 0 0 0
0 0 0 0 0 0 0 0 0 0 0 0 0 0 0 0 0 0 0 0 0 0 0 0 0 0 0 0 0 0 0 0 0 0 0 0
0 0 0 0 0 0 0 0 0 0 0 0 0 0 0 0 0 0 0 0 0 0 0 0 0 0 0 0 0 0 0 0 0 0 0 0
0 0 0 0 0 0 0 0 0 0 0 0 0 0 0 0 0 0 0 0 0 0 0 0 0 0 0 0 0 0 0 0 0 0 0 0
0 0 0 0 0 0 0 0 0 0 0 0 0 0 0 0 0 0 0 0 0 0 0 0 0 0 0 0 0 0 0 0 0 0 0 0
0 0 0 0 0 0 0 0 0 0 0 0 0 0 0 0 0 0 0 0 0
##$SHL_SFCOEFFS3= (0..200)
0 0 0 0 0 0 0 0 0 0 0 0 0 0 0 0 0 0 0 0 0 0 0 0 0 0 0 0 0 0 0 0 0 0 0 0
0 0 0 0 0 0 0 0 0 0 0 0 0 0 0 0 0 0 0 0 0 0 0 0 0 0 0 0 0 0 0 0 0 0 0 0
0 0 0 0 0 0 0 0 0 0 0 0 0 0 0 0 0 0 0 0 0 0 0 0 0 0 0 0 0 0 0 0 0 0 0 0
0 0 0 0 0 0 0 0 0 0 0 0 0 0 0 0 0 0 0 0 0 0 0 0 0 0 0 0 0 0 0 0 0 0 0 0
0 0 0 0 0 0 0 0 0 0 0 0 0 0 0 0 0 0 0 0 0 0 0 0 0 0 0 0 0 0 0 0 0 0 0 0
0 0 0 0 0 0 0 0 0 0 0 0 0 0 0 0 0 0 0 0 0
##$SHL_SFCOEFFS4= (0..200)
0 0 0 0 0 0 0 0 0 0 0 0 0 0 0 0 0 0 0 0 0 0 0 0 0 0 0 0 0 0 0 0 0 0 0 0
0 0 0 0 0 0 0 0 0 0 0 0 0 0 0 0 0 0 0 0 0 0 0 0 0 0 0 0 0 0 0 0 0 0 0 0
0 0 0 0 0 0 0 0 0 0 0 0 0 0 0 0 0 0 0 0 0 0 0 0 0 0 0 0 0 0 0 0 0 0 0 0
0 0 0 0 0 0 0 0 0 0 0 0 0 0 0 0 0 0 0 0 0 0 0 0 0 0 0 0 0 0 0 0 0 0 0 0
0 0 0 0 0 0 0 0 0 0 0 0 0 0 0 0 0 0 0 0 0 0 0 0 0 0 0 0 0 0 0 0 0 0 0 0
0 0 0 0 0 0 0 0 0 0 0 0 0 0 0 0 0 0 0 0 0
##$SHL_SFCOEFFS5= (0..200)
0 0 0 0 0 0 0 0 0 0 0 0 0 0 0 0 0 0 0 0 0 0 0 0 0 0 0 0 0 0 0 0 0 0 0 0
0 0 0 0 0 0 0 0 0 0 0 0 0 0 0 0 0 0 0 0 0 0 0 0 0 0 0 0 0 0 0 0 0 0 0 0
0 0 0 0 0 0 0 0 0 0 0 0 0 0 0 0 0 0 0 0 0 0 0 0 0 0 0 0 0 0 0 0 0 0 0 0
0 0 0 0 0 0 0 0 0 0 0 0 0 0 0 0 0 0 0 0 0 0 0 0 0 0 0 0 0 0 0 0 0 0 0 0
0 0 0 0 0 0 0 0 0 0 0 0 0 0 0 0 0 0 0 0 0 0 0 0 0 0 0 0 0 0 0 0 0 0 0 0
0 0 0 0 0 0 0 0 0 0 0 0 0 0 0 0 0 0 0 0 0
##$SHL_SFCOEFFS6= (0..200)
0 0 0 0 0 0 0 0 0 0 0 0 0 0 0 0 0 0 0 0 0 0 0 0 0 0 0 0 0 0 0 0 0 0 0 0
0 0 0 0 0 0 0 0 0 0 0 0 0 0 0 0 0 0 0 0 0 0 0 0 0 0 0 0 0 0 0 0 0 0 0 0
0 0 0 0 0 0 0 0 0 0 0 0 0 0 0 0 0 0 0 0 0 0 0 0 0 0 0 0 0 0 0 0 0 0 0 0
0 0 0 0 0 0 0 0 0 0 0 0 0 0 0 0 0 0 0 0 0 0 0 0 0 0 0 0 0 0 0 0 0 0 0 0
0 0 0 0 0 0 0 0 0 0 0 0 0 0 0 0 0 0 0 0 0 0 0 0 0 0 0 0 0 0 0 0 0 0 0 0
0 0 0 0 0 0 0 0 0 0 0 0 0 0 0 0 0 0 0 0 0
##$SHL_SFCOEFFS7= (0..200)
0 0 0 0 0 0 0 0 0 0 0 0 0 0 0 0 0 0 0 0 0 0 0 0 0 0 0 0 0 0 0 0 0 0 0 0
0 0 0 0 0 0 0 0 0 0 0 0 0 0 0 0 0 0 0 0 0 0 0 0 0 0 0 0 0 0 0 0 0 0 0 0
0 0 0 0 0 0 0 0 0 0 0 0 0 0 0 0 0 0 0 0 0 0 0 0 0 0 0 0 0 0 0 0 0 0 0 0
0 0 0 0 0 0 0 0 0 0 0 0 0 0 0 0 0 0 0 0 0 0 0 0 0 0 0 0 0 0 0 0 0 0 0 0
0 0 0 0 0 0 0 0 0 0 0 0 0 0 0 0 0 0 0 0 0 0 0 0 0 0 0 0 0 0 0 0 0 0 0 0
0 0 0 0 0 0 0 0 0 0 0 0 0 0 0 0 0 0 0 0 0
##$SHL_SFCOEFFS8= (0..200)
0 0 0 0 0 0 0 0 0 0 0 0 0 0 0 0 0 0 0 0 0 0 0 0 0 0 0 0 0 0 0 0 0 0 0 0
0 0 0 0 0 0 0 0 0 0 0 0 0 0 0 0 0 0 0 0 0 0 0 0 0 0 0 0 0 0 0 0 0 0 0 0
0 0 0 0 0 0 0 0 0 0 0 0 0 0 0 0 0 0 0 0 0 0 0 0 0 0 0 0 0 0 0 0 0 0 0 0
0 0 0 0 0 0 0 0 0 0 0 0 0 0 0 0 0 0 0 0 0 0 0 0 0 0 0 0 0 0 0 0 0 0 0 0
0 0 0 0 0 0 0 0 0 0 0 0 0 0 0 0 0 0 0 0 0 0 0 0 0 0 0 0 0 0 0 0 0 0 0 0
0 0 0 0 0 0 0 0 0 0 0 0 0 0 0 0 0 0 0 0 0
##$SHL_SFCOEFFS9= (0..200)
0 0 0 0 0 0 0 0 0 0 0 0 0 0 0 0 0 0 0 0 0 0 0 0 0 0 0 0 0 0 0 0 0 0 0 0
0 0 0 0 0 0 0 0 0 0 0 0 0 0 0 0 0 0 0 0 0 0 0 0 0 0 0 0 0 0 0 0 0 0 0 0
0 0 0 0 0 0 0 0 0 0 0 0 0 0 0 0 0 0 0 0 0 0 0 0 0 0 0 0 0 0 0 0 0 0 0 0
0 0 0 0 0 0 0 0 0 0 0 0 0 0 0 0 0 0 0 0 0 0 0 0 0 0 0 0 0 0 0 0 0 0 0 0
0 0 0 0 0 0 0 0 0 0 0 0 0 0 0 0 0 0 0 0 0 0 0 0 0 0 0 0 0 0 0 0 0 0 0 0
0 0 0 0 0 0 0 0 0 0 0 0 0 0 0 0 0 0 0 0 0
##$SHL_SMOOTHED= (0..15)
0 0 0 0 0 0 0 0 0 0 0 0 0 0 0 0
##$SHL_SMOOTHING= (0..15)
0 0 0 0 0 0 0 0 0 0 0 0 0 0 0 0
##$SHL_SPOAL= (0..15)
0 0 0 0 0 0 0 0 0 0 0 0 0 0 0 0
##$SHL_SPOFFS= (0..15)
0 0 0 0 0 0 0 0 0 0 0 0 0 0 0 0
##$SHL_SPOPH= (0..15)
0 0 0 0 0 0 0 0 0 0 0 0 0 0 0 0
##$SHL_STARTAMP= (0..15)
0 0 0 0 0 0 0 0 0 0 0 0 0 0 0 0
##$SHL_SW= (0..15)
0 0 0 0 0 0 0 0 0 0 0 0 0 0 0 0
##$SHL_SWDIR= (0..15)
-1 -1 -1 -1 -1 -1 -1 -1 -1 -1 -1 -1 -1 -1 -1 -1
##$SHL_TANKAPPA= (0..15)
0 0 0 0 0 0 0 0 0 0 0 0 0 0 0 0
##$SHL_TOTROT= (0..15)
90 0 0 0 0 0 0 0 0 0 0 0 0 0 0 0
##$SHL_TRUNCLEV= (0..15)
0 0 0 0 0 0 0 0 0 0 0 0 0 0 0 0
##$SHL_TYPE= (0..15)
<Excitation> <> <> <> <> <> <> <> <> <> <> <> <> <> <> <>
##$SHL_WINDOWSIZE= (0..15)
0 0 0 0 0 0 0 0 0 0 0 0 0 0 0 0
##$SHL_ZETA= (0..15)
0 0 0 0 0 0 0 0 0 0 0 0 0 0 0 0
##NPOINTS= 1250
##XYPOINTS= (XY..XY)
72.790293, 75.912534
72.329007, 77.526070
71.864863, 79.139697
71.397896, 80.753417
70.928140, 82.367231
70.455628, 83.981142
69.980397, 85.595152
69.502479, 87.209262
69.021912, 88.823476
68.538729, 90.437794
68.052966, 92.052221
67.564659, 93.666757
67.073844, 95.281406
66.580557, 96.896170
66.084834, 98.511051
65.586710, 100.126053
65.086224, 101.741179
64.583411, 103.356430
64.078308, 104.971812
63.570952, 106.587325
63.061382, 108.202975
62.549633, 109.818763
62.035743, 111.434694
61.519751, 113.050772
61.001694, 114.667000
60.481610, 116.283382
59.959537, 117.899922
59.435513, 119.516624
58.909578, 121.133493
58.381769, 122.750533
57.852125, 124.367750
57.320685, 125.985147
56.787488, 127.602730
56.252574, 129.220505
55.715981, 130.838477
55.177749, 132.456651
54.637917, 134.075033
54.096525, 135.693631
53.553613, 137.312449
53.009220, 138.931496
52.463387, 140.550778
51.916153, 142.170302
51.367559, 143.790076
50.817645, 145.410109
50.266452, 147.030407
49.714019, 148.650981
49.160387, 150.271839
48.605598, 151.892991
48.049691, 153.514447
47.492708, 155.136217
46.934690, 156.758312
46.375677, 158.380744
45.815711, 160.003524
45.254832, 161.626666
44.693082, 163.250182
44.130503, 164.874086
43.567135, 166.498393
43.003020, 168.123119
42.438200, 169.748278
41.872716, 171.373890
41.306609, 172.999970
40.739921, 174.626539
40.172695, 176.253616
39.604971, 177.881221
39.036791, 179.509378
38.468198, 181.138110
37.899233, 182.767441
37.329938, 184.397398
36.760355, 186.028008
36.190527, 187.659302
35.620494, 189.291310
35.050299, 190.924066
34.479985, 192.557605
33.909593, 194.191965
33.339165, 195.827185
32.768743, 197.463310
32.198371, 199.100384
31.628089, 200.738456
31.057941, 202.377579
30.487968, 204.017809
29.918212, 205.659205
29.348717, 207.301832
28.779524, 208.945760
28.210675, 210.591063
27.642213, 212.237822
27.074180, 213.886123
26.506619, 215.536061
25.939572, 217.187737
25.373081, 218.841261
24.807190, 220.496754
24.241939, 222.154346
23.677373, 223.814179
23.113534, 225.476409
22.550463, 227.141206
21.988205, 228.808756
21.426802, 230.479266
20.866296, 232.152960
20.306732, 233.830089
19.748151, 235.510930
19.190598, 237.195789
18.634116, 238.885008
18.078749, 240.578970
17.524541, 242.278101
16.971536, 243.982882
16.419780, 245.693855
15.869317, 247.411634
15.320193, 249.136915
14.772455, 250.870495
14.226150, 252.613284
13.681327, 254.366335
13.138034, 256.130862
12.596324, 257.908282
12.056249, 259.700253
11.517863, 261.508730
10.981224, 263.336033
10.446395, 265.184937
9.913439, 267.058791
9.382429, 268.961667
8.853443, 270.898575
8.326568, 272.875742
7.801906, 274.901003
7.279572, 276.984357
6.759710, 279.138763
6.242490, 281.381310
5.728135, 283.734995
5.216933, 286.231483
4.709281, 288.915554
4.205738, 291.852553
3.707143, 295.141424
3.214812, 298.938748
2.730947, 303.505734
2.259534, 309.306176
1.808471, 317.222671
1.395156, 329.032573
1.061239, 348.121066
0.895998, 17.468505
0.984399, 49.031235
1.271864, 71.126768
1.655663, 84.684290
2.081418, 93.523448
2.526519, 99.838395
2.981028, 104.713764
3.440089, 108.708097
3.901088, 112.129603
4.362498, 115.159792
4.823369, 117.911667
5.283071, 120.458936
5.741173, 122.851587
6.197359, 125.124651
6.651396, 127.303379
7.103104, 129.406414
7.552336, 131.447810
7.998976, 133.438356
8.442924, 135.386470
8.884095, 137.298816
9.322415, 139.180735
9.757816, 141.036555
10.190240, 142.869824
10.619631, 144.683476
11.045939, 146.479958
11.469116, 148.261324
11.889118, 150.029318
12.305902, 151.785422
12.719427, 153.530908
13.129655, 155.266873
13.536547, 156.994270
13.940068, 158.713925
14.340183, 160.426563
14.736856, 162.132823
15.130055, 163.833265
15.519746, 165.528389
15.905898, 167.218636
16.288479, 168.904402
16.667458, 170.586038
17.042805, 172.263864
17.414490, 173.938163
17.782485, 175.609192
18.146759, 177.277186
18.507285, 178.942354
18.864035, 180.604889
19.216981, 182.264966
19.566097, 183.922744
19.911354, 185.578369
20.252728, 187.231975
20.590191, 188.883685
20.923719, 190.533611
21.253286, 192.181859
21.578867, 193.828523
21.900438, 195.473693
22.217973, 197.117450
22.531451, 198.759872
22.840846, 200.401028
23.146135, 202.040985
23.447297, 203.679803
23.744308, 205.317540
24.037146, 206.954248
24.325789, 208.589978
24.610216, 210.224775
24.890405, 211.858684
25.166336, 213.491745
25.437988, 215.123995
25.705340, 216.755472
25.968374, 218.386208
26.227069, 220.016235
26.481407, 221.645583
26.731367, 223.274280
26.976933, 224.902353
27.218085, 226.529826
27.454806, 228.156723
27.687078, 229.783067
27.914885, 231.408878
28.138208, 233.034176
28.357032, 234.658980
28.571340, 236.283308
28.781117, 237.907176
28.986348, 239.530602
29.187016, 241.153600
29.383107, 242.776184
29.574607, 244.398369
29.761501, 246.020167
29.943775, 247.641590
30.121417, 249.262651
30.294414, 250.883361
30.462751, 252.503729
30.626417, 254.123768
30.785400, 255.743485
30.939688, 257.362890
31.089270, 258.981993
31.234134, 260.600800
31.374271, 262.219321
31.509668, 263.837563
31.640318, 265.455533
31.766209, 267.073238
31.887334, 268.690684
32.003681, 270.307878
32.115245, 271.924826
32.222015, 273.541533
32.323984, 275.158004
32.421144, 276.774246
32.513489, 278.390262
32.601012, 280.006057
32.683706, 281.621637
32.761564, 283.237004
32.834582, 284.852164
32.902754, 286.467119
32.966075, 288.081873
33.024539, 289.696431
33.078144, 291.310794
33.126884, 292.924966
33.170757, 294.538951
33.209759, 296.152750
33.243887, 297.766366
33.273138, 299.379801
33.297511, 300.993059
33.317004, 302.606140
33.331614, 304.219048
33.341342, 305.831783
33.346186, 307.444347
33.346146, 309.056742
33.341222, 310.668969
33.331415, 312.281029
33.316724, 313.892924
33.297151, 315.504655
33.272698, 317.116222
33.243366, 318.727626
33.209157, 320.338867
33.170074, 321.949947
33.126120, 323.560865
33.077298, 325.171622
33.023611, 326.782217
32.965064, 328.392651
32.901660, 330.002923
32.833404, 331.613034
32.760302, 333.222982
32.682359, 334.832767
32.599580, 336.442389
32.511971, 338.051845
32.419539, 339.661137
32.322291, 341.270261
32.220233, 342.879217
32.113374, 344.488004
32.001721, 346.096620
31.885282, 347.705062
31.764065, 349.313329
31.638080, 350.921420
31.507336, 352.529331
31.371843, 354.137059
31.231610, 355.744603
31.086647, 357.351960
30.936966, 358.959126
30.782577, 0.566097
30.623491, 2.172871
30.459721, 3.779444
30.291278, 5.385811
30.118175, 6.991968
29.940424, 8.597911
29.758038, 10.203634
29.571031, 11.809133
29.379416, 13.414402
29.183208, 15.019435
28.982421, 16.624225
28.777069, 18.228767
28.567168, 19.833054
28.352733, 21.437076
28.133780, 23.040828
27.910325, 24.644301
27.682384, 26.247485
27.449974, 27.850371
27.213113, 29.452950
26.971817, 31.055210
26.726104, 32.657141
26.475992, 34.258730
26.221500, 35.859964
25.962646, 37.460830
25.699450, 39.061314
25.431930, 40.661400
25.160107, 42.261071
24.884000, 43.860311
24.603630, 45.459100
24.319017, 47.057419
24.030182, 48.655245
23.737147, 50.252557
23.439933, 51.849330
23.138561, 53.445536
22.833055, 55.041150
22.523437, 56.636139
22.209729, 58.230471
21.891954, 59.824112
21.570137, 61.417023
21.244300, 63.009164
20.914468, 64.600490
20.580665, 66.190953
20.242916, 67.780502
19.901246, 69.369081
19.555679, 70.956627
19.206243, 72.543073
18.852962, 74.128348
18.495862, 75.712371
18.134971, 77.295055
17.770315, 78.876303
17.401922, 80.456010
17.029817, 82.034058
16.654031, 83.610320
16.274590, 85.184651
15.891522, 86.756893
15.504858, 88.326868
15.114625, 89.894377
14.720854, 91.459199
14.323574, 93.021082
13.922816, 94.579743
13.518609, 96.134862
13.110985, 97.686072
12.699976, 99.232957
12.285614, 100.775035
11.867931, 102.311753
11.446960, 103.842467
11.022735, 105.366425
10.595291, 106.882746
10.164662, 108.390386
9.730887, 109.888102
9.294001, 111.374400
8.854044, 112.847471
8.411058, 114.305103
7.965085, 115.744560
7.516171, 117.162419
7.064367, 118.554339
6.609727, 119.914735
6.152313, 121.236293
5.692197, 122.509254
5.229465, 123.720292
4.764224, 124.850735
4.296615, 125.873592
3.826830, 126.748360
3.355154, 127.411419
2.882041, 127.756948
2.408277, 127.595468
1.935393, 126.552714
1.466865, 123.781619
1.012533, 116.951455
0.611412, 97.832888
0.452641, 46.718658
0.725036, 5.925635
1.159043, 352.190790
1.632498, 347.019003
2.120763, 344.911349
2.616863, 344.192471
3.118136, 344.211595
3.623345, 344.667603
4.131830, 345.402959
4.643196, 346.327516
5.157191, 347.386049
5.673636, 348.542876
6.192398, 349.773932
6.713374, 351.062400
7.236479, 352.396181
7.761638, 353.766347
8.288787, 355.166169
8.817868, 356.590478
9.348825, 358.035240
9.881607, 359.497261
10.416166, 0.973975
10.952453, 2.463303
11.490423, 3.963540
12.030031, 5.473273
12.571233, 6.991324
13.113985, 8.516702
13.658244, 10.048566
14.203967, 11.586199
14.751112, 13.128987
15.299637, 14.676399
15.849500, 16.227975
16.400659, 17.783313
16.953072, 19.342061
17.506697, 20.903911
18.061493, 22.468589
18.617418, 24.035854
19.174431, 25.605491
19.732490, 27.177306
20.291554, 28.751130
20.851580, 30.326807
21.412528, 31.904198
21.974355, 33.483177
22.537020, 35.063632
23.100482, 36.645459
23.664699, 38.228565
24.229628, 39.812863
24.795229, 41.398277
25.361460, 42.984734
25.928279, 44.572169
26.495644, 46.160523
27.063513, 47.749739
27.631844, 49.339767
28.200597, 50.930560
28.769728, 52.522074
29.339196, 54.114268
29.908959, 55.707107
30.478975, 57.300553
31.049203, 58.894577
31.619600, 60.489147
32.190125, 62.084235
32.760735, 63.679815
33.331389, 65.275863
33.902044, 66.872355
34.472660, 68.469272
35.043193, 70.066591
35.613603, 71.664295
36.183846, 73.262366
36.753882, 74.860787
37.323669, 76.459542
37.893164, 78.058617
38.462326, 79.657998
39.031114, 81.257672
39.599484, 82.857626
40.167397, 84.457848
40.734809, 86.058328
41.301680, 87.659054
41.867968, 89.260018
42.433632, 90.861209
42.998629, 92.462619
43.562918, 94.064239
44.126459, 95.666061
44.689209, 97.268077
45.251128, 98.870281
45.812173, 100.472664
46.372305, 102.075222
46.931482, 103.677946
47.489664, 105.280832
48.046808, 106.883873
48.602874, 108.487065
49.157822, 110.090401
49.711611, 111.693877
50.264200, 113.297488
50.815548, 114.901230
51.365616, 116.505098
51.914363, 118.109088
52.461748, 119.713196
53.007732, 121.317419
53.552275, 122.921751
54.095336, 124.526191
54.636876, 126.130734
55.176856, 127.735378
55.715235, 129.340119
56.251973, 130.944954
56.787033, 132.549881
57.320374, 134.154896
57.851958, 135.759997
58.381745, 137.365182
58.909697, 138.970447
59.435775, 140.575791
59.959940, 142.181211
60.482154, 143.786706
61.002379, 145.392272
61.520576, 146.997908
62.036708, 148.603613
62.550737, 150.209383
63.062625, 151.815217
63.572334, 153.421114
64.079828, 155.027072
64.585068, 156.633089
65.088019, 158.239163
65.588643, 159.845293
66.086903, 161.451477
66.582763, 163.057715
67.076187, 164.664004
67.567138, 166.270343
68.055580, 167.876732
68.541478, 169.483168
69.024796, 171.089650
69.505499, 172.696178
69.983551, 174.302749
70.458918, 175.909364
70.931564, 177.516021
71.401455, 179.122718
71.868556, 180.729455
72.332833, 182.336231
72.794253, 183.943045
73.252781, 185.549896
73.708383, 187.156783
74.161028, 188.763705
74.610680, 190.370662
75.057307, 191.977652
75.500877, 193.584674
75.941357, 195.191729
76.378715, 196.798814
76.812918, 198.405930
77.243935, 200.013076
77.671735, 201.620251
78.096285, 203.227454
78.517555, 204.834685
78.935514, 206.441942
79.350132, 208.049226
79.761377, 209.656536
80.169220, 211.263871
80.573631, 212.871230
80.974580, 214.478613
81.372038, 216.086020
81.765976, 217.693450
82.156365, 219.300902
82.543175, 220.908376
82.926380, 222.515872
83.305951, 224.123388
83.681859, 225.730924
84.054079, 227.338481
84.422581, 228.946057
84.787339, 230.553652
85.148327, 232.161266
85.505518, 233.768898
85.858886, 235.376547
86.208404, 236.984214
86.554048, 238.591898
86.895792, 240.199599
87.233611, 241.807315
87.567480, 243.415048
87.897375, 245.022796
88.223271, 246.630559
88.545145, 248.238337
88.862973, 249.846129
89.176732, 251.453936
89.486399, 253.061756
89.791950, 254.669589
90.093365, 256.277436
90.390620, 257.885296
90.683694, 259.493168
90.972565, 261.101052
91.257212, 262.708948
91.537615, 264.316856
91.813753, 265.924775
92.085605, 267.532705
92.353151, 269.140646
92.616373, 270.748598
92.875250, 272.356560
93.129765, 273.964532
93.379897, 275.572514
93.625629, 277.180505
93.866943, 278.788506
94.103821, 280.396515
94.336245, 282.004534
94.564199, 283.612561
94.787667, 285.220596
95.006631, 286.828640
95.221075, 288.436691
95.430984, 290.044751
95.636343, 291.652817
95.837136, 293.260891
96.033349, 294.868972
96.224968, 296.477060
96.411977, 298.085155
96.594364, 299.693256
96.772116, 301.301363
96.945218, 302.909476
97.113659, 304.517596
97.277426, 306.125721
97.436508, 307.733851
97.590892, 309.341987
97.740567, 310.950128
97.885522, 312.558274
98.025747, 314.166424
98.161231, 315.774579
98.291964, 317.382739
98.417938, 318.990903
98.539142, 320.599071
98.655567, 322.207242
98.767206, 323.815418
98.874050, 325.423597
98.976091, 327.031779
99.073322, 328.639965
99.165735, 330.248154
99.253324, 331.856345
99.336082, 333.464540
99.414004, 335.072737
99.487083, 336.680936
99.555315, 338.289138
99.618694, 339.897341
99.677215, 341.505547
99.730875, 343.113754
99.779669, 344.721963
99.823593, 346.330174
99.862646, 347.938386
99.896823, 349.546598
99.926122, 351.154812
99.950542, 352.763027
99.970079, 354.371243
99.984734, 355.979459
99.994504, 357.587675
99.999389, 359.195892
99.999389, 0.804108
99.994504, 2.412325
99.984734, 4.020541
99.970079, 5.628757
99.950542, 7.236973
99.926122, 8.845188
99.896823, 10.453402
99.862646, 12.061614
99.823593, 13.669826
99.779669, 15.278037
99.730875, 16.886246
99.677215, 18.494453
99.618694, 20.102659
99.555315, 21.710862
99.487083, 23.319064
99.414004, 24.927263
99.336082, 26.535460
99.253324, 28.143655
99.165735, 29.751846
99.073322, 31.360035
98.976091, 32.968221
98.874050, 34.576403
98.767206, 36.184582
98.655567, 37.792758
98.539142, 39.400929
98.417938, 41.009097
98.291964, 42.617261
98.161231, 44.225421
98.025747, 45.833576
97.885522, 47.441726
97.740567, 49.049872
97.590892, 50.658013
97.436508, 52.266149
97.277426, 53.874279
97.113659, 55.482404
96.945218, 57.090524
96.772116, 58.698637
96.594364, 60.306744
96.411977, 61.914845
96.224968, 63.522940
96.033349, 65.131028
95.837136, 66.739109
95.636343, 68.347183
95.430984, 69.955249
95.221075, 71.563309
95.006631, 73.171360
94.787667, 74.779404
94.564199, 76.387439
94.336245, 77.995466
94.103821, 79.603485
93.866943, 81.211494
93.625629, 82.819495
93.379897, 84.427486
93.129765, 86.035468
92.875250, 87.643440
92.616373, 89.251402
92.353151, 90.859354
92.085605, 92.467295
91.813753, 94.075225
91.537615, 95.683144
91.257212, 97.291052
90.972565, 98.898948
90.683694, 100.506832
90.390620, 102.114704
90.093365, 103.722564
89.791950, 105.330411
89.486399, 106.938244
89.176732, 108.546064
88.862973, 110.153871
88.545145, 111.761663
88.223271, 113.369441
87.897375, 114.977204
87.567480, 116.584952
87.233611, 118.192685
86.895792, 119.800401
86.554048, 121.408102
86.208404, 123.015786
85.858886, 124.623453
85.505518, 126.231102
85.148327, 127.838734
84.787339, 129.446348
84.422581, 131.053943
84.054079, 132.661519
83.681859, 134.269076
83.305951, 135.876612
82.926380, 137.484128
82.543175, 139.091624
82.156365, 140.699098
81.765976, 142.306550
81.372038, 143.913980
80.974580, 145.521387
80.573631, 147.128770
80.169220, 148.736129
79.761377, 150.343464
79.350132, 151.950774
78.935514, 153.558058
78.517555, 155.165315
78.096285, 156.772546
77.671735, 158.379749
77.243935, 159.986924
76.812918, 161.594070
76.378715, 163.201186
75.941357, 164.808271
75.500877, 166.415326
75.057307, 168.022348
74.610680, 169.629338
74.161028, 171.236295
73.708383, 172.843217
73.252781, 174.450104
72.794253, 176.056955
72.332833, 177.663769
71.868556, 179.270545
71.401455, 180.877282
70.931564, 182.483979
70.458918, 184.090636
69.983551, 185.697251
69.505499, 187.303822
69.024796, 188.910350
68.541478, 190.516832
68.055580, 192.123268
67.567138, 193.729657
67.076187, 195.335996
66.582763, 196.942285
66.086903, 198.548523
65.588643, 200.154707
65.088019, 201.760837
64.585068, 203.366911
64.079828, 204.972928
63.572334, 206.578886
63.062625, 208.184783
62.550737, 209.790617
62.036708, 211.396387
61.520576, 213.002092
61.002379, 214.607728
60.482154, 216.213294
59.959940, 217.818789
59.435775, 219.424209
58.909697, 221.029553
58.381745, 222.634818
57.851958, 224.240003
57.320374, 225.845104
56.787033, 227.450119
56.251973, 229.055046
55.715235, 230.659881
55.176856, 232.264622
54.636876, 233.869266
54.095336, 235.473809
53.552275, 237.078249
53.007732, 238.682581
52.461748, 240.286804
51.914363, 241.890912
51.365616, 243.494902
50.815548, 245.098770
50.264200, 246.702512
49.711611, 248.306123
49.157822, 249.909599
48.602874, 251.512935
48.046808, 253.116127
47.489664, 254.719168
46.931482, 256.322054
46.372305, 257.924778
45.812173, 259.527336
45.251128, 261.129719
44.689209, 262.731923
44.126459, 264.333939
43.562918, 265.935761
42.998629, 267.537381
42.433632, 269.138791
41.867968, 270.739982
41.301680, 272.340946
40.734809, 273.941672
40.167397, 275.542152
39.599484, 277.142374
39.031114, 278.742328
38.462326, 280.342002
37.893164, 281.941383
37.323669, 283.540458
36.753882, 285.139213
36.183846, 286.737634
35.613603, 288.335705
35.043193, 289.933409
34.472660, 291.530728
33.902044, 293.127645
33.331389, 294.724137
32.760735, 296.320185
32.190125, 297.915765
31.619600, 299.510853
31.049203, 301.105423
30.478975, 302.699447
29.908959, 304.292893
29.339196, 305.885732
28.769728, 307.477926
28.200597, 309.069440
27.631844, 310.660233
27.063513, 312.250261
26.495644, 313.839477
25.928279, 315.427831
25.361460, 317.015266
24.795229, 318.601723
24.229628, 320.187137
23.664699, 321.771435
23.100482, 323.354541
22.537020, 324.936368
21.974355, 326.516823
21.412528, 328.095802
20.851580, 329.673193
20.291554, 331.248870
19.732490, 332.822694
19.174431, 334.394509
18.617418, 335.964146
18.061493, 337.531411
17.506697, 339.096089
16.953072, 340.657939
16.400659, 342.216687
15.849500, 343.772025
15.299637, 345.323601
14.751112, 346.871013
14.203967, 348.413801
13.658244, 349.951434
13.113985, 351.483298
12.571233, 353.008676
12.030031, 354.526727
11.490423, 356.036460
10.952453, 357.536697
10.416166, 359.026025
9.881607, 0.502739
9.348825, 1.964760
8.817868, 3.409522
8.288787, 4.833831
7.761638, 6.233653
7.236479, 7.603819
6.713374, 8.937600
6.192398, 10.226068
5.673636, 11.457124
5.157191, 12.613951
4.643196, 13.672484
4.131830, 14.597041
3.623345, 15.332397
3.118136, 15.788405
2.616863, 15.807529
2.120763, 15.088651
1.632498, 12.980997
1.159043, 7.809210
0.725036, 354.074365
0.452641, 313.281342
0.611412, 262.167112
1.012533, 243.048545
1.466865, 236.218381
1.935393, 233.447286
2.408277, 232.404532
2.882041, 232.243052
3.355154, 232.588581
3.826830, 233.251640
4.296615, 234.126408
4.764224, 235.149265
5.229465, 236.279708
5.692197, 237.490746
6.152313, 238.763707
6.609727, 240.085265
7.064367, 241.445661
7.516171, 242.837581
7.965085, 244.255440
8.411058, 245.694897
8.854044, 247.152529
9.294001, 248.625600
9.730887, 250.111898
10.164662, 251.609614
10.595291, 253.117254
11.022735, 254.633575
11.446960, 256.157533
11.867931, 257.688247
12.285614, 259.224965
12.699976, 260.767043
13.110985, 262.313928
13.518609, 263.865138
13.922816, 265.420257
14.323574, 266.978918
14.720854, 268.540801
15.114625, 270.105623
15.504858, 271.673132
15.891522, 273.243107
16.274590, 274.815349
16.654031, 276.389680
17.029817, 277.965942
17.401922, 279.543990
17.770315, 281.123697
18.134971, 282.704945
18.495862, 284.287629
18.852962, 285.871652
19.206243, 287.456927
19.555679, 289.043373
19.901246, 290.630919
20.242916, 292.219498
20.580665, 293.809047
20.914468, 295.399510
21.244300, 296.990836
21.570137, 298.582977
21.891954, 300.175888
22.209729, 301.769529
22.523437, 303.363861
22.833055, 304.958850
23.138561, 306.554464
23.439933, 308.150670
23.737147, 309.747443
24.030182, 311.344755
24.319017, 312.942581
24.603630, 314.540900
24.884000, 316.139689
25.160107, 317.738929
25.431930, 319.338600
25.699450, 320.938686
25.962646, 322.539170
26.221500, 324.140036
26.475992, 325.741270
26.726104, 327.342859
26.971817, 328.944790
27.213113, 330.547050
27.449974, 332.149629
27.682384, 333.752515
27.910325, 335.355699
28.133780, 336.959172
28.352733, 338.562924
28.567168, 340.166946
28.777069, 341.771233
28.982421, 343.375775
29.183208, 344.980565
29.379416, 346.585598
29.571031, 348.190867
29.758038, 349.796366
29.940424, 351.402089
30.118175, 353.008032
30.291278, 354.614189
30.459721, 356.220556
30.623491, 357.827129
30.782577, 359.433903
30.936966, 1.040874
31.086647, 2.648040
31.231610, 4.255397
31.371843, 5.862941
31.507336, 7.470669
31.638080, 9.078580
31.764065, 10.686671
31.885282, 12.294938
32.001721, 13.903380
32.113374, 15.511996
32.220233, 17.120783
32.322291, 18.729739
32.419539, 20.338863
32.511971, 21.948155
32.599580, 23.557611
32.682359, 25.167233
32.760302, 26.777018
32.833404, 28.386966
32.901660, 29.997077
32.965064, 31.607349
33.023611, 33.217783
33.077298, 34.828378
33.126120, 36.439135
33.170074, 38.050053
33.209157, 39.661133
33.243366, 41.272374
33.272698, 42.883778
33.297151, 44.495345
33.316724, 46.107076
33.331415, 47.718971
33.341222, 49.331031
33.346146, 50.943258
33.346186, 52.555653
33.341342, 54.168217
33.331614, 55.780952
33.317004, 57.393860
33.297511, 59.006941
33.273138, 60.620199
33.243887, 62.233634
33.209759, 63.847250
33.170757, 65.461049
33.126884, 67.075034
33.078144, 68.689206
33.024539, 70.303569
32.966075, 71.918127
32.902754, 73.532881
32.834582, 75.147836
32.761564, 76.762996
32.683706, 78.378363
32.601012, 79.993943
32.513489, 81.609738
32.421144, 83.225754
32.323984, 84.841996
32.222015, 86.458467
32.115245, 88.075174
32.003681, 89.692122
31.887334, 91.309316
31.766209, 92.926762
31.640318, 94.544467
31.509668, 96.162437
31.374271, 97.780679
31.234134, 99.399200
31.089270, 101.018007
30.939688, 102.637110
30.785400, 104.256515
30.626417, 105.876232
30.462751, 107.496271
30.294414, 109.116639
30.121417, 110.737349
29.943775, 112.358410
29.761501, 113.979833
29.574607, 115.601631
29.383107, 117.223816
29.187016, 118.846400
28.986348, 120.469398
28.781117, 122.092824
28.571340, 123.716692
28.357032, 125.341020
28.138208, 126.965824
27.914885, 128.591122
27.687078, 130.216933
27.454806, 131.843277
27.218085, 133.470174
26.976933, 135.097647
26.731367, 136.725720
26.481407, 138.354417
26.227069, 139.983765
25.968374, 141.613792
25.705340, 143.244528
25.437988, 144.876005
25.166336, 146.508255
24.890405, 148.141316
24.610216, 149.775225
24.325789, 151.410022
24.037146, 153.045752
23.744308, 154.682460
23.447297, 156.320197
23.146135, 157.959015
22.840846, 159.598972
22.531451, 161.240128
22.217973, 162.882550
21.900438, 164.526307
21.578867, 166.171477
21.253286, 167.818141
20.923719, 169.466389
20.590191, 171.116315
20.252728, 172.768025
19.911354, 174.421631
19.566097, 176.077256
19.216981, 177.735034
18.864035, 179.395111
18.507285, 181.057646
18.146759, 182.722814
17.782485, 184.390808
17.414490, 186.061837
17.042805, 187.736136
16.667458, 189.413962
16.288479, 191.095598
15.905898, 192.781364
15.519746, 194.471611
15.130055, 196.166735
14.736856, 197.867177
14.340183, 199.573437
13.940068, 201.286075
13.536547, 203.005730
13.129655, 204.733127
12.719427, 206.469092
12.305902, 208.214578
11.889118, 209.970682
11.469116, 211.738676
11.045939, 213.520042
10.619631, 215.316524
10.190240, 217.130176
9.757816, 218.963445
9.322415, 220.819265
8.884095, 222.701184
8.442924, 224.613530
7.998976, 226.561644
7.552336, 228.552190
7.103104, 230.593586
6.651396, 232.696621
6.197359, 234.875349
5.741173, 237.148413
5.283071, 239.541064
4.823369, 242.088333
4.362498, 244.840208
3.901088, 247.870397
3.440089, 251.291903
2.981028, 255.286236
2.526519, 260.161605
2.081418, 266.476552
1.655663, 275.315710
1.271864, 288.873232
0.984399, 310.968765
0.895998, 342.531495
1.061239, 11.878934
1.395156, 30.967427
1.808471, 42.777329
2.259534, 50.693824
2.730947, 56.494266
3.214812, 61.061252
3.707143, 64.858576
4.205738, 68.147447
4.709281, 71.084446
5.216933, 73.768517
5.728135, 76.265005
6.242490, 78.618690
6.759710, 80.861237
7.279572, 83.015643
7.801906, 85.098997
8.326568, 87.124258
8.853443, 89.101425
9.382429, 91.038333
9.913439, 92.941209
10.446395, 94.815063
10.981224, 96.663967
11.517863, 98.491270
12.056249, 100.299747
12.596324, 102.091718
13.138034, 103.869138
13.681327, 105.633665
14.226150, 107.386716
14.772455, 109.129505
15.320193, 110.863085
15.869317, 112.588366
16.419780, 114.306145
16.971536, 116.017118
17.524541, 117.721899
18.078749, 119.421030
18.634116, 121.114992
19.190598, 122.804211
19.748151, 124.489070
20.306732, 126.169911
20.866296, 127.847040
21.426802, 129.520734
21.988205, 131.191244
22.550463, 132.858794
23.113534, 134.523591
23.677373, 136.185821
24.241939, 137.845654
24.807190, 139.503246
25.373081, 141.158739
25.939572, 142.812263
26.506619, 144.463939
27.074180, 146.113877
27.642213, 147.762178
28.210675, 149.408937
28.779524, 151.054240
29.348717, 152.698168
29.918212, 154.340795
30.487968, 155.982191
31.057941, 157.622421
31.628089, 159.261544
32.198371, 160.899616
32.768743, 162.536690
33.339165, 164.172815
33.909593, 165.808035
34.479985, 167.442395
35.050299, 169.075934
35.620494, 170.708690
36.190527, 172.340698
36.760355, 173.971992
37.329938, 175.602602
37.899233, 177.232559
38.468198, 178.861890
39.036791, 180.490622
39.604971, 182.118779
40.172695, 183.746384
40.739921, 185.373461
41.306609, 187.000030
41.872716, 188.626110
42.438200, 190.251722
43.003020, 191.876881
43.567135, 193.501607
44.130503, 195.125914
44.693082, 196.749818
45.254832, 198.373334
45.815711, 199.996476
46.375677, 201.619256
46.934690, 203.241688
47.492708, 204.863783
48.049691, 206.485553
48.605598, 208.107009
49.160387, 209.728161
49.714019, 211.349019
50.266452, 212.969593
50.817645, 214.589891
51.367559, 216.209924
51.916153, 217.829698
52.463387, 219.449222
53.009220, 221.068504
53.553613, 222.687551
54.096525, 224.306369
54.637917, 225.924967
55.177749, 227.543349
55.715981, 229.161523
56.252574, 230.779495
56.787488, 232.397270
57.320685, 234.014853
57.852125, 235.632250
58.381769, 237.249467
58.909578, 238.866507
59.435513, 240.483376
59.959537, 242.100078
60.481610, 243.716618
61.001694, 245.333000
61.519751, 246.949228
62.035743, 248.565306
62.549633, 250.181237
63.061382, 251.797025
63.570952, 253.412675
64.078308, 255.028188
64.583411, 256.643570
65.086224, 258.258821
65.586710, 259.873947
66.084834, 261.488949
66.580557, 263.103830
67.073844, 264.718594
67.564659, 266.333243
68.052966, 267.947779
68.538729, 269.562206
69.021912, 271.176524
69.502479, 272.790738
69.980397, 274.404848
70.455628, 276.018858
70.928140, 277.632769
71.397896, 279.246583
71.864863, 280.860303
72.329007, 282.473930
72.790293, 284.087466
##END=
