##TITLE= Parameter file, TopSpin 4.3.0
##JCAMPDX= 5.0
##DATATYPE= Parameter Values
##ORIGIN= Bruker BioSpin GmbH
##OWNER= nmrsu
$$ 2024-03-04 13:36:35.586 +0000  nmrsu@4CE1161FJM
$$ C:/Bruker/TopSpin4.3.0/exp/stan/nmr/lists/wave/user/multisupp_aux_d8
$$ process C:\Bruker\TopSpin4.3.0\prog\mod\xwinshape.exe
##MINX= 12.30941600
##MAXX= 99.99953200
##MINY= 0.53012200
##MAXY= 359.46987800
##$SHAPE_ADDPHASE= 0
##$SHAPE_AMP= 99.9995319
##$SHAPE_BWFAC= 0
##$SHAPE_BWFAC50= 0
##$SHAPE_CALCBW= yes
##$SHAPE_CALCINTEG= yes
##$SHAPE_EXMODE= <Excitation>
##$SHAPE_EXPAND= <>
##$SHAPE_EXPANDCF= (0..143)
0 0 0 0 0 0 0 0 0 0 0 0 0 0 0 0 0 0 0 0 0 0 0 0 0 0 0 0 0 0 0 0 0 0 0 0
0 0 0 0 0 0 0 0 0 0 0 0 0 0 0 0 0 0 0 0 0 0 0 0 0 0 0 0 0 0 0 0 0 0 0 0
0 0 0 0 0 0 0 0 0 0 0 0 0 0 0 0 0 0 0 0 0 0 0 0 0 0 0 0 0 0 0 0 0 0 0 0
0 0 0 0 0 0 0 0 0 0 0 0 0 0 0 0 0 0 0 0 0 0 0 0 0 0 0 0 0 0 0 0 0 0 0 0
##$SHAPE_EXPFAC= 0
##$SHAPE_FRACEND= 0
##$SHAPE_FRACORG= 0
##$SHAPE_FRACSTART= 0
##$SHAPE_INTEGFAC= 0
##$SHAPE_KEEPRES= yes
##$SHAPE_LENGTH= 25000.000373
##$SHAPE_MAN= <M>
##$SHAPE_MODE= 4
##$SHAPE_MODFREQ= 0
##$SHAPE_MODPHASE= 0
##$SHAPE_MODSCALE= 0
##$SHAPE_MODSW= 0
##$SHAPE_MODSWDIR= -1
##$SHAPE_NPOINTS= 1250
##$SHAPE_OFFS= <1 4>
##$SHAPE_OFFSCOEFF= (0..95)
-148.55595 0 100 -201.01338 0 100 -218.8058 0 100 -284.803 0 100 0 0 0
0 0 0 0 0 0 0 0 0 0 0 0 0 0 0 0 0 0 0 0 0 0 0 0 0 0 0 0 0 0 0 0 0 0 0 0
0 0 0 0 0 0 0 0 0 0 0 0 0 0 0 0 0 0 0 0 0 0 0 0 0 0 0 0 0 0 0 0 0 0 0 0
0 0 0 0 0 0 0 0 0
##$SHAPE_PARAMETER= <>
##$SHAPE_REPHFAC= 0
##$SHAPE_RES= 0
##$SHAPE_SCALEFAC= 1.00000468
##$SHAPE_SCALETYPE= 0
##$SHAPE_SPOAL= 0
##$SHAPE_SPOFFS= 0
##$SHAPE_SPOPH= 0
##$SHAPE_TOTROT= 90
##$SHAPE_TYPE= <Excitation>
##$SHAPE_USER_DEF= <>
##$SHAPE_VERSION= 2.1
##$SHL_ADDPHASE= (0..15)
0 0 0 0 0 0 0 0 0 0 0 0 0 0 0 0
##$SHL_ALIGNOFFSET= (0..15)
0 0 0 0 0 0 0 0 0 0 0 0 0 0 0 0
##$SHL_AMP= (0..15)
100 0 0 0 0 0 0 0 0 0 0 0 0 0 0 0
##$SHL_AMPFAC= (0..15)
0 0 0 0 0 0 0 0 0 0 0 0 0 0 0 0
##$SHL_BETA= (0..15)
0 0 0 0 0 0 0 0 0 0 0 0 0 0 0 0
##$SHL_BWFAC= (0..15)
1.116 0 0 0 0 0 0 0 0 0 0 0 0 0 0 0
##$SHL_CALCBW= (0..15)
yes yes yes yes yes yes yes yes yes yes yes yes yes yes yes yes
##$SHL_CALCINTEG= (0..15)
yes yes yes yes yes yes yes yes yes yes yes yes yes yes yes yes
##$SHL_CENTERAMP= (0..15)
0 0 0 0 0 0 0 0 0 0 0 0 0 0 0 0
##$SHL_CYCNUM= (0..15)
0 0 0 0 0 0 0 0 0 0 0 0 0 0 0 0
##$SHL_DIPOLCPL= (0..15)
0 0 0 0 0 0 0 0 0 0 0 0 0 0 0 0
##$SHL_ENDAMP= (0..15)
0 0 0 0 0 0 0 0 0 0 0 0 0 0 0 0
##$SHL_EXMODE= (0..15)
<Excitation> <> <> <> <> <> <> <> <> <> <> <> <> <> <> <>
##$SHL_EXPAND= (0..15)
<> <> <> <> <> <> <> <> <> <> <> <> <> <> <> <>
##$SHL_EXPANDCF0= (0..143)
0 0 0 0 0 0 0 0 0 0 0 0 0 0 0 0 0 0 0 0 0 0 0 0 0 0 0 0 0 0 0 0 0 0 0 0
0 0 0 0 0 0 0 0 0 0 0 0 0 0 0 0 0 0 0 0 0 0 0 0 0 0 0 0 0 0 0 0 0 0 0 0
0 0 0 0 0 0 0 0 0 0 0 0 0 0 0 0 0 0 0 0 0 0 0 0 0 0 0 0 0 0 0 0 0 0 0 0
0 0 0 0 0 0 0 0 0 0 0 0 0 0 0 0 0 0 0 0 0 0 0 0 0 0 0 0 0 0 0 0 0 0 0 0
##$SHL_EXPANDCF1= (0..143)
0 0 0 0 0 0 0 0 0 0 0 0 0 0 0 0 0 0 0 0 0 0 0 0 0 0 0 0 0 0 0 0 0 0 0 0
0 0 0 0 0 0 0 0 0 0 0 0 0 0 0 0 0 0 0 0 0 0 0 0 0 0 0 0 0 0 0 0 0 0 0 0
0 0 0 0 0 0 0 0 0 0 0 0 0 0 0 0 0 0 0 0 0 0 0 0 0 0 0 0 0 0 0 0 0 0 0 0
0 0 0 0 0 0 0 0 0 0 0 0 0 0 0 0 0 0 0 0 0 0 0 0 0 0 0 0 0 0 0 0 0 0 0 0
##$SHL_EXPANDCF10= (0..143)
0 0 0 0 0 0 0 0 0 0 0 0 0 0 0 0 0 0 0 0 0 0 0 0 0 0 0 0 0 0 0 0 0 0 0 0
0 0 0 0 0 0 0 0 0 0 0 0 0 0 0 0 0 0 0 0 0 0 0 0 0 0 0 0 0 0 0 0 0 0 0 0
0 0 0 0 0 0 0 0 0 0 0 0 0 0 0 0 0 0 0 0 0 0 0 0 0 0 0 0 0 0 0 0 0 0 0 0
0 0 0 0 0 0 0 0 0 0 0 0 0 0 0 0 0 0 0 0 0 0 0 0 0 0 0 0 0 0 0 0 0 0 0 0
##$SHL_EXPANDCF11= (0..143)
0 0 0 0 0 0 0 0 0 0 0 0 0 0 0 0 0 0 0 0 0 0 0 0 0 0 0 0 0 0 0 0 0 0 0 0
0 0 0 0 0 0 0 0 0 0 0 0 0 0 0 0 0 0 0 0 0 0 0 0 0 0 0 0 0 0 0 0 0 0 0 0
0 0 0 0 0 0 0 0 0 0 0 0 0 0 0 0 0 0 0 0 0 0 0 0 0 0 0 0 0 0 0 0 0 0 0 0
0 0 0 0 0 0 0 0 0 0 0 0 0 0 0 0 0 0 0 0 0 0 0 0 0 0 0 0 0 0 0 0 0 0 0 0
##$SHL_EXPANDCF12= (0..143)
0 0 0 0 0 0 0 0 0 0 0 0 0 0 0 0 0 0 0 0 0 0 0 0 0 0 0 0 0 0 0 0 0 0 0 0
0 0 0 0 0 0 0 0 0 0 0 0 0 0 0 0 0 0 0 0 0 0 0 0 0 0 0 0 0 0 0 0 0 0 0 0
0 0 0 0 0 0 0 0 0 0 0 0 0 0 0 0 0 0 0 0 0 0 0 0 0 0 0 0 0 0 0 0 0 0 0 0
0 0 0 0 0 0 0 0 0 0 0 0 0 0 0 0 0 0 0 0 0 0 0 0 0 0 0 0 0 0 0 0 0 0 0 0
##$SHL_EXPANDCF13= (0..143)
0 0 0 0 0 0 0 0 0 0 0 0 0 0 0 0 0 0 0 0 0 0 0 0 0 0 0 0 0 0 0 0 0 0 0 0
0 0 0 0 0 0 0 0 0 0 0 0 0 0 0 0 0 0 0 0 0 0 0 0 0 0 0 0 0 0 0 0 0 0 0 0
0 0 0 0 0 0 0 0 0 0 0 0 0 0 0 0 0 0 0 0 0 0 0 0 0 0 0 0 0 0 0 0 0 0 0 0
0 0 0 0 0 0 0 0 0 0 0 0 0 0 0 0 0 0 0 0 0 0 0 0 0 0 0 0 0 0 0 0 0 0 0 0
##$SHL_EXPANDCF14= (0..143)
0 0 0 0 0 0 0 0 0 0 0 0 0 0 0 0 0 0 0 0 0 0 0 0 0 0 0 0 0 0 0 0 0 0 0 0
0 0 0 0 0 0 0 0 0 0 0 0 0 0 0 0 0 0 0 0 0 0 0 0 0 0 0 0 0 0 0 0 0 0 0 0
0 0 0 0 0 0 0 0 0 0 0 0 0 0 0 0 0 0 0 0 0 0 0 0 0 0 0 0 0 0 0 0 0 0 0 0
0 0 0 0 0 0 0 0 0 0 0 0 0 0 0 0 0 0 0 0 0 0 0 0 0 0 0 0 0 0 0 0 0 0 0 0
##$SHL_EXPANDCF15= (0..143)
0 0 0 0 0 0 0 0 0 0 0 0 0 0 0 0 0 0 0 0 0 0 0 0 0 0 0 0 0 0 0 0 0 0 0 0
0 0 0 0 0 0 0 0 0 0 0 0 0 0 0 0 0 0 0 0 0 0 0 0 0 0 0 0 0 0 0 0 0 0 0 0
0 0 0 0 0 0 0 0 0 0 0 0 0 0 0 0 0 0 0 0 0 0 0 0 0 0 0 0 0 0 0 0 0 0 0 0
0 0 0 0 0 0 0 0 0 0 0 0 0 0 0 0 0 0 0 0 0 0 0 0 0 0 0 0 0 0 0 0 0 0 0 0
##$SHL_EXPANDCF2= (0..143)
0 0 0 0 0 0 0 0 0 0 0 0 0 0 0 0 0 0 0 0 0 0 0 0 0 0 0 0 0 0 0 0 0 0 0 0
0 0 0 0 0 0 0 0 0 0 0 0 0 0 0 0 0 0 0 0 0 0 0 0 0 0 0 0 0 0 0 0 0 0 0 0
0 0 0 0 0 0 0 0 0 0 0 0 0 0 0 0 0 0 0 0 0 0 0 0 0 0 0 0 0 0 0 0 0 0 0 0
0 0 0 0 0 0 0 0 0 0 0 0 0 0 0 0 0 0 0 0 0 0 0 0 0 0 0 0 0 0 0 0 0 0 0 0
##$SHL_EXPANDCF3= (0..143)
0 0 0 0 0 0 0 0 0 0 0 0 0 0 0 0 0 0 0 0 0 0 0 0 0 0 0 0 0 0 0 0 0 0 0 0
0 0 0 0 0 0 0 0 0 0 0 0 0 0 0 0 0 0 0 0 0 0 0 0 0 0 0 0 0 0 0 0 0 0 0 0
0 0 0 0 0 0 0 0 0 0 0 0 0 0 0 0 0 0 0 0 0 0 0 0 0 0 0 0 0 0 0 0 0 0 0 0
0 0 0 0 0 0 0 0 0 0 0 0 0 0 0 0 0 0 0 0 0 0 0 0 0 0 0 0 0 0 0 0 0 0 0 0
##$SHL_EXPANDCF4= (0..143)
0 0 0 0 0 0 0 0 0 0 0 0 0 0 0 0 0 0 0 0 0 0 0 0 0 0 0 0 0 0 0 0 0 0 0 0
0 0 0 0 0 0 0 0 0 0 0 0 0 0 0 0 0 0 0 0 0 0 0 0 0 0 0 0 0 0 0 0 0 0 0 0
0 0 0 0 0 0 0 0 0 0 0 0 0 0 0 0 0 0 0 0 0 0 0 0 0 0 0 0 0 0 0 0 0 0 0 0
0 0 0 0 0 0 0 0 0 0 0 0 0 0 0 0 0 0 0 0 0 0 0 0 0 0 0 0 0 0 0 0 0 0 0 0
##$SHL_EXPANDCF5= (0..143)
0 0 0 0 0 0 0 0 0 0 0 0 0 0 0 0 0 0 0 0 0 0 0 0 0 0 0 0 0 0 0 0 0 0 0 0
0 0 0 0 0 0 0 0 0 0 0 0 0 0 0 0 0 0 0 0 0 0 0 0 0 0 0 0 0 0 0 0 0 0 0 0
0 0 0 0 0 0 0 0 0 0 0 0 0 0 0 0 0 0 0 0 0 0 0 0 0 0 0 0 0 0 0 0 0 0 0 0
0 0 0 0 0 0 0 0 0 0 0 0 0 0 0 0 0 0 0 0 0 0 0 0 0 0 0 0 0 0 0 0 0 0 0 0
##$SHL_EXPANDCF6= (0..143)
0 0 0 0 0 0 0 0 0 0 0 0 0 0 0 0 0 0 0 0 0 0 0 0 0 0 0 0 0 0 0 0 0 0 0 0
0 0 0 0 0 0 0 0 0 0 0 0 0 0 0 0 0 0 0 0 0 0 0 0 0 0 0 0 0 0 0 0 0 0 0 0
0 0 0 0 0 0 0 0 0 0 0 0 0 0 0 0 0 0 0 0 0 0 0 0 0 0 0 0 0 0 0 0 0 0 0 0
0 0 0 0 0 0 0 0 0 0 0 0 0 0 0 0 0 0 0 0 0 0 0 0 0 0 0 0 0 0 0 0 0 0 0 0
##$SHL_EXPANDCF7= (0..143)
0 0 0 0 0 0 0 0 0 0 0 0 0 0 0 0 0 0 0 0 0 0 0 0 0 0 0 0 0 0 0 0 0 0 0 0
0 0 0 0 0 0 0 0 0 0 0 0 0 0 0 0 0 0 0 0 0 0 0 0 0 0 0 0 0 0 0 0 0 0 0 0
0 0 0 0 0 0 0 0 0 0 0 0 0 0 0 0 0 0 0 0 0 0 0 0 0 0 0 0 0 0 0 0 0 0 0 0
0 0 0 0 0 0 0 0 0 0 0 0 0 0 0 0 0 0 0 0 0 0 0 0 0 0 0 0 0 0 0 0 0 0 0 0
##$SHL_EXPANDCF8= (0..143)
0 0 0 0 0 0 0 0 0 0 0 0 0 0 0 0 0 0 0 0 0 0 0 0 0 0 0 0 0 0 0 0 0 0 0 0
0 0 0 0 0 0 0 0 0 0 0 0 0 0 0 0 0 0 0 0 0 0 0 0 0 0 0 0 0 0 0 0 0 0 0 0
0 0 0 0 0 0 0 0 0 0 0 0 0 0 0 0 0 0 0 0 0 0 0 0 0 0 0 0 0 0 0 0 0 0 0 0
0 0 0 0 0 0 0 0 0 0 0 0 0 0 0 0 0 0 0 0 0 0 0 0 0 0 0 0 0 0 0 0 0 0 0 0
##$SHL_EXPANDCF9= (0..143)
0 0 0 0 0 0 0 0 0 0 0 0 0 0 0 0 0 0 0 0 0 0 0 0 0 0 0 0 0 0 0 0 0 0 0 0
0 0 0 0 0 0 0 0 0 0 0 0 0 0 0 0 0 0 0 0 0 0 0 0 0 0 0 0 0 0 0 0 0 0 0 0
0 0 0 0 0 0 0 0 0 0 0 0 0 0 0 0 0 0 0 0 0 0 0 0 0 0 0 0 0 0 0 0 0 0 0 0
0 0 0 0 0 0 0 0 0 0 0 0 0 0 0 0 0 0 0 0 0 0 0 0 0 0 0 0 0 0 0 0 0 0 0 0
##$SHL_EXPFAC= (0..15)
0 0 0 0 0 0 0 0 0 0 0 0 0 0 0 0
##$SHL_FRACEND= (0..15)
0 0 0 0 0 0 0 0 0 0 0 0 0 0 0 0
##$SHL_FRACORG= (0..15)
0 0 0 0 0 0 0 0 0 0 0 0 0 0 0 0
##$SHL_FRACSTART= (0..15)
0 0 0 0 0 0 0 0 0 0 0 0 0 0 0 0
##$SHL_FULLHALF= (0..15)
0 0 0 0 0 0 0 0 0 0 0 0 0 0 0 0
##$SHL_FUNCAMP= (0..15)
100 0 0 0 0 0 0 0 0 0 0 0 0 0 0 0
##$SHL_FUNCTION= (0..15)
<Rectangle> <> <> <> <> <> <> <> <> <> <> <> <> <> <> <>
##$SHL_GCO= (0..15)
<> <> <> <> <> <> <> <> <> <> <> <> <> <> <> <>
##$SHL_GCOCOEFFS0= (0..59)
0 0 0 0 0 0 0 0 0 0 0 0 0 0 0 0 0 0 0 0 0 0 0 0 0 0 0 0 0 0 0 0 0 0 0 0
0 0 0 0 0 0 0 0 0 0 0 0 0 0 0 0 0 0 0 0 0 0 0 0
##$SHL_GCOCOEFFS1= (0..59)
0 0 0 0 0 0 0 0 0 0 0 0 0 0 0 0 0 0 0 0 0 0 0 0 0 0 0 0 0 0 0 0 0 0 0 0
0 0 0 0 0 0 0 0 0 0 0 0 0 0 0 0 0 0 0 0 0 0 0 0
##$SHL_GCOCOEFFS10= (0..59)
0 0 0 0 0 0 0 0 0 0 0 0 0 0 0 0 0 0 0 0 0 0 0 0 0 0 0 0 0 0 0 0 0 0 0 0
0 0 0 0 0 0 0 0 0 0 0 0 0 0 0 0 0 0 0 0 0 0 0 0
##$SHL_GCOCOEFFS11= (0..59)
0 0 0 0 0 0 0 0 0 0 0 0 0 0 0 0 0 0 0 0 0 0 0 0 0 0 0 0 0 0 0 0 0 0 0 0
0 0 0 0 0 0 0 0 0 0 0 0 0 0 0 0 0 0 0 0 0 0 0 0
##$SHL_GCOCOEFFS12= (0..59)
0 0 0 0 0 0 0 0 0 0 0 0 0 0 0 0 0 0 0 0 0 0 0 0 0 0 0 0 0 0 0 0 0 0 0 0
0 0 0 0 0 0 0 0 0 0 0 0 0 0 0 0 0 0 0 0 0 0 0 0
##$SHL_GCOCOEFFS13= (0..59)
0 0 0 0 0 0 0 0 0 0 0 0 0 0 0 0 0 0 0 0 0 0 0 0 0 0 0 0 0 0 0 0 0 0 0 0
0 0 0 0 0 0 0 0 0 0 0 0 0 0 0 0 0 0 0 0 0 0 0 0
##$SHL_GCOCOEFFS14= (0..59)
0 0 0 0 0 0 0 0 0 0 0 0 0 0 0 0 0 0 0 0 0 0 0 0 0 0 0 0 0 0 0 0 0 0 0 0
0 0 0 0 0 0 0 0 0 0 0 0 0 0 0 0 0 0 0 0 0 0 0 0
##$SHL_GCOCOEFFS15= (0..59)
0 0 0 0 0 0 0 0 0 0 0 0 0 0 0 0 0 0 0 0 0 0 0 0 0 0 0 0 0 0 0 0 0 0 0 0
0 0 0 0 0 0 0 0 0 0 0 0 0 0 0 0 0 0 0 0 0 0 0 0
##$SHL_GCOCOEFFS2= (0..59)
0 0 0 0 0 0 0 0 0 0 0 0 0 0 0 0 0 0 0 0 0 0 0 0 0 0 0 0 0 0 0 0 0 0 0 0
0 0 0 0 0 0 0 0 0 0 0 0 0 0 0 0 0 0 0 0 0 0 0 0
##$SHL_GCOCOEFFS3= (0..59)
0 0 0 0 0 0 0 0 0 0 0 0 0 0 0 0 0 0 0 0 0 0 0 0 0 0 0 0 0 0 0 0 0 0 0 0
0 0 0 0 0 0 0 0 0 0 0 0 0 0 0 0 0 0 0 0 0 0 0 0
##$SHL_GCOCOEFFS4= (0..59)
0 0 0 0 0 0 0 0 0 0 0 0 0 0 0 0 0 0 0 0 0 0 0 0 0 0 0 0 0 0 0 0 0 0 0 0
0 0 0 0 0 0 0 0 0 0 0 0 0 0 0 0 0 0 0 0 0 0 0 0
##$SHL_GCOCOEFFS5= (0..59)
0 0 0 0 0 0 0 0 0 0 0 0 0 0 0 0 0 0 0 0 0 0 0 0 0 0 0 0 0 0 0 0 0 0 0 0
0 0 0 0 0 0 0 0 0 0 0 0 0 0 0 0 0 0 0 0 0 0 0 0
##$SHL_GCOCOEFFS6= (0..59)
0 0 0 0 0 0 0 0 0 0 0 0 0 0 0 0 0 0 0 0 0 0 0 0 0 0 0 0 0 0 0 0 0 0 0 0
0 0 0 0 0 0 0 0 0 0 0 0 0 0 0 0 0 0 0 0 0 0 0 0
##$SHL_GCOCOEFFS7= (0..59)
0 0 0 0 0 0 0 0 0 0 0 0 0 0 0 0 0 0 0 0 0 0 0 0 0 0 0 0 0 0 0 0 0 0 0 0
0 0 0 0 0 0 0 0 0 0 0 0 0 0 0 0 0 0 0 0 0 0 0 0
##$SHL_GCOCOEFFS8= (0..59)
0 0 0 0 0 0 0 0 0 0 0 0 0 0 0 0 0 0 0 0 0 0 0 0 0 0 0 0 0 0 0 0 0 0 0 0
0 0 0 0 0 0 0 0 0 0 0 0 0 0 0 0 0 0 0 0 0 0 0 0
##$SHL_GCOCOEFFS9= (0..59)
0 0 0 0 0 0 0 0 0 0 0 0 0 0 0 0 0 0 0 0 0 0 0 0 0 0 0 0 0 0 0 0 0 0 0 0
0 0 0 0 0 0 0 0 0 0 0 0 0 0 0 0 0 0 0 0 0 0 0 0
##$SHL_INTEGFAC= (0..15)
1 0 0 0 0 0 0 0 0 0 0 0 0 0 0 0
##$SHL_LB= (0..15)
0 0 0 0 0 0 0 0 0 0 0 0 0 0 0 0
##$SHL_LEFTLIMIT= (0..15)
0 0 0 0 0 0 0 0 0 0 0 0 0 0 0 0
##$SHL_LENGTH= (0..15)
25000.000373 0 0 0 0 0 0 0 0 0 0 0 0 0 0 0
##$SHL_MAN= (0..15)
<> <> <> <> <> <> <> <> <> <> <> <> <> <> <> <>
##$SHL_MEANAMP= (0..15)
0 0 0 0 0 0 0 0 0 0 0 0 0 0 0 0
##$SHL_MODAMP= (0..15)
0 0 0 0 0 0 0 0 0 0 0 0 0 0 0 0
##$SHL_MODE= (0..15)
0 0 0 0 0 0 0 0 0 0 0 0 0 0 0 0
##$SHL_MODFREQ= (0..15)
0 0 0 0 0 0 0 0 0 0 0 0 0 0 0 0
##$SHL_MODPHASE= (0..15)
0 0 0 0 0 0 0 0 0 0 0 0 0 0 0 0
##$SHL_MODSCALE= (0..15)
0 0 0 0 0 0 0 0 0 0 0 0 0 0 0 0
##$SHL_MODSW= (0..15)
0 0 0 0 0 0 0 0 0 0 0 0 0 0 0 0
##$SHL_MODSWDIR= (0..15)
-1 -1 -1 -1 -1 -1 -1 -1 -1 -1 -1 -1 -1 -1 -1 -1
##$SHL_MU= (0..15)
0 0 0 0 0 0 0 0 0 0 0 0 0 0 0 0
##$SHL_NPOINTS= (0..15)
1250 0 0 0 0 0 0 0 0 0 0 0 0 0 0 0
##$SHL_OFFS= (0..15)
<> <> <> <> <> <> <> <> <> <> <> <> <> <> <> <>
##$SHL_OFFSCOEFF0= (0..95)
0 0 0 0 0 0 0 0 0 0 0 0 0 0 0 0 0 0 0 0 0 0 0 0 0 0 0 0 0 0 0 0 0 0 0 0
0 0 0 0 0 0 0 0 0 0 0 0 0 0 0 0 0 0 0 0 0 0 0 0 0 0 0 0 0 0 0 0 0 0 0 0
0 0 0 0 0 0 0 0 0 0 0 0 0 0 0 0 0 0 0 0 0 0 0 0
##$SHL_OFFSCOEFF1= (0..95)
0 0 0 0 0 0 0 0 0 0 0 0 0 0 0 0 0 0 0 0 0 0 0 0 0 0 0 0 0 0 0 0 0 0 0 0
0 0 0 0 0 0 0 0 0 0 0 0 0 0 0 0 0 0 0 0 0 0 0 0 0 0 0 0 0 0 0 0 0 0 0 0
0 0 0 0 0 0 0 0 0 0 0 0 0 0 0 0 0 0 0 0 0 0 0 0
##$SHL_OFFSCOEFF10= (0..95)
0 0 0 0 0 0 0 0 0 0 0 0 0 0 0 0 0 0 0 0 0 0 0 0 0 0 0 0 0 0 0 0 0 0 0 0
0 0 0 0 0 0 0 0 0 0 0 0 0 0 0 0 0 0 0 0 0 0 0 0 0 0 0 0 0 0 0 0 0 0 0 0
0 0 0 0 0 0 0 0 0 0 0 0 0 0 0 0 0 0 0 0 0 0 0 0
##$SHL_OFFSCOEFF11= (0..95)
0 0 0 0 0 0 0 0 0 0 0 0 0 0 0 0 0 0 0 0 0 0 0 0 0 0 0 0 0 0 0 0 0 0 0 0
0 0 0 0 0 0 0 0 0 0 0 0 0 0 0 0 0 0 0 0 0 0 0 0 0 0 0 0 0 0 0 0 0 0 0 0
0 0 0 0 0 0 0 0 0 0 0 0 0 0 0 0 0 0 0 0 0 0 0 0
##$SHL_OFFSCOEFF12= (0..95)
0 0 0 0 0 0 0 0 0 0 0 0 0 0 0 0 0 0 0 0 0 0 0 0 0 0 0 0 0 0 0 0 0 0 0 0
0 0 0 0 0 0 0 0 0 0 0 0 0 0 0 0 0 0 0 0 0 0 0 0 0 0 0 0 0 0 0 0 0 0 0 0
0 0 0 0 0 0 0 0 0 0 0 0 0 0 0 0 0 0 0 0 0 0 0 0
##$SHL_OFFSCOEFF13= (0..95)
0 0 0 0 0 0 0 0 0 0 0 0 0 0 0 0 0 0 0 0 0 0 0 0 0 0 0 0 0 0 0 0 0 0 0 0
0 0 0 0 0 0 0 0 0 0 0 0 0 0 0 0 0 0 0 0 0 0 0 0 0 0 0 0 0 0 0 0 0 0 0 0
0 0 0 0 0 0 0 0 0 0 0 0 0 0 0 0 0 0 0 0 0 0 0 0
##$SHL_OFFSCOEFF14= (0..95)
0 0 0 0 0 0 0 0 0 0 0 0 0 0 0 0 0 0 0 0 0 0 0 0 0 0 0 0 0 0 0 0 0 0 0 0
0 0 0 0 0 0 0 0 0 0 0 0 0 0 0 0 0 0 0 0 0 0 0 0 0 0 0 0 0 0 0 0 0 0 0 0
0 0 0 0 0 0 0 0 0 0 0 0 0 0 0 0 0 0 0 0 0 0 0 0
##$SHL_OFFSCOEFF15= (0..95)
0 0 0 0 0 0 0 0 0 0 0 0 0 0 0 0 0 0 0 0 0 0 0 0 0 0 0 0 0 0 0 0 0 0 0 0
0 0 0 0 0 0 0 0 0 0 0 0 0 0 0 0 0 0 0 0 0 0 0 0 0 0 0 0 0 0 0 0 0 0 0 0
0 0 0 0 0 0 0 0 0 0 0 0 0 0 0 0 0 0 0 0 0 0 0 0
##$SHL_OFFSCOEFF2= (0..95)
0 0 0 0 0 0 0 0 0 0 0 0 0 0 0 0 0 0 0 0 0 0 0 0 0 0 0 0 0 0 0 0 0 0 0 0
0 0 0 0 0 0 0 0 0 0 0 0 0 0 0 0 0 0 0 0 0 0 0 0 0 0 0 0 0 0 0 0 0 0 0 0
0 0 0 0 0 0 0 0 0 0 0 0 0 0 0 0 0 0 0 0 0 0 0 0
##$SHL_OFFSCOEFF3= (0..95)
0 0 0 0 0 0 0 0 0 0 0 0 0 0 0 0 0 0 0 0 0 0 0 0 0 0 0 0 0 0 0 0 0 0 0 0
0 0 0 0 0 0 0 0 0 0 0 0 0 0 0 0 0 0 0 0 0 0 0 0 0 0 0 0 0 0 0 0 0 0 0 0
0 0 0 0 0 0 0 0 0 0 0 0 0 0 0 0 0 0 0 0 0 0 0 0
##$SHL_OFFSCOEFF4= (0..95)
0 0 0 0 0 0 0 0 0 0 0 0 0 0 0 0 0 0 0 0 0 0 0 0 0 0 0 0 0 0 0 0 0 0 0 0
0 0 0 0 0 0 0 0 0 0 0 0 0 0 0 0 0 0 0 0 0 0 0 0 0 0 0 0 0 0 0 0 0 0 0 0
0 0 0 0 0 0 0 0 0 0 0 0 0 0 0 0 0 0 0 0 0 0 0 0
##$SHL_OFFSCOEFF5= (0..95)
0 0 0 0 0 0 0 0 0 0 0 0 0 0 0 0 0 0 0 0 0 0 0 0 0 0 0 0 0 0 0 0 0 0 0 0
0 0 0 0 0 0 0 0 0 0 0 0 0 0 0 0 0 0 0 0 0 0 0 0 0 0 0 0 0 0 0 0 0 0 0 0
0 0 0 0 0 0 0 0 0 0 0 0 0 0 0 0 0 0 0 0 0 0 0 0
##$SHL_OFFSCOEFF6= (0..95)
0 0 0 0 0 0 0 0 0 0 0 0 0 0 0 0 0 0 0 0 0 0 0 0 0 0 0 0 0 0 0 0 0 0 0 0
0 0 0 0 0 0 0 0 0 0 0 0 0 0 0 0 0 0 0 0 0 0 0 0 0 0 0 0 0 0 0 0 0 0 0 0
0 0 0 0 0 0 0 0 0 0 0 0 0 0 0 0 0 0 0 0 0 0 0 0
##$SHL_OFFSCOEFF7= (0..95)
0 0 0 0 0 0 0 0 0 0 0 0 0 0 0 0 0 0 0 0 0 0 0 0 0 0 0 0 0 0 0 0 0 0 0 0
0 0 0 0 0 0 0 0 0 0 0 0 0 0 0 0 0 0 0 0 0 0 0 0 0 0 0 0 0 0 0 0 0 0 0 0
0 0 0 0 0 0 0 0 0 0 0 0 0 0 0 0 0 0 0 0 0 0 0 0
##$SHL_OFFSCOEFF8= (0..95)
0 0 0 0 0 0 0 0 0 0 0 0 0 0 0 0 0 0 0 0 0 0 0 0 0 0 0 0 0 0 0 0 0 0 0 0
0 0 0 0 0 0 0 0 0 0 0 0 0 0 0 0 0 0 0 0 0 0 0 0 0 0 0 0 0 0 0 0 0 0 0 0
0 0 0 0 0 0 0 0 0 0 0 0 0 0 0 0 0 0 0 0 0 0 0 0
##$SHL_OFFSCOEFF9= (0..95)
0 0 0 0 0 0 0 0 0 0 0 0 0 0 0 0 0 0 0 0 0 0 0 0 0 0 0 0 0 0 0 0 0 0 0 0
0 0 0 0 0 0 0 0 0 0 0 0 0 0 0 0 0 0 0 0 0 0 0 0 0 0 0 0 0 0 0 0 0 0 0 0
0 0 0 0 0 0 0 0 0 0 0 0 0 0 0 0 0 0 0 0 0 0 0 0
##$SHL_PHASE= (0..15)
0 0 0 0 0 0 0 0 0 0 0 0 0 0 0 0
##$SHL_PHASEFAC= (0..15)
0 0 0 0 0 0 0 0 0 0 0 0 0 0 0 0
##$SHL_POWERINDEX= (0..15)
0 0 0 0 0 0 0 0 0 0 0 0 0 0 0 0
##$SHL_QUADCOEFF= (0..15)
0 0 0 0 0 0 0 0 0 0 0 0 0 0 0 0
##$SHL_RIGHTLIMIT= (0..15)
0 0 0 0 0 0 0 0 0 0 0 0 0 0 0 0
##$SHL_SCALEFACTOR= (0..15)
1 1 1 1 1 1 1 1 1 1 1 1 1 1 1 1
##$SHL_SF= (0..15)
<> <> <> <> <> <> <> <> <> <> <> <> <> <> <> <>
##$SHL_SFCOEFFS0= (0..200)
0 0 0 0 0 0 0 0 0 0 0 0 0 0 0 0 0 0 0 0 0 0 0 0 0 0 0 0 0 0 0 0 0 0 0 0
0 0 0 0 0 0 0 0 0 0 0 0 0 0 0 0 0 0 0 0 0 0 0 0 0 0 0 0 0 0 0 0 0 0 0 0
0 0 0 0 0 0 0 0 0 0 0 0 0 0 0 0 0 0 0 0 0 0 0 0 0 0 0 0 0 0 0 0 0 0 0 0
0 0 0 0 0 0 0 0 0 0 0 0 0 0 0 0 0 0 0 0 0 0 0 0 0 0 0 0 0 0 0 0 0 0 0 0
0 0 0 0 0 0 0 0 0 0 0 0 0 0 0 0 0 0 0 0 0 0 0 0 0 0 0 0 0 0 0 0 0 0 0 0
0 0 0 0 0 0 0 0 0 0 0 0 0 0 0 0 0 0 0 0 0
##$SHL_SFCOEFFS1= (0..200)
0 0 0 0 0 0 0 0 0 0 0 0 0 0 0 0 0 0 0 0 0 0 0 0 0 0 0 0 0 0 0 0 0 0 0 0
0 0 0 0 0 0 0 0 0 0 0 0 0 0 0 0 0 0 0 0 0 0 0 0 0 0 0 0 0 0 0 0 0 0 0 0
0 0 0 0 0 0 0 0 0 0 0 0 0 0 0 0 0 0 0 0 0 0 0 0 0 0 0 0 0 0 0 0 0 0 0 0
0 0 0 0 0 0 0 0 0 0 0 0 0 0 0 0 0 0 0 0 0 0 0 0 0 0 0 0 0 0 0 0 0 0 0 0
0 0 0 0 0 0 0 0 0 0 0 0 0 0 0 0 0 0 0 0 0 0 0 0 0 0 0 0 0 0 0 0 0 0 0 0
0 0 0 0 0 0 0 0 0 0 0 0 0 0 0 0 0 0 0 0 0
##$SHL_SFCOEFFS10= (0..200)
0 0 0 0 0 0 0 0 0 0 0 0 0 0 0 0 0 0 0 0 0 0 0 0 0 0 0 0 0 0 0 0 0 0 0 0
0 0 0 0 0 0 0 0 0 0 0 0 0 0 0 0 0 0 0 0 0 0 0 0 0 0 0 0 0 0 0 0 0 0 0 0
0 0 0 0 0 0 0 0 0 0 0 0 0 0 0 0 0 0 0 0 0 0 0 0 0 0 0 0 0 0 0 0 0 0 0 0
0 0 0 0 0 0 0 0 0 0 0 0 0 0 0 0 0 0 0 0 0 0 0 0 0 0 0 0 0 0 0 0 0 0 0 0
0 0 0 0 0 0 0 0 0 0 0 0 0 0 0 0 0 0 0 0 0 0 0 0 0 0 0 0 0 0 0 0 0 0 0 0
0 0 0 0 0 0 0 0 0 0 0 0 0 0 0 0 0 0 0 0 0
##$SHL_SFCOEFFS11= (0..200)
0 0 0 0 0 0 0 0 0 0 0 0 0 0 0 0 0 0 0 0 0 0 0 0 0 0 0 0 0 0 0 0 0 0 0 0
0 0 0 0 0 0 0 0 0 0 0 0 0 0 0 0 0 0 0 0 0 0 0 0 0 0 0 0 0 0 0 0 0 0 0 0
0 0 0 0 0 0 0 0 0 0 0 0 0 0 0 0 0 0 0 0 0 0 0 0 0 0 0 0 0 0 0 0 0 0 0 0
0 0 0 0 0 0 0 0 0 0 0 0 0 0 0 0 0 0 0 0 0 0 0 0 0 0 0 0 0 0 0 0 0 0 0 0
0 0 0 0 0 0 0 0 0 0 0 0 0 0 0 0 0 0 0 0 0 0 0 0 0 0 0 0 0 0 0 0 0 0 0 0
0 0 0 0 0 0 0 0 0 0 0 0 0 0 0 0 0 0 0 0 0
##$SHL_SFCOEFFS12= (0..200)
0 0 0 0 0 0 0 0 0 0 0 0 0 0 0 0 0 0 0 0 0 0 0 0 0 0 0 0 0 0 0 0 0 0 0 0
0 0 0 0 0 0 0 0 0 0 0 0 0 0 0 0 0 0 0 0 0 0 0 0 0 0 0 0 0 0 0 0 0 0 0 0
0 0 0 0 0 0 0 0 0 0 0 0 0 0 0 0 0 0 0 0 0 0 0 0 0 0 0 0 0 0 0 0 0 0 0 0
0 0 0 0 0 0 0 0 0 0 0 0 0 0 0 0 0 0 0 0 0 0 0 0 0 0 0 0 0 0 0 0 0 0 0 0
0 0 0 0 0 0 0 0 0 0 0 0 0 0 0 0 0 0 0 0 0 0 0 0 0 0 0 0 0 0 0 0 0 0 0 0
0 0 0 0 0 0 0 0 0 0 0 0 0 0 0 0 0 0 0 0 0
##$SHL_SFCOEFFS13= (0..200)
0 0 0 0 0 0 0 0 0 0 0 0 0 0 0 0 0 0 0 0 0 0 0 0 0 0 0 0 0 0 0 0 0 0 0 0
0 0 0 0 0 0 0 0 0 0 0 0 0 0 0 0 0 0 0 0 0 0 0 0 0 0 0 0 0 0 0 0 0 0 0 0
0 0 0 0 0 0 0 0 0 0 0 0 0 0 0 0 0 0 0 0 0 0 0 0 0 0 0 0 0 0 0 0 0 0 0 0
0 0 0 0 0 0 0 0 0 0 0 0 0 0 0 0 0 0 0 0 0 0 0 0 0 0 0 0 0 0 0 0 0 0 0 0
0 0 0 0 0 0 0 0 0 0 0 0 0 0 0 0 0 0 0 0 0 0 0 0 0 0 0 0 0 0 0 0 0 0 0 0
0 0 0 0 0 0 0 0 0 0 0 0 0 0 0 0 0 0 0 0 0
##$SHL_SFCOEFFS14= (0..200)
0 0 0 0 0 0 0 0 0 0 0 0 0 0 0 0 0 0 0 0 0 0 0 0 0 0 0 0 0 0 0 0 0 0 0 0
0 0 0 0 0 0 0 0 0 0 0 0 0 0 0 0 0 0 0 0 0 0 0 0 0 0 0 0 0 0 0 0 0 0 0 0
0 0 0 0 0 0 0 0 0 0 0 0 0 0 0 0 0 0 0 0 0 0 0 0 0 0 0 0 0 0 0 0 0 0 0 0
0 0 0 0 0 0 0 0 0 0 0 0 0 0 0 0 0 0 0 0 0 0 0 0 0 0 0 0 0 0 0 0 0 0 0 0
0 0 0 0 0 0 0 0 0 0 0 0 0 0 0 0 0 0 0 0 0 0 0 0 0 0 0 0 0 0 0 0 0 0 0 0
0 0 0 0 0 0 0 0 0 0 0 0 0 0 0 0 0 0 0 0 0
##$SHL_SFCOEFFS15= (0..200)
0 0 0 0 0 0 0 0 0 0 0 0 0 0 0 0 0 0 0 0 0 0 0 0 0 0 0 0 0 0 0 0 0 0 0 0
0 0 0 0 0 0 0 0 0 0 0 0 0 0 0 0 0 0 0 0 0 0 0 0 0 0 0 0 0 0 0 0 0 0 0 0
0 0 0 0 0 0 0 0 0 0 0 0 0 0 0 0 0 0 0 0 0 0 0 0 0 0 0 0 0 0 0 0 0 0 0 0
0 0 0 0 0 0 0 0 0 0 0 0 0 0 0 0 0 0 0 0 0 0 0 0 0 0 0 0 0 0 0 0 0 0 0 0
0 0 0 0 0 0 0 0 0 0 0 0 0 0 0 0 0 0 0 0 0 0 0 0 0 0 0 0 0 0 0 0 0 0 0 0
0 0 0 0 0 0 0 0 0 0 0 0 0 0 0 0 0 0 0 0 0
##$SHL_SFCOEFFS2= (0..200)
0 0 0 0 0 0 0 0 0 0 0 0 0 0 0 0 0 0 0 0 0 0 0 0 0 0 0 0 0 0 0 0 0 0 0 0
0 0 0 0 0 0 0 0 0 0 0 0 0 0 0 0 0 0 0 0 0 0 0 0 0 0 0 0 0 0 0 0 0 0 0 0
0 0 0 0 0 0 0 0 0 0 0 0 0 0 0 0 0 0 0 0 0 0 0 0 0 0 0 0 0 0 0 0 0 0 0 0
0 0 0 0 0 0 0 0 0 0 0 0 0 0 0 0 0 0 0 0 0 0 0 0 0 0 0 0 0 0 0 0 0 0 0 0
0 0 0 0 0 0 0 0 0 0 0 0 0 0 0 0 0 0 0 0 0 0 0 0 0 0 0 0 0 0 0 0 0 0 0 0
0 0 0 0 0 0 0 0 0 0 0 0 0 0 0 0 0 0 0 0 0
##$SHL_SFCOEFFS3= (0..200)
0 0 0 0 0 0 0 0 0 0 0 0 0 0 0 0 0 0 0 0 0 0 0 0 0 0 0 0 0 0 0 0 0 0 0 0
0 0 0 0 0 0 0 0 0 0 0 0 0 0 0 0 0 0 0 0 0 0 0 0 0 0 0 0 0 0 0 0 0 0 0 0
0 0 0 0 0 0 0 0 0 0 0 0 0 0 0 0 0 0 0 0 0 0 0 0 0 0 0 0 0 0 0 0 0 0 0 0
0 0 0 0 0 0 0 0 0 0 0 0 0 0 0 0 0 0 0 0 0 0 0 0 0 0 0 0 0 0 0 0 0 0 0 0
0 0 0 0 0 0 0 0 0 0 0 0 0 0 0 0 0 0 0 0 0 0 0 0 0 0 0 0 0 0 0 0 0 0 0 0
0 0 0 0 0 0 0 0 0 0 0 0 0 0 0 0 0 0 0 0 0
##$SHL_SFCOEFFS4= (0..200)
0 0 0 0 0 0 0 0 0 0 0 0 0 0 0 0 0 0 0 0 0 0 0 0 0 0 0 0 0 0 0 0 0 0 0 0
0 0 0 0 0 0 0 0 0 0 0 0 0 0 0 0 0 0 0 0 0 0 0 0 0 0 0 0 0 0 0 0 0 0 0 0
0 0 0 0 0 0 0 0 0 0 0 0 0 0 0 0 0 0 0 0 0 0 0 0 0 0 0 0 0 0 0 0 0 0 0 0
0 0 0 0 0 0 0 0 0 0 0 0 0 0 0 0 0 0 0 0 0 0 0 0 0 0 0 0 0 0 0 0 0 0 0 0
0 0 0 0 0 0 0 0 0 0 0 0 0 0 0 0 0 0 0 0 0 0 0 0 0 0 0 0 0 0 0 0 0 0 0 0
0 0 0 0 0 0 0 0 0 0 0 0 0 0 0 0 0 0 0 0 0
##$SHL_SFCOEFFS5= (0..200)
0 0 0 0 0 0 0 0 0 0 0 0 0 0 0 0 0 0 0 0 0 0 0 0 0 0 0 0 0 0 0 0 0 0 0 0
0 0 0 0 0 0 0 0 0 0 0 0 0 0 0 0 0 0 0 0 0 0 0 0 0 0 0 0 0 0 0 0 0 0 0 0
0 0 0 0 0 0 0 0 0 0 0 0 0 0 0 0 0 0 0 0 0 0 0 0 0 0 0 0 0 0 0 0 0 0 0 0
0 0 0 0 0 0 0 0 0 0 0 0 0 0 0 0 0 0 0 0 0 0 0 0 0 0 0 0 0 0 0 0 0 0 0 0
0 0 0 0 0 0 0 0 0 0 0 0 0 0 0 0 0 0 0 0 0 0 0 0 0 0 0 0 0 0 0 0 0 0 0 0
0 0 0 0 0 0 0 0 0 0 0 0 0 0 0 0 0 0 0 0 0
##$SHL_SFCOEFFS6= (0..200)
0 0 0 0 0 0 0 0 0 0 0 0 0 0 0 0 0 0 0 0 0 0 0 0 0 0 0 0 0 0 0 0 0 0 0 0
0 0 0 0 0 0 0 0 0 0 0 0 0 0 0 0 0 0 0 0 0 0 0 0 0 0 0 0 0 0 0 0 0 0 0 0
0 0 0 0 0 0 0 0 0 0 0 0 0 0 0 0 0 0 0 0 0 0 0 0 0 0 0 0 0 0 0 0 0 0 0 0
0 0 0 0 0 0 0 0 0 0 0 0 0 0 0 0 0 0 0 0 0 0 0 0 0 0 0 0 0 0 0 0 0 0 0 0
0 0 0 0 0 0 0 0 0 0 0 0 0 0 0 0 0 0 0 0 0 0 0 0 0 0 0 0 0 0 0 0 0 0 0 0
0 0 0 0 0 0 0 0 0 0 0 0 0 0 0 0 0 0 0 0 0
##$SHL_SFCOEFFS7= (0..200)
0 0 0 0 0 0 0 0 0 0 0 0 0 0 0 0 0 0 0 0 0 0 0 0 0 0 0 0 0 0 0 0 0 0 0 0
0 0 0 0 0 0 0 0 0 0 0 0 0 0 0 0 0 0 0 0 0 0 0 0 0 0 0 0 0 0 0 0 0 0 0 0
0 0 0 0 0 0 0 0 0 0 0 0 0 0 0 0 0 0 0 0 0 0 0 0 0 0 0 0 0 0 0 0 0 0 0 0
0 0 0 0 0 0 0 0 0 0 0 0 0 0 0 0 0 0 0 0 0 0 0 0 0 0 0 0 0 0 0 0 0 0 0 0
0 0 0 0 0 0 0 0 0 0 0 0 0 0 0 0 0 0 0 0 0 0 0 0 0 0 0 0 0 0 0 0 0 0 0 0
0 0 0 0 0 0 0 0 0 0 0 0 0 0 0 0 0 0 0 0 0
##$SHL_SFCOEFFS8= (0..200)
0 0 0 0 0 0 0 0 0 0 0 0 0 0 0 0 0 0 0 0 0 0 0 0 0 0 0 0 0 0 0 0 0 0 0 0
0 0 0 0 0 0 0 0 0 0 0 0 0 0 0 0 0 0 0 0 0 0 0 0 0 0 0 0 0 0 0 0 0 0 0 0
0 0 0 0 0 0 0 0 0 0 0 0 0 0 0 0 0 0 0 0 0 0 0 0 0 0 0 0 0 0 0 0 0 0 0 0
0 0 0 0 0 0 0 0 0 0 0 0 0 0 0 0 0 0 0 0 0 0 0 0 0 0 0 0 0 0 0 0 0 0 0 0
0 0 0 0 0 0 0 0 0 0 0 0 0 0 0 0 0 0 0 0 0 0 0 0 0 0 0 0 0 0 0 0 0 0 0 0
0 0 0 0 0 0 0 0 0 0 0 0 0 0 0 0 0 0 0 0 0
##$SHL_SFCOEFFS9= (0..200)
0 0 0 0 0 0 0 0 0 0 0 0 0 0 0 0 0 0 0 0 0 0 0 0 0 0 0 0 0 0 0 0 0 0 0 0
0 0 0 0 0 0 0 0 0 0 0 0 0 0 0 0 0 0 0 0 0 0 0 0 0 0 0 0 0 0 0 0 0 0 0 0
0 0 0 0 0 0 0 0 0 0 0 0 0 0 0 0 0 0 0 0 0 0 0 0 0 0 0 0 0 0 0 0 0 0 0 0
0 0 0 0 0 0 0 0 0 0 0 0 0 0 0 0 0 0 0 0 0 0 0 0 0 0 0 0 0 0 0 0 0 0 0 0
0 0 0 0 0 0 0 0 0 0 0 0 0 0 0 0 0 0 0 0 0 0 0 0 0 0 0 0 0 0 0 0 0 0 0 0
0 0 0 0 0 0 0 0 0 0 0 0 0 0 0 0 0 0 0 0 0
##$SHL_SMOOTHED= (0..15)
0 0 0 0 0 0 0 0 0 0 0 0 0 0 0 0
##$SHL_SMOOTHING= (0..15)
0 0 0 0 0 0 0 0 0 0 0 0 0 0 0 0
##$SHL_SPOAL= (0..15)
0 0 0 0 0 0 0 0 0 0 0 0 0 0 0 0
##$SHL_SPOFFS= (0..15)
0 0 0 0 0 0 0 0 0 0 0 0 0 0 0 0
##$SHL_SPOPH= (0..15)
0 0 0 0 0 0 0 0 0 0 0 0 0 0 0 0
##$SHL_STARTAMP= (0..15)
0 0 0 0 0 0 0 0 0 0 0 0 0 0 0 0
##$SHL_SW= (0..15)
0 0 0 0 0 0 0 0 0 0 0 0 0 0 0 0
##$SHL_SWDIR= (0..15)
-1 -1 -1 -1 -1 -1 -1 -1 -1 -1 -1 -1 -1 -1 -1 -1
##$SHL_TANKAPPA= (0..15)
0 0 0 0 0 0 0 0 0 0 0 0 0 0 0 0
##$SHL_TOTROT= (0..15)
90 0 0 0 0 0 0 0 0 0 0 0 0 0 0 0
##$SHL_TRUNCLEV= (0..15)
0 0 0 0 0 0 0 0 0 0 0 0 0 0 0 0
##$SHL_TYPE= (0..15)
<Excitation> <> <> <> <> <> <> <> <> <> <> <> <> <> <> <>
##$SHL_WINDOWSIZE= (0..15)
0 0 0 0 0 0 0 0 0 0 0 0 0 0 0 0
##$SHL_ZETA= (0..15)
0 0 0 0 0 0 0 0 0 0 0 0 0 0 0 0
##NPOINTS= 1250
##XYPOINTS= (XY..XY)
65.567609, 122.937223
65.279561, 124.566531
64.989503, 126.196950
64.697462, 127.828493
64.403465, 129.461177
64.107541, 131.095016
63.809718, 132.730026
63.510024, 134.366225
63.208488, 136.003628
62.905139, 137.642252
62.600005, 139.282114
62.293116, 140.923234
61.984501, 142.565627
61.674190, 144.209314
61.362212, 145.854312
61.048598, 147.500642
60.733378, 149.148322
60.416582, 150.797374
60.098240, 152.447817
59.778384, 154.099673
59.457045, 155.752962
59.134253, 157.407708
58.810039, 159.063932
58.484437, 160.721658
58.157476, 162.380908
57.829190, 164.041708
57.499610, 165.704080
57.168769, 167.368050
56.836698, 169.033644
56.503432, 170.700888
56.169002, 172.369808
55.833443, 174.040432
55.496786, 175.712788
55.159066, 177.386903
54.820317, 179.062807
54.480572, 180.740531
54.139865, 182.420103
53.798230, 184.101555
53.455703, 185.784919
53.112318, 187.470227
52.768109, 189.157513
52.423112, 190.846810
52.077361, 192.538153
51.730894, 194.231577
51.383744, 195.927118
51.035948, 197.624814
50.687543, 199.324702
50.338563, 201.026820
49.989047, 202.731209
49.639030, 204.437908
49.288549, 206.146958
48.937642, 207.858403
48.586346, 209.572284
48.234698, 211.288646
47.882736, 213.007533
47.530499, 214.728992
47.178023, 216.453070
46.825349, 218.179815
46.472514, 219.909275
46.119557, 221.641501
45.766517, 223.376544
45.413434, 225.114456
45.060348, 226.855290
44.707297, 228.599103
44.354322, 230.345948
44.001464, 232.095883
43.648763, 233.848966
43.296259, 235.605257
42.943994, 237.364817
42.592009, 239.127707
42.240346, 240.893990
41.889046, 242.663732
41.538151, 244.436998
41.187704, 246.213856
40.837747, 247.994374
40.488324, 249.778623
40.139477, 251.566673
39.791250, 253.358598
39.443687, 255.154473
39.096831, 256.954373
38.750728, 258.758376
38.405421, 260.566560
38.060956, 262.379007
37.717377, 264.195796
37.374732, 266.017013
37.033064, 267.842742
36.692422, 269.673069
36.352851, 271.508083
36.014397, 273.347872
35.677110, 275.192527
35.341035, 277.042142
35.006220, 278.896809
34.672715, 280.756625
34.340568, 282.621685
34.009827, 284.492089
33.680542, 286.367935
33.352763, 288.249324
33.026539, 290.136359
32.701921, 292.029143
32.378960, 293.927780
32.057707, 295.832375
31.738213, 297.743036
31.420531, 299.659870
31.104712, 301.582986
30.790808, 303.512491
30.478873, 305.448497
30.168961, 307.391113
29.861124, 309.340449
29.555416, 311.296618
29.251892, 313.259728
28.950606, 315.229891
28.651613, 317.207218
28.354968, 319.191817
28.060727, 321.183798
27.768945, 323.183269
27.479679, 325.190337
27.192983, 327.205107
26.908915, 329.227682
26.627531, 331.258164
26.348887, 333.296650
26.073040, 335.343239
25.800048, 337.398021
25.529966, 339.461086
25.262851, 341.532520
24.998761, 343.612403
24.737751, 345.700811
24.479879, 347.797815
24.225200, 349.903479
23.973770, 352.017862
23.725645, 354.141016
23.480880, 356.272983
23.239529, 358.413801
23.001648, 0.563497
22.767288, 2.722090
22.536503, 4.889587
22.309344, 7.065987
22.085863, 9.251278
21.866109, 11.445436
21.650132, 13.648423
21.437977, 15.860192
21.229692, 18.080679
21.025320, 20.309808
20.824906, 22.547488
20.628489, 24.793614
20.436109, 27.048064
20.247804, 29.310701
20.063609, 31.581371
19.883555, 33.859904
19.707674, 36.146112
19.535994, 38.439791
19.368539, 40.740719
19.205332, 43.048656
19.046391, 45.363344
18.891734, 47.684508
18.741373, 50.011856
18.595317, 52.345078
18.453572, 54.683846
18.316142, 57.027818
18.183025, 59.376633
18.054215, 61.729916
17.929704, 64.087277
17.809479, 66.448312
17.693524, 68.812604
17.581816, 71.179722
17.474332, 73.549225
17.371043, 75.920663
17.271914, 78.293574
17.176909, 80.667491
17.085986, 83.041940
16.999099, 85.416440
16.916200, 87.790508
16.837234, 90.163660
16.762143, 92.535406
16.690868, 94.905263
16.623341, 97.272745
16.559496, 99.637371
16.499260, 101.998665
16.442558, 104.356157
16.389310, 106.709382
16.339437, 109.057887
16.292852, 111.401226
16.249470, 113.738964
16.209201, 116.070680
16.171952, 118.395962
16.137631, 120.714413
16.106141, 123.025652
16.077385, 125.329310
16.051264, 127.625035
16.027678, 129.912489
16.006526, 132.191353
15.987704, 134.461322
15.971111, 136.722108
15.956643, 138.973441
15.944196, 141.215065
15.933665, 143.446743
15.924948, 145.668254
15.917941, 147.879392
15.912539, 150.079967
15.908640, 152.269806
15.906142, 154.448749
15.904943, 156.616652
15.904943, 158.773386
15.906042, 160.918834
15.908142, 163.052891
15.911145, 165.175468
15.914956, 167.286485
15.919479, 169.385874
15.924623, 171.473577
15.930296, 173.549549
15.936409, 175.613750
15.942872, 177.666152
15.949601, 179.706733
15.956511, 181.735479
15.963519, 183.752384
15.970545, 185.757446
15.977510, 187.750671
15.984338, 189.732068
15.990954, 191.701651
15.997285, 193.659438
16.003261, 195.605451
16.008812, 197.539713
16.013874, 199.462252
16.018381, 201.373096
16.022270, 203.272273
16.025481, 205.159815
16.027957, 207.035753
16.029641, 208.900117
16.030478, 210.752939
16.030417, 212.594248
16.029407, 214.424073
16.027401, 216.242442
16.024352, 218.049380
16.020217, 219.844912
16.014954, 221.629058
16.008522, 223.401836
16.000884, 225.163263
15.992004, 226.913352
15.981848, 228.652109
15.970385, 230.379542
15.957584, 232.095651
15.943417, 233.800434
15.927858, 235.493882
15.910884, 237.175984
15.892473, 238.846723
15.872605, 240.506077
15.851261, 242.154019
15.828426, 243.790516
15.804086, 245.415531
15.778228, 247.029018
15.750844, 248.630929
15.721925, 250.221207
15.691465, 251.799790
15.659461, 253.366609
15.625911, 254.921588
15.590815, 256.464645
15.554177, 257.995692
15.516000, 259.514631
15.476293, 261.021360
15.435063, 262.515767
15.392324, 263.997735
15.348088, 265.467136
15.302371, 266.923839
15.255193, 268.367700
15.206574, 269.798572
15.156538, 271.216295
15.105110, 272.620706
15.052320, 274.011630
14.998199, 275.388886
14.942780, 276.752284
14.886101, 278.101625
14.828201, 279.436704
14.769123, 280.757306
14.708913, 282.063209
14.647619, 283.354182
14.585293, 284.629989
14.521990, 285.890383
14.457770, 287.135111
14.392694, 288.363915
14.326827, 289.576529
14.260240, 290.772680
14.193004, 291.952091
14.125197, 293.114479
14.056899, 294.259557
13.988195, 295.387036
13.919175, 296.496622
13.849931, 297.588021
13.780560, 298.660938
13.711165, 299.715079
13.641852, 300.750153
13.572732, 301.765871
13.503920, 302.761952
13.435538, 303.738119
13.367709, 304.694109
13.300565, 305.629666
13.234240, 306.544550
13.168873, 307.438539
13.104608, 308.311428
13.041596, 309.163036
12.979990, 309.993207
12.919948, 310.801812
12.861635, 311.588756
12.805216, 312.353980
12.750864, 313.097461
12.698755, 313.819222
12.649068, 314.519331
12.601985, 315.197907
12.557693, 315.855123
12.516380, 316.491208
12.478236, 317.106454
12.443454, 317.701216
12.412227, 318.275915
12.384750, 318.831041
12.361217, 319.367158
12.341821, 319.884899
12.326755, 320.384973
12.316208, 320.868163
12.310367, 321.335323
12.309416, 321.787382
12.313534, 322.225336
12.322896, 322.650249
12.337668, 323.063250
12.358011, 323.465525
12.384081, 323.858314
12.416021, 324.242902
12.453969, 324.620617
12.498053, 324.992820
12.548388, 325.360894
12.605082, 325.726241
12.668231, 326.090270
12.737920, 326.454389
12.814222, 326.819997
12.897199, 327.188475
12.986902, 327.561176
13.083369, 327.939420
13.186629, 328.324486
13.296698, 328.717602
13.413582, 329.119943
13.537275, 329.532624
13.667763, 329.956693
13.805022, 330.393135
13.949017, 330.842858
14.099706, 331.306701
14.257038, 331.785428
14.420958, 332.279727
14.591398, 332.790212
14.768290, 333.317425
14.951557, 333.861834
15.141116, 334.423839
15.336884, 335.003771
15.538769, 335.601896
15.746679, 336.218421
15.960518, 336.853492
16.180189, 337.507203
16.405590, 338.179596
16.636621, 338.870664
16.873179, 339.580360
17.115161, 340.308595
17.362463, 341.055244
17.614981, 341.820149
17.872612, 342.603124
18.135253, 343.403954
18.402801, 344.222405
18.675153, 345.058220
18.952211, 345.911125
19.233873, 346.780831
19.520041, 347.667037
19.810618, 348.569431
20.105509, 349.487693
20.404618, 350.421497
20.707854, 351.370511
21.015125, 352.334400
21.326341, 353.312828
21.641414, 354.305456
21.960259, 355.311949
22.282789, 356.331969
22.608922, 357.365184
22.938576, 358.411262
23.271671, 359.469878
23.608129, 0.540707
23.947873, 1.623433
24.290826, 2.717742
24.636916, 3.823326
24.986068, 4.939885
25.338213, 6.067122
25.693281, 7.204749
26.051202, 8.352482
26.411909, 9.510044
26.775337, 10.677167
27.141420, 11.853586
27.510096, 13.039044
27.881300, 14.233292
28.254973, 15.436086
28.631052, 16.647188
29.009480, 17.866368
29.390197, 19.093401
29.773147, 20.328070
30.158271, 21.570162
30.545516, 22.819471
30.934825, 24.075797
31.326144, 25.338947
31.719421, 26.608731
32.114603, 27.884966
32.511638, 29.167476
32.910474, 30.456086
33.311062, 31.750632
33.713351, 33.050949
34.117292, 34.356882
34.522837, 35.668277
34.929937, 36.984986
35.338545, 38.306866
35.748613, 39.633777
36.160095, 40.965586
36.572946, 42.302160
36.987119, 43.643373
37.402570, 44.989102
37.819253, 46.339227
38.237125, 47.693633
38.656141, 49.052207
39.076258, 50.414841
39.497433, 51.781429
39.919623, 53.151869
40.342786, 54.526060
40.766879, 55.903908
41.191860, 57.285317
41.617689, 58.670199
42.044324, 60.058463
42.471724, 61.450026
42.899848, 62.844804
43.328656, 64.242717
43.758108, 65.643686
44.188164, 67.047636
44.618785, 68.454493
45.049930, 69.864186
45.481562, 71.276645
45.913641, 72.691803
46.346128, 74.109594
46.778984, 75.529956
47.212172, 76.952825
47.645654, 78.378143
48.079391, 79.805850
48.513346, 81.235890
48.947481, 82.668208
49.381759, 84.102751
49.816142, 85.539466
50.250595, 86.978303
50.685079, 88.419213
51.119558, 89.862147
51.553996, 91.307060
51.988357, 92.753905
52.422604, 94.202640
52.856700, 95.653221
53.290611, 97.105605
53.724301, 98.559754
54.157733, 100.015627
54.590873, 101.473186
55.023686, 102.932394
55.456135, 104.393213
55.888186, 105.855609
56.319805, 107.319547
56.750956, 108.784993
57.181605, 110.251915
57.611717, 111.720280
58.041259, 113.190058
58.470195, 114.661218
58.898492, 116.133730
59.326116, 117.607566
59.753034, 119.082698
60.179211, 120.559098
60.604614, 122.036740
61.029210, 123.515597
61.452965, 124.995644
61.875847, 126.476856
62.297822, 127.959210
62.718857, 129.442681
63.138921, 130.927246
63.557980, 132.412884
63.976001, 133.899572
64.392953, 135.387288
64.808804, 136.876013
65.223521, 138.365725
65.637073, 139.856405
66.049427, 141.348032
66.460553, 142.840589
66.870418, 144.334056
67.278992, 145.828416
67.686243, 147.323651
68.092140, 148.819743
68.496652, 150.316675
68.899749, 151.814432
69.301400, 153.312996
69.701574, 154.812352
70.100241, 156.312485
70.497372, 157.813379
70.892935, 159.315021
71.286901, 160.817394
71.679241, 162.320485
72.069924, 163.824281
72.458921, 165.328768
72.846204, 166.833932
73.231743, 168.339761
73.615508, 169.846242
73.997472, 171.353362
74.377606, 172.861110
74.755880, 174.369473
75.132267, 175.878440
75.506739, 177.388000
75.879268, 178.898141
76.249825, 180.408852
76.618384, 181.920123
76.984916, 183.431943
77.349395, 184.944302
77.711792, 186.457190
78.072082, 187.970596
78.430238, 189.484512
78.786232, 190.998928
79.140039, 192.513834
79.491632, 194.029222
79.840985, 195.545082
80.188071, 197.061405
80.532867, 198.578184
80.875345, 200.095409
81.215480, 201.613072
81.553248, 203.131166
81.888623, 204.649682
82.221580, 206.168612
82.552096, 207.687949
82.880144, 209.207685
83.205702, 210.727813
83.528745, 212.248325
83.849250, 213.769215
84.167192, 215.290475
84.482548, 216.812098
84.795296, 218.334079
85.105411, 219.856409
85.412871, 221.379083
85.717654, 222.902094
86.019737, 224.425436
86.319098, 225.949102
86.615714, 227.473087
86.909564, 228.997385
87.200627, 230.521989
87.488881, 232.046894
87.774304, 233.572095
88.056876, 235.097585
88.336577, 236.623359
88.613384, 238.149411
88.887280, 239.675737
89.158242, 241.202331
89.426251, 242.729188
89.691288, 244.256303
89.953333, 245.783670
90.212367, 247.311285
90.468371, 248.839143
90.721326, 250.367240
90.971214, 251.895569
91.218016, 253.424128
91.461715, 254.952911
91.702292, 256.481914
91.939730, 258.011131
92.174011, 259.540560
92.405118, 261.070195
92.633035, 262.600033
92.857745, 264.130068
93.079231, 265.660298
93.297477, 267.190717
93.512467, 268.721322
93.724186, 270.252109
93.932617, 271.783073
94.137747, 273.314212
94.339559, 274.845520
94.538039, 276.376995
94.733172, 277.908632
94.924945, 279.440428
95.113343, 280.972380
95.298353, 282.504483
95.479960, 284.036733
95.658152, 285.569129
95.832916, 287.101665
96.004239, 288.634338
96.172108, 290.167146
96.336512, 291.700084
96.497437, 293.233150
96.654873, 294.766340
96.808808, 296.299650
96.959231, 297.833077
97.106131, 299.366619
97.249497, 300.900272
97.389318, 302.434033
97.525584, 303.967899
97.658287, 305.501866
97.787415, 307.035932
97.912959, 308.570093
98.034911, 310.104346
98.153261, 311.638689
98.268000, 313.173119
98.379121, 314.707632
98.486616, 316.242225
98.590475, 317.776897
98.690693, 319.311643
98.787261, 320.846460
98.880173, 322.381347
98.969421, 323.916300
99.055000, 325.451316
99.136903, 326.986393
99.215124, 328.521528
99.289657, 330.056717
99.360497, 331.591959
99.427639, 333.127250
99.491078, 334.662587
99.550809, 336.197969
99.606828, 337.733392
99.659130, 339.268853
99.707713, 340.804351
99.752572, 342.339881
99.793705, 343.875442
99.831107, 345.411030
99.864778, 346.946644
99.894713, 348.482280
99.920911, 350.017936
99.943370, 351.553609
99.962088, 353.089297
99.977065, 354.624997
99.988298, 356.160705
99.995787, 357.696420
99.999532, 359.232140
99.999532, 0.767860
99.995787, 2.303580
99.988298, 3.839295
99.977065, 5.375003
99.962088, 6.910703
99.943370, 8.446391
99.920911, 9.982064
99.894713, 11.517720
99.864778, 13.053356
99.831107, 14.588970
99.793705, 16.124558
99.752572, 17.660119
99.707713, 19.195649
99.659130, 20.731147
99.606828, 22.266608
99.550809, 23.802031
99.491078, 25.337413
99.427639, 26.872750
99.360497, 28.408041
99.289657, 29.943283
99.215124, 31.478472
99.136903, 33.013607
99.055000, 34.548684
98.969421, 36.083700
98.880173, 37.618653
98.787261, 39.153540
98.690693, 40.688357
98.590475, 42.223103
98.486616, 43.757775
98.379121, 45.292368
98.268000, 46.826881
98.153261, 48.361311
98.034911, 49.895654
97.912959, 51.429907
97.787415, 52.964068
97.658287, 54.498134
97.525584, 56.032101
97.389318, 57.565967
97.249497, 59.099728
97.106131, 60.633381
96.959231, 62.166923
96.808808, 63.700350
96.654873, 65.233660
96.497437, 66.766850
96.336512, 68.299916
96.172108, 69.832854
96.004239, 71.365662
95.832916, 72.898335
95.658152, 74.430871
95.479960, 75.963267
95.298353, 77.495517
95.113343, 79.027620
94.924945, 80.559572
94.733172, 82.091368
94.538039, 83.623005
94.339559, 85.154480
94.137747, 86.685788
93.932617, 88.216927
93.724186, 89.747891
93.512467, 91.278678
93.297477, 92.809283
93.079231, 94.339702
92.857745, 95.869932
92.633035, 97.399967
92.405118, 98.929805
92.174011, 100.459440
91.939730, 101.988869
91.702292, 103.518086
91.461715, 105.047089
91.218016, 106.575872
90.971214, 108.104431
90.721326, 109.632760
90.468371, 111.160857
90.212367, 112.688715
89.953333, 114.216330
89.691288, 115.743697
89.426251, 117.270812
89.158242, 118.797669
88.887280, 120.324263
88.613384, 121.850589
88.336577, 123.376641
88.056876, 124.902415
87.774304, 126.427905
87.488881, 127.953106
87.200627, 129.478011
86.909564, 131.002615
86.615714, 132.526913
86.319098, 134.050898
86.019737, 135.574564
85.717654, 137.097906
85.412871, 138.620917
85.105411, 140.143591
84.795296, 141.665921
84.482548, 143.187902
84.167192, 144.709525
83.849250, 146.230785
83.528745, 147.751675
83.205702, 149.272187
82.880144, 150.792315
82.552096, 152.312051
82.221580, 153.831388
81.888623, 155.350318
81.553248, 156.868834
81.215480, 158.386928
80.875345, 159.904591
80.532867, 161.421816
80.188071, 162.938595
79.840985, 164.454918
79.491632, 165.970778
79.140039, 167.486166
78.786232, 169.001072
78.430238, 170.515488
78.072082, 172.029404
77.711792, 173.542810
77.349395, 175.055698
76.984916, 176.568057
76.618384, 178.079877
76.249825, 179.591148
75.879268, 181.101859
75.506739, 182.612000
75.132267, 184.121560
74.755880, 185.630527
74.377606, 187.138890
73.997472, 188.646638
73.615508, 190.153758
73.231743, 191.660239
72.846204, 193.166068
72.458921, 194.671232
72.069924, 196.175719
71.679241, 197.679515
71.286901, 199.182606
70.892935, 200.684979
70.497372, 202.186621
70.100241, 203.687515
69.701574, 205.187648
69.301400, 206.687004
68.899749, 208.185568
68.496652, 209.683325
68.092140, 211.180257
67.686243, 212.676349
67.278992, 214.171584
66.870418, 215.665944
66.460553, 217.159411
66.049427, 218.651968
65.637073, 220.143595
65.223521, 221.634275
64.808804, 223.123987
64.392953, 224.612712
63.976001, 226.100428
63.557980, 227.587116
63.138921, 229.072754
62.718857, 230.557319
62.297822, 232.040790
61.875847, 233.523144
61.452965, 235.004356
61.029210, 236.484403
60.604614, 237.963260
60.179211, 239.440902
59.753034, 240.917302
59.326116, 242.392434
58.898492, 243.866270
58.470195, 245.338782
58.041259, 246.809942
57.611717, 248.279720
57.181605, 249.748085
56.750956, 251.215007
56.319805, 252.680453
55.888186, 254.144391
55.456135, 255.606787
55.023686, 257.067606
54.590873, 258.526814
54.157733, 259.984373
53.724301, 261.440246
53.290611, 262.894395
52.856700, 264.346779
52.422604, 265.797360
51.988357, 267.246095
51.553996, 268.692940
51.119558, 270.137853
50.685079, 271.580787
50.250595, 273.021697
49.816142, 274.460534
49.381759, 275.897249
48.947481, 277.331792
48.513346, 278.764110
48.079391, 280.194150
47.645654, 281.621857
47.212172, 283.047175
46.778984, 284.470044
46.346128, 285.890406
45.913641, 287.308197
45.481562, 288.723355
45.049930, 290.135814
44.618785, 291.545507
44.188164, 292.952364
43.758108, 294.356314
43.328656, 295.757283
42.899848, 297.155196
42.471724, 298.549974
42.044324, 299.941537
41.617689, 301.329801
41.191860, 302.714683
40.766879, 304.096092
40.342786, 305.473940
39.919623, 306.848131
39.497433, 308.218571
39.076258, 309.585159
38.656141, 310.947793
38.237125, 312.306367
37.819253, 313.660773
37.402570, 315.010898
36.987119, 316.356627
36.572946, 317.697840
36.160095, 319.034414
35.748613, 320.366223
35.338545, 321.693134
34.929937, 323.015014
34.522837, 324.331723
34.117292, 325.643118
33.713351, 326.949051
33.311062, 328.249368
32.910474, 329.543914
32.511638, 330.832524
32.114603, 332.115034
31.719421, 333.391269
31.326144, 334.661053
30.934825, 335.924203
30.545516, 337.180529
30.158271, 338.429838
29.773147, 339.671930
29.390197, 340.906599
29.009480, 342.133632
28.631052, 343.352812
28.254973, 344.563914
27.881300, 345.766708
27.510096, 346.960956
27.141420, 348.146414
26.775337, 349.322833
26.411909, 350.489956
26.051202, 351.647518
25.693281, 352.795251
25.338213, 353.932878
24.986068, 355.060115
24.636916, 356.176674
24.290826, 357.282258
23.947873, 358.376567
23.608129, 359.459293
23.271671, 0.530122
22.938576, 1.588738
22.608922, 2.634816
22.282789, 3.668031
21.960259, 4.688051
21.641414, 5.694544
21.326341, 6.687172
21.015125, 7.665600
20.707854, 8.629489
20.404618, 9.578503
20.105509, 10.512307
19.810618, 11.430569
19.520041, 12.332963
19.233873, 13.219169
18.952211, 14.088875
18.675153, 14.941780
18.402801, 15.777595
18.135253, 16.596046
17.872612, 17.396876
17.614981, 18.179851
17.362463, 18.944756
17.115161, 19.691405
16.873179, 20.419640
16.636621, 21.129336
16.405590, 21.820404
16.180189, 22.492797
15.960518, 23.146508
15.746679, 23.781579
15.538769, 24.398104
15.336884, 24.996229
15.141116, 25.576161
14.951557, 26.138166
14.768290, 26.682575
14.591398, 27.209788
14.420958, 27.720273
14.257038, 28.214572
14.099706, 28.693299
13.949017, 29.157142
13.805022, 29.606865
13.667763, 30.043307
13.537275, 30.467376
13.413582, 30.880057
13.296698, 31.282398
13.186629, 31.675514
13.083369, 32.060580
12.986902, 32.438824
12.897199, 32.811525
12.814222, 33.180003
12.737920, 33.545611
12.668231, 33.909730
12.605082, 34.273759
12.548388, 34.639106
12.498053, 35.007180
12.453969, 35.379383
12.416021, 35.757098
12.384081, 36.141686
12.358011, 36.534475
12.337668, 36.936750
12.322896, 37.349751
12.313534, 37.774664
12.309416, 38.212618
12.310367, 38.664677
12.316208, 39.131837
12.326755, 39.615027
12.341821, 40.115101
12.361217, 40.632842
12.384750, 41.168959
12.412227, 41.724085
12.443454, 42.298784
12.478236, 42.893546
12.516380, 43.508792
12.557693, 44.144877
12.601985, 44.802093
12.649068, 45.480669
12.698755, 46.180778
12.750864, 46.902539
12.805216, 47.646020
12.861635, 48.411244
12.919948, 49.198188
12.979990, 50.006793
13.041596, 50.836964
13.104608, 51.688572
13.168873, 52.561461
13.234240, 53.455450
13.300565, 54.370334
13.367709, 55.305891
13.435538, 56.261881
13.503920, 57.238048
13.572732, 58.234129
13.641852, 59.249847
13.711165, 60.284921
13.780560, 61.339062
13.849931, 62.411979
13.919175, 63.503378
13.988195, 64.612964
14.056899, 65.740443
14.125197, 66.885521
14.193004, 68.047909
14.260240, 69.227320
14.326827, 70.423471
14.392694, 71.636085
14.457770, 72.864889
14.521990, 74.109617
14.585293, 75.370011
14.647619, 76.645818
14.708913, 77.936791
14.769123, 79.242694
14.828201, 80.563296
14.886101, 81.898375
14.942780, 83.247716
14.998199, 84.611114
15.052320, 85.988370
15.105110, 87.379294
15.156538, 88.783705
15.206574, 90.201428
15.255193, 91.632300
15.302371, 93.076161
15.348088, 94.532864
15.392324, 96.002265
15.435063, 97.484233
15.476293, 98.978640
15.516000, 100.485369
15.554177, 102.004308
15.590815, 103.535355
15.625911, 105.078412
15.659461, 106.633391
15.691465, 108.200210
15.721925, 109.778793
15.750844, 111.369071
15.778228, 112.970982
15.804086, 114.584469
15.828426, 116.209484
15.851261, 117.845981
15.872605, 119.493923
15.892473, 121.153277
15.910884, 122.824016
15.927858, 124.506118
15.943417, 126.199566
15.957584, 127.904349
15.970385, 129.620458
15.981848, 131.347891
15.992004, 133.086648
16.000884, 134.836737
16.008522, 136.598164
16.014954, 138.370942
16.020217, 140.155088
16.024352, 141.950620
16.027401, 143.757558
16.029407, 145.575927
16.030417, 147.405752
16.030478, 149.247061
16.029641, 151.099883
16.027957, 152.964247
16.025481, 154.840185
16.022270, 156.727727
16.018381, 158.626904
16.013874, 160.537748
16.008812, 162.460287
16.003261, 164.394549
15.997285, 166.340562
15.990954, 168.298349
15.984338, 170.267932
15.977510, 172.249329
15.970545, 174.242554
15.963519, 176.247616
15.956511, 178.264521
15.949601, 180.293267
15.942872, 182.333848
15.936409, 184.386250
15.930296, 186.450451
15.924623, 188.526423
15.919479, 190.614126
15.914956, 192.713515
15.911145, 194.824532
15.908142, 196.947109
15.906042, 199.081166
15.904943, 201.226614
15.904943, 203.383348
15.906142, 205.551251
15.908640, 207.730194
15.912539, 209.920033
15.917941, 212.120608
15.924948, 214.331746
15.933665, 216.553257
15.944196, 218.784935
15.956643, 221.026559
15.971111, 223.277892
15.987704, 225.538678
16.006526, 227.808647
16.027678, 230.087511
16.051264, 232.374965
16.077385, 234.670690
16.106141, 236.974348
16.137631, 239.285587
16.171952, 241.604038
16.209201, 243.929320
16.249470, 246.261036
16.292852, 248.598774
16.339437, 250.942113
16.389310, 253.290618
16.442558, 255.643843
16.499260, 258.001335
16.559496, 260.362629
16.623341, 262.727255
16.690868, 265.094737
16.762143, 267.464594
16.837234, 269.836340
16.916200, 272.209492
16.999099, 274.583560
17.085986, 276.958060
17.176909, 279.332509
17.271914, 281.706426
17.371043, 284.079337
17.474332, 286.450775
17.581816, 288.820278
17.693524, 291.187396
17.809479, 293.551688
17.929704, 295.912723
18.054215, 298.270084
18.183025, 300.623367
18.316142, 302.972182
18.453572, 305.316154
18.595317, 307.654922
18.741373, 309.988144
18.891734, 312.315492
19.046391, 314.636656
19.205332, 316.951344
19.368539, 319.259281
19.535994, 321.560209
19.707674, 323.853888
19.883555, 326.140096
20.063609, 328.418629
20.247804, 330.689299
20.436109, 332.951936
20.628489, 335.206386
20.824906, 337.452512
21.025320, 339.690192
21.229692, 341.919321
21.437977, 344.139808
21.650132, 346.351577
21.866109, 348.554564
22.085863, 350.748722
22.309344, 352.934013
22.536503, 355.110413
22.767288, 357.277910
23.001648, 359.436503
23.239529, 1.586199
23.480880, 3.727017
23.725645, 5.858984
23.973770, 7.982138
24.225200, 10.096521
24.479879, 12.202185
24.737751, 14.299189
24.998761, 16.387597
25.262851, 18.467480
25.529966, 20.538914
25.800048, 22.601979
26.073040, 24.656761
26.348887, 26.703350
26.627531, 28.741836
26.908915, 30.772318
27.192983, 32.794893
27.479679, 34.809663
27.768945, 36.816731
28.060727, 38.816202
28.354968, 40.808183
28.651613, 42.792782
28.950606, 44.770109
29.251892, 46.740272
29.555416, 48.703382
29.861124, 50.659551
30.168961, 52.608887
30.478873, 54.551503
30.790808, 56.487509
31.104712, 58.417014
31.420531, 60.340130
31.738213, 62.256964
32.057707, 64.167625
32.378960, 66.072220
32.701921, 67.970857
33.026539, 69.863641
33.352763, 71.750676
33.680542, 73.632065
34.009827, 75.507911
34.340568, 77.378315
34.672715, 79.243375
35.006220, 81.103191
35.341035, 82.957858
35.677110, 84.807473
36.014397, 86.652128
36.352851, 88.491917
36.692422, 90.326931
37.033064, 92.157258
37.374732, 93.982987
37.717377, 95.804204
38.060956, 97.620993
38.405421, 99.433440
38.750728, 101.241624
39.096831, 103.045627
39.443687, 104.845527
39.791250, 106.641402
40.139477, 108.433327
40.488324, 110.221377
40.837747, 112.005626
41.187704, 113.786144
41.538151, 115.563002
41.889046, 117.336268
42.240346, 119.106010
42.592009, 120.872293
42.943994, 122.635183
43.296259, 124.394743
43.648763, 126.151034
44.001464, 127.904117
44.354322, 129.654052
44.707297, 131.400897
45.060348, 133.144710
45.413434, 134.885544
45.766517, 136.623456
46.119557, 138.358499
46.472514, 140.090725
46.825349, 141.820185
47.178023, 143.546930
47.530499, 145.271008
47.882736, 146.992467
48.234698, 148.711354
48.586346, 150.427716
48.937642, 152.141597
49.288549, 153.853042
49.639030, 155.562092
49.989047, 157.268791
50.338563, 158.973180
50.687543, 160.675298
51.035948, 162.375186
51.383744, 164.072882
51.730894, 165.768423
52.077361, 167.461847
52.423112, 169.153190
52.768109, 170.842487
53.112318, 172.529773
53.455703, 174.215081
53.798230, 175.898445
54.139865, 177.579897
54.480572, 179.259469
54.820317, 180.937193
55.159066, 182.613097
55.496786, 184.287212
55.833443, 185.959568
56.169002, 187.630192
56.503432, 189.299112
56.836698, 190.966356
57.168769, 192.631950
57.499610, 194.295920
57.829190, 195.958292
58.157476, 197.619092
58.484437, 199.278342
58.810039, 200.936068
59.134253, 202.592292
59.457045, 204.247038
59.778384, 205.900327
60.098240, 207.552183
60.416582, 209.202626
60.733378, 210.851678
61.048598, 212.499358
61.362212, 214.145688
61.674190, 215.790686
61.984501, 217.434373
62.293116, 219.076766
62.600005, 220.717886
62.905139, 222.357748
63.208488, 223.996372
63.510024, 225.633775
63.809718, 227.269974
64.107541, 228.904984
64.403465, 230.538823
64.697462, 232.171507
64.989503, 233.803050
65.279561, 235.433469
65.567609, 237.062777
##END=
