##TITLE= Parameter file, TopSpin 4.3.0
##JCAMPDX= 5.0
##DATATYPE= Parameter Values
##ORIGIN= Bruker BioSpin GmbH
##OWNER= nmrsu
$$ 2024-05-09 18:09:31.788 +0100  nmrsu@4CE1161FJM
$$ C:/Bruker/TopSpin4.3.0/exp/stan/nmr/lists/wave/user/multisupp_aux_d8
$$ process C:\Bruker\TopSpin4.3.0\prog\mod\xwinshape.exe
##MINX= 0.43655200
##MAXX= 99.99938900
##MINY= 0.62748300
##MAXY= 359.37251700
##$SHAPE_ADDPHASE= 0
##$SHAPE_AMP= 99.99938931
##$SHAPE_BWFAC= 0
##$SHAPE_BWFAC50= 0
##$SHAPE_CALCBW= yes
##$SHAPE_CALCINTEG= yes
##$SHAPE_EXMODE= <Excitation>
##$SHAPE_EXPAND= <>
##$SHAPE_EXPANDCF= (0..143)
0 0 0 0 0 0 0 0 0 0 0 0 0 0 0 0 0 0 0 0 0 0 0 0 0 0 0 0 0 0 0 0 0 0 0 0
0 0 0 0 0 0 0 0 0 0 0 0 0 0 0 0 0 0 0 0 0 0 0 0 0 0 0 0 0 0 0 0 0 0 0 0
0 0 0 0 0 0 0 0 0 0 0 0 0 0 0 0 0 0 0 0 0 0 0 0 0 0 0 0 0 0 0 0 0 0 0 0
0 0 0 0 0 0 0 0 0 0 0 0 0 0 0 0 0 0 0 0 0 0 0 0 0 0 0 0 0 0 0 0 0 0 0 0
##$SHAPE_EXPFAC= 0
##$SHAPE_FRACEND= 0
##$SHAPE_FRACORG= 0
##$SHAPE_FRACSTART= 0
##$SHAPE_INTEGFAC= 0
##$SHAPE_KEEPRES= yes
##$SHAPE_LENGTH= 25000.000373
##$SHAPE_MAN= <M>
##$SHAPE_MODE= 3
##$SHAPE_MODFREQ= 0
##$SHAPE_MODPHASE= 0
##$SHAPE_MODSCALE= 0
##$SHAPE_MODSW= 0
##$SHAPE_MODSWDIR= -1
##$SHAPE_NPOINTS= 1250
##$SHAPE_OFFS= <1 3>
##$SHAPE_OFFSCOEFF= (0..95)
-159.29242 0 100 -226.99481 0 100 -295.5369 0 100 0 0 0 0 0 0 0 0 0 0 0
0 0 0 0 0 0 0 0 0 0 0 0 0 0 0 0 0 0 0 0 0 0 0 0 0 0 0 0 0 0 0 0 0 0 0 0
0 0 0 0 0 0 0 0 0 0 0 0 0 0 0 0 0 0 0 0 0 0 0 0 0 0 0 0 0 0 0 0 0 0 0 0
0 0 0 0
##$SHAPE_PARAMETER= <>
##$SHAPE_REPHFAC= 0
##$SHAPE_RES= 0
##$SHAPE_SCALEFAC= 1.00000611
##$SHAPE_SCALETYPE= 0
##$SHAPE_SPOAL= 0
##$SHAPE_SPOFFS= 0
##$SHAPE_SPOPH= 0
##$SHAPE_TOTROT= 90
##$SHAPE_TYPE= <Excitation>
##$SHAPE_USER_DEF= <>
##$SHAPE_VERSION= 2.1
##$SHL_ADDPHASE= (0..15)
0 0 0 0 0 0 0 0 0 0 0 0 0 0 0 0
##$SHL_ALIGNOFFSET= (0..15)
0 0 0 0 0 0 0 0 0 0 0 0 0 0 0 0
##$SHL_AMP= (0..15)
100 0 0 0 0 0 0 0 0 0 0 0 0 0 0 0
##$SHL_AMPFAC= (0..15)
0 0 0 0 0 0 0 0 0 0 0 0 0 0 0 0
##$SHL_BETA= (0..15)
0 0 0 0 0 0 0 0 0 0 0 0 0 0 0 0
##$SHL_BWFAC= (0..15)
1.116 0 0 0 0 0 0 0 0 0 0 0 0 0 0 0
##$SHL_CALCBW= (0..15)
yes yes yes yes yes yes yes yes yes yes yes yes yes yes yes yes
##$SHL_CALCINTEG= (0..15)
yes yes yes yes yes yes yes yes yes yes yes yes yes yes yes yes
##$SHL_CENTERAMP= (0..15)
0 0 0 0 0 0 0 0 0 0 0 0 0 0 0 0
##$SHL_CYCNUM= (0..15)
0 0 0 0 0 0 0 0 0 0 0 0 0 0 0 0
##$SHL_DIPOLCPL= (0..15)
0 0 0 0 0 0 0 0 0 0 0 0 0 0 0 0
##$SHL_ENDAMP= (0..15)
0 0 0 0 0 0 0 0 0 0 0 0 0 0 0 0
##$SHL_EXMODE= (0..15)
<Excitation> <> <> <> <> <> <> <> <> <> <> <> <> <> <> <>
##$SHL_EXPAND= (0..15)
<> <> <> <> <> <> <> <> <> <> <> <> <> <> <> <>
##$SHL_EXPANDCF0= (0..143)
0 0 0 0 0 0 0 0 0 0 0 0 0 0 0 0 0 0 0 0 0 0 0 0 0 0 0 0 0 0 0 0 0 0 0 0
0 0 0 0 0 0 0 0 0 0 0 0 0 0 0 0 0 0 0 0 0 0 0 0 0 0 0 0 0 0 0 0 0 0 0 0
0 0 0 0 0 0 0 0 0 0 0 0 0 0 0 0 0 0 0 0 0 0 0 0 0 0 0 0 0 0 0 0 0 0 0 0
0 0 0 0 0 0 0 0 0 0 0 0 0 0 0 0 0 0 0 0 0 0 0 0 0 0 0 0 0 0 0 0 0 0 0 0
##$SHL_EXPANDCF1= (0..143)
0 0 0 0 0 0 0 0 0 0 0 0 0 0 0 0 0 0 0 0 0 0 0 0 0 0 0 0 0 0 0 0 0 0 0 0
0 0 0 0 0 0 0 0 0 0 0 0 0 0 0 0 0 0 0 0 0 0 0 0 0 0 0 0 0 0 0 0 0 0 0 0
0 0 0 0 0 0 0 0 0 0 0 0 0 0 0 0 0 0 0 0 0 0 0 0 0 0 0 0 0 0 0 0 0 0 0 0
0 0 0 0 0 0 0 0 0 0 0 0 0 0 0 0 0 0 0 0 0 0 0 0 0 0 0 0 0 0 0 0 0 0 0 0
##$SHL_EXPANDCF10= (0..143)
0 0 0 0 0 0 0 0 0 0 0 0 0 0 0 0 0 0 0 0 0 0 0 0 0 0 0 0 0 0 0 0 0 0 0 0
0 0 0 0 0 0 0 0 0 0 0 0 0 0 0 0 0 0 0 0 0 0 0 0 0 0 0 0 0 0 0 0 0 0 0 0
0 0 0 0 0 0 0 0 0 0 0 0 0 0 0 0 0 0 0 0 0 0 0 0 0 0 0 0 0 0 0 0 0 0 0 0
0 0 0 0 0 0 0 0 0 0 0 0 0 0 0 0 0 0 0 0 0 0 0 0 0 0 0 0 0 0 0 0 0 0 0 0
##$SHL_EXPANDCF11= (0..143)
0 0 0 0 0 0 0 0 0 0 0 0 0 0 0 0 0 0 0 0 0 0 0 0 0 0 0 0 0 0 0 0 0 0 0 0
0 0 0 0 0 0 0 0 0 0 0 0 0 0 0 0 0 0 0 0 0 0 0 0 0 0 0 0 0 0 0 0 0 0 0 0
0 0 0 0 0 0 0 0 0 0 0 0 0 0 0 0 0 0 0 0 0 0 0 0 0 0 0 0 0 0 0 0 0 0 0 0
0 0 0 0 0 0 0 0 0 0 0 0 0 0 0 0 0 0 0 0 0 0 0 0 0 0 0 0 0 0 0 0 0 0 0 0
##$SHL_EXPANDCF12= (0..143)
0 0 0 0 0 0 0 0 0 0 0 0 0 0 0 0 0 0 0 0 0 0 0 0 0 0 0 0 0 0 0 0 0 0 0 0
0 0 0 0 0 0 0 0 0 0 0 0 0 0 0 0 0 0 0 0 0 0 0 0 0 0 0 0 0 0 0 0 0 0 0 0
0 0 0 0 0 0 0 0 0 0 0 0 0 0 0 0 0 0 0 0 0 0 0 0 0 0 0 0 0 0 0 0 0 0 0 0
0 0 0 0 0 0 0 0 0 0 0 0 0 0 0 0 0 0 0 0 0 0 0 0 0 0 0 0 0 0 0 0 0 0 0 0
##$SHL_EXPANDCF13= (0..143)
0 0 0 0 0 0 0 0 0 0 0 0 0 0 0 0 0 0 0 0 0 0 0 0 0 0 0 0 0 0 0 0 0 0 0 0
0 0 0 0 0 0 0 0 0 0 0 0 0 0 0 0 0 0 0 0 0 0 0 0 0 0 0 0 0 0 0 0 0 0 0 0
0 0 0 0 0 0 0 0 0 0 0 0 0 0 0 0 0 0 0 0 0 0 0 0 0 0 0 0 0 0 0 0 0 0 0 0
0 0 0 0 0 0 0 0 0 0 0 0 0 0 0 0 0 0 0 0 0 0 0 0 0 0 0 0 0 0 0 0 0 0 0 0
##$SHL_EXPANDCF14= (0..143)
0 0 0 0 0 0 0 0 0 0 0 0 0 0 0 0 0 0 0 0 0 0 0 0 0 0 0 0 0 0 0 0 0 0 0 0
0 0 0 0 0 0 0 0 0 0 0 0 0 0 0 0 0 0 0 0 0 0 0 0 0 0 0 0 0 0 0 0 0 0 0 0
0 0 0 0 0 0 0 0 0 0 0 0 0 0 0 0 0 0 0 0 0 0 0 0 0 0 0 0 0 0 0 0 0 0 0 0
0 0 0 0 0 0 0 0 0 0 0 0 0 0 0 0 0 0 0 0 0 0 0 0 0 0 0 0 0 0 0 0 0 0 0 0
##$SHL_EXPANDCF15= (0..143)
0 0 0 0 0 0 0 0 0 0 0 0 0 0 0 0 0 0 0 0 0 0 0 0 0 0 0 0 0 0 0 0 0 0 0 0
0 0 0 0 0 0 0 0 0 0 0 0 0 0 0 0 0 0 0 0 0 0 0 0 0 0 0 0 0 0 0 0 0 0 0 0
0 0 0 0 0 0 0 0 0 0 0 0 0 0 0 0 0 0 0 0 0 0 0 0 0 0 0 0 0 0 0 0 0 0 0 0
0 0 0 0 0 0 0 0 0 0 0 0 0 0 0 0 0 0 0 0 0 0 0 0 0 0 0 0 0 0 0 0 0 0 0 0
##$SHL_EXPANDCF2= (0..143)
0 0 0 0 0 0 0 0 0 0 0 0 0 0 0 0 0 0 0 0 0 0 0 0 0 0 0 0 0 0 0 0 0 0 0 0
0 0 0 0 0 0 0 0 0 0 0 0 0 0 0 0 0 0 0 0 0 0 0 0 0 0 0 0 0 0 0 0 0 0 0 0
0 0 0 0 0 0 0 0 0 0 0 0 0 0 0 0 0 0 0 0 0 0 0 0 0 0 0 0 0 0 0 0 0 0 0 0
0 0 0 0 0 0 0 0 0 0 0 0 0 0 0 0 0 0 0 0 0 0 0 0 0 0 0 0 0 0 0 0 0 0 0 0
##$SHL_EXPANDCF3= (0..143)
0 0 0 0 0 0 0 0 0 0 0 0 0 0 0 0 0 0 0 0 0 0 0 0 0 0 0 0 0 0 0 0 0 0 0 0
0 0 0 0 0 0 0 0 0 0 0 0 0 0 0 0 0 0 0 0 0 0 0 0 0 0 0 0 0 0 0 0 0 0 0 0
0 0 0 0 0 0 0 0 0 0 0 0 0 0 0 0 0 0 0 0 0 0 0 0 0 0 0 0 0 0 0 0 0 0 0 0
0 0 0 0 0 0 0 0 0 0 0 0 0 0 0 0 0 0 0 0 0 0 0 0 0 0 0 0 0 0 0 0 0 0 0 0
##$SHL_EXPANDCF4= (0..143)
0 0 0 0 0 0 0 0 0 0 0 0 0 0 0 0 0 0 0 0 0 0 0 0 0 0 0 0 0 0 0 0 0 0 0 0
0 0 0 0 0 0 0 0 0 0 0 0 0 0 0 0 0 0 0 0 0 0 0 0 0 0 0 0 0 0 0 0 0 0 0 0
0 0 0 0 0 0 0 0 0 0 0 0 0 0 0 0 0 0 0 0 0 0 0 0 0 0 0 0 0 0 0 0 0 0 0 0
0 0 0 0 0 0 0 0 0 0 0 0 0 0 0 0 0 0 0 0 0 0 0 0 0 0 0 0 0 0 0 0 0 0 0 0
##$SHL_EXPANDCF5= (0..143)
0 0 0 0 0 0 0 0 0 0 0 0 0 0 0 0 0 0 0 0 0 0 0 0 0 0 0 0 0 0 0 0 0 0 0 0
0 0 0 0 0 0 0 0 0 0 0 0 0 0 0 0 0 0 0 0 0 0 0 0 0 0 0 0 0 0 0 0 0 0 0 0
0 0 0 0 0 0 0 0 0 0 0 0 0 0 0 0 0 0 0 0 0 0 0 0 0 0 0 0 0 0 0 0 0 0 0 0
0 0 0 0 0 0 0 0 0 0 0 0 0 0 0 0 0 0 0 0 0 0 0 0 0 0 0 0 0 0 0 0 0 0 0 0
##$SHL_EXPANDCF6= (0..143)
0 0 0 0 0 0 0 0 0 0 0 0 0 0 0 0 0 0 0 0 0 0 0 0 0 0 0 0 0 0 0 0 0 0 0 0
0 0 0 0 0 0 0 0 0 0 0 0 0 0 0 0 0 0 0 0 0 0 0 0 0 0 0 0 0 0 0 0 0 0 0 0
0 0 0 0 0 0 0 0 0 0 0 0 0 0 0 0 0 0 0 0 0 0 0 0 0 0 0 0 0 0 0 0 0 0 0 0
0 0 0 0 0 0 0 0 0 0 0 0 0 0 0 0 0 0 0 0 0 0 0 0 0 0 0 0 0 0 0 0 0 0 0 0
##$SHL_EXPANDCF7= (0..143)
0 0 0 0 0 0 0 0 0 0 0 0 0 0 0 0 0 0 0 0 0 0 0 0 0 0 0 0 0 0 0 0 0 0 0 0
0 0 0 0 0 0 0 0 0 0 0 0 0 0 0 0 0 0 0 0 0 0 0 0 0 0 0 0 0 0 0 0 0 0 0 0
0 0 0 0 0 0 0 0 0 0 0 0 0 0 0 0 0 0 0 0 0 0 0 0 0 0 0 0 0 0 0 0 0 0 0 0
0 0 0 0 0 0 0 0 0 0 0 0 0 0 0 0 0 0 0 0 0 0 0 0 0 0 0 0 0 0 0 0 0 0 0 0
##$SHL_EXPANDCF8= (0..143)
0 0 0 0 0 0 0 0 0 0 0 0 0 0 0 0 0 0 0 0 0 0 0 0 0 0 0 0 0 0 0 0 0 0 0 0
0 0 0 0 0 0 0 0 0 0 0 0 0 0 0 0 0 0 0 0 0 0 0 0 0 0 0 0 0 0 0 0 0 0 0 0
0 0 0 0 0 0 0 0 0 0 0 0 0 0 0 0 0 0 0 0 0 0 0 0 0 0 0 0 0 0 0 0 0 0 0 0
0 0 0 0 0 0 0 0 0 0 0 0 0 0 0 0 0 0 0 0 0 0 0 0 0 0 0 0 0 0 0 0 0 0 0 0
##$SHL_EXPANDCF9= (0..143)
0 0 0 0 0 0 0 0 0 0 0 0 0 0 0 0 0 0 0 0 0 0 0 0 0 0 0 0 0 0 0 0 0 0 0 0
0 0 0 0 0 0 0 0 0 0 0 0 0 0 0 0 0 0 0 0 0 0 0 0 0 0 0 0 0 0 0 0 0 0 0 0
0 0 0 0 0 0 0 0 0 0 0 0 0 0 0 0 0 0 0 0 0 0 0 0 0 0 0 0 0 0 0 0 0 0 0 0
0 0 0 0 0 0 0 0 0 0 0 0 0 0 0 0 0 0 0 0 0 0 0 0 0 0 0 0 0 0 0 0 0 0 0 0
##$SHL_EXPFAC= (0..15)
0 0 0 0 0 0 0 0 0 0 0 0 0 0 0 0
##$SHL_FRACEND= (0..15)
0 0 0 0 0 0 0 0 0 0 0 0 0 0 0 0
##$SHL_FRACORG= (0..15)
0 0 0 0 0 0 0 0 0 0 0 0 0 0 0 0
##$SHL_FRACSTART= (0..15)
0 0 0 0 0 0 0 0 0 0 0 0 0 0 0 0
##$SHL_FULLHALF= (0..15)
0 0 0 0 0 0 0 0 0 0 0 0 0 0 0 0
##$SHL_FUNCAMP= (0..15)
100 0 0 0 0 0 0 0 0 0 0 0 0 0 0 0
##$SHL_FUNCTION= (0..15)
<Rectangle> <> <> <> <> <> <> <> <> <> <> <> <> <> <> <>
##$SHL_GCO= (0..15)
<> <> <> <> <> <> <> <> <> <> <> <> <> <> <> <>
##$SHL_GCOCOEFFS0= (0..59)
0 0 0 0 0 0 0 0 0 0 0 0 0 0 0 0 0 0 0 0 0 0 0 0 0 0 0 0 0 0 0 0 0 0 0 0
0 0 0 0 0 0 0 0 0 0 0 0 0 0 0 0 0 0 0 0 0 0 0 0
##$SHL_GCOCOEFFS1= (0..59)
0 0 0 0 0 0 0 0 0 0 0 0 0 0 0 0 0 0 0 0 0 0 0 0 0 0 0 0 0 0 0 0 0 0 0 0
0 0 0 0 0 0 0 0 0 0 0 0 0 0 0 0 0 0 0 0 0 0 0 0
##$SHL_GCOCOEFFS10= (0..59)
0 0 0 0 0 0 0 0 0 0 0 0 0 0 0 0 0 0 0 0 0 0 0 0 0 0 0 0 0 0 0 0 0 0 0 0
0 0 0 0 0 0 0 0 0 0 0 0 0 0 0 0 0 0 0 0 0 0 0 0
##$SHL_GCOCOEFFS11= (0..59)
0 0 0 0 0 0 0 0 0 0 0 0 0 0 0 0 0 0 0 0 0 0 0 0 0 0 0 0 0 0 0 0 0 0 0 0
0 0 0 0 0 0 0 0 0 0 0 0 0 0 0 0 0 0 0 0 0 0 0 0
##$SHL_GCOCOEFFS12= (0..59)
0 0 0 0 0 0 0 0 0 0 0 0 0 0 0 0 0 0 0 0 0 0 0 0 0 0 0 0 0 0 0 0 0 0 0 0
0 0 0 0 0 0 0 0 0 0 0 0 0 0 0 0 0 0 0 0 0 0 0 0
##$SHL_GCOCOEFFS13= (0..59)
0 0 0 0 0 0 0 0 0 0 0 0 0 0 0 0 0 0 0 0 0 0 0 0 0 0 0 0 0 0 0 0 0 0 0 0
0 0 0 0 0 0 0 0 0 0 0 0 0 0 0 0 0 0 0 0 0 0 0 0
##$SHL_GCOCOEFFS14= (0..59)
0 0 0 0 0 0 0 0 0 0 0 0 0 0 0 0 0 0 0 0 0 0 0 0 0 0 0 0 0 0 0 0 0 0 0 0
0 0 0 0 0 0 0 0 0 0 0 0 0 0 0 0 0 0 0 0 0 0 0 0
##$SHL_GCOCOEFFS15= (0..59)
0 0 0 0 0 0 0 0 0 0 0 0 0 0 0 0 0 0 0 0 0 0 0 0 0 0 0 0 0 0 0 0 0 0 0 0
0 0 0 0 0 0 0 0 0 0 0 0 0 0 0 0 0 0 0 0 0 0 0 0
##$SHL_GCOCOEFFS2= (0..59)
0 0 0 0 0 0 0 0 0 0 0 0 0 0 0 0 0 0 0 0 0 0 0 0 0 0 0 0 0 0 0 0 0 0 0 0
0 0 0 0 0 0 0 0 0 0 0 0 0 0 0 0 0 0 0 0 0 0 0 0
##$SHL_GCOCOEFFS3= (0..59)
0 0 0 0 0 0 0 0 0 0 0 0 0 0 0 0 0 0 0 0 0 0 0 0 0 0 0 0 0 0 0 0 0 0 0 0
0 0 0 0 0 0 0 0 0 0 0 0 0 0 0 0 0 0 0 0 0 0 0 0
##$SHL_GCOCOEFFS4= (0..59)
0 0 0 0 0 0 0 0 0 0 0 0 0 0 0 0 0 0 0 0 0 0 0 0 0 0 0 0 0 0 0 0 0 0 0 0
0 0 0 0 0 0 0 0 0 0 0 0 0 0 0 0 0 0 0 0 0 0 0 0
##$SHL_GCOCOEFFS5= (0..59)
0 0 0 0 0 0 0 0 0 0 0 0 0 0 0 0 0 0 0 0 0 0 0 0 0 0 0 0 0 0 0 0 0 0 0 0
0 0 0 0 0 0 0 0 0 0 0 0 0 0 0 0 0 0 0 0 0 0 0 0
##$SHL_GCOCOEFFS6= (0..59)
0 0 0 0 0 0 0 0 0 0 0 0 0 0 0 0 0 0 0 0 0 0 0 0 0 0 0 0 0 0 0 0 0 0 0 0
0 0 0 0 0 0 0 0 0 0 0 0 0 0 0 0 0 0 0 0 0 0 0 0
##$SHL_GCOCOEFFS7= (0..59)
0 0 0 0 0 0 0 0 0 0 0 0 0 0 0 0 0 0 0 0 0 0 0 0 0 0 0 0 0 0 0 0 0 0 0 0
0 0 0 0 0 0 0 0 0 0 0 0 0 0 0 0 0 0 0 0 0 0 0 0
##$SHL_GCOCOEFFS8= (0..59)
0 0 0 0 0 0 0 0 0 0 0 0 0 0 0 0 0 0 0 0 0 0 0 0 0 0 0 0 0 0 0 0 0 0 0 0
0 0 0 0 0 0 0 0 0 0 0 0 0 0 0 0 0 0 0 0 0 0 0 0
##$SHL_GCOCOEFFS9= (0..59)
0 0 0 0 0 0 0 0 0 0 0 0 0 0 0 0 0 0 0 0 0 0 0 0 0 0 0 0 0 0 0 0 0 0 0 0
0 0 0 0 0 0 0 0 0 0 0 0 0 0 0 0 0 0 0 0 0 0 0 0
##$SHL_INTEGFAC= (0..15)
1 0 0 0 0 0 0 0 0 0 0 0 0 0 0 0
##$SHL_LB= (0..15)
0 0 0 0 0 0 0 0 0 0 0 0 0 0 0 0
##$SHL_LEFTLIMIT= (0..15)
0 0 0 0 0 0 0 0 0 0 0 0 0 0 0 0
##$SHL_LENGTH= (0..15)
25000.000373 0 0 0 0 0 0 0 0 0 0 0 0 0 0 0
##$SHL_MAN= (0..15)
<> <> <> <> <> <> <> <> <> <> <> <> <> <> <> <>
##$SHL_MEANAMP= (0..15)
0 0 0 0 0 0 0 0 0 0 0 0 0 0 0 0
##$SHL_MODAMP= (0..15)
0 0 0 0 0 0 0 0 0 0 0 0 0 0 0 0
##$SHL_MODE= (0..15)
0 0 0 0 0 0 0 0 0 0 0 0 0 0 0 0
##$SHL_MODFREQ= (0..15)
0 0 0 0 0 0 0 0 0 0 0 0 0 0 0 0
##$SHL_MODPHASE= (0..15)
0 0 0 0 0 0 0 0 0 0 0 0 0 0 0 0
##$SHL_MODSCALE= (0..15)
0 0 0 0 0 0 0 0 0 0 0 0 0 0 0 0
##$SHL_MODSW= (0..15)
0 0 0 0 0 0 0 0 0 0 0 0 0 0 0 0
##$SHL_MODSWDIR= (0..15)
-1 -1 -1 -1 -1 -1 -1 -1 -1 -1 -1 -1 -1 -1 -1 -1
##$SHL_MU= (0..15)
0 0 0 0 0 0 0 0 0 0 0 0 0 0 0 0
##$SHL_NPOINTS= (0..15)
1250 0 0 0 0 0 0 0 0 0 0 0 0 0 0 0
##$SHL_OFFS= (0..15)
<> <> <> <> <> <> <> <> <> <> <> <> <> <> <> <>
##$SHL_OFFSCOEFF0= (0..95)
0 0 0 0 0 0 0 0 0 0 0 0 0 0 0 0 0 0 0 0 0 0 0 0 0 0 0 0 0 0 0 0 0 0 0 0
0 0 0 0 0 0 0 0 0 0 0 0 0 0 0 0 0 0 0 0 0 0 0 0 0 0 0 0 0 0 0 0 0 0 0 0
0 0 0 0 0 0 0 0 0 0 0 0 0 0 0 0 0 0 0 0 0 0 0 0
##$SHL_OFFSCOEFF1= (0..95)
0 0 0 0 0 0 0 0 0 0 0 0 0 0 0 0 0 0 0 0 0 0 0 0 0 0 0 0 0 0 0 0 0 0 0 0
0 0 0 0 0 0 0 0 0 0 0 0 0 0 0 0 0 0 0 0 0 0 0 0 0 0 0 0 0 0 0 0 0 0 0 0
0 0 0 0 0 0 0 0 0 0 0 0 0 0 0 0 0 0 0 0 0 0 0 0
##$SHL_OFFSCOEFF10= (0..95)
0 0 0 0 0 0 0 0 0 0 0 0 0 0 0 0 0 0 0 0 0 0 0 0 0 0 0 0 0 0 0 0 0 0 0 0
0 0 0 0 0 0 0 0 0 0 0 0 0 0 0 0 0 0 0 0 0 0 0 0 0 0 0 0 0 0 0 0 0 0 0 0
0 0 0 0 0 0 0 0 0 0 0 0 0 0 0 0 0 0 0 0 0 0 0 0
##$SHL_OFFSCOEFF11= (0..95)
0 0 0 0 0 0 0 0 0 0 0 0 0 0 0 0 0 0 0 0 0 0 0 0 0 0 0 0 0 0 0 0 0 0 0 0
0 0 0 0 0 0 0 0 0 0 0 0 0 0 0 0 0 0 0 0 0 0 0 0 0 0 0 0 0 0 0 0 0 0 0 0
0 0 0 0 0 0 0 0 0 0 0 0 0 0 0 0 0 0 0 0 0 0 0 0
##$SHL_OFFSCOEFF12= (0..95)
0 0 0 0 0 0 0 0 0 0 0 0 0 0 0 0 0 0 0 0 0 0 0 0 0 0 0 0 0 0 0 0 0 0 0 0
0 0 0 0 0 0 0 0 0 0 0 0 0 0 0 0 0 0 0 0 0 0 0 0 0 0 0 0 0 0 0 0 0 0 0 0
0 0 0 0 0 0 0 0 0 0 0 0 0 0 0 0 0 0 0 0 0 0 0 0
##$SHL_OFFSCOEFF13= (0..95)
0 0 0 0 0 0 0 0 0 0 0 0 0 0 0 0 0 0 0 0 0 0 0 0 0 0 0 0 0 0 0 0 0 0 0 0
0 0 0 0 0 0 0 0 0 0 0 0 0 0 0 0 0 0 0 0 0 0 0 0 0 0 0 0 0 0 0 0 0 0 0 0
0 0 0 0 0 0 0 0 0 0 0 0 0 0 0 0 0 0 0 0 0 0 0 0
##$SHL_OFFSCOEFF14= (0..95)
0 0 0 0 0 0 0 0 0 0 0 0 0 0 0 0 0 0 0 0 0 0 0 0 0 0 0 0 0 0 0 0 0 0 0 0
0 0 0 0 0 0 0 0 0 0 0 0 0 0 0 0 0 0 0 0 0 0 0 0 0 0 0 0 0 0 0 0 0 0 0 0
0 0 0 0 0 0 0 0 0 0 0 0 0 0 0 0 0 0 0 0 0 0 0 0
##$SHL_OFFSCOEFF15= (0..95)
0 0 0 0 0 0 0 0 0 0 0 0 0 0 0 0 0 0 0 0 0 0 0 0 0 0 0 0 0 0 0 0 0 0 0 0
0 0 0 0 0 0 0 0 0 0 0 0 0 0 0 0 0 0 0 0 0 0 0 0 0 0 0 0 0 0 0 0 0 0 0 0
0 0 0 0 0 0 0 0 0 0 0 0 0 0 0 0 0 0 0 0 0 0 0 0
##$SHL_OFFSCOEFF2= (0..95)
0 0 0 0 0 0 0 0 0 0 0 0 0 0 0 0 0 0 0 0 0 0 0 0 0 0 0 0 0 0 0 0 0 0 0 0
0 0 0 0 0 0 0 0 0 0 0 0 0 0 0 0 0 0 0 0 0 0 0 0 0 0 0 0 0 0 0 0 0 0 0 0
0 0 0 0 0 0 0 0 0 0 0 0 0 0 0 0 0 0 0 0 0 0 0 0
##$SHL_OFFSCOEFF3= (0..95)
0 0 0 0 0 0 0 0 0 0 0 0 0 0 0 0 0 0 0 0 0 0 0 0 0 0 0 0 0 0 0 0 0 0 0 0
0 0 0 0 0 0 0 0 0 0 0 0 0 0 0 0 0 0 0 0 0 0 0 0 0 0 0 0 0 0 0 0 0 0 0 0
0 0 0 0 0 0 0 0 0 0 0 0 0 0 0 0 0 0 0 0 0 0 0 0
##$SHL_OFFSCOEFF4= (0..95)
0 0 0 0 0 0 0 0 0 0 0 0 0 0 0 0 0 0 0 0 0 0 0 0 0 0 0 0 0 0 0 0 0 0 0 0
0 0 0 0 0 0 0 0 0 0 0 0 0 0 0 0 0 0 0 0 0 0 0 0 0 0 0 0 0 0 0 0 0 0 0 0
0 0 0 0 0 0 0 0 0 0 0 0 0 0 0 0 0 0 0 0 0 0 0 0
##$SHL_OFFSCOEFF5= (0..95)
0 0 0 0 0 0 0 0 0 0 0 0 0 0 0 0 0 0 0 0 0 0 0 0 0 0 0 0 0 0 0 0 0 0 0 0
0 0 0 0 0 0 0 0 0 0 0 0 0 0 0 0 0 0 0 0 0 0 0 0 0 0 0 0 0 0 0 0 0 0 0 0
0 0 0 0 0 0 0 0 0 0 0 0 0 0 0 0 0 0 0 0 0 0 0 0
##$SHL_OFFSCOEFF6= (0..95)
0 0 0 0 0 0 0 0 0 0 0 0 0 0 0 0 0 0 0 0 0 0 0 0 0 0 0 0 0 0 0 0 0 0 0 0
0 0 0 0 0 0 0 0 0 0 0 0 0 0 0 0 0 0 0 0 0 0 0 0 0 0 0 0 0 0 0 0 0 0 0 0
0 0 0 0 0 0 0 0 0 0 0 0 0 0 0 0 0 0 0 0 0 0 0 0
##$SHL_OFFSCOEFF7= (0..95)
0 0 0 0 0 0 0 0 0 0 0 0 0 0 0 0 0 0 0 0 0 0 0 0 0 0 0 0 0 0 0 0 0 0 0 0
0 0 0 0 0 0 0 0 0 0 0 0 0 0 0 0 0 0 0 0 0 0 0 0 0 0 0 0 0 0 0 0 0 0 0 0
0 0 0 0 0 0 0 0 0 0 0 0 0 0 0 0 0 0 0 0 0 0 0 0
##$SHL_OFFSCOEFF8= (0..95)
0 0 0 0 0 0 0 0 0 0 0 0 0 0 0 0 0 0 0 0 0 0 0 0 0 0 0 0 0 0 0 0 0 0 0 0
0 0 0 0 0 0 0 0 0 0 0 0 0 0 0 0 0 0 0 0 0 0 0 0 0 0 0 0 0 0 0 0 0 0 0 0
0 0 0 0 0 0 0 0 0 0 0 0 0 0 0 0 0 0 0 0 0 0 0 0
##$SHL_OFFSCOEFF9= (0..95)
0 0 0 0 0 0 0 0 0 0 0 0 0 0 0 0 0 0 0 0 0 0 0 0 0 0 0 0 0 0 0 0 0 0 0 0
0 0 0 0 0 0 0 0 0 0 0 0 0 0 0 0 0 0 0 0 0 0 0 0 0 0 0 0 0 0 0 0 0 0 0 0
0 0 0 0 0 0 0 0 0 0 0 0 0 0 0 0 0 0 0 0 0 0 0 0
##$SHL_PHASE= (0..15)
0 0 0 0 0 0 0 0 0 0 0 0 0 0 0 0
##$SHL_PHASEFAC= (0..15)
0 0 0 0 0 0 0 0 0 0 0 0 0 0 0 0
##$SHL_POWERINDEX= (0..15)
0 0 0 0 0 0 0 0 0 0 0 0 0 0 0 0
##$SHL_QUADCOEFF= (0..15)
0 0 0 0 0 0 0 0 0 0 0 0 0 0 0 0
##$SHL_RIGHTLIMIT= (0..15)
0 0 0 0 0 0 0 0 0 0 0 0 0 0 0 0
##$SHL_SCALEFACTOR= (0..15)
1 1 1 1 1 1 1 1 1 1 1 1 1 1 1 1
##$SHL_SF= (0..15)
<> <> <> <> <> <> <> <> <> <> <> <> <> <> <> <>
##$SHL_SFCOEFFS0= (0..200)
0 0 0 0 0 0 0 0 0 0 0 0 0 0 0 0 0 0 0 0 0 0 0 0 0 0 0 0 0 0 0 0 0 0 0 0
0 0 0 0 0 0 0 0 0 0 0 0 0 0 0 0 0 0 0 0 0 0 0 0 0 0 0 0 0 0 0 0 0 0 0 0
0 0 0 0 0 0 0 0 0 0 0 0 0 0 0 0 0 0 0 0 0 0 0 0 0 0 0 0 0 0 0 0 0 0 0 0
0 0 0 0 0 0 0 0 0 0 0 0 0 0 0 0 0 0 0 0 0 0 0 0 0 0 0 0 0 0 0 0 0 0 0 0
0 0 0 0 0 0 0 0 0 0 0 0 0 0 0 0 0 0 0 0 0 0 0 0 0 0 0 0 0 0 0 0 0 0 0 0
0 0 0 0 0 0 0 0 0 0 0 0 0 0 0 0 0 0 0 0 0
##$SHL_SFCOEFFS1= (0..200)
0 0 0 0 0 0 0 0 0 0 0 0 0 0 0 0 0 0 0 0 0 0 0 0 0 0 0 0 0 0 0 0 0 0 0 0
0 0 0 0 0 0 0 0 0 0 0 0 0 0 0 0 0 0 0 0 0 0 0 0 0 0 0 0 0 0 0 0 0 0 0 0
0 0 0 0 0 0 0 0 0 0 0 0 0 0 0 0 0 0 0 0 0 0 0 0 0 0 0 0 0 0 0 0 0 0 0 0
0 0 0 0 0 0 0 0 0 0 0 0 0 0 0 0 0 0 0 0 0 0 0 0 0 0 0 0 0 0 0 0 0 0 0 0
0 0 0 0 0 0 0 0 0 0 0 0 0 0 0 0 0 0 0 0 0 0 0 0 0 0 0 0 0 0 0 0 0 0 0 0
0 0 0 0 0 0 0 0 0 0 0 0 0 0 0 0 0 0 0 0 0
##$SHL_SFCOEFFS10= (0..200)
0 0 0 0 0 0 0 0 0 0 0 0 0 0 0 0 0 0 0 0 0 0 0 0 0 0 0 0 0 0 0 0 0 0 0 0
0 0 0 0 0 0 0 0 0 0 0 0 0 0 0 0 0 0 0 0 0 0 0 0 0 0 0 0 0 0 0 0 0 0 0 0
0 0 0 0 0 0 0 0 0 0 0 0 0 0 0 0 0 0 0 0 0 0 0 0 0 0 0 0 0 0 0 0 0 0 0 0
0 0 0 0 0 0 0 0 0 0 0 0 0 0 0 0 0 0 0 0 0 0 0 0 0 0 0 0 0 0 0 0 0 0 0 0
0 0 0 0 0 0 0 0 0 0 0 0 0 0 0 0 0 0 0 0 0 0 0 0 0 0 0 0 0 0 0 0 0 0 0 0
0 0 0 0 0 0 0 0 0 0 0 0 0 0 0 0 0 0 0 0 0
##$SHL_SFCOEFFS11= (0..200)
0 0 0 0 0 0 0 0 0 0 0 0 0 0 0 0 0 0 0 0 0 0 0 0 0 0 0 0 0 0 0 0 0 0 0 0
0 0 0 0 0 0 0 0 0 0 0 0 0 0 0 0 0 0 0 0 0 0 0 0 0 0 0 0 0 0 0 0 0 0 0 0
0 0 0 0 0 0 0 0 0 0 0 0 0 0 0 0 0 0 0 0 0 0 0 0 0 0 0 0 0 0 0 0 0 0 0 0
0 0 0 0 0 0 0 0 0 0 0 0 0 0 0 0 0 0 0 0 0 0 0 0 0 0 0 0 0 0 0 0 0 0 0 0
0 0 0 0 0 0 0 0 0 0 0 0 0 0 0 0 0 0 0 0 0 0 0 0 0 0 0 0 0 0 0 0 0 0 0 0
0 0 0 0 0 0 0 0 0 0 0 0 0 0 0 0 0 0 0 0 0
##$SHL_SFCOEFFS12= (0..200)
0 0 0 0 0 0 0 0 0 0 0 0 0 0 0 0 0 0 0 0 0 0 0 0 0 0 0 0 0 0 0 0 0 0 0 0
0 0 0 0 0 0 0 0 0 0 0 0 0 0 0 0 0 0 0 0 0 0 0 0 0 0 0 0 0 0 0 0 0 0 0 0
0 0 0 0 0 0 0 0 0 0 0 0 0 0 0 0 0 0 0 0 0 0 0 0 0 0 0 0 0 0 0 0 0 0 0 0
0 0 0 0 0 0 0 0 0 0 0 0 0 0 0 0 0 0 0 0 0 0 0 0 0 0 0 0 0 0 0 0 0 0 0 0
0 0 0 0 0 0 0 0 0 0 0 0 0 0 0 0 0 0 0 0 0 0 0 0 0 0 0 0 0 0 0 0 0 0 0 0
0 0 0 0 0 0 0 0 0 0 0 0 0 0 0 0 0 0 0 0 0
##$SHL_SFCOEFFS13= (0..200)
0 0 0 0 0 0 0 0 0 0 0 0 0 0 0 0 0 0 0 0 0 0 0 0 0 0 0 0 0 0 0 0 0 0 0 0
0 0 0 0 0 0 0 0 0 0 0 0 0 0 0 0 0 0 0 0 0 0 0 0 0 0 0 0 0 0 0 0 0 0 0 0
0 0 0 0 0 0 0 0 0 0 0 0 0 0 0 0 0 0 0 0 0 0 0 0 0 0 0 0 0 0 0 0 0 0 0 0
0 0 0 0 0 0 0 0 0 0 0 0 0 0 0 0 0 0 0 0 0 0 0 0 0 0 0 0 0 0 0 0 0 0 0 0
0 0 0 0 0 0 0 0 0 0 0 0 0 0 0 0 0 0 0 0 0 0 0 0 0 0 0 0 0 0 0 0 0 0 0 0
0 0 0 0 0 0 0 0 0 0 0 0 0 0 0 0 0 0 0 0 0
##$SHL_SFCOEFFS14= (0..200)
0 0 0 0 0 0 0 0 0 0 0 0 0 0 0 0 0 0 0 0 0 0 0 0 0 0 0 0 0 0 0 0 0 0 0 0
0 0 0 0 0 0 0 0 0 0 0 0 0 0 0 0 0 0 0 0 0 0 0 0 0 0 0 0 0 0 0 0 0 0 0 0
0 0 0 0 0 0 0 0 0 0 0 0 0 0 0 0 0 0 0 0 0 0 0 0 0 0 0 0 0 0 0 0 0 0 0 0
0 0 0 0 0 0 0 0 0 0 0 0 0 0 0 0 0 0 0 0 0 0 0 0 0 0 0 0 0 0 0 0 0 0 0 0
0 0 0 0 0 0 0 0 0 0 0 0 0 0 0 0 0 0 0 0 0 0 0 0 0 0 0 0 0 0 0 0 0 0 0 0
0 0 0 0 0 0 0 0 0 0 0 0 0 0 0 0 0 0 0 0 0
##$SHL_SFCOEFFS15= (0..200)
0 0 0 0 0 0 0 0 0 0 0 0 0 0 0 0 0 0 0 0 0 0 0 0 0 0 0 0 0 0 0 0 0 0 0 0
0 0 0 0 0 0 0 0 0 0 0 0 0 0 0 0 0 0 0 0 0 0 0 0 0 0 0 0 0 0 0 0 0 0 0 0
0 0 0 0 0 0 0 0 0 0 0 0 0 0 0 0 0 0 0 0 0 0 0 0 0 0 0 0 0 0 0 0 0 0 0 0
0 0 0 0 0 0 0 0 0 0 0 0 0 0 0 0 0 0 0 0 0 0 0 0 0 0 0 0 0 0 0 0 0 0 0 0
0 0 0 0 0 0 0 0 0 0 0 0 0 0 0 0 0 0 0 0 0 0 0 0 0 0 0 0 0 0 0 0 0 0 0 0
0 0 0 0 0 0 0 0 0 0 0 0 0 0 0 0 0 0 0 0 0
##$SHL_SFCOEFFS2= (0..200)
0 0 0 0 0 0 0 0 0 0 0 0 0 0 0 0 0 0 0 0 0 0 0 0 0 0 0 0 0 0 0 0 0 0 0 0
0 0 0 0 0 0 0 0 0 0 0 0 0 0 0 0 0 0 0 0 0 0 0 0 0 0 0 0 0 0 0 0 0 0 0 0
0 0 0 0 0 0 0 0 0 0 0 0 0 0 0 0 0 0 0 0 0 0 0 0 0 0 0 0 0 0 0 0 0 0 0 0
0 0 0 0 0 0 0 0 0 0 0 0 0 0 0 0 0 0 0 0 0 0 0 0 0 0 0 0 0 0 0 0 0 0 0 0
0 0 0 0 0 0 0 0 0 0 0 0 0 0 0 0 0 0 0 0 0 0 0 0 0 0 0 0 0 0 0 0 0 0 0 0
0 0 0 0 0 0 0 0 0 0 0 0 0 0 0 0 0 0 0 0 0
##$SHL_SFCOEFFS3= (0..200)
0 0 0 0 0 0 0 0 0 0 0 0 0 0 0 0 0 0 0 0 0 0 0 0 0 0 0 0 0 0 0 0 0 0 0 0
0 0 0 0 0 0 0 0 0 0 0 0 0 0 0 0 0 0 0 0 0 0 0 0 0 0 0 0 0 0 0 0 0 0 0 0
0 0 0 0 0 0 0 0 0 0 0 0 0 0 0 0 0 0 0 0 0 0 0 0 0 0 0 0 0 0 0 0 0 0 0 0
0 0 0 0 0 0 0 0 0 0 0 0 0 0 0 0 0 0 0 0 0 0 0 0 0 0 0 0 0 0 0 0 0 0 0 0
0 0 0 0 0 0 0 0 0 0 0 0 0 0 0 0 0 0 0 0 0 0 0 0 0 0 0 0 0 0 0 0 0 0 0 0
0 0 0 0 0 0 0 0 0 0 0 0 0 0 0 0 0 0 0 0 0
##$SHL_SFCOEFFS4= (0..200)
0 0 0 0 0 0 0 0 0 0 0 0 0 0 0 0 0 0 0 0 0 0 0 0 0 0 0 0 0 0 0 0 0 0 0 0
0 0 0 0 0 0 0 0 0 0 0 0 0 0 0 0 0 0 0 0 0 0 0 0 0 0 0 0 0 0 0 0 0 0 0 0
0 0 0 0 0 0 0 0 0 0 0 0 0 0 0 0 0 0 0 0 0 0 0 0 0 0 0 0 0 0 0 0 0 0 0 0
0 0 0 0 0 0 0 0 0 0 0 0 0 0 0 0 0 0 0 0 0 0 0 0 0 0 0 0 0 0 0 0 0 0 0 0
0 0 0 0 0 0 0 0 0 0 0 0 0 0 0 0 0 0 0 0 0 0 0 0 0 0 0 0 0 0 0 0 0 0 0 0
0 0 0 0 0 0 0 0 0 0 0 0 0 0 0 0 0 0 0 0 0
##$SHL_SFCOEFFS5= (0..200)
0 0 0 0 0 0 0 0 0 0 0 0 0 0 0 0 0 0 0 0 0 0 0 0 0 0 0 0 0 0 0 0 0 0 0 0
0 0 0 0 0 0 0 0 0 0 0 0 0 0 0 0 0 0 0 0 0 0 0 0 0 0 0 0 0 0 0 0 0 0 0 0
0 0 0 0 0 0 0 0 0 0 0 0 0 0 0 0 0 0 0 0 0 0 0 0 0 0 0 0 0 0 0 0 0 0 0 0
0 0 0 0 0 0 0 0 0 0 0 0 0 0 0 0 0 0 0 0 0 0 0 0 0 0 0 0 0 0 0 0 0 0 0 0
0 0 0 0 0 0 0 0 0 0 0 0 0 0 0 0 0 0 0 0 0 0 0 0 0 0 0 0 0 0 0 0 0 0 0 0
0 0 0 0 0 0 0 0 0 0 0 0 0 0 0 0 0 0 0 0 0
##$SHL_SFCOEFFS6= (0..200)
0 0 0 0 0 0 0 0 0 0 0 0 0 0 0 0 0 0 0 0 0 0 0 0 0 0 0 0 0 0 0 0 0 0 0 0
0 0 0 0 0 0 0 0 0 0 0 0 0 0 0 0 0 0 0 0 0 0 0 0 0 0 0 0 0 0 0 0 0 0 0 0
0 0 0 0 0 0 0 0 0 0 0 0 0 0 0 0 0 0 0 0 0 0 0 0 0 0 0 0 0 0 0 0 0 0 0 0
0 0 0 0 0 0 0 0 0 0 0 0 0 0 0 0 0 0 0 0 0 0 0 0 0 0 0 0 0 0 0 0 0 0 0 0
0 0 0 0 0 0 0 0 0 0 0 0 0 0 0 0 0 0 0 0 0 0 0 0 0 0 0 0 0 0 0 0 0 0 0 0
0 0 0 0 0 0 0 0 0 0 0 0 0 0 0 0 0 0 0 0 0
##$SHL_SFCOEFFS7= (0..200)
0 0 0 0 0 0 0 0 0 0 0 0 0 0 0 0 0 0 0 0 0 0 0 0 0 0 0 0 0 0 0 0 0 0 0 0
0 0 0 0 0 0 0 0 0 0 0 0 0 0 0 0 0 0 0 0 0 0 0 0 0 0 0 0 0 0 0 0 0 0 0 0
0 0 0 0 0 0 0 0 0 0 0 0 0 0 0 0 0 0 0 0 0 0 0 0 0 0 0 0 0 0 0 0 0 0 0 0
0 0 0 0 0 0 0 0 0 0 0 0 0 0 0 0 0 0 0 0 0 0 0 0 0 0 0 0 0 0 0 0 0 0 0 0
0 0 0 0 0 0 0 0 0 0 0 0 0 0 0 0 0 0 0 0 0 0 0 0 0 0 0 0 0 0 0 0 0 0 0 0
0 0 0 0 0 0 0 0 0 0 0 0 0 0 0 0 0 0 0 0 0
##$SHL_SFCOEFFS8= (0..200)
0 0 0 0 0 0 0 0 0 0 0 0 0 0 0 0 0 0 0 0 0 0 0 0 0 0 0 0 0 0 0 0 0 0 0 0
0 0 0 0 0 0 0 0 0 0 0 0 0 0 0 0 0 0 0 0 0 0 0 0 0 0 0 0 0 0 0 0 0 0 0 0
0 0 0 0 0 0 0 0 0 0 0 0 0 0 0 0 0 0 0 0 0 0 0 0 0 0 0 0 0 0 0 0 0 0 0 0
0 0 0 0 0 0 0 0 0 0 0 0 0 0 0 0 0 0 0 0 0 0 0 0 0 0 0 0 0 0 0 0 0 0 0 0
0 0 0 0 0 0 0 0 0 0 0 0 0 0 0 0 0 0 0 0 0 0 0 0 0 0 0 0 0 0 0 0 0 0 0 0
0 0 0 0 0 0 0 0 0 0 0 0 0 0 0 0 0 0 0 0 0
##$SHL_SFCOEFFS9= (0..200)
0 0 0 0 0 0 0 0 0 0 0 0 0 0 0 0 0 0 0 0 0 0 0 0 0 0 0 0 0 0 0 0 0 0 0 0
0 0 0 0 0 0 0 0 0 0 0 0 0 0 0 0 0 0 0 0 0 0 0 0 0 0 0 0 0 0 0 0 0 0 0 0
0 0 0 0 0 0 0 0 0 0 0 0 0 0 0 0 0 0 0 0 0 0 0 0 0 0 0 0 0 0 0 0 0 0 0 0
0 0 0 0 0 0 0 0 0 0 0 0 0 0 0 0 0 0 0 0 0 0 0 0 0 0 0 0 0 0 0 0 0 0 0 0
0 0 0 0 0 0 0 0 0 0 0 0 0 0 0 0 0 0 0 0 0 0 0 0 0 0 0 0 0 0 0 0 0 0 0 0
0 0 0 0 0 0 0 0 0 0 0 0 0 0 0 0 0 0 0 0 0
##$SHL_SMOOTHED= (0..15)
0 0 0 0 0 0 0 0 0 0 0 0 0 0 0 0
##$SHL_SMOOTHING= (0..15)
0 0 0 0 0 0 0 0 0 0 0 0 0 0 0 0
##$SHL_SPOAL= (0..15)
0 0 0 0 0 0 0 0 0 0 0 0 0 0 0 0
##$SHL_SPOFFS= (0..15)
0 0 0 0 0 0 0 0 0 0 0 0 0 0 0 0
##$SHL_SPOPH= (0..15)
0 0 0 0 0 0 0 0 0 0 0 0 0 0 0 0
##$SHL_STARTAMP= (0..15)
0 0 0 0 0 0 0 0 0 0 0 0 0 0 0 0
##$SHL_SW= (0..15)
0 0 0 0 0 0 0 0 0 0 0 0 0 0 0 0
##$SHL_SWDIR= (0..15)
-1 -1 -1 -1 -1 -1 -1 -1 -1 -1 -1 -1 -1 -1 -1 -1
##$SHL_TANKAPPA= (0..15)
0 0 0 0 0 0 0 0 0 0 0 0 0 0 0 0
##$SHL_TOTROT= (0..15)
90 0 0 0 0 0 0 0 0 0 0 0 0 0 0 0
##$SHL_TRUNCLEV= (0..15)
0 0 0 0 0 0 0 0 0 0 0 0 0 0 0 0
##$SHL_TYPE= (0..15)
<Excitation> <> <> <> <> <> <> <> <> <> <> <> <> <> <> <>
##$SHL_WINDOWSIZE= (0..15)
0 0 0 0 0 0 0 0 0 0 0 0 0 0 0 0
##$SHL_ZETA= (0..15)
0 0 0 0 0 0 0 0 0 0 0 0 0 0 0 0
##NPOINTS= 1250
##XYPOINTS= (XY..XY)
72.795612, 58.317020
72.334341, 59.958525
71.870212, 61.600118
71.403259, 63.241800
70.933516, 64.883573
70.461017, 66.525440
69.985798, 68.167401
69.507892, 69.809460
69.027336, 71.451618
68.544164, 73.093878
68.058412, 74.736241
67.570116, 76.378710
67.079310, 78.021288
66.586032, 79.663977
66.090317, 81.306779
65.592202, 82.949697
65.091723, 84.592734
64.588917, 86.235893
64.083820, 87.879177
63.576471, 89.522588
63.066906, 91.166130
62.555162, 92.809806
62.041277, 94.453620
61.525289, 96.097575
61.007235, 97.741675
60.487154, 99.385923
59.965084, 101.030323
59.441062, 102.674880
58.915128, 104.319598
58.387320, 105.964481
57.857677, 107.609533
57.326237, 109.254760
56.793040, 110.900166
56.258124, 112.545756
55.721529, 114.191537
55.183295, 115.837512
54.643461, 117.483689
54.102065, 119.130072
53.559149, 120.776669
53.014752, 122.423485
52.468914, 124.070528
51.921675, 125.717805
51.373075, 127.365323
50.823155, 129.013089
50.271954, 130.661112
49.719514, 132.309401
49.165874, 133.957963
48.611076, 135.606809
48.055160, 137.255947
47.498167, 138.905388
46.940138, 140.555143
46.381114, 142.205221
45.821136, 143.855636
45.260245, 145.506399
44.698483, 147.157523
44.135890, 148.809021
43.572508, 150.460908
43.008378, 152.113197
42.443542, 153.765906
41.878042, 155.419049
41.311918, 157.072644
40.745213, 158.726710
40.177969, 160.381266
39.610226, 162.036331
39.042027, 163.691928
38.473414, 165.348078
37.904429, 167.004807
37.335112, 168.662138
36.765507, 170.320099
36.195655, 171.978718
35.625599, 173.638026
35.055380, 175.298055
34.485040, 176.958838
33.914621, 178.620413
33.344167, 180.282817
32.773718, 181.946092
32.203316, 183.610282
31.633005, 185.275434
31.062826, 186.941599
30.492821, 188.608830
29.923033, 190.277185
29.353504, 191.946727
28.784276, 193.617522
28.215392, 195.289642
27.646893, 196.963165
27.078822, 198.638175
26.511222, 200.314761
25.944134, 201.993022
25.377601, 203.673065
24.811666, 205.355005
24.246371, 207.038967
23.681758, 208.725089
23.117871, 210.413521
22.554750, 212.104427
21.992440, 213.797985
21.430983, 215.494395
20.870422, 217.193875
20.310800, 218.896664
19.752159, 220.603029
19.194543, 222.313267
18.637995, 224.027706
18.082560, 225.746714
17.528280, 227.470704
16.975200, 229.200139
16.423364, 230.935540
15.872818, 232.677499
15.323607, 234.426687
14.775777, 236.183872
14.229374, 237.949932
13.684448, 239.725879
13.141045, 241.512885
12.599217, 243.312316
12.059015, 245.125768
11.520494, 246.955126
10.983709, 248.802628
10.448721, 250.670946
9.915593, 252.563310
9.384394, 254.483646
8.855199, 256.436784
8.328093, 258.428728
7.803173, 260.467036
7.280549, 262.561355
6.760356, 264.724189
6.242757, 266.972037
5.727960, 269.327107
5.216237, 271.820001
4.707959, 274.494031
4.203651, 277.412471
3.704097, 280.671284
3.210528, 284.422693
2.725009, 288.921562
2.251290, 294.623079
1.796849, 302.402364
1.378380, 314.056368
1.036895, 333.150350
0.864447, 3.213583
0.953474, 35.856760
1.246358, 58.317760
1.634862, 71.859166
2.063909, 80.614916
2.511308, 86.855051
2.967479, 91.674756
3.427788, 95.630353
3.889757, 99.026295
4.351943, 102.040920
4.813447, 104.784851
5.273680, 107.330053
5.732230, 109.725234
6.188804, 112.004481
6.643179, 114.192333
7.095184, 116.306891
7.544683, 118.361789
7.991561, 120.367489
8.435726, 122.332149
8.877094, 124.262222
9.315594, 126.162879
9.751163, 128.038311
10.183742, 129.891951
10.613279, 131.726636
11.039722, 133.544732
11.463027, 135.348229
11.883150, 137.138808
12.300048, 138.917905
12.713682, 140.686749
13.124014, 142.446400
13.531005, 144.197777
13.934622, 145.941680
14.334828, 147.678810
14.731589, 149.409781
15.124873, 151.135138
15.514646, 152.855360
15.900878, 154.570876
16.283536, 156.282066
16.662590, 157.989272
17.038011, 159.692799
17.409768, 161.392923
17.777832, 163.089893
18.142174, 164.783932
18.502767, 166.475246
18.859582, 168.164018
19.212592, 169.850419
19.561770, 171.534601
19.907089, 173.216707
20.248523, 174.896864
20.586046, 176.575192
20.919633, 178.251799
21.249258, 179.926786
21.574896, 181.600246
21.896522, 183.272264
22.214113, 184.942920
22.527645, 186.612288
22.837095, 188.280434
23.142438, 189.947423
23.443652, 191.613314
23.740715, 193.278162
24.033605, 194.942018
24.322299, 196.604930
24.606777, 198.266943
24.887016, 199.928098
25.162997, 201.588435
25.434698, 203.247991
25.702099, 204.906800
25.965182, 206.564895
26.223925, 208.222307
26.478310, 209.879063
26.728318, 211.535192
26.973931, 213.190718
27.215129, 214.845666
27.451897, 216.500058
27.684215, 218.153917
27.912067, 219.807261
28.135435, 221.460111
28.354304, 223.112485
28.568657, 224.764400
28.778479, 226.415872
28.983753, 228.066916
29.184465, 229.717548
29.380600, 231.367781
29.572143, 233.017628
29.759080, 234.667102
29.941397, 236.316216
30.119082, 237.964980
30.292120, 239.613404
30.460499, 241.261501
30.624207, 242.909278
30.783232, 244.556746
30.937561, 246.203913
31.087184, 247.850788
31.232089, 249.497379
31.372265, 251.143693
31.507704, 252.789739
31.638393, 254.435522
31.764324, 256.081049
31.885488, 257.726327
32.001875, 259.371361
32.113477, 261.016158
32.220286, 262.660723
32.322294, 264.305062
32.419493, 265.949178
32.511876, 267.593077
32.599437, 269.236763
32.682168, 270.880240
32.760064, 272.523514
32.833119, 274.166586
32.901328, 275.809462
32.964685, 277.452145
33.023187, 279.094637
33.076828, 280.736942
33.125604, 282.379063
33.169513, 284.021003
33.208550, 285.662764
33.242713, 287.304348
33.272000, 288.945759
33.296408, 290.586998
33.315935, 292.228067
33.330580, 293.868968
33.340342, 295.509703
33.345220, 297.150274
33.345214, 298.790681
33.340323, 300.430926
33.330549, 302.071011
33.315891, 303.710936
33.296351, 305.350703
33.271930, 306.990312
33.242631, 308.629763
33.208454, 310.269058
33.169403, 311.908197
33.125480, 313.547181
33.076689, 315.186008
33.023033, 316.824680
32.964517, 318.463197
32.901144, 320.101558
32.832918, 321.739762
32.759846, 323.377810
32.681933, 325.015701
32.599183, 326.653435
32.511604, 328.291009
32.419201, 329.928424
32.321981, 331.565678
32.219952, 333.202770
32.113121, 334.839698
32.001495, 336.476461
31.885084, 338.113058
31.763895, 339.749486
31.637937, 341.385743
31.507220, 343.021827
31.371753, 344.657735
31.231546, 346.293466
31.086610, 347.929015
30.936954, 349.564381
30.782590, 351.199560
30.623530, 352.834548
30.459785, 354.469342
30.291366, 356.103937
30.118287, 357.738331
29.940560, 359.372517
29.758198, 1.006493
29.571214, 2.640251
29.379623, 4.273788
29.183437, 5.907098
28.982672, 7.540174
28.777343, 9.173010
28.567464, 10.805600
28.353050, 12.437936
28.134118, 14.070011
27.910684, 15.701816
27.682764, 17.333344
27.450374, 18.964584
27.213532, 20.595528
26.972256, 22.226165
26.726562, 23.856484
26.476469, 25.486473
26.221995, 27.116121
25.963160, 28.745414
25.699981, 30.374339
25.432479, 32.002880
25.160673, 33.631021
24.884583, 35.258746
24.604229, 36.886037
24.319632, 38.512874
24.030813, 40.139237
23.737793, 41.765104
23.440593, 43.390451
23.139236, 45.015253
22.833744, 46.639482
22.524139, 48.263110
22.210444, 49.886105
21.892682, 51.508433
21.570877, 53.130058
21.245052, 54.750940
20.915231, 56.371037
20.581439, 57.990303
20.243700, 59.608687
19.902040, 61.226135
19.556483, 62.842589
19.207055, 64.457983
18.853782, 66.072247
18.496690, 67.685304
18.135806, 69.297071
17.771156, 70.907454
17.402767, 72.516351
17.030668, 74.123650
16.654885, 75.729226
16.275448, 77.332942
15.892383, 78.934644
15.505720, 80.534161
15.115488, 82.131301
14.721716, 83.725851
14.324435, 85.317568
13.923674, 86.906180
13.519463, 88.491377
13.111834, 90.072808
12.700819, 91.650069
12.286448, 93.222697
11.868755, 94.790159
11.447772, 96.351833
11.023534, 97.906997
10.596073, 99.454799
10.165426, 100.994233
9.731628, 102.524102
9.294717, 104.042966
8.854731, 105.549081
8.411711, 107.040315
7.965699, 108.514030
7.516740, 109.966927
7.064883, 111.394821
6.610182, 112.792327
6.152695, 114.152395
5.692493, 115.465613
5.229658, 116.719134
4.764291, 117.894949
4.296525, 118.967020
3.826542, 119.896265
3.354611, 120.621268
2.881154, 121.039810
2.406906, 120.968665
1.933298, 120.045254
1.463579, 117.446029
1.007001, 110.886141
0.600911, 92.093117
0.436552, 39.705532
0.713990, 358.149332
1.151468, 344.672172
1.626631, 339.706444
2.115865, 337.739488
2.612581, 337.123615
3.114277, 337.223645
3.619794, 337.746784
4.128513, 338.540190
4.640064, 339.516517
5.154206, 340.622313
5.670773, 341.823061
6.189637, 343.095493
6.710700, 344.423359
7.233878, 345.794968
7.759102, 347.201697
8.286309, 348.637047
8.815440, 350.096028
9.346442, 351.574745
9.879265, 353.070114
10.413860, 354.579659
10.950181, 356.101374
11.488182, 357.633612
12.027818, 359.175011
12.569046, 0.724434
13.111823, 2.280924
13.656104, 3.843670
14.201849, 5.411981
14.749015, 6.985264
15.297559, 8.563007
15.847440, 10.144765
16.398616, 11.730152
16.951046, 13.318828
17.504687, 14.910496
18.059499, 16.504891
18.615439, 18.101781
19.172467, 19.700958
19.730540, 21.302236
20.289617, 22.905451
20.849656, 24.510452
21.410617, 26.117107
21.972457, 27.725294
22.535135, 29.334903
23.098609, 30.945836
23.662838, 32.558001
24.227779, 34.171317
24.793392, 35.785708
25.359635, 37.401106
25.926465, 39.017446
26.493841, 40.634672
27.061722, 42.252730
27.630065, 43.871571
28.198828, 45.491149
28.767971, 47.111423
29.337450, 48.732353
29.907224, 50.353903
30.477252, 51.976040
31.047491, 53.598733
31.617899, 55.221953
32.188435, 56.845673
32.759056, 58.469867
33.329721, 60.094513
33.900388, 61.719587
34.471014, 63.345069
35.041559, 64.970941
35.611979, 66.597183
36.182234, 68.223779
36.752281, 69.850712
37.322079, 71.477968
37.891586, 73.105532
38.460759, 74.733391
39.029558, 76.361532
39.597940, 77.989943
40.165864, 79.618613
40.733288, 81.247532
41.300170, 82.876688
41.866470, 84.506073
42.432144, 86.135678
42.997153, 87.765493
43.561454, 89.395511
44.125006, 91.025723
44.687768, 92.656123
45.249699, 94.286704
45.810756, 95.917458
46.370900, 97.548380
46.930089, 99.179462
47.488282, 100.810701
48.045438, 102.442089
48.601517, 104.073622
49.156476, 105.705295
49.710277, 107.337102
50.262878, 108.969040
50.814239, 110.601103
51.364319, 112.233289
51.913078, 113.865592
52.460475, 115.498008
53.006471, 117.130535
53.551026, 118.763168
54.094100, 120.395905
54.635652, 122.028741
55.175644, 123.661674
55.714035, 125.294701
56.250786, 126.927819
56.785858, 128.561025
57.319212, 130.194316
57.850808, 131.827690
58.380608, 133.461145
58.908572, 135.094678
59.434662, 136.728286
59.958840, 138.361968
60.481066, 139.995721
61.001303, 141.629544
61.519513, 143.263434
62.035658, 144.897390
62.549699, 146.531409
63.061599, 148.165490
63.571321, 149.799632
64.078827, 151.433832
64.584080, 153.068089
65.087043, 154.702401
65.587679, 156.336767
66.085952, 157.971186
66.581824, 159.605656
67.075260, 161.240175
67.566224, 162.874743
68.054679, 164.509358
68.540589, 166.144019
69.023919, 167.778725
69.504635, 169.413475
69.982699, 171.048267
70.458078, 172.683100
70.930736, 174.317974
71.400639, 175.952887
71.867752, 177.587839
72.332042, 179.222828
72.793473, 180.857854
73.252013, 182.492915
73.707628, 184.128011
74.160284, 185.763141
74.609948, 187.398303
75.056588, 189.033499
75.500170, 190.668725
75.940661, 192.303983
76.378031, 193.939270
76.812246, 195.574587
77.243275, 197.209933
77.671086, 198.845306
78.095648, 200.480707
78.516929, 202.116134
78.934900, 203.751587
79.349529, 205.387066
79.760785, 207.022569
80.168639, 208.658097
80.573061, 210.293649
80.974022, 211.929223
81.371491, 213.564820
81.765440, 215.200440
82.155839, 216.836080
82.542661, 218.471742
82.925876, 220.107425
83.305458, 221.743127
83.681377, 223.378850
84.053606, 225.014591
84.422119, 226.650352
84.786888, 228.286130
85.147886, 229.921927
85.505087, 231.557741
85.858465, 233.193572
86.207994, 234.829420
86.553647, 236.465284
86.895401, 238.101165
87.233230, 239.737061
87.567108, 241.372972
87.897013, 243.008898
88.222918, 244.644838
88.544802, 246.280793
88.862639, 247.916762
89.176407, 249.552744
89.486083, 251.188740
89.791643, 252.824749
90.093067, 254.460770
90.390330, 256.096803
90.683413, 257.732849
90.972292, 259.368906
91.256948, 261.004975
91.537359, 262.641055
91.813505, 264.277147
92.085365, 265.913248
92.352920, 267.549361
92.616149, 269.185483
92.875034, 270.821615
93.129556, 272.457757
93.379696, 274.093909
93.625435, 275.730069
93.866756, 277.366239
94.103641, 279.002417
94.336073, 280.638604
94.564034, 282.274799
94.787508, 283.911003
95.006478, 285.547214
95.220929, 287.183432
95.430845, 288.819658
95.636210, 290.455892
95.837009, 292.092132
96.033228, 293.728379
96.224852, 295.364633
96.411867, 297.000893
96.594260, 298.637160
96.772017, 300.273432
96.945124, 301.909710
97.113571, 303.545994
97.277343, 305.182284
97.436429, 306.818579
97.590818, 308.454879
97.740497, 310.091183
97.885457, 311.727493
98.025686, 313.363807
98.161174, 315.000126
98.291912, 316.636449
98.417889, 318.272776
98.539097, 319.909107
98.655526, 321.545441
98.767168, 323.181779
98.874015, 324.818121
98.976060, 326.454466
99.073293, 328.090814
99.165709, 329.727165
99.253301, 331.363519
99.336062, 332.999875
99.413986, 334.636234
99.487068, 336.272595
99.555301, 337.908959
99.618682, 339.545324
99.677205, 341.181691
99.730866, 342.818060
99.779662, 344.454431
99.823588, 346.090803
99.862642, 347.727176
99.896820, 349.363550
99.926120, 350.999925
99.950540, 352.636302
99.970078, 354.272678
99.984733, 355.909056
99.994504, 357.545433
99.999389, 359.181811
99.999389, 0.818189
99.994504, 2.454567
99.984733, 4.090944
99.970078, 5.727322
99.950540, 7.363698
99.926120, 9.000075
99.896820, 10.636450
99.862642, 12.272824
99.823588, 13.909197
99.779662, 15.545569
99.730866, 17.181940
99.677205, 18.818309
99.618682, 20.454676
99.555301, 22.091041
99.487068, 23.727405
99.413986, 25.363766
99.336062, 27.000125
99.253301, 28.636481
99.165709, 30.272835
99.073293, 31.909186
98.976060, 33.545534
98.874015, 35.181879
98.767168, 36.818221
98.655526, 38.454559
98.539097, 40.090893
98.417889, 41.727224
98.291912, 43.363551
98.161174, 44.999874
98.025686, 46.636193
97.885457, 48.272507
97.740497, 49.908817
97.590818, 51.545121
97.436429, 53.181421
97.277343, 54.817716
97.113571, 56.454006
96.945124, 58.090290
96.772017, 59.726568
96.594260, 61.362840
96.411867, 62.999107
96.224852, 64.635367
96.033228, 66.271621
95.837009, 67.907868
95.636210, 69.544108
95.430845, 71.180342
95.220929, 72.816568
95.006478, 74.452786
94.787508, 76.088997
94.564034, 77.725201
94.336073, 79.361396
94.103641, 80.997583
93.866756, 82.633761
93.625435, 84.269931
93.379696, 85.906091
93.129556, 87.542243
92.875034, 89.178385
92.616149, 90.814517
92.352920, 92.450639
92.085365, 94.086752
91.813505, 95.722853
91.537359, 97.358945
91.256948, 98.995025
90.972292, 100.631094
90.683413, 102.267151
90.390330, 103.903197
90.093067, 105.539230
89.791643, 107.175251
89.486083, 108.811260
89.176407, 110.447256
88.862639, 112.083238
88.544802, 113.719207
88.222918, 115.355162
87.897013, 116.991102
87.567108, 118.627028
87.233230, 120.262939
86.895401, 121.898835
86.553647, 123.534716
86.207994, 125.170580
85.858465, 126.806428
85.505087, 128.442259
85.147886, 130.078073
84.786888, 131.713870
84.422119, 133.349648
84.053606, 134.985409
83.681377, 136.621150
83.305458, 138.256873
82.925876, 139.892575
82.542661, 141.528258
82.155839, 143.163920
81.765440, 144.799560
81.371491, 146.435180
80.974022, 148.070777
80.573061, 149.706351
80.168639, 151.341903
79.760785, 152.977431
79.349529, 154.612934
78.934900, 156.248413
78.516929, 157.883866
78.095648, 159.519293
77.671086, 161.154694
77.243275, 162.790067
76.812246, 164.425413
76.378031, 166.060730
75.940661, 167.696017
75.500170, 169.331275
75.056588, 170.966501
74.609948, 172.601697
74.160284, 174.236859
73.707628, 175.871989
73.252013, 177.507085
72.793473, 179.142146
72.332042, 180.777172
71.867752, 182.412161
71.400639, 184.047113
70.930736, 185.682026
70.458078, 187.316900
69.982699, 188.951733
69.504635, 190.586525
69.023919, 192.221275
68.540589, 193.855981
68.054679, 195.490642
67.566224, 197.125257
67.075260, 198.759825
66.581824, 200.394344
66.085952, 202.028814
65.587679, 203.663233
65.087043, 205.297599
64.584080, 206.931911
64.078827, 208.566168
63.571321, 210.200368
63.061599, 211.834510
62.549699, 213.468591
62.035658, 215.102610
61.519513, 216.736566
61.001303, 218.370456
60.481066, 220.004279
59.958840, 221.638032
59.434662, 223.271714
58.908572, 224.905322
58.380608, 226.538855
57.850808, 228.172310
57.319212, 229.805684
56.785858, 231.438975
56.250786, 233.072181
55.714035, 234.705299
55.175644, 236.338326
54.635652, 237.971259
54.094100, 239.604095
53.551026, 241.236832
53.006471, 242.869465
52.460475, 244.501992
51.913078, 246.134408
51.364319, 247.766711
50.814239, 249.398897
50.262878, 251.030960
49.710277, 252.662898
49.156476, 254.294705
48.601517, 255.926378
48.045438, 257.557911
47.488282, 259.189299
46.930089, 260.820538
46.370900, 262.451620
45.810756, 264.082542
45.249699, 265.713296
44.687768, 267.343877
44.125006, 268.974277
43.561454, 270.604489
42.997153, 272.234507
42.432144, 273.864322
41.866470, 275.493927
41.300170, 277.123312
40.733288, 278.752468
40.165864, 280.381387
39.597940, 282.010057
39.029558, 283.638468
38.460759, 285.266609
37.891586, 286.894468
37.322079, 288.522032
36.752281, 290.149288
36.182234, 291.776221
35.611979, 293.402817
35.041559, 295.029059
34.471014, 296.654931
33.900388, 298.280413
33.329721, 299.905487
32.759056, 301.530133
32.188435, 303.154327
31.617899, 304.778047
31.047491, 306.401267
30.477252, 308.023960
29.907224, 309.646097
29.337450, 311.267647
28.767971, 312.888577
28.198828, 314.508851
27.630065, 316.128429
27.061722, 317.747270
26.493841, 319.365328
25.926465, 320.982554
25.359635, 322.598894
24.793392, 324.214292
24.227779, 325.828683
23.662838, 327.441999
23.098609, 329.054164
22.535135, 330.665097
21.972457, 332.274706
21.410617, 333.882893
20.849656, 335.489548
20.289617, 337.094549
19.730540, 338.697764
19.172467, 340.299042
18.615439, 341.898219
18.059499, 343.495109
17.504687, 345.089504
16.951046, 346.681172
16.398616, 348.269848
15.847440, 349.855235
15.297559, 351.436993
14.749015, 353.014736
14.201849, 354.588019
13.656104, 356.156330
13.111823, 357.719076
12.569046, 359.275566
12.027818, 0.824989
11.488182, 2.366388
10.950181, 3.898626
10.413860, 5.420341
9.879265, 6.929886
9.346442, 8.425255
8.815440, 9.903972
8.286309, 11.362953
7.759102, 12.798303
7.233878, 14.205032
6.710700, 15.576641
6.189637, 16.904507
5.670773, 18.176939
5.154206, 19.377687
4.640064, 20.483483
4.128513, 21.459810
3.619794, 22.253216
3.114277, 22.776355
2.612581, 22.876385
2.115865, 22.260512
1.626631, 20.293556
1.151468, 15.327828
0.713990, 1.850668
0.436552, 320.294468
0.600911, 267.906883
1.007001, 249.113859
1.463579, 242.553971
1.933298, 239.954746
2.406906, 239.031335
2.881154, 238.960190
3.354611, 239.378732
3.826542, 240.103735
4.296525, 241.032980
4.764291, 242.105051
5.229658, 243.280866
5.692493, 244.534387
6.152695, 245.847605
6.610182, 247.207673
7.064883, 248.605179
7.516740, 250.033073
7.965699, 251.485970
8.411711, 252.959685
8.854731, 254.450919
9.294717, 255.957034
9.731628, 257.475898
10.165426, 259.005767
10.596073, 260.545201
11.023534, 262.093003
11.447772, 263.648167
11.868755, 265.209841
12.286448, 266.777303
12.700819, 268.349931
13.111834, 269.927192
13.519463, 271.508623
13.923674, 273.093820
14.324435, 274.682432
14.721716, 276.274149
15.115488, 277.868699
15.505720, 279.465839
15.892383, 281.065356
16.275448, 282.667058
16.654885, 284.270774
17.030668, 285.876350
17.402767, 287.483649
17.771156, 289.092546
18.135806, 290.702929
18.496690, 292.314696
18.853782, 293.927753
19.207055, 295.542017
19.556483, 297.157411
19.902040, 298.773865
20.243700, 300.391313
20.581439, 302.009697
20.915231, 303.628963
21.245052, 305.249060
21.570877, 306.869942
21.892682, 308.491567
22.210444, 310.113895
22.524139, 311.736890
22.833744, 313.360518
23.139236, 314.984747
23.440593, 316.609549
23.737793, 318.234896
24.030813, 319.860763
24.319632, 321.487126
24.604229, 323.113963
24.884583, 324.741254
25.160673, 326.368979
25.432479, 327.997120
25.699981, 329.625661
25.963160, 331.254586
26.221995, 332.883879
26.476469, 334.513527
26.726562, 336.143516
26.972256, 337.773835
27.213532, 339.404472
27.450374, 341.035416
27.682764, 342.666656
27.910684, 344.298184
28.134118, 345.929989
28.353050, 347.562064
28.567464, 349.194400
28.777343, 350.826990
28.982672, 352.459826
29.183437, 354.092902
29.379623, 355.726212
29.571214, 357.359749
29.758198, 358.993507
29.940560, 0.627483
30.118287, 2.261669
30.291366, 3.896063
30.459785, 5.530658
30.623530, 7.165452
30.782590, 8.800440
30.936954, 10.435619
31.086610, 12.070985
31.231546, 13.706534
31.371753, 15.342265
31.507220, 16.978173
31.637937, 18.614257
31.763895, 20.250514
31.885084, 21.886942
32.001495, 23.523539
32.113121, 25.160302
32.219952, 26.797230
32.321981, 28.434322
32.419201, 30.071576
32.511604, 31.708991
32.599183, 33.346565
32.681933, 34.984299
32.759846, 36.622190
32.832918, 38.260238
32.901144, 39.898442
32.964517, 41.536803
33.023033, 43.175320
33.076689, 44.813992
33.125480, 46.452819
33.169403, 48.091803
33.208454, 49.730942
33.242631, 51.370237
33.271930, 53.009688
33.296351, 54.649297
33.315891, 56.289064
33.330549, 57.928989
33.340323, 59.569074
33.345214, 61.209319
33.345220, 62.849726
33.340342, 64.490297
33.330580, 66.131032
33.315935, 67.771933
33.296408, 69.413002
33.272000, 71.054241
33.242713, 72.695652
33.208550, 74.337236
33.169513, 75.978997
33.125604, 77.620937
33.076828, 79.263058
33.023187, 80.905363
32.964685, 82.547855
32.901328, 84.190538
32.833119, 85.833414
32.760064, 87.476486
32.682168, 89.119760
32.599437, 90.763237
32.511876, 92.406923
32.419493, 94.050822
32.322294, 95.694938
32.220286, 97.339277
32.113477, 98.983842
32.001875, 100.628639
31.885488, 102.273673
31.764324, 103.918951
31.638393, 105.564478
31.507704, 107.210261
31.372265, 108.856307
31.232089, 110.502621
31.087184, 112.149212
30.937561, 113.796087
30.783232, 115.443254
30.624207, 117.090722
30.460499, 118.738499
30.292120, 120.386596
30.119082, 122.035020
29.941397, 123.683784
29.759080, 125.332898
29.572143, 126.982372
29.380600, 128.632219
29.184465, 130.282452
28.983753, 131.933084
28.778479, 133.584128
28.568657, 135.235600
28.354304, 136.887515
28.135435, 138.539889
27.912067, 140.192739
27.684215, 141.846083
27.451897, 143.499942
27.215129, 145.154334
26.973931, 146.809282
26.728318, 148.464808
26.478310, 150.120937
26.223925, 151.777693
25.965182, 153.435105
25.702099, 155.093200
25.434698, 156.752009
25.162997, 158.411565
24.887016, 160.071902
24.606777, 161.733057
24.322299, 163.395070
24.033605, 165.057982
23.740715, 166.721838
23.443652, 168.386686
23.142438, 170.052577
22.837095, 171.719566
22.527645, 173.387712
22.214113, 175.057080
21.896522, 176.727736
21.574896, 178.399754
21.249258, 180.073214
20.919633, 181.748201
20.586046, 183.424808
20.248523, 185.103136
19.907089, 186.783293
19.561770, 188.465399
19.212592, 190.149581
18.859582, 191.835982
18.502767, 193.524754
18.142174, 195.216068
17.777832, 196.910107
17.409768, 198.607077
17.038011, 200.307201
16.662590, 202.010728
16.283536, 203.717934
15.900878, 205.429124
15.514646, 207.144640
15.124873, 208.864862
14.731589, 210.590219
14.334828, 212.321190
13.934622, 214.058320
13.531005, 215.802223
13.124014, 217.553600
12.713682, 219.313251
12.300048, 221.082095
11.883150, 222.861192
11.463027, 224.651771
11.039722, 226.455268
10.613279, 228.273364
10.183742, 230.108049
9.751163, 231.961689
9.315594, 233.837121
8.877094, 235.737778
8.435726, 237.667851
7.991561, 239.632511
7.544683, 241.638211
7.095184, 243.693109
6.643179, 245.807667
6.188804, 247.995519
5.732230, 250.274766
5.273680, 252.669947
4.813447, 255.215149
4.351943, 257.959080
3.889757, 260.973705
3.427788, 264.369647
2.967479, 268.325244
2.511308, 273.144949
2.063909, 279.385084
1.634862, 288.140834
1.246358, 301.682240
0.953474, 324.143240
0.864447, 356.786417
1.036895, 26.849650
1.378380, 45.943632
1.796849, 57.597636
2.251290, 65.376921
2.725009, 71.078438
3.210528, 75.577307
3.704097, 79.328716
4.203651, 82.587529
4.707959, 85.505969
5.216237, 88.179999
5.727960, 90.672893
6.242757, 93.027963
6.760356, 95.275811
7.280549, 97.438645
7.803173, 99.532964
8.328093, 101.571272
8.855199, 103.563216
9.384394, 105.516354
9.915593, 107.436690
10.448721, 109.329054
10.983709, 111.197372
11.520494, 113.044874
12.059015, 114.874232
12.599217, 116.687684
13.141045, 118.487115
13.684448, 120.274121
14.229374, 122.050068
14.775777, 123.816128
15.323607, 125.573313
15.872818, 127.322501
16.423364, 129.064460
16.975200, 130.799861
17.528280, 132.529296
18.082560, 134.253286
18.637995, 135.972294
19.194543, 137.686733
19.752159, 139.396971
20.310800, 141.103336
20.870422, 142.806125
21.430983, 144.505605
21.992440, 146.202015
22.554750, 147.895573
23.117871, 149.586479
23.681758, 151.274911
24.246371, 152.961033
24.811666, 154.644995
25.377601, 156.326935
25.944134, 158.006978
26.511222, 159.685239
27.078822, 161.361825
27.646893, 163.036835
28.215392, 164.710358
28.784276, 166.382478
29.353504, 168.053273
29.923033, 169.722815
30.492821, 171.391170
31.062826, 173.058401
31.633005, 174.724566
32.203316, 176.389718
32.773718, 178.053908
33.344167, 179.717183
33.914621, 181.379587
34.485040, 183.041162
35.055380, 184.701945
35.625599, 186.361974
36.195655, 188.021282
36.765507, 189.679901
37.335112, 191.337862
37.904429, 192.995193
38.473414, 194.651922
39.042027, 196.308072
39.610226, 197.963669
40.177969, 199.618734
40.745213, 201.273290
41.311918, 202.927356
41.878042, 204.580951
42.443542, 206.234094
43.008378, 207.886803
43.572508, 209.539092
44.135890, 211.190979
44.698483, 212.842477
45.260245, 214.493601
45.821136, 216.144364
46.381114, 217.794779
46.940138, 219.444857
47.498167, 221.094612
48.055160, 222.744053
48.611076, 224.393191
49.165874, 226.042037
49.719514, 227.690599
50.271954, 229.338888
50.823155, 230.986911
51.373075, 232.634677
51.921675, 234.282195
52.468914, 235.929472
53.014752, 237.576515
53.559149, 239.223331
54.102065, 240.869928
54.643461, 242.516311
55.183295, 244.162488
55.721529, 245.808463
56.258124, 247.454244
56.793040, 249.099834
57.326237, 250.745240
57.857677, 252.390467
58.387320, 254.035519
58.915128, 255.680402
59.441062, 257.325120
59.965084, 258.969677
60.487154, 260.614077
61.007235, 262.258325
61.525289, 263.902425
62.041277, 265.546380
62.555162, 267.190194
63.066906, 268.833870
63.576471, 270.477412
64.083820, 272.120823
64.588917, 273.764107
65.091723, 275.407266
65.592202, 277.050303
66.090317, 278.693221
66.586032, 280.336023
67.079310, 281.978712
67.570116, 283.621290
68.058412, 285.263759
68.544164, 286.906122
69.027336, 288.548382
69.507892, 290.190540
69.985798, 291.832599
70.461017, 293.474560
70.933516, 295.116427
71.403259, 296.758200
71.870212, 298.399882
72.334341, 300.041475
72.795612, 301.682980
##END=
