##TITLE= Parameter file, TopSpin 4.3.0
##JCAMPDX= 5.0
##DATATYPE= Parameter Values
##ORIGIN= Bruker BioSpin GmbH
##OWNER= nmrsu
$$ 2024-05-21 13:43:09.378 +0100  nmrsu@4CE1161FJM
$$ C:/Bruker/TopSpin4.3.0/exp/stan/nmr/lists/wave/user/multisupp_aux_d8
$$ process C:\Bruker\TopSpin4.3.0\prog\mod\xwinshape.exe
##MINX= 0.44352100
##MAXX= 99.99666500
##MINY= 0.56723000
##MAXY= 359.43277000
##$SHAPE_ADDPHASE= 0
##$SHAPE_AMP= 99.99666495
##$SHAPE_BWFAC= 0
##$SHAPE_BWFAC50= 0
##$SHAPE_CALCBW= yes
##$SHAPE_CALCINTEG= yes
##$SHAPE_EXMODE= <Excitation>
##$SHAPE_EXPAND= <>
##$SHAPE_EXPANDCF= (0..143)
0 0 0 0 0 0 0 0 0 0 0 0 0 0 0 0 0 0 0 0 0 0 0 0 0 0 0 0 0 0 0 0 0 0 0 0
0 0 0 0 0 0 0 0 0 0 0 0 0 0 0 0 0 0 0 0 0 0 0 0 0 0 0 0 0 0 0 0 0 0 0 0
0 0 0 0 0 0 0 0 0 0 0 0 0 0 0 0 0 0 0 0 0 0 0 0 0 0 0 0 0 0 0 0 0 0 0 0
0 0 0 0 0 0 0 0 0 0 0 0 0 0 0 0 0 0 0 0 0 0 0 0 0 0 0 0 0 0 0 0 0 0 0 0
##$SHAPE_EXPFAC= 0
##$SHAPE_FRACEND= 0
##$SHAPE_FRACORG= 0
##$SHAPE_FRACSTART= 0
##$SHAPE_INTEGFAC= 0
##$SHAPE_KEEPRES= yes
##$SHAPE_LENGTH= 25000.000373
##$SHAPE_MAN= <M>
##$SHAPE_MODE= 4
##$SHAPE_MODFREQ= 0
##$SHAPE_MODPHASE= 0
##$SHAPE_MODSCALE= 0
##$SHAPE_MODSW= 0
##$SHAPE_MODSWDIR= -1
##$SHAPE_NPOINTS= 1250
##$SHAPE_OFFS= <1 4>
##$SHAPE_OFFSCOEFF= (0..95)
51.546356 0 100 -159.27231 0 100 -227.01381 0 100 -295.51205 0 100 0 0
0 0 0 0 0 0 0 0 0 0 0 0 0 0 0 0 0 0 0 0 0 0 0 0 0 0 0 0 0 0 0 0 0 0 0 0
0 0 0 0 0 0 0 0 0 0 0 0 0 0 0 0 0 0 0 0 0 0 0 0 0 0 0 0 0 0 0 0 0 0 0 0
0 0 0 0 0 0 0 0 0 0
##$SHAPE_PARAMETER= <>
##$SHAPE_REPHFAC= 0
##$SHAPE_RES= 0
##$SHAPE_SCALEFAC= 1.00003335
##$SHAPE_SCALETYPE= 0
##$SHAPE_SPOAL= 0
##$SHAPE_SPOFFS= 0
##$SHAPE_SPOPH= 0
##$SHAPE_TOTROT= 90
##$SHAPE_TYPE= <Excitation>
##$SHAPE_USER_DEF= <>
##$SHAPE_VERSION= 2.1
##$SHL_ADDPHASE= (0..15)
0 0 0 0 0 0 0 0 0 0 0 0 0 0 0 0
##$SHL_ALIGNOFFSET= (0..15)
0 0 0 0 0 0 0 0 0 0 0 0 0 0 0 0
##$SHL_AMP= (0..15)
100 0 0 0 0 0 0 0 0 0 0 0 0 0 0 0
##$SHL_AMPFAC= (0..15)
0 0 0 0 0 0 0 0 0 0 0 0 0 0 0 0
##$SHL_BETA= (0..15)
0 0 0 0 0 0 0 0 0 0 0 0 0 0 0 0
##$SHL_BWFAC= (0..15)
1.116 0 0 0 0 0 0 0 0 0 0 0 0 0 0 0
##$SHL_CALCBW= (0..15)
yes yes yes yes yes yes yes yes yes yes yes yes yes yes yes yes
##$SHL_CALCINTEG= (0..15)
yes yes yes yes yes yes yes yes yes yes yes yes yes yes yes yes
##$SHL_CENTERAMP= (0..15)
0 0 0 0 0 0 0 0 0 0 0 0 0 0 0 0
##$SHL_CYCNUM= (0..15)
0 0 0 0 0 0 0 0 0 0 0 0 0 0 0 0
##$SHL_DIPOLCPL= (0..15)
0 0 0 0 0 0 0 0 0 0 0 0 0 0 0 0
##$SHL_ENDAMP= (0..15)
0 0 0 0 0 0 0 0 0 0 0 0 0 0 0 0
##$SHL_EXMODE= (0..15)
<Excitation> <> <> <> <> <> <> <> <> <> <> <> <> <> <> <>
##$SHL_EXPAND= (0..15)
<> <> <> <> <> <> <> <> <> <> <> <> <> <> <> <>
##$SHL_EXPANDCF0= (0..143)
0 0 0 0 0 0 0 0 0 0 0 0 0 0 0 0 0 0 0 0 0 0 0 0 0 0 0 0 0 0 0 0 0 0 0 0
0 0 0 0 0 0 0 0 0 0 0 0 0 0 0 0 0 0 0 0 0 0 0 0 0 0 0 0 0 0 0 0 0 0 0 0
0 0 0 0 0 0 0 0 0 0 0 0 0 0 0 0 0 0 0 0 0 0 0 0 0 0 0 0 0 0 0 0 0 0 0 0
0 0 0 0 0 0 0 0 0 0 0 0 0 0 0 0 0 0 0 0 0 0 0 0 0 0 0 0 0 0 0 0 0 0 0 0
##$SHL_EXPANDCF1= (0..143)
0 0 0 0 0 0 0 0 0 0 0 0 0 0 0 0 0 0 0 0 0 0 0 0 0 0 0 0 0 0 0 0 0 0 0 0
0 0 0 0 0 0 0 0 0 0 0 0 0 0 0 0 0 0 0 0 0 0 0 0 0 0 0 0 0 0 0 0 0 0 0 0
0 0 0 0 0 0 0 0 0 0 0 0 0 0 0 0 0 0 0 0 0 0 0 0 0 0 0 0 0 0 0 0 0 0 0 0
0 0 0 0 0 0 0 0 0 0 0 0 0 0 0 0 0 0 0 0 0 0 0 0 0 0 0 0 0 0 0 0 0 0 0 0
##$SHL_EXPANDCF10= (0..143)
0 0 0 0 0 0 0 0 0 0 0 0 0 0 0 0 0 0 0 0 0 0 0 0 0 0 0 0 0 0 0 0 0 0 0 0
0 0 0 0 0 0 0 0 0 0 0 0 0 0 0 0 0 0 0 0 0 0 0 0 0 0 0 0 0 0 0 0 0 0 0 0
0 0 0 0 0 0 0 0 0 0 0 0 0 0 0 0 0 0 0 0 0 0 0 0 0 0 0 0 0 0 0 0 0 0 0 0
0 0 0 0 0 0 0 0 0 0 0 0 0 0 0 0 0 0 0 0 0 0 0 0 0 0 0 0 0 0 0 0 0 0 0 0
##$SHL_EXPANDCF11= (0..143)
0 0 0 0 0 0 0 0 0 0 0 0 0 0 0 0 0 0 0 0 0 0 0 0 0 0 0 0 0 0 0 0 0 0 0 0
0 0 0 0 0 0 0 0 0 0 0 0 0 0 0 0 0 0 0 0 0 0 0 0 0 0 0 0 0 0 0 0 0 0 0 0
0 0 0 0 0 0 0 0 0 0 0 0 0 0 0 0 0 0 0 0 0 0 0 0 0 0 0 0 0 0 0 0 0 0 0 0
0 0 0 0 0 0 0 0 0 0 0 0 0 0 0 0 0 0 0 0 0 0 0 0 0 0 0 0 0 0 0 0 0 0 0 0
##$SHL_EXPANDCF12= (0..143)
0 0 0 0 0 0 0 0 0 0 0 0 0 0 0 0 0 0 0 0 0 0 0 0 0 0 0 0 0 0 0 0 0 0 0 0
0 0 0 0 0 0 0 0 0 0 0 0 0 0 0 0 0 0 0 0 0 0 0 0 0 0 0 0 0 0 0 0 0 0 0 0
0 0 0 0 0 0 0 0 0 0 0 0 0 0 0 0 0 0 0 0 0 0 0 0 0 0 0 0 0 0 0 0 0 0 0 0
0 0 0 0 0 0 0 0 0 0 0 0 0 0 0 0 0 0 0 0 0 0 0 0 0 0 0 0 0 0 0 0 0 0 0 0
##$SHL_EXPANDCF13= (0..143)
0 0 0 0 0 0 0 0 0 0 0 0 0 0 0 0 0 0 0 0 0 0 0 0 0 0 0 0 0 0 0 0 0 0 0 0
0 0 0 0 0 0 0 0 0 0 0 0 0 0 0 0 0 0 0 0 0 0 0 0 0 0 0 0 0 0 0 0 0 0 0 0
0 0 0 0 0 0 0 0 0 0 0 0 0 0 0 0 0 0 0 0 0 0 0 0 0 0 0 0 0 0 0 0 0 0 0 0
0 0 0 0 0 0 0 0 0 0 0 0 0 0 0 0 0 0 0 0 0 0 0 0 0 0 0 0 0 0 0 0 0 0 0 0
##$SHL_EXPANDCF14= (0..143)
0 0 0 0 0 0 0 0 0 0 0 0 0 0 0 0 0 0 0 0 0 0 0 0 0 0 0 0 0 0 0 0 0 0 0 0
0 0 0 0 0 0 0 0 0 0 0 0 0 0 0 0 0 0 0 0 0 0 0 0 0 0 0 0 0 0 0 0 0 0 0 0
0 0 0 0 0 0 0 0 0 0 0 0 0 0 0 0 0 0 0 0 0 0 0 0 0 0 0 0 0 0 0 0 0 0 0 0
0 0 0 0 0 0 0 0 0 0 0 0 0 0 0 0 0 0 0 0 0 0 0 0 0 0 0 0 0 0 0 0 0 0 0 0
##$SHL_EXPANDCF15= (0..143)
0 0 0 0 0 0 0 0 0 0 0 0 0 0 0 0 0 0 0 0 0 0 0 0 0 0 0 0 0 0 0 0 0 0 0 0
0 0 0 0 0 0 0 0 0 0 0 0 0 0 0 0 0 0 0 0 0 0 0 0 0 0 0 0 0 0 0 0 0 0 0 0
0 0 0 0 0 0 0 0 0 0 0 0 0 0 0 0 0 0 0 0 0 0 0 0 0 0 0 0 0 0 0 0 0 0 0 0
0 0 0 0 0 0 0 0 0 0 0 0 0 0 0 0 0 0 0 0 0 0 0 0 0 0 0 0 0 0 0 0 0 0 0 0
##$SHL_EXPANDCF2= (0..143)
0 0 0 0 0 0 0 0 0 0 0 0 0 0 0 0 0 0 0 0 0 0 0 0 0 0 0 0 0 0 0 0 0 0 0 0
0 0 0 0 0 0 0 0 0 0 0 0 0 0 0 0 0 0 0 0 0 0 0 0 0 0 0 0 0 0 0 0 0 0 0 0
0 0 0 0 0 0 0 0 0 0 0 0 0 0 0 0 0 0 0 0 0 0 0 0 0 0 0 0 0 0 0 0 0 0 0 0
0 0 0 0 0 0 0 0 0 0 0 0 0 0 0 0 0 0 0 0 0 0 0 0 0 0 0 0 0 0 0 0 0 0 0 0
##$SHL_EXPANDCF3= (0..143)
0 0 0 0 0 0 0 0 0 0 0 0 0 0 0 0 0 0 0 0 0 0 0 0 0 0 0 0 0 0 0 0 0 0 0 0
0 0 0 0 0 0 0 0 0 0 0 0 0 0 0 0 0 0 0 0 0 0 0 0 0 0 0 0 0 0 0 0 0 0 0 0
0 0 0 0 0 0 0 0 0 0 0 0 0 0 0 0 0 0 0 0 0 0 0 0 0 0 0 0 0 0 0 0 0 0 0 0
0 0 0 0 0 0 0 0 0 0 0 0 0 0 0 0 0 0 0 0 0 0 0 0 0 0 0 0 0 0 0 0 0 0 0 0
##$SHL_EXPANDCF4= (0..143)
0 0 0 0 0 0 0 0 0 0 0 0 0 0 0 0 0 0 0 0 0 0 0 0 0 0 0 0 0 0 0 0 0 0 0 0
0 0 0 0 0 0 0 0 0 0 0 0 0 0 0 0 0 0 0 0 0 0 0 0 0 0 0 0 0 0 0 0 0 0 0 0
0 0 0 0 0 0 0 0 0 0 0 0 0 0 0 0 0 0 0 0 0 0 0 0 0 0 0 0 0 0 0 0 0 0 0 0
0 0 0 0 0 0 0 0 0 0 0 0 0 0 0 0 0 0 0 0 0 0 0 0 0 0 0 0 0 0 0 0 0 0 0 0
##$SHL_EXPANDCF5= (0..143)
0 0 0 0 0 0 0 0 0 0 0 0 0 0 0 0 0 0 0 0 0 0 0 0 0 0 0 0 0 0 0 0 0 0 0 0
0 0 0 0 0 0 0 0 0 0 0 0 0 0 0 0 0 0 0 0 0 0 0 0 0 0 0 0 0 0 0 0 0 0 0 0
0 0 0 0 0 0 0 0 0 0 0 0 0 0 0 0 0 0 0 0 0 0 0 0 0 0 0 0 0 0 0 0 0 0 0 0
0 0 0 0 0 0 0 0 0 0 0 0 0 0 0 0 0 0 0 0 0 0 0 0 0 0 0 0 0 0 0 0 0 0 0 0
##$SHL_EXPANDCF6= (0..143)
0 0 0 0 0 0 0 0 0 0 0 0 0 0 0 0 0 0 0 0 0 0 0 0 0 0 0 0 0 0 0 0 0 0 0 0
0 0 0 0 0 0 0 0 0 0 0 0 0 0 0 0 0 0 0 0 0 0 0 0 0 0 0 0 0 0 0 0 0 0 0 0
0 0 0 0 0 0 0 0 0 0 0 0 0 0 0 0 0 0 0 0 0 0 0 0 0 0 0 0 0 0 0 0 0 0 0 0
0 0 0 0 0 0 0 0 0 0 0 0 0 0 0 0 0 0 0 0 0 0 0 0 0 0 0 0 0 0 0 0 0 0 0 0
##$SHL_EXPANDCF7= (0..143)
0 0 0 0 0 0 0 0 0 0 0 0 0 0 0 0 0 0 0 0 0 0 0 0 0 0 0 0 0 0 0 0 0 0 0 0
0 0 0 0 0 0 0 0 0 0 0 0 0 0 0 0 0 0 0 0 0 0 0 0 0 0 0 0 0 0 0 0 0 0 0 0
0 0 0 0 0 0 0 0 0 0 0 0 0 0 0 0 0 0 0 0 0 0 0 0 0 0 0 0 0 0 0 0 0 0 0 0
0 0 0 0 0 0 0 0 0 0 0 0 0 0 0 0 0 0 0 0 0 0 0 0 0 0 0 0 0 0 0 0 0 0 0 0
##$SHL_EXPANDCF8= (0..143)
0 0 0 0 0 0 0 0 0 0 0 0 0 0 0 0 0 0 0 0 0 0 0 0 0 0 0 0 0 0 0 0 0 0 0 0
0 0 0 0 0 0 0 0 0 0 0 0 0 0 0 0 0 0 0 0 0 0 0 0 0 0 0 0 0 0 0 0 0 0 0 0
0 0 0 0 0 0 0 0 0 0 0 0 0 0 0 0 0 0 0 0 0 0 0 0 0 0 0 0 0 0 0 0 0 0 0 0
0 0 0 0 0 0 0 0 0 0 0 0 0 0 0 0 0 0 0 0 0 0 0 0 0 0 0 0 0 0 0 0 0 0 0 0
##$SHL_EXPANDCF9= (0..143)
0 0 0 0 0 0 0 0 0 0 0 0 0 0 0 0 0 0 0 0 0 0 0 0 0 0 0 0 0 0 0 0 0 0 0 0
0 0 0 0 0 0 0 0 0 0 0 0 0 0 0 0 0 0 0 0 0 0 0 0 0 0 0 0 0 0 0 0 0 0 0 0
0 0 0 0 0 0 0 0 0 0 0 0 0 0 0 0 0 0 0 0 0 0 0 0 0 0 0 0 0 0 0 0 0 0 0 0
0 0 0 0 0 0 0 0 0 0 0 0 0 0 0 0 0 0 0 0 0 0 0 0 0 0 0 0 0 0 0 0 0 0 0 0
##$SHL_EXPFAC= (0..15)
0 0 0 0 0 0 0 0 0 0 0 0 0 0 0 0
##$SHL_FRACEND= (0..15)
0 0 0 0 0 0 0 0 0 0 0 0 0 0 0 0
##$SHL_FRACORG= (0..15)
0 0 0 0 0 0 0 0 0 0 0 0 0 0 0 0
##$SHL_FRACSTART= (0..15)
0 0 0 0 0 0 0 0 0 0 0 0 0 0 0 0
##$SHL_FULLHALF= (0..15)
0 0 0 0 0 0 0 0 0 0 0 0 0 0 0 0
##$SHL_FUNCAMP= (0..15)
100 0 0 0 0 0 0 0 0 0 0 0 0 0 0 0
##$SHL_FUNCTION= (0..15)
<Rectangle> <> <> <> <> <> <> <> <> <> <> <> <> <> <> <>
##$SHL_GCO= (0..15)
<> <> <> <> <> <> <> <> <> <> <> <> <> <> <> <>
##$SHL_GCOCOEFFS0= (0..59)
0 0 0 0 0 0 0 0 0 0 0 0 0 0 0 0 0 0 0 0 0 0 0 0 0 0 0 0 0 0 0 0 0 0 0 0
0 0 0 0 0 0 0 0 0 0 0 0 0 0 0 0 0 0 0 0 0 0 0 0
##$SHL_GCOCOEFFS1= (0..59)
0 0 0 0 0 0 0 0 0 0 0 0 0 0 0 0 0 0 0 0 0 0 0 0 0 0 0 0 0 0 0 0 0 0 0 0
0 0 0 0 0 0 0 0 0 0 0 0 0 0 0 0 0 0 0 0 0 0 0 0
##$SHL_GCOCOEFFS10= (0..59)
0 0 0 0 0 0 0 0 0 0 0 0 0 0 0 0 0 0 0 0 0 0 0 0 0 0 0 0 0 0 0 0 0 0 0 0
0 0 0 0 0 0 0 0 0 0 0 0 0 0 0 0 0 0 0 0 0 0 0 0
##$SHL_GCOCOEFFS11= (0..59)
0 0 0 0 0 0 0 0 0 0 0 0 0 0 0 0 0 0 0 0 0 0 0 0 0 0 0 0 0 0 0 0 0 0 0 0
0 0 0 0 0 0 0 0 0 0 0 0 0 0 0 0 0 0 0 0 0 0 0 0
##$SHL_GCOCOEFFS12= (0..59)
0 0 0 0 0 0 0 0 0 0 0 0 0 0 0 0 0 0 0 0 0 0 0 0 0 0 0 0 0 0 0 0 0 0 0 0
0 0 0 0 0 0 0 0 0 0 0 0 0 0 0 0 0 0 0 0 0 0 0 0
##$SHL_GCOCOEFFS13= (0..59)
0 0 0 0 0 0 0 0 0 0 0 0 0 0 0 0 0 0 0 0 0 0 0 0 0 0 0 0 0 0 0 0 0 0 0 0
0 0 0 0 0 0 0 0 0 0 0 0 0 0 0 0 0 0 0 0 0 0 0 0
##$SHL_GCOCOEFFS14= (0..59)
0 0 0 0 0 0 0 0 0 0 0 0 0 0 0 0 0 0 0 0 0 0 0 0 0 0 0 0 0 0 0 0 0 0 0 0
0 0 0 0 0 0 0 0 0 0 0 0 0 0 0 0 0 0 0 0 0 0 0 0
##$SHL_GCOCOEFFS15= (0..59)
0 0 0 0 0 0 0 0 0 0 0 0 0 0 0 0 0 0 0 0 0 0 0 0 0 0 0 0 0 0 0 0 0 0 0 0
0 0 0 0 0 0 0 0 0 0 0 0 0 0 0 0 0 0 0 0 0 0 0 0
##$SHL_GCOCOEFFS2= (0..59)
0 0 0 0 0 0 0 0 0 0 0 0 0 0 0 0 0 0 0 0 0 0 0 0 0 0 0 0 0 0 0 0 0 0 0 0
0 0 0 0 0 0 0 0 0 0 0 0 0 0 0 0 0 0 0 0 0 0 0 0
##$SHL_GCOCOEFFS3= (0..59)
0 0 0 0 0 0 0 0 0 0 0 0 0 0 0 0 0 0 0 0 0 0 0 0 0 0 0 0 0 0 0 0 0 0 0 0
0 0 0 0 0 0 0 0 0 0 0 0 0 0 0 0 0 0 0 0 0 0 0 0
##$SHL_GCOCOEFFS4= (0..59)
0 0 0 0 0 0 0 0 0 0 0 0 0 0 0 0 0 0 0 0 0 0 0 0 0 0 0 0 0 0 0 0 0 0 0 0
0 0 0 0 0 0 0 0 0 0 0 0 0 0 0 0 0 0 0 0 0 0 0 0
##$SHL_GCOCOEFFS5= (0..59)
0 0 0 0 0 0 0 0 0 0 0 0 0 0 0 0 0 0 0 0 0 0 0 0 0 0 0 0 0 0 0 0 0 0 0 0
0 0 0 0 0 0 0 0 0 0 0 0 0 0 0 0 0 0 0 0 0 0 0 0
##$SHL_GCOCOEFFS6= (0..59)
0 0 0 0 0 0 0 0 0 0 0 0 0 0 0 0 0 0 0 0 0 0 0 0 0 0 0 0 0 0 0 0 0 0 0 0
0 0 0 0 0 0 0 0 0 0 0 0 0 0 0 0 0 0 0 0 0 0 0 0
##$SHL_GCOCOEFFS7= (0..59)
0 0 0 0 0 0 0 0 0 0 0 0 0 0 0 0 0 0 0 0 0 0 0 0 0 0 0 0 0 0 0 0 0 0 0 0
0 0 0 0 0 0 0 0 0 0 0 0 0 0 0 0 0 0 0 0 0 0 0 0
##$SHL_GCOCOEFFS8= (0..59)
0 0 0 0 0 0 0 0 0 0 0 0 0 0 0 0 0 0 0 0 0 0 0 0 0 0 0 0 0 0 0 0 0 0 0 0
0 0 0 0 0 0 0 0 0 0 0 0 0 0 0 0 0 0 0 0 0 0 0 0
##$SHL_GCOCOEFFS9= (0..59)
0 0 0 0 0 0 0 0 0 0 0 0 0 0 0 0 0 0 0 0 0 0 0 0 0 0 0 0 0 0 0 0 0 0 0 0
0 0 0 0 0 0 0 0 0 0 0 0 0 0 0 0 0 0 0 0 0 0 0 0
##$SHL_INTEGFAC= (0..15)
1 0 0 0 0 0 0 0 0 0 0 0 0 0 0 0
##$SHL_LB= (0..15)
0 0 0 0 0 0 0 0 0 0 0 0 0 0 0 0
##$SHL_LEFTLIMIT= (0..15)
0 0 0 0 0 0 0 0 0 0 0 0 0 0 0 0
##$SHL_LENGTH= (0..15)
25000.000373 0 0 0 0 0 0 0 0 0 0 0 0 0 0 0
##$SHL_MAN= (0..15)
<> <> <> <> <> <> <> <> <> <> <> <> <> <> <> <>
##$SHL_MEANAMP= (0..15)
0 0 0 0 0 0 0 0 0 0 0 0 0 0 0 0
##$SHL_MODAMP= (0..15)
0 0 0 0 0 0 0 0 0 0 0 0 0 0 0 0
##$SHL_MODE= (0..15)
0 0 0 0 0 0 0 0 0 0 0 0 0 0 0 0
##$SHL_MODFREQ= (0..15)
0 0 0 0 0 0 0 0 0 0 0 0 0 0 0 0
##$SHL_MODPHASE= (0..15)
0 0 0 0 0 0 0 0 0 0 0 0 0 0 0 0
##$SHL_MODSCALE= (0..15)
0 0 0 0 0 0 0 0 0 0 0 0 0 0 0 0
##$SHL_MODSW= (0..15)
0 0 0 0 0 0 0 0 0 0 0 0 0 0 0 0
##$SHL_MODSWDIR= (0..15)
-1 -1 -1 -1 -1 -1 -1 -1 -1 -1 -1 -1 -1 -1 -1 -1
##$SHL_MU= (0..15)
0 0 0 0 0 0 0 0 0 0 0 0 0 0 0 0
##$SHL_NPOINTS= (0..15)
1250 0 0 0 0 0 0 0 0 0 0 0 0 0 0 0
##$SHL_OFFS= (0..15)
<> <> <> <> <> <> <> <> <> <> <> <> <> <> <> <>
##$SHL_OFFSCOEFF0= (0..95)
0 0 0 0 0 0 0 0 0 0 0 0 0 0 0 0 0 0 0 0 0 0 0 0 0 0 0 0 0 0 0 0 0 0 0 0
0 0 0 0 0 0 0 0 0 0 0 0 0 0 0 0 0 0 0 0 0 0 0 0 0 0 0 0 0 0 0 0 0 0 0 0
0 0 0 0 0 0 0 0 0 0 0 0 0 0 0 0 0 0 0 0 0 0 0 0
##$SHL_OFFSCOEFF1= (0..95)
0 0 0 0 0 0 0 0 0 0 0 0 0 0 0 0 0 0 0 0 0 0 0 0 0 0 0 0 0 0 0 0 0 0 0 0
0 0 0 0 0 0 0 0 0 0 0 0 0 0 0 0 0 0 0 0 0 0 0 0 0 0 0 0 0 0 0 0 0 0 0 0
0 0 0 0 0 0 0 0 0 0 0 0 0 0 0 0 0 0 0 0 0 0 0 0
##$SHL_OFFSCOEFF10= (0..95)
0 0 0 0 0 0 0 0 0 0 0 0 0 0 0 0 0 0 0 0 0 0 0 0 0 0 0 0 0 0 0 0 0 0 0 0
0 0 0 0 0 0 0 0 0 0 0 0 0 0 0 0 0 0 0 0 0 0 0 0 0 0 0 0 0 0 0 0 0 0 0 0
0 0 0 0 0 0 0 0 0 0 0 0 0 0 0 0 0 0 0 0 0 0 0 0
##$SHL_OFFSCOEFF11= (0..95)
0 0 0 0 0 0 0 0 0 0 0 0 0 0 0 0 0 0 0 0 0 0 0 0 0 0 0 0 0 0 0 0 0 0 0 0
0 0 0 0 0 0 0 0 0 0 0 0 0 0 0 0 0 0 0 0 0 0 0 0 0 0 0 0 0 0 0 0 0 0 0 0
0 0 0 0 0 0 0 0 0 0 0 0 0 0 0 0 0 0 0 0 0 0 0 0
##$SHL_OFFSCOEFF12= (0..95)
0 0 0 0 0 0 0 0 0 0 0 0 0 0 0 0 0 0 0 0 0 0 0 0 0 0 0 0 0 0 0 0 0 0 0 0
0 0 0 0 0 0 0 0 0 0 0 0 0 0 0 0 0 0 0 0 0 0 0 0 0 0 0 0 0 0 0 0 0 0 0 0
0 0 0 0 0 0 0 0 0 0 0 0 0 0 0 0 0 0 0 0 0 0 0 0
##$SHL_OFFSCOEFF13= (0..95)
0 0 0 0 0 0 0 0 0 0 0 0 0 0 0 0 0 0 0 0 0 0 0 0 0 0 0 0 0 0 0 0 0 0 0 0
0 0 0 0 0 0 0 0 0 0 0 0 0 0 0 0 0 0 0 0 0 0 0 0 0 0 0 0 0 0 0 0 0 0 0 0
0 0 0 0 0 0 0 0 0 0 0 0 0 0 0 0 0 0 0 0 0 0 0 0
##$SHL_OFFSCOEFF14= (0..95)
0 0 0 0 0 0 0 0 0 0 0 0 0 0 0 0 0 0 0 0 0 0 0 0 0 0 0 0 0 0 0 0 0 0 0 0
0 0 0 0 0 0 0 0 0 0 0 0 0 0 0 0 0 0 0 0 0 0 0 0 0 0 0 0 0 0 0 0 0 0 0 0
0 0 0 0 0 0 0 0 0 0 0 0 0 0 0 0 0 0 0 0 0 0 0 0
##$SHL_OFFSCOEFF15= (0..95)
0 0 0 0 0 0 0 0 0 0 0 0 0 0 0 0 0 0 0 0 0 0 0 0 0 0 0 0 0 0 0 0 0 0 0 0
0 0 0 0 0 0 0 0 0 0 0 0 0 0 0 0 0 0 0 0 0 0 0 0 0 0 0 0 0 0 0 0 0 0 0 0
0 0 0 0 0 0 0 0 0 0 0 0 0 0 0 0 0 0 0 0 0 0 0 0
##$SHL_OFFSCOEFF2= (0..95)
0 0 0 0 0 0 0 0 0 0 0 0 0 0 0 0 0 0 0 0 0 0 0 0 0 0 0 0 0 0 0 0 0 0 0 0
0 0 0 0 0 0 0 0 0 0 0 0 0 0 0 0 0 0 0 0 0 0 0 0 0 0 0 0 0 0 0 0 0 0 0 0
0 0 0 0 0 0 0 0 0 0 0 0 0 0 0 0 0 0 0 0 0 0 0 0
##$SHL_OFFSCOEFF3= (0..95)
0 0 0 0 0 0 0 0 0 0 0 0 0 0 0 0 0 0 0 0 0 0 0 0 0 0 0 0 0 0 0 0 0 0 0 0
0 0 0 0 0 0 0 0 0 0 0 0 0 0 0 0 0 0 0 0 0 0 0 0 0 0 0 0 0 0 0 0 0 0 0 0
0 0 0 0 0 0 0 0 0 0 0 0 0 0 0 0 0 0 0 0 0 0 0 0
##$SHL_OFFSCOEFF4= (0..95)
0 0 0 0 0 0 0 0 0 0 0 0 0 0 0 0 0 0 0 0 0 0 0 0 0 0 0 0 0 0 0 0 0 0 0 0
0 0 0 0 0 0 0 0 0 0 0 0 0 0 0 0 0 0 0 0 0 0 0 0 0 0 0 0 0 0 0 0 0 0 0 0
0 0 0 0 0 0 0 0 0 0 0 0 0 0 0 0 0 0 0 0 0 0 0 0
##$SHL_OFFSCOEFF5= (0..95)
0 0 0 0 0 0 0 0 0 0 0 0 0 0 0 0 0 0 0 0 0 0 0 0 0 0 0 0 0 0 0 0 0 0 0 0
0 0 0 0 0 0 0 0 0 0 0 0 0 0 0 0 0 0 0 0 0 0 0 0 0 0 0 0 0 0 0 0 0 0 0 0
0 0 0 0 0 0 0 0 0 0 0 0 0 0 0 0 0 0 0 0 0 0 0 0
##$SHL_OFFSCOEFF6= (0..95)
0 0 0 0 0 0 0 0 0 0 0 0 0 0 0 0 0 0 0 0 0 0 0 0 0 0 0 0 0 0 0 0 0 0 0 0
0 0 0 0 0 0 0 0 0 0 0 0 0 0 0 0 0 0 0 0 0 0 0 0 0 0 0 0 0 0 0 0 0 0 0 0
0 0 0 0 0 0 0 0 0 0 0 0 0 0 0 0 0 0 0 0 0 0 0 0
##$SHL_OFFSCOEFF7= (0..95)
0 0 0 0 0 0 0 0 0 0 0 0 0 0 0 0 0 0 0 0 0 0 0 0 0 0 0 0 0 0 0 0 0 0 0 0
0 0 0 0 0 0 0 0 0 0 0 0 0 0 0 0 0 0 0 0 0 0 0 0 0 0 0 0 0 0 0 0 0 0 0 0
0 0 0 0 0 0 0 0 0 0 0 0 0 0 0 0 0 0 0 0 0 0 0 0
##$SHL_OFFSCOEFF8= (0..95)
0 0 0 0 0 0 0 0 0 0 0 0 0 0 0 0 0 0 0 0 0 0 0 0 0 0 0 0 0 0 0 0 0 0 0 0
0 0 0 0 0 0 0 0 0 0 0 0 0 0 0 0 0 0 0 0 0 0 0 0 0 0 0 0 0 0 0 0 0 0 0 0
0 0 0 0 0 0 0 0 0 0 0 0 0 0 0 0 0 0 0 0 0 0 0 0
##$SHL_OFFSCOEFF9= (0..95)
0 0 0 0 0 0 0 0 0 0 0 0 0 0 0 0 0 0 0 0 0 0 0 0 0 0 0 0 0 0 0 0 0 0 0 0
0 0 0 0 0 0 0 0 0 0 0 0 0 0 0 0 0 0 0 0 0 0 0 0 0 0 0 0 0 0 0 0 0 0 0 0
0 0 0 0 0 0 0 0 0 0 0 0 0 0 0 0 0 0 0 0 0 0 0 0
##$SHL_PHASE= (0..15)
0 0 0 0 0 0 0 0 0 0 0 0 0 0 0 0
##$SHL_PHASEFAC= (0..15)
0 0 0 0 0 0 0 0 0 0 0 0 0 0 0 0
##$SHL_POWERINDEX= (0..15)
0 0 0 0 0 0 0 0 0 0 0 0 0 0 0 0
##$SHL_QUADCOEFF= (0..15)
0 0 0 0 0 0 0 0 0 0 0 0 0 0 0 0
##$SHL_RIGHTLIMIT= (0..15)
0 0 0 0 0 0 0 0 0 0 0 0 0 0 0 0
##$SHL_SCALEFACTOR= (0..15)
1 1 1 1 1 1 1 1 1 1 1 1 1 1 1 1
##$SHL_SF= (0..15)
<> <> <> <> <> <> <> <> <> <> <> <> <> <> <> <>
##$SHL_SFCOEFFS0= (0..200)
0 0 0 0 0 0 0 0 0 0 0 0 0 0 0 0 0 0 0 0 0 0 0 0 0 0 0 0 0 0 0 0 0 0 0 0
0 0 0 0 0 0 0 0 0 0 0 0 0 0 0 0 0 0 0 0 0 0 0 0 0 0 0 0 0 0 0 0 0 0 0 0
0 0 0 0 0 0 0 0 0 0 0 0 0 0 0 0 0 0 0 0 0 0 0 0 0 0 0 0 0 0 0 0 0 0 0 0
0 0 0 0 0 0 0 0 0 0 0 0 0 0 0 0 0 0 0 0 0 0 0 0 0 0 0 0 0 0 0 0 0 0 0 0
0 0 0 0 0 0 0 0 0 0 0 0 0 0 0 0 0 0 0 0 0 0 0 0 0 0 0 0 0 0 0 0 0 0 0 0
0 0 0 0 0 0 0 0 0 0 0 0 0 0 0 0 0 0 0 0 0
##$SHL_SFCOEFFS1= (0..200)
0 0 0 0 0 0 0 0 0 0 0 0 0 0 0 0 0 0 0 0 0 0 0 0 0 0 0 0 0 0 0 0 0 0 0 0
0 0 0 0 0 0 0 0 0 0 0 0 0 0 0 0 0 0 0 0 0 0 0 0 0 0 0 0 0 0 0 0 0 0 0 0
0 0 0 0 0 0 0 0 0 0 0 0 0 0 0 0 0 0 0 0 0 0 0 0 0 0 0 0 0 0 0 0 0 0 0 0
0 0 0 0 0 0 0 0 0 0 0 0 0 0 0 0 0 0 0 0 0 0 0 0 0 0 0 0 0 0 0 0 0 0 0 0
0 0 0 0 0 0 0 0 0 0 0 0 0 0 0 0 0 0 0 0 0 0 0 0 0 0 0 0 0 0 0 0 0 0 0 0
0 0 0 0 0 0 0 0 0 0 0 0 0 0 0 0 0 0 0 0 0
##$SHL_SFCOEFFS10= (0..200)
0 0 0 0 0 0 0 0 0 0 0 0 0 0 0 0 0 0 0 0 0 0 0 0 0 0 0 0 0 0 0 0 0 0 0 0
0 0 0 0 0 0 0 0 0 0 0 0 0 0 0 0 0 0 0 0 0 0 0 0 0 0 0 0 0 0 0 0 0 0 0 0
0 0 0 0 0 0 0 0 0 0 0 0 0 0 0 0 0 0 0 0 0 0 0 0 0 0 0 0 0 0 0 0 0 0 0 0
0 0 0 0 0 0 0 0 0 0 0 0 0 0 0 0 0 0 0 0 0 0 0 0 0 0 0 0 0 0 0 0 0 0 0 0
0 0 0 0 0 0 0 0 0 0 0 0 0 0 0 0 0 0 0 0 0 0 0 0 0 0 0 0 0 0 0 0 0 0 0 0
0 0 0 0 0 0 0 0 0 0 0 0 0 0 0 0 0 0 0 0 0
##$SHL_SFCOEFFS11= (0..200)
0 0 0 0 0 0 0 0 0 0 0 0 0 0 0 0 0 0 0 0 0 0 0 0 0 0 0 0 0 0 0 0 0 0 0 0
0 0 0 0 0 0 0 0 0 0 0 0 0 0 0 0 0 0 0 0 0 0 0 0 0 0 0 0 0 0 0 0 0 0 0 0
0 0 0 0 0 0 0 0 0 0 0 0 0 0 0 0 0 0 0 0 0 0 0 0 0 0 0 0 0 0 0 0 0 0 0 0
0 0 0 0 0 0 0 0 0 0 0 0 0 0 0 0 0 0 0 0 0 0 0 0 0 0 0 0 0 0 0 0 0 0 0 0
0 0 0 0 0 0 0 0 0 0 0 0 0 0 0 0 0 0 0 0 0 0 0 0 0 0 0 0 0 0 0 0 0 0 0 0
0 0 0 0 0 0 0 0 0 0 0 0 0 0 0 0 0 0 0 0 0
##$SHL_SFCOEFFS12= (0..200)
0 0 0 0 0 0 0 0 0 0 0 0 0 0 0 0 0 0 0 0 0 0 0 0 0 0 0 0 0 0 0 0 0 0 0 0
0 0 0 0 0 0 0 0 0 0 0 0 0 0 0 0 0 0 0 0 0 0 0 0 0 0 0 0 0 0 0 0 0 0 0 0
0 0 0 0 0 0 0 0 0 0 0 0 0 0 0 0 0 0 0 0 0 0 0 0 0 0 0 0 0 0 0 0 0 0 0 0
0 0 0 0 0 0 0 0 0 0 0 0 0 0 0 0 0 0 0 0 0 0 0 0 0 0 0 0 0 0 0 0 0 0 0 0
0 0 0 0 0 0 0 0 0 0 0 0 0 0 0 0 0 0 0 0 0 0 0 0 0 0 0 0 0 0 0 0 0 0 0 0
0 0 0 0 0 0 0 0 0 0 0 0 0 0 0 0 0 0 0 0 0
##$SHL_SFCOEFFS13= (0..200)
0 0 0 0 0 0 0 0 0 0 0 0 0 0 0 0 0 0 0 0 0 0 0 0 0 0 0 0 0 0 0 0 0 0 0 0
0 0 0 0 0 0 0 0 0 0 0 0 0 0 0 0 0 0 0 0 0 0 0 0 0 0 0 0 0 0 0 0 0 0 0 0
0 0 0 0 0 0 0 0 0 0 0 0 0 0 0 0 0 0 0 0 0 0 0 0 0 0 0 0 0 0 0 0 0 0 0 0
0 0 0 0 0 0 0 0 0 0 0 0 0 0 0 0 0 0 0 0 0 0 0 0 0 0 0 0 0 0 0 0 0 0 0 0
0 0 0 0 0 0 0 0 0 0 0 0 0 0 0 0 0 0 0 0 0 0 0 0 0 0 0 0 0 0 0 0 0 0 0 0
0 0 0 0 0 0 0 0 0 0 0 0 0 0 0 0 0 0 0 0 0
##$SHL_SFCOEFFS14= (0..200)
0 0 0 0 0 0 0 0 0 0 0 0 0 0 0 0 0 0 0 0 0 0 0 0 0 0 0 0 0 0 0 0 0 0 0 0
0 0 0 0 0 0 0 0 0 0 0 0 0 0 0 0 0 0 0 0 0 0 0 0 0 0 0 0 0 0 0 0 0 0 0 0
0 0 0 0 0 0 0 0 0 0 0 0 0 0 0 0 0 0 0 0 0 0 0 0 0 0 0 0 0 0 0 0 0 0 0 0
0 0 0 0 0 0 0 0 0 0 0 0 0 0 0 0 0 0 0 0 0 0 0 0 0 0 0 0 0 0 0 0 0 0 0 0
0 0 0 0 0 0 0 0 0 0 0 0 0 0 0 0 0 0 0 0 0 0 0 0 0 0 0 0 0 0 0 0 0 0 0 0
0 0 0 0 0 0 0 0 0 0 0 0 0 0 0 0 0 0 0 0 0
##$SHL_SFCOEFFS15= (0..200)
0 0 0 0 0 0 0 0 0 0 0 0 0 0 0 0 0 0 0 0 0 0 0 0 0 0 0 0 0 0 0 0 0 0 0 0
0 0 0 0 0 0 0 0 0 0 0 0 0 0 0 0 0 0 0 0 0 0 0 0 0 0 0 0 0 0 0 0 0 0 0 0
0 0 0 0 0 0 0 0 0 0 0 0 0 0 0 0 0 0 0 0 0 0 0 0 0 0 0 0 0 0 0 0 0 0 0 0
0 0 0 0 0 0 0 0 0 0 0 0 0 0 0 0 0 0 0 0 0 0 0 0 0 0 0 0 0 0 0 0 0 0 0 0
0 0 0 0 0 0 0 0 0 0 0 0 0 0 0 0 0 0 0 0 0 0 0 0 0 0 0 0 0 0 0 0 0 0 0 0
0 0 0 0 0 0 0 0 0 0 0 0 0 0 0 0 0 0 0 0 0
##$SHL_SFCOEFFS2= (0..200)
0 0 0 0 0 0 0 0 0 0 0 0 0 0 0 0 0 0 0 0 0 0 0 0 0 0 0 0 0 0 0 0 0 0 0 0
0 0 0 0 0 0 0 0 0 0 0 0 0 0 0 0 0 0 0 0 0 0 0 0 0 0 0 0 0 0 0 0 0 0 0 0
0 0 0 0 0 0 0 0 0 0 0 0 0 0 0 0 0 0 0 0 0 0 0 0 0 0 0 0 0 0 0 0 0 0 0 0
0 0 0 0 0 0 0 0 0 0 0 0 0 0 0 0 0 0 0 0 0 0 0 0 0 0 0 0 0 0 0 0 0 0 0 0
0 0 0 0 0 0 0 0 0 0 0 0 0 0 0 0 0 0 0 0 0 0 0 0 0 0 0 0 0 0 0 0 0 0 0 0
0 0 0 0 0 0 0 0 0 0 0 0 0 0 0 0 0 0 0 0 0
##$SHL_SFCOEFFS3= (0..200)
0 0 0 0 0 0 0 0 0 0 0 0 0 0 0 0 0 0 0 0 0 0 0 0 0 0 0 0 0 0 0 0 0 0 0 0
0 0 0 0 0 0 0 0 0 0 0 0 0 0 0 0 0 0 0 0 0 0 0 0 0 0 0 0 0 0 0 0 0 0 0 0
0 0 0 0 0 0 0 0 0 0 0 0 0 0 0 0 0 0 0 0 0 0 0 0 0 0 0 0 0 0 0 0 0 0 0 0
0 0 0 0 0 0 0 0 0 0 0 0 0 0 0 0 0 0 0 0 0 0 0 0 0 0 0 0 0 0 0 0 0 0 0 0
0 0 0 0 0 0 0 0 0 0 0 0 0 0 0 0 0 0 0 0 0 0 0 0 0 0 0 0 0 0 0 0 0 0 0 0
0 0 0 0 0 0 0 0 0 0 0 0 0 0 0 0 0 0 0 0 0
##$SHL_SFCOEFFS4= (0..200)
0 0 0 0 0 0 0 0 0 0 0 0 0 0 0 0 0 0 0 0 0 0 0 0 0 0 0 0 0 0 0 0 0 0 0 0
0 0 0 0 0 0 0 0 0 0 0 0 0 0 0 0 0 0 0 0 0 0 0 0 0 0 0 0 0 0 0 0 0 0 0 0
0 0 0 0 0 0 0 0 0 0 0 0 0 0 0 0 0 0 0 0 0 0 0 0 0 0 0 0 0 0 0 0 0 0 0 0
0 0 0 0 0 0 0 0 0 0 0 0 0 0 0 0 0 0 0 0 0 0 0 0 0 0 0 0 0 0 0 0 0 0 0 0
0 0 0 0 0 0 0 0 0 0 0 0 0 0 0 0 0 0 0 0 0 0 0 0 0 0 0 0 0 0 0 0 0 0 0 0
0 0 0 0 0 0 0 0 0 0 0 0 0 0 0 0 0 0 0 0 0
##$SHL_SFCOEFFS5= (0..200)
0 0 0 0 0 0 0 0 0 0 0 0 0 0 0 0 0 0 0 0 0 0 0 0 0 0 0 0 0 0 0 0 0 0 0 0
0 0 0 0 0 0 0 0 0 0 0 0 0 0 0 0 0 0 0 0 0 0 0 0 0 0 0 0 0 0 0 0 0 0 0 0
0 0 0 0 0 0 0 0 0 0 0 0 0 0 0 0 0 0 0 0 0 0 0 0 0 0 0 0 0 0 0 0 0 0 0 0
0 0 0 0 0 0 0 0 0 0 0 0 0 0 0 0 0 0 0 0 0 0 0 0 0 0 0 0 0 0 0 0 0 0 0 0
0 0 0 0 0 0 0 0 0 0 0 0 0 0 0 0 0 0 0 0 0 0 0 0 0 0 0 0 0 0 0 0 0 0 0 0
0 0 0 0 0 0 0 0 0 0 0 0 0 0 0 0 0 0 0 0 0
##$SHL_SFCOEFFS6= (0..200)
0 0 0 0 0 0 0 0 0 0 0 0 0 0 0 0 0 0 0 0 0 0 0 0 0 0 0 0 0 0 0 0 0 0 0 0
0 0 0 0 0 0 0 0 0 0 0 0 0 0 0 0 0 0 0 0 0 0 0 0 0 0 0 0 0 0 0 0 0 0 0 0
0 0 0 0 0 0 0 0 0 0 0 0 0 0 0 0 0 0 0 0 0 0 0 0 0 0 0 0 0 0 0 0 0 0 0 0
0 0 0 0 0 0 0 0 0 0 0 0 0 0 0 0 0 0 0 0 0 0 0 0 0 0 0 0 0 0 0 0 0 0 0 0
0 0 0 0 0 0 0 0 0 0 0 0 0 0 0 0 0 0 0 0 0 0 0 0 0 0 0 0 0 0 0 0 0 0 0 0
0 0 0 0 0 0 0 0 0 0 0 0 0 0 0 0 0 0 0 0 0
##$SHL_SFCOEFFS7= (0..200)
0 0 0 0 0 0 0 0 0 0 0 0 0 0 0 0 0 0 0 0 0 0 0 0 0 0 0 0 0 0 0 0 0 0 0 0
0 0 0 0 0 0 0 0 0 0 0 0 0 0 0 0 0 0 0 0 0 0 0 0 0 0 0 0 0 0 0 0 0 0 0 0
0 0 0 0 0 0 0 0 0 0 0 0 0 0 0 0 0 0 0 0 0 0 0 0 0 0 0 0 0 0 0 0 0 0 0 0
0 0 0 0 0 0 0 0 0 0 0 0 0 0 0 0 0 0 0 0 0 0 0 0 0 0 0 0 0 0 0 0 0 0 0 0
0 0 0 0 0 0 0 0 0 0 0 0 0 0 0 0 0 0 0 0 0 0 0 0 0 0 0 0 0 0 0 0 0 0 0 0
0 0 0 0 0 0 0 0 0 0 0 0 0 0 0 0 0 0 0 0 0
##$SHL_SFCOEFFS8= (0..200)
0 0 0 0 0 0 0 0 0 0 0 0 0 0 0 0 0 0 0 0 0 0 0 0 0 0 0 0 0 0 0 0 0 0 0 0
0 0 0 0 0 0 0 0 0 0 0 0 0 0 0 0 0 0 0 0 0 0 0 0 0 0 0 0 0 0 0 0 0 0 0 0
0 0 0 0 0 0 0 0 0 0 0 0 0 0 0 0 0 0 0 0 0 0 0 0 0 0 0 0 0 0 0 0 0 0 0 0
0 0 0 0 0 0 0 0 0 0 0 0 0 0 0 0 0 0 0 0 0 0 0 0 0 0 0 0 0 0 0 0 0 0 0 0
0 0 0 0 0 0 0 0 0 0 0 0 0 0 0 0 0 0 0 0 0 0 0 0 0 0 0 0 0 0 0 0 0 0 0 0
0 0 0 0 0 0 0 0 0 0 0 0 0 0 0 0 0 0 0 0 0
##$SHL_SFCOEFFS9= (0..200)
0 0 0 0 0 0 0 0 0 0 0 0 0 0 0 0 0 0 0 0 0 0 0 0 0 0 0 0 0 0 0 0 0 0 0 0
0 0 0 0 0 0 0 0 0 0 0 0 0 0 0 0 0 0 0 0 0 0 0 0 0 0 0 0 0 0 0 0 0 0 0 0
0 0 0 0 0 0 0 0 0 0 0 0 0 0 0 0 0 0 0 0 0 0 0 0 0 0 0 0 0 0 0 0 0 0 0 0
0 0 0 0 0 0 0 0 0 0 0 0 0 0 0 0 0 0 0 0 0 0 0 0 0 0 0 0 0 0 0 0 0 0 0 0
0 0 0 0 0 0 0 0 0 0 0 0 0 0 0 0 0 0 0 0 0 0 0 0 0 0 0 0 0 0 0 0 0 0 0 0
0 0 0 0 0 0 0 0 0 0 0 0 0 0 0 0 0 0 0 0 0
##$SHL_SMOOTHED= (0..15)
0 0 0 0 0 0 0 0 0 0 0 0 0 0 0 0
##$SHL_SMOOTHING= (0..15)
0 0 0 0 0 0 0 0 0 0 0 0 0 0 0 0
##$SHL_SPOAL= (0..15)
0 0 0 0 0 0 0 0 0 0 0 0 0 0 0 0
##$SHL_SPOFFS= (0..15)
0 0 0 0 0 0 0 0 0 0 0 0 0 0 0 0
##$SHL_SPOPH= (0..15)
0 0 0 0 0 0 0 0 0 0 0 0 0 0 0 0
##$SHL_STARTAMP= (0..15)
0 0 0 0 0 0 0 0 0 0 0 0 0 0 0 0
##$SHL_SW= (0..15)
0 0 0 0 0 0 0 0 0 0 0 0 0 0 0 0
##$SHL_SWDIR= (0..15)
-1 -1 -1 -1 -1 -1 -1 -1 -1 -1 -1 -1 -1 -1 -1 -1
##$SHL_TANKAPPA= (0..15)
0 0 0 0 0 0 0 0 0 0 0 0 0 0 0 0
##$SHL_TOTROT= (0..15)
90 0 0 0 0 0 0 0 0 0 0 0 0 0 0 0
##$SHL_TRUNCLEV= (0..15)
0 0 0 0 0 0 0 0 0 0 0 0 0 0 0 0
##$SHL_TYPE= (0..15)
<Excitation> <> <> <> <> <> <> <> <> <> <> <> <> <> <> <>
##$SHL_WINDOWSIZE= (0..15)
0 0 0 0 0 0 0 0 0 0 0 0 0 0 0 0
##$SHL_ZETA= (0..15)
0 0 0 0 0 0 0 0 0 0 0 0 0 0 0 0
##NPOINTS= 1250
##XYPOINTS= (XY..XY)
29.891020, 63.815612
29.758071, 67.167082
29.679167, 70.515250
29.653415, 73.850344
29.679562, 77.162854
29.756010, 80.443741
29.880856, 83.684620
30.051926, 86.877909
30.266821, 90.016934
30.522957, 93.096002
30.817615, 96.110422
31.147981, 99.056498
31.511191, 101.931491
31.904364, 104.733552
32.324637, 107.461642
32.769191, 110.115444
33.235272, 112.695264
33.720212, 115.201939
34.221440, 117.636741
34.736493, 120.001294
35.263021, 122.297498
35.798789, 124.527457
36.341683, 126.693418
36.889703, 128.797723
37.440966, 130.842764
37.993699, 132.830948
38.546239, 134.764666
39.097023, 136.646274
39.644590, 138.478070
40.187570, 140.262284
40.724681, 142.001068
41.254727, 143.696486
41.776587, 145.350516
42.289219, 146.965037
42.791645, 148.541840
43.282957, 150.082620
43.762306, 151.588981
44.228903, 153.062435
44.682012, 154.504411
45.120950, 155.916249
45.545079, 157.299210
45.953812, 158.654479
46.346600, 159.983163
46.722939, 161.286301
47.082363, 162.564862
47.424441, 163.819753
47.748779, 165.051818
48.055016, 166.261843
48.342823, 167.450561
48.611903, 168.618648
48.861985, 169.766735
49.092831, 170.895401
49.304226, 172.005184
49.495983, 173.096575
49.667940, 174.170025
49.819961, 175.225947
49.951932, 176.264715
50.063763, 177.286665
50.155386, 178.292100
50.226755, 179.281290
50.277846, 180.254470
50.308655, 181.211844
50.319200, 182.153587
50.309519, 183.079841
50.279667, 183.990721
50.229724, 184.886311
50.159783, 185.766668
50.069961, 186.631819
49.960392, 187.481766
49.831228, 188.316480
49.682640, 189.135905
49.514819, 189.939957
49.327971, 190.728524
49.122325, 191.501466
48.898123, 192.258613
48.655629, 192.999766
48.395125, 193.724696
48.116910, 194.433144
47.821302, 195.124818
47.508638, 195.799395
47.179274, 196.456519
46.833585, 197.095799
46.471965, 197.716808
46.094828, 198.319083
45.702608, 198.902124
45.295758, 199.465389
44.874755, 200.008297
44.440094, 200.530224
43.992294, 201.030501
43.531895, 201.508413
43.059462, 201.963199
42.575581, 202.394046
42.080866, 202.800092
41.575955, 203.180420
41.061512, 203.534060
40.538228, 203.859983
40.006825, 204.157107
39.468054, 204.424286
38.922694, 204.660319
38.371561, 204.863941
37.815501, 205.033831
37.255396, 205.168607
36.692166, 205.266829
36.126766, 205.327005
35.560194, 205.347591
34.993485, 205.326997
34.427718, 205.263597
33.864016, 205.155735
33.303544, 205.001738
32.747515, 204.799932
32.197184, 204.548655
31.653854, 204.246285
31.118872, 203.891256
30.593627, 203.482095
30.079552, 203.017450
29.578115, 202.496131
29.090820, 201.917147
28.619199, 201.279760
28.164803, 200.583527
27.729198, 199.828356
27.313949, 199.014559
26.920612, 198.142906
26.550718, 197.214671
26.205755, 196.231686
25.887154, 195.196370
25.596270, 194.111760
25.334356, 192.981523
25.102553, 191.809952
24.901862, 190.601940
24.733127, 189.362939
24.597022, 188.098895
24.494030, 186.816164
24.424439, 185.521411
24.388326, 184.221493
24.385562, 182.923339
24.415808, 181.633823
24.478522, 180.359637
24.572969, 179.107178
24.698235, 177.882443
24.853238, 176.690942
25.036757, 175.537636
25.247440, 174.426884
25.483835, 173.362422
25.744406, 172.347352
26.027554, 171.384157
26.331638, 170.474723
26.654990, 169.620378
26.995933, 168.821931
27.352795, 168.079729
27.723922, 167.393706
28.107684, 166.763437
28.502489, 166.188189
28.906785, 165.666976
29.319067, 165.198600
29.737883, 164.781695
30.161830, 164.414768
30.589563, 164.096229
31.019791, 163.824422
31.451277, 163.597651
31.882840, 163.414200
32.313352, 163.272351
32.741740, 163.170399
33.166977, 163.106664
33.588088, 163.079502
34.004147, 163.087308
34.414269, 163.128526
34.817618, 163.201651
35.213395, 163.305233
35.600843, 163.437875
35.979245, 163.598240
36.347917, 163.785045
36.706213, 163.997066
37.053518, 164.233132
37.389251, 164.492127
37.712860, 164.772988
38.023824, 165.074703
38.321647, 165.396309
38.605863, 165.736889
38.876031, 166.095573
39.131735, 166.471533
39.372581, 166.863983
39.598201, 167.272177
39.808247, 167.695404
40.002395, 168.132991
40.180339, 168.584296
40.341795, 169.048712
40.486500, 169.525661
40.614206, 170.014592
40.724687, 170.514984
40.817735, 171.026339
40.893158, 171.548184
40.950781, 172.080071
40.990448, 172.621571
41.012018, 173.172276
41.015365, 173.731799
41.000381, 174.299768
40.966973, 174.875832
40.915061, 175.459654
40.844581, 176.050913
40.755486, 176.649301
40.647739, 177.254528
40.521321, 177.866312
40.376224, 178.484386
40.212455, 179.108494
40.030034, 179.738391
39.828994, 180.373842
39.609381, 181.014623
39.371255, 181.660516
39.114686, 182.311316
38.839759, 182.966823
38.546569, 183.626845
38.235224, 184.291199
37.905844, 184.959708
37.558560, 185.632200
37.193515, 186.308510
36.810862, 186.988481
36.410766, 187.671957
35.993403, 188.358790
35.558960, 189.048835
35.107632, 189.741953
34.639627, 190.438007
34.155163, 191.136864
33.654465, 191.838395
33.137772, 192.542473
32.605328, 193.248975
32.057391, 193.957779
31.494224, 194.668765
30.916101, 195.381815
30.323305, 196.096811
29.716126, 196.813637
29.094865, 197.532176
28.459828, 198.252312
27.811332, 198.973927
27.149698, 199.696901
26.475258, 200.421114
25.788351, 201.146441
25.089320, 201.872753
24.378518, 202.599916
23.656305, 203.327790
22.923044, 204.056225
22.179108, 204.785064
21.424874, 205.514134
20.660726, 206.243247
19.887052, 206.972198
19.104246, 207.700755
18.312709, 208.428659
17.512844, 209.155610
16.705060, 209.881263
15.889772, 210.605210
15.067397, 211.326965
14.238356, 212.045940
13.403076, 212.761408
12.561987, 213.472461
11.715520, 214.177935
10.864113, 214.876313
10.008206, 215.565570
9.148241, 216.242928
8.284666, 216.904461
7.417931, 217.544417
6.548494, 218.153999
5.676819, 218.719016
4.803385, 219.214971
3.928698, 219.595577
3.053331, 219.761534
2.178051, 219.454189
1.304480, 217.723274
0.443521, 206.190819
0.475891, 62.585963
1.336126, 52.202865
2.205479, 50.571854
3.074283, 50.291022
3.940990, 50.466488
4.804849, 50.850367
5.665300, 51.346580
6.521843, 51.910067
7.374009, 52.516883
8.221345, 53.153113
9.063404, 53.810106
9.899747, 54.482195
10.729941, 55.165503
11.553557, 55.857280
12.370172, 56.555516
13.179365, 57.258702
13.980722, 57.965678
14.773833, 58.675533
15.558292, 59.387536
16.333700, 60.101091
17.099660, 60.815704
17.855785, 61.530957
18.601690, 62.246493
19.336996, 62.961999
20.061333, 63.677200
20.774335, 64.391851
21.475643, 65.105727
22.164904, 65.818623
22.841774, 66.530349
23.505914, 67.240725
24.156994, 67.949580
24.794691, 68.656751
25.418691, 69.362079
26.028685, 70.065411
26.624376, 70.766593
27.205473, 71.465476
27.771694, 72.161911
28.322768, 72.855747
28.858431, 73.546834
29.378428, 74.235020
29.882516, 74.920151
30.370459, 75.602070
30.842034, 76.280617
31.297024, 76.955628
31.735227, 77.626936
32.156449, 78.294367
32.560507, 78.957743
32.947229, 79.616881
33.316455, 80.271591
33.668036, 80.921676
34.001836, 81.566934
34.317727, 82.207151
34.615599, 82.842109
34.895349, 83.471579
35.156889, 84.095323
35.400144, 84.713093
35.625053, 85.324631
35.831565, 85.929666
36.019645, 86.527916
36.189273, 87.119087
36.340441, 87.702871
36.473155, 88.278944
36.587438, 88.846969
36.683327, 89.406591
36.760874, 89.957440
36.820147, 90.499125
36.861230, 91.031237
36.884225, 91.553349
36.889248, 92.065008
36.876434, 92.565741
36.845937, 93.055050
36.797927, 93.532413
36.732594, 93.997276
36.650147, 94.449063
36.550817, 94.887162
36.434852, 95.310932
36.302524, 95.719697
36.154126, 96.112746
35.989974, 96.489331
35.810408, 96.848663
35.615793, 97.189911
35.406519, 97.512204
35.183002, 97.814621
34.945688, 98.096195
34.695049, 98.355912
34.431589, 98.592702
34.155844, 98.805445
33.868383, 98.992965
33.569809, 99.154029
33.260762, 99.287348
32.941919, 99.391575
32.613999, 99.465304
32.277760, 99.507073
31.934008, 99.515365
31.583590, 99.488608
31.227405, 99.425183
30.866401, 99.323425
30.501576, 99.181636
30.133984, 98.998086
29.764736, 98.771033
29.394999, 98.498734
29.025999, 98.179460
28.659023, 97.811524
28.295417, 97.393298
27.936588, 96.923250
27.584003, 96.399973
27.239186, 95.822226
26.903713, 95.188976
26.579213, 94.499444
26.267356, 93.753159
25.969849, 92.950008
25.688425, 92.090293
25.424830, 91.174783
25.180812, 90.204770
24.958103, 89.182112
24.758403, 88.109269
24.583357, 86.989335
24.434538, 85.826048
24.313424, 84.623781
24.221375, 83.387523
24.159614, 82.122829
24.129205, 80.835752
24.131036, 79.532758
24.165806, 78.220623
24.234009, 76.906309
24.335935, 75.596842
24.471657, 74.299180
24.641043, 73.020087
24.843754, 71.766014
25.079260, 70.543000
25.346851, 69.356577
25.645653, 68.211712
25.974648, 67.112757
26.332690, 66.063427
26.718531, 65.066794
27.130835, 64.125303
27.568199, 63.240795
28.029172, 62.414549
28.512270, 61.647327
29.015990, 60.939426
29.538825, 60.290733
30.079273, 59.700780
30.635845, 59.168796
31.207077, 58.693758
31.791531, 58.274442
32.387802, 57.909457
32.994523, 57.597294
33.610365, 57.336351
34.234038, 57.124966
34.864294, 56.961443
35.499929, 56.844070
36.139777, 56.771140
36.782713, 56.740964
37.427656, 56.751881
38.073559, 56.802270
38.719415, 56.890555
39.364255, 57.015214
40.007143, 57.174777
40.647178, 57.367833
41.283492, 57.593031
41.915248, 57.849079
42.541638, 58.134746
43.161884, 58.448860
43.775235, 58.790309
44.380968, 59.158037
44.978385, 59.551045
45.566811, 59.968387
46.145597, 60.409171
46.714115, 60.872555
47.271761, 61.357745
47.817950, 61.863995
48.352122, 62.390603
48.873732, 62.936911
49.382258, 63.502301
49.877198, 64.086196
50.358065, 64.688056
50.824395, 65.307376
51.275739, 65.943689
51.711666, 66.596558
52.131764, 67.265581
52.535637, 67.950384
52.922908, 68.650625
53.293215, 69.365989
53.646213, 70.096189
53.981575, 70.840964
54.298991, 71.600081
54.598165, 72.373329
54.878820, 73.160523
55.140695, 73.961503
55.383546, 74.776130
55.607145, 75.604289
55.811282, 76.445888
55.995762, 77.300855
56.160408, 78.169143
56.305062, 79.050724
56.429580, 79.945594
56.533837, 80.853768
56.617726, 81.775285
56.681158, 82.710206
56.724060, 83.658611
56.746381, 84.620606
56.748087, 85.596317
56.729161, 86.585894
56.689608, 87.589510
56.629451, 88.607362
56.548736, 89.639673
56.447526, 90.686688
56.325907, 91.748682
56.183987, 92.825954
56.021894, 93.918831
55.839781, 95.027670
55.637823, 96.152858
55.416220, 97.294811
55.175196, 98.453980
54.915001, 99.630848
54.635912, 100.825933
54.338232, 102.039790
54.022293, 103.273012
53.688458, 104.526232
53.337120, 105.800124
52.968702, 107.095406
52.583664, 108.412841
52.182497, 109.753237
51.765732, 111.117453
51.333935, 112.506398
50.887715, 113.921033
50.427720, 115.362372
49.954644, 116.831485
49.469226, 118.329500
48.972254, 119.857600
48.464569, 121.417028
47.947062, 123.009087
47.420682, 124.635134
46.886440, 126.296585
46.345404, 127.994911
45.798713, 129.731633
45.247572, 131.508321
44.693255, 133.326582
44.137115, 135.188058
43.580581, 137.094413
43.025162, 139.047319
42.472450, 141.048443
41.924121, 143.099426
41.381938, 145.201862
40.847751, 147.357270
40.323496, 149.567065
39.811194, 151.832522
39.312947, 154.154739
38.830935, 156.534590
38.367408, 158.972681
37.924679, 161.469299
37.505109, 164.024358
37.111096, 166.637350
36.745057, 169.307290
36.409409, 172.032670
36.106545, 174.811416
35.838808, 177.640860
35.608468, 180.517715
35.417687, 183.438072
35.268494, 186.397414
35.162752, 189.390644
35.102133, 192.412143
35.088085, 195.455839
35.121816, 198.515295
35.204269, 201.583820
35.336111, 204.654584
35.517726, 207.720741
35.749208, 210.775553
36.030372, 213.812512
36.360755, 216.825445
36.739640, 219.808614
37.166067, 222.756790
37.638864, 225.665308
38.156663, 228.530113
38.717937, 231.347766
39.321017, 234.115453
39.964125, 236.830963
40.645398, 239.492663
41.362908, 242.099452
42.114691, 244.650723
42.898759, 247.146306
43.713119, 249.586419
44.555790, 251.971611
45.424811, 254.302719
46.318254, 256.580813
47.234228, 258.807153
48.170889, 260.983153
49.126442, 263.110339
50.099144, 265.190321
51.087307, 267.224767
52.089299, 269.215374
53.103543, 271.163856
54.128515, 273.071919
55.162749, 274.941256
56.204830, 276.773529
57.253393, 278.570365
58.307126, 280.333347
59.364762, 282.064012
60.425081, 283.763844
61.486906, 285.434273
62.549104, 287.076674
63.610579, 288.692366
64.670277, 290.282614
65.727177, 291.848626
66.780295, 293.391556
67.828679, 294.912507
68.871408, 296.412530
69.907594, 297.892625
70.936375, 299.353746
71.956918, 300.796801
72.968415, 302.222655
73.970085, 303.632130
74.961171, 305.026008
75.940938, 306.405035
76.908675, 307.769919
77.863692, 309.121336
78.805321, 310.459927
79.732914, 311.786305
80.645841, 313.101053
81.543493, 314.404726
82.425281, 315.697854
83.290631, 316.980942
84.138989, 318.254473
84.969818, 319.518906
85.782598, 320.774684
86.576825, 322.022225
87.352014, 323.261933
88.107693, 324.494193
88.843408, 325.719375
89.558721, 326.937832
90.253208, 328.149906
90.926462, 329.355921
91.578091, 330.556193
92.207718, 331.751024
92.814981, 332.940704
93.399532, 334.125514
93.961041, 335.305726
94.499188, 336.481600
95.013673, 337.653391
95.504206, 338.821343
95.970515, 339.985695
96.412341, 341.146677
96.829439, 342.304514
97.221580, 343.459425
97.588548, 344.611623
97.930143, 345.761315
98.246178, 346.908706
98.536481, 348.053994
98.800895, 349.197375
99.039275, 350.339041
99.251494, 351.479180
99.437436, 352.617979
99.597001, 353.755620
99.730103, 354.892286
99.836670, 356.028156
99.916646, 357.163409
99.969987, 358.298221
99.996665, 359.432770
99.996665, 0.567230
99.969987, 1.701779
99.916646, 2.836591
99.836670, 3.971844
99.730103, 5.107714
99.597001, 6.244380
99.437436, 7.382021
99.251494, 8.520820
99.039275, 9.660959
98.800895, 10.802625
98.536481, 11.946006
98.246178, 13.091294
97.930143, 14.238685
97.588548, 15.388377
97.221580, 16.540575
96.829439, 17.695486
96.412341, 18.853323
95.970515, 20.014305
95.504206, 21.178657
95.013673, 22.346609
94.499188, 23.518400
93.961041, 24.694274
93.399532, 25.874486
92.814981, 27.059296
92.207718, 28.248976
91.578091, 29.443807
90.926462, 30.644079
90.253208, 31.850094
89.558721, 33.062168
88.843408, 34.280625
88.107693, 35.505807
87.352014, 36.738067
86.576825, 37.977775
85.782598, 39.225316
84.969818, 40.481094
84.138989, 41.745527
83.290631, 43.019058
82.425281, 44.302146
81.543493, 45.595274
80.645841, 46.898947
79.732914, 48.213695
78.805321, 49.540073
77.863692, 50.878664
76.908675, 52.230081
75.940938, 53.594965
74.961171, 54.973992
73.970085, 56.367870
72.968415, 57.777345
71.956918, 59.203199
70.936375, 60.646254
69.907594, 62.107375
68.871408, 63.587470
67.828679, 65.087493
66.780295, 66.608444
65.727177, 68.151374
64.670277, 69.717386
63.610579, 71.307634
62.549104, 72.923326
61.486906, 74.565727
60.425081, 76.236156
59.364762, 77.935988
58.307126, 79.666653
57.253393, 81.429635
56.204830, 83.226471
55.162749, 85.058744
54.128515, 86.928081
53.103543, 88.836144
52.089299, 90.784626
51.087307, 92.775233
50.099144, 94.809679
49.126442, 96.889661
48.170889, 99.016847
47.234228, 101.192847
46.318254, 103.419187
45.424811, 105.697281
44.555790, 108.028389
43.713119, 110.413581
42.898759, 112.853694
42.114691, 115.349277
41.362908, 117.900548
40.645398, 120.507337
39.964125, 123.169037
39.321017, 125.884547
38.717937, 128.652234
38.156663, 131.469887
37.638864, 134.334692
37.166067, 137.243210
36.739640, 140.191386
36.360755, 143.174555
36.030372, 146.187488
35.749208, 149.224447
35.517726, 152.279259
35.336111, 155.345416
35.204269, 158.416180
35.121816, 161.484705
35.088085, 164.544161
35.102133, 167.587857
35.162752, 170.609356
35.268494, 173.602586
35.417687, 176.561928
35.608468, 179.482285
35.838808, 182.359140
36.106545, 185.188584
36.409409, 187.967330
36.745057, 190.692710
37.111096, 193.362650
37.505109, 195.975642
37.924679, 198.530701
38.367408, 201.027319
38.830935, 203.465410
39.312947, 205.845261
39.811194, 208.167478
40.323496, 210.432935
40.847751, 212.642730
41.381938, 214.798138
41.924121, 216.900574
42.472450, 218.951557
43.025162, 220.952681
43.580581, 222.905587
44.137115, 224.811942
44.693255, 226.673418
45.247572, 228.491679
45.798713, 230.268367
46.345404, 232.005089
46.886440, 233.703415
47.420682, 235.364866
47.947062, 236.990913
48.464569, 238.582972
48.972254, 240.142400
49.469226, 241.670500
49.954644, 243.168515
50.427720, 244.637628
50.887715, 246.078967
51.333935, 247.493602
51.765732, 248.882547
52.182497, 250.246763
52.583664, 251.587159
52.968702, 252.904594
53.337120, 254.199876
53.688458, 255.473768
54.022293, 256.726988
54.338232, 257.960210
54.635912, 259.174067
54.915001, 260.369152
55.175196, 261.546020
55.416220, 262.705189
55.637823, 263.847142
55.839781, 264.972330
56.021894, 266.081169
56.183987, 267.174046
56.325907, 268.251318
56.447526, 269.313312
56.548736, 270.360327
56.629451, 271.392638
56.689608, 272.410490
56.729161, 273.414106
56.748087, 274.403683
56.746381, 275.379394
56.724060, 276.341389
56.681158, 277.289794
56.617726, 278.224715
56.533837, 279.146232
56.429580, 280.054406
56.305062, 280.949276
56.160408, 281.830857
55.995762, 282.699145
55.811282, 283.554112
55.607145, 284.395711
55.383546, 285.223870
55.140695, 286.038497
54.878820, 286.839477
54.598165, 287.626671
54.298991, 288.399919
53.981575, 289.159036
53.646213, 289.903811
53.293215, 290.634011
52.922908, 291.349375
52.535637, 292.049616
52.131764, 292.734419
51.711666, 293.403442
51.275739, 294.056311
50.824395, 294.692624
50.358065, 295.311944
49.877198, 295.913804
49.382258, 296.497699
48.873732, 297.063089
48.352122, 297.609397
47.817950, 298.136005
47.271761, 298.642255
46.714115, 299.127445
46.145597, 299.590829
45.566811, 300.031613
44.978385, 300.448955
44.380968, 300.841963
43.775235, 301.209691
43.161884, 301.551140
42.541638, 301.865254
41.915248, 302.150921
41.283492, 302.406969
40.647178, 302.632167
40.007143, 302.825223
39.364255, 302.984786
38.719415, 303.109445
38.073559, 303.197730
37.427656, 303.248119
36.782713, 303.259036
36.139777, 303.228860
35.499929, 303.155930
34.864294, 303.038557
34.234038, 302.875034
33.610365, 302.663649
32.994523, 302.402706
32.387802, 302.090543
31.791531, 301.725558
31.207077, 301.306242
30.635845, 300.831204
30.079273, 300.299220
29.538825, 299.709267
29.015990, 299.060574
28.512270, 298.352673
28.029172, 297.585451
27.568199, 296.759205
27.130835, 295.874697
26.718531, 294.933206
26.332690, 293.936573
25.974648, 292.887243
25.645653, 291.788288
25.346851, 290.643423
25.079260, 289.457000
24.843754, 288.233986
24.641043, 286.979913
24.471657, 285.700820
24.335935, 284.403158
24.234009, 283.093691
24.165806, 281.779377
24.131036, 280.467242
24.129205, 279.164248
24.159614, 277.877171
24.221375, 276.612477
24.313424, 275.376219
24.434538, 274.173952
24.583357, 273.010665
24.758403, 271.890731
24.958103, 270.817888
25.180812, 269.795230
25.424830, 268.825217
25.688425, 267.909707
25.969849, 267.049992
26.267356, 266.246841
26.579213, 265.500556
26.903713, 264.811024
27.239186, 264.177774
27.584003, 263.600027
27.936588, 263.076750
28.295417, 262.606702
28.659023, 262.188476
29.025999, 261.820540
29.394999, 261.501266
29.764736, 261.228967
30.133984, 261.001914
30.501576, 260.818364
30.866401, 260.676575
31.227405, 260.574817
31.583590, 260.511392
31.934008, 260.484635
32.277760, 260.492927
32.613999, 260.534696
32.941919, 260.608425
33.260762, 260.712652
33.569809, 260.845971
33.868383, 261.007035
34.155844, 261.194555
34.431589, 261.407298
34.695049, 261.644088
34.945688, 261.903805
35.183002, 262.185379
35.406519, 262.487796
35.615793, 262.810089
35.810408, 263.151337
35.989974, 263.510669
36.154126, 263.887254
36.302524, 264.280303
36.434852, 264.689068
36.550817, 265.112838
36.650147, 265.550937
36.732594, 266.002724
36.797927, 266.467587
36.845937, 266.944950
36.876434, 267.434259
36.889248, 267.934992
36.884225, 268.446651
36.861230, 268.968763
36.820147, 269.500875
36.760874, 270.042560
36.683327, 270.593409
36.587438, 271.153031
36.473155, 271.721056
36.340441, 272.297129
36.189273, 272.880913
36.019645, 273.472084
35.831565, 274.070334
35.625053, 274.675369
35.400144, 275.286907
35.156889, 275.904677
34.895349, 276.528421
34.615599, 277.157891
34.317727, 277.792849
34.001836, 278.433066
33.668036, 279.078324
33.316455, 279.728409
32.947229, 280.383119
32.560507, 281.042257
32.156449, 281.705633
31.735227, 282.373064
31.297024, 283.044372
30.842034, 283.719383
30.370459, 284.397930
29.882516, 285.079849
29.378428, 285.764980
28.858431, 286.453166
28.322768, 287.144253
27.771694, 287.838089
27.205473, 288.534524
26.624376, 289.233407
26.028685, 289.934589
25.418691, 290.637921
24.794691, 291.343249
24.156994, 292.050420
23.505914, 292.759275
22.841774, 293.469651
22.164904, 294.181377
21.475643, 294.894273
20.774335, 295.608149
20.061333, 296.322800
19.336996, 297.038001
18.601690, 297.753507
17.855785, 298.469043
17.099660, 299.184296
16.333700, 299.898909
15.558292, 300.612464
14.773833, 301.324467
13.980722, 302.034322
13.179365, 302.741298
12.370172, 303.444484
11.553557, 304.142720
10.729941, 304.834497
9.899747, 305.517805
9.063404, 306.189894
8.221345, 306.846887
7.374009, 307.483117
6.521843, 308.089933
5.665300, 308.653420
4.804849, 309.149633
3.940990, 309.533512
3.074283, 309.708978
2.205479, 309.428146
1.336126, 307.797135
0.475891, 297.414037
0.443521, 153.809181
1.304480, 142.276726
2.178051, 140.545811
3.053331, 140.238466
3.928698, 140.404423
4.803385, 140.785029
5.676819, 141.280984
6.548494, 141.846001
7.417931, 142.455583
8.284666, 143.095539
9.148241, 143.757072
10.008206, 144.434430
10.864113, 145.123687
11.715520, 145.822065
12.561987, 146.527539
13.403076, 147.238592
14.238356, 147.954060
15.067397, 148.673035
15.889772, 149.394790
16.705060, 150.118737
17.512844, 150.844390
18.312709, 151.571341
19.104246, 152.299245
19.887052, 153.027802
20.660726, 153.756753
21.424874, 154.485866
22.179108, 155.214936
22.923044, 155.943775
23.656305, 156.672210
24.378518, 157.400084
25.089320, 158.127247
25.788351, 158.853559
26.475258, 159.578886
27.149698, 160.303099
27.811332, 161.026073
28.459828, 161.747688
29.094865, 162.467824
29.716126, 163.186363
30.323305, 163.903189
30.916101, 164.618185
31.494224, 165.331235
32.057391, 166.042221
32.605328, 166.751025
33.137772, 167.457527
33.654465, 168.161605
34.155163, 168.863136
34.639627, 169.561993
35.107632, 170.258047
35.558960, 170.951165
35.993403, 171.641210
36.410766, 172.328043
36.810862, 173.011519
37.193515, 173.691490
37.558560, 174.367800
37.905844, 175.040292
38.235224, 175.708801
38.546569, 176.373155
38.839759, 177.033177
39.114686, 177.688684
39.371255, 178.339484
39.609381, 178.985377
39.828994, 179.626158
40.030034, 180.261609
40.212455, 180.891506
40.376224, 181.515614
40.521321, 182.133688
40.647739, 182.745472
40.755486, 183.350699
40.844581, 183.949087
40.915061, 184.540346
40.966973, 185.124168
41.000381, 185.700232
41.015365, 186.268201
41.012018, 186.827724
40.990448, 187.378429
40.950781, 187.919929
40.893158, 188.451816
40.817735, 188.973661
40.724687, 189.485016
40.614206, 189.985408
40.486500, 190.474339
40.341795, 190.951288
40.180339, 191.415704
40.002395, 191.867009
39.808247, 192.304596
39.598201, 192.727823
39.372581, 193.136017
39.131735, 193.528467
38.876031, 193.904427
38.605863, 194.263111
38.321647, 194.603691
38.023824, 194.925297
37.712860, 195.227012
37.389251, 195.507873
37.053518, 195.766868
36.706213, 196.002934
36.347917, 196.214955
35.979245, 196.401760
35.600843, 196.562125
35.213395, 196.694767
34.817618, 196.798349
34.414269, 196.871474
34.004147, 196.912692
33.588088, 196.920498
33.166977, 196.893336
32.741740, 196.829601
32.313352, 196.727649
31.882840, 196.585800
31.451277, 196.402349
31.019791, 196.175578
30.589563, 195.903771
30.161830, 195.585232
29.737883, 195.218305
29.319067, 194.801400
28.906785, 194.333024
28.502489, 193.811811
28.107684, 193.236563
27.723922, 192.606294
27.352795, 191.920271
26.995933, 191.178069
26.654990, 190.379622
26.331638, 189.525277
26.027554, 188.615843
25.744406, 187.652648
25.483835, 186.637578
25.247440, 185.573116
25.036757, 184.462364
24.853238, 183.309058
24.698235, 182.117557
24.572969, 180.892822
24.478522, 179.640363
24.415808, 178.366177
24.385562, 177.076661
24.388326, 175.778507
24.424439, 174.478589
24.494030, 173.183836
24.597022, 171.901105
24.733127, 170.637061
24.901862, 169.398060
25.102553, 168.190048
25.334356, 167.018477
25.596270, 165.888240
25.887154, 164.803630
26.205755, 163.768314
26.550718, 162.785329
26.920612, 161.857094
27.313949, 160.985441
27.729198, 160.171644
28.164803, 159.416473
28.619199, 158.720240
29.090820, 158.082853
29.578115, 157.503869
30.079552, 156.982550
30.593627, 156.517905
31.118872, 156.108744
31.653854, 155.753715
32.197184, 155.451345
32.747515, 155.200068
33.303544, 154.998262
33.864016, 154.844265
34.427718, 154.736403
34.993485, 154.673003
35.560194, 154.652409
36.126766, 154.672995
36.692166, 154.733171
37.255396, 154.831393
37.815501, 154.966169
38.371561, 155.136059
38.922694, 155.339681
39.468054, 155.575714
40.006825, 155.842893
40.538228, 156.140017
41.061512, 156.465940
41.575955, 156.819580
42.080866, 157.199908
42.575581, 157.605954
43.059462, 158.036801
43.531895, 158.491587
43.992294, 158.969499
44.440094, 159.469776
44.874755, 159.991703
45.295758, 160.534611
45.702608, 161.097876
46.094828, 161.680917
46.471965, 162.283192
46.833585, 162.904201
47.179274, 163.543481
47.508638, 164.200605
47.821302, 164.875182
48.116910, 165.566856
48.395125, 166.275304
48.655629, 167.000234
48.898123, 167.741387
49.122325, 168.498534
49.327971, 169.271476
49.514819, 170.060043
49.682640, 170.864095
49.831228, 171.683520
49.960392, 172.518234
50.069961, 173.368181
50.159783, 174.233332
50.229724, 175.113689
50.279667, 176.009279
50.309519, 176.920159
50.319200, 177.846413
50.308655, 178.788156
50.277846, 179.745530
50.226755, 180.718710
50.155386, 181.707900
50.063763, 182.713335
49.951932, 183.735285
49.819961, 184.774053
49.667940, 185.829975
49.495983, 186.903425
49.304226, 187.994816
49.092831, 189.104599
48.861985, 190.233265
48.611903, 191.381352
48.342823, 192.549439
48.055016, 193.738157
47.748779, 194.948182
47.424441, 196.180247
47.082363, 197.435138
46.722939, 198.713699
46.346600, 200.016837
45.953812, 201.345521
45.545079, 202.700790
45.120950, 204.083751
44.682012, 205.495589
44.228903, 206.937565
43.762306, 208.411019
43.282957, 209.917380
42.791645, 211.458160
42.289219, 213.034963
41.776587, 214.649484
41.254727, 216.303514
40.724681, 217.998932
40.187570, 219.737716
39.644590, 221.521930
39.097023, 223.353726
38.546239, 225.235334
37.993699, 227.169052
37.440966, 229.157236
36.889703, 231.202277
36.341683, 233.306582
35.798789, 235.472543
35.263021, 237.702502
34.736493, 239.998706
34.221440, 242.363259
33.720212, 244.798061
33.235272, 247.304736
32.769191, 249.884556
32.324637, 252.538358
31.904364, 255.266448
31.511191, 258.068509
31.147981, 260.943502
30.817615, 263.889578
30.522957, 266.903998
30.266821, 269.983066
30.051926, 273.122091
29.880856, 276.315380
29.756010, 279.556259
29.679562, 282.837146
29.653415, 286.149656
29.679167, 289.484750
29.758071, 292.832918
29.891020, 296.184388
##END=
