##TITLE= Parameter file, TopSpin 4.3.0
##JCAMPDX= 5.0
##DATATYPE= Parameter Values
##ORIGIN= Bruker BioSpin GmbH
##OWNER= nmrsu
$$ 2024-05-21 14:44:42.853 +0100  nmrsu@4CE1161FJM
$$ C:/Bruker/TopSpin4.3.0/exp/stan/nmr/lists/wave/user/multisupp_aux_d8
$$ process C:\Bruker\TopSpin4.3.0\prog\mod\xwinshape.exe
##MINX= 0.41729000
##MAXX= 99.99938900
##MINY= 0.02580300
##MAXY= 359.97419700
##$SHAPE_ADDPHASE= 0
##$SHAPE_AMP= 99.99938932
##$SHAPE_BWFAC= 0
##$SHAPE_BWFAC50= 0
##$SHAPE_CALCBW= yes
##$SHAPE_CALCINTEG= yes
##$SHAPE_EXMODE= <Excitation>
##$SHAPE_EXPAND= <>
##$SHAPE_EXPANDCF= (0..143)
0 0 0 0 0 0 0 0 0 0 0 0 0 0 0 0 0 0 0 0 0 0 0 0 0 0 0 0 0 0 0 0 0 0 0 0
0 0 0 0 0 0 0 0 0 0 0 0 0 0 0 0 0 0 0 0 0 0 0 0 0 0 0 0 0 0 0 0 0 0 0 0
0 0 0 0 0 0 0 0 0 0 0 0 0 0 0 0 0 0 0 0 0 0 0 0 0 0 0 0 0 0 0 0 0 0 0 0
0 0 0 0 0 0 0 0 0 0 0 0 0 0 0 0 0 0 0 0 0 0 0 0 0 0 0 0 0 0 0 0 0 0 0 0
##$SHAPE_EXPFAC= 0
##$SHAPE_FRACEND= 0
##$SHAPE_FRACORG= 0
##$SHAPE_FRACSTART= 0
##$SHAPE_INTEGFAC= 0
##$SHAPE_KEEPRES= yes
##$SHAPE_LENGTH= 25000.000373
##$SHAPE_MAN= <M>
##$SHAPE_MODE= 3
##$SHAPE_MODFREQ= 0
##$SHAPE_MODPHASE= 0
##$SHAPE_MODSCALE= 0
##$SHAPE_MODSW= 0
##$SHAPE_MODSWDIR= -1
##$SHAPE_NPOINTS= 1250
##$SHAPE_OFFS= <1 3>
##$SHAPE_OFFSCOEFF= (0..95)
-160.15405 0 100 -227.87527 0 100 -296.39757 0 100 0 0 0 0 0 0 0 0 0 0
0 0 0 0 0 0 0 0 0 0 0 0 0 0 0 0 0 0 0 0 0 0 0 0 0 0 0 0 0 0 0 0 0 0 0 0
0 0 0 0 0 0 0 0 0 0 0 0 0 0 0 0 0 0 0 0 0 0 0 0 0 0 0 0 0 0 0 0 0 0 0 0
0 0 0 0 0
##$SHAPE_PARAMETER= <>
##$SHAPE_REPHFAC= 0
##$SHAPE_RES= 0
##$SHAPE_SCALEFAC= 1.00000611
##$SHAPE_SCALETYPE= 0
##$SHAPE_SPOAL= 0
##$SHAPE_SPOFFS= 0
##$SHAPE_SPOPH= 0
##$SHAPE_TOTROT= 90
##$SHAPE_TYPE= <Excitation>
##$SHAPE_USER_DEF= <>
##$SHAPE_VERSION= 2.1
##$SHL_ADDPHASE= (0..15)
0 0 0 0 0 0 0 0 0 0 0 0 0 0 0 0
##$SHL_ALIGNOFFSET= (0..15)
0 0 0 0 0 0 0 0 0 0 0 0 0 0 0 0
##$SHL_AMP= (0..15)
100 0 0 0 0 0 0 0 0 0 0 0 0 0 0 0
##$SHL_AMPFAC= (0..15)
0 0 0 0 0 0 0 0 0 0 0 0 0 0 0 0
##$SHL_BETA= (0..15)
0 0 0 0 0 0 0 0 0 0 0 0 0 0 0 0
##$SHL_BWFAC= (0..15)
1.116 0 0 0 0 0 0 0 0 0 0 0 0 0 0 0
##$SHL_CALCBW= (0..15)
yes yes yes yes yes yes yes yes yes yes yes yes yes yes yes yes
##$SHL_CALCINTEG= (0..15)
yes yes yes yes yes yes yes yes yes yes yes yes yes yes yes yes
##$SHL_CENTERAMP= (0..15)
0 0 0 0 0 0 0 0 0 0 0 0 0 0 0 0
##$SHL_CYCNUM= (0..15)
0 0 0 0 0 0 0 0 0 0 0 0 0 0 0 0
##$SHL_DIPOLCPL= (0..15)
0 0 0 0 0 0 0 0 0 0 0 0 0 0 0 0
##$SHL_ENDAMP= (0..15)
0 0 0 0 0 0 0 0 0 0 0 0 0 0 0 0
##$SHL_EXMODE= (0..15)
<Excitation> <> <> <> <> <> <> <> <> <> <> <> <> <> <> <>
##$SHL_EXPAND= (0..15)
<> <> <> <> <> <> <> <> <> <> <> <> <> <> <> <>
##$SHL_EXPANDCF0= (0..143)
0 0 0 0 0 0 0 0 0 0 0 0 0 0 0 0 0 0 0 0 0 0 0 0 0 0 0 0 0 0 0 0 0 0 0 0
0 0 0 0 0 0 0 0 0 0 0 0 0 0 0 0 0 0 0 0 0 0 0 0 0 0 0 0 0 0 0 0 0 0 0 0
0 0 0 0 0 0 0 0 0 0 0 0 0 0 0 0 0 0 0 0 0 0 0 0 0 0 0 0 0 0 0 0 0 0 0 0
0 0 0 0 0 0 0 0 0 0 0 0 0 0 0 0 0 0 0 0 0 0 0 0 0 0 0 0 0 0 0 0 0 0 0 0
##$SHL_EXPANDCF1= (0..143)
0 0 0 0 0 0 0 0 0 0 0 0 0 0 0 0 0 0 0 0 0 0 0 0 0 0 0 0 0 0 0 0 0 0 0 0
0 0 0 0 0 0 0 0 0 0 0 0 0 0 0 0 0 0 0 0 0 0 0 0 0 0 0 0 0 0 0 0 0 0 0 0
0 0 0 0 0 0 0 0 0 0 0 0 0 0 0 0 0 0 0 0 0 0 0 0 0 0 0 0 0 0 0 0 0 0 0 0
0 0 0 0 0 0 0 0 0 0 0 0 0 0 0 0 0 0 0 0 0 0 0 0 0 0 0 0 0 0 0 0 0 0 0 0
##$SHL_EXPANDCF10= (0..143)
0 0 0 0 0 0 0 0 0 0 0 0 0 0 0 0 0 0 0 0 0 0 0 0 0 0 0 0 0 0 0 0 0 0 0 0
0 0 0 0 0 0 0 0 0 0 0 0 0 0 0 0 0 0 0 0 0 0 0 0 0 0 0 0 0 0 0 0 0 0 0 0
0 0 0 0 0 0 0 0 0 0 0 0 0 0 0 0 0 0 0 0 0 0 0 0 0 0 0 0 0 0 0 0 0 0 0 0
0 0 0 0 0 0 0 0 0 0 0 0 0 0 0 0 0 0 0 0 0 0 0 0 0 0 0 0 0 0 0 0 0 0 0 0
##$SHL_EXPANDCF11= (0..143)
0 0 0 0 0 0 0 0 0 0 0 0 0 0 0 0 0 0 0 0 0 0 0 0 0 0 0 0 0 0 0 0 0 0 0 0
0 0 0 0 0 0 0 0 0 0 0 0 0 0 0 0 0 0 0 0 0 0 0 0 0 0 0 0 0 0 0 0 0 0 0 0
0 0 0 0 0 0 0 0 0 0 0 0 0 0 0 0 0 0 0 0 0 0 0 0 0 0 0 0 0 0 0 0 0 0 0 0
0 0 0 0 0 0 0 0 0 0 0 0 0 0 0 0 0 0 0 0 0 0 0 0 0 0 0 0 0 0 0 0 0 0 0 0
##$SHL_EXPANDCF12= (0..143)
0 0 0 0 0 0 0 0 0 0 0 0 0 0 0 0 0 0 0 0 0 0 0 0 0 0 0 0 0 0 0 0 0 0 0 0
0 0 0 0 0 0 0 0 0 0 0 0 0 0 0 0 0 0 0 0 0 0 0 0 0 0 0 0 0 0 0 0 0 0 0 0
0 0 0 0 0 0 0 0 0 0 0 0 0 0 0 0 0 0 0 0 0 0 0 0 0 0 0 0 0 0 0 0 0 0 0 0
0 0 0 0 0 0 0 0 0 0 0 0 0 0 0 0 0 0 0 0 0 0 0 0 0 0 0 0 0 0 0 0 0 0 0 0
##$SHL_EXPANDCF13= (0..143)
0 0 0 0 0 0 0 0 0 0 0 0 0 0 0 0 0 0 0 0 0 0 0 0 0 0 0 0 0 0 0 0 0 0 0 0
0 0 0 0 0 0 0 0 0 0 0 0 0 0 0 0 0 0 0 0 0 0 0 0 0 0 0 0 0 0 0 0 0 0 0 0
0 0 0 0 0 0 0 0 0 0 0 0 0 0 0 0 0 0 0 0 0 0 0 0 0 0 0 0 0 0 0 0 0 0 0 0
0 0 0 0 0 0 0 0 0 0 0 0 0 0 0 0 0 0 0 0 0 0 0 0 0 0 0 0 0 0 0 0 0 0 0 0
##$SHL_EXPANDCF14= (0..143)
0 0 0 0 0 0 0 0 0 0 0 0 0 0 0 0 0 0 0 0 0 0 0 0 0 0 0 0 0 0 0 0 0 0 0 0
0 0 0 0 0 0 0 0 0 0 0 0 0 0 0 0 0 0 0 0 0 0 0 0 0 0 0 0 0 0 0 0 0 0 0 0
0 0 0 0 0 0 0 0 0 0 0 0 0 0 0 0 0 0 0 0 0 0 0 0 0 0 0 0 0 0 0 0 0 0 0 0
0 0 0 0 0 0 0 0 0 0 0 0 0 0 0 0 0 0 0 0 0 0 0 0 0 0 0 0 0 0 0 0 0 0 0 0
##$SHL_EXPANDCF15= (0..143)
0 0 0 0 0 0 0 0 0 0 0 0 0 0 0 0 0 0 0 0 0 0 0 0 0 0 0 0 0 0 0 0 0 0 0 0
0 0 0 0 0 0 0 0 0 0 0 0 0 0 0 0 0 0 0 0 0 0 0 0 0 0 0 0 0 0 0 0 0 0 0 0
0 0 0 0 0 0 0 0 0 0 0 0 0 0 0 0 0 0 0 0 0 0 0 0 0 0 0 0 0 0 0 0 0 0 0 0
0 0 0 0 0 0 0 0 0 0 0 0 0 0 0 0 0 0 0 0 0 0 0 0 0 0 0 0 0 0 0 0 0 0 0 0
##$SHL_EXPANDCF2= (0..143)
0 0 0 0 0 0 0 0 0 0 0 0 0 0 0 0 0 0 0 0 0 0 0 0 0 0 0 0 0 0 0 0 0 0 0 0
0 0 0 0 0 0 0 0 0 0 0 0 0 0 0 0 0 0 0 0 0 0 0 0 0 0 0 0 0 0 0 0 0 0 0 0
0 0 0 0 0 0 0 0 0 0 0 0 0 0 0 0 0 0 0 0 0 0 0 0 0 0 0 0 0 0 0 0 0 0 0 0
0 0 0 0 0 0 0 0 0 0 0 0 0 0 0 0 0 0 0 0 0 0 0 0 0 0 0 0 0 0 0 0 0 0 0 0
##$SHL_EXPANDCF3= (0..143)
0 0 0 0 0 0 0 0 0 0 0 0 0 0 0 0 0 0 0 0 0 0 0 0 0 0 0 0 0 0 0 0 0 0 0 0
0 0 0 0 0 0 0 0 0 0 0 0 0 0 0 0 0 0 0 0 0 0 0 0 0 0 0 0 0 0 0 0 0 0 0 0
0 0 0 0 0 0 0 0 0 0 0 0 0 0 0 0 0 0 0 0 0 0 0 0 0 0 0 0 0 0 0 0 0 0 0 0
0 0 0 0 0 0 0 0 0 0 0 0 0 0 0 0 0 0 0 0 0 0 0 0 0 0 0 0 0 0 0 0 0 0 0 0
##$SHL_EXPANDCF4= (0..143)
0 0 0 0 0 0 0 0 0 0 0 0 0 0 0 0 0 0 0 0 0 0 0 0 0 0 0 0 0 0 0 0 0 0 0 0
0 0 0 0 0 0 0 0 0 0 0 0 0 0 0 0 0 0 0 0 0 0 0 0 0 0 0 0 0 0 0 0 0 0 0 0
0 0 0 0 0 0 0 0 0 0 0 0 0 0 0 0 0 0 0 0 0 0 0 0 0 0 0 0 0 0 0 0 0 0 0 0
0 0 0 0 0 0 0 0 0 0 0 0 0 0 0 0 0 0 0 0 0 0 0 0 0 0 0 0 0 0 0 0 0 0 0 0
##$SHL_EXPANDCF5= (0..143)
0 0 0 0 0 0 0 0 0 0 0 0 0 0 0 0 0 0 0 0 0 0 0 0 0 0 0 0 0 0 0 0 0 0 0 0
0 0 0 0 0 0 0 0 0 0 0 0 0 0 0 0 0 0 0 0 0 0 0 0 0 0 0 0 0 0 0 0 0 0 0 0
0 0 0 0 0 0 0 0 0 0 0 0 0 0 0 0 0 0 0 0 0 0 0 0 0 0 0 0 0 0 0 0 0 0 0 0
0 0 0 0 0 0 0 0 0 0 0 0 0 0 0 0 0 0 0 0 0 0 0 0 0 0 0 0 0 0 0 0 0 0 0 0
##$SHL_EXPANDCF6= (0..143)
0 0 0 0 0 0 0 0 0 0 0 0 0 0 0 0 0 0 0 0 0 0 0 0 0 0 0 0 0 0 0 0 0 0 0 0
0 0 0 0 0 0 0 0 0 0 0 0 0 0 0 0 0 0 0 0 0 0 0 0 0 0 0 0 0 0 0 0 0 0 0 0
0 0 0 0 0 0 0 0 0 0 0 0 0 0 0 0 0 0 0 0 0 0 0 0 0 0 0 0 0 0 0 0 0 0 0 0
0 0 0 0 0 0 0 0 0 0 0 0 0 0 0 0 0 0 0 0 0 0 0 0 0 0 0 0 0 0 0 0 0 0 0 0
##$SHL_EXPANDCF7= (0..143)
0 0 0 0 0 0 0 0 0 0 0 0 0 0 0 0 0 0 0 0 0 0 0 0 0 0 0 0 0 0 0 0 0 0 0 0
0 0 0 0 0 0 0 0 0 0 0 0 0 0 0 0 0 0 0 0 0 0 0 0 0 0 0 0 0 0 0 0 0 0 0 0
0 0 0 0 0 0 0 0 0 0 0 0 0 0 0 0 0 0 0 0 0 0 0 0 0 0 0 0 0 0 0 0 0 0 0 0
0 0 0 0 0 0 0 0 0 0 0 0 0 0 0 0 0 0 0 0 0 0 0 0 0 0 0 0 0 0 0 0 0 0 0 0
##$SHL_EXPANDCF8= (0..143)
0 0 0 0 0 0 0 0 0 0 0 0 0 0 0 0 0 0 0 0 0 0 0 0 0 0 0 0 0 0 0 0 0 0 0 0
0 0 0 0 0 0 0 0 0 0 0 0 0 0 0 0 0 0 0 0 0 0 0 0 0 0 0 0 0 0 0 0 0 0 0 0
0 0 0 0 0 0 0 0 0 0 0 0 0 0 0 0 0 0 0 0 0 0 0 0 0 0 0 0 0 0 0 0 0 0 0 0
0 0 0 0 0 0 0 0 0 0 0 0 0 0 0 0 0 0 0 0 0 0 0 0 0 0 0 0 0 0 0 0 0 0 0 0
##$SHL_EXPANDCF9= (0..143)
0 0 0 0 0 0 0 0 0 0 0 0 0 0 0 0 0 0 0 0 0 0 0 0 0 0 0 0 0 0 0 0 0 0 0 0
0 0 0 0 0 0 0 0 0 0 0 0 0 0 0 0 0 0 0 0 0 0 0 0 0 0 0 0 0 0 0 0 0 0 0 0
0 0 0 0 0 0 0 0 0 0 0 0 0 0 0 0 0 0 0 0 0 0 0 0 0 0 0 0 0 0 0 0 0 0 0 0
0 0 0 0 0 0 0 0 0 0 0 0 0 0 0 0 0 0 0 0 0 0 0 0 0 0 0 0 0 0 0 0 0 0 0 0
##$SHL_EXPFAC= (0..15)
0 0 0 0 0 0 0 0 0 0 0 0 0 0 0 0
##$SHL_FRACEND= (0..15)
0 0 0 0 0 0 0 0 0 0 0 0 0 0 0 0
##$SHL_FRACORG= (0..15)
0 0 0 0 0 0 0 0 0 0 0 0 0 0 0 0
##$SHL_FRACSTART= (0..15)
0 0 0 0 0 0 0 0 0 0 0 0 0 0 0 0
##$SHL_FULLHALF= (0..15)
0 0 0 0 0 0 0 0 0 0 0 0 0 0 0 0
##$SHL_FUNCAMP= (0..15)
100 0 0 0 0 0 0 0 0 0 0 0 0 0 0 0
##$SHL_FUNCTION= (0..15)
<Rectangle> <> <> <> <> <> <> <> <> <> <> <> <> <> <> <>
##$SHL_GCO= (0..15)
<> <> <> <> <> <> <> <> <> <> <> <> <> <> <> <>
##$SHL_GCOCOEFFS0= (0..59)
0 0 0 0 0 0 0 0 0 0 0 0 0 0 0 0 0 0 0 0 0 0 0 0 0 0 0 0 0 0 0 0 0 0 0 0
0 0 0 0 0 0 0 0 0 0 0 0 0 0 0 0 0 0 0 0 0 0 0 0
##$SHL_GCOCOEFFS1= (0..59)
0 0 0 0 0 0 0 0 0 0 0 0 0 0 0 0 0 0 0 0 0 0 0 0 0 0 0 0 0 0 0 0 0 0 0 0
0 0 0 0 0 0 0 0 0 0 0 0 0 0 0 0 0 0 0 0 0 0 0 0
##$SHL_GCOCOEFFS10= (0..59)
0 0 0 0 0 0 0 0 0 0 0 0 0 0 0 0 0 0 0 0 0 0 0 0 0 0 0 0 0 0 0 0 0 0 0 0
0 0 0 0 0 0 0 0 0 0 0 0 0 0 0 0 0 0 0 0 0 0 0 0
##$SHL_GCOCOEFFS11= (0..59)
0 0 0 0 0 0 0 0 0 0 0 0 0 0 0 0 0 0 0 0 0 0 0 0 0 0 0 0 0 0 0 0 0 0 0 0
0 0 0 0 0 0 0 0 0 0 0 0 0 0 0 0 0 0 0 0 0 0 0 0
##$SHL_GCOCOEFFS12= (0..59)
0 0 0 0 0 0 0 0 0 0 0 0 0 0 0 0 0 0 0 0 0 0 0 0 0 0 0 0 0 0 0 0 0 0 0 0
0 0 0 0 0 0 0 0 0 0 0 0 0 0 0 0 0 0 0 0 0 0 0 0
##$SHL_GCOCOEFFS13= (0..59)
0 0 0 0 0 0 0 0 0 0 0 0 0 0 0 0 0 0 0 0 0 0 0 0 0 0 0 0 0 0 0 0 0 0 0 0
0 0 0 0 0 0 0 0 0 0 0 0 0 0 0 0 0 0 0 0 0 0 0 0
##$SHL_GCOCOEFFS14= (0..59)
0 0 0 0 0 0 0 0 0 0 0 0 0 0 0 0 0 0 0 0 0 0 0 0 0 0 0 0 0 0 0 0 0 0 0 0
0 0 0 0 0 0 0 0 0 0 0 0 0 0 0 0 0 0 0 0 0 0 0 0
##$SHL_GCOCOEFFS15= (0..59)
0 0 0 0 0 0 0 0 0 0 0 0 0 0 0 0 0 0 0 0 0 0 0 0 0 0 0 0 0 0 0 0 0 0 0 0
0 0 0 0 0 0 0 0 0 0 0 0 0 0 0 0 0 0 0 0 0 0 0 0
##$SHL_GCOCOEFFS2= (0..59)
0 0 0 0 0 0 0 0 0 0 0 0 0 0 0 0 0 0 0 0 0 0 0 0 0 0 0 0 0 0 0 0 0 0 0 0
0 0 0 0 0 0 0 0 0 0 0 0 0 0 0 0 0 0 0 0 0 0 0 0
##$SHL_GCOCOEFFS3= (0..59)
0 0 0 0 0 0 0 0 0 0 0 0 0 0 0 0 0 0 0 0 0 0 0 0 0 0 0 0 0 0 0 0 0 0 0 0
0 0 0 0 0 0 0 0 0 0 0 0 0 0 0 0 0 0 0 0 0 0 0 0
##$SHL_GCOCOEFFS4= (0..59)
0 0 0 0 0 0 0 0 0 0 0 0 0 0 0 0 0 0 0 0 0 0 0 0 0 0 0 0 0 0 0 0 0 0 0 0
0 0 0 0 0 0 0 0 0 0 0 0 0 0 0 0 0 0 0 0 0 0 0 0
##$SHL_GCOCOEFFS5= (0..59)
0 0 0 0 0 0 0 0 0 0 0 0 0 0 0 0 0 0 0 0 0 0 0 0 0 0 0 0 0 0 0 0 0 0 0 0
0 0 0 0 0 0 0 0 0 0 0 0 0 0 0 0 0 0 0 0 0 0 0 0
##$SHL_GCOCOEFFS6= (0..59)
0 0 0 0 0 0 0 0 0 0 0 0 0 0 0 0 0 0 0 0 0 0 0 0 0 0 0 0 0 0 0 0 0 0 0 0
0 0 0 0 0 0 0 0 0 0 0 0 0 0 0 0 0 0 0 0 0 0 0 0
##$SHL_GCOCOEFFS7= (0..59)
0 0 0 0 0 0 0 0 0 0 0 0 0 0 0 0 0 0 0 0 0 0 0 0 0 0 0 0 0 0 0 0 0 0 0 0
0 0 0 0 0 0 0 0 0 0 0 0 0 0 0 0 0 0 0 0 0 0 0 0
##$SHL_GCOCOEFFS8= (0..59)
0 0 0 0 0 0 0 0 0 0 0 0 0 0 0 0 0 0 0 0 0 0 0 0 0 0 0 0 0 0 0 0 0 0 0 0
0 0 0 0 0 0 0 0 0 0 0 0 0 0 0 0 0 0 0 0 0 0 0 0
##$SHL_GCOCOEFFS9= (0..59)
0 0 0 0 0 0 0 0 0 0 0 0 0 0 0 0 0 0 0 0 0 0 0 0 0 0 0 0 0 0 0 0 0 0 0 0
0 0 0 0 0 0 0 0 0 0 0 0 0 0 0 0 0 0 0 0 0 0 0 0
##$SHL_INTEGFAC= (0..15)
1 0 0 0 0 0 0 0 0 0 0 0 0 0 0 0
##$SHL_LB= (0..15)
0 0 0 0 0 0 0 0 0 0 0 0 0 0 0 0
##$SHL_LEFTLIMIT= (0..15)
0 0 0 0 0 0 0 0 0 0 0 0 0 0 0 0
##$SHL_LENGTH= (0..15)
25000.000373 0 0 0 0 0 0 0 0 0 0 0 0 0 0 0
##$SHL_MAN= (0..15)
<> <> <> <> <> <> <> <> <> <> <> <> <> <> <> <>
##$SHL_MEANAMP= (0..15)
0 0 0 0 0 0 0 0 0 0 0 0 0 0 0 0
##$SHL_MODAMP= (0..15)
0 0 0 0 0 0 0 0 0 0 0 0 0 0 0 0
##$SHL_MODE= (0..15)
0 0 0 0 0 0 0 0 0 0 0 0 0 0 0 0
##$SHL_MODFREQ= (0..15)
0 0 0 0 0 0 0 0 0 0 0 0 0 0 0 0
##$SHL_MODPHASE= (0..15)
0 0 0 0 0 0 0 0 0 0 0 0 0 0 0 0
##$SHL_MODSCALE= (0..15)
0 0 0 0 0 0 0 0 0 0 0 0 0 0 0 0
##$SHL_MODSW= (0..15)
0 0 0 0 0 0 0 0 0 0 0 0 0 0 0 0
##$SHL_MODSWDIR= (0..15)
-1 -1 -1 -1 -1 -1 -1 -1 -1 -1 -1 -1 -1 -1 -1 -1
##$SHL_MU= (0..15)
0 0 0 0 0 0 0 0 0 0 0 0 0 0 0 0
##$SHL_NPOINTS= (0..15)
1250 0 0 0 0 0 0 0 0 0 0 0 0 0 0 0
##$SHL_OFFS= (0..15)
<> <> <> <> <> <> <> <> <> <> <> <> <> <> <> <>
##$SHL_OFFSCOEFF0= (0..95)
0 0 0 0 0 0 0 0 0 0 0 0 0 0 0 0 0 0 0 0 0 0 0 0 0 0 0 0 0 0 0 0 0 0 0 0
0 0 0 0 0 0 0 0 0 0 0 0 0 0 0 0 0 0 0 0 0 0 0 0 0 0 0 0 0 0 0 0 0 0 0 0
0 0 0 0 0 0 0 0 0 0 0 0 0 0 0 0 0 0 0 0 0 0 0 0
##$SHL_OFFSCOEFF1= (0..95)
0 0 0 0 0 0 0 0 0 0 0 0 0 0 0 0 0 0 0 0 0 0 0 0 0 0 0 0 0 0 0 0 0 0 0 0
0 0 0 0 0 0 0 0 0 0 0 0 0 0 0 0 0 0 0 0 0 0 0 0 0 0 0 0 0 0 0 0 0 0 0 0
0 0 0 0 0 0 0 0 0 0 0 0 0 0 0 0 0 0 0 0 0 0 0 0
##$SHL_OFFSCOEFF10= (0..95)
0 0 0 0 0 0 0 0 0 0 0 0 0 0 0 0 0 0 0 0 0 0 0 0 0 0 0 0 0 0 0 0 0 0 0 0
0 0 0 0 0 0 0 0 0 0 0 0 0 0 0 0 0 0 0 0 0 0 0 0 0 0 0 0 0 0 0 0 0 0 0 0
0 0 0 0 0 0 0 0 0 0 0 0 0 0 0 0 0 0 0 0 0 0 0 0
##$SHL_OFFSCOEFF11= (0..95)
0 0 0 0 0 0 0 0 0 0 0 0 0 0 0 0 0 0 0 0 0 0 0 0 0 0 0 0 0 0 0 0 0 0 0 0
0 0 0 0 0 0 0 0 0 0 0 0 0 0 0 0 0 0 0 0 0 0 0 0 0 0 0 0 0 0 0 0 0 0 0 0
0 0 0 0 0 0 0 0 0 0 0 0 0 0 0 0 0 0 0 0 0 0 0 0
##$SHL_OFFSCOEFF12= (0..95)
0 0 0 0 0 0 0 0 0 0 0 0 0 0 0 0 0 0 0 0 0 0 0 0 0 0 0 0 0 0 0 0 0 0 0 0
0 0 0 0 0 0 0 0 0 0 0 0 0 0 0 0 0 0 0 0 0 0 0 0 0 0 0 0 0 0 0 0 0 0 0 0
0 0 0 0 0 0 0 0 0 0 0 0 0 0 0 0 0 0 0 0 0 0 0 0
##$SHL_OFFSCOEFF13= (0..95)
0 0 0 0 0 0 0 0 0 0 0 0 0 0 0 0 0 0 0 0 0 0 0 0 0 0 0 0 0 0 0 0 0 0 0 0
0 0 0 0 0 0 0 0 0 0 0 0 0 0 0 0 0 0 0 0 0 0 0 0 0 0 0 0 0 0 0 0 0 0 0 0
0 0 0 0 0 0 0 0 0 0 0 0 0 0 0 0 0 0 0 0 0 0 0 0
##$SHL_OFFSCOEFF14= (0..95)
0 0 0 0 0 0 0 0 0 0 0 0 0 0 0 0 0 0 0 0 0 0 0 0 0 0 0 0 0 0 0 0 0 0 0 0
0 0 0 0 0 0 0 0 0 0 0 0 0 0 0 0 0 0 0 0 0 0 0 0 0 0 0 0 0 0 0 0 0 0 0 0
0 0 0 0 0 0 0 0 0 0 0 0 0 0 0 0 0 0 0 0 0 0 0 0
##$SHL_OFFSCOEFF15= (0..95)
0 0 0 0 0 0 0 0 0 0 0 0 0 0 0 0 0 0 0 0 0 0 0 0 0 0 0 0 0 0 0 0 0 0 0 0
0 0 0 0 0 0 0 0 0 0 0 0 0 0 0 0 0 0 0 0 0 0 0 0 0 0 0 0 0 0 0 0 0 0 0 0
0 0 0 0 0 0 0 0 0 0 0 0 0 0 0 0 0 0 0 0 0 0 0 0
##$SHL_OFFSCOEFF2= (0..95)
0 0 0 0 0 0 0 0 0 0 0 0 0 0 0 0 0 0 0 0 0 0 0 0 0 0 0 0 0 0 0 0 0 0 0 0
0 0 0 0 0 0 0 0 0 0 0 0 0 0 0 0 0 0 0 0 0 0 0 0 0 0 0 0 0 0 0 0 0 0 0 0
0 0 0 0 0 0 0 0 0 0 0 0 0 0 0 0 0 0 0 0 0 0 0 0
##$SHL_OFFSCOEFF3= (0..95)
0 0 0 0 0 0 0 0 0 0 0 0 0 0 0 0 0 0 0 0 0 0 0 0 0 0 0 0 0 0 0 0 0 0 0 0
0 0 0 0 0 0 0 0 0 0 0 0 0 0 0 0 0 0 0 0 0 0 0 0 0 0 0 0 0 0 0 0 0 0 0 0
0 0 0 0 0 0 0 0 0 0 0 0 0 0 0 0 0 0 0 0 0 0 0 0
##$SHL_OFFSCOEFF4= (0..95)
0 0 0 0 0 0 0 0 0 0 0 0 0 0 0 0 0 0 0 0 0 0 0 0 0 0 0 0 0 0 0 0 0 0 0 0
0 0 0 0 0 0 0 0 0 0 0 0 0 0 0 0 0 0 0 0 0 0 0 0 0 0 0 0 0 0 0 0 0 0 0 0
0 0 0 0 0 0 0 0 0 0 0 0 0 0 0 0 0 0 0 0 0 0 0 0
##$SHL_OFFSCOEFF5= (0..95)
0 0 0 0 0 0 0 0 0 0 0 0 0 0 0 0 0 0 0 0 0 0 0 0 0 0 0 0 0 0 0 0 0 0 0 0
0 0 0 0 0 0 0 0 0 0 0 0 0 0 0 0 0 0 0 0 0 0 0 0 0 0 0 0 0 0 0 0 0 0 0 0
0 0 0 0 0 0 0 0 0 0 0 0 0 0 0 0 0 0 0 0 0 0 0 0
##$SHL_OFFSCOEFF6= (0..95)
0 0 0 0 0 0 0 0 0 0 0 0 0 0 0 0 0 0 0 0 0 0 0 0 0 0 0 0 0 0 0 0 0 0 0 0
0 0 0 0 0 0 0 0 0 0 0 0 0 0 0 0 0 0 0 0 0 0 0 0 0 0 0 0 0 0 0 0 0 0 0 0
0 0 0 0 0 0 0 0 0 0 0 0 0 0 0 0 0 0 0 0 0 0 0 0
##$SHL_OFFSCOEFF7= (0..95)
0 0 0 0 0 0 0 0 0 0 0 0 0 0 0 0 0 0 0 0 0 0 0 0 0 0 0 0 0 0 0 0 0 0 0 0
0 0 0 0 0 0 0 0 0 0 0 0 0 0 0 0 0 0 0 0 0 0 0 0 0 0 0 0 0 0 0 0 0 0 0 0
0 0 0 0 0 0 0 0 0 0 0 0 0 0 0 0 0 0 0 0 0 0 0 0
##$SHL_OFFSCOEFF8= (0..95)
0 0 0 0 0 0 0 0 0 0 0 0 0 0 0 0 0 0 0 0 0 0 0 0 0 0 0 0 0 0 0 0 0 0 0 0
0 0 0 0 0 0 0 0 0 0 0 0 0 0 0 0 0 0 0 0 0 0 0 0 0 0 0 0 0 0 0 0 0 0 0 0
0 0 0 0 0 0 0 0 0 0 0 0 0 0 0 0 0 0 0 0 0 0 0 0
##$SHL_OFFSCOEFF9= (0..95)
0 0 0 0 0 0 0 0 0 0 0 0 0 0 0 0 0 0 0 0 0 0 0 0 0 0 0 0 0 0 0 0 0 0 0 0
0 0 0 0 0 0 0 0 0 0 0 0 0 0 0 0 0 0 0 0 0 0 0 0 0 0 0 0 0 0 0 0 0 0 0 0
0 0 0 0 0 0 0 0 0 0 0 0 0 0 0 0 0 0 0 0 0 0 0 0
##$SHL_PHASE= (0..15)
0 0 0 0 0 0 0 0 0 0 0 0 0 0 0 0
##$SHL_PHASEFAC= (0..15)
0 0 0 0 0 0 0 0 0 0 0 0 0 0 0 0
##$SHL_POWERINDEX= (0..15)
0 0 0 0 0 0 0 0 0 0 0 0 0 0 0 0
##$SHL_QUADCOEFF= (0..15)
0 0 0 0 0 0 0 0 0 0 0 0 0 0 0 0
##$SHL_RIGHTLIMIT= (0..15)
0 0 0 0 0 0 0 0 0 0 0 0 0 0 0 0
##$SHL_SCALEFACTOR= (0..15)
1 1 1 1 1 1 1 1 1 1 1 1 1 1 1 1
##$SHL_SF= (0..15)
<> <> <> <> <> <> <> <> <> <> <> <> <> <> <> <>
##$SHL_SFCOEFFS0= (0..200)
0 0 0 0 0 0 0 0 0 0 0 0 0 0 0 0 0 0 0 0 0 0 0 0 0 0 0 0 0 0 0 0 0 0 0 0
0 0 0 0 0 0 0 0 0 0 0 0 0 0 0 0 0 0 0 0 0 0 0 0 0 0 0 0 0 0 0 0 0 0 0 0
0 0 0 0 0 0 0 0 0 0 0 0 0 0 0 0 0 0 0 0 0 0 0 0 0 0 0 0 0 0 0 0 0 0 0 0
0 0 0 0 0 0 0 0 0 0 0 0 0 0 0 0 0 0 0 0 0 0 0 0 0 0 0 0 0 0 0 0 0 0 0 0
0 0 0 0 0 0 0 0 0 0 0 0 0 0 0 0 0 0 0 0 0 0 0 0 0 0 0 0 0 0 0 0 0 0 0 0
0 0 0 0 0 0 0 0 0 0 0 0 0 0 0 0 0 0 0 0 0
##$SHL_SFCOEFFS1= (0..200)
0 0 0 0 0 0 0 0 0 0 0 0 0 0 0 0 0 0 0 0 0 0 0 0 0 0 0 0 0 0 0 0 0 0 0 0
0 0 0 0 0 0 0 0 0 0 0 0 0 0 0 0 0 0 0 0 0 0 0 0 0 0 0 0 0 0 0 0 0 0 0 0
0 0 0 0 0 0 0 0 0 0 0 0 0 0 0 0 0 0 0 0 0 0 0 0 0 0 0 0 0 0 0 0 0 0 0 0
0 0 0 0 0 0 0 0 0 0 0 0 0 0 0 0 0 0 0 0 0 0 0 0 0 0 0 0 0 0 0 0 0 0 0 0
0 0 0 0 0 0 0 0 0 0 0 0 0 0 0 0 0 0 0 0 0 0 0 0 0 0 0 0 0 0 0 0 0 0 0 0
0 0 0 0 0 0 0 0 0 0 0 0 0 0 0 0 0 0 0 0 0
##$SHL_SFCOEFFS10= (0..200)
0 0 0 0 0 0 0 0 0 0 0 0 0 0 0 0 0 0 0 0 0 0 0 0 0 0 0 0 0 0 0 0 0 0 0 0
0 0 0 0 0 0 0 0 0 0 0 0 0 0 0 0 0 0 0 0 0 0 0 0 0 0 0 0 0 0 0 0 0 0 0 0
0 0 0 0 0 0 0 0 0 0 0 0 0 0 0 0 0 0 0 0 0 0 0 0 0 0 0 0 0 0 0 0 0 0 0 0
0 0 0 0 0 0 0 0 0 0 0 0 0 0 0 0 0 0 0 0 0 0 0 0 0 0 0 0 0 0 0 0 0 0 0 0
0 0 0 0 0 0 0 0 0 0 0 0 0 0 0 0 0 0 0 0 0 0 0 0 0 0 0 0 0 0 0 0 0 0 0 0
0 0 0 0 0 0 0 0 0 0 0 0 0 0 0 0 0 0 0 0 0
##$SHL_SFCOEFFS11= (0..200)
0 0 0 0 0 0 0 0 0 0 0 0 0 0 0 0 0 0 0 0 0 0 0 0 0 0 0 0 0 0 0 0 0 0 0 0
0 0 0 0 0 0 0 0 0 0 0 0 0 0 0 0 0 0 0 0 0 0 0 0 0 0 0 0 0 0 0 0 0 0 0 0
0 0 0 0 0 0 0 0 0 0 0 0 0 0 0 0 0 0 0 0 0 0 0 0 0 0 0 0 0 0 0 0 0 0 0 0
0 0 0 0 0 0 0 0 0 0 0 0 0 0 0 0 0 0 0 0 0 0 0 0 0 0 0 0 0 0 0 0 0 0 0 0
0 0 0 0 0 0 0 0 0 0 0 0 0 0 0 0 0 0 0 0 0 0 0 0 0 0 0 0 0 0 0 0 0 0 0 0
0 0 0 0 0 0 0 0 0 0 0 0 0 0 0 0 0 0 0 0 0
##$SHL_SFCOEFFS12= (0..200)
0 0 0 0 0 0 0 0 0 0 0 0 0 0 0 0 0 0 0 0 0 0 0 0 0 0 0 0 0 0 0 0 0 0 0 0
0 0 0 0 0 0 0 0 0 0 0 0 0 0 0 0 0 0 0 0 0 0 0 0 0 0 0 0 0 0 0 0 0 0 0 0
0 0 0 0 0 0 0 0 0 0 0 0 0 0 0 0 0 0 0 0 0 0 0 0 0 0 0 0 0 0 0 0 0 0 0 0
0 0 0 0 0 0 0 0 0 0 0 0 0 0 0 0 0 0 0 0 0 0 0 0 0 0 0 0 0 0 0 0 0 0 0 0
0 0 0 0 0 0 0 0 0 0 0 0 0 0 0 0 0 0 0 0 0 0 0 0 0 0 0 0 0 0 0 0 0 0 0 0
0 0 0 0 0 0 0 0 0 0 0 0 0 0 0 0 0 0 0 0 0
##$SHL_SFCOEFFS13= (0..200)
0 0 0 0 0 0 0 0 0 0 0 0 0 0 0 0 0 0 0 0 0 0 0 0 0 0 0 0 0 0 0 0 0 0 0 0
0 0 0 0 0 0 0 0 0 0 0 0 0 0 0 0 0 0 0 0 0 0 0 0 0 0 0 0 0 0 0 0 0 0 0 0
0 0 0 0 0 0 0 0 0 0 0 0 0 0 0 0 0 0 0 0 0 0 0 0 0 0 0 0 0 0 0 0 0 0 0 0
0 0 0 0 0 0 0 0 0 0 0 0 0 0 0 0 0 0 0 0 0 0 0 0 0 0 0 0 0 0 0 0 0 0 0 0
0 0 0 0 0 0 0 0 0 0 0 0 0 0 0 0 0 0 0 0 0 0 0 0 0 0 0 0 0 0 0 0 0 0 0 0
0 0 0 0 0 0 0 0 0 0 0 0 0 0 0 0 0 0 0 0 0
##$SHL_SFCOEFFS14= (0..200)
0 0 0 0 0 0 0 0 0 0 0 0 0 0 0 0 0 0 0 0 0 0 0 0 0 0 0 0 0 0 0 0 0 0 0 0
0 0 0 0 0 0 0 0 0 0 0 0 0 0 0 0 0 0 0 0 0 0 0 0 0 0 0 0 0 0 0 0 0 0 0 0
0 0 0 0 0 0 0 0 0 0 0 0 0 0 0 0 0 0 0 0 0 0 0 0 0 0 0 0 0 0 0 0 0 0 0 0
0 0 0 0 0 0 0 0 0 0 0 0 0 0 0 0 0 0 0 0 0 0 0 0 0 0 0 0 0 0 0 0 0 0 0 0
0 0 0 0 0 0 0 0 0 0 0 0 0 0 0 0 0 0 0 0 0 0 0 0 0 0 0 0 0 0 0 0 0 0 0 0
0 0 0 0 0 0 0 0 0 0 0 0 0 0 0 0 0 0 0 0 0
##$SHL_SFCOEFFS15= (0..200)
0 0 0 0 0 0 0 0 0 0 0 0 0 0 0 0 0 0 0 0 0 0 0 0 0 0 0 0 0 0 0 0 0 0 0 0
0 0 0 0 0 0 0 0 0 0 0 0 0 0 0 0 0 0 0 0 0 0 0 0 0 0 0 0 0 0 0 0 0 0 0 0
0 0 0 0 0 0 0 0 0 0 0 0 0 0 0 0 0 0 0 0 0 0 0 0 0 0 0 0 0 0 0 0 0 0 0 0
0 0 0 0 0 0 0 0 0 0 0 0 0 0 0 0 0 0 0 0 0 0 0 0 0 0 0 0 0 0 0 0 0 0 0 0
0 0 0 0 0 0 0 0 0 0 0 0 0 0 0 0 0 0 0 0 0 0 0 0 0 0 0 0 0 0 0 0 0 0 0 0
0 0 0 0 0 0 0 0 0 0 0 0 0 0 0 0 0 0 0 0 0
##$SHL_SFCOEFFS2= (0..200)
0 0 0 0 0 0 0 0 0 0 0 0 0 0 0 0 0 0 0 0 0 0 0 0 0 0 0 0 0 0 0 0 0 0 0 0
0 0 0 0 0 0 0 0 0 0 0 0 0 0 0 0 0 0 0 0 0 0 0 0 0 0 0 0 0 0 0 0 0 0 0 0
0 0 0 0 0 0 0 0 0 0 0 0 0 0 0 0 0 0 0 0 0 0 0 0 0 0 0 0 0 0 0 0 0 0 0 0
0 0 0 0 0 0 0 0 0 0 0 0 0 0 0 0 0 0 0 0 0 0 0 0 0 0 0 0 0 0 0 0 0 0 0 0
0 0 0 0 0 0 0 0 0 0 0 0 0 0 0 0 0 0 0 0 0 0 0 0 0 0 0 0 0 0 0 0 0 0 0 0
0 0 0 0 0 0 0 0 0 0 0 0 0 0 0 0 0 0 0 0 0
##$SHL_SFCOEFFS3= (0..200)
0 0 0 0 0 0 0 0 0 0 0 0 0 0 0 0 0 0 0 0 0 0 0 0 0 0 0 0 0 0 0 0 0 0 0 0
0 0 0 0 0 0 0 0 0 0 0 0 0 0 0 0 0 0 0 0 0 0 0 0 0 0 0 0 0 0 0 0 0 0 0 0
0 0 0 0 0 0 0 0 0 0 0 0 0 0 0 0 0 0 0 0 0 0 0 0 0 0 0 0 0 0 0 0 0 0 0 0
0 0 0 0 0 0 0 0 0 0 0 0 0 0 0 0 0 0 0 0 0 0 0 0 0 0 0 0 0 0 0 0 0 0 0 0
0 0 0 0 0 0 0 0 0 0 0 0 0 0 0 0 0 0 0 0 0 0 0 0 0 0 0 0 0 0 0 0 0 0 0 0
0 0 0 0 0 0 0 0 0 0 0 0 0 0 0 0 0 0 0 0 0
##$SHL_SFCOEFFS4= (0..200)
0 0 0 0 0 0 0 0 0 0 0 0 0 0 0 0 0 0 0 0 0 0 0 0 0 0 0 0 0 0 0 0 0 0 0 0
0 0 0 0 0 0 0 0 0 0 0 0 0 0 0 0 0 0 0 0 0 0 0 0 0 0 0 0 0 0 0 0 0 0 0 0
0 0 0 0 0 0 0 0 0 0 0 0 0 0 0 0 0 0 0 0 0 0 0 0 0 0 0 0 0 0 0 0 0 0 0 0
0 0 0 0 0 0 0 0 0 0 0 0 0 0 0 0 0 0 0 0 0 0 0 0 0 0 0 0 0 0 0 0 0 0 0 0
0 0 0 0 0 0 0 0 0 0 0 0 0 0 0 0 0 0 0 0 0 0 0 0 0 0 0 0 0 0 0 0 0 0 0 0
0 0 0 0 0 0 0 0 0 0 0 0 0 0 0 0 0 0 0 0 0
##$SHL_SFCOEFFS5= (0..200)
0 0 0 0 0 0 0 0 0 0 0 0 0 0 0 0 0 0 0 0 0 0 0 0 0 0 0 0 0 0 0 0 0 0 0 0
0 0 0 0 0 0 0 0 0 0 0 0 0 0 0 0 0 0 0 0 0 0 0 0 0 0 0 0 0 0 0 0 0 0 0 0
0 0 0 0 0 0 0 0 0 0 0 0 0 0 0 0 0 0 0 0 0 0 0 0 0 0 0 0 0 0 0 0 0 0 0 0
0 0 0 0 0 0 0 0 0 0 0 0 0 0 0 0 0 0 0 0 0 0 0 0 0 0 0 0 0 0 0 0 0 0 0 0
0 0 0 0 0 0 0 0 0 0 0 0 0 0 0 0 0 0 0 0 0 0 0 0 0 0 0 0 0 0 0 0 0 0 0 0
0 0 0 0 0 0 0 0 0 0 0 0 0 0 0 0 0 0 0 0 0
##$SHL_SFCOEFFS6= (0..200)
0 0 0 0 0 0 0 0 0 0 0 0 0 0 0 0 0 0 0 0 0 0 0 0 0 0 0 0 0 0 0 0 0 0 0 0
0 0 0 0 0 0 0 0 0 0 0 0 0 0 0 0 0 0 0 0 0 0 0 0 0 0 0 0 0 0 0 0 0 0 0 0
0 0 0 0 0 0 0 0 0 0 0 0 0 0 0 0 0 0 0 0 0 0 0 0 0 0 0 0 0 0 0 0 0 0 0 0
0 0 0 0 0 0 0 0 0 0 0 0 0 0 0 0 0 0 0 0 0 0 0 0 0 0 0 0 0 0 0 0 0 0 0 0
0 0 0 0 0 0 0 0 0 0 0 0 0 0 0 0 0 0 0 0 0 0 0 0 0 0 0 0 0 0 0 0 0 0 0 0
0 0 0 0 0 0 0 0 0 0 0 0 0 0 0 0 0 0 0 0 0
##$SHL_SFCOEFFS7= (0..200)
0 0 0 0 0 0 0 0 0 0 0 0 0 0 0 0 0 0 0 0 0 0 0 0 0 0 0 0 0 0 0 0 0 0 0 0
0 0 0 0 0 0 0 0 0 0 0 0 0 0 0 0 0 0 0 0 0 0 0 0 0 0 0 0 0 0 0 0 0 0 0 0
0 0 0 0 0 0 0 0 0 0 0 0 0 0 0 0 0 0 0 0 0 0 0 0 0 0 0 0 0 0 0 0 0 0 0 0
0 0 0 0 0 0 0 0 0 0 0 0 0 0 0 0 0 0 0 0 0 0 0 0 0 0 0 0 0 0 0 0 0 0 0 0
0 0 0 0 0 0 0 0 0 0 0 0 0 0 0 0 0 0 0 0 0 0 0 0 0 0 0 0 0 0 0 0 0 0 0 0
0 0 0 0 0 0 0 0 0 0 0 0 0 0 0 0 0 0 0 0 0
##$SHL_SFCOEFFS8= (0..200)
0 0 0 0 0 0 0 0 0 0 0 0 0 0 0 0 0 0 0 0 0 0 0 0 0 0 0 0 0 0 0 0 0 0 0 0
0 0 0 0 0 0 0 0 0 0 0 0 0 0 0 0 0 0 0 0 0 0 0 0 0 0 0 0 0 0 0 0 0 0 0 0
0 0 0 0 0 0 0 0 0 0 0 0 0 0 0 0 0 0 0 0 0 0 0 0 0 0 0 0 0 0 0 0 0 0 0 0
0 0 0 0 0 0 0 0 0 0 0 0 0 0 0 0 0 0 0 0 0 0 0 0 0 0 0 0 0 0 0 0 0 0 0 0
0 0 0 0 0 0 0 0 0 0 0 0 0 0 0 0 0 0 0 0 0 0 0 0 0 0 0 0 0 0 0 0 0 0 0 0
0 0 0 0 0 0 0 0 0 0 0 0 0 0 0 0 0 0 0 0 0
##$SHL_SFCOEFFS9= (0..200)
0 0 0 0 0 0 0 0 0 0 0 0 0 0 0 0 0 0 0 0 0 0 0 0 0 0 0 0 0 0 0 0 0 0 0 0
0 0 0 0 0 0 0 0 0 0 0 0 0 0 0 0 0 0 0 0 0 0 0 0 0 0 0 0 0 0 0 0 0 0 0 0
0 0 0 0 0 0 0 0 0 0 0 0 0 0 0 0 0 0 0 0 0 0 0 0 0 0 0 0 0 0 0 0 0 0 0 0
0 0 0 0 0 0 0 0 0 0 0 0 0 0 0 0 0 0 0 0 0 0 0 0 0 0 0 0 0 0 0 0 0 0 0 0
0 0 0 0 0 0 0 0 0 0 0 0 0 0 0 0 0 0 0 0 0 0 0 0 0 0 0 0 0 0 0 0 0 0 0 0
0 0 0 0 0 0 0 0 0 0 0 0 0 0 0 0 0 0 0 0 0
##$SHL_SMOOTHED= (0..15)
0 0 0 0 0 0 0 0 0 0 0 0 0 0 0 0
##$SHL_SMOOTHING= (0..15)
0 0 0 0 0 0 0 0 0 0 0 0 0 0 0 0
##$SHL_SPOAL= (0..15)
0 0 0 0 0 0 0 0 0 0 0 0 0 0 0 0
##$SHL_SPOFFS= (0..15)
0 0 0 0 0 0 0 0 0 0 0 0 0 0 0 0
##$SHL_SPOPH= (0..15)
0 0 0 0 0 0 0 0 0 0 0 0 0 0 0 0
##$SHL_STARTAMP= (0..15)
0 0 0 0 0 0 0 0 0 0 0 0 0 0 0 0
##$SHL_SW= (0..15)
0 0 0 0 0 0 0 0 0 0 0 0 0 0 0 0
##$SHL_SWDIR= (0..15)
-1 -1 -1 -1 -1 -1 -1 -1 -1 -1 -1 -1 -1 -1 -1 -1
##$SHL_TANKAPPA= (0..15)
0 0 0 0 0 0 0 0 0 0 0 0 0 0 0 0
##$SHL_TOTROT= (0..15)
90 0 0 0 0 0 0 0 0 0 0 0 0 0 0 0
##$SHL_TRUNCLEV= (0..15)
0 0 0 0 0 0 0 0 0 0 0 0 0 0 0 0
##$SHL_TYPE= (0..15)
<Excitation> <> <> <> <> <> <> <> <> <> <> <> <> <> <> <>
##$SHL_WINDOWSIZE= (0..15)
0 0 0 0 0 0 0 0 0 0 0 0 0 0 0 0
##$SHL_ZETA= (0..15)
0 0 0 0 0 0 0 0 0 0 0 0 0 0 0 0
##NPOINTS= 1250
##XYPOINTS= (XY..XY)
72.794470, 54.405216
72.333182, 56.052733
71.869036, 57.700332
71.402066, 59.348018
70.932307, 60.995790
70.459792, 62.643651
69.984556, 64.291603
69.506635, 65.939647
69.026062, 67.587787
68.542875, 69.236023
68.057107, 70.884358
67.568794, 72.532794
67.077973, 74.181333
66.584680, 75.829979
66.088949, 77.478732
65.590819, 79.127597
65.090325, 80.776575
64.587504, 82.425669
64.082393, 84.074882
63.575029, 85.724217
63.065449, 87.373676
62.553690, 89.023264
62.039791, 90.672983
61.523789, 92.322837
61.005721, 93.972828
60.485626, 95.622962
59.963541, 97.273240
59.439506, 98.923668
58.913558, 100.574250
58.385736, 102.224989
57.856079, 103.875889
57.324625, 105.526956
56.791415, 107.178195
56.256486, 108.829609
55.719877, 110.481204
55.181630, 112.132985
54.641782, 113.784958
54.100374, 115.437129
53.557444, 117.089503
53.013034, 118.742087
52.467183, 120.394887
51.919931, 122.047910
51.371318, 123.701163
50.821384, 125.354653
50.270170, 127.008388
49.717717, 128.662377
49.164064, 130.316626
48.609253, 131.971146
48.053324, 133.625945
47.496318, 135.281033
46.938276, 136.936420
46.379239, 138.592117
45.819248, 140.248134
45.258343, 141.904484
44.696568, 143.561177
44.133961, 145.218228
43.570566, 146.875649
43.006423, 148.533455
42.441573, 150.191661
41.876059, 151.850281
41.309922, 153.509333
40.743203, 155.168834
40.175944, 156.828802
39.608187, 158.489257
39.039974, 160.150218
38.471346, 161.811708
37.902346, 163.473749
37.333014, 165.136366
36.763394, 166.799583
36.193526, 168.463429
35.623454, 170.127932
35.053218, 171.793123
34.482862, 173.459033
33.912426, 175.125699
33.341954, 176.793156
32.771487, 178.461444
32.201068, 180.130605
31.630738, 181.800685
31.060540, 183.471731
30.490515, 185.143794
29.920707, 186.816930
29.351157, 188.491198
28.781907, 190.166663
28.213000, 191.843392
27.644478, 193.521459
27.076383, 195.200945
26.508758, 196.881936
25.941644, 198.564525
25.375084, 200.248815
24.809121, 201.934915
24.243797, 203.622945
23.679153, 205.313036
23.115233, 207.005332
22.552080, 208.699988
21.989735, 210.397177
21.428241, 212.097088
20.867641, 213.799927
20.307977, 215.505926
19.749293, 217.215338
19.191631, 218.928446
18.635036, 220.645565
18.079549, 222.367046
17.525214, 224.093282
16.972076, 225.824715
16.420179, 227.561844
15.869567, 229.305234
15.320285, 231.055526
14.772378, 232.813453
14.225894, 234.579854
13.680879, 236.355696
13.137380, 238.142099
12.595448, 239.940366
12.055133, 241.752026
11.516488, 243.578879
10.979568, 245.423062
10.444430, 247.287134
9.911136, 249.174181
9.379753, 251.087959
8.850353, 253.033089
8.323016, 255.015318
7.797833, 257.041883
7.274909, 259.122024
6.754371, 261.267724
6.236372, 263.494807
5.721103, 265.824590
5.208818, 268.286477
4.699860, 270.922140
4.194713, 273.792566
3.694100, 276.990479
3.199160, 280.663464
2.711805, 285.059876
2.235526, 290.626794
1.777351, 298.235188
1.353241, 309.717206
1.003734, 328.886415
0.824974, 359.974197
0.918363, 33.936763
1.220094, 56.661313
1.615214, 70.044636
2.048601, 78.612172
2.498919, 84.701217
2.957148, 89.406339
3.418972, 93.274907
3.882096, 96.603784
4.345189, 99.565889
4.807423, 102.268082
5.268253, 104.779701
5.727302, 107.147590
6.184298, 109.404485
6.639034, 111.573927
7.091351, 113.673266
7.541121, 115.715562
7.988238, 117.710832
8.432613, 119.666883
8.874169, 121.589887
9.312838, 123.484791
9.748558, 125.355601
10.181273, 127.205598
10.610933, 129.037495
11.037489, 130.853552
11.460896, 132.655669
11.881112, 134.445454
12.298096, 136.224276
12.711809, 137.993312
13.122213, 139.753571
13.529272, 141.505933
13.932950, 143.251162
14.333213, 144.989925
14.730027, 146.722811
15.123360, 148.450338
15.513179, 150.172965
15.899453, 151.891101
16.282151, 153.605108
16.661242, 155.315313
17.036697, 157.022008
17.408486, 158.725455
17.776579, 160.425892
18.140950, 162.123532
18.501568, 163.818572
18.858408, 165.511187
19.211440, 167.201538
19.560639, 168.889773
19.905978, 170.576026
20.247430, 172.260420
20.584970, 173.943069
20.918573, 175.624076
21.248212, 177.303537
21.573863, 178.981541
21.895503, 180.658169
22.213106, 182.333497
22.526648, 184.007596
22.836108, 185.680530
23.141460, 187.352360
23.442683, 189.023142
23.739754, 190.692929
24.032650, 192.361769
24.321351, 194.029708
24.605834, 195.696790
24.886079, 197.363053
25.162064, 199.028536
25.433769, 200.693274
25.701174, 202.357299
25.964260, 204.020643
26.223005, 205.683334
26.477393, 207.345401
26.727403, 209.006869
26.973017, 210.667761
27.214216, 212.328103
27.450984, 213.987914
27.683303, 215.647216
27.911154, 217.306027
28.134523, 218.964367
28.353391, 220.622252
28.567743, 222.279699
28.777563, 223.936724
28.982836, 225.593341
29.183546, 227.249564
29.379679, 228.905406
29.571220, 230.560881
29.758154, 232.216000
29.940469, 233.870775
30.118151, 235.525216
30.291186, 237.179334
30.459562, 238.833138
30.623266, 240.486638
30.782287, 242.139842
30.936613, 243.792760
31.086231, 245.445399
31.231132, 247.097767
31.371305, 248.749872
31.506739, 250.401719
31.637424, 252.053316
31.763350, 253.704669
31.884509, 255.355785
32.000891, 257.006668
32.112489, 258.657324
32.219292, 260.307759
32.321295, 261.957978
32.418488, 263.607985
32.510866, 265.257785
32.598421, 266.907382
32.681147, 268.556779
32.759037, 270.205982
32.832087, 271.854994
32.900290, 273.503817
32.963641, 275.152456
33.022137, 276.800914
33.075771, 278.449193
33.124542, 280.097296
33.168444, 281.745227
33.207475, 283.392987
33.241632, 285.040579
33.270913, 286.688004
33.295314, 288.335266
33.314835, 289.982366
33.329474, 291.629306
33.339229, 293.276087
33.344101, 294.922711
33.344088, 296.569180
33.339191, 298.215494
33.329410, 299.861654
33.314746, 301.507663
33.295199, 303.153520
33.270772, 304.799227
33.241465, 306.444784
33.207282, 308.090191
33.168224, 309.735449
33.124295, 311.380559
33.075497, 313.025521
33.021835, 314.670334
32.963311, 316.314998
32.899931, 317.959514
32.831699, 319.603881
32.758620, 321.248099
32.680700, 322.892167
32.597944, 324.536084
32.510357, 326.179850
32.417948, 327.823463
32.320721, 329.466923
32.218686, 331.110228
32.111848, 332.753378
32.000215, 334.396370
31.883797, 336.039202
31.762601, 337.681874
31.636637, 339.324383
31.505913, 340.966727
31.370439, 342.608903
31.230226, 344.250909
31.085282, 345.892743
30.935620, 347.534402
30.781250, 349.175882
30.622183, 350.817180
30.458431, 352.458293
30.290005, 354.099216
30.116920, 355.739947
29.939186, 357.380481
29.756817, 359.020812
29.569826, 0.660938
29.378228, 2.300851
29.182036, 3.940548
28.981264, 5.580022
28.775928, 7.219267
28.566042, 8.858277
28.351622, 10.497044
28.132683, 12.135563
27.909242, 13.773824
27.681315, 15.411820
27.448919, 17.049543
27.212070, 18.686982
26.970787, 20.324128
26.725086, 21.960972
26.474986, 23.597501
26.220506, 25.233703
25.961663, 26.869568
25.698478, 28.505080
25.430969, 30.140227
25.159155, 31.774992
24.883058, 33.409360
24.602697, 35.043314
24.318093, 36.676835
24.029266, 38.309904
23.736239, 39.942499
23.439032, 41.574598
23.137667, 43.206177
22.832167, 44.837209
22.522554, 46.467668
22.208851, 48.097523
21.891081, 49.726741
21.569268, 51.355289
21.243434, 52.983127
20.913605, 54.610217
20.579804, 56.236513
20.242056, 57.861967
19.900387, 59.486529
19.554820, 61.110142
19.205382, 62.732743
18.852099, 64.354267
18.494997, 65.974639
18.134102, 67.593779
17.769441, 69.211598
17.401042, 70.828000
17.028931, 72.442877
16.653135, 74.056110
16.273685, 75.667567
15.890606, 77.277102
15.503929, 78.884551
15.113683, 80.489733
14.719895, 82.092443
14.322597, 83.692449
13.921819, 85.289491
13.517590, 86.883275
13.109941, 88.473463
12.698905, 90.059672
12.284512, 91.641459
11.866794, 93.218314
11.445786, 94.789645
11.021519, 96.354761
10.594028, 97.912850
10.163348, 99.462952
9.729514, 101.003921
9.292563, 102.534384
8.852533, 104.052675
8.409464, 105.556757
7.963397, 107.044111
7.514377, 108.511585
7.062450, 109.955180
6.607668, 111.369750
6.150089, 112.748557
5.689779, 114.082603
5.226816, 115.359601
4.761295, 116.562324
4.293342, 117.665851
3.823124, 118.632754
3.350890, 119.404169
2.877030, 119.882004
2.402219, 119.890122
1.927774, 119.078951
1.456692, 116.650278
0.997576, 110.364062
0.586023, 91.843881
0.417290, 37.571277
0.703250, 355.301777
1.145376, 342.236859
1.622704, 337.533205
2.113138, 335.725612
2.610608, 335.215203
3.112821, 335.390349
3.618712, 335.970119
4.127713, 336.808141
4.639484, 337.820868
5.153804, 338.957207
5.670515, 340.184183
6.189500, 341.479576
6.710665, 342.827868
7.233931, 344.217900
7.759230, 345.641441
8.286501, 347.092290
8.815689, 348.565685
9.346742, 350.057908
9.879610, 351.566017
10.414245, 353.087650
10.950601, 354.620893
11.488634, 356.164175
12.028300, 357.716195
12.569554, 359.275870
13.112354, 0.842287
13.656657, 2.414672
14.202421, 3.992365
14.749604, 5.574802
15.298165, 7.161492
15.848061, 8.752013
16.399250, 10.345996
16.951692, 11.943116
17.505345, 13.543089
18.060166, 15.145665
18.616116, 16.750620
19.173152, 18.357757
19.731233, 19.966899
20.290317, 21.577887
20.850363, 23.190581
21.411329, 24.804851
21.973174, 26.420583
22.535856, 28.037672
23.099335, 29.656023
23.663567, 31.275550
24.228512, 32.896174
24.794127, 34.517824
25.360372, 36.140435
25.927204, 37.763945
26.494582, 39.388299
27.062464, 41.013447
27.630808, 42.639342
28.199572, 44.265940
28.768715, 45.893202
29.338194, 47.521090
29.907968, 49.149570
30.477995, 50.778609
31.048233, 52.408179
31.618641, 54.038251
32.189175, 55.668801
32.759795, 57.299802
33.330459, 58.931234
33.901124, 60.563076
34.471748, 62.195306
35.042291, 63.827908
35.612709, 65.460863
36.182962, 67.094156
36.753006, 68.727771
37.322802, 70.361693
37.892305, 71.995910
38.461476, 73.630407
39.030271, 75.265174
39.598650, 76.900199
40.166571, 78.535470
40.733991, 80.170979
41.300870, 81.806714
41.867166, 83.442668
42.432837, 85.078831
42.997842, 86.715195
43.562139, 88.351752
44.125687, 89.988495
44.688445, 91.625417
45.250371, 93.262511
45.811424, 94.899770
46.371563, 96.537189
46.930748, 98.174763
47.488936, 99.812484
48.046088, 101.450349
48.602161, 103.088351
49.157116, 104.726487
49.710912, 106.364751
50.263508, 108.003140
50.814864, 109.641649
51.364939, 111.280274
51.913693, 112.919011
52.461085, 114.557856
53.007076, 116.196807
53.551626, 117.835859
54.094694, 119.475010
54.636241, 121.114256
55.176227, 122.753594
55.714613, 124.393022
56.251359, 126.032537
56.786425, 127.672135
57.319774, 129.311815
57.851364, 130.951574
58.381158, 132.591410
58.909117, 134.231320
59.435201, 135.871302
59.959373, 137.511355
60.481594, 139.151476
61.001825, 140.791663
61.520030, 142.431914
62.036168, 144.072228
62.550204, 145.712602
63.062098, 147.353036
63.571814, 148.993527
64.079314, 150.634073
64.584562, 152.274675
65.087519, 153.915329
65.588149, 155.556034
66.086416, 157.196790
66.582282, 158.837594
67.075713, 160.478445
67.566670, 162.119343
68.055119, 163.760286
68.541024, 165.401273
69.024348, 167.042302
69.505058, 168.683373
69.983116, 170.324485
70.458489, 171.965636
70.931141, 173.606826
71.401038, 175.248053
71.868146, 176.889317
72.332430, 178.530616
72.793855, 180.171951
73.252390, 181.813319
73.707999, 183.454721
74.160649, 185.096155
74.610307, 186.737620
75.056941, 188.379116
75.500517, 190.020643
75.941003, 191.662198
76.378367, 193.303783
76.812576, 194.945395
77.243599, 196.587035
77.671405, 198.228701
78.095961, 199.870393
78.517237, 201.512111
78.935202, 203.153853
79.349825, 204.795620
79.761076, 206.437410
80.168925, 208.079224
80.573342, 209.721060
80.974296, 211.362918
81.371760, 213.004798
81.765703, 214.646698
82.156098, 216.288620
82.542914, 217.930561
82.926124, 219.572522
83.305700, 221.214503
83.681614, 222.856502
84.053839, 224.498519
84.422346, 226.140554
84.787110, 227.782607
85.148103, 229.424677
85.505299, 231.066764
85.858672, 232.708867
86.208196, 234.350986
86.553845, 235.993120
86.895594, 237.635270
87.233418, 239.277435
87.567292, 240.919614
87.897191, 242.561808
88.223092, 244.204015
88.544971, 245.846236
88.862804, 247.488470
89.176567, 249.130717
89.486238, 250.772977
89.791795, 252.415249
90.093214, 254.057534
90.390473, 255.699830
90.683551, 257.342137
90.972427, 258.984456
91.257078, 260.626786
91.537485, 262.269126
91.813627, 263.911477
92.085483, 265.553838
92.353034, 267.196209
92.616259, 268.838590
92.875141, 270.480981
93.129659, 272.123380
93.379795, 273.765788
93.625531, 275.408206
93.866848, 277.050632
94.103730, 278.693066
94.336158, 280.335508
94.564115, 281.977958
94.787586, 283.620416
95.006553, 285.262881
95.221001, 286.905354
95.430914, 288.547834
95.636276, 290.190320
95.837072, 291.832814
96.033288, 293.475313
96.224909, 295.117820
96.411921, 296.760332
96.594311, 298.402850
96.772065, 300.045374
96.945171, 301.687903
97.113614, 303.330438
97.277384, 304.972979
97.436468, 306.615524
97.590854, 308.258074
97.740531, 309.900629
97.885489, 311.543188
98.025716, 313.185752
98.161202, 314.828320
98.291938, 316.470892
98.417913, 318.113468
98.539119, 319.756047
98.655547, 321.398631
98.767187, 323.041217
98.874033, 324.683807
98.976075, 326.326400
99.073307, 327.968996
99.165722, 329.611595
99.253312, 331.254197
99.336072, 332.896801
99.413995, 334.539407
99.487075, 336.182016
99.555308, 337.824626
99.618688, 339.467239
99.677210, 341.109853
99.730870, 342.752469
99.779665, 344.395087
99.823591, 346.037706
99.862644, 347.680326
99.896821, 349.322947
99.926121, 350.965569
99.950541, 352.608192
99.970079, 354.250815
99.984734, 355.893439
99.994504, 357.536063
99.999389, 359.178688
99.999389, 0.821312
99.994504, 2.463937
99.984734, 4.106561
99.970079, 5.749185
99.950541, 7.391808
99.926121, 9.034431
99.896821, 10.677053
99.862644, 12.319674
99.823591, 13.962294
99.779665, 15.604913
99.730870, 17.247531
99.677210, 18.890147
99.618688, 20.532761
99.555308, 22.175374
99.487075, 23.817984
99.413995, 25.460593
99.336072, 27.103199
99.253312, 28.745803
99.165722, 30.388405
99.073307, 32.031004
98.976075, 33.673600
98.874033, 35.316193
98.767187, 36.958783
98.655547, 38.601369
98.539119, 40.243953
98.417913, 41.886532
98.291938, 43.529108
98.161202, 45.171680
98.025716, 46.814248
97.885489, 48.456812
97.740531, 50.099371
97.590854, 51.741926
97.436468, 53.384476
97.277384, 55.027021
97.113614, 56.669562
96.945171, 58.312097
96.772065, 59.954626
96.594311, 61.597150
96.411921, 63.239668
96.224909, 64.882180
96.033288, 66.524687
95.837072, 68.167186
95.636276, 69.809680
95.430914, 71.452166
95.221001, 73.094646
95.006553, 74.737119
94.787586, 76.379584
94.564115, 78.022042
94.336158, 79.664492
94.103730, 81.306934
93.866848, 82.949368
93.625531, 84.591794
93.379795, 86.234212
93.129659, 87.876620
92.875141, 89.519019
92.616259, 91.161410
92.353034, 92.803791
92.085483, 94.446162
91.813627, 96.088523
91.537485, 97.730874
91.257078, 99.373214
90.972427, 101.015544
90.683551, 102.657863
90.390473, 104.300170
90.093214, 105.942466
89.791795, 107.584751
89.486238, 109.227023
89.176567, 110.869283
88.862804, 112.511530
88.544971, 114.153764
88.223092, 115.795985
87.897191, 117.438192
87.567292, 119.080386
87.233418, 120.722565
86.895594, 122.364730
86.553845, 124.006880
86.208196, 125.649014
85.858672, 127.291133
85.505299, 128.933236
85.148103, 130.575323
84.787110, 132.217393
84.422346, 133.859446
84.053839, 135.501481
83.681614, 137.143498
83.305700, 138.785497
82.926124, 140.427478
82.542914, 142.069439
82.156098, 143.711380
81.765703, 145.353302
81.371760, 146.995202
80.974296, 148.637082
80.573342, 150.278940
80.168925, 151.920776
79.761076, 153.562590
79.349825, 155.204380
78.935202, 156.846147
78.517237, 158.487889
78.095961, 160.129607
77.671405, 161.771299
77.243599, 163.412965
76.812576, 165.054605
76.378367, 166.696217
75.941003, 168.337802
75.500517, 169.979357
75.056941, 171.620884
74.610307, 173.262380
74.160649, 174.903845
73.707999, 176.545279
73.252390, 178.186681
72.793855, 179.828049
72.332430, 181.469384
71.868146, 183.110683
71.401038, 184.751947
70.931141, 186.393174
70.458489, 188.034364
69.983116, 189.675515
69.505058, 191.316627
69.024348, 192.957698
68.541024, 194.598727
68.055119, 196.239714
67.566670, 197.880657
67.075713, 199.521555
66.582282, 201.162406
66.086416, 202.803210
65.588149, 204.443966
65.087519, 206.084671
64.584562, 207.725325
64.079314, 209.365927
63.571814, 211.006473
63.062098, 212.646964
62.550204, 214.287398
62.036168, 215.927772
61.520030, 217.568086
61.001825, 219.208337
60.481594, 220.848524
59.959373, 222.488645
59.435201, 224.128698
58.909117, 225.768680
58.381158, 227.408590
57.851364, 229.048426
57.319774, 230.688185
56.786425, 232.327865
56.251359, 233.967463
55.714613, 235.606978
55.176227, 237.246406
54.636241, 238.885744
54.094694, 240.524990
53.551626, 242.164141
53.007076, 243.803193
52.461085, 245.442144
51.913693, 247.080989
51.364939, 248.719726
50.814864, 250.358351
50.263508, 251.996860
49.710912, 253.635249
49.157116, 255.273513
48.602161, 256.911649
48.046088, 258.549651
47.488936, 260.187516
46.930748, 261.825237
46.371563, 263.462811
45.811424, 265.100230
45.250371, 266.737489
44.688445, 268.374583
44.125687, 270.011505
43.562139, 271.648248
42.997842, 273.284805
42.432837, 274.921169
41.867166, 276.557332
41.300870, 278.193286
40.733991, 279.829021
40.166571, 281.464530
39.598650, 283.099801
39.030271, 284.734826
38.461476, 286.369593
37.892305, 288.004090
37.322802, 289.638307
36.753006, 291.272229
36.182962, 292.905844
35.612709, 294.539137
35.042291, 296.172092
34.471748, 297.804694
33.901124, 299.436924
33.330459, 301.068766
32.759795, 302.700198
32.189175, 304.331199
31.618641, 305.961749
31.048233, 307.591821
30.477995, 309.221391
29.907968, 310.850430
29.338194, 312.478910
28.768715, 314.106798
28.199572, 315.734060
27.630808, 317.360658
27.062464, 318.986553
26.494582, 320.611701
25.927204, 322.236055
25.360372, 323.859565
24.794127, 325.482176
24.228512, 327.103826
23.663567, 328.724450
23.099335, 330.343977
22.535856, 331.962328
21.973174, 333.579417
21.411329, 335.195149
20.850363, 336.809419
20.290317, 338.422113
19.731233, 340.033101
19.173152, 341.642243
18.616116, 343.249380
18.060166, 344.854335
17.505345, 346.456911
16.951692, 348.056884
16.399250, 349.654004
15.848061, 351.247987
15.298165, 352.838508
14.749604, 354.425198
14.202421, 356.007635
13.656657, 357.585328
13.112354, 359.157713
12.569554, 0.724130
12.028300, 2.283805
11.488634, 3.835825
10.950601, 5.379107
10.414245, 6.912350
9.879610, 8.433983
9.346742, 9.942092
8.815689, 11.434315
8.286501, 12.907710
7.759230, 14.358559
7.233931, 15.782100
6.710665, 17.172132
6.189500, 18.520424
5.670515, 19.815817
5.153804, 21.042793
4.639484, 22.179132
4.127713, 23.191859
3.618712, 24.029881
3.112821, 24.609651
2.610608, 24.784797
2.113138, 24.274388
1.622704, 22.466795
1.145376, 17.763141
0.703250, 4.698223
0.417290, 322.428723
0.586023, 268.156119
0.997576, 249.635938
1.456692, 243.349722
1.927774, 240.921049
2.402219, 240.109878
2.877030, 240.117996
3.350890, 240.595831
3.823124, 241.367246
4.293342, 242.334149
4.761295, 243.437676
5.226816, 244.640399
5.689779, 245.917397
6.150089, 247.251443
6.607668, 248.630250
7.062450, 250.044820
7.514377, 251.488415
7.963397, 252.955889
8.409464, 254.443243
8.852533, 255.947325
9.292563, 257.465616
9.729514, 258.996079
10.163348, 260.537048
10.594028, 262.087150
11.021519, 263.645239
11.445786, 265.210355
11.866794, 266.781686
12.284512, 268.358541
12.698905, 269.940328
13.109941, 271.526537
13.517590, 273.116725
13.921819, 274.710509
14.322597, 276.307551
14.719895, 277.907557
15.113683, 279.510267
15.503929, 281.115449
15.890606, 282.722898
16.273685, 284.332433
16.653135, 285.943890
17.028931, 287.557123
17.401042, 289.172000
17.769441, 290.788402
18.134102, 292.406221
18.494997, 294.025361
18.852099, 295.645733
19.205382, 297.267257
19.554820, 298.889858
19.900387, 300.513471
20.242056, 302.138033
20.579804, 303.763487
20.913605, 305.389783
21.243434, 307.016873
21.569268, 308.644711
21.891081, 310.273259
22.208851, 311.902477
22.522554, 313.532332
22.832167, 315.162791
23.137667, 316.793823
23.439032, 318.425402
23.736239, 320.057501
24.029266, 321.690096
24.318093, 323.323165
24.602697, 324.956686
24.883058, 326.590640
25.159155, 328.225008
25.430969, 329.859773
25.698478, 331.494920
25.961663, 333.130432
26.220506, 334.766297
26.474986, 336.402499
26.725086, 338.039028
26.970787, 339.675872
27.212070, 341.313018
27.448919, 342.950457
27.681315, 344.588180
27.909242, 346.226176
28.132683, 347.864437
28.351622, 349.502956
28.566042, 351.141723
28.775928, 352.780733
28.981264, 354.419978
29.182036, 356.059452
29.378228, 357.699149
29.569826, 359.339062
29.756817, 0.979188
29.939186, 2.619519
30.116920, 4.260053
30.290005, 5.900784
30.458431, 7.541707
30.622183, 9.182820
30.781250, 10.824118
30.935620, 12.465598
31.085282, 14.107257
31.230226, 15.749091
31.370439, 17.391097
31.505913, 19.033273
31.636637, 20.675617
31.762601, 22.318126
31.883797, 23.960798
32.000215, 25.603630
32.111848, 27.246622
32.218686, 28.889772
32.320721, 30.533077
32.417948, 32.176537
32.510357, 33.820150
32.597944, 35.463916
32.680700, 37.107833
32.758620, 38.751901
32.831699, 40.396119
32.899931, 42.040486
32.963311, 43.685002
33.021835, 45.329666
33.075497, 46.974479
33.124295, 48.619441
33.168224, 50.264551
33.207282, 51.909809
33.241465, 53.555216
33.270772, 55.200773
33.295199, 56.846480
33.314746, 58.492337
33.329410, 60.138346
33.339191, 61.784506
33.344088, 63.430820
33.344101, 65.077289
33.339229, 66.723913
33.329474, 68.370694
33.314835, 70.017634
33.295314, 71.664734
33.270913, 73.311996
33.241632, 74.959421
33.207475, 76.607013
33.168444, 78.254773
33.124542, 79.902704
33.075771, 81.550807
33.022137, 83.199086
32.963641, 84.847544
32.900290, 86.496183
32.832087, 88.145006
32.759037, 89.794018
32.681147, 91.443221
32.598421, 93.092618
32.510866, 94.742215
32.418488, 96.392015
32.321295, 98.042022
32.219292, 99.692241
32.112489, 101.342676
32.000891, 102.993332
31.884509, 104.644215
31.763350, 106.295331
31.637424, 107.946684
31.506739, 109.598281
31.371305, 111.250128
31.231132, 112.902233
31.086231, 114.554601
30.936613, 116.207240
30.782287, 117.860158
30.623266, 119.513362
30.459562, 121.166862
30.291186, 122.820666
30.118151, 124.474784
29.940469, 126.129225
29.758154, 127.784000
29.571220, 129.439119
29.379679, 131.094594
29.183546, 132.750436
28.982836, 134.406659
28.777563, 136.063276
28.567743, 137.720301
28.353391, 139.377748
28.134523, 141.035633
27.911154, 142.693973
27.683303, 144.352784
27.450984, 146.012086
27.214216, 147.671897
26.973017, 149.332239
26.727403, 150.993131
26.477393, 152.654599
26.223005, 154.316666
25.964260, 155.979357
25.701174, 157.642701
25.433769, 159.306726
25.162064, 160.971464
24.886079, 162.636947
24.605834, 164.303210
24.321351, 165.970292
24.032650, 167.638231
23.739754, 169.307071
23.442683, 170.976858
23.141460, 172.647640
22.836108, 174.319470
22.526648, 175.992404
22.213106, 177.666503
21.895503, 179.341831
21.573863, 181.018459
21.248212, 182.696463
20.918573, 184.375924
20.584970, 186.056931
20.247430, 187.739580
19.905978, 189.423974
19.560639, 191.110227
19.211440, 192.798462
18.858408, 194.488813
18.501568, 196.181428
18.140950, 197.876468
17.776579, 199.574108
17.408486, 201.274545
17.036697, 202.977992
16.661242, 204.684687
16.282151, 206.394892
15.899453, 208.108899
15.513179, 209.827035
15.123360, 211.549662
14.730027, 213.277189
14.333213, 215.010075
13.932950, 216.748838
13.529272, 218.494067
13.122213, 220.246429
12.711809, 222.006688
12.298096, 223.775724
11.881112, 225.554546
11.460896, 227.344331
11.037489, 229.146448
10.610933, 230.962505
10.181273, 232.794402
9.748558, 234.644399
9.312838, 236.515209
8.874169, 238.410113
8.432613, 240.333117
7.988238, 242.289168
7.541121, 244.284438
7.091351, 246.326734
6.639034, 248.426073
6.184298, 250.595515
5.727302, 252.852410
5.268253, 255.220299
4.807423, 257.731918
4.345189, 260.434111
3.882096, 263.396216
3.418972, 266.725093
2.957148, 270.593661
2.498919, 275.298783
2.048601, 281.387828
1.615214, 289.955364
1.220094, 303.338687
0.918363, 326.063237
0.824974, 0.025803
1.003734, 31.113585
1.353241, 50.282794
1.777351, 61.764812
2.235526, 69.373206
2.711805, 74.940124
3.199160, 79.336536
3.694100, 83.009521
4.194713, 86.207434
4.699860, 89.077860
5.208818, 91.713523
5.721103, 94.175410
6.236372, 96.505193
6.754371, 98.732276
7.274909, 100.877976
7.797833, 102.958117
8.323016, 104.984682
8.850353, 106.966911
9.379753, 108.912041
9.911136, 110.825819
10.444430, 112.712866
10.979568, 114.576938
11.516488, 116.421121
12.055133, 118.247974
12.595448, 120.059634
13.137380, 121.857901
13.680879, 123.644304
14.225894, 125.420146
14.772378, 127.186547
15.320285, 128.944474
15.869567, 130.694766
16.420179, 132.438156
16.972076, 134.175285
17.525214, 135.906718
18.079549, 137.632954
18.635036, 139.354435
19.191631, 141.071554
19.749293, 142.784662
20.307977, 144.494074
20.867641, 146.200073
21.428241, 147.902912
21.989735, 149.602823
22.552080, 151.300012
23.115233, 152.994668
23.679153, 154.686964
24.243797, 156.377055
24.809121, 158.065085
25.375084, 159.751185
25.941644, 161.435475
26.508758, 163.118064
27.076383, 164.799055
27.644478, 166.478541
28.213000, 168.156608
28.781907, 169.833337
29.351157, 171.508802
29.920707, 173.183070
30.490515, 174.856206
31.060540, 176.528269
31.630738, 178.199315
32.201068, 179.869395
32.771487, 181.538556
33.341954, 183.206844
33.912426, 184.874301
34.482862, 186.540967
35.053218, 188.206877
35.623454, 189.872068
36.193526, 191.536571
36.763394, 193.200417
37.333014, 194.863634
37.902346, 196.526251
38.471346, 198.188292
39.039974, 199.849782
39.608187, 201.510743
40.175944, 203.171198
40.743203, 204.831166
41.309922, 206.490667
41.876059, 208.149719
42.441573, 209.808339
43.006423, 211.466545
43.570566, 213.124351
44.133961, 214.781772
44.696568, 216.438823
45.258343, 218.095516
45.819248, 219.751866
46.379239, 221.407883
46.938276, 223.063580
47.496318, 224.718967
48.053324, 226.374055
48.609253, 228.028854
49.164064, 229.683374
49.717717, 231.337623
50.270170, 232.991612
50.821384, 234.645347
51.371318, 236.298837
51.919931, 237.952090
52.467183, 239.605113
53.013034, 241.257913
53.557444, 242.910497
54.100374, 244.562871
54.641782, 246.215042
55.181630, 247.867015
55.719877, 249.518796
56.256486, 251.170391
56.791415, 252.821805
57.324625, 254.473044
57.856079, 256.124111
58.385736, 257.775011
58.913558, 259.425750
59.439506, 261.076332
59.963541, 262.726760
60.485626, 264.377038
61.005721, 266.027172
61.523789, 267.677163
62.039791, 269.327017
62.553690, 270.976736
63.065449, 272.626324
63.575029, 274.275783
64.082393, 275.925118
64.587504, 277.574331
65.090325, 279.223425
65.590819, 280.872403
66.088949, 282.521268
66.584680, 284.170021
67.077973, 285.818667
67.568794, 287.467206
68.057107, 289.115642
68.542875, 290.763977
69.026062, 292.412213
69.506635, 294.060353
69.984556, 295.708397
70.459792, 297.356349
70.932307, 299.004210
71.402066, 300.651982
71.869036, 302.299668
72.333182, 303.947267
72.794470, 305.594784
##END=
