##TITLE= Parameter file, TopSpin 4.3.0
##JCAMPDX= 5.0
##DATATYPE= Parameter Values
##ORIGIN= Bruker BioSpin GmbH
##OWNER= nmrsu
$$ 2024-03-04 09:40:34.138 +0000  nmrsu@4CE1161FJM
$$ C:/Bruker/TopSpin4.3.0/exp/stan/nmr/lists/wave/user/multisupp_aux_d8
$$ process C:\Bruker\TopSpin4.3.0\prog\mod\xwinshape.exe
##MINX= 2.20044400
##MAXX= 99.99938900
##MINY= 0.06537000
##MAXY= 359.93463000
##$SHAPE_ADDPHASE= 0
##$SHAPE_AMP= 99.99938913
##$SHAPE_BWFAC= 0
##$SHAPE_BWFAC50= 0
##$SHAPE_CALCBW= yes
##$SHAPE_CALCINTEG= yes
##$SHAPE_EXMODE= <Excitation>
##$SHAPE_EXPAND= <>
##$SHAPE_EXPANDCF= (0..143)
0 0 0 0 0 0 0 0 0 0 0 0 0 0 0 0 0 0 0 0 0 0 0 0 0 0 0 0 0 0 0 0 0 0 0 0
0 0 0 0 0 0 0 0 0 0 0 0 0 0 0 0 0 0 0 0 0 0 0 0 0 0 0 0 0 0 0 0 0 0 0 0
0 0 0 0 0 0 0 0 0 0 0 0 0 0 0 0 0 0 0 0 0 0 0 0 0 0 0 0 0 0 0 0 0 0 0 0
0 0 0 0 0 0 0 0 0 0 0 0 0 0 0 0 0 0 0 0 0 0 0 0 0 0 0 0 0 0 0 0 0 0 0 0
##$SHAPE_EXPFAC= 0
##$SHAPE_FRACEND= 0
##$SHAPE_FRACORG= 0
##$SHAPE_FRACSTART= 0
##$SHAPE_INTEGFAC= 0
##$SHAPE_KEEPRES= yes
##$SHAPE_LENGTH= 25000.000373
##$SHAPE_MAN= <M>
##$SHAPE_MODE= 3
##$SHAPE_MODFREQ= 0
##$SHAPE_MODPHASE= 0
##$SHAPE_MODSCALE= 0
##$SHAPE_MODSW= 0
##$SHAPE_MODSWDIR= -1
##$SHAPE_NPOINTS= 1250
##$SHAPE_OFFS= <1 3>
##$SHAPE_OFFSCOEFF= (0..95)
-150.35063 0 100 -220.62216 0 100 -286.59351 0 100 0 0 0 0 0 0 0 0 0 0
0 0 0 0 0 0 0 0 0 0 0 0 0 0 0 0 0 0 0 0 0 0 0 0 0 0 0 0 0 0 0 0 0 0 0 0
0 0 0 0 0 0 0 0 0 0 0 0 0 0 0 0 0 0 0 0 0 0 0 0 0 0 0 0 0 0 0 0 0 0 0 0
0 0 0 0 0
##$SHAPE_PARAMETER= <>
##$SHAPE_REPHFAC= 0
##$SHAPE_RES= 0
##$SHAPE_SCALEFAC= 1.00000611
##$SHAPE_SCALETYPE= 0
##$SHAPE_SPOAL= 0
##$SHAPE_SPOFFS= 0
##$SHAPE_SPOPH= 0
##$SHAPE_TOTROT= 90
##$SHAPE_TYPE= <Excitation>
##$SHAPE_USER_DEF= <>
##$SHAPE_VERSION= 2.1
##$SHL_ADDPHASE= (0..15)
0 0 0 0 0 0 0 0 0 0 0 0 0 0 0 0
##$SHL_ALIGNOFFSET= (0..15)
0 0 0 0 0 0 0 0 0 0 0 0 0 0 0 0
##$SHL_AMP= (0..15)
100 0 0 0 0 0 0 0 0 0 0 0 0 0 0 0
##$SHL_AMPFAC= (0..15)
0 0 0 0 0 0 0 0 0 0 0 0 0 0 0 0
##$SHL_BETA= (0..15)
0 0 0 0 0 0 0 0 0 0 0 0 0 0 0 0
##$SHL_BWFAC= (0..15)
1.116 0 0 0 0 0 0 0 0 0 0 0 0 0 0 0
##$SHL_CALCBW= (0..15)
yes yes yes yes yes yes yes yes yes yes yes yes yes yes yes yes
##$SHL_CALCINTEG= (0..15)
yes yes yes yes yes yes yes yes yes yes yes yes yes yes yes yes
##$SHL_CENTERAMP= (0..15)
0 0 0 0 0 0 0 0 0 0 0 0 0 0 0 0
##$SHL_CYCNUM= (0..15)
0 0 0 0 0 0 0 0 0 0 0 0 0 0 0 0
##$SHL_DIPOLCPL= (0..15)
0 0 0 0 0 0 0 0 0 0 0 0 0 0 0 0
##$SHL_ENDAMP= (0..15)
0 0 0 0 0 0 0 0 0 0 0 0 0 0 0 0
##$SHL_EXMODE= (0..15)
<Excitation> <> <> <> <> <> <> <> <> <> <> <> <> <> <> <>
##$SHL_EXPAND= (0..15)
<> <> <> <> <> <> <> <> <> <> <> <> <> <> <> <>
##$SHL_EXPANDCF0= (0..143)
0 0 0 0 0 0 0 0 0 0 0 0 0 0 0 0 0 0 0 0 0 0 0 0 0 0 0 0 0 0 0 0 0 0 0 0
0 0 0 0 0 0 0 0 0 0 0 0 0 0 0 0 0 0 0 0 0 0 0 0 0 0 0 0 0 0 0 0 0 0 0 0
0 0 0 0 0 0 0 0 0 0 0 0 0 0 0 0 0 0 0 0 0 0 0 0 0 0 0 0 0 0 0 0 0 0 0 0
0 0 0 0 0 0 0 0 0 0 0 0 0 0 0 0 0 0 0 0 0 0 0 0 0 0 0 0 0 0 0 0 0 0 0 0
##$SHL_EXPANDCF1= (0..143)
0 0 0 0 0 0 0 0 0 0 0 0 0 0 0 0 0 0 0 0 0 0 0 0 0 0 0 0 0 0 0 0 0 0 0 0
0 0 0 0 0 0 0 0 0 0 0 0 0 0 0 0 0 0 0 0 0 0 0 0 0 0 0 0 0 0 0 0 0 0 0 0
0 0 0 0 0 0 0 0 0 0 0 0 0 0 0 0 0 0 0 0 0 0 0 0 0 0 0 0 0 0 0 0 0 0 0 0
0 0 0 0 0 0 0 0 0 0 0 0 0 0 0 0 0 0 0 0 0 0 0 0 0 0 0 0 0 0 0 0 0 0 0 0
##$SHL_EXPANDCF10= (0..143)
0 0 0 0 0 0 0 0 0 0 0 0 0 0 0 0 0 0 0 0 0 0 0 0 0 0 0 0 0 0 0 0 0 0 0 0
0 0 0 0 0 0 0 0 0 0 0 0 0 0 0 0 0 0 0 0 0 0 0 0 0 0 0 0 0 0 0 0 0 0 0 0
0 0 0 0 0 0 0 0 0 0 0 0 0 0 0 0 0 0 0 0 0 0 0 0 0 0 0 0 0 0 0 0 0 0 0 0
0 0 0 0 0 0 0 0 0 0 0 0 0 0 0 0 0 0 0 0 0 0 0 0 0 0 0 0 0 0 0 0 0 0 0 0
##$SHL_EXPANDCF11= (0..143)
0 0 0 0 0 0 0 0 0 0 0 0 0 0 0 0 0 0 0 0 0 0 0 0 0 0 0 0 0 0 0 0 0 0 0 0
0 0 0 0 0 0 0 0 0 0 0 0 0 0 0 0 0 0 0 0 0 0 0 0 0 0 0 0 0 0 0 0 0 0 0 0
0 0 0 0 0 0 0 0 0 0 0 0 0 0 0 0 0 0 0 0 0 0 0 0 0 0 0 0 0 0 0 0 0 0 0 0
0 0 0 0 0 0 0 0 0 0 0 0 0 0 0 0 0 0 0 0 0 0 0 0 0 0 0 0 0 0 0 0 0 0 0 0
##$SHL_EXPANDCF12= (0..143)
0 0 0 0 0 0 0 0 0 0 0 0 0 0 0 0 0 0 0 0 0 0 0 0 0 0 0 0 0 0 0 0 0 0 0 0
0 0 0 0 0 0 0 0 0 0 0 0 0 0 0 0 0 0 0 0 0 0 0 0 0 0 0 0 0 0 0 0 0 0 0 0
0 0 0 0 0 0 0 0 0 0 0 0 0 0 0 0 0 0 0 0 0 0 0 0 0 0 0 0 0 0 0 0 0 0 0 0
0 0 0 0 0 0 0 0 0 0 0 0 0 0 0 0 0 0 0 0 0 0 0 0 0 0 0 0 0 0 0 0 0 0 0 0
##$SHL_EXPANDCF13= (0..143)
0 0 0 0 0 0 0 0 0 0 0 0 0 0 0 0 0 0 0 0 0 0 0 0 0 0 0 0 0 0 0 0 0 0 0 0
0 0 0 0 0 0 0 0 0 0 0 0 0 0 0 0 0 0 0 0 0 0 0 0 0 0 0 0 0 0 0 0 0 0 0 0
0 0 0 0 0 0 0 0 0 0 0 0 0 0 0 0 0 0 0 0 0 0 0 0 0 0 0 0 0 0 0 0 0 0 0 0
0 0 0 0 0 0 0 0 0 0 0 0 0 0 0 0 0 0 0 0 0 0 0 0 0 0 0 0 0 0 0 0 0 0 0 0
##$SHL_EXPANDCF14= (0..143)
0 0 0 0 0 0 0 0 0 0 0 0 0 0 0 0 0 0 0 0 0 0 0 0 0 0 0 0 0 0 0 0 0 0 0 0
0 0 0 0 0 0 0 0 0 0 0 0 0 0 0 0 0 0 0 0 0 0 0 0 0 0 0 0 0 0 0 0 0 0 0 0
0 0 0 0 0 0 0 0 0 0 0 0 0 0 0 0 0 0 0 0 0 0 0 0 0 0 0 0 0 0 0 0 0 0 0 0
0 0 0 0 0 0 0 0 0 0 0 0 0 0 0 0 0 0 0 0 0 0 0 0 0 0 0 0 0 0 0 0 0 0 0 0
##$SHL_EXPANDCF15= (0..143)
0 0 0 0 0 0 0 0 0 0 0 0 0 0 0 0 0 0 0 0 0 0 0 0 0 0 0 0 0 0 0 0 0 0 0 0
0 0 0 0 0 0 0 0 0 0 0 0 0 0 0 0 0 0 0 0 0 0 0 0 0 0 0 0 0 0 0 0 0 0 0 0
0 0 0 0 0 0 0 0 0 0 0 0 0 0 0 0 0 0 0 0 0 0 0 0 0 0 0 0 0 0 0 0 0 0 0 0
0 0 0 0 0 0 0 0 0 0 0 0 0 0 0 0 0 0 0 0 0 0 0 0 0 0 0 0 0 0 0 0 0 0 0 0
##$SHL_EXPANDCF2= (0..143)
0 0 0 0 0 0 0 0 0 0 0 0 0 0 0 0 0 0 0 0 0 0 0 0 0 0 0 0 0 0 0 0 0 0 0 0
0 0 0 0 0 0 0 0 0 0 0 0 0 0 0 0 0 0 0 0 0 0 0 0 0 0 0 0 0 0 0 0 0 0 0 0
0 0 0 0 0 0 0 0 0 0 0 0 0 0 0 0 0 0 0 0 0 0 0 0 0 0 0 0 0 0 0 0 0 0 0 0
0 0 0 0 0 0 0 0 0 0 0 0 0 0 0 0 0 0 0 0 0 0 0 0 0 0 0 0 0 0 0 0 0 0 0 0
##$SHL_EXPANDCF3= (0..143)
0 0 0 0 0 0 0 0 0 0 0 0 0 0 0 0 0 0 0 0 0 0 0 0 0 0 0 0 0 0 0 0 0 0 0 0
0 0 0 0 0 0 0 0 0 0 0 0 0 0 0 0 0 0 0 0 0 0 0 0 0 0 0 0 0 0 0 0 0 0 0 0
0 0 0 0 0 0 0 0 0 0 0 0 0 0 0 0 0 0 0 0 0 0 0 0 0 0 0 0 0 0 0 0 0 0 0 0
0 0 0 0 0 0 0 0 0 0 0 0 0 0 0 0 0 0 0 0 0 0 0 0 0 0 0 0 0 0 0 0 0 0 0 0
##$SHL_EXPANDCF4= (0..143)
0 0 0 0 0 0 0 0 0 0 0 0 0 0 0 0 0 0 0 0 0 0 0 0 0 0 0 0 0 0 0 0 0 0 0 0
0 0 0 0 0 0 0 0 0 0 0 0 0 0 0 0 0 0 0 0 0 0 0 0 0 0 0 0 0 0 0 0 0 0 0 0
0 0 0 0 0 0 0 0 0 0 0 0 0 0 0 0 0 0 0 0 0 0 0 0 0 0 0 0 0 0 0 0 0 0 0 0
0 0 0 0 0 0 0 0 0 0 0 0 0 0 0 0 0 0 0 0 0 0 0 0 0 0 0 0 0 0 0 0 0 0 0 0
##$SHL_EXPANDCF5= (0..143)
0 0 0 0 0 0 0 0 0 0 0 0 0 0 0 0 0 0 0 0 0 0 0 0 0 0 0 0 0 0 0 0 0 0 0 0
0 0 0 0 0 0 0 0 0 0 0 0 0 0 0 0 0 0 0 0 0 0 0 0 0 0 0 0 0 0 0 0 0 0 0 0
0 0 0 0 0 0 0 0 0 0 0 0 0 0 0 0 0 0 0 0 0 0 0 0 0 0 0 0 0 0 0 0 0 0 0 0
0 0 0 0 0 0 0 0 0 0 0 0 0 0 0 0 0 0 0 0 0 0 0 0 0 0 0 0 0 0 0 0 0 0 0 0
##$SHL_EXPANDCF6= (0..143)
0 0 0 0 0 0 0 0 0 0 0 0 0 0 0 0 0 0 0 0 0 0 0 0 0 0 0 0 0 0 0 0 0 0 0 0
0 0 0 0 0 0 0 0 0 0 0 0 0 0 0 0 0 0 0 0 0 0 0 0 0 0 0 0 0 0 0 0 0 0 0 0
0 0 0 0 0 0 0 0 0 0 0 0 0 0 0 0 0 0 0 0 0 0 0 0 0 0 0 0 0 0 0 0 0 0 0 0
0 0 0 0 0 0 0 0 0 0 0 0 0 0 0 0 0 0 0 0 0 0 0 0 0 0 0 0 0 0 0 0 0 0 0 0
##$SHL_EXPANDCF7= (0..143)
0 0 0 0 0 0 0 0 0 0 0 0 0 0 0 0 0 0 0 0 0 0 0 0 0 0 0 0 0 0 0 0 0 0 0 0
0 0 0 0 0 0 0 0 0 0 0 0 0 0 0 0 0 0 0 0 0 0 0 0 0 0 0 0 0 0 0 0 0 0 0 0
0 0 0 0 0 0 0 0 0 0 0 0 0 0 0 0 0 0 0 0 0 0 0 0 0 0 0 0 0 0 0 0 0 0 0 0
0 0 0 0 0 0 0 0 0 0 0 0 0 0 0 0 0 0 0 0 0 0 0 0 0 0 0 0 0 0 0 0 0 0 0 0
##$SHL_EXPANDCF8= (0..143)
0 0 0 0 0 0 0 0 0 0 0 0 0 0 0 0 0 0 0 0 0 0 0 0 0 0 0 0 0 0 0 0 0 0 0 0
0 0 0 0 0 0 0 0 0 0 0 0 0 0 0 0 0 0 0 0 0 0 0 0 0 0 0 0 0 0 0 0 0 0 0 0
0 0 0 0 0 0 0 0 0 0 0 0 0 0 0 0 0 0 0 0 0 0 0 0 0 0 0 0 0 0 0 0 0 0 0 0
0 0 0 0 0 0 0 0 0 0 0 0 0 0 0 0 0 0 0 0 0 0 0 0 0 0 0 0 0 0 0 0 0 0 0 0
##$SHL_EXPANDCF9= (0..143)
0 0 0 0 0 0 0 0 0 0 0 0 0 0 0 0 0 0 0 0 0 0 0 0 0 0 0 0 0 0 0 0 0 0 0 0
0 0 0 0 0 0 0 0 0 0 0 0 0 0 0 0 0 0 0 0 0 0 0 0 0 0 0 0 0 0 0 0 0 0 0 0
0 0 0 0 0 0 0 0 0 0 0 0 0 0 0 0 0 0 0 0 0 0 0 0 0 0 0 0 0 0 0 0 0 0 0 0
0 0 0 0 0 0 0 0 0 0 0 0 0 0 0 0 0 0 0 0 0 0 0 0 0 0 0 0 0 0 0 0 0 0 0 0
##$SHL_EXPFAC= (0..15)
0 0 0 0 0 0 0 0 0 0 0 0 0 0 0 0
##$SHL_FRACEND= (0..15)
0 0 0 0 0 0 0 0 0 0 0 0 0 0 0 0
##$SHL_FRACORG= (0..15)
0 0 0 0 0 0 0 0 0 0 0 0 0 0 0 0
##$SHL_FRACSTART= (0..15)
0 0 0 0 0 0 0 0 0 0 0 0 0 0 0 0
##$SHL_FULLHALF= (0..15)
0 0 0 0 0 0 0 0 0 0 0 0 0 0 0 0
##$SHL_FUNCAMP= (0..15)
100 0 0 0 0 0 0 0 0 0 0 0 0 0 0 0
##$SHL_FUNCTION= (0..15)
<Rectangle> <> <> <> <> <> <> <> <> <> <> <> <> <> <> <>
##$SHL_GCO= (0..15)
<> <> <> <> <> <> <> <> <> <> <> <> <> <> <> <>
##$SHL_GCOCOEFFS0= (0..59)
0 0 0 0 0 0 0 0 0 0 0 0 0 0 0 0 0 0 0 0 0 0 0 0 0 0 0 0 0 0 0 0 0 0 0 0
0 0 0 0 0 0 0 0 0 0 0 0 0 0 0 0 0 0 0 0 0 0 0 0
##$SHL_GCOCOEFFS1= (0..59)
0 0 0 0 0 0 0 0 0 0 0 0 0 0 0 0 0 0 0 0 0 0 0 0 0 0 0 0 0 0 0 0 0 0 0 0
0 0 0 0 0 0 0 0 0 0 0 0 0 0 0 0 0 0 0 0 0 0 0 0
##$SHL_GCOCOEFFS10= (0..59)
0 0 0 0 0 0 0 0 0 0 0 0 0 0 0 0 0 0 0 0 0 0 0 0 0 0 0 0 0 0 0 0 0 0 0 0
0 0 0 0 0 0 0 0 0 0 0 0 0 0 0 0 0 0 0 0 0 0 0 0
##$SHL_GCOCOEFFS11= (0..59)
0 0 0 0 0 0 0 0 0 0 0 0 0 0 0 0 0 0 0 0 0 0 0 0 0 0 0 0 0 0 0 0 0 0 0 0
0 0 0 0 0 0 0 0 0 0 0 0 0 0 0 0 0 0 0 0 0 0 0 0
##$SHL_GCOCOEFFS12= (0..59)
0 0 0 0 0 0 0 0 0 0 0 0 0 0 0 0 0 0 0 0 0 0 0 0 0 0 0 0 0 0 0 0 0 0 0 0
0 0 0 0 0 0 0 0 0 0 0 0 0 0 0 0 0 0 0 0 0 0 0 0
##$SHL_GCOCOEFFS13= (0..59)
0 0 0 0 0 0 0 0 0 0 0 0 0 0 0 0 0 0 0 0 0 0 0 0 0 0 0 0 0 0 0 0 0 0 0 0
0 0 0 0 0 0 0 0 0 0 0 0 0 0 0 0 0 0 0 0 0 0 0 0
##$SHL_GCOCOEFFS14= (0..59)
0 0 0 0 0 0 0 0 0 0 0 0 0 0 0 0 0 0 0 0 0 0 0 0 0 0 0 0 0 0 0 0 0 0 0 0
0 0 0 0 0 0 0 0 0 0 0 0 0 0 0 0 0 0 0 0 0 0 0 0
##$SHL_GCOCOEFFS15= (0..59)
0 0 0 0 0 0 0 0 0 0 0 0 0 0 0 0 0 0 0 0 0 0 0 0 0 0 0 0 0 0 0 0 0 0 0 0
0 0 0 0 0 0 0 0 0 0 0 0 0 0 0 0 0 0 0 0 0 0 0 0
##$SHL_GCOCOEFFS2= (0..59)
0 0 0 0 0 0 0 0 0 0 0 0 0 0 0 0 0 0 0 0 0 0 0 0 0 0 0 0 0 0 0 0 0 0 0 0
0 0 0 0 0 0 0 0 0 0 0 0 0 0 0 0 0 0 0 0 0 0 0 0
##$SHL_GCOCOEFFS3= (0..59)
0 0 0 0 0 0 0 0 0 0 0 0 0 0 0 0 0 0 0 0 0 0 0 0 0 0 0 0 0 0 0 0 0 0 0 0
0 0 0 0 0 0 0 0 0 0 0 0 0 0 0 0 0 0 0 0 0 0 0 0
##$SHL_GCOCOEFFS4= (0..59)
0 0 0 0 0 0 0 0 0 0 0 0 0 0 0 0 0 0 0 0 0 0 0 0 0 0 0 0 0 0 0 0 0 0 0 0
0 0 0 0 0 0 0 0 0 0 0 0 0 0 0 0 0 0 0 0 0 0 0 0
##$SHL_GCOCOEFFS5= (0..59)
0 0 0 0 0 0 0 0 0 0 0 0 0 0 0 0 0 0 0 0 0 0 0 0 0 0 0 0 0 0 0 0 0 0 0 0
0 0 0 0 0 0 0 0 0 0 0 0 0 0 0 0 0 0 0 0 0 0 0 0
##$SHL_GCOCOEFFS6= (0..59)
0 0 0 0 0 0 0 0 0 0 0 0 0 0 0 0 0 0 0 0 0 0 0 0 0 0 0 0 0 0 0 0 0 0 0 0
0 0 0 0 0 0 0 0 0 0 0 0 0 0 0 0 0 0 0 0 0 0 0 0
##$SHL_GCOCOEFFS7= (0..59)
0 0 0 0 0 0 0 0 0 0 0 0 0 0 0 0 0 0 0 0 0 0 0 0 0 0 0 0 0 0 0 0 0 0 0 0
0 0 0 0 0 0 0 0 0 0 0 0 0 0 0 0 0 0 0 0 0 0 0 0
##$SHL_GCOCOEFFS8= (0..59)
0 0 0 0 0 0 0 0 0 0 0 0 0 0 0 0 0 0 0 0 0 0 0 0 0 0 0 0 0 0 0 0 0 0 0 0
0 0 0 0 0 0 0 0 0 0 0 0 0 0 0 0 0 0 0 0 0 0 0 0
##$SHL_GCOCOEFFS9= (0..59)
0 0 0 0 0 0 0 0 0 0 0 0 0 0 0 0 0 0 0 0 0 0 0 0 0 0 0 0 0 0 0 0 0 0 0 0
0 0 0 0 0 0 0 0 0 0 0 0 0 0 0 0 0 0 0 0 0 0 0 0
##$SHL_INTEGFAC= (0..15)
1 0 0 0 0 0 0 0 0 0 0 0 0 0 0 0
##$SHL_LB= (0..15)
0 0 0 0 0 0 0 0 0 0 0 0 0 0 0 0
##$SHL_LEFTLIMIT= (0..15)
0 0 0 0 0 0 0 0 0 0 0 0 0 0 0 0
##$SHL_LENGTH= (0..15)
25000.000373 0 0 0 0 0 0 0 0 0 0 0 0 0 0 0
##$SHL_MAN= (0..15)
<> <> <> <> <> <> <> <> <> <> <> <> <> <> <> <>
##$SHL_MEANAMP= (0..15)
0 0 0 0 0 0 0 0 0 0 0 0 0 0 0 0
##$SHL_MODAMP= (0..15)
0 0 0 0 0 0 0 0 0 0 0 0 0 0 0 0
##$SHL_MODE= (0..15)
0 0 0 0 0 0 0 0 0 0 0 0 0 0 0 0
##$SHL_MODFREQ= (0..15)
0 0 0 0 0 0 0 0 0 0 0 0 0 0 0 0
##$SHL_MODPHASE= (0..15)
0 0 0 0 0 0 0 0 0 0 0 0 0 0 0 0
##$SHL_MODSCALE= (0..15)
0 0 0 0 0 0 0 0 0 0 0 0 0 0 0 0
##$SHL_MODSW= (0..15)
0 0 0 0 0 0 0 0 0 0 0 0 0 0 0 0
##$SHL_MODSWDIR= (0..15)
-1 -1 -1 -1 -1 -1 -1 -1 -1 -1 -1 -1 -1 -1 -1 -1
##$SHL_MU= (0..15)
0 0 0 0 0 0 0 0 0 0 0 0 0 0 0 0
##$SHL_NPOINTS= (0..15)
1250 0 0 0 0 0 0 0 0 0 0 0 0 0 0 0
##$SHL_OFFS= (0..15)
<> <> <> <> <> <> <> <> <> <> <> <> <> <> <> <>
##$SHL_OFFSCOEFF0= (0..95)
0 0 0 0 0 0 0 0 0 0 0 0 0 0 0 0 0 0 0 0 0 0 0 0 0 0 0 0 0 0 0 0 0 0 0 0
0 0 0 0 0 0 0 0 0 0 0 0 0 0 0 0 0 0 0 0 0 0 0 0 0 0 0 0 0 0 0 0 0 0 0 0
0 0 0 0 0 0 0 0 0 0 0 0 0 0 0 0 0 0 0 0 0 0 0 0
##$SHL_OFFSCOEFF1= (0..95)
0 0 0 0 0 0 0 0 0 0 0 0 0 0 0 0 0 0 0 0 0 0 0 0 0 0 0 0 0 0 0 0 0 0 0 0
0 0 0 0 0 0 0 0 0 0 0 0 0 0 0 0 0 0 0 0 0 0 0 0 0 0 0 0 0 0 0 0 0 0 0 0
0 0 0 0 0 0 0 0 0 0 0 0 0 0 0 0 0 0 0 0 0 0 0 0
##$SHL_OFFSCOEFF10= (0..95)
0 0 0 0 0 0 0 0 0 0 0 0 0 0 0 0 0 0 0 0 0 0 0 0 0 0 0 0 0 0 0 0 0 0 0 0
0 0 0 0 0 0 0 0 0 0 0 0 0 0 0 0 0 0 0 0 0 0 0 0 0 0 0 0 0 0 0 0 0 0 0 0
0 0 0 0 0 0 0 0 0 0 0 0 0 0 0 0 0 0 0 0 0 0 0 0
##$SHL_OFFSCOEFF11= (0..95)
0 0 0 0 0 0 0 0 0 0 0 0 0 0 0 0 0 0 0 0 0 0 0 0 0 0 0 0 0 0 0 0 0 0 0 0
0 0 0 0 0 0 0 0 0 0 0 0 0 0 0 0 0 0 0 0 0 0 0 0 0 0 0 0 0 0 0 0 0 0 0 0
0 0 0 0 0 0 0 0 0 0 0 0 0 0 0 0 0 0 0 0 0 0 0 0
##$SHL_OFFSCOEFF12= (0..95)
0 0 0 0 0 0 0 0 0 0 0 0 0 0 0 0 0 0 0 0 0 0 0 0 0 0 0 0 0 0 0 0 0 0 0 0
0 0 0 0 0 0 0 0 0 0 0 0 0 0 0 0 0 0 0 0 0 0 0 0 0 0 0 0 0 0 0 0 0 0 0 0
0 0 0 0 0 0 0 0 0 0 0 0 0 0 0 0 0 0 0 0 0 0 0 0
##$SHL_OFFSCOEFF13= (0..95)
0 0 0 0 0 0 0 0 0 0 0 0 0 0 0 0 0 0 0 0 0 0 0 0 0 0 0 0 0 0 0 0 0 0 0 0
0 0 0 0 0 0 0 0 0 0 0 0 0 0 0 0 0 0 0 0 0 0 0 0 0 0 0 0 0 0 0 0 0 0 0 0
0 0 0 0 0 0 0 0 0 0 0 0 0 0 0 0 0 0 0 0 0 0 0 0
##$SHL_OFFSCOEFF14= (0..95)
0 0 0 0 0 0 0 0 0 0 0 0 0 0 0 0 0 0 0 0 0 0 0 0 0 0 0 0 0 0 0 0 0 0 0 0
0 0 0 0 0 0 0 0 0 0 0 0 0 0 0 0 0 0 0 0 0 0 0 0 0 0 0 0 0 0 0 0 0 0 0 0
0 0 0 0 0 0 0 0 0 0 0 0 0 0 0 0 0 0 0 0 0 0 0 0
##$SHL_OFFSCOEFF15= (0..95)
0 0 0 0 0 0 0 0 0 0 0 0 0 0 0 0 0 0 0 0 0 0 0 0 0 0 0 0 0 0 0 0 0 0 0 0
0 0 0 0 0 0 0 0 0 0 0 0 0 0 0 0 0 0 0 0 0 0 0 0 0 0 0 0 0 0 0 0 0 0 0 0
0 0 0 0 0 0 0 0 0 0 0 0 0 0 0 0 0 0 0 0 0 0 0 0
##$SHL_OFFSCOEFF2= (0..95)
0 0 0 0 0 0 0 0 0 0 0 0 0 0 0 0 0 0 0 0 0 0 0 0 0 0 0 0 0 0 0 0 0 0 0 0
0 0 0 0 0 0 0 0 0 0 0 0 0 0 0 0 0 0 0 0 0 0 0 0 0 0 0 0 0 0 0 0 0 0 0 0
0 0 0 0 0 0 0 0 0 0 0 0 0 0 0 0 0 0 0 0 0 0 0 0
##$SHL_OFFSCOEFF3= (0..95)
0 0 0 0 0 0 0 0 0 0 0 0 0 0 0 0 0 0 0 0 0 0 0 0 0 0 0 0 0 0 0 0 0 0 0 0
0 0 0 0 0 0 0 0 0 0 0 0 0 0 0 0 0 0 0 0 0 0 0 0 0 0 0 0 0 0 0 0 0 0 0 0
0 0 0 0 0 0 0 0 0 0 0 0 0 0 0 0 0 0 0 0 0 0 0 0
##$SHL_OFFSCOEFF4= (0..95)
0 0 0 0 0 0 0 0 0 0 0 0 0 0 0 0 0 0 0 0 0 0 0 0 0 0 0 0 0 0 0 0 0 0 0 0
0 0 0 0 0 0 0 0 0 0 0 0 0 0 0 0 0 0 0 0 0 0 0 0 0 0 0 0 0 0 0 0 0 0 0 0
0 0 0 0 0 0 0 0 0 0 0 0 0 0 0 0 0 0 0 0 0 0 0 0
##$SHL_OFFSCOEFF5= (0..95)
0 0 0 0 0 0 0 0 0 0 0 0 0 0 0 0 0 0 0 0 0 0 0 0 0 0 0 0 0 0 0 0 0 0 0 0
0 0 0 0 0 0 0 0 0 0 0 0 0 0 0 0 0 0 0 0 0 0 0 0 0 0 0 0 0 0 0 0 0 0 0 0
0 0 0 0 0 0 0 0 0 0 0 0 0 0 0 0 0 0 0 0 0 0 0 0
##$SHL_OFFSCOEFF6= (0..95)
0 0 0 0 0 0 0 0 0 0 0 0 0 0 0 0 0 0 0 0 0 0 0 0 0 0 0 0 0 0 0 0 0 0 0 0
0 0 0 0 0 0 0 0 0 0 0 0 0 0 0 0 0 0 0 0 0 0 0 0 0 0 0 0 0 0 0 0 0 0 0 0
0 0 0 0 0 0 0 0 0 0 0 0 0 0 0 0 0 0 0 0 0 0 0 0
##$SHL_OFFSCOEFF7= (0..95)
0 0 0 0 0 0 0 0 0 0 0 0 0 0 0 0 0 0 0 0 0 0 0 0 0 0 0 0 0 0 0 0 0 0 0 0
0 0 0 0 0 0 0 0 0 0 0 0 0 0 0 0 0 0 0 0 0 0 0 0 0 0 0 0 0 0 0 0 0 0 0 0
0 0 0 0 0 0 0 0 0 0 0 0 0 0 0 0 0 0 0 0 0 0 0 0
##$SHL_OFFSCOEFF8= (0..95)
0 0 0 0 0 0 0 0 0 0 0 0 0 0 0 0 0 0 0 0 0 0 0 0 0 0 0 0 0 0 0 0 0 0 0 0
0 0 0 0 0 0 0 0 0 0 0 0 0 0 0 0 0 0 0 0 0 0 0 0 0 0 0 0 0 0 0 0 0 0 0 0
0 0 0 0 0 0 0 0 0 0 0 0 0 0 0 0 0 0 0 0 0 0 0 0
##$SHL_OFFSCOEFF9= (0..95)
0 0 0 0 0 0 0 0 0 0 0 0 0 0 0 0 0 0 0 0 0 0 0 0 0 0 0 0 0 0 0 0 0 0 0 0
0 0 0 0 0 0 0 0 0 0 0 0 0 0 0 0 0 0 0 0 0 0 0 0 0 0 0 0 0 0 0 0 0 0 0 0
0 0 0 0 0 0 0 0 0 0 0 0 0 0 0 0 0 0 0 0 0 0 0 0
##$SHL_PHASE= (0..15)
0 0 0 0 0 0 0 0 0 0 0 0 0 0 0 0
##$SHL_PHASEFAC= (0..15)
0 0 0 0 0 0 0 0 0 0 0 0 0 0 0 0
##$SHL_POWERINDEX= (0..15)
0 0 0 0 0 0 0 0 0 0 0 0 0 0 0 0
##$SHL_QUADCOEFF= (0..15)
0 0 0 0 0 0 0 0 0 0 0 0 0 0 0 0
##$SHL_RIGHTLIMIT= (0..15)
0 0 0 0 0 0 0 0 0 0 0 0 0 0 0 0
##$SHL_SCALEFACTOR= (0..15)
1 1 1 1 1 1 1 1 1 1 1 1 1 1 1 1
##$SHL_SF= (0..15)
<> <> <> <> <> <> <> <> <> <> <> <> <> <> <> <>
##$SHL_SFCOEFFS0= (0..200)
0 0 0 0 0 0 0 0 0 0 0 0 0 0 0 0 0 0 0 0 0 0 0 0 0 0 0 0 0 0 0 0 0 0 0 0
0 0 0 0 0 0 0 0 0 0 0 0 0 0 0 0 0 0 0 0 0 0 0 0 0 0 0 0 0 0 0 0 0 0 0 0
0 0 0 0 0 0 0 0 0 0 0 0 0 0 0 0 0 0 0 0 0 0 0 0 0 0 0 0 0 0 0 0 0 0 0 0
0 0 0 0 0 0 0 0 0 0 0 0 0 0 0 0 0 0 0 0 0 0 0 0 0 0 0 0 0 0 0 0 0 0 0 0
0 0 0 0 0 0 0 0 0 0 0 0 0 0 0 0 0 0 0 0 0 0 0 0 0 0 0 0 0 0 0 0 0 0 0 0
0 0 0 0 0 0 0 0 0 0 0 0 0 0 0 0 0 0 0 0 0
##$SHL_SFCOEFFS1= (0..200)
0 0 0 0 0 0 0 0 0 0 0 0 0 0 0 0 0 0 0 0 0 0 0 0 0 0 0 0 0 0 0 0 0 0 0 0
0 0 0 0 0 0 0 0 0 0 0 0 0 0 0 0 0 0 0 0 0 0 0 0 0 0 0 0 0 0 0 0 0 0 0 0
0 0 0 0 0 0 0 0 0 0 0 0 0 0 0 0 0 0 0 0 0 0 0 0 0 0 0 0 0 0 0 0 0 0 0 0
0 0 0 0 0 0 0 0 0 0 0 0 0 0 0 0 0 0 0 0 0 0 0 0 0 0 0 0 0 0 0 0 0 0 0 0
0 0 0 0 0 0 0 0 0 0 0 0 0 0 0 0 0 0 0 0 0 0 0 0 0 0 0 0 0 0 0 0 0 0 0 0
0 0 0 0 0 0 0 0 0 0 0 0 0 0 0 0 0 0 0 0 0
##$SHL_SFCOEFFS10= (0..200)
0 0 0 0 0 0 0 0 0 0 0 0 0 0 0 0 0 0 0 0 0 0 0 0 0 0 0 0 0 0 0 0 0 0 0 0
0 0 0 0 0 0 0 0 0 0 0 0 0 0 0 0 0 0 0 0 0 0 0 0 0 0 0 0 0 0 0 0 0 0 0 0
0 0 0 0 0 0 0 0 0 0 0 0 0 0 0 0 0 0 0 0 0 0 0 0 0 0 0 0 0 0 0 0 0 0 0 0
0 0 0 0 0 0 0 0 0 0 0 0 0 0 0 0 0 0 0 0 0 0 0 0 0 0 0 0 0 0 0 0 0 0 0 0
0 0 0 0 0 0 0 0 0 0 0 0 0 0 0 0 0 0 0 0 0 0 0 0 0 0 0 0 0 0 0 0 0 0 0 0
0 0 0 0 0 0 0 0 0 0 0 0 0 0 0 0 0 0 0 0 0
##$SHL_SFCOEFFS11= (0..200)
0 0 0 0 0 0 0 0 0 0 0 0 0 0 0 0 0 0 0 0 0 0 0 0 0 0 0 0 0 0 0 0 0 0 0 0
0 0 0 0 0 0 0 0 0 0 0 0 0 0 0 0 0 0 0 0 0 0 0 0 0 0 0 0 0 0 0 0 0 0 0 0
0 0 0 0 0 0 0 0 0 0 0 0 0 0 0 0 0 0 0 0 0 0 0 0 0 0 0 0 0 0 0 0 0 0 0 0
0 0 0 0 0 0 0 0 0 0 0 0 0 0 0 0 0 0 0 0 0 0 0 0 0 0 0 0 0 0 0 0 0 0 0 0
0 0 0 0 0 0 0 0 0 0 0 0 0 0 0 0 0 0 0 0 0 0 0 0 0 0 0 0 0 0 0 0 0 0 0 0
0 0 0 0 0 0 0 0 0 0 0 0 0 0 0 0 0 0 0 0 0
##$SHL_SFCOEFFS12= (0..200)
0 0 0 0 0 0 0 0 0 0 0 0 0 0 0 0 0 0 0 0 0 0 0 0 0 0 0 0 0 0 0 0 0 0 0 0
0 0 0 0 0 0 0 0 0 0 0 0 0 0 0 0 0 0 0 0 0 0 0 0 0 0 0 0 0 0 0 0 0 0 0 0
0 0 0 0 0 0 0 0 0 0 0 0 0 0 0 0 0 0 0 0 0 0 0 0 0 0 0 0 0 0 0 0 0 0 0 0
0 0 0 0 0 0 0 0 0 0 0 0 0 0 0 0 0 0 0 0 0 0 0 0 0 0 0 0 0 0 0 0 0 0 0 0
0 0 0 0 0 0 0 0 0 0 0 0 0 0 0 0 0 0 0 0 0 0 0 0 0 0 0 0 0 0 0 0 0 0 0 0
0 0 0 0 0 0 0 0 0 0 0 0 0 0 0 0 0 0 0 0 0
##$SHL_SFCOEFFS13= (0..200)
0 0 0 0 0 0 0 0 0 0 0 0 0 0 0 0 0 0 0 0 0 0 0 0 0 0 0 0 0 0 0 0 0 0 0 0
0 0 0 0 0 0 0 0 0 0 0 0 0 0 0 0 0 0 0 0 0 0 0 0 0 0 0 0 0 0 0 0 0 0 0 0
0 0 0 0 0 0 0 0 0 0 0 0 0 0 0 0 0 0 0 0 0 0 0 0 0 0 0 0 0 0 0 0 0 0 0 0
0 0 0 0 0 0 0 0 0 0 0 0 0 0 0 0 0 0 0 0 0 0 0 0 0 0 0 0 0 0 0 0 0 0 0 0
0 0 0 0 0 0 0 0 0 0 0 0 0 0 0 0 0 0 0 0 0 0 0 0 0 0 0 0 0 0 0 0 0 0 0 0
0 0 0 0 0 0 0 0 0 0 0 0 0 0 0 0 0 0 0 0 0
##$SHL_SFCOEFFS14= (0..200)
0 0 0 0 0 0 0 0 0 0 0 0 0 0 0 0 0 0 0 0 0 0 0 0 0 0 0 0 0 0 0 0 0 0 0 0
0 0 0 0 0 0 0 0 0 0 0 0 0 0 0 0 0 0 0 0 0 0 0 0 0 0 0 0 0 0 0 0 0 0 0 0
0 0 0 0 0 0 0 0 0 0 0 0 0 0 0 0 0 0 0 0 0 0 0 0 0 0 0 0 0 0 0 0 0 0 0 0
0 0 0 0 0 0 0 0 0 0 0 0 0 0 0 0 0 0 0 0 0 0 0 0 0 0 0 0 0 0 0 0 0 0 0 0
0 0 0 0 0 0 0 0 0 0 0 0 0 0 0 0 0 0 0 0 0 0 0 0 0 0 0 0 0 0 0 0 0 0 0 0
0 0 0 0 0 0 0 0 0 0 0 0 0 0 0 0 0 0 0 0 0
##$SHL_SFCOEFFS15= (0..200)
0 0 0 0 0 0 0 0 0 0 0 0 0 0 0 0 0 0 0 0 0 0 0 0 0 0 0 0 0 0 0 0 0 0 0 0
0 0 0 0 0 0 0 0 0 0 0 0 0 0 0 0 0 0 0 0 0 0 0 0 0 0 0 0 0 0 0 0 0 0 0 0
0 0 0 0 0 0 0 0 0 0 0 0 0 0 0 0 0 0 0 0 0 0 0 0 0 0 0 0 0 0 0 0 0 0 0 0
0 0 0 0 0 0 0 0 0 0 0 0 0 0 0 0 0 0 0 0 0 0 0 0 0 0 0 0 0 0 0 0 0 0 0 0
0 0 0 0 0 0 0 0 0 0 0 0 0 0 0 0 0 0 0 0 0 0 0 0 0 0 0 0 0 0 0 0 0 0 0 0
0 0 0 0 0 0 0 0 0 0 0 0 0 0 0 0 0 0 0 0 0
##$SHL_SFCOEFFS2= (0..200)
0 0 0 0 0 0 0 0 0 0 0 0 0 0 0 0 0 0 0 0 0 0 0 0 0 0 0 0 0 0 0 0 0 0 0 0
0 0 0 0 0 0 0 0 0 0 0 0 0 0 0 0 0 0 0 0 0 0 0 0 0 0 0 0 0 0 0 0 0 0 0 0
0 0 0 0 0 0 0 0 0 0 0 0 0 0 0 0 0 0 0 0 0 0 0 0 0 0 0 0 0 0 0 0 0 0 0 0
0 0 0 0 0 0 0 0 0 0 0 0 0 0 0 0 0 0 0 0 0 0 0 0 0 0 0 0 0 0 0 0 0 0 0 0
0 0 0 0 0 0 0 0 0 0 0 0 0 0 0 0 0 0 0 0 0 0 0 0 0 0 0 0 0 0 0 0 0 0 0 0
0 0 0 0 0 0 0 0 0 0 0 0 0 0 0 0 0 0 0 0 0
##$SHL_SFCOEFFS3= (0..200)
0 0 0 0 0 0 0 0 0 0 0 0 0 0 0 0 0 0 0 0 0 0 0 0 0 0 0 0 0 0 0 0 0 0 0 0
0 0 0 0 0 0 0 0 0 0 0 0 0 0 0 0 0 0 0 0 0 0 0 0 0 0 0 0 0 0 0 0 0 0 0 0
0 0 0 0 0 0 0 0 0 0 0 0 0 0 0 0 0 0 0 0 0 0 0 0 0 0 0 0 0 0 0 0 0 0 0 0
0 0 0 0 0 0 0 0 0 0 0 0 0 0 0 0 0 0 0 0 0 0 0 0 0 0 0 0 0 0 0 0 0 0 0 0
0 0 0 0 0 0 0 0 0 0 0 0 0 0 0 0 0 0 0 0 0 0 0 0 0 0 0 0 0 0 0 0 0 0 0 0
0 0 0 0 0 0 0 0 0 0 0 0 0 0 0 0 0 0 0 0 0
##$SHL_SFCOEFFS4= (0..200)
0 0 0 0 0 0 0 0 0 0 0 0 0 0 0 0 0 0 0 0 0 0 0 0 0 0 0 0 0 0 0 0 0 0 0 0
0 0 0 0 0 0 0 0 0 0 0 0 0 0 0 0 0 0 0 0 0 0 0 0 0 0 0 0 0 0 0 0 0 0 0 0
0 0 0 0 0 0 0 0 0 0 0 0 0 0 0 0 0 0 0 0 0 0 0 0 0 0 0 0 0 0 0 0 0 0 0 0
0 0 0 0 0 0 0 0 0 0 0 0 0 0 0 0 0 0 0 0 0 0 0 0 0 0 0 0 0 0 0 0 0 0 0 0
0 0 0 0 0 0 0 0 0 0 0 0 0 0 0 0 0 0 0 0 0 0 0 0 0 0 0 0 0 0 0 0 0 0 0 0
0 0 0 0 0 0 0 0 0 0 0 0 0 0 0 0 0 0 0 0 0
##$SHL_SFCOEFFS5= (0..200)
0 0 0 0 0 0 0 0 0 0 0 0 0 0 0 0 0 0 0 0 0 0 0 0 0 0 0 0 0 0 0 0 0 0 0 0
0 0 0 0 0 0 0 0 0 0 0 0 0 0 0 0 0 0 0 0 0 0 0 0 0 0 0 0 0 0 0 0 0 0 0 0
0 0 0 0 0 0 0 0 0 0 0 0 0 0 0 0 0 0 0 0 0 0 0 0 0 0 0 0 0 0 0 0 0 0 0 0
0 0 0 0 0 0 0 0 0 0 0 0 0 0 0 0 0 0 0 0 0 0 0 0 0 0 0 0 0 0 0 0 0 0 0 0
0 0 0 0 0 0 0 0 0 0 0 0 0 0 0 0 0 0 0 0 0 0 0 0 0 0 0 0 0 0 0 0 0 0 0 0
0 0 0 0 0 0 0 0 0 0 0 0 0 0 0 0 0 0 0 0 0
##$SHL_SFCOEFFS6= (0..200)
0 0 0 0 0 0 0 0 0 0 0 0 0 0 0 0 0 0 0 0 0 0 0 0 0 0 0 0 0 0 0 0 0 0 0 0
0 0 0 0 0 0 0 0 0 0 0 0 0 0 0 0 0 0 0 0 0 0 0 0 0 0 0 0 0 0 0 0 0 0 0 0
0 0 0 0 0 0 0 0 0 0 0 0 0 0 0 0 0 0 0 0 0 0 0 0 0 0 0 0 0 0 0 0 0 0 0 0
0 0 0 0 0 0 0 0 0 0 0 0 0 0 0 0 0 0 0 0 0 0 0 0 0 0 0 0 0 0 0 0 0 0 0 0
0 0 0 0 0 0 0 0 0 0 0 0 0 0 0 0 0 0 0 0 0 0 0 0 0 0 0 0 0 0 0 0 0 0 0 0
0 0 0 0 0 0 0 0 0 0 0 0 0 0 0 0 0 0 0 0 0
##$SHL_SFCOEFFS7= (0..200)
0 0 0 0 0 0 0 0 0 0 0 0 0 0 0 0 0 0 0 0 0 0 0 0 0 0 0 0 0 0 0 0 0 0 0 0
0 0 0 0 0 0 0 0 0 0 0 0 0 0 0 0 0 0 0 0 0 0 0 0 0 0 0 0 0 0 0 0 0 0 0 0
0 0 0 0 0 0 0 0 0 0 0 0 0 0 0 0 0 0 0 0 0 0 0 0 0 0 0 0 0 0 0 0 0 0 0 0
0 0 0 0 0 0 0 0 0 0 0 0 0 0 0 0 0 0 0 0 0 0 0 0 0 0 0 0 0 0 0 0 0 0 0 0
0 0 0 0 0 0 0 0 0 0 0 0 0 0 0 0 0 0 0 0 0 0 0 0 0 0 0 0 0 0 0 0 0 0 0 0
0 0 0 0 0 0 0 0 0 0 0 0 0 0 0 0 0 0 0 0 0
##$SHL_SFCOEFFS8= (0..200)
0 0 0 0 0 0 0 0 0 0 0 0 0 0 0 0 0 0 0 0 0 0 0 0 0 0 0 0 0 0 0 0 0 0 0 0
0 0 0 0 0 0 0 0 0 0 0 0 0 0 0 0 0 0 0 0 0 0 0 0 0 0 0 0 0 0 0 0 0 0 0 0
0 0 0 0 0 0 0 0 0 0 0 0 0 0 0 0 0 0 0 0 0 0 0 0 0 0 0 0 0 0 0 0 0 0 0 0
0 0 0 0 0 0 0 0 0 0 0 0 0 0 0 0 0 0 0 0 0 0 0 0 0 0 0 0 0 0 0 0 0 0 0 0
0 0 0 0 0 0 0 0 0 0 0 0 0 0 0 0 0 0 0 0 0 0 0 0 0 0 0 0 0 0 0 0 0 0 0 0
0 0 0 0 0 0 0 0 0 0 0 0 0 0 0 0 0 0 0 0 0
##$SHL_SFCOEFFS9= (0..200)
0 0 0 0 0 0 0 0 0 0 0 0 0 0 0 0 0 0 0 0 0 0 0 0 0 0 0 0 0 0 0 0 0 0 0 0
0 0 0 0 0 0 0 0 0 0 0 0 0 0 0 0 0 0 0 0 0 0 0 0 0 0 0 0 0 0 0 0 0 0 0 0
0 0 0 0 0 0 0 0 0 0 0 0 0 0 0 0 0 0 0 0 0 0 0 0 0 0 0 0 0 0 0 0 0 0 0 0
0 0 0 0 0 0 0 0 0 0 0 0 0 0 0 0 0 0 0 0 0 0 0 0 0 0 0 0 0 0 0 0 0 0 0 0
0 0 0 0 0 0 0 0 0 0 0 0 0 0 0 0 0 0 0 0 0 0 0 0 0 0 0 0 0 0 0 0 0 0 0 0
0 0 0 0 0 0 0 0 0 0 0 0 0 0 0 0 0 0 0 0 0
##$SHL_SMOOTHED= (0..15)
0 0 0 0 0 0 0 0 0 0 0 0 0 0 0 0
##$SHL_SMOOTHING= (0..15)
0 0 0 0 0 0 0 0 0 0 0 0 0 0 0 0
##$SHL_SPOAL= (0..15)
0 0 0 0 0 0 0 0 0 0 0 0 0 0 0 0
##$SHL_SPOFFS= (0..15)
0 0 0 0 0 0 0 0 0 0 0 0 0 0 0 0
##$SHL_SPOPH= (0..15)
0 0 0 0 0 0 0 0 0 0 0 0 0 0 0 0
##$SHL_STARTAMP= (0..15)
0 0 0 0 0 0 0 0 0 0 0 0 0 0 0 0
##$SHL_SW= (0..15)
0 0 0 0 0 0 0 0 0 0 0 0 0 0 0 0
##$SHL_SWDIR= (0..15)
-1 -1 -1 -1 -1 -1 -1 -1 -1 -1 -1 -1 -1 -1 -1 -1
##$SHL_TANKAPPA= (0..15)
0 0 0 0 0 0 0 0 0 0 0 0 0 0 0 0
##$SHL_TOTROT= (0..15)
90 0 0 0 0 0 0 0 0 0 0 0 0 0 0 0
##$SHL_TRUNCLEV= (0..15)
0 0 0 0 0 0 0 0 0 0 0 0 0 0 0 0
##$SHL_TYPE= (0..15)
<Excitation> <> <> <> <> <> <> <> <> <> <> <> <> <> <> <>
##$SHL_WINDOWSIZE= (0..15)
0 0 0 0 0 0 0 0 0 0 0 0 0 0 0 0
##$SHL_ZETA= (0..15)
0 0 0 0 0 0 0 0 0 0 0 0 0 0 0 0
##NPOINTS= 1250
##XYPOINTS= (XY..XY)
72.544954, 93.236670
72.085785, 94.788501
71.623774, 96.339883
71.158956, 97.890806
70.691364, 99.441262
70.221034, 100.991239
69.748000, 102.540728
69.272298, 104.089719
68.793963, 105.638201
68.313031, 107.186162
67.829537, 108.733592
67.343519, 110.280477
66.855011, 111.826807
66.364051, 113.372567
65.870675, 114.917746
65.374919, 116.462329
64.876822, 118.006303
64.376420, 119.549652
63.873751, 121.092362
63.368852, 122.634417
62.861761, 124.175801
62.352516, 125.716497
61.841155, 127.256488
61.327717, 128.795756
60.812240, 130.334282
60.294763, 131.872047
59.775324, 133.409031
59.253964, 134.945213
58.730720, 136.480572
58.205632, 138.015085
57.678741, 139.548728
57.150085, 141.081479
56.619705, 142.613311
56.087641, 144.144198
55.553933, 145.674114
55.018621, 147.203030
54.481746, 148.730917
53.943348, 150.257744
53.403470, 151.783480
52.862150, 153.308091
52.319432, 154.831542
51.775356, 156.353798
51.229964, 157.874821
50.683298, 159.394572
50.135399, 160.913010
49.586310, 162.430092
49.036072, 163.945773
48.484728, 165.460007
47.932321, 166.972745
47.378894, 168.483936
46.824488, 169.993527
46.269148, 171.501461
45.712917, 173.007679
45.155837, 174.512121
44.597953, 176.014722
44.039309, 177.515413
43.479947, 179.014124
42.919914, 180.510781
42.359252, 182.005304
41.798007, 183.497611
41.236223, 184.987615
40.673946, 186.475224
40.111220, 187.960342
39.548092, 189.442867
38.984606, 190.922691
38.420810, 192.399701
37.856749, 193.873777
37.292470, 195.344792
36.728020, 196.812611
36.163446, 198.277093
35.598797, 199.738086
35.034119, 201.195430
34.469461, 202.648955
33.904873, 204.098481
33.340403, 205.543814
32.776101, 206.984751
32.212018, 208.421072
31.648205, 209.852546
31.084712, 211.278923
30.521593, 212.699937
29.958900, 214.115303
29.396686, 215.524717
28.835008, 216.927851
28.273919, 218.324354
27.713476, 219.713847
27.153737, 221.095925
26.594762, 222.470147
26.036609, 223.836040
25.479342, 225.193092
24.923023, 226.540749
24.367717, 227.878408
23.813492, 229.205419
23.260417, 230.521069
22.708565, 231.824585
22.158009, 233.115123
21.608829, 234.391759
21.061105, 235.653482
20.514923, 236.899181
19.970372, 238.127635
19.427548, 239.337499
18.886551, 240.527287
18.347488, 241.695354
17.810474, 242.839877
17.275632, 243.958826
16.743093, 245.049939
16.213002, 246.110691
15.685515, 247.138248
15.160803, 248.129428
14.639056, 249.080648
14.120481, 249.987856
13.605312, 250.846461
13.093808, 251.651246
12.586263, 252.396265
12.083008, 253.074716
11.584421, 253.678804
11.090936, 254.199564
10.603052, 254.626659
10.121349, 254.948150
9.646504, 255.150215
9.179311, 255.216836
8.720705, 255.129455
8.271799, 254.866589
7.833914, 254.403464
7.408632, 253.711682
6.997845, 252.759046
6.603816, 251.509668
6.229250, 249.924623
5.877350, 247.963504
5.551869, 245.587351
5.257111, 242.763498
4.997868, 239.472695
4.779233, 235.718279
4.606262, 231.535983
4.483481, 227.001309
4.414293, 222.230302
4.400425, 217.370393
4.441587, 212.581738
4.535480, 208.014261
4.678143, 203.788166
4.864518, 199.983616
5.089060, 196.640508
5.346246, 193.765328
5.630915, 191.340867
5.938454, 189.335562
6.264862, 187.710877
6.606736, 186.426392
6.961213, 185.442917
7.325906, 184.724179
7.698825, 184.237555
8.078315, 183.954229
8.462995, 183.849035
8.851707, 183.900141
9.243482, 184.088680
9.637498, 184.398370
10.033060, 184.815159
10.429572, 185.326911
10.826526, 185.923123
11.223480, 186.594689
11.620052, 187.333690
12.015910, 188.133223
12.410759, 188.987252
12.804343, 189.890484
13.196432, 190.838263
13.586821, 191.826482
13.975328, 192.851508
14.361787, 193.910117
14.746051, 194.999441
15.127982, 196.116921
15.507459, 197.260268
15.884366, 198.427429
16.258601, 199.616558
16.630067, 200.825993
16.998674, 202.054232
17.364339, 203.299913
17.726984, 204.561805
18.086537, 205.838785
18.442930, 207.129832
18.796098, 208.434013
19.145980, 209.750477
19.492518, 211.078443
19.835658, 212.417193
20.175348, 213.766070
20.511537, 215.124467
20.844178, 216.491827
21.173227, 217.867632
21.498638, 219.251405
21.820370, 220.642706
22.138383, 222.041124
22.452638, 223.446279
22.763097, 224.857817
23.069724, 226.275409
23.372484, 227.698750
23.671342, 229.127552
23.966267, 230.561550
24.257225, 232.000492
24.544187, 233.444146
24.827121, 234.892292
25.105999, 236.344726
25.380792, 237.801254
25.651473, 239.261697
25.918015, 240.725883
26.180391, 242.193653
26.438576, 243.664856
26.692545, 245.139350
26.942274, 246.617001
27.187739, 248.097682
27.428917, 249.581275
27.665786, 251.067666
27.898324, 252.556748
28.126509, 254.048421
28.350321, 255.542589
28.569739, 257.039161
28.784745, 258.538051
28.995317, 260.039178
29.201438, 261.542464
29.403090, 263.047837
29.600254, 264.555225
29.792914, 266.064564
29.981052, 267.575790
30.164652, 269.088842
30.343698, 270.603665
30.518174, 272.120203
30.688066, 273.638405
30.853358, 275.158222
31.014037, 276.679607
31.170089, 278.202516
31.321500, 279.726904
31.468258, 281.252733
31.610350, 282.779964
31.747763, 284.308559
31.880487, 285.838483
32.008509, 287.369703
32.131819, 288.902187
32.250407, 290.435905
32.364262, 291.970826
32.473375, 293.506925
32.577737, 295.044173
32.677338, 296.582547
32.772170, 298.122021
32.862225, 299.662574
32.947496, 301.204184
33.027974, 302.746829
33.103654, 304.290490
33.174528, 305.835149
33.240591, 307.380787
33.301837, 308.927389
33.358260, 310.474938
33.409855, 312.023418
33.456619, 313.572816
33.498546, 315.123119
33.535633, 316.674313
33.567876, 318.226387
33.595273, 319.779329
33.617820, 321.333130
33.635516, 322.887778
33.648359, 324.443266
33.656347, 325.999586
33.659478, 327.556728
33.657753, 329.114687
33.651170, 330.673455
33.639730, 332.233028
33.623434, 333.793400
33.602281, 335.354566
33.576273, 336.916523
33.545412, 338.479267
33.509699, 340.042796
33.469137, 341.607108
33.423729, 343.172201
33.373476, 344.738075
33.318384, 346.304729
33.258454, 347.872164
33.193693, 349.440381
33.124103, 351.009381
33.049691, 352.579168
32.970461, 354.149743
32.886418, 355.721112
32.797570, 357.293277
32.703921, 358.866245
32.605480, 0.440021
32.502253, 2.014611
32.394247, 3.590023
32.281471, 5.166264
32.163932, 6.743344
32.041640, 8.321272
31.914602, 9.900058
31.782829, 11.479715
31.646331, 13.060252
31.505116, 14.641685
31.359197, 16.224028
31.208582, 17.807294
31.053285, 19.391501
30.893315, 20.976665
30.728686, 22.562805
30.559409, 24.149941
30.385498, 25.738093
30.206964, 27.327284
30.023822, 28.917537
29.836085, 30.508877
29.643767, 32.101331
29.446883, 33.694927
29.245448, 35.289695
29.039477, 36.885666
28.828986, 38.482874
28.613990, 40.081356
28.394506, 41.681148
28.170550, 43.282291
27.942141, 44.884827
27.709295, 46.488802
27.472030, 48.094263
27.230364, 49.701261
26.984317, 51.309851
26.733906, 52.920089
26.479153, 54.532038
26.220076, 56.145760
25.956695, 57.761326
25.689032, 59.378809
25.417107, 60.998288
25.140943, 62.619845
24.860560, 64.243569
24.575981, 65.869557
24.287229, 67.497908
23.994327, 69.128732
23.697299, 70.762144
23.396168, 72.398270
23.090961, 74.037243
22.781700, 75.679205
22.468413, 77.324312
22.151126, 78.972727
21.829864, 80.624631
21.504656, 82.280215
21.175529, 83.939687
20.842512, 85.603272
20.505634, 87.271214
20.164924, 88.943775
19.820413, 90.621243
19.472133, 92.303931
19.120116, 93.992177
18.764394, 95.686353
18.405002, 97.386866
18.041975, 99.094159
17.675349, 100.808723
17.305161, 102.531095
16.931450, 104.261868
16.554257, 106.001699
16.173624, 107.751315
15.789593, 109.511524
15.402211, 111.283228
15.011527, 113.067432
14.617591, 114.865267
14.220456, 116.678000
13.820181, 118.507066
13.416827, 120.354087
13.010459, 122.220907
12.601150, 124.109634
12.188976, 126.022683
11.774024, 127.962835
11.356388, 129.933311
10.936172, 131.937857
10.513496, 133.980858
10.088492, 136.067477
9.661316, 138.203827
9.232144, 140.397203
8.801185, 142.656373
8.368687, 144.991958
7.934944, 147.416935
7.500317, 149.947308
7.065250, 152.603006
6.630297, 155.409113
6.196164, 158.397550
5.763761, 161.609419
5.334287, 165.098271
4.909347, 168.934691
4.491136, 173.212662
4.082707, 178.058189
3.688394, 183.640162
3.314428, 190.181586
2.969820, 197.963734
2.667422, 207.302322
2.424654, 218.452550
2.262467, 231.397064
2.200444, 245.582592
2.248517, 259.911268
2.401573, 273.212864
2.642764, 284.792568
2.951732, 294.530566
3.310583, 302.642687
3.705757, 309.442878
4.127631, 315.224138
4.569524, 320.223027
5.026791, 324.619940
5.496160, 328.549702
5.975291, 332.112798
6.462473, 335.384547
6.956434, 338.421950
7.456207, 341.268637
7.961046, 343.958402
8.470364, 346.517730
8.983693, 348.967611
9.500651, 351.324862
10.020924, 353.603088
10.544250, 355.813403
11.070407, 357.964962
11.599204, 0.065370
12.130474, 2.120992
12.664073, 4.137191
13.199870, 6.118518
13.737750, 8.068855
14.277607, 9.991537
14.819344, 11.889439
15.362872, 13.765057
15.908110, 15.620563
16.454979, 17.457860
17.003406, 19.278620
17.553322, 21.084317
18.104662, 22.876258
18.657361, 24.655602
19.211359, 26.423385
19.766598, 28.180530
20.323020, 29.927867
20.880569, 31.666144
21.439192, 33.396032
21.998836, 35.118140
22.559449, 36.833019
23.120980, 38.541171
23.683379, 40.243051
24.246597, 41.939075
24.810584, 43.629624
25.375292, 45.315046
25.940675, 46.995661
26.506684, 48.671762
27.073273, 50.343621
27.640396, 52.011486
28.208006, 53.675588
28.776058, 55.336141
29.344505, 56.993342
29.913304, 58.647374
30.482408, 60.298408
31.051773, 61.946603
31.621355, 63.592106
32.191108, 65.235055
32.760989, 66.875578
33.330953, 68.513795
33.900957, 70.149819
34.470957, 71.783756
35.040908, 73.415704
35.610768, 75.045755
36.180493, 76.673998
36.750039, 78.300513
37.319363, 79.925379
37.888422, 81.548667
38.457174, 83.170447
39.025574, 84.790783
39.593581, 86.409736
40.161151, 88.027364
40.728243, 89.643722
41.294812, 91.258861
41.860817, 92.872831
42.426216, 94.485677
42.990965, 96.097444
43.555024, 97.708174
44.118349, 99.317906
44.680899, 100.926679
45.242632, 102.534529
45.803506, 104.141488
46.363479, 105.747591
46.922510, 107.352868
47.480557, 108.957349
48.037578, 110.561062
48.593533, 112.164034
49.148380, 113.766291
49.702078, 115.367858
50.254585, 116.968757
50.805862, 118.569011
51.355867, 120.168643
51.904559, 121.767672
52.451898, 123.366118
52.997844, 124.964001
53.542356, 126.561338
54.085393, 128.158146
54.626916, 129.754443
55.166885, 131.350245
55.705260, 132.945566
56.242001, 134.540422
56.777069, 136.134826
57.310423, 137.728793
57.842026, 139.322336
58.371836, 140.915467
58.899817, 142.508198
59.425928, 144.100541
59.950131, 145.692507
60.472387, 147.284108
60.992657, 148.875353
61.510904, 150.466253
62.027090, 152.056818
62.541176, 153.647056
63.053124, 155.236977
63.562897, 156.826590
64.070457, 158.415904
64.575767, 160.004925
65.078790, 161.593663
65.579489, 163.182124
66.077826, 164.770317
66.573766, 166.358248
67.067272, 167.945925
67.558307, 169.533353
68.046836, 171.120540
68.532822, 172.707491
69.016230, 174.294213
69.497024, 175.880712
69.975170, 177.466993
70.450631, 179.053062
70.923373, 180.638924
71.393361, 182.224584
71.860561, 183.810047
72.324938, 185.395319
72.786458, 186.980404
73.245088, 188.565306
73.700793, 190.150030
74.153541, 191.734581
74.603297, 193.318962
75.050030, 194.903178
75.493705, 196.487232
75.934291, 198.071129
76.371755, 199.654873
76.806066, 201.238466
77.237190, 202.821912
77.665097, 204.405216
78.089755, 205.988380
78.511133, 207.571407
78.929201, 209.154302
79.343926, 210.737066
79.755280, 212.319703
80.163231, 213.902215
80.567750, 215.484607
80.968807, 217.066880
81.366373, 218.649037
81.760418, 220.231082
82.150914, 221.813015
82.537832, 223.394841
82.921143, 224.976561
83.300820, 226.558179
83.676834, 228.139695
84.049159, 229.721113
84.417766, 231.302435
84.782629, 232.883663
85.143720, 234.464799
85.501014, 236.045846
85.854485, 237.626804
86.204105, 239.207677
86.549850, 240.788467
86.891695, 242.369174
87.229613, 243.949801
87.563581, 245.530351
87.893574, 247.110824
88.219568, 248.691222
88.541538, 250.271548
88.859462, 251.851802
89.173315, 253.431987
89.483075, 255.012104
89.788720, 256.592154
90.090226, 258.172140
90.387572, 259.752063
90.680735, 261.331923
90.969695, 262.911724
91.254430, 264.491465
91.534919, 266.071149
91.811142, 267.650777
92.083078, 269.230350
92.350708, 270.809870
92.614012, 272.389338
92.872970, 273.968755
93.127564, 275.548122
93.377774, 277.127441
93.623584, 278.706713
93.864973, 280.285939
94.101926, 281.865120
94.334424, 283.444257
94.562450, 285.023353
94.785988, 286.602406
95.005021, 288.181420
95.219534, 289.760395
95.429510, 291.339331
95.634934, 292.918231
95.835791, 294.497095
96.032067, 296.075923
96.223747, 297.654718
96.410816, 299.233480
96.593261, 300.812210
96.771070, 302.390909
96.944228, 303.969579
97.112723, 305.548219
97.276543, 307.126831
97.435676, 308.705416
97.590109, 310.283975
97.739833, 311.862508
97.884835, 313.441017
98.025105, 315.019503
98.160633, 316.597966
98.291409, 318.176407
98.417423, 319.754827
98.538666, 321.333227
98.655130, 322.911608
98.766805, 324.489970
98.873683, 326.068315
98.975757, 327.646643
99.073020, 329.224956
99.165463, 330.803253
99.253081, 332.381536
99.335866, 333.959805
99.413813, 335.538062
99.486916, 337.116307
99.555170, 338.694540
99.618569, 340.272764
99.677110, 341.850978
99.730787, 343.429183
99.779597, 345.007380
99.823536, 346.585570
99.862601, 348.163753
99.896789, 349.741931
99.926098, 351.320104
99.950525, 352.898272
99.970070, 354.476438
99.984729, 356.054600
99.994502, 357.632761
99.999389, 359.210920
99.999389, 0.789080
99.994502, 2.367239
99.984729, 3.945400
99.970070, 5.523562
99.950525, 7.101728
99.926098, 8.679896
99.896789, 10.258069
99.862601, 11.836247
99.823536, 13.414430
99.779597, 14.992620
99.730787, 16.570817
99.677110, 18.149022
99.618569, 19.727236
99.555170, 21.305460
99.486916, 22.883693
99.413813, 24.461938
99.335866, 26.040195
99.253081, 27.618464
99.165463, 29.196747
99.073020, 30.775044
98.975757, 32.353357
98.873683, 33.931685
98.766805, 35.510030
98.655130, 37.088392
98.538666, 38.666773
98.417423, 40.245173
98.291409, 41.823593
98.160633, 43.402034
98.025105, 44.980497
97.884835, 46.558983
97.739833, 48.137492
97.590109, 49.716025
97.435676, 51.294584
97.276543, 52.873169
97.112723, 54.451781
96.944228, 56.030421
96.771070, 57.609091
96.593261, 59.187790
96.410816, 60.766520
96.223747, 62.345282
96.032067, 63.924077
95.835791, 65.502905
95.634934, 67.081769
95.429510, 68.660669
95.219534, 70.239605
95.005021, 71.818580
94.785988, 73.397594
94.562450, 74.976647
94.334424, 76.555743
94.101926, 78.134880
93.864973, 79.714061
93.623584, 81.293287
93.377774, 82.872559
93.127564, 84.451878
92.872970, 86.031245
92.614012, 87.610662
92.350708, 89.190130
92.083078, 90.769650
91.811142, 92.349223
91.534919, 93.928851
91.254430, 95.508535
90.969695, 97.088276
90.680735, 98.668077
90.387572, 100.247937
90.090226, 101.827860
89.788720, 103.407846
89.483075, 104.987896
89.173315, 106.568013
88.859462, 108.148198
88.541538, 109.728452
88.219568, 111.308778
87.893574, 112.889176
87.563581, 114.469649
87.229613, 116.050199
86.891695, 117.630826
86.549850, 119.211533
86.204105, 120.792323
85.854485, 122.373196
85.501014, 123.954154
85.143720, 125.535201
84.782629, 127.116337
84.417766, 128.697565
84.049159, 130.278887
83.676834, 131.860305
83.300820, 133.441821
82.921143, 135.023439
82.537832, 136.605159
82.150914, 138.186985
81.760418, 139.768918
81.366373, 141.350963
80.968807, 142.933120
80.567750, 144.515393
80.163231, 146.097785
79.755280, 147.680297
79.343926, 149.262934
78.929201, 150.845698
78.511133, 152.428593
78.089755, 154.011620
77.665097, 155.594784
77.237190, 157.178088
76.806066, 158.761534
76.371755, 160.345127
75.934291, 161.928871
75.493705, 163.512768
75.050030, 165.096822
74.603297, 166.681038
74.153541, 168.265419
73.700793, 169.849970
73.245088, 171.434694
72.786458, 173.019596
72.324938, 174.604681
71.860561, 176.189953
71.393361, 177.775416
70.923373, 179.361076
70.450631, 180.946938
69.975170, 182.533007
69.497024, 184.119288
69.016230, 185.705787
68.532822, 187.292509
68.046836, 188.879460
67.558307, 190.466647
67.067272, 192.054075
66.573766, 193.641752
66.077826, 195.229683
65.579489, 196.817876
65.078790, 198.406337
64.575767, 199.995075
64.070457, 201.584096
63.562897, 203.173410
63.053124, 204.763023
62.541176, 206.352944
62.027090, 207.943182
61.510904, 209.533747
60.992657, 211.124647
60.472387, 212.715892
59.950131, 214.307493
59.425928, 215.899459
58.899817, 217.491802
58.371836, 219.084533
57.842026, 220.677664
57.310423, 222.271207
56.777069, 223.865174
56.242001, 225.459578
55.705260, 227.054434
55.166885, 228.649755
54.626916, 230.245557
54.085393, 231.841854
53.542356, 233.438662
52.997844, 235.035999
52.451898, 236.633882
51.904559, 238.232328
51.355867, 239.831357
50.805862, 241.430989
50.254585, 243.031243
49.702078, 244.632142
49.148380, 246.233709
48.593533, 247.835966
48.037578, 249.438938
47.480557, 251.042651
46.922510, 252.647132
46.363479, 254.252409
45.803506, 255.858512
45.242632, 257.465471
44.680899, 259.073321
44.118349, 260.682094
43.555024, 262.291826
42.990965, 263.902556
42.426216, 265.514323
41.860817, 267.127169
41.294812, 268.741139
40.728243, 270.356278
40.161151, 271.972636
39.593581, 273.590264
39.025574, 275.209217
38.457174, 276.829553
37.888422, 278.451333
37.319363, 280.074621
36.750039, 281.699487
36.180493, 283.326002
35.610768, 284.954245
35.040908, 286.584296
34.470957, 288.216244
33.900957, 289.850181
33.330953, 291.486205
32.760989, 293.124422
32.191108, 294.764945
31.621355, 296.407894
31.051773, 298.053397
30.482408, 299.701592
29.913304, 301.352626
29.344505, 303.006658
28.776058, 304.663859
28.208006, 306.324412
27.640396, 307.988514
27.073273, 309.656379
26.506684, 311.328238
25.940675, 313.004339
25.375292, 314.684954
24.810584, 316.370376
24.246597, 318.060925
23.683379, 319.756949
23.120980, 321.458829
22.559449, 323.166981
21.998836, 324.881860
21.439192, 326.603968
20.880569, 328.333856
20.323020, 330.072133
19.766598, 331.819470
19.211359, 333.576615
18.657361, 335.344398
18.104662, 337.123742
17.553322, 338.915683
17.003406, 340.721380
16.454979, 342.542140
15.908110, 344.379437
15.362872, 346.234943
14.819344, 348.110561
14.277607, 350.008463
13.737750, 351.931145
13.199870, 353.881482
12.664073, 355.862809
12.130474, 357.879008
11.599204, 359.934630
11.070407, 2.035038
10.544250, 4.186597
10.020924, 6.396912
9.500651, 8.675138
8.983693, 11.032389
8.470364, 13.482270
7.961046, 16.041598
7.456207, 18.731363
6.956434, 21.578050
6.462473, 24.615453
5.975291, 27.887202
5.496160, 31.450298
5.026791, 35.380060
4.569524, 39.776973
4.127631, 44.775862
3.705757, 50.557122
3.310583, 57.357313
2.951732, 65.469434
2.642764, 75.207432
2.401573, 86.787136
2.248517, 100.088732
2.200444, 114.417408
2.262467, 128.602936
2.424654, 141.547450
2.667422, 152.697678
2.969820, 162.036266
3.314428, 169.818414
3.688394, 176.359838
4.082707, 181.941811
4.491136, 186.787338
4.909347, 191.065309
5.334287, 194.901729
5.763761, 198.390581
6.196164, 201.602450
6.630297, 204.590887
7.065250, 207.396994
7.500317, 210.052692
7.934944, 212.583065
8.368687, 215.008042
8.801185, 217.343627
9.232144, 219.602797
9.661316, 221.796173
10.088492, 223.932523
10.513496, 226.019142
10.936172, 228.062143
11.356388, 230.066689
11.774024, 232.037165
12.188976, 233.977317
12.601150, 235.890366
13.010459, 237.779093
13.416827, 239.645913
13.820181, 241.492934
14.220456, 243.322000
14.617591, 245.134733
15.011527, 246.932568
15.402211, 248.716772
15.789593, 250.488476
16.173624, 252.248685
16.554257, 253.998301
16.931450, 255.738132
17.305161, 257.468905
17.675349, 259.191277
18.041975, 260.905841
18.405002, 262.613134
18.764394, 264.313647
19.120116, 266.007823
19.472133, 267.696069
19.820413, 269.378757
20.164924, 271.056225
20.505634, 272.728786
20.842512, 274.396728
21.175529, 276.060313
21.504656, 277.719785
21.829864, 279.375369
22.151126, 281.027273
22.468413, 282.675688
22.781700, 284.320795
23.090961, 285.962757
23.396168, 287.601730
23.697299, 289.237856
23.994327, 290.871268
24.287229, 292.502092
24.575981, 294.130443
24.860560, 295.756431
25.140943, 297.380155
25.417107, 299.001712
25.689032, 300.621191
25.956695, 302.238674
26.220076, 303.854240
26.479153, 305.467962
26.733906, 307.079911
26.984317, 308.690149
27.230364, 310.298739
27.472030, 311.905737
27.709295, 313.511198
27.942141, 315.115173
28.170550, 316.717709
28.394506, 318.318852
28.613990, 319.918644
28.828986, 321.517126
29.039477, 323.114334
29.245448, 324.710305
29.446883, 326.305073
29.643767, 327.898669
29.836085, 329.491123
30.023822, 331.082463
30.206964, 332.672716
30.385498, 334.261907
30.559409, 335.850059
30.728686, 337.437195
30.893315, 339.023335
31.053285, 340.608499
31.208582, 342.192706
31.359197, 343.775972
31.505116, 345.358315
31.646331, 346.939748
31.782829, 348.520285
31.914602, 350.099942
32.041640, 351.678728
32.163932, 353.256656
32.281471, 354.833736
32.394247, 356.409977
32.502253, 357.985389
32.605480, 359.559979
32.703921, 1.133755
32.797570, 2.706723
32.886418, 4.278888
32.970461, 5.850257
33.049691, 7.420832
33.124103, 8.990619
33.193693, 10.559619
33.258454, 12.127836
33.318384, 13.695271
33.373476, 15.261925
33.423729, 16.827799
33.469137, 18.392892
33.509699, 19.957204
33.545412, 21.520733
33.576273, 23.083477
33.602281, 24.645434
33.623434, 26.206600
33.639730, 27.766972
33.651170, 29.326545
33.657753, 30.885313
33.659478, 32.443272
33.656347, 34.000414
33.648359, 35.556734
33.635516, 37.112222
33.617820, 38.666870
33.595273, 40.220671
33.567876, 41.773613
33.535633, 43.325687
33.498546, 44.876881
33.456619, 46.427184
33.409855, 47.976582
33.358260, 49.525062
33.301837, 51.072611
33.240591, 52.619213
33.174528, 54.164851
33.103654, 55.709510
33.027974, 57.253171
32.947496, 58.795816
32.862225, 60.337426
32.772170, 61.877979
32.677338, 63.417453
32.577737, 64.955827
32.473375, 66.493075
32.364262, 68.029174
32.250407, 69.564095
32.131819, 71.097813
32.008509, 72.630297
31.880487, 74.161517
31.747763, 75.691441
31.610350, 77.220036
31.468258, 78.747267
31.321500, 80.273096
31.170089, 81.797484
31.014037, 83.320393
30.853358, 84.841778
30.688066, 86.361595
30.518174, 87.879797
30.343698, 89.396335
30.164652, 90.911158
29.981052, 92.424210
29.792914, 93.935436
29.600254, 95.444775
29.403090, 96.952163
29.201438, 98.457536
28.995317, 99.960822
28.784745, 101.461949
28.569739, 102.960839
28.350321, 104.457411
28.126509, 105.951579
27.898324, 107.443252
27.665786, 108.932334
27.428917, 110.418725
27.187739, 111.902318
26.942274, 113.382999
26.692545, 114.860650
26.438576, 116.335144
26.180391, 117.806347
25.918015, 119.274117
25.651473, 120.738303
25.380792, 122.198746
25.105999, 123.655274
24.827121, 125.107708
24.544187, 126.555854
24.257225, 127.999508
23.966267, 129.438450
23.671342, 130.872448
23.372484, 132.301250
23.069724, 133.724591
22.763097, 135.142183
22.452638, 136.553721
22.138383, 137.958876
21.820370, 139.357294
21.498638, 140.748595
21.173227, 142.132368
20.844178, 143.508173
20.511537, 144.875533
20.175348, 146.233930
19.835658, 147.582807
19.492518, 148.921557
19.145980, 150.249523
18.796098, 151.565987
18.442930, 152.870168
18.086537, 154.161215
17.726984, 155.438195
17.364339, 156.700087
16.998674, 157.945768
16.630067, 159.174007
16.258601, 160.383442
15.884366, 161.572571
15.507459, 162.739732
15.127982, 163.883079
14.746051, 165.000559
14.361787, 166.089883
13.975328, 167.148492
13.586821, 168.173518
13.196432, 169.161737
12.804343, 170.109516
12.410759, 171.012748
12.015910, 171.866777
11.620052, 172.666310
11.223480, 173.405311
10.826526, 174.076877
10.429572, 174.673089
10.033060, 175.184841
9.637498, 175.601630
9.243482, 175.911320
8.851707, 176.099859
8.462995, 176.150965
8.078315, 176.045771
7.698825, 175.762445
7.325906, 175.275821
6.961213, 174.557083
6.606736, 173.573608
6.264862, 172.289123
5.938454, 170.664438
5.630915, 168.659133
5.346246, 166.234672
5.089060, 163.359492
4.864518, 160.016384
4.678143, 156.211834
4.535480, 151.985739
4.441587, 147.418262
4.400425, 142.629607
4.414293, 137.769698
4.483481, 132.998691
4.606262, 128.464017
4.779233, 124.281721
4.997868, 120.527305
5.257111, 117.236502
5.551869, 114.412649
5.877350, 112.036496
6.229250, 110.075377
6.603816, 108.490332
6.997845, 107.240954
7.408632, 106.288318
7.833914, 105.596536
8.271799, 105.133411
8.720705, 104.870545
9.179311, 104.783164
9.646504, 104.849785
10.121349, 105.051850
10.603052, 105.373341
11.090936, 105.800436
11.584421, 106.321196
12.083008, 106.925284
12.586263, 107.603735
13.093808, 108.348754
13.605312, 109.153539
14.120481, 110.012144
14.639056, 110.919352
15.160803, 111.870572
15.685515, 112.861752
16.213002, 113.889309
16.743093, 114.950061
17.275632, 116.041174
17.810474, 117.160123
18.347488, 118.304646
18.886551, 119.472713
19.427548, 120.662501
19.970372, 121.872365
20.514923, 123.100819
21.061105, 124.346518
21.608829, 125.608241
22.158009, 126.884877
22.708565, 128.175415
23.260417, 129.478931
23.813492, 130.794581
24.367717, 132.121592
24.923023, 133.459251
25.479342, 134.806908
26.036609, 136.163960
26.594762, 137.529853
27.153737, 138.904075
27.713476, 140.286153
28.273919, 141.675646
28.835008, 143.072149
29.396686, 144.475283
29.958900, 145.884697
30.521593, 147.300063
31.084712, 148.721077
31.648205, 150.147454
32.212018, 151.578928
32.776101, 153.015249
33.340403, 154.456186
33.904873, 155.901519
34.469461, 157.351045
35.034119, 158.804570
35.598797, 160.261914
36.163446, 161.722907
36.728020, 163.187389
37.292470, 164.655208
37.856749, 166.126223
38.420810, 167.600299
38.984606, 169.077309
39.548092, 170.557133
40.111220, 172.039658
40.673946, 173.524776
41.236223, 175.012385
41.798007, 176.502389
42.359252, 177.994696
42.919914, 179.489219
43.479947, 180.985876
44.039309, 182.484587
44.597953, 183.985278
45.155837, 185.487879
45.712917, 186.992321
46.269148, 188.498539
46.824488, 190.006473
47.378894, 191.516064
47.932321, 193.027255
48.484728, 194.539993
49.036072, 196.054227
49.586310, 197.569908
50.135399, 199.086990
50.683298, 200.605428
51.229964, 202.125179
51.775356, 203.646202
52.319432, 205.168458
52.862150, 206.691909
53.403470, 208.216520
53.943348, 209.742256
54.481746, 211.269083
55.018621, 212.796970
55.553933, 214.325886
56.087641, 215.855802
56.619705, 217.386689
57.150085, 218.918521
57.678741, 220.451272
58.205632, 221.984915
58.730720, 223.519428
59.253964, 225.054787
59.775324, 226.590969
60.294763, 228.127953
60.812240, 229.665718
61.327717, 231.204244
61.841155, 232.743512
62.352516, 234.283503
62.861761, 235.824199
63.368852, 237.365583
63.873751, 238.907638
64.376420, 240.450348
64.876822, 241.993697
65.374919, 243.537671
65.870675, 245.082254
66.364051, 246.627433
66.855011, 248.173193
67.343519, 249.719523
67.829537, 251.266408
68.313031, 252.813838
68.793963, 254.361799
69.272298, 255.910281
69.748000, 257.459272
70.221034, 259.008761
70.691364, 260.558738
71.158956, 262.109194
71.623774, 263.660117
72.085785, 265.211499
72.544954, 266.763330
##END=
