##TITLE= Parameter file, TopSpin 4.3.0
##JCAMPDX= 5.0
##DATATYPE= Parameter Values
##ORIGIN= Bruker BioSpin GmbH
##OWNER= nmrsu
$$ 2024-05-25 19:42:41.443 +0100  nmrsu@4CE1161FJM
$$ C:/Bruker/TopSpin4.3.0/exp/stan/nmr/lists/wave/user/multisupp_aux_d8
$$ process C:\Bruker\TopSpin4.3.0\prog\mod\xwinshape.exe
##MINX= 2.25468800
##MAXX= 99.99938900
##MINY= 0.40031300
##MAXY= 359.59968700
##$SHAPE_ADDPHASE= 0
##$SHAPE_AMP= 99.99938915
##$SHAPE_BWFAC= 0
##$SHAPE_BWFAC50= 0
##$SHAPE_CALCBW= yes
##$SHAPE_CALCINTEG= yes
##$SHAPE_EXMODE= <Excitation>
##$SHAPE_EXPAND= <>
##$SHAPE_EXPANDCF= (0..143)
0 0 0 0 0 0 0 0 0 0 0 0 0 0 0 0 0 0 0 0 0 0 0 0 0 0 0 0 0 0 0 0 0 0 0 0
0 0 0 0 0 0 0 0 0 0 0 0 0 0 0 0 0 0 0 0 0 0 0 0 0 0 0 0 0 0 0 0 0 0 0 0
0 0 0 0 0 0 0 0 0 0 0 0 0 0 0 0 0 0 0 0 0 0 0 0 0 0 0 0 0 0 0 0 0 0 0 0
0 0 0 0 0 0 0 0 0 0 0 0 0 0 0 0 0 0 0 0 0 0 0 0 0 0 0 0 0 0 0 0 0 0 0 0
##$SHAPE_EXPFAC= 0
##$SHAPE_FRACEND= 0
##$SHAPE_FRACORG= 0
##$SHAPE_FRACSTART= 0
##$SHAPE_INTEGFAC= 0
##$SHAPE_KEEPRES= yes
##$SHAPE_LENGTH= 25000.000373
##$SHAPE_MAN= <M>
##$SHAPE_MODE= 3
##$SHAPE_MODFREQ= 0
##$SHAPE_MODPHASE= 0
##$SHAPE_MODSCALE= 0
##$SHAPE_MODSW= 0
##$SHAPE_MODSWDIR= -1
##$SHAPE_NPOINTS= 1250
##$SHAPE_OFFS= <1 3>
##$SHAPE_OFFSCOEFF= (0..95)
-145.21037 0 100 -215.53322 0 100 -281.44972 0 100 0 0 0 0 0 0 0 0 0 0
0 0 0 0 0 0 0 0 0 0 0 0 0 0 0 0 0 0 0 0 0 0 0 0 0 0 0 0 0 0 0 0 0 0 0 0
0 0 0 0 0 0 0 0 0 0 0 0 0 0 0 0 0 0 0 0 0 0 0 0 0 0 0 0 0 0 0 0 0 0 0 0
0 0 0 0 0
##$SHAPE_PARAMETER= <>
##$SHAPE_REPHFAC= 0
##$SHAPE_RES= 0
##$SHAPE_SCALEFAC= 1.00000611
##$SHAPE_SCALETYPE= 0
##$SHAPE_SPOAL= 0
##$SHAPE_SPOFFS= 0
##$SHAPE_SPOPH= 0
##$SHAPE_TOTROT= 90
##$SHAPE_TYPE= <Excitation>
##$SHAPE_USER_DEF= <>
##$SHAPE_VERSION= 2.1
##$SHL_ADDPHASE= (0..15)
0 0 0 0 0 0 0 0 0 0 0 0 0 0 0 0
##$SHL_ALIGNOFFSET= (0..15)
0 0 0 0 0 0 0 0 0 0 0 0 0 0 0 0
##$SHL_AMP= (0..15)
100 0 0 0 0 0 0 0 0 0 0 0 0 0 0 0
##$SHL_AMPFAC= (0..15)
0 0 0 0 0 0 0 0 0 0 0 0 0 0 0 0
##$SHL_BETA= (0..15)
0 0 0 0 0 0 0 0 0 0 0 0 0 0 0 0
##$SHL_BWFAC= (0..15)
1.116 0 0 0 0 0 0 0 0 0 0 0 0 0 0 0
##$SHL_CALCBW= (0..15)
yes yes yes yes yes yes yes yes yes yes yes yes yes yes yes yes
##$SHL_CALCINTEG= (0..15)
yes yes yes yes yes yes yes yes yes yes yes yes yes yes yes yes
##$SHL_CENTERAMP= (0..15)
0 0 0 0 0 0 0 0 0 0 0 0 0 0 0 0
##$SHL_CYCNUM= (0..15)
0 0 0 0 0 0 0 0 0 0 0 0 0 0 0 0
##$SHL_DIPOLCPL= (0..15)
0 0 0 0 0 0 0 0 0 0 0 0 0 0 0 0
##$SHL_ENDAMP= (0..15)
0 0 0 0 0 0 0 0 0 0 0 0 0 0 0 0
##$SHL_EXMODE= (0..15)
<Excitation> <> <> <> <> <> <> <> <> <> <> <> <> <> <> <>
##$SHL_EXPAND= (0..15)
<> <> <> <> <> <> <> <> <> <> <> <> <> <> <> <>
##$SHL_EXPANDCF0= (0..143)
0 0 0 0 0 0 0 0 0 0 0 0 0 0 0 0 0 0 0 0 0 0 0 0 0 0 0 0 0 0 0 0 0 0 0 0
0 0 0 0 0 0 0 0 0 0 0 0 0 0 0 0 0 0 0 0 0 0 0 0 0 0 0 0 0 0 0 0 0 0 0 0
0 0 0 0 0 0 0 0 0 0 0 0 0 0 0 0 0 0 0 0 0 0 0 0 0 0 0 0 0 0 0 0 0 0 0 0
0 0 0 0 0 0 0 0 0 0 0 0 0 0 0 0 0 0 0 0 0 0 0 0 0 0 0 0 0 0 0 0 0 0 0 0
##$SHL_EXPANDCF1= (0..143)
0 0 0 0 0 0 0 0 0 0 0 0 0 0 0 0 0 0 0 0 0 0 0 0 0 0 0 0 0 0 0 0 0 0 0 0
0 0 0 0 0 0 0 0 0 0 0 0 0 0 0 0 0 0 0 0 0 0 0 0 0 0 0 0 0 0 0 0 0 0 0 0
0 0 0 0 0 0 0 0 0 0 0 0 0 0 0 0 0 0 0 0 0 0 0 0 0 0 0 0 0 0 0 0 0 0 0 0
0 0 0 0 0 0 0 0 0 0 0 0 0 0 0 0 0 0 0 0 0 0 0 0 0 0 0 0 0 0 0 0 0 0 0 0
##$SHL_EXPANDCF10= (0..143)
0 0 0 0 0 0 0 0 0 0 0 0 0 0 0 0 0 0 0 0 0 0 0 0 0 0 0 0 0 0 0 0 0 0 0 0
0 0 0 0 0 0 0 0 0 0 0 0 0 0 0 0 0 0 0 0 0 0 0 0 0 0 0 0 0 0 0 0 0 0 0 0
0 0 0 0 0 0 0 0 0 0 0 0 0 0 0 0 0 0 0 0 0 0 0 0 0 0 0 0 0 0 0 0 0 0 0 0
0 0 0 0 0 0 0 0 0 0 0 0 0 0 0 0 0 0 0 0 0 0 0 0 0 0 0 0 0 0 0 0 0 0 0 0
##$SHL_EXPANDCF11= (0..143)
0 0 0 0 0 0 0 0 0 0 0 0 0 0 0 0 0 0 0 0 0 0 0 0 0 0 0 0 0 0 0 0 0 0 0 0
0 0 0 0 0 0 0 0 0 0 0 0 0 0 0 0 0 0 0 0 0 0 0 0 0 0 0 0 0 0 0 0 0 0 0 0
0 0 0 0 0 0 0 0 0 0 0 0 0 0 0 0 0 0 0 0 0 0 0 0 0 0 0 0 0 0 0 0 0 0 0 0
0 0 0 0 0 0 0 0 0 0 0 0 0 0 0 0 0 0 0 0 0 0 0 0 0 0 0 0 0 0 0 0 0 0 0 0
##$SHL_EXPANDCF12= (0..143)
0 0 0 0 0 0 0 0 0 0 0 0 0 0 0 0 0 0 0 0 0 0 0 0 0 0 0 0 0 0 0 0 0 0 0 0
0 0 0 0 0 0 0 0 0 0 0 0 0 0 0 0 0 0 0 0 0 0 0 0 0 0 0 0 0 0 0 0 0 0 0 0
0 0 0 0 0 0 0 0 0 0 0 0 0 0 0 0 0 0 0 0 0 0 0 0 0 0 0 0 0 0 0 0 0 0 0 0
0 0 0 0 0 0 0 0 0 0 0 0 0 0 0 0 0 0 0 0 0 0 0 0 0 0 0 0 0 0 0 0 0 0 0 0
##$SHL_EXPANDCF13= (0..143)
0 0 0 0 0 0 0 0 0 0 0 0 0 0 0 0 0 0 0 0 0 0 0 0 0 0 0 0 0 0 0 0 0 0 0 0
0 0 0 0 0 0 0 0 0 0 0 0 0 0 0 0 0 0 0 0 0 0 0 0 0 0 0 0 0 0 0 0 0 0 0 0
0 0 0 0 0 0 0 0 0 0 0 0 0 0 0 0 0 0 0 0 0 0 0 0 0 0 0 0 0 0 0 0 0 0 0 0
0 0 0 0 0 0 0 0 0 0 0 0 0 0 0 0 0 0 0 0 0 0 0 0 0 0 0 0 0 0 0 0 0 0 0 0
##$SHL_EXPANDCF14= (0..143)
0 0 0 0 0 0 0 0 0 0 0 0 0 0 0 0 0 0 0 0 0 0 0 0 0 0 0 0 0 0 0 0 0 0 0 0
0 0 0 0 0 0 0 0 0 0 0 0 0 0 0 0 0 0 0 0 0 0 0 0 0 0 0 0 0 0 0 0 0 0 0 0
0 0 0 0 0 0 0 0 0 0 0 0 0 0 0 0 0 0 0 0 0 0 0 0 0 0 0 0 0 0 0 0 0 0 0 0
0 0 0 0 0 0 0 0 0 0 0 0 0 0 0 0 0 0 0 0 0 0 0 0 0 0 0 0 0 0 0 0 0 0 0 0
##$SHL_EXPANDCF15= (0..143)
0 0 0 0 0 0 0 0 0 0 0 0 0 0 0 0 0 0 0 0 0 0 0 0 0 0 0 0 0 0 0 0 0 0 0 0
0 0 0 0 0 0 0 0 0 0 0 0 0 0 0 0 0 0 0 0 0 0 0 0 0 0 0 0 0 0 0 0 0 0 0 0
0 0 0 0 0 0 0 0 0 0 0 0 0 0 0 0 0 0 0 0 0 0 0 0 0 0 0 0 0 0 0 0 0 0 0 0
0 0 0 0 0 0 0 0 0 0 0 0 0 0 0 0 0 0 0 0 0 0 0 0 0 0 0 0 0 0 0 0 0 0 0 0
##$SHL_EXPANDCF2= (0..143)
0 0 0 0 0 0 0 0 0 0 0 0 0 0 0 0 0 0 0 0 0 0 0 0 0 0 0 0 0 0 0 0 0 0 0 0
0 0 0 0 0 0 0 0 0 0 0 0 0 0 0 0 0 0 0 0 0 0 0 0 0 0 0 0 0 0 0 0 0 0 0 0
0 0 0 0 0 0 0 0 0 0 0 0 0 0 0 0 0 0 0 0 0 0 0 0 0 0 0 0 0 0 0 0 0 0 0 0
0 0 0 0 0 0 0 0 0 0 0 0 0 0 0 0 0 0 0 0 0 0 0 0 0 0 0 0 0 0 0 0 0 0 0 0
##$SHL_EXPANDCF3= (0..143)
0 0 0 0 0 0 0 0 0 0 0 0 0 0 0 0 0 0 0 0 0 0 0 0 0 0 0 0 0 0 0 0 0 0 0 0
0 0 0 0 0 0 0 0 0 0 0 0 0 0 0 0 0 0 0 0 0 0 0 0 0 0 0 0 0 0 0 0 0 0 0 0
0 0 0 0 0 0 0 0 0 0 0 0 0 0 0 0 0 0 0 0 0 0 0 0 0 0 0 0 0 0 0 0 0 0 0 0
0 0 0 0 0 0 0 0 0 0 0 0 0 0 0 0 0 0 0 0 0 0 0 0 0 0 0 0 0 0 0 0 0 0 0 0
##$SHL_EXPANDCF4= (0..143)
0 0 0 0 0 0 0 0 0 0 0 0 0 0 0 0 0 0 0 0 0 0 0 0 0 0 0 0 0 0 0 0 0 0 0 0
0 0 0 0 0 0 0 0 0 0 0 0 0 0 0 0 0 0 0 0 0 0 0 0 0 0 0 0 0 0 0 0 0 0 0 0
0 0 0 0 0 0 0 0 0 0 0 0 0 0 0 0 0 0 0 0 0 0 0 0 0 0 0 0 0 0 0 0 0 0 0 0
0 0 0 0 0 0 0 0 0 0 0 0 0 0 0 0 0 0 0 0 0 0 0 0 0 0 0 0 0 0 0 0 0 0 0 0
##$SHL_EXPANDCF5= (0..143)
0 0 0 0 0 0 0 0 0 0 0 0 0 0 0 0 0 0 0 0 0 0 0 0 0 0 0 0 0 0 0 0 0 0 0 0
0 0 0 0 0 0 0 0 0 0 0 0 0 0 0 0 0 0 0 0 0 0 0 0 0 0 0 0 0 0 0 0 0 0 0 0
0 0 0 0 0 0 0 0 0 0 0 0 0 0 0 0 0 0 0 0 0 0 0 0 0 0 0 0 0 0 0 0 0 0 0 0
0 0 0 0 0 0 0 0 0 0 0 0 0 0 0 0 0 0 0 0 0 0 0 0 0 0 0 0 0 0 0 0 0 0 0 0
##$SHL_EXPANDCF6= (0..143)
0 0 0 0 0 0 0 0 0 0 0 0 0 0 0 0 0 0 0 0 0 0 0 0 0 0 0 0 0 0 0 0 0 0 0 0
0 0 0 0 0 0 0 0 0 0 0 0 0 0 0 0 0 0 0 0 0 0 0 0 0 0 0 0 0 0 0 0 0 0 0 0
0 0 0 0 0 0 0 0 0 0 0 0 0 0 0 0 0 0 0 0 0 0 0 0 0 0 0 0 0 0 0 0 0 0 0 0
0 0 0 0 0 0 0 0 0 0 0 0 0 0 0 0 0 0 0 0 0 0 0 0 0 0 0 0 0 0 0 0 0 0 0 0
##$SHL_EXPANDCF7= (0..143)
0 0 0 0 0 0 0 0 0 0 0 0 0 0 0 0 0 0 0 0 0 0 0 0 0 0 0 0 0 0 0 0 0 0 0 0
0 0 0 0 0 0 0 0 0 0 0 0 0 0 0 0 0 0 0 0 0 0 0 0 0 0 0 0 0 0 0 0 0 0 0 0
0 0 0 0 0 0 0 0 0 0 0 0 0 0 0 0 0 0 0 0 0 0 0 0 0 0 0 0 0 0 0 0 0 0 0 0
0 0 0 0 0 0 0 0 0 0 0 0 0 0 0 0 0 0 0 0 0 0 0 0 0 0 0 0 0 0 0 0 0 0 0 0
##$SHL_EXPANDCF8= (0..143)
0 0 0 0 0 0 0 0 0 0 0 0 0 0 0 0 0 0 0 0 0 0 0 0 0 0 0 0 0 0 0 0 0 0 0 0
0 0 0 0 0 0 0 0 0 0 0 0 0 0 0 0 0 0 0 0 0 0 0 0 0 0 0 0 0 0 0 0 0 0 0 0
0 0 0 0 0 0 0 0 0 0 0 0 0 0 0 0 0 0 0 0 0 0 0 0 0 0 0 0 0 0 0 0 0 0 0 0
0 0 0 0 0 0 0 0 0 0 0 0 0 0 0 0 0 0 0 0 0 0 0 0 0 0 0 0 0 0 0 0 0 0 0 0
##$SHL_EXPANDCF9= (0..143)
0 0 0 0 0 0 0 0 0 0 0 0 0 0 0 0 0 0 0 0 0 0 0 0 0 0 0 0 0 0 0 0 0 0 0 0
0 0 0 0 0 0 0 0 0 0 0 0 0 0 0 0 0 0 0 0 0 0 0 0 0 0 0 0 0 0 0 0 0 0 0 0
0 0 0 0 0 0 0 0 0 0 0 0 0 0 0 0 0 0 0 0 0 0 0 0 0 0 0 0 0 0 0 0 0 0 0 0
0 0 0 0 0 0 0 0 0 0 0 0 0 0 0 0 0 0 0 0 0 0 0 0 0 0 0 0 0 0 0 0 0 0 0 0
##$SHL_EXPFAC= (0..15)
0 0 0 0 0 0 0 0 0 0 0 0 0 0 0 0
##$SHL_FRACEND= (0..15)
0 0 0 0 0 0 0 0 0 0 0 0 0 0 0 0
##$SHL_FRACORG= (0..15)
0 0 0 0 0 0 0 0 0 0 0 0 0 0 0 0
##$SHL_FRACSTART= (0..15)
0 0 0 0 0 0 0 0 0 0 0 0 0 0 0 0
##$SHL_FULLHALF= (0..15)
0 0 0 0 0 0 0 0 0 0 0 0 0 0 0 0
##$SHL_FUNCAMP= (0..15)
100 0 0 0 0 0 0 0 0 0 0 0 0 0 0 0
##$SHL_FUNCTION= (0..15)
<Rectangle> <> <> <> <> <> <> <> <> <> <> <> <> <> <> <>
##$SHL_GCO= (0..15)
<> <> <> <> <> <> <> <> <> <> <> <> <> <> <> <>
##$SHL_GCOCOEFFS0= (0..59)
0 0 0 0 0 0 0 0 0 0 0 0 0 0 0 0 0 0 0 0 0 0 0 0 0 0 0 0 0 0 0 0 0 0 0 0
0 0 0 0 0 0 0 0 0 0 0 0 0 0 0 0 0 0 0 0 0 0 0 0
##$SHL_GCOCOEFFS1= (0..59)
0 0 0 0 0 0 0 0 0 0 0 0 0 0 0 0 0 0 0 0 0 0 0 0 0 0 0 0 0 0 0 0 0 0 0 0
0 0 0 0 0 0 0 0 0 0 0 0 0 0 0 0 0 0 0 0 0 0 0 0
##$SHL_GCOCOEFFS10= (0..59)
0 0 0 0 0 0 0 0 0 0 0 0 0 0 0 0 0 0 0 0 0 0 0 0 0 0 0 0 0 0 0 0 0 0 0 0
0 0 0 0 0 0 0 0 0 0 0 0 0 0 0 0 0 0 0 0 0 0 0 0
##$SHL_GCOCOEFFS11= (0..59)
0 0 0 0 0 0 0 0 0 0 0 0 0 0 0 0 0 0 0 0 0 0 0 0 0 0 0 0 0 0 0 0 0 0 0 0
0 0 0 0 0 0 0 0 0 0 0 0 0 0 0 0 0 0 0 0 0 0 0 0
##$SHL_GCOCOEFFS12= (0..59)
0 0 0 0 0 0 0 0 0 0 0 0 0 0 0 0 0 0 0 0 0 0 0 0 0 0 0 0 0 0 0 0 0 0 0 0
0 0 0 0 0 0 0 0 0 0 0 0 0 0 0 0 0 0 0 0 0 0 0 0
##$SHL_GCOCOEFFS13= (0..59)
0 0 0 0 0 0 0 0 0 0 0 0 0 0 0 0 0 0 0 0 0 0 0 0 0 0 0 0 0 0 0 0 0 0 0 0
0 0 0 0 0 0 0 0 0 0 0 0 0 0 0 0 0 0 0 0 0 0 0 0
##$SHL_GCOCOEFFS14= (0..59)
0 0 0 0 0 0 0 0 0 0 0 0 0 0 0 0 0 0 0 0 0 0 0 0 0 0 0 0 0 0 0 0 0 0 0 0
0 0 0 0 0 0 0 0 0 0 0 0 0 0 0 0 0 0 0 0 0 0 0 0
##$SHL_GCOCOEFFS15= (0..59)
0 0 0 0 0 0 0 0 0 0 0 0 0 0 0 0 0 0 0 0 0 0 0 0 0 0 0 0 0 0 0 0 0 0 0 0
0 0 0 0 0 0 0 0 0 0 0 0 0 0 0 0 0 0 0 0 0 0 0 0
##$SHL_GCOCOEFFS2= (0..59)
0 0 0 0 0 0 0 0 0 0 0 0 0 0 0 0 0 0 0 0 0 0 0 0 0 0 0 0 0 0 0 0 0 0 0 0
0 0 0 0 0 0 0 0 0 0 0 0 0 0 0 0 0 0 0 0 0 0 0 0
##$SHL_GCOCOEFFS3= (0..59)
0 0 0 0 0 0 0 0 0 0 0 0 0 0 0 0 0 0 0 0 0 0 0 0 0 0 0 0 0 0 0 0 0 0 0 0
0 0 0 0 0 0 0 0 0 0 0 0 0 0 0 0 0 0 0 0 0 0 0 0
##$SHL_GCOCOEFFS4= (0..59)
0 0 0 0 0 0 0 0 0 0 0 0 0 0 0 0 0 0 0 0 0 0 0 0 0 0 0 0 0 0 0 0 0 0 0 0
0 0 0 0 0 0 0 0 0 0 0 0 0 0 0 0 0 0 0 0 0 0 0 0
##$SHL_GCOCOEFFS5= (0..59)
0 0 0 0 0 0 0 0 0 0 0 0 0 0 0 0 0 0 0 0 0 0 0 0 0 0 0 0 0 0 0 0 0 0 0 0
0 0 0 0 0 0 0 0 0 0 0 0 0 0 0 0 0 0 0 0 0 0 0 0
##$SHL_GCOCOEFFS6= (0..59)
0 0 0 0 0 0 0 0 0 0 0 0 0 0 0 0 0 0 0 0 0 0 0 0 0 0 0 0 0 0 0 0 0 0 0 0
0 0 0 0 0 0 0 0 0 0 0 0 0 0 0 0 0 0 0 0 0 0 0 0
##$SHL_GCOCOEFFS7= (0..59)
0 0 0 0 0 0 0 0 0 0 0 0 0 0 0 0 0 0 0 0 0 0 0 0 0 0 0 0 0 0 0 0 0 0 0 0
0 0 0 0 0 0 0 0 0 0 0 0 0 0 0 0 0 0 0 0 0 0 0 0
##$SHL_GCOCOEFFS8= (0..59)
0 0 0 0 0 0 0 0 0 0 0 0 0 0 0 0 0 0 0 0 0 0 0 0 0 0 0 0 0 0 0 0 0 0 0 0
0 0 0 0 0 0 0 0 0 0 0 0 0 0 0 0 0 0 0 0 0 0 0 0
##$SHL_GCOCOEFFS9= (0..59)
0 0 0 0 0 0 0 0 0 0 0 0 0 0 0 0 0 0 0 0 0 0 0 0 0 0 0 0 0 0 0 0 0 0 0 0
0 0 0 0 0 0 0 0 0 0 0 0 0 0 0 0 0 0 0 0 0 0 0 0
##$SHL_INTEGFAC= (0..15)
1 0 0 0 0 0 0 0 0 0 0 0 0 0 0 0
##$SHL_LB= (0..15)
0 0 0 0 0 0 0 0 0 0 0 0 0 0 0 0
##$SHL_LEFTLIMIT= (0..15)
0 0 0 0 0 0 0 0 0 0 0 0 0 0 0 0
##$SHL_LENGTH= (0..15)
25000.000373 0 0 0 0 0 0 0 0 0 0 0 0 0 0 0
##$SHL_MAN= (0..15)
<> <> <> <> <> <> <> <> <> <> <> <> <> <> <> <>
##$SHL_MEANAMP= (0..15)
0 0 0 0 0 0 0 0 0 0 0 0 0 0 0 0
##$SHL_MODAMP= (0..15)
0 0 0 0 0 0 0 0 0 0 0 0 0 0 0 0
##$SHL_MODE= (0..15)
0 0 0 0 0 0 0 0 0 0 0 0 0 0 0 0
##$SHL_MODFREQ= (0..15)
0 0 0 0 0 0 0 0 0 0 0 0 0 0 0 0
##$SHL_MODPHASE= (0..15)
0 0 0 0 0 0 0 0 0 0 0 0 0 0 0 0
##$SHL_MODSCALE= (0..15)
0 0 0 0 0 0 0 0 0 0 0 0 0 0 0 0
##$SHL_MODSW= (0..15)
0 0 0 0 0 0 0 0 0 0 0 0 0 0 0 0
##$SHL_MODSWDIR= (0..15)
-1 -1 -1 -1 -1 -1 -1 -1 -1 -1 -1 -1 -1 -1 -1 -1
##$SHL_MU= (0..15)
0 0 0 0 0 0 0 0 0 0 0 0 0 0 0 0
##$SHL_NPOINTS= (0..15)
1250 0 0 0 0 0 0 0 0 0 0 0 0 0 0 0
##$SHL_OFFS= (0..15)
<> <> <> <> <> <> <> <> <> <> <> <> <> <> <> <>
##$SHL_OFFSCOEFF0= (0..95)
0 0 0 0 0 0 0 0 0 0 0 0 0 0 0 0 0 0 0 0 0 0 0 0 0 0 0 0 0 0 0 0 0 0 0 0
0 0 0 0 0 0 0 0 0 0 0 0 0 0 0 0 0 0 0 0 0 0 0 0 0 0 0 0 0 0 0 0 0 0 0 0
0 0 0 0 0 0 0 0 0 0 0 0 0 0 0 0 0 0 0 0 0 0 0 0
##$SHL_OFFSCOEFF1= (0..95)
0 0 0 0 0 0 0 0 0 0 0 0 0 0 0 0 0 0 0 0 0 0 0 0 0 0 0 0 0 0 0 0 0 0 0 0
0 0 0 0 0 0 0 0 0 0 0 0 0 0 0 0 0 0 0 0 0 0 0 0 0 0 0 0 0 0 0 0 0 0 0 0
0 0 0 0 0 0 0 0 0 0 0 0 0 0 0 0 0 0 0 0 0 0 0 0
##$SHL_OFFSCOEFF10= (0..95)
0 0 0 0 0 0 0 0 0 0 0 0 0 0 0 0 0 0 0 0 0 0 0 0 0 0 0 0 0 0 0 0 0 0 0 0
0 0 0 0 0 0 0 0 0 0 0 0 0 0 0 0 0 0 0 0 0 0 0 0 0 0 0 0 0 0 0 0 0 0 0 0
0 0 0 0 0 0 0 0 0 0 0 0 0 0 0 0 0 0 0 0 0 0 0 0
##$SHL_OFFSCOEFF11= (0..95)
0 0 0 0 0 0 0 0 0 0 0 0 0 0 0 0 0 0 0 0 0 0 0 0 0 0 0 0 0 0 0 0 0 0 0 0
0 0 0 0 0 0 0 0 0 0 0 0 0 0 0 0 0 0 0 0 0 0 0 0 0 0 0 0 0 0 0 0 0 0 0 0
0 0 0 0 0 0 0 0 0 0 0 0 0 0 0 0 0 0 0 0 0 0 0 0
##$SHL_OFFSCOEFF12= (0..95)
0 0 0 0 0 0 0 0 0 0 0 0 0 0 0 0 0 0 0 0 0 0 0 0 0 0 0 0 0 0 0 0 0 0 0 0
0 0 0 0 0 0 0 0 0 0 0 0 0 0 0 0 0 0 0 0 0 0 0 0 0 0 0 0 0 0 0 0 0 0 0 0
0 0 0 0 0 0 0 0 0 0 0 0 0 0 0 0 0 0 0 0 0 0 0 0
##$SHL_OFFSCOEFF13= (0..95)
0 0 0 0 0 0 0 0 0 0 0 0 0 0 0 0 0 0 0 0 0 0 0 0 0 0 0 0 0 0 0 0 0 0 0 0
0 0 0 0 0 0 0 0 0 0 0 0 0 0 0 0 0 0 0 0 0 0 0 0 0 0 0 0 0 0 0 0 0 0 0 0
0 0 0 0 0 0 0 0 0 0 0 0 0 0 0 0 0 0 0 0 0 0 0 0
##$SHL_OFFSCOEFF14= (0..95)
0 0 0 0 0 0 0 0 0 0 0 0 0 0 0 0 0 0 0 0 0 0 0 0 0 0 0 0 0 0 0 0 0 0 0 0
0 0 0 0 0 0 0 0 0 0 0 0 0 0 0 0 0 0 0 0 0 0 0 0 0 0 0 0 0 0 0 0 0 0 0 0
0 0 0 0 0 0 0 0 0 0 0 0 0 0 0 0 0 0 0 0 0 0 0 0
##$SHL_OFFSCOEFF15= (0..95)
0 0 0 0 0 0 0 0 0 0 0 0 0 0 0 0 0 0 0 0 0 0 0 0 0 0 0 0 0 0 0 0 0 0 0 0
0 0 0 0 0 0 0 0 0 0 0 0 0 0 0 0 0 0 0 0 0 0 0 0 0 0 0 0 0 0 0 0 0 0 0 0
0 0 0 0 0 0 0 0 0 0 0 0 0 0 0 0 0 0 0 0 0 0 0 0
##$SHL_OFFSCOEFF2= (0..95)
0 0 0 0 0 0 0 0 0 0 0 0 0 0 0 0 0 0 0 0 0 0 0 0 0 0 0 0 0 0 0 0 0 0 0 0
0 0 0 0 0 0 0 0 0 0 0 0 0 0 0 0 0 0 0 0 0 0 0 0 0 0 0 0 0 0 0 0 0 0 0 0
0 0 0 0 0 0 0 0 0 0 0 0 0 0 0 0 0 0 0 0 0 0 0 0
##$SHL_OFFSCOEFF3= (0..95)
0 0 0 0 0 0 0 0 0 0 0 0 0 0 0 0 0 0 0 0 0 0 0 0 0 0 0 0 0 0 0 0 0 0 0 0
0 0 0 0 0 0 0 0 0 0 0 0 0 0 0 0 0 0 0 0 0 0 0 0 0 0 0 0 0 0 0 0 0 0 0 0
0 0 0 0 0 0 0 0 0 0 0 0 0 0 0 0 0 0 0 0 0 0 0 0
##$SHL_OFFSCOEFF4= (0..95)
0 0 0 0 0 0 0 0 0 0 0 0 0 0 0 0 0 0 0 0 0 0 0 0 0 0 0 0 0 0 0 0 0 0 0 0
0 0 0 0 0 0 0 0 0 0 0 0 0 0 0 0 0 0 0 0 0 0 0 0 0 0 0 0 0 0 0 0 0 0 0 0
0 0 0 0 0 0 0 0 0 0 0 0 0 0 0 0 0 0 0 0 0 0 0 0
##$SHL_OFFSCOEFF5= (0..95)
0 0 0 0 0 0 0 0 0 0 0 0 0 0 0 0 0 0 0 0 0 0 0 0 0 0 0 0 0 0 0 0 0 0 0 0
0 0 0 0 0 0 0 0 0 0 0 0 0 0 0 0 0 0 0 0 0 0 0 0 0 0 0 0 0 0 0 0 0 0 0 0
0 0 0 0 0 0 0 0 0 0 0 0 0 0 0 0 0 0 0 0 0 0 0 0
##$SHL_OFFSCOEFF6= (0..95)
0 0 0 0 0 0 0 0 0 0 0 0 0 0 0 0 0 0 0 0 0 0 0 0 0 0 0 0 0 0 0 0 0 0 0 0
0 0 0 0 0 0 0 0 0 0 0 0 0 0 0 0 0 0 0 0 0 0 0 0 0 0 0 0 0 0 0 0 0 0 0 0
0 0 0 0 0 0 0 0 0 0 0 0 0 0 0 0 0 0 0 0 0 0 0 0
##$SHL_OFFSCOEFF7= (0..95)
0 0 0 0 0 0 0 0 0 0 0 0 0 0 0 0 0 0 0 0 0 0 0 0 0 0 0 0 0 0 0 0 0 0 0 0
0 0 0 0 0 0 0 0 0 0 0 0 0 0 0 0 0 0 0 0 0 0 0 0 0 0 0 0 0 0 0 0 0 0 0 0
0 0 0 0 0 0 0 0 0 0 0 0 0 0 0 0 0 0 0 0 0 0 0 0
##$SHL_OFFSCOEFF8= (0..95)
0 0 0 0 0 0 0 0 0 0 0 0 0 0 0 0 0 0 0 0 0 0 0 0 0 0 0 0 0 0 0 0 0 0 0 0
0 0 0 0 0 0 0 0 0 0 0 0 0 0 0 0 0 0 0 0 0 0 0 0 0 0 0 0 0 0 0 0 0 0 0 0
0 0 0 0 0 0 0 0 0 0 0 0 0 0 0 0 0 0 0 0 0 0 0 0
##$SHL_OFFSCOEFF9= (0..95)
0 0 0 0 0 0 0 0 0 0 0 0 0 0 0 0 0 0 0 0 0 0 0 0 0 0 0 0 0 0 0 0 0 0 0 0
0 0 0 0 0 0 0 0 0 0 0 0 0 0 0 0 0 0 0 0 0 0 0 0 0 0 0 0 0 0 0 0 0 0 0 0
0 0 0 0 0 0 0 0 0 0 0 0 0 0 0 0 0 0 0 0 0 0 0 0
##$SHL_PHASE= (0..15)
0 0 0 0 0 0 0 0 0 0 0 0 0 0 0 0
##$SHL_PHASEFAC= (0..15)
0 0 0 0 0 0 0 0 0 0 0 0 0 0 0 0
##$SHL_POWERINDEX= (0..15)
0 0 0 0 0 0 0 0 0 0 0 0 0 0 0 0
##$SHL_QUADCOEFF= (0..15)
0 0 0 0 0 0 0 0 0 0 0 0 0 0 0 0
##$SHL_RIGHTLIMIT= (0..15)
0 0 0 0 0 0 0 0 0 0 0 0 0 0 0 0
##$SHL_SCALEFACTOR= (0..15)
1 1 1 1 1 1 1 1 1 1 1 1 1 1 1 1
##$SHL_SF= (0..15)
<> <> <> <> <> <> <> <> <> <> <> <> <> <> <> <>
##$SHL_SFCOEFFS0= (0..200)
0 0 0 0 0 0 0 0 0 0 0 0 0 0 0 0 0 0 0 0 0 0 0 0 0 0 0 0 0 0 0 0 0 0 0 0
0 0 0 0 0 0 0 0 0 0 0 0 0 0 0 0 0 0 0 0 0 0 0 0 0 0 0 0 0 0 0 0 0 0 0 0
0 0 0 0 0 0 0 0 0 0 0 0 0 0 0 0 0 0 0 0 0 0 0 0 0 0 0 0 0 0 0 0 0 0 0 0
0 0 0 0 0 0 0 0 0 0 0 0 0 0 0 0 0 0 0 0 0 0 0 0 0 0 0 0 0 0 0 0 0 0 0 0
0 0 0 0 0 0 0 0 0 0 0 0 0 0 0 0 0 0 0 0 0 0 0 0 0 0 0 0 0 0 0 0 0 0 0 0
0 0 0 0 0 0 0 0 0 0 0 0 0 0 0 0 0 0 0 0 0
##$SHL_SFCOEFFS1= (0..200)
0 0 0 0 0 0 0 0 0 0 0 0 0 0 0 0 0 0 0 0 0 0 0 0 0 0 0 0 0 0 0 0 0 0 0 0
0 0 0 0 0 0 0 0 0 0 0 0 0 0 0 0 0 0 0 0 0 0 0 0 0 0 0 0 0 0 0 0 0 0 0 0
0 0 0 0 0 0 0 0 0 0 0 0 0 0 0 0 0 0 0 0 0 0 0 0 0 0 0 0 0 0 0 0 0 0 0 0
0 0 0 0 0 0 0 0 0 0 0 0 0 0 0 0 0 0 0 0 0 0 0 0 0 0 0 0 0 0 0 0 0 0 0 0
0 0 0 0 0 0 0 0 0 0 0 0 0 0 0 0 0 0 0 0 0 0 0 0 0 0 0 0 0 0 0 0 0 0 0 0
0 0 0 0 0 0 0 0 0 0 0 0 0 0 0 0 0 0 0 0 0
##$SHL_SFCOEFFS10= (0..200)
0 0 0 0 0 0 0 0 0 0 0 0 0 0 0 0 0 0 0 0 0 0 0 0 0 0 0 0 0 0 0 0 0 0 0 0
0 0 0 0 0 0 0 0 0 0 0 0 0 0 0 0 0 0 0 0 0 0 0 0 0 0 0 0 0 0 0 0 0 0 0 0
0 0 0 0 0 0 0 0 0 0 0 0 0 0 0 0 0 0 0 0 0 0 0 0 0 0 0 0 0 0 0 0 0 0 0 0
0 0 0 0 0 0 0 0 0 0 0 0 0 0 0 0 0 0 0 0 0 0 0 0 0 0 0 0 0 0 0 0 0 0 0 0
0 0 0 0 0 0 0 0 0 0 0 0 0 0 0 0 0 0 0 0 0 0 0 0 0 0 0 0 0 0 0 0 0 0 0 0
0 0 0 0 0 0 0 0 0 0 0 0 0 0 0 0 0 0 0 0 0
##$SHL_SFCOEFFS11= (0..200)
0 0 0 0 0 0 0 0 0 0 0 0 0 0 0 0 0 0 0 0 0 0 0 0 0 0 0 0 0 0 0 0 0 0 0 0
0 0 0 0 0 0 0 0 0 0 0 0 0 0 0 0 0 0 0 0 0 0 0 0 0 0 0 0 0 0 0 0 0 0 0 0
0 0 0 0 0 0 0 0 0 0 0 0 0 0 0 0 0 0 0 0 0 0 0 0 0 0 0 0 0 0 0 0 0 0 0 0
0 0 0 0 0 0 0 0 0 0 0 0 0 0 0 0 0 0 0 0 0 0 0 0 0 0 0 0 0 0 0 0 0 0 0 0
0 0 0 0 0 0 0 0 0 0 0 0 0 0 0 0 0 0 0 0 0 0 0 0 0 0 0 0 0 0 0 0 0 0 0 0
0 0 0 0 0 0 0 0 0 0 0 0 0 0 0 0 0 0 0 0 0
##$SHL_SFCOEFFS12= (0..200)
0 0 0 0 0 0 0 0 0 0 0 0 0 0 0 0 0 0 0 0 0 0 0 0 0 0 0 0 0 0 0 0 0 0 0 0
0 0 0 0 0 0 0 0 0 0 0 0 0 0 0 0 0 0 0 0 0 0 0 0 0 0 0 0 0 0 0 0 0 0 0 0
0 0 0 0 0 0 0 0 0 0 0 0 0 0 0 0 0 0 0 0 0 0 0 0 0 0 0 0 0 0 0 0 0 0 0 0
0 0 0 0 0 0 0 0 0 0 0 0 0 0 0 0 0 0 0 0 0 0 0 0 0 0 0 0 0 0 0 0 0 0 0 0
0 0 0 0 0 0 0 0 0 0 0 0 0 0 0 0 0 0 0 0 0 0 0 0 0 0 0 0 0 0 0 0 0 0 0 0
0 0 0 0 0 0 0 0 0 0 0 0 0 0 0 0 0 0 0 0 0
##$SHL_SFCOEFFS13= (0..200)
0 0 0 0 0 0 0 0 0 0 0 0 0 0 0 0 0 0 0 0 0 0 0 0 0 0 0 0 0 0 0 0 0 0 0 0
0 0 0 0 0 0 0 0 0 0 0 0 0 0 0 0 0 0 0 0 0 0 0 0 0 0 0 0 0 0 0 0 0 0 0 0
0 0 0 0 0 0 0 0 0 0 0 0 0 0 0 0 0 0 0 0 0 0 0 0 0 0 0 0 0 0 0 0 0 0 0 0
0 0 0 0 0 0 0 0 0 0 0 0 0 0 0 0 0 0 0 0 0 0 0 0 0 0 0 0 0 0 0 0 0 0 0 0
0 0 0 0 0 0 0 0 0 0 0 0 0 0 0 0 0 0 0 0 0 0 0 0 0 0 0 0 0 0 0 0 0 0 0 0
0 0 0 0 0 0 0 0 0 0 0 0 0 0 0 0 0 0 0 0 0
##$SHL_SFCOEFFS14= (0..200)
0 0 0 0 0 0 0 0 0 0 0 0 0 0 0 0 0 0 0 0 0 0 0 0 0 0 0 0 0 0 0 0 0 0 0 0
0 0 0 0 0 0 0 0 0 0 0 0 0 0 0 0 0 0 0 0 0 0 0 0 0 0 0 0 0 0 0 0 0 0 0 0
0 0 0 0 0 0 0 0 0 0 0 0 0 0 0 0 0 0 0 0 0 0 0 0 0 0 0 0 0 0 0 0 0 0 0 0
0 0 0 0 0 0 0 0 0 0 0 0 0 0 0 0 0 0 0 0 0 0 0 0 0 0 0 0 0 0 0 0 0 0 0 0
0 0 0 0 0 0 0 0 0 0 0 0 0 0 0 0 0 0 0 0 0 0 0 0 0 0 0 0 0 0 0 0 0 0 0 0
0 0 0 0 0 0 0 0 0 0 0 0 0 0 0 0 0 0 0 0 0
##$SHL_SFCOEFFS15= (0..200)
0 0 0 0 0 0 0 0 0 0 0 0 0 0 0 0 0 0 0 0 0 0 0 0 0 0 0 0 0 0 0 0 0 0 0 0
0 0 0 0 0 0 0 0 0 0 0 0 0 0 0 0 0 0 0 0 0 0 0 0 0 0 0 0 0 0 0 0 0 0 0 0
0 0 0 0 0 0 0 0 0 0 0 0 0 0 0 0 0 0 0 0 0 0 0 0 0 0 0 0 0 0 0 0 0 0 0 0
0 0 0 0 0 0 0 0 0 0 0 0 0 0 0 0 0 0 0 0 0 0 0 0 0 0 0 0 0 0 0 0 0 0 0 0
0 0 0 0 0 0 0 0 0 0 0 0 0 0 0 0 0 0 0 0 0 0 0 0 0 0 0 0 0 0 0 0 0 0 0 0
0 0 0 0 0 0 0 0 0 0 0 0 0 0 0 0 0 0 0 0 0
##$SHL_SFCOEFFS2= (0..200)
0 0 0 0 0 0 0 0 0 0 0 0 0 0 0 0 0 0 0 0 0 0 0 0 0 0 0 0 0 0 0 0 0 0 0 0
0 0 0 0 0 0 0 0 0 0 0 0 0 0 0 0 0 0 0 0 0 0 0 0 0 0 0 0 0 0 0 0 0 0 0 0
0 0 0 0 0 0 0 0 0 0 0 0 0 0 0 0 0 0 0 0 0 0 0 0 0 0 0 0 0 0 0 0 0 0 0 0
0 0 0 0 0 0 0 0 0 0 0 0 0 0 0 0 0 0 0 0 0 0 0 0 0 0 0 0 0 0 0 0 0 0 0 0
0 0 0 0 0 0 0 0 0 0 0 0 0 0 0 0 0 0 0 0 0 0 0 0 0 0 0 0 0 0 0 0 0 0 0 0
0 0 0 0 0 0 0 0 0 0 0 0 0 0 0 0 0 0 0 0 0
##$SHL_SFCOEFFS3= (0..200)
0 0 0 0 0 0 0 0 0 0 0 0 0 0 0 0 0 0 0 0 0 0 0 0 0 0 0 0 0 0 0 0 0 0 0 0
0 0 0 0 0 0 0 0 0 0 0 0 0 0 0 0 0 0 0 0 0 0 0 0 0 0 0 0 0 0 0 0 0 0 0 0
0 0 0 0 0 0 0 0 0 0 0 0 0 0 0 0 0 0 0 0 0 0 0 0 0 0 0 0 0 0 0 0 0 0 0 0
0 0 0 0 0 0 0 0 0 0 0 0 0 0 0 0 0 0 0 0 0 0 0 0 0 0 0 0 0 0 0 0 0 0 0 0
0 0 0 0 0 0 0 0 0 0 0 0 0 0 0 0 0 0 0 0 0 0 0 0 0 0 0 0 0 0 0 0 0 0 0 0
0 0 0 0 0 0 0 0 0 0 0 0 0 0 0 0 0 0 0 0 0
##$SHL_SFCOEFFS4= (0..200)
0 0 0 0 0 0 0 0 0 0 0 0 0 0 0 0 0 0 0 0 0 0 0 0 0 0 0 0 0 0 0 0 0 0 0 0
0 0 0 0 0 0 0 0 0 0 0 0 0 0 0 0 0 0 0 0 0 0 0 0 0 0 0 0 0 0 0 0 0 0 0 0
0 0 0 0 0 0 0 0 0 0 0 0 0 0 0 0 0 0 0 0 0 0 0 0 0 0 0 0 0 0 0 0 0 0 0 0
0 0 0 0 0 0 0 0 0 0 0 0 0 0 0 0 0 0 0 0 0 0 0 0 0 0 0 0 0 0 0 0 0 0 0 0
0 0 0 0 0 0 0 0 0 0 0 0 0 0 0 0 0 0 0 0 0 0 0 0 0 0 0 0 0 0 0 0 0 0 0 0
0 0 0 0 0 0 0 0 0 0 0 0 0 0 0 0 0 0 0 0 0
##$SHL_SFCOEFFS5= (0..200)
0 0 0 0 0 0 0 0 0 0 0 0 0 0 0 0 0 0 0 0 0 0 0 0 0 0 0 0 0 0 0 0 0 0 0 0
0 0 0 0 0 0 0 0 0 0 0 0 0 0 0 0 0 0 0 0 0 0 0 0 0 0 0 0 0 0 0 0 0 0 0 0
0 0 0 0 0 0 0 0 0 0 0 0 0 0 0 0 0 0 0 0 0 0 0 0 0 0 0 0 0 0 0 0 0 0 0 0
0 0 0 0 0 0 0 0 0 0 0 0 0 0 0 0 0 0 0 0 0 0 0 0 0 0 0 0 0 0 0 0 0 0 0 0
0 0 0 0 0 0 0 0 0 0 0 0 0 0 0 0 0 0 0 0 0 0 0 0 0 0 0 0 0 0 0 0 0 0 0 0
0 0 0 0 0 0 0 0 0 0 0 0 0 0 0 0 0 0 0 0 0
##$SHL_SFCOEFFS6= (0..200)
0 0 0 0 0 0 0 0 0 0 0 0 0 0 0 0 0 0 0 0 0 0 0 0 0 0 0 0 0 0 0 0 0 0 0 0
0 0 0 0 0 0 0 0 0 0 0 0 0 0 0 0 0 0 0 0 0 0 0 0 0 0 0 0 0 0 0 0 0 0 0 0
0 0 0 0 0 0 0 0 0 0 0 0 0 0 0 0 0 0 0 0 0 0 0 0 0 0 0 0 0 0 0 0 0 0 0 0
0 0 0 0 0 0 0 0 0 0 0 0 0 0 0 0 0 0 0 0 0 0 0 0 0 0 0 0 0 0 0 0 0 0 0 0
0 0 0 0 0 0 0 0 0 0 0 0 0 0 0 0 0 0 0 0 0 0 0 0 0 0 0 0 0 0 0 0 0 0 0 0
0 0 0 0 0 0 0 0 0 0 0 0 0 0 0 0 0 0 0 0 0
##$SHL_SFCOEFFS7= (0..200)
0 0 0 0 0 0 0 0 0 0 0 0 0 0 0 0 0 0 0 0 0 0 0 0 0 0 0 0 0 0 0 0 0 0 0 0
0 0 0 0 0 0 0 0 0 0 0 0 0 0 0 0 0 0 0 0 0 0 0 0 0 0 0 0 0 0 0 0 0 0 0 0
0 0 0 0 0 0 0 0 0 0 0 0 0 0 0 0 0 0 0 0 0 0 0 0 0 0 0 0 0 0 0 0 0 0 0 0
0 0 0 0 0 0 0 0 0 0 0 0 0 0 0 0 0 0 0 0 0 0 0 0 0 0 0 0 0 0 0 0 0 0 0 0
0 0 0 0 0 0 0 0 0 0 0 0 0 0 0 0 0 0 0 0 0 0 0 0 0 0 0 0 0 0 0 0 0 0 0 0
0 0 0 0 0 0 0 0 0 0 0 0 0 0 0 0 0 0 0 0 0
##$SHL_SFCOEFFS8= (0..200)
0 0 0 0 0 0 0 0 0 0 0 0 0 0 0 0 0 0 0 0 0 0 0 0 0 0 0 0 0 0 0 0 0 0 0 0
0 0 0 0 0 0 0 0 0 0 0 0 0 0 0 0 0 0 0 0 0 0 0 0 0 0 0 0 0 0 0 0 0 0 0 0
0 0 0 0 0 0 0 0 0 0 0 0 0 0 0 0 0 0 0 0 0 0 0 0 0 0 0 0 0 0 0 0 0 0 0 0
0 0 0 0 0 0 0 0 0 0 0 0 0 0 0 0 0 0 0 0 0 0 0 0 0 0 0 0 0 0 0 0 0 0 0 0
0 0 0 0 0 0 0 0 0 0 0 0 0 0 0 0 0 0 0 0 0 0 0 0 0 0 0 0 0 0 0 0 0 0 0 0
0 0 0 0 0 0 0 0 0 0 0 0 0 0 0 0 0 0 0 0 0
##$SHL_SFCOEFFS9= (0..200)
0 0 0 0 0 0 0 0 0 0 0 0 0 0 0 0 0 0 0 0 0 0 0 0 0 0 0 0 0 0 0 0 0 0 0 0
0 0 0 0 0 0 0 0 0 0 0 0 0 0 0 0 0 0 0 0 0 0 0 0 0 0 0 0 0 0 0 0 0 0 0 0
0 0 0 0 0 0 0 0 0 0 0 0 0 0 0 0 0 0 0 0 0 0 0 0 0 0 0 0 0 0 0 0 0 0 0 0
0 0 0 0 0 0 0 0 0 0 0 0 0 0 0 0 0 0 0 0 0 0 0 0 0 0 0 0 0 0 0 0 0 0 0 0
0 0 0 0 0 0 0 0 0 0 0 0 0 0 0 0 0 0 0 0 0 0 0 0 0 0 0 0 0 0 0 0 0 0 0 0
0 0 0 0 0 0 0 0 0 0 0 0 0 0 0 0 0 0 0 0 0
##$SHL_SMOOTHED= (0..15)
0 0 0 0 0 0 0 0 0 0 0 0 0 0 0 0
##$SHL_SMOOTHING= (0..15)
0 0 0 0 0 0 0 0 0 0 0 0 0 0 0 0
##$SHL_SPOAL= (0..15)
0 0 0 0 0 0 0 0 0 0 0 0 0 0 0 0
##$SHL_SPOFFS= (0..15)
0 0 0 0 0 0 0 0 0 0 0 0 0 0 0 0
##$SHL_SPOPH= (0..15)
0 0 0 0 0 0 0 0 0 0 0 0 0 0 0 0
##$SHL_STARTAMP= (0..15)
0 0 0 0 0 0 0 0 0 0 0 0 0 0 0 0
##$SHL_SW= (0..15)
0 0 0 0 0 0 0 0 0 0 0 0 0 0 0 0
##$SHL_SWDIR= (0..15)
-1 -1 -1 -1 -1 -1 -1 -1 -1 -1 -1 -1 -1 -1 -1 -1
##$SHL_TANKAPPA= (0..15)
0 0 0 0 0 0 0 0 0 0 0 0 0 0 0 0
##$SHL_TOTROT= (0..15)
90 0 0 0 0 0 0 0 0 0 0 0 0 0 0 0
##$SHL_TRUNCLEV= (0..15)
0 0 0 0 0 0 0 0 0 0 0 0 0 0 0 0
##$SHL_TYPE= (0..15)
<Excitation> <> <> <> <> <> <> <> <> <> <> <> <> <> <> <>
##$SHL_WINDOWSIZE= (0..15)
0 0 0 0 0 0 0 0 0 0 0 0 0 0 0 0
##$SHL_ZETA= (0..15)
0 0 0 0 0 0 0 0 0 0 0 0 0 0 0 0
##NPOINTS= 1250
##XYPOINTS= (XY..XY)
72.524691, 116.247592
72.065598, 117.761867
71.603665, 119.275682
71.138925, 120.789026
70.671413, 122.301890
70.201165, 123.814265
69.728215, 125.326139
69.252598, 126.837503
68.774350, 128.348344
68.293506, 129.858652
67.810103, 131.368415
67.324176, 132.877620
66.835762, 134.386256
66.344897, 135.894308
65.851618, 137.401763
65.355961, 138.908608
64.857965, 140.414828
64.357665, 141.920409
63.855100, 143.425333
63.350308, 144.929587
62.843325, 146.433152
62.334190, 147.936013
61.822942, 149.438150
61.309618, 150.939547
60.794257, 152.440183
60.276899, 153.940038
59.757581, 155.439093
59.236343, 156.937326
58.713224, 158.434715
58.188264, 159.931237
57.661502, 161.426868
57.132978, 162.921583
56.602733, 164.415357
56.070805, 165.908162
55.537236, 167.399972
55.002066, 168.890757
54.465336, 170.380486
53.927086, 171.869130
53.387357, 173.356654
52.846191, 174.843025
52.303628, 176.328208
51.759711, 177.812165
51.214481, 179.294859
50.667979, 180.776248
50.120248, 182.256292
49.571329, 183.734946
49.021266, 185.212164
48.470100, 186.687898
47.917874, 188.162099
47.364632, 189.634714
46.810415, 191.105689
46.255268, 192.574965
45.699232, 194.042484
45.142353, 195.508181
44.584674, 196.971990
44.026238, 198.433843
43.467091, 199.893667
42.907275, 201.351384
42.346836, 202.806915
41.785818, 204.260174
41.224267, 205.711073
40.662228, 207.159517
40.099745, 208.605408
39.536866, 210.048642
38.973635, 211.489108
38.410099, 212.926689
37.846305, 214.361264
37.282300, 215.792702
36.718130, 217.220865
36.153844, 218.645607
35.589489, 220.066775
35.025113, 221.484203
34.460766, 222.897719
33.896496, 224.307136
33.332353, 225.712258
32.768388, 227.112875
32.204651, 228.508764
31.641193, 229.899685
31.078067, 231.285386
30.515325, 232.665592
29.953020, 234.040014
29.391208, 235.408338
28.829942, 236.770230
28.269280, 238.125331
27.709279, 239.473252
27.149996, 240.813579
26.591492, 242.145862
26.033828, 243.469618
25.477066, 244.784321
24.921271, 246.089406
24.366510, 247.384258
23.812851, 248.668210
23.260364, 249.940535
22.709124, 251.200444
22.159206, 252.447075
21.610690, 253.679483
21.063660, 254.896637
20.518203, 256.097404
19.974411, 257.280539
19.432382, 258.444669
18.892219, 259.588280
18.354032, 260.709697
17.817940, 261.807061
17.284067, 262.878309
16.752552, 263.921139
16.223543, 264.932983
15.697201, 265.910963
15.173703, 266.851850
14.653245, 267.752007
14.136042, 268.607329
13.622335, 269.413170
13.112393, 270.164255
12.606519, 270.854579
12.105057, 271.477285
11.608397, 272.024527
11.116987, 272.487297
10.631343, 272.855236
10.152063, 273.116403
9.679843, 273.257016
9.215500, 273.261162
8.759994, 273.110465
8.314462, 272.783762
7.880252, 272.256769
7.458970, 271.501837
7.052531, 270.487860
6.663215, 269.180501
6.293727, 267.542974
5.947251, 265.537716
5.627487, 263.129376
5.338643, 260.289556
5.085353, 257.003558
4.872488, 253.278759
4.704823, 249.153204
4.586575, 244.701583
4.520852, 240.035035
4.509170, 235.292181
4.551157, 230.622090
4.644576, 226.163865
4.785644, 222.029460
4.969554, 218.294489
5.191025, 214.997834
5.444770, 212.147523
5.725823, 209.729292
6.029714, 207.714988
6.352542, 206.069365
6.690965, 204.754873
7.042160, 203.734682
7.403756, 202.974385
7.773769, 202.442792
8.150541, 202.112168
8.532683, 201.958154
8.919030, 201.959510
9.308599, 202.097801
9.700556, 202.357055
10.094196, 202.723442
10.488911, 203.184981
10.884182, 203.731277
11.279558, 204.353292
11.674650, 205.043154
12.069114, 205.793983
12.462651, 206.599756
12.854996, 207.455182
13.245915, 208.355600
13.635196, 209.296894
14.022652, 210.275417
14.408115, 211.287931
14.791430, 212.331550
15.172459, 213.403699
15.551074, 214.502071
15.927160, 215.624598
16.300609, 216.769416
16.671323, 217.934848
17.039209, 219.119374
17.404182, 220.321621
17.766163, 221.540341
18.125078, 222.774399
18.480856, 224.022760
18.833431, 225.284480
19.182742, 226.558696
19.528728, 227.844616
19.871335, 229.141514
20.210509, 230.448721
20.546200, 231.765623
20.878358, 233.091652
21.206937, 234.426285
21.531894, 235.769037
21.853185, 237.119458
22.170769, 238.477133
22.484607, 239.841675
22.794660, 241.212726
23.100892, 242.589949
23.403267, 243.973033
23.701750, 245.361689
23.996309, 246.755642
24.286910, 248.154641
24.573523, 249.558446
24.856117, 250.966835
25.134663, 252.379599
25.409131, 253.796542
25.679493, 255.217479
25.945724, 256.642238
26.207795, 258.070656
26.465681, 259.502578
26.719357, 260.937860
26.968799, 262.376365
27.213983, 263.817965
27.454885, 265.262539
27.691483, 266.709969
27.923755, 268.160149
28.151679, 269.612975
28.375234, 271.068350
28.594401, 272.526180
28.809158, 273.986379
29.019487, 275.448863
29.225369, 276.913553
29.426785, 278.380375
29.623717, 279.849257
29.816148, 281.320132
30.004062, 282.792935
30.187440, 284.267606
30.366268, 285.744085
30.540530, 287.222318
30.710210, 288.702252
30.875294, 290.183836
31.035768, 291.667024
31.191617, 293.151768
31.342828, 294.638026
31.489389, 296.125757
31.631287, 297.614920
31.768508, 299.105478
31.901043, 300.597396
32.028879, 302.090639
32.152005, 303.585174
32.270411, 305.080970
32.384087, 306.577998
32.493023, 308.076230
32.597210, 309.575637
32.696639, 311.076195
32.791300, 312.577880
32.881187, 314.080667
32.966292, 315.584535
33.046606, 317.089462
33.122124, 318.595429
33.192838, 320.102416
33.258743, 321.610406
33.319832, 323.119380
33.376101, 324.629323
33.427544, 326.140220
33.474157, 327.652056
33.515935, 329.164817
33.552875, 330.678490
33.584973, 332.193063
33.612226, 333.708525
33.634632, 335.224865
33.652188, 336.742073
33.664892, 338.260140
33.672743, 339.779058
33.675739, 341.298818
33.673881, 342.819413
33.667166, 344.340837
33.655596, 345.863084
33.639171, 347.386148
33.617891, 348.910026
33.591758, 350.434713
33.560773, 351.960206
33.524938, 353.486502
33.484255, 355.013599
33.438727, 356.541496
33.388357, 358.070192
33.333148, 359.599687
33.273104, 1.129981
33.208229, 2.661076
33.138528, 4.192972
33.064005, 5.725674
32.984666, 7.259183
32.900517, 8.793503
32.811563, 10.328640
32.717810, 11.864598
32.619266, 13.401383
32.515938, 14.939002
32.407833, 16.477462
32.294958, 18.016771
32.177323, 19.556939
32.054935, 21.097974
31.927805, 22.639889
31.795940, 24.182694
31.659351, 25.726402
31.518047, 27.271026
31.372041, 28.816582
31.221341, 30.363083
31.065959, 31.910547
30.905907, 33.458991
30.741197, 35.008435
30.571841, 36.558898
30.397852, 38.110402
30.219242, 39.662969
30.036026, 41.216624
29.848216, 42.771391
29.655828, 44.327299
29.458875, 45.884376
29.257373, 47.442653
29.051337, 49.002162
28.840782, 50.562938
28.625724, 52.125017
28.406180, 53.688438
28.182167, 55.253242
27.953702, 56.819473
27.720802, 58.387176
27.483485, 59.956401
27.241770, 61.527199
26.995675, 63.099627
26.745220, 64.673743
26.490424, 66.249609
26.231306, 67.827292
25.967887, 69.406862
25.700189, 70.988394
25.428231, 72.571969
25.152036, 74.157671
24.871625, 75.745592
24.587021, 77.335830
24.298247, 78.928487
24.005325, 80.523676
23.708281, 82.121514
23.407138, 83.722129
23.101921, 85.325657
22.792654, 86.932246
22.479365, 88.542052
22.162079, 90.155246
21.840822, 91.772009
21.515623, 93.392538
21.186510, 95.017046
20.853511, 96.645762
20.516655, 98.278937
20.175973, 99.916838
19.831495, 101.559760
19.483254, 103.208021
19.131281, 104.861970
18.775609, 106.521985
18.416275, 108.188481
18.053311, 109.861914
17.686757, 111.542783
17.316648, 113.231637
16.943025, 114.929083
16.565929, 116.635791
16.185402, 118.352504
15.801488, 120.080048
15.414235, 121.819342
15.023691, 123.571415
14.629908, 125.337418
14.232942, 127.118647
13.832851, 128.916564
13.429697, 130.732824
13.023549, 132.569309
12.614480, 134.428166
12.202570, 136.311857
11.787906, 138.223216
11.370586, 140.165523
10.950719, 142.142592
10.528426, 144.158883
10.103846, 146.219647
9.677138, 148.331098
9.248485, 150.500644
8.818105, 152.737183
8.386252, 155.051482
7.953234, 157.456685
7.519422, 159.968979
7.085277, 162.608494
6.651372, 165.400520
6.218436, 168.377175
5.787411, 171.579709
5.359530, 175.061699
4.936443, 178.893490
4.520397, 183.168292
4.114508, 188.010291
3.723170, 193.584582
3.352658, 200.106795
3.011963, 207.844827
2.713764, 217.092699
2.475012, 228.077603
2.315799, 240.763348
2.254688, 254.617564
2.301100, 268.613767
2.450393, 281.656559
2.686778, 293.076370
2.990832, 302.734167
3.345168, 310.814899
3.736405, 317.608448
4.154924, 323.393268
4.593979, 328.398203
5.048842, 332.799919
5.516168, 336.731634
5.993550, 340.293297
6.479226, 343.560206
6.971880, 346.589569
7.470512, 349.425312
7.974347, 352.101545
8.482778, 354.645050
8.995318, 357.077093
9.511570, 359.414731
10.031210, 1.671782
10.553965, 3.859543
11.079604, 5.987329
11.607930, 8.062884
12.138771, 10.092691
12.671976, 12.082218
13.207413, 14.036105
13.744960, 15.958313
14.284510, 17.852244
14.825963, 19.720836
15.369228, 21.566635
15.914221, 23.391863
16.460862, 25.198461
17.009076, 26.988140
17.558793, 28.762405
18.109946, 30.522592
18.662471, 32.269888
19.216305, 34.005350
19.771389, 35.729923
20.327665, 37.444458
20.885076, 39.149716
21.443570, 40.846386
22.003091, 42.535091
22.563587, 44.216395
23.125007, 45.890810
23.687301, 47.558803
24.250419, 49.220801
24.814311, 50.877191
25.378929, 52.528331
25.944226, 54.174548
26.510153, 55.816143
27.076663, 57.453392
27.643710, 59.086552
28.211248, 60.715858
28.779231, 62.341528
29.347612, 63.963766
29.916347, 65.582758
30.485391, 67.198679
31.054697, 68.811692
31.624222, 70.421948
32.193921, 72.029587
32.763750, 73.634741
33.333663, 75.237534
33.903618, 76.838081
34.473571, 78.436489
35.043477, 80.032859
35.613292, 81.627288
36.182974, 83.219863
36.752479, 84.810669
37.321763, 86.399784
37.890784, 87.987285
38.459497, 89.573239
39.027861, 91.157715
39.595832, 92.740774
40.163368, 94.322475
40.730425, 95.902875
41.296961, 97.482027
41.862934, 99.059980
42.428302, 100.636782
42.993021, 102.212480
43.557049, 103.787114
44.120345, 105.360727
44.682867, 106.933356
45.244572, 108.505040
45.805418, 110.075812
46.365365, 111.645706
46.924369, 113.214754
47.482390, 114.782987
48.039386, 116.350432
48.595316, 117.917119
49.150139, 119.483073
49.703813, 121.048319
50.256297, 122.612882
50.807551, 124.176785
51.357533, 125.740049
51.906202, 127.302696
52.453520, 128.864746
52.999443, 130.426218
53.543934, 131.987131
54.086950, 133.547503
54.628452, 135.107351
55.168401, 136.666691
55.706755, 138.225539
56.243476, 139.783910
56.778524, 141.341819
57.311859, 142.899280
57.843442, 144.456305
58.373233, 146.012909
58.901195, 147.569104
59.427287, 149.124900
59.951471, 150.680311
60.473709, 152.235347
60.993961, 153.790019
61.512190, 155.344338
62.028358, 156.898312
62.542426, 158.451952
63.054357, 160.005268
63.564112, 161.558268
64.071655, 163.110960
64.576948, 164.663354
65.079954, 166.215457
65.580636, 167.767277
66.078957, 169.318821
66.574880, 170.870098
67.068369, 172.421113
67.559388, 173.971874
68.047901, 175.522388
68.533871, 177.072661
69.017263, 178.622698
69.498042, 180.172507
69.976171, 181.722093
70.451617, 183.271461
70.924343, 184.820617
71.394316, 186.369567
71.861501, 187.918315
72.325863, 189.466866
72.787368, 191.015226
73.245983, 192.563399
73.701673, 194.111390
74.154406, 195.659203
74.604148, 197.206842
75.050866, 198.754312
75.494527, 200.301616
75.935098, 201.848759
76.372548, 203.395745
76.806844, 204.942577
77.237955, 206.489258
77.665848, 208.035793
78.090492, 209.582185
78.511857, 211.128437
78.929910, 212.674553
79.344622, 214.220535
79.755962, 215.766387
80.163900, 217.312112
80.568406, 218.857713
80.969450, 220.403192
81.367002, 221.948552
81.761035, 223.493797
82.151518, 225.038929
82.538423, 226.583949
82.921722, 228.128862
83.301386, 229.673669
83.677388, 231.218373
84.049701, 232.762977
84.418296, 234.307481
84.783146, 235.851890
85.144226, 237.396204
85.501508, 238.940426
85.854967, 240.484559
86.204576, 242.028603
86.550309, 243.572562
86.892142, 245.116437
87.230050, 246.660230
87.564007, 248.203943
87.893989, 249.747578
88.219971, 251.291136
88.541931, 252.834620
88.859844, 254.378031
89.173687, 255.921370
89.483437, 257.464640
89.789071, 259.007842
90.090567, 260.550978
90.387902, 262.094049
90.681056, 263.637056
90.970006, 265.180002
91.254732, 266.722887
91.535211, 268.265713
91.811425, 269.808482
92.083352, 271.351195
92.350973, 272.893853
92.614267, 274.436458
92.873217, 275.979010
93.127802, 277.521512
93.378004, 279.063965
93.623805, 280.606369
93.865186, 282.148726
94.102130, 283.691037
94.334620, 285.233303
94.562639, 286.775526
94.786169, 288.317707
95.005195, 289.859847
95.219700, 291.401946
95.429669, 292.944007
95.635086, 294.486029
95.835937, 296.028015
96.032205, 297.569965
96.223878, 299.111881
96.410941, 300.653762
96.593380, 302.195611
96.771183, 303.737429
96.944335, 305.279215
97.112824, 306.820972
97.276638, 308.362700
97.435765, 309.904401
97.590194, 311.446074
97.739912, 312.987722
97.884909, 314.529344
98.025174, 316.070942
98.160697, 317.612518
98.291469, 319.154070
98.417478, 320.695602
98.538717, 322.237113
98.655177, 323.778604
98.766848, 325.320076
98.873723, 326.861530
98.975793, 328.402968
99.073052, 329.944388
99.165492, 331.485794
99.253107, 333.027185
99.335889, 334.568562
99.413834, 336.109925
99.486934, 337.651277
99.555185, 339.192618
99.618583, 340.733947
99.677121, 342.275268
99.730796, 343.816579
99.779604, 345.357881
99.823542, 346.899177
99.862606, 348.440466
99.896793, 349.981749
99.926101, 351.523027
99.950527, 353.064300
99.970071, 354.605571
99.984729, 356.146838
99.994502, 357.688104
99.999389, 359.229368
99.999389, 0.770632
99.994502, 2.311896
99.984729, 3.853162
99.970071, 5.394429
99.950527, 6.935700
99.926101, 8.476973
99.896793, 10.018251
99.862606, 11.559534
99.823542, 13.100823
99.779604, 14.642119
99.730796, 16.183421
99.677121, 17.724732
99.618583, 19.266053
99.555185, 20.807382
99.486934, 22.348723
99.413834, 23.890075
99.335889, 25.431438
99.253107, 26.972815
99.165492, 28.514206
99.073052, 30.055612
98.975793, 31.597032
98.873723, 33.138470
98.766848, 34.679924
98.655177, 36.221396
98.538717, 37.762887
98.417478, 39.304398
98.291469, 40.845930
98.160697, 42.387482
98.025174, 43.929058
97.884909, 45.470656
97.739912, 47.012278
97.590194, 48.553926
97.435765, 50.095599
97.276638, 51.637300
97.112824, 53.179028
96.944335, 54.720785
96.771183, 56.262571
96.593380, 57.804389
96.410941, 59.346238
96.223878, 60.888119
96.032205, 62.430035
95.835937, 63.971985
95.635086, 65.513971
95.429669, 67.055993
95.219700, 68.598054
95.005195, 70.140153
94.786169, 71.682293
94.562639, 73.224474
94.334620, 74.766697
94.102130, 76.308963
93.865186, 77.851274
93.623805, 79.393631
93.378004, 80.936035
93.127802, 82.478488
92.873217, 84.020990
92.614267, 85.563542
92.350973, 87.106147
92.083352, 88.648805
91.811425, 90.191518
91.535211, 91.734287
91.254732, 93.277113
90.970006, 94.819998
90.681056, 96.362944
90.387902, 97.905951
90.090567, 99.449022
89.789071, 100.992158
89.483437, 102.535360
89.173687, 104.078630
88.859844, 105.621969
88.541931, 107.165380
88.219971, 108.708864
87.893989, 110.252422
87.564007, 111.796057
87.230050, 113.339770
86.892142, 114.883563
86.550309, 116.427438
86.204576, 117.971397
85.854967, 119.515441
85.501508, 121.059574
85.144226, 122.603796
84.783146, 124.148110
84.418296, 125.692519
84.049701, 127.237023
83.677388, 128.781627
83.301386, 130.326331
82.921722, 131.871138
82.538423, 133.416051
82.151518, 134.961071
81.761035, 136.506203
81.367002, 138.051448
80.969450, 139.596808
80.568406, 141.142287
80.163900, 142.687888
79.755962, 144.233613
79.344622, 145.779465
78.929910, 147.325447
78.511857, 148.871563
78.090492, 150.417815
77.665848, 151.964207
77.237955, 153.510742
76.806844, 155.057423
76.372548, 156.604255
75.935098, 158.151241
75.494527, 159.698384
75.050866, 161.245688
74.604148, 162.793158
74.154406, 164.340797
73.701673, 165.888610
73.245983, 167.436601
72.787368, 168.984774
72.325863, 170.533134
71.861501, 172.081685
71.394316, 173.630433
70.924343, 175.179383
70.451617, 176.728539
69.976171, 178.277907
69.498042, 179.827493
69.017263, 181.377302
68.533871, 182.927339
68.047901, 184.477612
67.559388, 186.028126
67.068369, 187.578887
66.574880, 189.129902
66.078957, 190.681179
65.580636, 192.232723
65.079954, 193.784543
64.576948, 195.336646
64.071655, 196.889040
63.564112, 198.441732
63.054357, 199.994732
62.542426, 201.548048
62.028358, 203.101688
61.512190, 204.655662
60.993961, 206.209981
60.473709, 207.764653
59.951471, 209.319689
59.427287, 210.875100
58.901195, 212.430896
58.373233, 213.987091
57.843442, 215.543695
57.311859, 217.100720
56.778524, 218.658181
56.243476, 220.216090
55.706755, 221.774461
55.168401, 223.333309
54.628452, 224.892649
54.086950, 226.452497
53.543934, 228.012869
52.999443, 229.573782
52.453520, 231.135254
51.906202, 232.697304
51.357533, 234.259951
50.807551, 235.823215
50.256297, 237.387118
49.703813, 238.951681
49.150139, 240.516927
48.595316, 242.082881
48.039386, 243.649568
47.482390, 245.217013
46.924369, 246.785246
46.365365, 248.354294
45.805418, 249.924188
45.244572, 251.494960
44.682867, 253.066644
44.120345, 254.639273
43.557049, 256.212886
42.993021, 257.787520
42.428302, 259.363218
41.862934, 260.940020
41.296961, 262.517973
40.730425, 264.097125
40.163368, 265.677525
39.595832, 267.259226
39.027861, 268.842285
38.459497, 270.426761
37.890784, 272.012715
37.321763, 273.600216
36.752479, 275.189331
36.182974, 276.780137
35.613292, 278.372712
35.043477, 279.967141
34.473571, 281.563511
33.903618, 283.161919
33.333663, 284.762466
32.763750, 286.365259
32.193921, 287.970413
31.624222, 289.578052
31.054697, 291.188308
30.485391, 292.801321
29.916347, 294.417242
29.347612, 296.036234
28.779231, 297.658472
28.211248, 299.284142
27.643710, 300.913448
27.076663, 302.546608
26.510153, 304.183857
25.944226, 305.825452
25.378929, 307.471669
24.814311, 309.122809
24.250419, 310.779199
23.687301, 312.441197
23.125007, 314.109190
22.563587, 315.783605
22.003091, 317.464909
21.443570, 319.153614
20.885076, 320.850284
20.327665, 322.555542
19.771389, 324.270077
19.216305, 325.994650
18.662471, 327.730112
18.109946, 329.477408
17.558793, 331.237595
17.009076, 333.011860
16.460862, 334.801539
15.914221, 336.608137
15.369228, 338.433365
14.825963, 340.279164
14.284510, 342.147756
13.744960, 344.041687
13.207413, 345.963895
12.671976, 347.917782
12.138771, 349.907309
11.607930, 351.937116
11.079604, 354.012671
10.553965, 356.140457
10.031210, 358.328218
9.511570, 0.585269
8.995318, 2.922907
8.482778, 5.354950
7.974347, 7.898455
7.470512, 10.574688
6.971880, 13.410431
6.479226, 16.439794
5.993550, 19.706703
5.516168, 23.268366
5.048842, 27.200081
4.593979, 31.601797
4.154924, 36.606732
3.736405, 42.391552
3.345168, 49.185101
2.990832, 57.265833
2.686778, 66.923630
2.450393, 78.343441
2.301100, 91.386233
2.254688, 105.382436
2.315799, 119.236652
2.475012, 131.922397
2.713764, 142.907301
3.011963, 152.155173
3.352658, 159.893205
3.723170, 166.415418
4.114508, 171.989709
4.520397, 176.831708
4.936443, 181.106510
5.359530, 184.938301
5.787411, 188.420291
6.218436, 191.622825
6.651372, 194.599480
7.085277, 197.391506
7.519422, 200.031021
7.953234, 202.543315
8.386252, 204.948518
8.818105, 207.262817
9.248485, 209.499356
9.677138, 211.668902
10.103846, 213.780353
10.528426, 215.841117
10.950719, 217.857408
11.370586, 219.834477
11.787906, 221.776784
12.202570, 223.688143
12.614480, 225.571834
13.023549, 227.430691
13.429697, 229.267176
13.832851, 231.083436
14.232942, 232.881353
14.629908, 234.662582
15.023691, 236.428585
15.414235, 238.180658
15.801488, 239.919952
16.185402, 241.647496
16.565929, 243.364209
16.943025, 245.070917
17.316648, 246.768363
17.686757, 248.457217
18.053311, 250.138086
18.416275, 251.811519
18.775609, 253.478015
19.131281, 255.138030
19.483254, 256.791979
19.831495, 258.440240
20.175973, 260.083162
20.516655, 261.721063
20.853511, 263.354238
21.186510, 264.982954
21.515623, 266.607462
21.840822, 268.227991
22.162079, 269.844754
22.479365, 271.457948
22.792654, 273.067754
23.101921, 274.674343
23.407138, 276.277871
23.708281, 277.878486
24.005325, 279.476324
24.298247, 281.071513
24.587021, 282.664170
24.871625, 284.254408
25.152036, 285.842329
25.428231, 287.428031
25.700189, 289.011606
25.967887, 290.593138
26.231306, 292.172708
26.490424, 293.750391
26.745220, 295.326257
26.995675, 296.900373
27.241770, 298.472801
27.483485, 300.043599
27.720802, 301.612824
27.953702, 303.180527
28.182167, 304.746758
28.406180, 306.311562
28.625724, 307.874983
28.840782, 309.437062
29.051337, 310.997838
29.257373, 312.557347
29.458875, 314.115624
29.655828, 315.672701
29.848216, 317.228609
30.036026, 318.783376
30.219242, 320.337031
30.397852, 321.889598
30.571841, 323.441102
30.741197, 324.991565
30.905907, 326.541009
31.065959, 328.089453
31.221341, 329.636917
31.372041, 331.183418
31.518047, 332.728974
31.659351, 334.273598
31.795940, 335.817306
31.927805, 337.360111
32.054935, 338.902026
32.177323, 340.443061
32.294958, 341.983229
32.407833, 343.522538
32.515938, 345.060998
32.619266, 346.598617
32.717810, 348.135402
32.811563, 349.671360
32.900517, 351.206497
32.984666, 352.740817
33.064005, 354.274326
33.138528, 355.807028
33.208229, 357.338924
33.273104, 358.870019
33.333148, 0.400313
33.388357, 1.929808
33.438727, 3.458504
33.484255, 4.986401
33.524938, 6.513498
33.560773, 8.039794
33.591758, 9.565287
33.617891, 11.089974
33.639171, 12.613852
33.655596, 14.136916
33.667166, 15.659163
33.673881, 17.180587
33.675739, 18.701182
33.672743, 20.220942
33.664892, 21.739860
33.652188, 23.257927
33.634632, 24.775135
33.612226, 26.291475
33.584973, 27.806937
33.552875, 29.321510
33.515935, 30.835183
33.474157, 32.347944
33.427544, 33.859780
33.376101, 35.370677
33.319832, 36.880620
33.258743, 38.389594
33.192838, 39.897584
33.122124, 41.404571
33.046606, 42.910538
32.966292, 44.415465
32.881187, 45.919333
32.791300, 47.422120
32.696639, 48.923805
32.597210, 50.424363
32.493023, 51.923770
32.384087, 53.422002
32.270411, 54.919030
32.152005, 56.414826
32.028879, 57.909361
31.901043, 59.402604
31.768508, 60.894522
31.631287, 62.385080
31.489389, 63.874243
31.342828, 65.361974
31.191617, 66.848232
31.035768, 68.332976
30.875294, 69.816164
30.710210, 71.297748
30.540530, 72.777682
30.366268, 74.255915
30.187440, 75.732394
30.004062, 77.207065
29.816148, 78.679868
29.623717, 80.150743
29.426785, 81.619625
29.225369, 83.086447
29.019487, 84.551137
28.809158, 86.013621
28.594401, 87.473820
28.375234, 88.931650
28.151679, 90.387025
27.923755, 91.839851
27.691483, 93.290031
27.454885, 94.737461
27.213983, 96.182035
26.968799, 97.623635
26.719357, 99.062140
26.465681, 100.497422
26.207795, 101.929344
25.945724, 103.357762
25.679493, 104.782521
25.409131, 106.203458
25.134663, 107.620401
24.856117, 109.033165
24.573523, 110.441554
24.286910, 111.845359
23.996309, 113.244358
23.701750, 114.638311
23.403267, 116.026967
23.100892, 117.410051
22.794660, 118.787274
22.484607, 120.158325
22.170769, 121.522867
21.853185, 122.880542
21.531894, 124.230963
21.206937, 125.573715
20.878358, 126.908348
20.546200, 128.234377
20.210509, 129.551279
19.871335, 130.858486
19.528728, 132.155384
19.182742, 133.441304
18.833431, 134.715520
18.480856, 135.977240
18.125078, 137.225601
17.766163, 138.459659
17.404182, 139.678379
17.039209, 140.880626
16.671323, 142.065152
16.300609, 143.230584
15.927160, 144.375402
15.551074, 145.497929
15.172459, 146.596301
14.791430, 147.668450
14.408115, 148.712069
14.022652, 149.724583
13.635196, 150.703106
13.245915, 151.644400
12.854996, 152.544818
12.462651, 153.400244
12.069114, 154.206017
11.674650, 154.956846
11.279558, 155.646708
10.884182, 156.268723
10.488911, 156.815019
10.094196, 157.276558
9.700556, 157.642945
9.308599, 157.902199
8.919030, 158.040490
8.532683, 158.041846
8.150541, 157.887832
7.773769, 157.557208
7.403756, 157.025615
7.042160, 156.265318
6.690965, 155.245127
6.352542, 153.930635
6.029714, 152.285012
5.725823, 150.270708
5.444770, 147.852477
5.191025, 145.002166
4.969554, 141.705511
4.785644, 137.970540
4.644576, 133.836135
4.551157, 129.377910
4.509170, 124.707819
4.520852, 119.964965
4.586575, 115.298417
4.704823, 110.846796
4.872488, 106.721241
5.085353, 102.996442
5.338643, 99.710444
5.627487, 96.870624
5.947251, 94.462284
6.293727, 92.457026
6.663215, 90.819499
7.052531, 89.512140
7.458970, 88.498163
7.880252, 87.743231
8.314462, 87.216238
8.759994, 86.889535
9.215500, 86.738838
9.679843, 86.742984
10.152063, 86.883597
10.631343, 87.144764
11.116987, 87.512703
11.608397, 87.975473
12.105057, 88.522715
12.606519, 89.145421
13.112393, 89.835745
13.622335, 90.586830
14.136042, 91.392671
14.653245, 92.247993
15.173703, 93.148150
15.697201, 94.089037
16.223543, 95.067017
16.752552, 96.078861
17.284067, 97.121691
17.817940, 98.192939
18.354032, 99.290303
18.892219, 100.411720
19.432382, 101.555331
19.974411, 102.719461
20.518203, 103.902596
21.063660, 105.103363
21.610690, 106.320517
22.159206, 107.552925
22.709124, 108.799556
23.260364, 110.059465
23.812851, 111.331790
24.366510, 112.615742
24.921271, 113.910594
25.477066, 115.215679
26.033828, 116.530382
26.591492, 117.854138
27.149996, 119.186421
27.709279, 120.526748
28.269280, 121.874669
28.829942, 123.229770
29.391208, 124.591662
29.953020, 125.959986
30.515325, 127.334408
31.078067, 128.714614
31.641193, 130.100315
32.204651, 131.491236
32.768388, 132.887125
33.332353, 134.287742
33.896496, 135.692864
34.460766, 137.102281
35.025113, 138.515797
35.589489, 139.933225
36.153844, 141.354393
36.718130, 142.779135
37.282300, 144.207298
37.846305, 145.638736
38.410099, 147.073311
38.973635, 148.510892
39.536866, 149.951358
40.099745, 151.394592
40.662228, 152.840483
41.224267, 154.288927
41.785818, 155.739826
42.346836, 157.193085
42.907275, 158.648616
43.467091, 160.106333
44.026238, 161.566157
44.584674, 163.028010
45.142353, 164.491819
45.699232, 165.957516
46.255268, 167.425035
46.810415, 168.894311
47.364632, 170.365286
47.917874, 171.837901
48.470100, 173.312102
49.021266, 174.787836
49.571329, 176.265054
50.120248, 177.743708
50.667979, 179.223752
51.214481, 180.705141
51.759711, 182.187835
52.303628, 183.671792
52.846191, 185.156975
53.387357, 186.643346
53.927086, 188.130870
54.465336, 189.619514
55.002066, 191.109243
55.537236, 192.600028
56.070805, 194.091838
56.602733, 195.584643
57.132978, 197.078417
57.661502, 198.573132
58.188264, 200.068763
58.713224, 201.565285
59.236343, 203.062674
59.757581, 204.560907
60.276899, 206.059962
60.794257, 207.559817
61.309618, 209.060453
61.822942, 210.561850
62.334190, 212.063987
62.843325, 213.566848
63.350308, 215.070413
63.855100, 216.574667
64.357665, 218.079591
64.857965, 219.585172
65.355961, 221.091392
65.851618, 222.598237
66.344897, 224.105692
66.835762, 225.613744
67.324176, 227.122380
67.810103, 228.631585
68.293506, 230.141348
68.774350, 231.651656
69.252598, 233.162497
69.728215, 234.673861
70.201165, 236.185735
70.671413, 237.698110
71.138925, 239.210974
71.603665, 240.724318
72.065598, 242.238133
72.524691, 243.752408
##END=
