##TITLE= Parameter file, TopSpin 4.3.0
##JCAMPDX= 5.0
##DATATYPE= Parameter Values
##ORIGIN= Bruker BioSpin GmbH
##OWNER= nmrsu
$$ 2024-05-28 13:37:57.061 +0100  nmrsu@4CE1161FJM
$$ C:/Bruker/TopSpin4.3.0/exp/stan/nmr/lists/wave/user/multisupp_aux_d8
$$ process C:\Bruker\TopSpin4.3.0\prog\mod\xwinshape.exe
##MINX= 2.23858300
##MAXX= 99.99938900
##MINY= 0.20892400
##MAXY= 359.79107600
##$SHAPE_ADDPHASE= 0
##$SHAPE_AMP= 99.99938911
##$SHAPE_BWFAC= 0
##$SHAPE_BWFAC50= 0
##$SHAPE_CALCBW= yes
##$SHAPE_CALCINTEG= yes
##$SHAPE_EXMODE= <Excitation>
##$SHAPE_EXPAND= <>
##$SHAPE_EXPANDCF= (0..143)
0 0 0 0 0 0 0 0 0 0 0 0 0 0 0 0 0 0 0 0 0 0 0 0 0 0 0 0 0 0 0 0 0 0 0 0
0 0 0 0 0 0 0 0 0 0 0 0 0 0 0 0 0 0 0 0 0 0 0 0 0 0 0 0 0 0 0 0 0 0 0 0
0 0 0 0 0 0 0 0 0 0 0 0 0 0 0 0 0 0 0 0 0 0 0 0 0 0 0 0 0 0 0 0 0 0 0 0
0 0 0 0 0 0 0 0 0 0 0 0 0 0 0 0 0 0 0 0 0 0 0 0 0 0 0 0 0 0 0 0 0 0 0 0
##$SHAPE_EXPFAC= 0
##$SHAPE_FRACEND= 0
##$SHAPE_FRACORG= 0
##$SHAPE_FRACSTART= 0
##$SHAPE_INTEGFAC= 0
##$SHAPE_KEEPRES= yes
##$SHAPE_LENGTH= 25000.000373
##$SHAPE_MAN= <M>
##$SHAPE_MODE= 3
##$SHAPE_MODFREQ= 0
##$SHAPE_MODPHASE= 0
##$SHAPE_MODSCALE= 0
##$SHAPE_MODSW= 0
##$SHAPE_MODSWDIR= -1
##$SHAPE_NPOINTS= 1250
##$SHAPE_OFFS= <1 3>
##$SHAPE_OFFSCOEFF= (0..95)
-144.77197 0 100 -215.08151 0 100 -281.01621 0 100 0 0 0 0 0 0 0 0 0 0
0 0 0 0 0 0 0 0 0 0 0 0 0 0 0 0 0 0 0 0 0 0 0 0 0 0 0 0 0 0 0 0 0 0 0 0
0 0 0 0 0 0 0 0 0 0 0 0 0 0 0 0 0 0 0 0 0 0 0 0 0 0 0 0 0 0 0 0 0 0 0 0
0 0 0 0 0
##$SHAPE_PARAMETER= <>
##$SHAPE_REPHFAC= 0
##$SHAPE_RES= 0
##$SHAPE_SCALEFAC= 1.00000611
##$SHAPE_SCALETYPE= 0
##$SHAPE_SPOAL= 0
##$SHAPE_SPOFFS= 0
##$SHAPE_SPOPH= 0
##$SHAPE_TOTROT= 90
##$SHAPE_TYPE= <Excitation>
##$SHAPE_USER_DEF= <>
##$SHAPE_VERSION= 2.1
##$SHL_ADDPHASE= (0..15)
0 0 0 0 0 0 0 0 0 0 0 0 0 0 0 0
##$SHL_ALIGNOFFSET= (0..15)
0 0 0 0 0 0 0 0 0 0 0 0 0 0 0 0
##$SHL_AMP= (0..15)
100 0 0 0 0 0 0 0 0 0 0 0 0 0 0 0
##$SHL_AMPFAC= (0..15)
0 0 0 0 0 0 0 0 0 0 0 0 0 0 0 0
##$SHL_BETA= (0..15)
0 0 0 0 0 0 0 0 0 0 0 0 0 0 0 0
##$SHL_BWFAC= (0..15)
1.116 0 0 0 0 0 0 0 0 0 0 0 0 0 0 0
##$SHL_CALCBW= (0..15)
yes yes yes yes yes yes yes yes yes yes yes yes yes yes yes yes
##$SHL_CALCINTEG= (0..15)
yes yes yes yes yes yes yes yes yes yes yes yes yes yes yes yes
##$SHL_CENTERAMP= (0..15)
0 0 0 0 0 0 0 0 0 0 0 0 0 0 0 0
##$SHL_CYCNUM= (0..15)
0 0 0 0 0 0 0 0 0 0 0 0 0 0 0 0
##$SHL_DIPOLCPL= (0..15)
0 0 0 0 0 0 0 0 0 0 0 0 0 0 0 0
##$SHL_ENDAMP= (0..15)
0 0 0 0 0 0 0 0 0 0 0 0 0 0 0 0
##$SHL_EXMODE= (0..15)
<Excitation> <> <> <> <> <> <> <> <> <> <> <> <> <> <> <>
##$SHL_EXPAND= (0..15)
<> <> <> <> <> <> <> <> <> <> <> <> <> <> <> <>
##$SHL_EXPANDCF0= (0..143)
0 0 0 0 0 0 0 0 0 0 0 0 0 0 0 0 0 0 0 0 0 0 0 0 0 0 0 0 0 0 0 0 0 0 0 0
0 0 0 0 0 0 0 0 0 0 0 0 0 0 0 0 0 0 0 0 0 0 0 0 0 0 0 0 0 0 0 0 0 0 0 0
0 0 0 0 0 0 0 0 0 0 0 0 0 0 0 0 0 0 0 0 0 0 0 0 0 0 0 0 0 0 0 0 0 0 0 0
0 0 0 0 0 0 0 0 0 0 0 0 0 0 0 0 0 0 0 0 0 0 0 0 0 0 0 0 0 0 0 0 0 0 0 0
##$SHL_EXPANDCF1= (0..143)
0 0 0 0 0 0 0 0 0 0 0 0 0 0 0 0 0 0 0 0 0 0 0 0 0 0 0 0 0 0 0 0 0 0 0 0
0 0 0 0 0 0 0 0 0 0 0 0 0 0 0 0 0 0 0 0 0 0 0 0 0 0 0 0 0 0 0 0 0 0 0 0
0 0 0 0 0 0 0 0 0 0 0 0 0 0 0 0 0 0 0 0 0 0 0 0 0 0 0 0 0 0 0 0 0 0 0 0
0 0 0 0 0 0 0 0 0 0 0 0 0 0 0 0 0 0 0 0 0 0 0 0 0 0 0 0 0 0 0 0 0 0 0 0
##$SHL_EXPANDCF10= (0..143)
0 0 0 0 0 0 0 0 0 0 0 0 0 0 0 0 0 0 0 0 0 0 0 0 0 0 0 0 0 0 0 0 0 0 0 0
0 0 0 0 0 0 0 0 0 0 0 0 0 0 0 0 0 0 0 0 0 0 0 0 0 0 0 0 0 0 0 0 0 0 0 0
0 0 0 0 0 0 0 0 0 0 0 0 0 0 0 0 0 0 0 0 0 0 0 0 0 0 0 0 0 0 0 0 0 0 0 0
0 0 0 0 0 0 0 0 0 0 0 0 0 0 0 0 0 0 0 0 0 0 0 0 0 0 0 0 0 0 0 0 0 0 0 0
##$SHL_EXPANDCF11= (0..143)
0 0 0 0 0 0 0 0 0 0 0 0 0 0 0 0 0 0 0 0 0 0 0 0 0 0 0 0 0 0 0 0 0 0 0 0
0 0 0 0 0 0 0 0 0 0 0 0 0 0 0 0 0 0 0 0 0 0 0 0 0 0 0 0 0 0 0 0 0 0 0 0
0 0 0 0 0 0 0 0 0 0 0 0 0 0 0 0 0 0 0 0 0 0 0 0 0 0 0 0 0 0 0 0 0 0 0 0
0 0 0 0 0 0 0 0 0 0 0 0 0 0 0 0 0 0 0 0 0 0 0 0 0 0 0 0 0 0 0 0 0 0 0 0
##$SHL_EXPANDCF12= (0..143)
0 0 0 0 0 0 0 0 0 0 0 0 0 0 0 0 0 0 0 0 0 0 0 0 0 0 0 0 0 0 0 0 0 0 0 0
0 0 0 0 0 0 0 0 0 0 0 0 0 0 0 0 0 0 0 0 0 0 0 0 0 0 0 0 0 0 0 0 0 0 0 0
0 0 0 0 0 0 0 0 0 0 0 0 0 0 0 0 0 0 0 0 0 0 0 0 0 0 0 0 0 0 0 0 0 0 0 0
0 0 0 0 0 0 0 0 0 0 0 0 0 0 0 0 0 0 0 0 0 0 0 0 0 0 0 0 0 0 0 0 0 0 0 0
##$SHL_EXPANDCF13= (0..143)
0 0 0 0 0 0 0 0 0 0 0 0 0 0 0 0 0 0 0 0 0 0 0 0 0 0 0 0 0 0 0 0 0 0 0 0
0 0 0 0 0 0 0 0 0 0 0 0 0 0 0 0 0 0 0 0 0 0 0 0 0 0 0 0 0 0 0 0 0 0 0 0
0 0 0 0 0 0 0 0 0 0 0 0 0 0 0 0 0 0 0 0 0 0 0 0 0 0 0 0 0 0 0 0 0 0 0 0
0 0 0 0 0 0 0 0 0 0 0 0 0 0 0 0 0 0 0 0 0 0 0 0 0 0 0 0 0 0 0 0 0 0 0 0
##$SHL_EXPANDCF14= (0..143)
0 0 0 0 0 0 0 0 0 0 0 0 0 0 0 0 0 0 0 0 0 0 0 0 0 0 0 0 0 0 0 0 0 0 0 0
0 0 0 0 0 0 0 0 0 0 0 0 0 0 0 0 0 0 0 0 0 0 0 0 0 0 0 0 0 0 0 0 0 0 0 0
0 0 0 0 0 0 0 0 0 0 0 0 0 0 0 0 0 0 0 0 0 0 0 0 0 0 0 0 0 0 0 0 0 0 0 0
0 0 0 0 0 0 0 0 0 0 0 0 0 0 0 0 0 0 0 0 0 0 0 0 0 0 0 0 0 0 0 0 0 0 0 0
##$SHL_EXPANDCF15= (0..143)
0 0 0 0 0 0 0 0 0 0 0 0 0 0 0 0 0 0 0 0 0 0 0 0 0 0 0 0 0 0 0 0 0 0 0 0
0 0 0 0 0 0 0 0 0 0 0 0 0 0 0 0 0 0 0 0 0 0 0 0 0 0 0 0 0 0 0 0 0 0 0 0
0 0 0 0 0 0 0 0 0 0 0 0 0 0 0 0 0 0 0 0 0 0 0 0 0 0 0 0 0 0 0 0 0 0 0 0
0 0 0 0 0 0 0 0 0 0 0 0 0 0 0 0 0 0 0 0 0 0 0 0 0 0 0 0 0 0 0 0 0 0 0 0
##$SHL_EXPANDCF2= (0..143)
0 0 0 0 0 0 0 0 0 0 0 0 0 0 0 0 0 0 0 0 0 0 0 0 0 0 0 0 0 0 0 0 0 0 0 0
0 0 0 0 0 0 0 0 0 0 0 0 0 0 0 0 0 0 0 0 0 0 0 0 0 0 0 0 0 0 0 0 0 0 0 0
0 0 0 0 0 0 0 0 0 0 0 0 0 0 0 0 0 0 0 0 0 0 0 0 0 0 0 0 0 0 0 0 0 0 0 0
0 0 0 0 0 0 0 0 0 0 0 0 0 0 0 0 0 0 0 0 0 0 0 0 0 0 0 0 0 0 0 0 0 0 0 0
##$SHL_EXPANDCF3= (0..143)
0 0 0 0 0 0 0 0 0 0 0 0 0 0 0 0 0 0 0 0 0 0 0 0 0 0 0 0 0 0 0 0 0 0 0 0
0 0 0 0 0 0 0 0 0 0 0 0 0 0 0 0 0 0 0 0 0 0 0 0 0 0 0 0 0 0 0 0 0 0 0 0
0 0 0 0 0 0 0 0 0 0 0 0 0 0 0 0 0 0 0 0 0 0 0 0 0 0 0 0 0 0 0 0 0 0 0 0
0 0 0 0 0 0 0 0 0 0 0 0 0 0 0 0 0 0 0 0 0 0 0 0 0 0 0 0 0 0 0 0 0 0 0 0
##$SHL_EXPANDCF4= (0..143)
0 0 0 0 0 0 0 0 0 0 0 0 0 0 0 0 0 0 0 0 0 0 0 0 0 0 0 0 0 0 0 0 0 0 0 0
0 0 0 0 0 0 0 0 0 0 0 0 0 0 0 0 0 0 0 0 0 0 0 0 0 0 0 0 0 0 0 0 0 0 0 0
0 0 0 0 0 0 0 0 0 0 0 0 0 0 0 0 0 0 0 0 0 0 0 0 0 0 0 0 0 0 0 0 0 0 0 0
0 0 0 0 0 0 0 0 0 0 0 0 0 0 0 0 0 0 0 0 0 0 0 0 0 0 0 0 0 0 0 0 0 0 0 0
##$SHL_EXPANDCF5= (0..143)
0 0 0 0 0 0 0 0 0 0 0 0 0 0 0 0 0 0 0 0 0 0 0 0 0 0 0 0 0 0 0 0 0 0 0 0
0 0 0 0 0 0 0 0 0 0 0 0 0 0 0 0 0 0 0 0 0 0 0 0 0 0 0 0 0 0 0 0 0 0 0 0
0 0 0 0 0 0 0 0 0 0 0 0 0 0 0 0 0 0 0 0 0 0 0 0 0 0 0 0 0 0 0 0 0 0 0 0
0 0 0 0 0 0 0 0 0 0 0 0 0 0 0 0 0 0 0 0 0 0 0 0 0 0 0 0 0 0 0 0 0 0 0 0
##$SHL_EXPANDCF6= (0..143)
0 0 0 0 0 0 0 0 0 0 0 0 0 0 0 0 0 0 0 0 0 0 0 0 0 0 0 0 0 0 0 0 0 0 0 0
0 0 0 0 0 0 0 0 0 0 0 0 0 0 0 0 0 0 0 0 0 0 0 0 0 0 0 0 0 0 0 0 0 0 0 0
0 0 0 0 0 0 0 0 0 0 0 0 0 0 0 0 0 0 0 0 0 0 0 0 0 0 0 0 0 0 0 0 0 0 0 0
0 0 0 0 0 0 0 0 0 0 0 0 0 0 0 0 0 0 0 0 0 0 0 0 0 0 0 0 0 0 0 0 0 0 0 0
##$SHL_EXPANDCF7= (0..143)
0 0 0 0 0 0 0 0 0 0 0 0 0 0 0 0 0 0 0 0 0 0 0 0 0 0 0 0 0 0 0 0 0 0 0 0
0 0 0 0 0 0 0 0 0 0 0 0 0 0 0 0 0 0 0 0 0 0 0 0 0 0 0 0 0 0 0 0 0 0 0 0
0 0 0 0 0 0 0 0 0 0 0 0 0 0 0 0 0 0 0 0 0 0 0 0 0 0 0 0 0 0 0 0 0 0 0 0
0 0 0 0 0 0 0 0 0 0 0 0 0 0 0 0 0 0 0 0 0 0 0 0 0 0 0 0 0 0 0 0 0 0 0 0
##$SHL_EXPANDCF8= (0..143)
0 0 0 0 0 0 0 0 0 0 0 0 0 0 0 0 0 0 0 0 0 0 0 0 0 0 0 0 0 0 0 0 0 0 0 0
0 0 0 0 0 0 0 0 0 0 0 0 0 0 0 0 0 0 0 0 0 0 0 0 0 0 0 0 0 0 0 0 0 0 0 0
0 0 0 0 0 0 0 0 0 0 0 0 0 0 0 0 0 0 0 0 0 0 0 0 0 0 0 0 0 0 0 0 0 0 0 0
0 0 0 0 0 0 0 0 0 0 0 0 0 0 0 0 0 0 0 0 0 0 0 0 0 0 0 0 0 0 0 0 0 0 0 0
##$SHL_EXPANDCF9= (0..143)
0 0 0 0 0 0 0 0 0 0 0 0 0 0 0 0 0 0 0 0 0 0 0 0 0 0 0 0 0 0 0 0 0 0 0 0
0 0 0 0 0 0 0 0 0 0 0 0 0 0 0 0 0 0 0 0 0 0 0 0 0 0 0 0 0 0 0 0 0 0 0 0
0 0 0 0 0 0 0 0 0 0 0 0 0 0 0 0 0 0 0 0 0 0 0 0 0 0 0 0 0 0 0 0 0 0 0 0
0 0 0 0 0 0 0 0 0 0 0 0 0 0 0 0 0 0 0 0 0 0 0 0 0 0 0 0 0 0 0 0 0 0 0 0
##$SHL_EXPFAC= (0..15)
0 0 0 0 0 0 0 0 0 0 0 0 0 0 0 0
##$SHL_FRACEND= (0..15)
0 0 0 0 0 0 0 0 0 0 0 0 0 0 0 0
##$SHL_FRACORG= (0..15)
0 0 0 0 0 0 0 0 0 0 0 0 0 0 0 0
##$SHL_FRACSTART= (0..15)
0 0 0 0 0 0 0 0 0 0 0 0 0 0 0 0
##$SHL_FULLHALF= (0..15)
0 0 0 0 0 0 0 0 0 0 0 0 0 0 0 0
##$SHL_FUNCAMP= (0..15)
100 0 0 0 0 0 0 0 0 0 0 0 0 0 0 0
##$SHL_FUNCTION= (0..15)
<Rectangle> <> <> <> <> <> <> <> <> <> <> <> <> <> <> <>
##$SHL_GCO= (0..15)
<> <> <> <> <> <> <> <> <> <> <> <> <> <> <> <>
##$SHL_GCOCOEFFS0= (0..59)
0 0 0 0 0 0 0 0 0 0 0 0 0 0 0 0 0 0 0 0 0 0 0 0 0 0 0 0 0 0 0 0 0 0 0 0
0 0 0 0 0 0 0 0 0 0 0 0 0 0 0 0 0 0 0 0 0 0 0 0
##$SHL_GCOCOEFFS1= (0..59)
0 0 0 0 0 0 0 0 0 0 0 0 0 0 0 0 0 0 0 0 0 0 0 0 0 0 0 0 0 0 0 0 0 0 0 0
0 0 0 0 0 0 0 0 0 0 0 0 0 0 0 0 0 0 0 0 0 0 0 0
##$SHL_GCOCOEFFS10= (0..59)
0 0 0 0 0 0 0 0 0 0 0 0 0 0 0 0 0 0 0 0 0 0 0 0 0 0 0 0 0 0 0 0 0 0 0 0
0 0 0 0 0 0 0 0 0 0 0 0 0 0 0 0 0 0 0 0 0 0 0 0
##$SHL_GCOCOEFFS11= (0..59)
0 0 0 0 0 0 0 0 0 0 0 0 0 0 0 0 0 0 0 0 0 0 0 0 0 0 0 0 0 0 0 0 0 0 0 0
0 0 0 0 0 0 0 0 0 0 0 0 0 0 0 0 0 0 0 0 0 0 0 0
##$SHL_GCOCOEFFS12= (0..59)
0 0 0 0 0 0 0 0 0 0 0 0 0 0 0 0 0 0 0 0 0 0 0 0 0 0 0 0 0 0 0 0 0 0 0 0
0 0 0 0 0 0 0 0 0 0 0 0 0 0 0 0 0 0 0 0 0 0 0 0
##$SHL_GCOCOEFFS13= (0..59)
0 0 0 0 0 0 0 0 0 0 0 0 0 0 0 0 0 0 0 0 0 0 0 0 0 0 0 0 0 0 0 0 0 0 0 0
0 0 0 0 0 0 0 0 0 0 0 0 0 0 0 0 0 0 0 0 0 0 0 0
##$SHL_GCOCOEFFS14= (0..59)
0 0 0 0 0 0 0 0 0 0 0 0 0 0 0 0 0 0 0 0 0 0 0 0 0 0 0 0 0 0 0 0 0 0 0 0
0 0 0 0 0 0 0 0 0 0 0 0 0 0 0 0 0 0 0 0 0 0 0 0
##$SHL_GCOCOEFFS15= (0..59)
0 0 0 0 0 0 0 0 0 0 0 0 0 0 0 0 0 0 0 0 0 0 0 0 0 0 0 0 0 0 0 0 0 0 0 0
0 0 0 0 0 0 0 0 0 0 0 0 0 0 0 0 0 0 0 0 0 0 0 0
##$SHL_GCOCOEFFS2= (0..59)
0 0 0 0 0 0 0 0 0 0 0 0 0 0 0 0 0 0 0 0 0 0 0 0 0 0 0 0 0 0 0 0 0 0 0 0
0 0 0 0 0 0 0 0 0 0 0 0 0 0 0 0 0 0 0 0 0 0 0 0
##$SHL_GCOCOEFFS3= (0..59)
0 0 0 0 0 0 0 0 0 0 0 0 0 0 0 0 0 0 0 0 0 0 0 0 0 0 0 0 0 0 0 0 0 0 0 0
0 0 0 0 0 0 0 0 0 0 0 0 0 0 0 0 0 0 0 0 0 0 0 0
##$SHL_GCOCOEFFS4= (0..59)
0 0 0 0 0 0 0 0 0 0 0 0 0 0 0 0 0 0 0 0 0 0 0 0 0 0 0 0 0 0 0 0 0 0 0 0
0 0 0 0 0 0 0 0 0 0 0 0 0 0 0 0 0 0 0 0 0 0 0 0
##$SHL_GCOCOEFFS5= (0..59)
0 0 0 0 0 0 0 0 0 0 0 0 0 0 0 0 0 0 0 0 0 0 0 0 0 0 0 0 0 0 0 0 0 0 0 0
0 0 0 0 0 0 0 0 0 0 0 0 0 0 0 0 0 0 0 0 0 0 0 0
##$SHL_GCOCOEFFS6= (0..59)
0 0 0 0 0 0 0 0 0 0 0 0 0 0 0 0 0 0 0 0 0 0 0 0 0 0 0 0 0 0 0 0 0 0 0 0
0 0 0 0 0 0 0 0 0 0 0 0 0 0 0 0 0 0 0 0 0 0 0 0
##$SHL_GCOCOEFFS7= (0..59)
0 0 0 0 0 0 0 0 0 0 0 0 0 0 0 0 0 0 0 0 0 0 0 0 0 0 0 0 0 0 0 0 0 0 0 0
0 0 0 0 0 0 0 0 0 0 0 0 0 0 0 0 0 0 0 0 0 0 0 0
##$SHL_GCOCOEFFS8= (0..59)
0 0 0 0 0 0 0 0 0 0 0 0 0 0 0 0 0 0 0 0 0 0 0 0 0 0 0 0 0 0 0 0 0 0 0 0
0 0 0 0 0 0 0 0 0 0 0 0 0 0 0 0 0 0 0 0 0 0 0 0
##$SHL_GCOCOEFFS9= (0..59)
0 0 0 0 0 0 0 0 0 0 0 0 0 0 0 0 0 0 0 0 0 0 0 0 0 0 0 0 0 0 0 0 0 0 0 0
0 0 0 0 0 0 0 0 0 0 0 0 0 0 0 0 0 0 0 0 0 0 0 0
##$SHL_INTEGFAC= (0..15)
1 0 0 0 0 0 0 0 0 0 0 0 0 0 0 0
##$SHL_LB= (0..15)
0 0 0 0 0 0 0 0 0 0 0 0 0 0 0 0
##$SHL_LEFTLIMIT= (0..15)
0 0 0 0 0 0 0 0 0 0 0 0 0 0 0 0
##$SHL_LENGTH= (0..15)
25000.000373 0 0 0 0 0 0 0 0 0 0 0 0 0 0 0
##$SHL_MAN= (0..15)
<> <> <> <> <> <> <> <> <> <> <> <> <> <> <> <>
##$SHL_MEANAMP= (0..15)
0 0 0 0 0 0 0 0 0 0 0 0 0 0 0 0
##$SHL_MODAMP= (0..15)
0 0 0 0 0 0 0 0 0 0 0 0 0 0 0 0
##$SHL_MODE= (0..15)
0 0 0 0 0 0 0 0 0 0 0 0 0 0 0 0
##$SHL_MODFREQ= (0..15)
0 0 0 0 0 0 0 0 0 0 0 0 0 0 0 0
##$SHL_MODPHASE= (0..15)
0 0 0 0 0 0 0 0 0 0 0 0 0 0 0 0
##$SHL_MODSCALE= (0..15)
0 0 0 0 0 0 0 0 0 0 0 0 0 0 0 0
##$SHL_MODSW= (0..15)
0 0 0 0 0 0 0 0 0 0 0 0 0 0 0 0
##$SHL_MODSWDIR= (0..15)
-1 -1 -1 -1 -1 -1 -1 -1 -1 -1 -1 -1 -1 -1 -1 -1
##$SHL_MU= (0..15)
0 0 0 0 0 0 0 0 0 0 0 0 0 0 0 0
##$SHL_NPOINTS= (0..15)
1250 0 0 0 0 0 0 0 0 0 0 0 0 0 0 0
##$SHL_OFFS= (0..15)
<> <> <> <> <> <> <> <> <> <> <> <> <> <> <> <>
##$SHL_OFFSCOEFF0= (0..95)
0 0 0 0 0 0 0 0 0 0 0 0 0 0 0 0 0 0 0 0 0 0 0 0 0 0 0 0 0 0 0 0 0 0 0 0
0 0 0 0 0 0 0 0 0 0 0 0 0 0 0 0 0 0 0 0 0 0 0 0 0 0 0 0 0 0 0 0 0 0 0 0
0 0 0 0 0 0 0 0 0 0 0 0 0 0 0 0 0 0 0 0 0 0 0 0
##$SHL_OFFSCOEFF1= (0..95)
0 0 0 0 0 0 0 0 0 0 0 0 0 0 0 0 0 0 0 0 0 0 0 0 0 0 0 0 0 0 0 0 0 0 0 0
0 0 0 0 0 0 0 0 0 0 0 0 0 0 0 0 0 0 0 0 0 0 0 0 0 0 0 0 0 0 0 0 0 0 0 0
0 0 0 0 0 0 0 0 0 0 0 0 0 0 0 0 0 0 0 0 0 0 0 0
##$SHL_OFFSCOEFF10= (0..95)
0 0 0 0 0 0 0 0 0 0 0 0 0 0 0 0 0 0 0 0 0 0 0 0 0 0 0 0 0 0 0 0 0 0 0 0
0 0 0 0 0 0 0 0 0 0 0 0 0 0 0 0 0 0 0 0 0 0 0 0 0 0 0 0 0 0 0 0 0 0 0 0
0 0 0 0 0 0 0 0 0 0 0 0 0 0 0 0 0 0 0 0 0 0 0 0
##$SHL_OFFSCOEFF11= (0..95)
0 0 0 0 0 0 0 0 0 0 0 0 0 0 0 0 0 0 0 0 0 0 0 0 0 0 0 0 0 0 0 0 0 0 0 0
0 0 0 0 0 0 0 0 0 0 0 0 0 0 0 0 0 0 0 0 0 0 0 0 0 0 0 0 0 0 0 0 0 0 0 0
0 0 0 0 0 0 0 0 0 0 0 0 0 0 0 0 0 0 0 0 0 0 0 0
##$SHL_OFFSCOEFF12= (0..95)
0 0 0 0 0 0 0 0 0 0 0 0 0 0 0 0 0 0 0 0 0 0 0 0 0 0 0 0 0 0 0 0 0 0 0 0
0 0 0 0 0 0 0 0 0 0 0 0 0 0 0 0 0 0 0 0 0 0 0 0 0 0 0 0 0 0 0 0 0 0 0 0
0 0 0 0 0 0 0 0 0 0 0 0 0 0 0 0 0 0 0 0 0 0 0 0
##$SHL_OFFSCOEFF13= (0..95)
0 0 0 0 0 0 0 0 0 0 0 0 0 0 0 0 0 0 0 0 0 0 0 0 0 0 0 0 0 0 0 0 0 0 0 0
0 0 0 0 0 0 0 0 0 0 0 0 0 0 0 0 0 0 0 0 0 0 0 0 0 0 0 0 0 0 0 0 0 0 0 0
0 0 0 0 0 0 0 0 0 0 0 0 0 0 0 0 0 0 0 0 0 0 0 0
##$SHL_OFFSCOEFF14= (0..95)
0 0 0 0 0 0 0 0 0 0 0 0 0 0 0 0 0 0 0 0 0 0 0 0 0 0 0 0 0 0 0 0 0 0 0 0
0 0 0 0 0 0 0 0 0 0 0 0 0 0 0 0 0 0 0 0 0 0 0 0 0 0 0 0 0 0 0 0 0 0 0 0
0 0 0 0 0 0 0 0 0 0 0 0 0 0 0 0 0 0 0 0 0 0 0 0
##$SHL_OFFSCOEFF15= (0..95)
0 0 0 0 0 0 0 0 0 0 0 0 0 0 0 0 0 0 0 0 0 0 0 0 0 0 0 0 0 0 0 0 0 0 0 0
0 0 0 0 0 0 0 0 0 0 0 0 0 0 0 0 0 0 0 0 0 0 0 0 0 0 0 0 0 0 0 0 0 0 0 0
0 0 0 0 0 0 0 0 0 0 0 0 0 0 0 0 0 0 0 0 0 0 0 0
##$SHL_OFFSCOEFF2= (0..95)
0 0 0 0 0 0 0 0 0 0 0 0 0 0 0 0 0 0 0 0 0 0 0 0 0 0 0 0 0 0 0 0 0 0 0 0
0 0 0 0 0 0 0 0 0 0 0 0 0 0 0 0 0 0 0 0 0 0 0 0 0 0 0 0 0 0 0 0 0 0 0 0
0 0 0 0 0 0 0 0 0 0 0 0 0 0 0 0 0 0 0 0 0 0 0 0
##$SHL_OFFSCOEFF3= (0..95)
0 0 0 0 0 0 0 0 0 0 0 0 0 0 0 0 0 0 0 0 0 0 0 0 0 0 0 0 0 0 0 0 0 0 0 0
0 0 0 0 0 0 0 0 0 0 0 0 0 0 0 0 0 0 0 0 0 0 0 0 0 0 0 0 0 0 0 0 0 0 0 0
0 0 0 0 0 0 0 0 0 0 0 0 0 0 0 0 0 0 0 0 0 0 0 0
##$SHL_OFFSCOEFF4= (0..95)
0 0 0 0 0 0 0 0 0 0 0 0 0 0 0 0 0 0 0 0 0 0 0 0 0 0 0 0 0 0 0 0 0 0 0 0
0 0 0 0 0 0 0 0 0 0 0 0 0 0 0 0 0 0 0 0 0 0 0 0 0 0 0 0 0 0 0 0 0 0 0 0
0 0 0 0 0 0 0 0 0 0 0 0 0 0 0 0 0 0 0 0 0 0 0 0
##$SHL_OFFSCOEFF5= (0..95)
0 0 0 0 0 0 0 0 0 0 0 0 0 0 0 0 0 0 0 0 0 0 0 0 0 0 0 0 0 0 0 0 0 0 0 0
0 0 0 0 0 0 0 0 0 0 0 0 0 0 0 0 0 0 0 0 0 0 0 0 0 0 0 0 0 0 0 0 0 0 0 0
0 0 0 0 0 0 0 0 0 0 0 0 0 0 0 0 0 0 0 0 0 0 0 0
##$SHL_OFFSCOEFF6= (0..95)
0 0 0 0 0 0 0 0 0 0 0 0 0 0 0 0 0 0 0 0 0 0 0 0 0 0 0 0 0 0 0 0 0 0 0 0
0 0 0 0 0 0 0 0 0 0 0 0 0 0 0 0 0 0 0 0 0 0 0 0 0 0 0 0 0 0 0 0 0 0 0 0
0 0 0 0 0 0 0 0 0 0 0 0 0 0 0 0 0 0 0 0 0 0 0 0
##$SHL_OFFSCOEFF7= (0..95)
0 0 0 0 0 0 0 0 0 0 0 0 0 0 0 0 0 0 0 0 0 0 0 0 0 0 0 0 0 0 0 0 0 0 0 0
0 0 0 0 0 0 0 0 0 0 0 0 0 0 0 0 0 0 0 0 0 0 0 0 0 0 0 0 0 0 0 0 0 0 0 0
0 0 0 0 0 0 0 0 0 0 0 0 0 0 0 0 0 0 0 0 0 0 0 0
##$SHL_OFFSCOEFF8= (0..95)
0 0 0 0 0 0 0 0 0 0 0 0 0 0 0 0 0 0 0 0 0 0 0 0 0 0 0 0 0 0 0 0 0 0 0 0
0 0 0 0 0 0 0 0 0 0 0 0 0 0 0 0 0 0 0 0 0 0 0 0 0 0 0 0 0 0 0 0 0 0 0 0
0 0 0 0 0 0 0 0 0 0 0 0 0 0 0 0 0 0 0 0 0 0 0 0
##$SHL_OFFSCOEFF9= (0..95)
0 0 0 0 0 0 0 0 0 0 0 0 0 0 0 0 0 0 0 0 0 0 0 0 0 0 0 0 0 0 0 0 0 0 0 0
0 0 0 0 0 0 0 0 0 0 0 0 0 0 0 0 0 0 0 0 0 0 0 0 0 0 0 0 0 0 0 0 0 0 0 0
0 0 0 0 0 0 0 0 0 0 0 0 0 0 0 0 0 0 0 0 0 0 0 0
##$SHL_PHASE= (0..15)
0 0 0 0 0 0 0 0 0 0 0 0 0 0 0 0
##$SHL_PHASEFAC= (0..15)
0 0 0 0 0 0 0 0 0 0 0 0 0 0 0 0
##$SHL_POWERINDEX= (0..15)
0 0 0 0 0 0 0 0 0 0 0 0 0 0 0 0
##$SHL_QUADCOEFF= (0..15)
0 0 0 0 0 0 0 0 0 0 0 0 0 0 0 0
##$SHL_RIGHTLIMIT= (0..15)
0 0 0 0 0 0 0 0 0 0 0 0 0 0 0 0
##$SHL_SCALEFACTOR= (0..15)
1 1 1 1 1 1 1 1 1 1 1 1 1 1 1 1
##$SHL_SF= (0..15)
<> <> <> <> <> <> <> <> <> <> <> <> <> <> <> <>
##$SHL_SFCOEFFS0= (0..200)
0 0 0 0 0 0 0 0 0 0 0 0 0 0 0 0 0 0 0 0 0 0 0 0 0 0 0 0 0 0 0 0 0 0 0 0
0 0 0 0 0 0 0 0 0 0 0 0 0 0 0 0 0 0 0 0 0 0 0 0 0 0 0 0 0 0 0 0 0 0 0 0
0 0 0 0 0 0 0 0 0 0 0 0 0 0 0 0 0 0 0 0 0 0 0 0 0 0 0 0 0 0 0 0 0 0 0 0
0 0 0 0 0 0 0 0 0 0 0 0 0 0 0 0 0 0 0 0 0 0 0 0 0 0 0 0 0 0 0 0 0 0 0 0
0 0 0 0 0 0 0 0 0 0 0 0 0 0 0 0 0 0 0 0 0 0 0 0 0 0 0 0 0 0 0 0 0 0 0 0
0 0 0 0 0 0 0 0 0 0 0 0 0 0 0 0 0 0 0 0 0
##$SHL_SFCOEFFS1= (0..200)
0 0 0 0 0 0 0 0 0 0 0 0 0 0 0 0 0 0 0 0 0 0 0 0 0 0 0 0 0 0 0 0 0 0 0 0
0 0 0 0 0 0 0 0 0 0 0 0 0 0 0 0 0 0 0 0 0 0 0 0 0 0 0 0 0 0 0 0 0 0 0 0
0 0 0 0 0 0 0 0 0 0 0 0 0 0 0 0 0 0 0 0 0 0 0 0 0 0 0 0 0 0 0 0 0 0 0 0
0 0 0 0 0 0 0 0 0 0 0 0 0 0 0 0 0 0 0 0 0 0 0 0 0 0 0 0 0 0 0 0 0 0 0 0
0 0 0 0 0 0 0 0 0 0 0 0 0 0 0 0 0 0 0 0 0 0 0 0 0 0 0 0 0 0 0 0 0 0 0 0
0 0 0 0 0 0 0 0 0 0 0 0 0 0 0 0 0 0 0 0 0
##$SHL_SFCOEFFS10= (0..200)
0 0 0 0 0 0 0 0 0 0 0 0 0 0 0 0 0 0 0 0 0 0 0 0 0 0 0 0 0 0 0 0 0 0 0 0
0 0 0 0 0 0 0 0 0 0 0 0 0 0 0 0 0 0 0 0 0 0 0 0 0 0 0 0 0 0 0 0 0 0 0 0
0 0 0 0 0 0 0 0 0 0 0 0 0 0 0 0 0 0 0 0 0 0 0 0 0 0 0 0 0 0 0 0 0 0 0 0
0 0 0 0 0 0 0 0 0 0 0 0 0 0 0 0 0 0 0 0 0 0 0 0 0 0 0 0 0 0 0 0 0 0 0 0
0 0 0 0 0 0 0 0 0 0 0 0 0 0 0 0 0 0 0 0 0 0 0 0 0 0 0 0 0 0 0 0 0 0 0 0
0 0 0 0 0 0 0 0 0 0 0 0 0 0 0 0 0 0 0 0 0
##$SHL_SFCOEFFS11= (0..200)
0 0 0 0 0 0 0 0 0 0 0 0 0 0 0 0 0 0 0 0 0 0 0 0 0 0 0 0 0 0 0 0 0 0 0 0
0 0 0 0 0 0 0 0 0 0 0 0 0 0 0 0 0 0 0 0 0 0 0 0 0 0 0 0 0 0 0 0 0 0 0 0
0 0 0 0 0 0 0 0 0 0 0 0 0 0 0 0 0 0 0 0 0 0 0 0 0 0 0 0 0 0 0 0 0 0 0 0
0 0 0 0 0 0 0 0 0 0 0 0 0 0 0 0 0 0 0 0 0 0 0 0 0 0 0 0 0 0 0 0 0 0 0 0
0 0 0 0 0 0 0 0 0 0 0 0 0 0 0 0 0 0 0 0 0 0 0 0 0 0 0 0 0 0 0 0 0 0 0 0
0 0 0 0 0 0 0 0 0 0 0 0 0 0 0 0 0 0 0 0 0
##$SHL_SFCOEFFS12= (0..200)
0 0 0 0 0 0 0 0 0 0 0 0 0 0 0 0 0 0 0 0 0 0 0 0 0 0 0 0 0 0 0 0 0 0 0 0
0 0 0 0 0 0 0 0 0 0 0 0 0 0 0 0 0 0 0 0 0 0 0 0 0 0 0 0 0 0 0 0 0 0 0 0
0 0 0 0 0 0 0 0 0 0 0 0 0 0 0 0 0 0 0 0 0 0 0 0 0 0 0 0 0 0 0 0 0 0 0 0
0 0 0 0 0 0 0 0 0 0 0 0 0 0 0 0 0 0 0 0 0 0 0 0 0 0 0 0 0 0 0 0 0 0 0 0
0 0 0 0 0 0 0 0 0 0 0 0 0 0 0 0 0 0 0 0 0 0 0 0 0 0 0 0 0 0 0 0 0 0 0 0
0 0 0 0 0 0 0 0 0 0 0 0 0 0 0 0 0 0 0 0 0
##$SHL_SFCOEFFS13= (0..200)
0 0 0 0 0 0 0 0 0 0 0 0 0 0 0 0 0 0 0 0 0 0 0 0 0 0 0 0 0 0 0 0 0 0 0 0
0 0 0 0 0 0 0 0 0 0 0 0 0 0 0 0 0 0 0 0 0 0 0 0 0 0 0 0 0 0 0 0 0 0 0 0
0 0 0 0 0 0 0 0 0 0 0 0 0 0 0 0 0 0 0 0 0 0 0 0 0 0 0 0 0 0 0 0 0 0 0 0
0 0 0 0 0 0 0 0 0 0 0 0 0 0 0 0 0 0 0 0 0 0 0 0 0 0 0 0 0 0 0 0 0 0 0 0
0 0 0 0 0 0 0 0 0 0 0 0 0 0 0 0 0 0 0 0 0 0 0 0 0 0 0 0 0 0 0 0 0 0 0 0
0 0 0 0 0 0 0 0 0 0 0 0 0 0 0 0 0 0 0 0 0
##$SHL_SFCOEFFS14= (0..200)
0 0 0 0 0 0 0 0 0 0 0 0 0 0 0 0 0 0 0 0 0 0 0 0 0 0 0 0 0 0 0 0 0 0 0 0
0 0 0 0 0 0 0 0 0 0 0 0 0 0 0 0 0 0 0 0 0 0 0 0 0 0 0 0 0 0 0 0 0 0 0 0
0 0 0 0 0 0 0 0 0 0 0 0 0 0 0 0 0 0 0 0 0 0 0 0 0 0 0 0 0 0 0 0 0 0 0 0
0 0 0 0 0 0 0 0 0 0 0 0 0 0 0 0 0 0 0 0 0 0 0 0 0 0 0 0 0 0 0 0 0 0 0 0
0 0 0 0 0 0 0 0 0 0 0 0 0 0 0 0 0 0 0 0 0 0 0 0 0 0 0 0 0 0 0 0 0 0 0 0
0 0 0 0 0 0 0 0 0 0 0 0 0 0 0 0 0 0 0 0 0
##$SHL_SFCOEFFS15= (0..200)
0 0 0 0 0 0 0 0 0 0 0 0 0 0 0 0 0 0 0 0 0 0 0 0 0 0 0 0 0 0 0 0 0 0 0 0
0 0 0 0 0 0 0 0 0 0 0 0 0 0 0 0 0 0 0 0 0 0 0 0 0 0 0 0 0 0 0 0 0 0 0 0
0 0 0 0 0 0 0 0 0 0 0 0 0 0 0 0 0 0 0 0 0 0 0 0 0 0 0 0 0 0 0 0 0 0 0 0
0 0 0 0 0 0 0 0 0 0 0 0 0 0 0 0 0 0 0 0 0 0 0 0 0 0 0 0 0 0 0 0 0 0 0 0
0 0 0 0 0 0 0 0 0 0 0 0 0 0 0 0 0 0 0 0 0 0 0 0 0 0 0 0 0 0 0 0 0 0 0 0
0 0 0 0 0 0 0 0 0 0 0 0 0 0 0 0 0 0 0 0 0
##$SHL_SFCOEFFS2= (0..200)
0 0 0 0 0 0 0 0 0 0 0 0 0 0 0 0 0 0 0 0 0 0 0 0 0 0 0 0 0 0 0 0 0 0 0 0
0 0 0 0 0 0 0 0 0 0 0 0 0 0 0 0 0 0 0 0 0 0 0 0 0 0 0 0 0 0 0 0 0 0 0 0
0 0 0 0 0 0 0 0 0 0 0 0 0 0 0 0 0 0 0 0 0 0 0 0 0 0 0 0 0 0 0 0 0 0 0 0
0 0 0 0 0 0 0 0 0 0 0 0 0 0 0 0 0 0 0 0 0 0 0 0 0 0 0 0 0 0 0 0 0 0 0 0
0 0 0 0 0 0 0 0 0 0 0 0 0 0 0 0 0 0 0 0 0 0 0 0 0 0 0 0 0 0 0 0 0 0 0 0
0 0 0 0 0 0 0 0 0 0 0 0 0 0 0 0 0 0 0 0 0
##$SHL_SFCOEFFS3= (0..200)
0 0 0 0 0 0 0 0 0 0 0 0 0 0 0 0 0 0 0 0 0 0 0 0 0 0 0 0 0 0 0 0 0 0 0 0
0 0 0 0 0 0 0 0 0 0 0 0 0 0 0 0 0 0 0 0 0 0 0 0 0 0 0 0 0 0 0 0 0 0 0 0
0 0 0 0 0 0 0 0 0 0 0 0 0 0 0 0 0 0 0 0 0 0 0 0 0 0 0 0 0 0 0 0 0 0 0 0
0 0 0 0 0 0 0 0 0 0 0 0 0 0 0 0 0 0 0 0 0 0 0 0 0 0 0 0 0 0 0 0 0 0 0 0
0 0 0 0 0 0 0 0 0 0 0 0 0 0 0 0 0 0 0 0 0 0 0 0 0 0 0 0 0 0 0 0 0 0 0 0
0 0 0 0 0 0 0 0 0 0 0 0 0 0 0 0 0 0 0 0 0
##$SHL_SFCOEFFS4= (0..200)
0 0 0 0 0 0 0 0 0 0 0 0 0 0 0 0 0 0 0 0 0 0 0 0 0 0 0 0 0 0 0 0 0 0 0 0
0 0 0 0 0 0 0 0 0 0 0 0 0 0 0 0 0 0 0 0 0 0 0 0 0 0 0 0 0 0 0 0 0 0 0 0
0 0 0 0 0 0 0 0 0 0 0 0 0 0 0 0 0 0 0 0 0 0 0 0 0 0 0 0 0 0 0 0 0 0 0 0
0 0 0 0 0 0 0 0 0 0 0 0 0 0 0 0 0 0 0 0 0 0 0 0 0 0 0 0 0 0 0 0 0 0 0 0
0 0 0 0 0 0 0 0 0 0 0 0 0 0 0 0 0 0 0 0 0 0 0 0 0 0 0 0 0 0 0 0 0 0 0 0
0 0 0 0 0 0 0 0 0 0 0 0 0 0 0 0 0 0 0 0 0
##$SHL_SFCOEFFS5= (0..200)
0 0 0 0 0 0 0 0 0 0 0 0 0 0 0 0 0 0 0 0 0 0 0 0 0 0 0 0 0 0 0 0 0 0 0 0
0 0 0 0 0 0 0 0 0 0 0 0 0 0 0 0 0 0 0 0 0 0 0 0 0 0 0 0 0 0 0 0 0 0 0 0
0 0 0 0 0 0 0 0 0 0 0 0 0 0 0 0 0 0 0 0 0 0 0 0 0 0 0 0 0 0 0 0 0 0 0 0
0 0 0 0 0 0 0 0 0 0 0 0 0 0 0 0 0 0 0 0 0 0 0 0 0 0 0 0 0 0 0 0 0 0 0 0
0 0 0 0 0 0 0 0 0 0 0 0 0 0 0 0 0 0 0 0 0 0 0 0 0 0 0 0 0 0 0 0 0 0 0 0
0 0 0 0 0 0 0 0 0 0 0 0 0 0 0 0 0 0 0 0 0
##$SHL_SFCOEFFS6= (0..200)
0 0 0 0 0 0 0 0 0 0 0 0 0 0 0 0 0 0 0 0 0 0 0 0 0 0 0 0 0 0 0 0 0 0 0 0
0 0 0 0 0 0 0 0 0 0 0 0 0 0 0 0 0 0 0 0 0 0 0 0 0 0 0 0 0 0 0 0 0 0 0 0
0 0 0 0 0 0 0 0 0 0 0 0 0 0 0 0 0 0 0 0 0 0 0 0 0 0 0 0 0 0 0 0 0 0 0 0
0 0 0 0 0 0 0 0 0 0 0 0 0 0 0 0 0 0 0 0 0 0 0 0 0 0 0 0 0 0 0 0 0 0 0 0
0 0 0 0 0 0 0 0 0 0 0 0 0 0 0 0 0 0 0 0 0 0 0 0 0 0 0 0 0 0 0 0 0 0 0 0
0 0 0 0 0 0 0 0 0 0 0 0 0 0 0 0 0 0 0 0 0
##$SHL_SFCOEFFS7= (0..200)
0 0 0 0 0 0 0 0 0 0 0 0 0 0 0 0 0 0 0 0 0 0 0 0 0 0 0 0 0 0 0 0 0 0 0 0
0 0 0 0 0 0 0 0 0 0 0 0 0 0 0 0 0 0 0 0 0 0 0 0 0 0 0 0 0 0 0 0 0 0 0 0
0 0 0 0 0 0 0 0 0 0 0 0 0 0 0 0 0 0 0 0 0 0 0 0 0 0 0 0 0 0 0 0 0 0 0 0
0 0 0 0 0 0 0 0 0 0 0 0 0 0 0 0 0 0 0 0 0 0 0 0 0 0 0 0 0 0 0 0 0 0 0 0
0 0 0 0 0 0 0 0 0 0 0 0 0 0 0 0 0 0 0 0 0 0 0 0 0 0 0 0 0 0 0 0 0 0 0 0
0 0 0 0 0 0 0 0 0 0 0 0 0 0 0 0 0 0 0 0 0
##$SHL_SFCOEFFS8= (0..200)
0 0 0 0 0 0 0 0 0 0 0 0 0 0 0 0 0 0 0 0 0 0 0 0 0 0 0 0 0 0 0 0 0 0 0 0
0 0 0 0 0 0 0 0 0 0 0 0 0 0 0 0 0 0 0 0 0 0 0 0 0 0 0 0 0 0 0 0 0 0 0 0
0 0 0 0 0 0 0 0 0 0 0 0 0 0 0 0 0 0 0 0 0 0 0 0 0 0 0 0 0 0 0 0 0 0 0 0
0 0 0 0 0 0 0 0 0 0 0 0 0 0 0 0 0 0 0 0 0 0 0 0 0 0 0 0 0 0 0 0 0 0 0 0
0 0 0 0 0 0 0 0 0 0 0 0 0 0 0 0 0 0 0 0 0 0 0 0 0 0 0 0 0 0 0 0 0 0 0 0
0 0 0 0 0 0 0 0 0 0 0 0 0 0 0 0 0 0 0 0 0
##$SHL_SFCOEFFS9= (0..200)
0 0 0 0 0 0 0 0 0 0 0 0 0 0 0 0 0 0 0 0 0 0 0 0 0 0 0 0 0 0 0 0 0 0 0 0
0 0 0 0 0 0 0 0 0 0 0 0 0 0 0 0 0 0 0 0 0 0 0 0 0 0 0 0 0 0 0 0 0 0 0 0
0 0 0 0 0 0 0 0 0 0 0 0 0 0 0 0 0 0 0 0 0 0 0 0 0 0 0 0 0 0 0 0 0 0 0 0
0 0 0 0 0 0 0 0 0 0 0 0 0 0 0 0 0 0 0 0 0 0 0 0 0 0 0 0 0 0 0 0 0 0 0 0
0 0 0 0 0 0 0 0 0 0 0 0 0 0 0 0 0 0 0 0 0 0 0 0 0 0 0 0 0 0 0 0 0 0 0 0
0 0 0 0 0 0 0 0 0 0 0 0 0 0 0 0 0 0 0 0 0
##$SHL_SMOOTHED= (0..15)
0 0 0 0 0 0 0 0 0 0 0 0 0 0 0 0
##$SHL_SMOOTHING= (0..15)
0 0 0 0 0 0 0 0 0 0 0 0 0 0 0 0
##$SHL_SPOAL= (0..15)
0 0 0 0 0 0 0 0 0 0 0 0 0 0 0 0
##$SHL_SPOFFS= (0..15)
0 0 0 0 0 0 0 0 0 0 0 0 0 0 0 0
##$SHL_SPOPH= (0..15)
0 0 0 0 0 0 0 0 0 0 0 0 0 0 0 0
##$SHL_STARTAMP= (0..15)
0 0 0 0 0 0 0 0 0 0 0 0 0 0 0 0
##$SHL_SW= (0..15)
0 0 0 0 0 0 0 0 0 0 0 0 0 0 0 0
##$SHL_SWDIR= (0..15)
-1 -1 -1 -1 -1 -1 -1 -1 -1 -1 -1 -1 -1 -1 -1 -1
##$SHL_TANKAPPA= (0..15)
0 0 0 0 0 0 0 0 0 0 0 0 0 0 0 0
##$SHL_TOTROT= (0..15)
90 0 0 0 0 0 0 0 0 0 0 0 0 0 0 0
##$SHL_TRUNCLEV= (0..15)
0 0 0 0 0 0 0 0 0 0 0 0 0 0 0 0
##$SHL_TYPE= (0..15)
<Excitation> <> <> <> <> <> <> <> <> <> <> <> <> <> <> <>
##$SHL_WINDOWSIZE= (0..15)
0 0 0 0 0 0 0 0 0 0 0 0 0 0 0 0
##$SHL_ZETA= (0..15)
0 0 0 0 0 0 0 0 0 0 0 0 0 0 0 0
##NPOINTS= 1250
##XYPOINTS= (XY..XY)
72.538813, 118.240876
72.079734, 119.752179
71.617814, 121.263024
71.153086, 122.773403
70.685586, 124.283306
70.215347, 125.792722
69.742405, 127.301642
69.266795, 128.810055
68.788553, 130.317951
68.307714, 131.825316
67.824314, 133.332141
67.338389, 134.838412
66.849975, 136.344118
66.359110, 137.849245
65.865829, 139.353780
65.370169, 140.857709
64.872168, 142.361018
64.371863, 143.863692
63.869291, 145.365716
63.364490, 146.867073
62.857497, 148.367748
62.348351, 149.867723
61.837090, 151.366981
61.323752, 152.865503
60.808376, 154.363270
60.291001, 155.860264
59.771665, 157.356463
59.250407, 158.851846
58.727267, 160.346391
58.202285, 161.840076
57.675499, 163.332878
57.146950, 164.824770
56.616677, 166.315728
56.084722, 167.805726
55.551123, 169.294735
55.015921, 170.782727
54.479158, 172.269672
53.940873, 173.755540
53.401108, 175.240296
52.859904, 176.723909
52.317302, 178.206343
51.773344, 179.687561
51.228071, 181.167524
50.681524, 182.646194
50.133747, 184.123528
49.584781, 185.599483
49.034668, 187.074014
48.483451, 188.547072
47.931172, 190.018609
47.377875, 191.488573
46.823601, 192.956908
46.268395, 194.423559
45.712299, 195.888465
45.155357, 197.351564
44.597613, 198.812791
44.039111, 200.272076
43.479894, 201.729347
42.920008, 203.184529
42.359496, 204.637540
41.798403, 206.088299
41.236774, 207.536715
40.674655, 208.982696
40.112090, 210.426144
39.549126, 211.866954
38.985808, 213.305019
38.422182, 214.740222
37.858296, 216.172442
37.294196, 217.601549
36.729928, 219.027407
36.165541, 220.449872
35.601082, 221.868789
35.036600, 223.283997
34.472142, 224.695322
33.907759, 226.102581
33.343500, 227.505578
32.779415, 228.904106
32.215554, 230.297943
31.651969, 231.686851
31.088711, 233.070579
30.525834, 234.448856
29.963390, 235.821394
29.401433, 237.187881
28.840019, 238.547987
28.279203, 239.901354
27.719043, 241.247598
27.159596, 242.586307
26.600922, 243.917035
26.043083, 245.239302
25.486139, 246.552587
24.930157, 247.856328
24.375200, 249.149915
23.821338, 250.432687
23.268641, 251.703922
22.717182, 252.962837
22.167037, 254.208574
21.618285, 255.440199
21.071008, 256.656686
20.525294, 257.856910
19.981234, 259.039635
19.438924, 260.203499
18.898467, 261.346998
18.359973, 262.468468
17.823556, 263.566064
17.289344, 264.637734
16.757472, 265.681193
16.228085, 266.693889
15.701344, 267.672962
15.177425, 268.615201
14.656519, 269.516991
14.138842, 270.374251
13.624629, 271.182358
13.114148, 271.936063
12.607698, 272.629388
12.105618, 273.255507
11.608294, 273.806600
11.116170, 274.273690
10.629755, 274.646444
10.149641, 274.912942
9.676516, 275.059416
9.211188, 275.069952
8.754610, 274.926153
8.307907, 274.606798
7.872416, 274.087499
7.449734, 273.340431
7.041764, 272.334204
6.650775, 271.034061
6.279466, 269.402607
5.931023, 267.401432
5.609152, 264.994068
5.318085, 262.150739
5.062499, 258.855184
4.847327, 255.113263
4.677433, 250.961900
4.557135, 246.475527
4.489645, 241.766260
4.476566, 236.974999
4.517576, 232.254013
4.610445, 227.745807
4.751355, 223.565194
4.935437, 219.789651
5.157336, 216.458862
5.411693, 213.580803
5.693479, 211.140617
5.998173, 209.109312
6.321835, 207.450745
6.661099, 206.126533
7.013123, 205.099128
7.375522, 204.333529
7.746309, 203.798075
8.123819, 203.464661
8.506665, 203.308639
8.893678, 203.308553
9.283879, 203.445799
9.676435, 203.704279
10.070641, 204.070070
10.465894, 204.531118
10.861675, 205.076975
11.257535, 205.698564
11.653087, 206.387984
12.047989, 207.138334
12.441944, 207.943576
12.834688, 208.798409
13.225988, 209.698164
13.615634, 210.638720
14.003441, 211.616429
14.389240, 212.628051
14.772879, 213.670701
15.154219, 214.741804
15.533135, 215.839056
15.909511, 216.960389
16.283241, 218.103942
16.654225, 219.268039
17.022374, 220.451165
17.387603, 221.651947
17.749832, 222.869140
18.108988, 224.101612
18.465000, 225.348332
18.817804, 226.608356
19.167337, 227.880824
19.513541, 229.164946
19.856360, 230.459999
20.195741, 231.765315
20.531634, 233.080283
20.863991, 234.404336
21.192765, 235.736952
21.517912, 237.077649
21.839390, 238.425980
22.157158, 239.781529
22.471176, 241.143912
22.781406, 242.512770
23.087812, 243.887771
23.390359, 245.268603
23.689011, 246.654977
23.983735, 248.046623
24.274500, 249.443287
24.561274, 250.844733
24.844027, 252.250738
25.122729, 253.661095
25.397351, 255.075608
25.667867, 256.494095
25.934247, 257.916382
26.196467, 259.342307
26.454500, 260.771718
26.708321, 262.204470
26.957907, 263.640427
27.203232, 265.079462
27.444275, 266.521453
27.681011, 267.966286
27.913420, 269.413852
28.141480, 270.864049
28.365170, 272.316779
28.584470, 273.771952
28.799359, 275.229479
29.009818, 276.689278
29.215829, 278.151270
29.417373, 279.615382
29.614432, 281.081541
29.806989, 282.549681
29.995027, 284.019738
30.178529, 285.491652
30.357479, 286.965363
30.531862, 288.440817
30.701663, 289.917962
30.866866, 291.396748
31.027458, 292.877126
31.183425, 294.359053
31.334753, 295.842483
31.481429, 297.327377
31.623440, 298.813695
31.760776, 300.301400
31.893423, 301.790455
32.021371, 303.280828
32.144608, 304.772484
32.263124, 306.265394
32.376909, 307.759528
32.485953, 309.254857
32.590247, 310.751356
32.689782, 312.248997
32.784550, 313.747758
32.874542, 315.247615
32.959750, 316.748545
33.040168, 318.250528
33.115788, 319.753544
33.186604, 321.257574
33.252610, 322.762599
33.313799, 324.268604
33.370167, 325.775571
33.421709, 327.283485
33.468419, 328.792332
33.510295, 330.302098
33.547331, 331.812770
33.579524, 333.324337
33.606872, 334.836786
33.629372, 336.350108
33.647021, 337.864292
33.659818, 339.379329
33.667760, 340.895211
33.670847, 342.411930
33.669079, 343.929479
33.662454, 345.447851
33.650972, 346.967040
33.634635, 348.487042
33.613442, 350.007851
33.587395, 351.529464
33.556496, 353.051878
33.520746, 354.575089
33.480147, 356.099096
33.434702, 357.623898
33.384414, 359.149493
33.329287, 0.675881
33.269324, 2.203064
33.204530, 3.731041
33.134908, 5.259815
33.060464, 6.789388
32.981203, 8.319763
32.897131, 9.850944
32.808253, 11.382936
32.714576, 12.915743
32.616107, 14.449371
32.512852, 15.983828
32.404820, 17.519120
32.292018, 19.055255
32.174455, 20.592243
32.052138, 22.130092
31.925077, 23.668815
31.793281, 25.208422
31.656760, 26.748925
31.515525, 28.290338
31.369584, 29.832675
31.218950, 31.375952
31.063634, 32.920185
30.903646, 34.465392
30.738999, 36.011591
30.569705, 37.558801
30.395778, 39.107046
30.217229, 40.656346
30.034072, 42.206725
29.846321, 43.758210
29.653991, 45.310827
29.457095, 46.864605
29.255649, 48.419575
29.049667, 49.975767
28.839166, 51.533218
28.624162, 53.091962
28.404670, 54.652038
28.180708, 56.213488
27.952293, 57.776354
27.719443, 59.340682
27.482174, 60.906522
27.240506, 62.473923
26.994457, 64.042942
26.744047, 65.613637
26.489294, 67.186070
26.230219, 68.760306
25.966842, 70.336416
25.699184, 71.914474
25.427265, 73.494560
25.151108, 75.076759
24.870734, 76.661160
24.586165, 78.247861
24.297426, 79.836965
24.004537, 81.428581
23.707525, 83.022828
23.406411, 84.619832
23.101223, 86.219728
22.791984, 87.822663
22.478720, 89.428792
22.161458, 91.038284
21.840224, 92.651320
21.515046, 94.268095
21.185951, 95.888820
20.852969, 97.513723
20.516129, 99.143052
20.175460, 100.777075
19.830994, 102.416082
19.482762, 104.060390
19.130796, 105.710345
18.775129, 107.366322
18.415796, 109.028735
18.052833, 110.698034
17.686275, 112.374717
17.316161, 114.059328
16.942529, 115.752470
16.565420, 117.454808
16.184877, 119.167080
15.800944, 120.890106
15.413667, 122.624799
15.023096, 124.372180
14.629281, 126.133394
14.232278, 127.909727
13.832144, 129.702632
13.428942, 131.513751
13.022740, 133.344956
12.613609, 135.198378
12.201630, 137.076463
11.786888, 138.982027
11.369482, 140.918329
10.949517, 142.889159
10.527115, 144.898950
10.102412, 146.952921
9.675567, 149.057248
9.246761, 151.219298
8.816207, 153.447917
8.384158, 155.753817
7.950918, 158.150073
7.516854, 160.652796
7.082421, 163.282026
6.648187, 166.062952
6.214871, 169.027584
5.783404, 172.217058
5.355007, 175.684851
4.931314, 179.501251
4.514551, 183.759526
4.107809, 188.584169
3.715452, 194.141097
3.343731, 200.647767
3.001620, 208.375702
2.701823, 217.625303
2.461401, 228.632884
2.300688, 241.370297
2.238583, 255.302934
2.284741, 269.386050
2.434483, 282.500986
2.671765, 293.966727
2.976886, 303.646477
3.332284, 311.732756
3.724493, 318.522329
4.143868, 324.298260
4.583664, 329.292089
5.039167, 333.681955
5.507045, 337.601838
5.984905, 341.152057
6.470996, 344.408070
6.964014, 347.427136
7.462966, 350.253176
7.967086, 352.920264
8.475769, 355.455141
8.988535, 357.879024
9.504992, 0.208924
10.024816, 2.458617
10.547738, 4.639360
11.073530, 6.760434
11.601996, 8.829550
12.132965, 10.853163
12.666290, 12.836718
13.201836, 14.784832
13.739486, 16.701448
14.279131, 18.589952
14.820673, 20.453264
15.364022, 22.293919
15.909094, 24.114125
16.455809, 25.915816
17.004093, 27.700690
17.553877, 29.470246
18.105093, 31.225811
18.657678, 32.968565
19.211569, 34.699559
19.766708, 36.419734
20.323037, 38.129934
20.880499, 39.830917
21.439041, 41.523367
21.998609, 43.207903
22.559151, 44.885086
23.120615, 46.555425
23.682952, 48.219384
24.246110, 49.877386
24.810043, 51.529818
25.374700, 53.177034
25.940035, 54.819360
26.505999, 56.457094
27.072546, 58.090511
27.639629, 59.719866
28.207202, 61.345392
28.775219, 62.967308
29.343635, 64.585813
29.912403, 66.201095
30.481479, 67.813327
31.050818, 69.422670
31.620375, 71.029273
32.190105, 72.633279
32.759965, 74.234816
33.329910, 75.834008
33.899895, 77.430968
34.469878, 79.025804
35.039814, 80.618617
35.609659, 82.209501
36.179371, 83.798544
36.748905, 85.385830
37.318218, 86.971438
37.887268, 88.555440
38.456011, 90.137908
39.024403, 91.718907
39.592403, 93.298499
40.159967, 94.876743
40.727053, 96.453694
41.293618, 98.029405
41.859619, 99.603926
42.425015, 101.177305
42.989762, 102.749586
43.553819, 104.320811
44.117143, 105.891022
44.679692, 107.460256
45.241425, 109.028550
45.802300, 110.595940
46.362274, 112.162457
46.921306, 113.728135
47.479355, 115.293002
48.036380, 116.857089
48.592337, 118.420421
49.147188, 119.983025
49.700890, 121.544927
50.253402, 123.106151
50.804683, 124.666718
51.354693, 126.226652
51.903391, 127.785972
52.450735, 129.344700
52.996687, 130.902854
53.541205, 132.460453
54.084249, 134.017514
54.625779, 135.574055
55.165756, 137.130092
55.704138, 138.685640
56.240887, 140.240714
56.775962, 141.795330
57.309325, 143.349500
57.840935, 144.903238
58.370755, 146.456558
58.898744, 148.009471
59.424864, 149.561989
59.949076, 151.114123
60.471341, 152.665886
60.991621, 154.217287
61.509878, 155.768337
62.026073, 157.319046
62.540169, 158.869422
63.052127, 160.419477
63.561910, 161.969217
64.069480, 163.518652
64.574801, 165.067791
65.077834, 166.616641
65.578543, 168.165210
66.076891, 169.713506
66.572842, 171.261535
67.066359, 172.809305
67.557405, 174.356823
68.045944, 175.904095
68.531941, 177.451127
69.015361, 178.997926
69.496166, 180.544498
69.974322, 182.090848
70.449795, 183.636983
70.922548, 185.182907
71.392547, 186.728626
71.859759, 188.274144
72.324147, 189.819468
72.785679, 191.364601
73.244320, 192.909549
73.700036, 194.454315
74.152795, 195.998905
74.602563, 197.543323
75.049307, 199.087572
75.492994, 200.631657
75.933591, 202.175582
76.371067, 203.719351
76.805388, 205.262967
77.236524, 206.806433
77.664442, 208.349755
78.089112, 209.892934
78.510501, 211.435974
78.928579, 212.978879
79.343316, 214.521651
79.754680, 216.064294
80.162643, 217.606810
80.567173, 219.149204
80.968241, 220.691476
81.365818, 222.233631
81.759874, 223.775671
82.150380, 225.317599
82.537309, 226.859417
82.920631, 228.401127
83.300319, 229.942732
83.676344, 231.484235
84.048679, 233.025638
84.417296, 234.566943
84.782169, 236.108153
85.143271, 237.649269
85.500576, 239.190294
85.854056, 240.731229
86.203687, 242.272077
86.549442, 243.812840
86.891296, 245.353520
87.229225, 246.894119
87.563202, 248.434638
87.893205, 249.975079
88.219208, 251.515445
88.541188, 253.055736
88.859121, 254.595955
89.172983, 256.136103
89.482753, 257.676182
89.788406, 259.216194
90.089922, 260.756139
90.387276, 262.296021
90.680448, 263.835839
90.969417, 265.375596
91.254160, 266.915293
91.534658, 268.454932
91.810889, 269.994514
92.082834, 271.534039
92.350472, 273.073511
92.613783, 274.612929
92.872749, 276.152296
93.127351, 277.691613
93.377569, 279.230880
93.623386, 280.770099
93.864783, 282.309272
94.101742, 283.848399
94.334247, 285.387482
94.562281, 286.926521
94.785826, 288.465519
95.004866, 290.004476
95.219385, 291.543392
95.429367, 293.082271
95.634798, 294.621111
95.835661, 296.159915
96.031943, 297.698684
96.223628, 299.237418
96.410704, 300.776119
96.593155, 302.314787
96.770969, 303.853423
96.944132, 305.392030
97.112633, 306.930606
97.276458, 308.469154
97.435595, 310.007675
97.590034, 311.546169
97.739762, 313.084637
97.884768, 314.623080
98.025043, 316.161499
98.160575, 317.699896
98.291355, 319.238270
98.417373, 320.776623
98.538620, 322.314955
98.655087, 323.853268
98.766766, 325.391562
98.873648, 326.929838
98.975725, 328.468098
99.072990, 330.006341
99.165437, 331.544568
99.253057, 333.082782
99.335845, 334.620981
99.413794, 336.159168
99.486900, 337.697342
99.555156, 339.235505
99.618557, 340.773658
99.677099, 342.311801
99.730778, 343.849935
99.779590, 345.388061
99.823530, 346.926179
99.862597, 348.464291
99.896786, 350.002397
99.926096, 351.540499
99.950524, 353.078596
99.970069, 354.616689
99.984728, 356.154780
99.994502, 357.692869
99.999389, 359.230956
99.999389, 0.769044
99.994502, 2.307131
99.984728, 3.845220
99.970069, 5.383311
99.950524, 6.921404
99.926096, 8.459501
99.896786, 9.997603
99.862597, 11.535709
99.823530, 13.073821
99.779590, 14.611939
99.730778, 16.150065
99.677099, 17.688199
99.618557, 19.226342
99.555156, 20.764495
99.486900, 22.302658
99.413794, 23.840832
99.335845, 25.379019
99.253057, 26.917218
99.165437, 28.455432
99.072990, 29.993659
98.975725, 31.531902
98.873648, 33.070162
98.766766, 34.608438
98.655087, 36.146732
98.538620, 37.685045
98.417373, 39.223377
98.291355, 40.761730
98.160575, 42.300104
98.025043, 43.838501
97.884768, 45.376920
97.739762, 46.915363
97.590034, 48.453831
97.435595, 49.992325
97.276458, 51.530846
97.112633, 53.069394
96.944132, 54.607970
96.770969, 56.146577
96.593155, 57.685213
96.410704, 59.223881
96.223628, 60.762582
96.031943, 62.301316
95.835661, 63.840085
95.634798, 65.378889
95.429367, 66.917729
95.219385, 68.456608
95.004866, 69.995524
94.785826, 71.534481
94.562281, 73.073479
94.334247, 74.612518
94.101742, 76.151601
93.864783, 77.690728
93.623386, 79.229901
93.377569, 80.769120
93.127351, 82.308387
92.872749, 83.847704
92.613783, 85.387071
92.350472, 86.926489
92.082834, 88.465961
91.810889, 90.005486
91.534658, 91.545068
91.254160, 93.084707
90.969417, 94.624404
90.680448, 96.164161
90.387276, 97.703979
90.089922, 99.243861
89.788406, 100.783806
89.482753, 102.323818
89.172983, 103.863897
88.859121, 105.404045
88.541188, 106.944264
88.219208, 108.484555
87.893205, 110.024921
87.563202, 111.565362
87.229225, 113.105881
86.891296, 114.646480
86.549442, 116.187160
86.203687, 117.727923
85.854056, 119.268771
85.500576, 120.809706
85.143271, 122.350731
84.782169, 123.891847
84.417296, 125.433057
84.048679, 126.974362
83.676344, 128.515765
83.300319, 130.057268
82.920631, 131.598873
82.537309, 133.140583
82.150380, 134.682401
81.759874, 136.224329
81.365818, 137.766369
80.968241, 139.308524
80.567173, 140.850796
80.162643, 142.393190
79.754680, 143.935706
79.343316, 145.478349
78.928579, 147.021121
78.510501, 148.564026
78.089112, 150.107066
77.664442, 151.650245
77.236524, 153.193567
76.805388, 154.737033
76.371067, 156.280649
75.933591, 157.824418
75.492994, 159.368343
75.049307, 160.912428
74.602563, 162.456677
74.152795, 164.001095
73.700036, 165.545685
73.244320, 167.090451
72.785679, 168.635399
72.324147, 170.180532
71.859759, 171.725856
71.392547, 173.271374
70.922548, 174.817093
70.449795, 176.363017
69.974322, 177.909152
69.496166, 179.455502
69.015361, 181.002074
68.531941, 182.548873
68.045944, 184.095905
67.557405, 185.643177
67.066359, 187.190695
66.572842, 188.738465
66.076891, 190.286494
65.578543, 191.834790
65.077834, 193.383359
64.574801, 194.932209
64.069480, 196.481348
63.561910, 198.030783
63.052127, 199.580523
62.540169, 201.130578
62.026073, 202.680954
61.509878, 204.231663
60.991621, 205.782713
60.471341, 207.334114
59.949076, 208.885877
59.424864, 210.438011
58.898744, 211.990529
58.370755, 213.543442
57.840935, 215.096762
57.309325, 216.650500
56.775962, 218.204670
56.240887, 219.759286
55.704138, 221.314360
55.165756, 222.869908
54.625779, 224.425945
54.084249, 225.982486
53.541205, 227.539547
52.996687, 229.097146
52.450735, 230.655300
51.903391, 232.214028
51.354693, 233.773348
50.804683, 235.333282
50.253402, 236.893849
49.700890, 238.455073
49.147188, 240.016975
48.592337, 241.579579
48.036380, 243.142911
47.479355, 244.706998
46.921306, 246.271865
46.362274, 247.837543
45.802300, 249.404060
45.241425, 250.971450
44.679692, 252.539744
44.117143, 254.108978
43.553819, 255.679189
42.989762, 257.250414
42.425015, 258.822695
41.859619, 260.396074
41.293618, 261.970595
40.727053, 263.546306
40.159967, 265.123257
39.592403, 266.701501
39.024403, 268.281093
38.456011, 269.862092
37.887268, 271.444560
37.318218, 273.028562
36.748905, 274.614170
36.179371, 276.201456
35.609659, 277.790499
35.039814, 279.381383
34.469878, 280.974196
33.899895, 282.569032
33.329910, 284.165992
32.759965, 285.765184
32.190105, 287.366721
31.620375, 288.970727
31.050818, 290.577330
30.481479, 292.186673
29.912403, 293.798905
29.343635, 295.414187
28.775219, 297.032692
28.207202, 298.654608
27.639629, 300.280134
27.072546, 301.909489
26.505999, 303.542906
25.940035, 305.180640
25.374700, 306.822966
24.810043, 308.470182
24.246110, 310.122614
23.682952, 311.780616
23.120615, 313.444575
22.559151, 315.114914
21.998609, 316.792097
21.439041, 318.476633
20.880499, 320.169083
20.323037, 321.870066
19.766708, 323.580266
19.211569, 325.300441
18.657678, 327.031435
18.105093, 328.774189
17.553877, 330.529754
17.004093, 332.299310
16.455809, 334.084184
15.909094, 335.885875
15.364022, 337.706081
14.820673, 339.546736
14.279131, 341.410048
13.739486, 343.298552
13.201836, 345.215168
12.666290, 347.163282
12.132965, 349.146837
11.601996, 351.170450
11.073530, 353.239566
10.547738, 355.360640
10.024816, 357.541383
9.504992, 359.791076
8.988535, 2.120976
8.475769, 4.544859
7.967086, 7.079736
7.462966, 9.746824
6.964014, 12.572864
6.470996, 15.591930
5.984905, 18.847943
5.507045, 22.398162
5.039167, 26.318045
4.583664, 30.707911
4.143868, 35.701740
3.724493, 41.477671
3.332284, 48.267244
2.976886, 56.353523
2.671765, 66.033273
2.434483, 77.499014
2.284741, 90.613950
2.238583, 104.697066
2.300688, 118.629703
2.461401, 131.367116
2.701823, 142.374697
3.001620, 151.624298
3.343731, 159.352233
3.715452, 165.858903
4.107809, 171.415831
4.514551, 176.240474
4.931314, 180.498749
5.355007, 184.315149
5.783404, 187.782942
6.214871, 190.972416
6.648187, 193.937048
7.082421, 196.717974
7.516854, 199.347204
7.950918, 201.849927
8.384158, 204.246183
8.816207, 206.552083
9.246761, 208.780702
9.675567, 210.942752
10.102412, 213.047079
10.527115, 215.101050
10.949517, 217.110841
11.369482, 219.081671
11.786888, 221.017973
12.201630, 222.923537
12.613609, 224.801622
13.022740, 226.655044
13.428942, 228.486249
13.832144, 230.297368
14.232278, 232.090273
14.629281, 233.866606
15.023096, 235.627820
15.413667, 237.375201
15.800944, 239.109894
16.184877, 240.832920
16.565420, 242.545192
16.942529, 244.247530
17.316161, 245.940672
17.686275, 247.625283
18.052833, 249.301966
18.415796, 250.971265
18.775129, 252.633678
19.130796, 254.289655
19.482762, 255.939610
19.830994, 257.583918
20.175460, 259.222925
20.516129, 260.856948
20.852969, 262.486277
21.185951, 264.111180
21.515046, 265.731905
21.840224, 267.348680
22.161458, 268.961716
22.478720, 270.571208
22.791984, 272.177337
23.101223, 273.780272
23.406411, 275.380168
23.707525, 276.977172
24.004537, 278.571419
24.297426, 280.163035
24.586165, 281.752139
24.870734, 283.338840
25.151108, 284.923241
25.427265, 286.505440
25.699184, 288.085526
25.966842, 289.663584
26.230219, 291.239694
26.489294, 292.813930
26.744047, 294.386363
26.994457, 295.957058
27.240506, 297.526077
27.482174, 299.093478
27.719443, 300.659318
27.952293, 302.223646
28.180708, 303.786512
28.404670, 305.347962
28.624162, 306.908038
28.839166, 308.466782
29.049667, 310.024233
29.255649, 311.580425
29.457095, 313.135395
29.653991, 314.689173
29.846321, 316.241790
30.034072, 317.793275
30.217229, 319.343654
30.395778, 320.892954
30.569705, 322.441199
30.738999, 323.988409
30.903646, 325.534608
31.063634, 327.079815
31.218950, 328.624048
31.369584, 330.167325
31.515525, 331.709662
31.656760, 333.251075
31.793281, 334.791578
31.925077, 336.331185
32.052138, 337.869908
32.174455, 339.407757
32.292018, 340.944745
32.404820, 342.480880
32.512852, 344.016172
32.616107, 345.550629
32.714576, 347.084257
32.808253, 348.617064
32.897131, 350.149056
32.981203, 351.680237
33.060464, 353.210612
33.134908, 354.740185
33.204530, 356.268959
33.269324, 357.796936
33.329287, 359.324119
33.384414, 0.850507
33.434702, 2.376102
33.480147, 3.900904
33.520746, 5.424911
33.556496, 6.948122
33.587395, 8.470536
33.613442, 9.992149
33.634635, 11.512958
33.650972, 13.032960
33.662454, 14.552149
33.669079, 16.070521
33.670847, 17.588070
33.667760, 19.104789
33.659818, 20.620671
33.647021, 22.135708
33.629372, 23.649892
33.606872, 25.163214
33.579524, 26.675663
33.547331, 28.187230
33.510295, 29.697902
33.468419, 31.207668
33.421709, 32.716515
33.370167, 34.224429
33.313799, 35.731396
33.252610, 37.237401
33.186604, 38.742426
33.115788, 40.246456
33.040168, 41.749472
32.959750, 43.251455
32.874542, 44.752385
32.784550, 46.252242
32.689782, 47.751003
32.590247, 49.248644
32.485953, 50.745143
32.376909, 52.240472
32.263124, 53.734606
32.144608, 55.227516
32.021371, 56.719172
31.893423, 58.209545
31.760776, 59.698600
31.623440, 61.186305
31.481429, 62.672623
31.334753, 64.157517
31.183425, 65.640947
31.027458, 67.122874
30.866866, 68.603252
30.701663, 70.082038
30.531862, 71.559183
30.357479, 73.034637
30.178529, 74.508348
29.995027, 75.980262
29.806989, 77.450319
29.614432, 78.918459
29.417373, 80.384618
29.215829, 81.848730
29.009818, 83.310722
28.799359, 84.770521
28.584470, 86.228048
28.365170, 87.683221
28.141480, 89.135951
27.913420, 90.586148
27.681011, 92.033714
27.444275, 93.478547
27.203232, 94.920538
26.957907, 96.359573
26.708321, 97.795530
26.454500, 99.228282
26.196467, 100.657693
25.934247, 102.083618
25.667867, 103.505905
25.397351, 104.924392
25.122729, 106.338905
24.844027, 107.749262
24.561274, 109.155267
24.274500, 110.556713
23.983735, 111.953377
23.689011, 113.345023
23.390359, 114.731397
23.087812, 116.112229
22.781406, 117.487230
22.471176, 118.856088
22.157158, 120.218471
21.839390, 121.574020
21.517912, 122.922351
21.192765, 124.263048
20.863991, 125.595664
20.531634, 126.919717
20.195741, 128.234685
19.856360, 129.540001
19.513541, 130.835054
19.167337, 132.119176
18.817804, 133.391644
18.465000, 134.651668
18.108988, 135.898388
17.749832, 137.130860
17.387603, 138.348053
17.022374, 139.548835
16.654225, 140.731961
16.283241, 141.896058
15.909511, 143.039611
15.533135, 144.160944
15.154219, 145.258196
14.772879, 146.329299
14.389240, 147.371949
14.003441, 148.383571
13.615634, 149.361280
13.225988, 150.301836
12.834688, 151.201591
12.441944, 152.056424
12.047989, 152.861666
11.653087, 153.612016
11.257535, 154.301436
10.861675, 154.923025
10.465894, 155.468882
10.070641, 155.929930
9.676435, 156.295721
9.283879, 156.554201
8.893678, 156.691447
8.506665, 156.691361
8.123819, 156.535339
7.746309, 156.201925
7.375522, 155.666471
7.013123, 154.900872
6.661099, 153.873467
6.321835, 152.549255
5.998173, 150.890688
5.693479, 148.859383
5.411693, 146.419197
5.157336, 143.541138
4.935437, 140.210349
4.751355, 136.434806
4.610445, 132.254193
4.517576, 127.745987
4.476566, 123.025001
4.489645, 118.233740
4.557135, 113.524473
4.677433, 109.038100
4.847327, 104.886737
5.062499, 101.144816
5.318085, 97.849261
5.609152, 95.005932
5.931023, 92.598568
6.279466, 90.597393
6.650775, 88.965939
7.041764, 87.665796
7.449734, 86.659569
7.872416, 85.912501
8.307907, 85.393202
8.754610, 85.073847
9.211188, 84.930048
9.676516, 84.940584
10.149641, 85.087058
10.629755, 85.353556
11.116170, 85.726310
11.608294, 86.193400
12.105618, 86.744493
12.607698, 87.370612
13.114148, 88.063937
13.624629, 88.817642
14.138842, 89.625749
14.656519, 90.483009
15.177425, 91.384799
15.701344, 92.327038
16.228085, 93.306111
16.757472, 94.318807
17.289344, 95.362266
17.823556, 96.433936
18.359973, 97.531532
18.898467, 98.653002
19.438924, 99.796501
19.981234, 100.960365
20.525294, 102.143090
21.071008, 103.343314
21.618285, 104.559801
22.167037, 105.791426
22.717182, 107.037163
23.268641, 108.296078
23.821338, 109.567313
24.375200, 110.850085
24.930157, 112.143672
25.486139, 113.447413
26.043083, 114.760698
26.600922, 116.082965
27.159596, 117.413693
27.719043, 118.752402
28.279203, 120.098646
28.840019, 121.452013
29.401433, 122.812119
29.963390, 124.178606
30.525834, 125.551144
31.088711, 126.929421
31.651969, 128.313149
32.215554, 129.702057
32.779415, 131.095894
33.343500, 132.494422
33.907759, 133.897419
34.472142, 135.304678
35.036600, 136.716003
35.601082, 138.131211
36.165541, 139.550128
36.729928, 140.972593
37.294196, 142.398451
37.858296, 143.827558
38.422182, 145.259778
38.985808, 146.694981
39.549126, 148.133046
40.112090, 149.573856
40.674655, 151.017304
41.236774, 152.463285
41.798403, 153.911701
42.359496, 155.362460
42.920008, 156.815471
43.479894, 158.270653
44.039111, 159.727924
44.597613, 161.187209
45.155357, 162.648436
45.712299, 164.111535
46.268395, 165.576441
46.823601, 167.043092
47.377875, 168.511427
47.931172, 169.981391
48.483451, 171.452928
49.034668, 172.925986
49.584781, 174.400517
50.133747, 175.876472
50.681524, 177.353806
51.228071, 178.832476
51.773344, 180.312439
52.317302, 181.793657
52.859904, 183.276091
53.401108, 184.759704
53.940873, 186.244460
54.479158, 187.730328
55.015921, 189.217273
55.551123, 190.705265
56.084722, 192.194274
56.616677, 193.684272
57.146950, 195.175230
57.675499, 196.667122
58.202285, 198.159924
58.727267, 199.653609
59.250407, 201.148154
59.771665, 202.643537
60.291001, 204.139736
60.808376, 205.636730
61.323752, 207.134497
61.837090, 208.633019
62.348351, 210.132277
62.857497, 211.632252
63.364490, 213.132927
63.869291, 214.634284
64.371863, 216.136308
64.872168, 217.638982
65.370169, 219.142291
65.865829, 220.646220
66.359110, 222.150755
66.849975, 223.655882
67.338389, 225.161588
67.824314, 226.667859
68.307714, 228.174684
68.788553, 229.682049
69.266795, 231.189945
69.742405, 232.698358
70.215347, 234.207278
70.685586, 235.716694
71.153086, 237.226597
71.617814, 238.736976
72.079734, 240.247821
72.538813, 241.759124
##END=
