##TITLE= Parameter file, TopSpin 4.3.0
##JCAMPDX= 5.0
##DATATYPE= Parameter Values
##ORIGIN= Bruker BioSpin GmbH
##OWNER= nmrsu
$$ 2024-03-04 10:13:52.690 +0000  nmrsu@4CE1161FJM
$$ C:/Bruker/TopSpin4.3.0/exp/stan/nmr/lists/wave/user/multisupp_aux_d8
$$ process C:\Bruker\TopSpin4.3.0\prog\mod\xwinshape.exe
##MINX= 2.19821800
##MAXX= 99.99938900
##MINY= 0.03720200
##MAXY= 359.96279800
##$SHAPE_ADDPHASE= 0
##$SHAPE_AMP= 99.99938909
##$SHAPE_BWFAC= 0
##$SHAPE_BWFAC50= 0
##$SHAPE_CALCBW= yes
##$SHAPE_CALCINTEG= yes
##$SHAPE_EXMODE= <Excitation>
##$SHAPE_EXPAND= <>
##$SHAPE_EXPANDCF= (0..143)
0 0 0 0 0 0 0 0 0 0 0 0 0 0 0 0 0 0 0 0 0 0 0 0 0 0 0 0 0 0 0 0 0 0 0 0
0 0 0 0 0 0 0 0 0 0 0 0 0 0 0 0 0 0 0 0 0 0 0 0 0 0 0 0 0 0 0 0 0 0 0 0
0 0 0 0 0 0 0 0 0 0 0 0 0 0 0 0 0 0 0 0 0 0 0 0 0 0 0 0 0 0 0 0 0 0 0 0
0 0 0 0 0 0 0 0 0 0 0 0 0 0 0 0 0 0 0 0 0 0 0 0 0 0 0 0 0 0 0 0 0 0 0 0
##$SHAPE_EXPFAC= 0
##$SHAPE_FRACEND= 0
##$SHAPE_FRACORG= 0
##$SHAPE_FRACSTART= 0
##$SHAPE_INTEGFAC= 0
##$SHAPE_KEEPRES= yes
##$SHAPE_LENGTH= 25000.000373
##$SHAPE_MAN= <M>
##$SHAPE_MODE= 3
##$SHAPE_MODFREQ= 0
##$SHAPE_MODPHASE= 0
##$SHAPE_MODSCALE= 0
##$SHAPE_MODSW= 0
##$SHAPE_MODSWDIR= -1
##$SHAPE_NPOINTS= 1250
##$SHAPE_OFFS= <1 3>
##$SHAPE_OFFSCOEFF= (0..95)
-150.41698 0 100 -220.68834 0 100 -286.66386 0 100 0 0 0 0 0 0 0 0 0 0
0 0 0 0 0 0 0 0 0 0 0 0 0 0 0 0 0 0 0 0 0 0 0 0 0 0 0 0 0 0 0 0 0 0 0 0
0 0 0 0 0 0 0 0 0 0 0 0 0 0 0 0 0 0 0 0 0 0 0 0 0 0 0 0 0 0 0 0 0 0 0 0
0 0 0 0 0
##$SHAPE_PARAMETER= <>
##$SHAPE_REPHFAC= 0
##$SHAPE_RES= 0
##$SHAPE_SCALEFAC= 1.00000611
##$SHAPE_SCALETYPE= 0
##$SHAPE_SPOAL= 0
##$SHAPE_SPOFFS= 0
##$SHAPE_SPOPH= 0
##$SHAPE_TOTROT= 90
##$SHAPE_TYPE= <Excitation>
##$SHAPE_USER_DEF= <>
##$SHAPE_VERSION= 2.1
##$SHL_ADDPHASE= (0..15)
0 0 0 0 0 0 0 0 0 0 0 0 0 0 0 0
##$SHL_ALIGNOFFSET= (0..15)
0 0 0 0 0 0 0 0 0 0 0 0 0 0 0 0
##$SHL_AMP= (0..15)
100 0 0 0 0 0 0 0 0 0 0 0 0 0 0 0
##$SHL_AMPFAC= (0..15)
0 0 0 0 0 0 0 0 0 0 0 0 0 0 0 0
##$SHL_BETA= (0..15)
0 0 0 0 0 0 0 0 0 0 0 0 0 0 0 0
##$SHL_BWFAC= (0..15)
1.116 0 0 0 0 0 0 0 0 0 0 0 0 0 0 0
##$SHL_CALCBW= (0..15)
yes yes yes yes yes yes yes yes yes yes yes yes yes yes yes yes
##$SHL_CALCINTEG= (0..15)
yes yes yes yes yes yes yes yes yes yes yes yes yes yes yes yes
##$SHL_CENTERAMP= (0..15)
0 0 0 0 0 0 0 0 0 0 0 0 0 0 0 0
##$SHL_CYCNUM= (0..15)
0 0 0 0 0 0 0 0 0 0 0 0 0 0 0 0
##$SHL_DIPOLCPL= (0..15)
0 0 0 0 0 0 0 0 0 0 0 0 0 0 0 0
##$SHL_ENDAMP= (0..15)
0 0 0 0 0 0 0 0 0 0 0 0 0 0 0 0
##$SHL_EXMODE= (0..15)
<Excitation> <> <> <> <> <> <> <> <> <> <> <> <> <> <> <>
##$SHL_EXPAND= (0..15)
<> <> <> <> <> <> <> <> <> <> <> <> <> <> <> <>
##$SHL_EXPANDCF0= (0..143)
0 0 0 0 0 0 0 0 0 0 0 0 0 0 0 0 0 0 0 0 0 0 0 0 0 0 0 0 0 0 0 0 0 0 0 0
0 0 0 0 0 0 0 0 0 0 0 0 0 0 0 0 0 0 0 0 0 0 0 0 0 0 0 0 0 0 0 0 0 0 0 0
0 0 0 0 0 0 0 0 0 0 0 0 0 0 0 0 0 0 0 0 0 0 0 0 0 0 0 0 0 0 0 0 0 0 0 0
0 0 0 0 0 0 0 0 0 0 0 0 0 0 0 0 0 0 0 0 0 0 0 0 0 0 0 0 0 0 0 0 0 0 0 0
##$SHL_EXPANDCF1= (0..143)
0 0 0 0 0 0 0 0 0 0 0 0 0 0 0 0 0 0 0 0 0 0 0 0 0 0 0 0 0 0 0 0 0 0 0 0
0 0 0 0 0 0 0 0 0 0 0 0 0 0 0 0 0 0 0 0 0 0 0 0 0 0 0 0 0 0 0 0 0 0 0 0
0 0 0 0 0 0 0 0 0 0 0 0 0 0 0 0 0 0 0 0 0 0 0 0 0 0 0 0 0 0 0 0 0 0 0 0
0 0 0 0 0 0 0 0 0 0 0 0 0 0 0 0 0 0 0 0 0 0 0 0 0 0 0 0 0 0 0 0 0 0 0 0
##$SHL_EXPANDCF10= (0..143)
0 0 0 0 0 0 0 0 0 0 0 0 0 0 0 0 0 0 0 0 0 0 0 0 0 0 0 0 0 0 0 0 0 0 0 0
0 0 0 0 0 0 0 0 0 0 0 0 0 0 0 0 0 0 0 0 0 0 0 0 0 0 0 0 0 0 0 0 0 0 0 0
0 0 0 0 0 0 0 0 0 0 0 0 0 0 0 0 0 0 0 0 0 0 0 0 0 0 0 0 0 0 0 0 0 0 0 0
0 0 0 0 0 0 0 0 0 0 0 0 0 0 0 0 0 0 0 0 0 0 0 0 0 0 0 0 0 0 0 0 0 0 0 0
##$SHL_EXPANDCF11= (0..143)
0 0 0 0 0 0 0 0 0 0 0 0 0 0 0 0 0 0 0 0 0 0 0 0 0 0 0 0 0 0 0 0 0 0 0 0
0 0 0 0 0 0 0 0 0 0 0 0 0 0 0 0 0 0 0 0 0 0 0 0 0 0 0 0 0 0 0 0 0 0 0 0
0 0 0 0 0 0 0 0 0 0 0 0 0 0 0 0 0 0 0 0 0 0 0 0 0 0 0 0 0 0 0 0 0 0 0 0
0 0 0 0 0 0 0 0 0 0 0 0 0 0 0 0 0 0 0 0 0 0 0 0 0 0 0 0 0 0 0 0 0 0 0 0
##$SHL_EXPANDCF12= (0..143)
0 0 0 0 0 0 0 0 0 0 0 0 0 0 0 0 0 0 0 0 0 0 0 0 0 0 0 0 0 0 0 0 0 0 0 0
0 0 0 0 0 0 0 0 0 0 0 0 0 0 0 0 0 0 0 0 0 0 0 0 0 0 0 0 0 0 0 0 0 0 0 0
0 0 0 0 0 0 0 0 0 0 0 0 0 0 0 0 0 0 0 0 0 0 0 0 0 0 0 0 0 0 0 0 0 0 0 0
0 0 0 0 0 0 0 0 0 0 0 0 0 0 0 0 0 0 0 0 0 0 0 0 0 0 0 0 0 0 0 0 0 0 0 0
##$SHL_EXPANDCF13= (0..143)
0 0 0 0 0 0 0 0 0 0 0 0 0 0 0 0 0 0 0 0 0 0 0 0 0 0 0 0 0 0 0 0 0 0 0 0
0 0 0 0 0 0 0 0 0 0 0 0 0 0 0 0 0 0 0 0 0 0 0 0 0 0 0 0 0 0 0 0 0 0 0 0
0 0 0 0 0 0 0 0 0 0 0 0 0 0 0 0 0 0 0 0 0 0 0 0 0 0 0 0 0 0 0 0 0 0 0 0
0 0 0 0 0 0 0 0 0 0 0 0 0 0 0 0 0 0 0 0 0 0 0 0 0 0 0 0 0 0 0 0 0 0 0 0
##$SHL_EXPANDCF14= (0..143)
0 0 0 0 0 0 0 0 0 0 0 0 0 0 0 0 0 0 0 0 0 0 0 0 0 0 0 0 0 0 0 0 0 0 0 0
0 0 0 0 0 0 0 0 0 0 0 0 0 0 0 0 0 0 0 0 0 0 0 0 0 0 0 0 0 0 0 0 0 0 0 0
0 0 0 0 0 0 0 0 0 0 0 0 0 0 0 0 0 0 0 0 0 0 0 0 0 0 0 0 0 0 0 0 0 0 0 0
0 0 0 0 0 0 0 0 0 0 0 0 0 0 0 0 0 0 0 0 0 0 0 0 0 0 0 0 0 0 0 0 0 0 0 0
##$SHL_EXPANDCF15= (0..143)
0 0 0 0 0 0 0 0 0 0 0 0 0 0 0 0 0 0 0 0 0 0 0 0 0 0 0 0 0 0 0 0 0 0 0 0
0 0 0 0 0 0 0 0 0 0 0 0 0 0 0 0 0 0 0 0 0 0 0 0 0 0 0 0 0 0 0 0 0 0 0 0
0 0 0 0 0 0 0 0 0 0 0 0 0 0 0 0 0 0 0 0 0 0 0 0 0 0 0 0 0 0 0 0 0 0 0 0
0 0 0 0 0 0 0 0 0 0 0 0 0 0 0 0 0 0 0 0 0 0 0 0 0 0 0 0 0 0 0 0 0 0 0 0
##$SHL_EXPANDCF2= (0..143)
0 0 0 0 0 0 0 0 0 0 0 0 0 0 0 0 0 0 0 0 0 0 0 0 0 0 0 0 0 0 0 0 0 0 0 0
0 0 0 0 0 0 0 0 0 0 0 0 0 0 0 0 0 0 0 0 0 0 0 0 0 0 0 0 0 0 0 0 0 0 0 0
0 0 0 0 0 0 0 0 0 0 0 0 0 0 0 0 0 0 0 0 0 0 0 0 0 0 0 0 0 0 0 0 0 0 0 0
0 0 0 0 0 0 0 0 0 0 0 0 0 0 0 0 0 0 0 0 0 0 0 0 0 0 0 0 0 0 0 0 0 0 0 0
##$SHL_EXPANDCF3= (0..143)
0 0 0 0 0 0 0 0 0 0 0 0 0 0 0 0 0 0 0 0 0 0 0 0 0 0 0 0 0 0 0 0 0 0 0 0
0 0 0 0 0 0 0 0 0 0 0 0 0 0 0 0 0 0 0 0 0 0 0 0 0 0 0 0 0 0 0 0 0 0 0 0
0 0 0 0 0 0 0 0 0 0 0 0 0 0 0 0 0 0 0 0 0 0 0 0 0 0 0 0 0 0 0 0 0 0 0 0
0 0 0 0 0 0 0 0 0 0 0 0 0 0 0 0 0 0 0 0 0 0 0 0 0 0 0 0 0 0 0 0 0 0 0 0
##$SHL_EXPANDCF4= (0..143)
0 0 0 0 0 0 0 0 0 0 0 0 0 0 0 0 0 0 0 0 0 0 0 0 0 0 0 0 0 0 0 0 0 0 0 0
0 0 0 0 0 0 0 0 0 0 0 0 0 0 0 0 0 0 0 0 0 0 0 0 0 0 0 0 0 0 0 0 0 0 0 0
0 0 0 0 0 0 0 0 0 0 0 0 0 0 0 0 0 0 0 0 0 0 0 0 0 0 0 0 0 0 0 0 0 0 0 0
0 0 0 0 0 0 0 0 0 0 0 0 0 0 0 0 0 0 0 0 0 0 0 0 0 0 0 0 0 0 0 0 0 0 0 0
##$SHL_EXPANDCF5= (0..143)
0 0 0 0 0 0 0 0 0 0 0 0 0 0 0 0 0 0 0 0 0 0 0 0 0 0 0 0 0 0 0 0 0 0 0 0
0 0 0 0 0 0 0 0 0 0 0 0 0 0 0 0 0 0 0 0 0 0 0 0 0 0 0 0 0 0 0 0 0 0 0 0
0 0 0 0 0 0 0 0 0 0 0 0 0 0 0 0 0 0 0 0 0 0 0 0 0 0 0 0 0 0 0 0 0 0 0 0
0 0 0 0 0 0 0 0 0 0 0 0 0 0 0 0 0 0 0 0 0 0 0 0 0 0 0 0 0 0 0 0 0 0 0 0
##$SHL_EXPANDCF6= (0..143)
0 0 0 0 0 0 0 0 0 0 0 0 0 0 0 0 0 0 0 0 0 0 0 0 0 0 0 0 0 0 0 0 0 0 0 0
0 0 0 0 0 0 0 0 0 0 0 0 0 0 0 0 0 0 0 0 0 0 0 0 0 0 0 0 0 0 0 0 0 0 0 0
0 0 0 0 0 0 0 0 0 0 0 0 0 0 0 0 0 0 0 0 0 0 0 0 0 0 0 0 0 0 0 0 0 0 0 0
0 0 0 0 0 0 0 0 0 0 0 0 0 0 0 0 0 0 0 0 0 0 0 0 0 0 0 0 0 0 0 0 0 0 0 0
##$SHL_EXPANDCF7= (0..143)
0 0 0 0 0 0 0 0 0 0 0 0 0 0 0 0 0 0 0 0 0 0 0 0 0 0 0 0 0 0 0 0 0 0 0 0
0 0 0 0 0 0 0 0 0 0 0 0 0 0 0 0 0 0 0 0 0 0 0 0 0 0 0 0 0 0 0 0 0 0 0 0
0 0 0 0 0 0 0 0 0 0 0 0 0 0 0 0 0 0 0 0 0 0 0 0 0 0 0 0 0 0 0 0 0 0 0 0
0 0 0 0 0 0 0 0 0 0 0 0 0 0 0 0 0 0 0 0 0 0 0 0 0 0 0 0 0 0 0 0 0 0 0 0
##$SHL_EXPANDCF8= (0..143)
0 0 0 0 0 0 0 0 0 0 0 0 0 0 0 0 0 0 0 0 0 0 0 0 0 0 0 0 0 0 0 0 0 0 0 0
0 0 0 0 0 0 0 0 0 0 0 0 0 0 0 0 0 0 0 0 0 0 0 0 0 0 0 0 0 0 0 0 0 0 0 0
0 0 0 0 0 0 0 0 0 0 0 0 0 0 0 0 0 0 0 0 0 0 0 0 0 0 0 0 0 0 0 0 0 0 0 0
0 0 0 0 0 0 0 0 0 0 0 0 0 0 0 0 0 0 0 0 0 0 0 0 0 0 0 0 0 0 0 0 0 0 0 0
##$SHL_EXPANDCF9= (0..143)
0 0 0 0 0 0 0 0 0 0 0 0 0 0 0 0 0 0 0 0 0 0 0 0 0 0 0 0 0 0 0 0 0 0 0 0
0 0 0 0 0 0 0 0 0 0 0 0 0 0 0 0 0 0 0 0 0 0 0 0 0 0 0 0 0 0 0 0 0 0 0 0
0 0 0 0 0 0 0 0 0 0 0 0 0 0 0 0 0 0 0 0 0 0 0 0 0 0 0 0 0 0 0 0 0 0 0 0
0 0 0 0 0 0 0 0 0 0 0 0 0 0 0 0 0 0 0 0 0 0 0 0 0 0 0 0 0 0 0 0 0 0 0 0
##$SHL_EXPFAC= (0..15)
0 0 0 0 0 0 0 0 0 0 0 0 0 0 0 0
##$SHL_FRACEND= (0..15)
0 0 0 0 0 0 0 0 0 0 0 0 0 0 0 0
##$SHL_FRACORG= (0..15)
0 0 0 0 0 0 0 0 0 0 0 0 0 0 0 0
##$SHL_FRACSTART= (0..15)
0 0 0 0 0 0 0 0 0 0 0 0 0 0 0 0
##$SHL_FULLHALF= (0..15)
0 0 0 0 0 0 0 0 0 0 0 0 0 0 0 0
##$SHL_FUNCAMP= (0..15)
100 0 0 0 0 0 0 0 0 0 0 0 0 0 0 0
##$SHL_FUNCTION= (0..15)
<Rectangle> <> <> <> <> <> <> <> <> <> <> <> <> <> <> <>
##$SHL_GCO= (0..15)
<> <> <> <> <> <> <> <> <> <> <> <> <> <> <> <>
##$SHL_GCOCOEFFS0= (0..59)
0 0 0 0 0 0 0 0 0 0 0 0 0 0 0 0 0 0 0 0 0 0 0 0 0 0 0 0 0 0 0 0 0 0 0 0
0 0 0 0 0 0 0 0 0 0 0 0 0 0 0 0 0 0 0 0 0 0 0 0
##$SHL_GCOCOEFFS1= (0..59)
0 0 0 0 0 0 0 0 0 0 0 0 0 0 0 0 0 0 0 0 0 0 0 0 0 0 0 0 0 0 0 0 0 0 0 0
0 0 0 0 0 0 0 0 0 0 0 0 0 0 0 0 0 0 0 0 0 0 0 0
##$SHL_GCOCOEFFS10= (0..59)
0 0 0 0 0 0 0 0 0 0 0 0 0 0 0 0 0 0 0 0 0 0 0 0 0 0 0 0 0 0 0 0 0 0 0 0
0 0 0 0 0 0 0 0 0 0 0 0 0 0 0 0 0 0 0 0 0 0 0 0
##$SHL_GCOCOEFFS11= (0..59)
0 0 0 0 0 0 0 0 0 0 0 0 0 0 0 0 0 0 0 0 0 0 0 0 0 0 0 0 0 0 0 0 0 0 0 0
0 0 0 0 0 0 0 0 0 0 0 0 0 0 0 0 0 0 0 0 0 0 0 0
##$SHL_GCOCOEFFS12= (0..59)
0 0 0 0 0 0 0 0 0 0 0 0 0 0 0 0 0 0 0 0 0 0 0 0 0 0 0 0 0 0 0 0 0 0 0 0
0 0 0 0 0 0 0 0 0 0 0 0 0 0 0 0 0 0 0 0 0 0 0 0
##$SHL_GCOCOEFFS13= (0..59)
0 0 0 0 0 0 0 0 0 0 0 0 0 0 0 0 0 0 0 0 0 0 0 0 0 0 0 0 0 0 0 0 0 0 0 0
0 0 0 0 0 0 0 0 0 0 0 0 0 0 0 0 0 0 0 0 0 0 0 0
##$SHL_GCOCOEFFS14= (0..59)
0 0 0 0 0 0 0 0 0 0 0 0 0 0 0 0 0 0 0 0 0 0 0 0 0 0 0 0 0 0 0 0 0 0 0 0
0 0 0 0 0 0 0 0 0 0 0 0 0 0 0 0 0 0 0 0 0 0 0 0
##$SHL_GCOCOEFFS15= (0..59)
0 0 0 0 0 0 0 0 0 0 0 0 0 0 0 0 0 0 0 0 0 0 0 0 0 0 0 0 0 0 0 0 0 0 0 0
0 0 0 0 0 0 0 0 0 0 0 0 0 0 0 0 0 0 0 0 0 0 0 0
##$SHL_GCOCOEFFS2= (0..59)
0 0 0 0 0 0 0 0 0 0 0 0 0 0 0 0 0 0 0 0 0 0 0 0 0 0 0 0 0 0 0 0 0 0 0 0
0 0 0 0 0 0 0 0 0 0 0 0 0 0 0 0 0 0 0 0 0 0 0 0
##$SHL_GCOCOEFFS3= (0..59)
0 0 0 0 0 0 0 0 0 0 0 0 0 0 0 0 0 0 0 0 0 0 0 0 0 0 0 0 0 0 0 0 0 0 0 0
0 0 0 0 0 0 0 0 0 0 0 0 0 0 0 0 0 0 0 0 0 0 0 0
##$SHL_GCOCOEFFS4= (0..59)
0 0 0 0 0 0 0 0 0 0 0 0 0 0 0 0 0 0 0 0 0 0 0 0 0 0 0 0 0 0 0 0 0 0 0 0
0 0 0 0 0 0 0 0 0 0 0 0 0 0 0 0 0 0 0 0 0 0 0 0
##$SHL_GCOCOEFFS5= (0..59)
0 0 0 0 0 0 0 0 0 0 0 0 0 0 0 0 0 0 0 0 0 0 0 0 0 0 0 0 0 0 0 0 0 0 0 0
0 0 0 0 0 0 0 0 0 0 0 0 0 0 0 0 0 0 0 0 0 0 0 0
##$SHL_GCOCOEFFS6= (0..59)
0 0 0 0 0 0 0 0 0 0 0 0 0 0 0 0 0 0 0 0 0 0 0 0 0 0 0 0 0 0 0 0 0 0 0 0
0 0 0 0 0 0 0 0 0 0 0 0 0 0 0 0 0 0 0 0 0 0 0 0
##$SHL_GCOCOEFFS7= (0..59)
0 0 0 0 0 0 0 0 0 0 0 0 0 0 0 0 0 0 0 0 0 0 0 0 0 0 0 0 0 0 0 0 0 0 0 0
0 0 0 0 0 0 0 0 0 0 0 0 0 0 0 0 0 0 0 0 0 0 0 0
##$SHL_GCOCOEFFS8= (0..59)
0 0 0 0 0 0 0 0 0 0 0 0 0 0 0 0 0 0 0 0 0 0 0 0 0 0 0 0 0 0 0 0 0 0 0 0
0 0 0 0 0 0 0 0 0 0 0 0 0 0 0 0 0 0 0 0 0 0 0 0
##$SHL_GCOCOEFFS9= (0..59)
0 0 0 0 0 0 0 0 0 0 0 0 0 0 0 0 0 0 0 0 0 0 0 0 0 0 0 0 0 0 0 0 0 0 0 0
0 0 0 0 0 0 0 0 0 0 0 0 0 0 0 0 0 0 0 0 0 0 0 0
##$SHL_INTEGFAC= (0..15)
1 0 0 0 0 0 0 0 0 0 0 0 0 0 0 0
##$SHL_LB= (0..15)
0 0 0 0 0 0 0 0 0 0 0 0 0 0 0 0
##$SHL_LEFTLIMIT= (0..15)
0 0 0 0 0 0 0 0 0 0 0 0 0 0 0 0
##$SHL_LENGTH= (0..15)
25000.000373 0 0 0 0 0 0 0 0 0 0 0 0 0 0 0
##$SHL_MAN= (0..15)
<> <> <> <> <> <> <> <> <> <> <> <> <> <> <> <>
##$SHL_MEANAMP= (0..15)
0 0 0 0 0 0 0 0 0 0 0 0 0 0 0 0
##$SHL_MODAMP= (0..15)
0 0 0 0 0 0 0 0 0 0 0 0 0 0 0 0
##$SHL_MODE= (0..15)
0 0 0 0 0 0 0 0 0 0 0 0 0 0 0 0
##$SHL_MODFREQ= (0..15)
0 0 0 0 0 0 0 0 0 0 0 0 0 0 0 0
##$SHL_MODPHASE= (0..15)
0 0 0 0 0 0 0 0 0 0 0 0 0 0 0 0
##$SHL_MODSCALE= (0..15)
0 0 0 0 0 0 0 0 0 0 0 0 0 0 0 0
##$SHL_MODSW= (0..15)
0 0 0 0 0 0 0 0 0 0 0 0 0 0 0 0
##$SHL_MODSWDIR= (0..15)
-1 -1 -1 -1 -1 -1 -1 -1 -1 -1 -1 -1 -1 -1 -1 -1
##$SHL_MU= (0..15)
0 0 0 0 0 0 0 0 0 0 0 0 0 0 0 0
##$SHL_NPOINTS= (0..15)
1250 0 0 0 0 0 0 0 0 0 0 0 0 0 0 0
##$SHL_OFFS= (0..15)
<> <> <> <> <> <> <> <> <> <> <> <> <> <> <> <>
##$SHL_OFFSCOEFF0= (0..95)
0 0 0 0 0 0 0 0 0 0 0 0 0 0 0 0 0 0 0 0 0 0 0 0 0 0 0 0 0 0 0 0 0 0 0 0
0 0 0 0 0 0 0 0 0 0 0 0 0 0 0 0 0 0 0 0 0 0 0 0 0 0 0 0 0 0 0 0 0 0 0 0
0 0 0 0 0 0 0 0 0 0 0 0 0 0 0 0 0 0 0 0 0 0 0 0
##$SHL_OFFSCOEFF1= (0..95)
0 0 0 0 0 0 0 0 0 0 0 0 0 0 0 0 0 0 0 0 0 0 0 0 0 0 0 0 0 0 0 0 0 0 0 0
0 0 0 0 0 0 0 0 0 0 0 0 0 0 0 0 0 0 0 0 0 0 0 0 0 0 0 0 0 0 0 0 0 0 0 0
0 0 0 0 0 0 0 0 0 0 0 0 0 0 0 0 0 0 0 0 0 0 0 0
##$SHL_OFFSCOEFF10= (0..95)
0 0 0 0 0 0 0 0 0 0 0 0 0 0 0 0 0 0 0 0 0 0 0 0 0 0 0 0 0 0 0 0 0 0 0 0
0 0 0 0 0 0 0 0 0 0 0 0 0 0 0 0 0 0 0 0 0 0 0 0 0 0 0 0 0 0 0 0 0 0 0 0
0 0 0 0 0 0 0 0 0 0 0 0 0 0 0 0 0 0 0 0 0 0 0 0
##$SHL_OFFSCOEFF11= (0..95)
0 0 0 0 0 0 0 0 0 0 0 0 0 0 0 0 0 0 0 0 0 0 0 0 0 0 0 0 0 0 0 0 0 0 0 0
0 0 0 0 0 0 0 0 0 0 0 0 0 0 0 0 0 0 0 0 0 0 0 0 0 0 0 0 0 0 0 0 0 0 0 0
0 0 0 0 0 0 0 0 0 0 0 0 0 0 0 0 0 0 0 0 0 0 0 0
##$SHL_OFFSCOEFF12= (0..95)
0 0 0 0 0 0 0 0 0 0 0 0 0 0 0 0 0 0 0 0 0 0 0 0 0 0 0 0 0 0 0 0 0 0 0 0
0 0 0 0 0 0 0 0 0 0 0 0 0 0 0 0 0 0 0 0 0 0 0 0 0 0 0 0 0 0 0 0 0 0 0 0
0 0 0 0 0 0 0 0 0 0 0 0 0 0 0 0 0 0 0 0 0 0 0 0
##$SHL_OFFSCOEFF13= (0..95)
0 0 0 0 0 0 0 0 0 0 0 0 0 0 0 0 0 0 0 0 0 0 0 0 0 0 0 0 0 0 0 0 0 0 0 0
0 0 0 0 0 0 0 0 0 0 0 0 0 0 0 0 0 0 0 0 0 0 0 0 0 0 0 0 0 0 0 0 0 0 0 0
0 0 0 0 0 0 0 0 0 0 0 0 0 0 0 0 0 0 0 0 0 0 0 0
##$SHL_OFFSCOEFF14= (0..95)
0 0 0 0 0 0 0 0 0 0 0 0 0 0 0 0 0 0 0 0 0 0 0 0 0 0 0 0 0 0 0 0 0 0 0 0
0 0 0 0 0 0 0 0 0 0 0 0 0 0 0 0 0 0 0 0 0 0 0 0 0 0 0 0 0 0 0 0 0 0 0 0
0 0 0 0 0 0 0 0 0 0 0 0 0 0 0 0 0 0 0 0 0 0 0 0
##$SHL_OFFSCOEFF15= (0..95)
0 0 0 0 0 0 0 0 0 0 0 0 0 0 0 0 0 0 0 0 0 0 0 0 0 0 0 0 0 0 0 0 0 0 0 0
0 0 0 0 0 0 0 0 0 0 0 0 0 0 0 0 0 0 0 0 0 0 0 0 0 0 0 0 0 0 0 0 0 0 0 0
0 0 0 0 0 0 0 0 0 0 0 0 0 0 0 0 0 0 0 0 0 0 0 0
##$SHL_OFFSCOEFF2= (0..95)
0 0 0 0 0 0 0 0 0 0 0 0 0 0 0 0 0 0 0 0 0 0 0 0 0 0 0 0 0 0 0 0 0 0 0 0
0 0 0 0 0 0 0 0 0 0 0 0 0 0 0 0 0 0 0 0 0 0 0 0 0 0 0 0 0 0 0 0 0 0 0 0
0 0 0 0 0 0 0 0 0 0 0 0 0 0 0 0 0 0 0 0 0 0 0 0
##$SHL_OFFSCOEFF3= (0..95)
0 0 0 0 0 0 0 0 0 0 0 0 0 0 0 0 0 0 0 0 0 0 0 0 0 0 0 0 0 0 0 0 0 0 0 0
0 0 0 0 0 0 0 0 0 0 0 0 0 0 0 0 0 0 0 0 0 0 0 0 0 0 0 0 0 0 0 0 0 0 0 0
0 0 0 0 0 0 0 0 0 0 0 0 0 0 0 0 0 0 0 0 0 0 0 0
##$SHL_OFFSCOEFF4= (0..95)
0 0 0 0 0 0 0 0 0 0 0 0 0 0 0 0 0 0 0 0 0 0 0 0 0 0 0 0 0 0 0 0 0 0 0 0
0 0 0 0 0 0 0 0 0 0 0 0 0 0 0 0 0 0 0 0 0 0 0 0 0 0 0 0 0 0 0 0 0 0 0 0
0 0 0 0 0 0 0 0 0 0 0 0 0 0 0 0 0 0 0 0 0 0 0 0
##$SHL_OFFSCOEFF5= (0..95)
0 0 0 0 0 0 0 0 0 0 0 0 0 0 0 0 0 0 0 0 0 0 0 0 0 0 0 0 0 0 0 0 0 0 0 0
0 0 0 0 0 0 0 0 0 0 0 0 0 0 0 0 0 0 0 0 0 0 0 0 0 0 0 0 0 0 0 0 0 0 0 0
0 0 0 0 0 0 0 0 0 0 0 0 0 0 0 0 0 0 0 0 0 0 0 0
##$SHL_OFFSCOEFF6= (0..95)
0 0 0 0 0 0 0 0 0 0 0 0 0 0 0 0 0 0 0 0 0 0 0 0 0 0 0 0 0 0 0 0 0 0 0 0
0 0 0 0 0 0 0 0 0 0 0 0 0 0 0 0 0 0 0 0 0 0 0 0 0 0 0 0 0 0 0 0 0 0 0 0
0 0 0 0 0 0 0 0 0 0 0 0 0 0 0 0 0 0 0 0 0 0 0 0
##$SHL_OFFSCOEFF7= (0..95)
0 0 0 0 0 0 0 0 0 0 0 0 0 0 0 0 0 0 0 0 0 0 0 0 0 0 0 0 0 0 0 0 0 0 0 0
0 0 0 0 0 0 0 0 0 0 0 0 0 0 0 0 0 0 0 0 0 0 0 0 0 0 0 0 0 0 0 0 0 0 0 0
0 0 0 0 0 0 0 0 0 0 0 0 0 0 0 0 0 0 0 0 0 0 0 0
##$SHL_OFFSCOEFF8= (0..95)
0 0 0 0 0 0 0 0 0 0 0 0 0 0 0 0 0 0 0 0 0 0 0 0 0 0 0 0 0 0 0 0 0 0 0 0
0 0 0 0 0 0 0 0 0 0 0 0 0 0 0 0 0 0 0 0 0 0 0 0 0 0 0 0 0 0 0 0 0 0 0 0
0 0 0 0 0 0 0 0 0 0 0 0 0 0 0 0 0 0 0 0 0 0 0 0
##$SHL_OFFSCOEFF9= (0..95)
0 0 0 0 0 0 0 0 0 0 0 0 0 0 0 0 0 0 0 0 0 0 0 0 0 0 0 0 0 0 0 0 0 0 0 0
0 0 0 0 0 0 0 0 0 0 0 0 0 0 0 0 0 0 0 0 0 0 0 0 0 0 0 0 0 0 0 0 0 0 0 0
0 0 0 0 0 0 0 0 0 0 0 0 0 0 0 0 0 0 0 0 0 0 0 0
##$SHL_PHASE= (0..15)
0 0 0 0 0 0 0 0 0 0 0 0 0 0 0 0
##$SHL_PHASEFAC= (0..15)
0 0 0 0 0 0 0 0 0 0 0 0 0 0 0 0
##$SHL_POWERINDEX= (0..15)
0 0 0 0 0 0 0 0 0 0 0 0 0 0 0 0
##$SHL_QUADCOEFF= (0..15)
0 0 0 0 0 0 0 0 0 0 0 0 0 0 0 0
##$SHL_RIGHTLIMIT= (0..15)
0 0 0 0 0 0 0 0 0 0 0 0 0 0 0 0
##$SHL_SCALEFACTOR= (0..15)
1 1 1 1 1 1 1 1 1 1 1 1 1 1 1 1
##$SHL_SF= (0..15)
<> <> <> <> <> <> <> <> <> <> <> <> <> <> <> <>
##$SHL_SFCOEFFS0= (0..200)
0 0 0 0 0 0 0 0 0 0 0 0 0 0 0 0 0 0 0 0 0 0 0 0 0 0 0 0 0 0 0 0 0 0 0 0
0 0 0 0 0 0 0 0 0 0 0 0 0 0 0 0 0 0 0 0 0 0 0 0 0 0 0 0 0 0 0 0 0 0 0 0
0 0 0 0 0 0 0 0 0 0 0 0 0 0 0 0 0 0 0 0 0 0 0 0 0 0 0 0 0 0 0 0 0 0 0 0
0 0 0 0 0 0 0 0 0 0 0 0 0 0 0 0 0 0 0 0 0 0 0 0 0 0 0 0 0 0 0 0 0 0 0 0
0 0 0 0 0 0 0 0 0 0 0 0 0 0 0 0 0 0 0 0 0 0 0 0 0 0 0 0 0 0 0 0 0 0 0 0
0 0 0 0 0 0 0 0 0 0 0 0 0 0 0 0 0 0 0 0 0
##$SHL_SFCOEFFS1= (0..200)
0 0 0 0 0 0 0 0 0 0 0 0 0 0 0 0 0 0 0 0 0 0 0 0 0 0 0 0 0 0 0 0 0 0 0 0
0 0 0 0 0 0 0 0 0 0 0 0 0 0 0 0 0 0 0 0 0 0 0 0 0 0 0 0 0 0 0 0 0 0 0 0
0 0 0 0 0 0 0 0 0 0 0 0 0 0 0 0 0 0 0 0 0 0 0 0 0 0 0 0 0 0 0 0 0 0 0 0
0 0 0 0 0 0 0 0 0 0 0 0 0 0 0 0 0 0 0 0 0 0 0 0 0 0 0 0 0 0 0 0 0 0 0 0
0 0 0 0 0 0 0 0 0 0 0 0 0 0 0 0 0 0 0 0 0 0 0 0 0 0 0 0 0 0 0 0 0 0 0 0
0 0 0 0 0 0 0 0 0 0 0 0 0 0 0 0 0 0 0 0 0
##$SHL_SFCOEFFS10= (0..200)
0 0 0 0 0 0 0 0 0 0 0 0 0 0 0 0 0 0 0 0 0 0 0 0 0 0 0 0 0 0 0 0 0 0 0 0
0 0 0 0 0 0 0 0 0 0 0 0 0 0 0 0 0 0 0 0 0 0 0 0 0 0 0 0 0 0 0 0 0 0 0 0
0 0 0 0 0 0 0 0 0 0 0 0 0 0 0 0 0 0 0 0 0 0 0 0 0 0 0 0 0 0 0 0 0 0 0 0
0 0 0 0 0 0 0 0 0 0 0 0 0 0 0 0 0 0 0 0 0 0 0 0 0 0 0 0 0 0 0 0 0 0 0 0
0 0 0 0 0 0 0 0 0 0 0 0 0 0 0 0 0 0 0 0 0 0 0 0 0 0 0 0 0 0 0 0 0 0 0 0
0 0 0 0 0 0 0 0 0 0 0 0 0 0 0 0 0 0 0 0 0
##$SHL_SFCOEFFS11= (0..200)
0 0 0 0 0 0 0 0 0 0 0 0 0 0 0 0 0 0 0 0 0 0 0 0 0 0 0 0 0 0 0 0 0 0 0 0
0 0 0 0 0 0 0 0 0 0 0 0 0 0 0 0 0 0 0 0 0 0 0 0 0 0 0 0 0 0 0 0 0 0 0 0
0 0 0 0 0 0 0 0 0 0 0 0 0 0 0 0 0 0 0 0 0 0 0 0 0 0 0 0 0 0 0 0 0 0 0 0
0 0 0 0 0 0 0 0 0 0 0 0 0 0 0 0 0 0 0 0 0 0 0 0 0 0 0 0 0 0 0 0 0 0 0 0
0 0 0 0 0 0 0 0 0 0 0 0 0 0 0 0 0 0 0 0 0 0 0 0 0 0 0 0 0 0 0 0 0 0 0 0
0 0 0 0 0 0 0 0 0 0 0 0 0 0 0 0 0 0 0 0 0
##$SHL_SFCOEFFS12= (0..200)
0 0 0 0 0 0 0 0 0 0 0 0 0 0 0 0 0 0 0 0 0 0 0 0 0 0 0 0 0 0 0 0 0 0 0 0
0 0 0 0 0 0 0 0 0 0 0 0 0 0 0 0 0 0 0 0 0 0 0 0 0 0 0 0 0 0 0 0 0 0 0 0
0 0 0 0 0 0 0 0 0 0 0 0 0 0 0 0 0 0 0 0 0 0 0 0 0 0 0 0 0 0 0 0 0 0 0 0
0 0 0 0 0 0 0 0 0 0 0 0 0 0 0 0 0 0 0 0 0 0 0 0 0 0 0 0 0 0 0 0 0 0 0 0
0 0 0 0 0 0 0 0 0 0 0 0 0 0 0 0 0 0 0 0 0 0 0 0 0 0 0 0 0 0 0 0 0 0 0 0
0 0 0 0 0 0 0 0 0 0 0 0 0 0 0 0 0 0 0 0 0
##$SHL_SFCOEFFS13= (0..200)
0 0 0 0 0 0 0 0 0 0 0 0 0 0 0 0 0 0 0 0 0 0 0 0 0 0 0 0 0 0 0 0 0 0 0 0
0 0 0 0 0 0 0 0 0 0 0 0 0 0 0 0 0 0 0 0 0 0 0 0 0 0 0 0 0 0 0 0 0 0 0 0
0 0 0 0 0 0 0 0 0 0 0 0 0 0 0 0 0 0 0 0 0 0 0 0 0 0 0 0 0 0 0 0 0 0 0 0
0 0 0 0 0 0 0 0 0 0 0 0 0 0 0 0 0 0 0 0 0 0 0 0 0 0 0 0 0 0 0 0 0 0 0 0
0 0 0 0 0 0 0 0 0 0 0 0 0 0 0 0 0 0 0 0 0 0 0 0 0 0 0 0 0 0 0 0 0 0 0 0
0 0 0 0 0 0 0 0 0 0 0 0 0 0 0 0 0 0 0 0 0
##$SHL_SFCOEFFS14= (0..200)
0 0 0 0 0 0 0 0 0 0 0 0 0 0 0 0 0 0 0 0 0 0 0 0 0 0 0 0 0 0 0 0 0 0 0 0
0 0 0 0 0 0 0 0 0 0 0 0 0 0 0 0 0 0 0 0 0 0 0 0 0 0 0 0 0 0 0 0 0 0 0 0
0 0 0 0 0 0 0 0 0 0 0 0 0 0 0 0 0 0 0 0 0 0 0 0 0 0 0 0 0 0 0 0 0 0 0 0
0 0 0 0 0 0 0 0 0 0 0 0 0 0 0 0 0 0 0 0 0 0 0 0 0 0 0 0 0 0 0 0 0 0 0 0
0 0 0 0 0 0 0 0 0 0 0 0 0 0 0 0 0 0 0 0 0 0 0 0 0 0 0 0 0 0 0 0 0 0 0 0
0 0 0 0 0 0 0 0 0 0 0 0 0 0 0 0 0 0 0 0 0
##$SHL_SFCOEFFS15= (0..200)
0 0 0 0 0 0 0 0 0 0 0 0 0 0 0 0 0 0 0 0 0 0 0 0 0 0 0 0 0 0 0 0 0 0 0 0
0 0 0 0 0 0 0 0 0 0 0 0 0 0 0 0 0 0 0 0 0 0 0 0 0 0 0 0 0 0 0 0 0 0 0 0
0 0 0 0 0 0 0 0 0 0 0 0 0 0 0 0 0 0 0 0 0 0 0 0 0 0 0 0 0 0 0 0 0 0 0 0
0 0 0 0 0 0 0 0 0 0 0 0 0 0 0 0 0 0 0 0 0 0 0 0 0 0 0 0 0 0 0 0 0 0 0 0
0 0 0 0 0 0 0 0 0 0 0 0 0 0 0 0 0 0 0 0 0 0 0 0 0 0 0 0 0 0 0 0 0 0 0 0
0 0 0 0 0 0 0 0 0 0 0 0 0 0 0 0 0 0 0 0 0
##$SHL_SFCOEFFS2= (0..200)
0 0 0 0 0 0 0 0 0 0 0 0 0 0 0 0 0 0 0 0 0 0 0 0 0 0 0 0 0 0 0 0 0 0 0 0
0 0 0 0 0 0 0 0 0 0 0 0 0 0 0 0 0 0 0 0 0 0 0 0 0 0 0 0 0 0 0 0 0 0 0 0
0 0 0 0 0 0 0 0 0 0 0 0 0 0 0 0 0 0 0 0 0 0 0 0 0 0 0 0 0 0 0 0 0 0 0 0
0 0 0 0 0 0 0 0 0 0 0 0 0 0 0 0 0 0 0 0 0 0 0 0 0 0 0 0 0 0 0 0 0 0 0 0
0 0 0 0 0 0 0 0 0 0 0 0 0 0 0 0 0 0 0 0 0 0 0 0 0 0 0 0 0 0 0 0 0 0 0 0
0 0 0 0 0 0 0 0 0 0 0 0 0 0 0 0 0 0 0 0 0
##$SHL_SFCOEFFS3= (0..200)
0 0 0 0 0 0 0 0 0 0 0 0 0 0 0 0 0 0 0 0 0 0 0 0 0 0 0 0 0 0 0 0 0 0 0 0
0 0 0 0 0 0 0 0 0 0 0 0 0 0 0 0 0 0 0 0 0 0 0 0 0 0 0 0 0 0 0 0 0 0 0 0
0 0 0 0 0 0 0 0 0 0 0 0 0 0 0 0 0 0 0 0 0 0 0 0 0 0 0 0 0 0 0 0 0 0 0 0
0 0 0 0 0 0 0 0 0 0 0 0 0 0 0 0 0 0 0 0 0 0 0 0 0 0 0 0 0 0 0 0 0 0 0 0
0 0 0 0 0 0 0 0 0 0 0 0 0 0 0 0 0 0 0 0 0 0 0 0 0 0 0 0 0 0 0 0 0 0 0 0
0 0 0 0 0 0 0 0 0 0 0 0 0 0 0 0 0 0 0 0 0
##$SHL_SFCOEFFS4= (0..200)
0 0 0 0 0 0 0 0 0 0 0 0 0 0 0 0 0 0 0 0 0 0 0 0 0 0 0 0 0 0 0 0 0 0 0 0
0 0 0 0 0 0 0 0 0 0 0 0 0 0 0 0 0 0 0 0 0 0 0 0 0 0 0 0 0 0 0 0 0 0 0 0
0 0 0 0 0 0 0 0 0 0 0 0 0 0 0 0 0 0 0 0 0 0 0 0 0 0 0 0 0 0 0 0 0 0 0 0
0 0 0 0 0 0 0 0 0 0 0 0 0 0 0 0 0 0 0 0 0 0 0 0 0 0 0 0 0 0 0 0 0 0 0 0
0 0 0 0 0 0 0 0 0 0 0 0 0 0 0 0 0 0 0 0 0 0 0 0 0 0 0 0 0 0 0 0 0 0 0 0
0 0 0 0 0 0 0 0 0 0 0 0 0 0 0 0 0 0 0 0 0
##$SHL_SFCOEFFS5= (0..200)
0 0 0 0 0 0 0 0 0 0 0 0 0 0 0 0 0 0 0 0 0 0 0 0 0 0 0 0 0 0 0 0 0 0 0 0
0 0 0 0 0 0 0 0 0 0 0 0 0 0 0 0 0 0 0 0 0 0 0 0 0 0 0 0 0 0 0 0 0 0 0 0
0 0 0 0 0 0 0 0 0 0 0 0 0 0 0 0 0 0 0 0 0 0 0 0 0 0 0 0 0 0 0 0 0 0 0 0
0 0 0 0 0 0 0 0 0 0 0 0 0 0 0 0 0 0 0 0 0 0 0 0 0 0 0 0 0 0 0 0 0 0 0 0
0 0 0 0 0 0 0 0 0 0 0 0 0 0 0 0 0 0 0 0 0 0 0 0 0 0 0 0 0 0 0 0 0 0 0 0
0 0 0 0 0 0 0 0 0 0 0 0 0 0 0 0 0 0 0 0 0
##$SHL_SFCOEFFS6= (0..200)
0 0 0 0 0 0 0 0 0 0 0 0 0 0 0 0 0 0 0 0 0 0 0 0 0 0 0 0 0 0 0 0 0 0 0 0
0 0 0 0 0 0 0 0 0 0 0 0 0 0 0 0 0 0 0 0 0 0 0 0 0 0 0 0 0 0 0 0 0 0 0 0
0 0 0 0 0 0 0 0 0 0 0 0 0 0 0 0 0 0 0 0 0 0 0 0 0 0 0 0 0 0 0 0 0 0 0 0
0 0 0 0 0 0 0 0 0 0 0 0 0 0 0 0 0 0 0 0 0 0 0 0 0 0 0 0 0 0 0 0 0 0 0 0
0 0 0 0 0 0 0 0 0 0 0 0 0 0 0 0 0 0 0 0 0 0 0 0 0 0 0 0 0 0 0 0 0 0 0 0
0 0 0 0 0 0 0 0 0 0 0 0 0 0 0 0 0 0 0 0 0
##$SHL_SFCOEFFS7= (0..200)
0 0 0 0 0 0 0 0 0 0 0 0 0 0 0 0 0 0 0 0 0 0 0 0 0 0 0 0 0 0 0 0 0 0 0 0
0 0 0 0 0 0 0 0 0 0 0 0 0 0 0 0 0 0 0 0 0 0 0 0 0 0 0 0 0 0 0 0 0 0 0 0
0 0 0 0 0 0 0 0 0 0 0 0 0 0 0 0 0 0 0 0 0 0 0 0 0 0 0 0 0 0 0 0 0 0 0 0
0 0 0 0 0 0 0 0 0 0 0 0 0 0 0 0 0 0 0 0 0 0 0 0 0 0 0 0 0 0 0 0 0 0 0 0
0 0 0 0 0 0 0 0 0 0 0 0 0 0 0 0 0 0 0 0 0 0 0 0 0 0 0 0 0 0 0 0 0 0 0 0
0 0 0 0 0 0 0 0 0 0 0 0 0 0 0 0 0 0 0 0 0
##$SHL_SFCOEFFS8= (0..200)
0 0 0 0 0 0 0 0 0 0 0 0 0 0 0 0 0 0 0 0 0 0 0 0 0 0 0 0 0 0 0 0 0 0 0 0
0 0 0 0 0 0 0 0 0 0 0 0 0 0 0 0 0 0 0 0 0 0 0 0 0 0 0 0 0 0 0 0 0 0 0 0
0 0 0 0 0 0 0 0 0 0 0 0 0 0 0 0 0 0 0 0 0 0 0 0 0 0 0 0 0 0 0 0 0 0 0 0
0 0 0 0 0 0 0 0 0 0 0 0 0 0 0 0 0 0 0 0 0 0 0 0 0 0 0 0 0 0 0 0 0 0 0 0
0 0 0 0 0 0 0 0 0 0 0 0 0 0 0 0 0 0 0 0 0 0 0 0 0 0 0 0 0 0 0 0 0 0 0 0
0 0 0 0 0 0 0 0 0 0 0 0 0 0 0 0 0 0 0 0 0
##$SHL_SFCOEFFS9= (0..200)
0 0 0 0 0 0 0 0 0 0 0 0 0 0 0 0 0 0 0 0 0 0 0 0 0 0 0 0 0 0 0 0 0 0 0 0
0 0 0 0 0 0 0 0 0 0 0 0 0 0 0 0 0 0 0 0 0 0 0 0 0 0 0 0 0 0 0 0 0 0 0 0
0 0 0 0 0 0 0 0 0 0 0 0 0 0 0 0 0 0 0 0 0 0 0 0 0 0 0 0 0 0 0 0 0 0 0 0
0 0 0 0 0 0 0 0 0 0 0 0 0 0 0 0 0 0 0 0 0 0 0 0 0 0 0 0 0 0 0 0 0 0 0 0
0 0 0 0 0 0 0 0 0 0 0 0 0 0 0 0 0 0 0 0 0 0 0 0 0 0 0 0 0 0 0 0 0 0 0 0
0 0 0 0 0 0 0 0 0 0 0 0 0 0 0 0 0 0 0 0 0
##$SHL_SMOOTHED= (0..15)
0 0 0 0 0 0 0 0 0 0 0 0 0 0 0 0
##$SHL_SMOOTHING= (0..15)
0 0 0 0 0 0 0 0 0 0 0 0 0 0 0 0
##$SHL_SPOAL= (0..15)
0 0 0 0 0 0 0 0 0 0 0 0 0 0 0 0
##$SHL_SPOFFS= (0..15)
0 0 0 0 0 0 0 0 0 0 0 0 0 0 0 0
##$SHL_SPOPH= (0..15)
0 0 0 0 0 0 0 0 0 0 0 0 0 0 0 0
##$SHL_STARTAMP= (0..15)
0 0 0 0 0 0 0 0 0 0 0 0 0 0 0 0
##$SHL_SW= (0..15)
0 0 0 0 0 0 0 0 0 0 0 0 0 0 0 0
##$SHL_SWDIR= (0..15)
-1 -1 -1 -1 -1 -1 -1 -1 -1 -1 -1 -1 -1 -1 -1 -1
##$SHL_TANKAPPA= (0..15)
0 0 0 0 0 0 0 0 0 0 0 0 0 0 0 0
##$SHL_TOTROT= (0..15)
90 0 0 0 0 0 0 0 0 0 0 0 0 0 0 0
##$SHL_TRUNCLEV= (0..15)
0 0 0 0 0 0 0 0 0 0 0 0 0 0 0 0
##$SHL_TYPE= (0..15)
<Excitation> <> <> <> <> <> <> <> <> <> <> <> <> <> <> <>
##$SHL_WINDOWSIZE= (0..15)
0 0 0 0 0 0 0 0 0 0 0 0 0 0 0 0
##$SHL_ZETA= (0..15)
0 0 0 0 0 0 0 0 0 0 0 0 0 0 0 0
##NPOINTS= 1250
##XYPOINTS= (XY..XY)
72.553879, 92.934319
72.094745, 94.486672
71.632768, 96.038576
71.167982, 97.590022
70.700422, 99.141001
70.230123, 100.691503
69.757119, 102.241517
69.281446, 103.791034
68.803140, 105.340042
68.322235, 106.888530
67.838769, 108.436487
67.352776, 109.983901
66.864294, 111.530760
66.373358, 113.077051
65.880005, 114.622761
65.384273, 116.167876
64.886197, 117.712382
64.385816, 119.256264
63.883167, 120.799509
63.378287, 122.342099
62.871214, 123.884019
62.361987, 125.425253
61.850643, 126.965782
61.337221, 128.505589
60.821758, 130.044655
60.304295, 131.582962
59.784870, 133.120488
59.263522, 134.657214
58.740289, 136.193118
58.215213, 137.728177
57.688331, 139.262368
57.159684, 140.795667
56.629312, 142.328049
56.097255, 143.859488
55.563553, 145.389957
55.028246, 146.919427
54.491376, 148.447870
53.952982, 149.975255
53.413106, 151.501549
52.871789, 153.026721
52.329072, 154.550735
51.784996, 156.073555
51.239603, 157.595144
50.692935, 159.115463
50.145034, 160.634471
49.595941, 162.152125
49.045699, 163.668381
48.494350, 165.183191
47.941937, 166.696508
47.388502, 168.208281
46.834089, 169.718455
46.278740, 171.226975
45.722498, 172.733782
45.165408, 174.238816
44.607513, 175.742011
44.048856, 177.243300
43.489481, 178.742612
42.929433, 180.239873
42.368756, 181.735003
41.807494, 183.227921
41.245693, 184.718540
40.683398, 186.206768
40.120653, 187.692508
39.557504, 189.175660
38.993998, 190.656115
38.430179, 192.133761
37.866095, 193.608478
37.301792, 195.080139
36.737316, 196.548609
36.172716, 198.013748
35.608039, 199.475403
35.043333, 200.933416
34.478646, 202.387616
33.914027, 203.837824
33.349525, 205.283847
32.785191, 206.725480
32.221074, 208.162507
31.657225, 209.594694
31.093696, 211.021793
30.530539, 212.443538
29.967807, 213.859646
29.405553, 215.269813
28.843832, 216.673710
28.282700, 218.070988
27.722213, 219.461270
27.162429, 220.844149
26.603406, 222.219187
26.045204, 223.585912
25.487886, 224.943812
24.931515, 226.292334
24.376155, 227.630879
23.821874, 228.958794
23.268741, 230.275370
22.716829, 231.579836
22.166212, 232.871349
21.616967, 234.148988
21.069176, 235.411742
20.522925, 236.658504
19.978302, 237.888056
19.435404, 239.099055
18.894329, 240.290019
18.355185, 241.459306
17.818086, 242.605098
17.283155, 243.725368
16.750524, 244.817862
16.220336, 245.880058
15.692747, 246.909130
15.167928, 247.901903
14.646068, 248.854801
14.127374, 249.763782
13.612078, 250.624267
13.100439, 251.431049
12.592751, 252.178196
12.089342, 252.858923
11.590591, 253.465449
11.096928, 253.988830
10.608853, 254.418753
10.126943, 254.743299
9.651871, 254.948675
9.184430, 255.018894
8.725552, 254.935423
8.276346, 254.676814
7.838128, 254.218316
7.412475, 253.531556
7.001274, 252.584340
6.606782, 251.340762
6.231696, 249.761839
5.879214, 247.807044
5.553082, 245.437210
5.257603, 242.619351
4.997568, 239.333767
4.778078, 235.583227
4.604206, 231.402842
4.480502, 226.867568
4.410403, 222.093137
4.395670, 217.227050
4.436048, 212.429943
4.529261, 207.852523
4.671357, 203.615875
4.857279, 199.800942
5.081474, 196.448185
5.338404, 193.564416
5.622892, 191.132549
5.930312, 189.121009
6.256650, 187.491169
6.598490, 186.202478
6.952963, 185.215613
7.317673, 184.494171
7.690626, 184.005413
8.070163, 183.720423
8.454898, 183.613952
8.843674, 183.664100
9.235517, 183.851942
9.629606, 184.161149
10.025243, 184.577632
10.421833, 185.089224
10.818865, 185.685398
11.215899, 186.357025
11.612552, 187.096170
12.008490, 187.895917
12.403421, 188.750217
12.797086, 189.653768
13.189256, 190.601906
13.579725, 191.590519
13.968313, 192.615967
14.354853, 193.675023
14.739196, 194.764813
15.121207, 195.882776
15.500763, 197.026620
15.877749, 198.194289
16.252062, 199.383938
16.623606, 200.593900
16.992290, 201.822672
17.358032, 203.068893
17.720755, 204.331330
18.080385, 205.608858
18.436854, 206.900456
18.790097, 208.205192
19.140055, 209.522212
19.486668, 210.850734
19.829883, 212.190043
20.169648, 213.539479
20.505911, 214.898436
20.838627, 216.266355
21.167749, 217.642720
21.493234, 219.027053
21.815040, 220.418913
22.133126, 221.817889
22.447454, 223.223602
22.757986, 224.635697
23.064685, 226.053847
23.367517, 227.477743
23.666447, 228.907100
23.961444, 230.341651
24.252474, 231.781146
24.539506, 233.225352
24.822512, 234.674049
25.101461, 236.127033
25.376325, 237.584110
25.647077, 239.045100
25.913689, 240.509833
26.176135, 241.978148
26.434390, 243.449895
26.688429, 244.924932
26.938227, 246.403125
27.183762, 247.884348
27.425009, 249.368481
27.661947, 250.855411
27.894554, 252.345031
28.122808, 253.837241
28.346688, 255.331944
28.566175, 256.829051
28.781248, 258.328475
28.991889, 259.830135
29.198077, 261.333953
29.399797, 262.839857
29.597028, 264.347775
29.789755, 265.857643
29.977959, 267.369396
30.161626, 268.882976
30.340738, 270.398325
30.515281, 271.915388
30.685238, 273.434115
30.850596, 274.954456
31.011341, 276.476363
31.167458, 277.999793
31.318934, 279.524703
31.465757, 281.051052
31.607913, 282.578802
31.745391, 284.107916
31.878178, 285.638358
32.006264, 287.170095
32.129638, 288.703095
32.248289, 290.237328
32.362208, 291.772764
32.471384, 293.309376
32.575808, 294.847138
32.675471, 296.386024
32.770365, 297.926010
32.860482, 299.467074
32.945814, 301.009193
33.026354, 302.552348
33.102094, 304.096518
33.173029, 305.641685
33.239152, 307.187830
33.300458, 308.734939
33.356941, 310.282993
33.408596, 311.831979
33.455418, 313.381882
33.497404, 314.932688
33.534550, 316.484385
33.566851, 318.036961
33.594306, 319.590405
33.616911, 321.144707
33.634664, 322.699856
33.647564, 324.255844
33.655608, 325.812662
33.658796, 327.370303
33.657126, 328.928759
33.650599, 330.488025
33.639215, 332.048094
33.622973, 333.608961
33.601875, 335.170622
33.575921, 336.733073
33.545114, 338.296311
33.509455, 339.860332
33.468946, 341.425136
33.423590, 342.990721
33.373390, 344.557085
33.318349, 346.124229
33.258471, 347.692153
33.193761, 349.260858
33.124222, 350.830346
33.049860, 352.400620
32.970680, 353.971682
32.886687, 355.543536
32.797888, 357.116186
32.704289, 358.689637
32.605896, 0.263896
32.502717, 1.838968
32.394759, 3.414861
32.282030, 4.991583
32.164538, 6.569142
32.042292, 8.147548
31.915300, 9.726812
31.783573, 11.306945
31.647120, 12.887959
31.505950, 14.469866
31.360074, 16.052682
31.209504, 17.636421
31.054250, 19.221100
30.894324, 20.806735
30.729737, 22.393344
30.560502, 23.980949
30.386632, 25.569568
30.208140, 27.159225
30.025038, 28.749943
29.837341, 30.341746
29.645064, 31.934663
29.448219, 33.528719
29.246823, 35.123947
29.040890, 36.720376
28.830437, 38.318041
28.615478, 39.916977
28.396031, 41.517223
28.172112, 43.118817
27.943738, 44.721804
27.710928, 46.326227
27.473698, 47.932134
27.232067, 49.539577
26.986053, 51.148609
26.735676, 52.759288
26.480956, 54.371675
26.221911, 55.985833
25.958562, 57.601833
25.690931, 59.219747
25.419037, 60.839654
25.142902, 62.461637
24.862549, 64.085785
24.578000, 65.712192
24.289276, 67.340960
23.996402, 68.972198
23.699402, 70.606021
23.398298, 72.242553
23.093117, 73.881929
22.783882, 75.524290
22.470621, 77.169791
22.153358, 78.818596
21.832120, 80.470885
21.506935, 82.126849
21.177831, 83.786696
20.844836, 85.450650
20.507979, 87.118954
20.167290, 88.791872
19.822799, 90.469689
19.474539, 92.152719
19.122540, 93.841299
18.766836, 95.535800
18.407461, 97.236629
18.044450, 98.944228
17.677840, 100.659088
17.307667, 102.381743
16.933970, 104.112788
16.556790, 105.852876
16.176168, 107.602735
15.792148, 109.363171
15.404777, 111.135084
15.014101, 112.919478
14.620173, 114.717481
14.223045, 116.530359
13.822775, 118.359544
13.419425, 120.206655
13.013059, 122.073533
12.603751, 123.962283
12.191576, 125.875313
11.776621, 127.815402
11.358980, 129.785764
10.938757, 131.790138
10.516071, 133.832902
10.091055, 135.919206
9.663862, 138.055154
9.234671, 140.248026
8.803689, 142.506574
8.371161, 144.841397
7.937384, 147.265446
7.502716, 149.794694
7.067600, 152.449030
6.632588, 155.253486
6.198383, 158.239923
5.765894, 161.449358
5.336315, 164.935244
4.911247, 168.768032
4.492875, 173.041552
4.084245, 177.881625
3.689676, 183.456965
3.315382, 189.990491
2.970352, 197.763685
2.667415, 207.093197
2.423982, 218.236499
2.261028, 231.179975
2.198218, 245.373730
2.245603, 259.719308
2.398152, 273.041387
2.639020, 284.639805
2.947809, 294.392333
3.306573, 302.514814
3.701714, 309.322126
4.123587, 315.108236
4.565495, 320.110446
5.022784, 324.509668
5.492181, 328.441067
5.971340, 332.005354
6.458550, 335.277993
6.952538, 338.316084
7.452337, 341.163323
7.957201, 343.853546
8.466543, 346.413270
8.979895, 348.863507
9.496875, 351.221085
10.017169, 353.499622
10.540515, 355.710238
11.066691, 357.862094
11.595506, 359.962798
12.126794, 2.018717
12.660410, 4.035216
13.196224, 6.016847
13.734120, 7.967494
14.273993, 9.890491
14.815746, 11.788714
15.359290, 13.664658
15.904543, 15.520496
16.451428, 17.358132
16.999870, 19.179236
17.549801, 20.985283
18.101156, 22.777579
18.653870, 24.557284
19.207883, 26.325431
19.763137, 28.082946
20.319574, 29.830659
20.877138, 31.569314
21.435777, 33.299586
21.995436, 35.022081
22.556064, 36.737352
23.117610, 38.445898
23.680025, 40.148177
24.243258, 41.844603
24.807260, 43.535556
25.371985, 45.221386
25.937384, 46.902412
26.503409, 48.578926
27.070014, 50.251201
27.637153, 51.919485
28.204780, 53.584008
28.772848, 55.244984
29.341313, 56.902610
29.910128, 58.557070
30.479249, 60.208534
31.048632, 61.857161
31.618231, 63.503097
32.188002, 65.146481
32.757900, 66.787441
33.327883, 68.426096
33.897905, 70.062561
34.467922, 71.696939
35.037892, 73.329330
35.607770, 74.959825
36.177514, 76.588514
36.747079, 78.215476
37.316422, 79.840790
37.885500, 81.464528
38.454271, 83.086758
39.022691, 84.707546
39.590717, 86.326951
40.158307, 87.945033
40.725418, 89.561845
41.292008, 91.177440
41.858033, 92.791866
42.423452, 94.405169
42.988222, 96.017395
43.552301, 97.628584
44.115647, 99.238776
44.678218, 100.848009
45.239971, 102.456320
45.800866, 104.063742
46.360861, 105.670307
46.919913, 107.276048
47.477981, 108.880993
48.035024, 110.485170
48.591000, 112.088608
49.145869, 113.691330
49.699588, 115.293363
50.252118, 116.894729
50.803417, 118.495451
51.353444, 120.095551
51.902158, 121.695048
52.449520, 123.293963
52.995487, 124.892315
53.540022, 126.490122
54.083082, 128.087401
54.624627, 129.684169
55.164619, 131.280441
55.703016, 132.876234
56.239780, 134.471562
56.774870, 136.066439
57.308248, 137.660879
57.839873, 139.254894
58.369707, 140.848498
58.897710, 142.441703
59.423844, 144.034521
59.948070, 145.626961
60.470349, 147.219037
60.990642, 148.810757
61.508913, 150.402133
62.025121, 151.993173
62.539230, 153.583887
63.051201, 155.174285
63.560998, 156.764374
64.068581, 158.354164
64.573914, 159.943663
65.076960, 161.532878
65.577682, 163.121817
66.076043, 164.710487
66.572006, 166.298897
67.065535, 167.887051
67.556593, 169.474958
68.045145, 171.062623
68.531154, 172.650054
69.014585, 174.237255
69.495402, 175.824233
69.973570, 177.410993
70.449054, 178.997541
70.921819, 180.583883
71.391830, 182.170023
71.859053, 183.755967
72.323453, 185.341719
72.784996, 186.927284
73.243648, 188.512667
73.699376, 190.097872
74.152146, 191.682904
74.601925, 193.267766
75.048679, 194.852463
75.492377, 196.436999
75.932985, 198.021378
76.370471, 199.605603
76.804803, 201.189678
77.235950, 202.773607
77.663878, 204.357392
78.088558, 205.941038
78.509958, 207.524548
78.928046, 209.107925
79.342793, 210.691172
79.754168, 212.274291
80.162140, 213.857287
80.566680, 215.440162
80.967758, 217.022918
81.365344, 218.605558
81.759410, 220.188086
82.149927, 221.770503
82.536865, 223.352812
82.920196, 224.935016
83.299893, 226.517117
83.675928, 228.099117
84.048272, 229.681019
84.416898, 231.262825
84.781781, 232.844537
85.142892, 234.426157
85.500205, 236.007688
85.853694, 237.589131
86.203333, 239.170488
86.549097, 240.751762
86.890960, 242.332954
87.228897, 243.914066
87.562883, 245.495100
87.892894, 247.076058
88.218905, 248.656941
88.540893, 250.237751
88.858834, 251.818491
89.172704, 253.399160
89.482482, 254.979762
89.788143, 256.560298
90.089666, 258.140769
90.387028, 259.721177
90.680207, 261.301523
90.969183, 262.881809
91.253934, 264.462035
91.534439, 266.042205
91.810677, 267.622318
92.082628, 269.202377
92.350273, 270.782382
92.613591, 272.362336
92.872564, 273.942238
93.127172, 275.522091
93.377397, 277.101896
93.623220, 278.681654
93.864623, 280.261366
94.101589, 281.841033
94.334100, 283.420656
94.562139, 285.000238
94.785689, 286.579778
95.004735, 288.159277
95.219260, 289.738738
95.429248, 291.318161
95.634684, 292.897547
95.835552, 294.476897
96.031839, 296.056212
96.223529, 297.635493
96.410610, 299.214741
96.593065, 300.793958
96.770884, 302.373143
96.944052, 303.952299
97.112557, 305.531425
97.276386, 307.110524
97.435528, 308.689596
97.589970, 310.268641
97.739702, 311.847661
97.884713, 313.426657
98.024991, 315.005629
98.160527, 316.584578
98.291310, 318.163506
98.417331, 319.742413
98.538582, 321.321299
98.655052, 322.900167
98.766733, 324.479016
98.873618, 326.057848
98.975698, 327.636663
99.072966, 329.215462
99.165415, 330.794246
99.253037, 332.373015
99.335827, 333.951772
99.413779, 335.530515
99.486886, 337.109247
99.555144, 338.687967
99.618547, 340.266678
99.677091, 341.845378
99.730771, 343.424070
99.779584, 345.002754
99.823526, 346.581431
99.862593, 348.160101
99.896783, 349.738766
99.926094, 351.317426
99.950523, 352.896081
99.970068, 354.474733
99.984728, 356.053383
99.994502, 357.632030
99.999389, 359.210677
99.999389, 0.789323
99.994502, 2.367970
99.984728, 3.946617
99.970068, 5.525267
99.950523, 7.103919
99.926094, 8.682574
99.896783, 10.261234
99.862593, 11.839899
99.823526, 13.418569
99.779584, 14.997246
99.730771, 16.575930
99.677091, 18.154622
99.618547, 19.733322
99.555144, 21.312033
99.486886, 22.890753
99.413779, 24.469485
99.335827, 26.048228
99.253037, 27.626985
99.165415, 29.205754
99.072966, 30.784538
98.975698, 32.363337
98.873618, 33.942152
98.766733, 35.520984
98.655052, 37.099833
98.538582, 38.678701
98.417331, 40.257587
98.291310, 41.836494
98.160527, 43.415422
98.024991, 44.994371
97.884713, 46.573343
97.739702, 48.152339
97.589970, 49.731359
97.435528, 51.310404
97.276386, 52.889476
97.112557, 54.468575
96.944052, 56.047701
96.770884, 57.626857
96.593065, 59.206042
96.410610, 60.785259
96.223529, 62.364507
96.031839, 63.943788
95.835552, 65.523103
95.634684, 67.102453
95.429248, 68.681839
95.219260, 70.261262
95.004735, 71.840723
94.785689, 73.420222
94.562139, 74.999762
94.334100, 76.579344
94.101589, 78.158967
93.864623, 79.738634
93.623220, 81.318346
93.377397, 82.898104
93.127172, 84.477909
92.872564, 86.057762
92.613591, 87.637664
92.350273, 89.217618
92.082628, 90.797623
91.810677, 92.377682
91.534439, 93.957795
91.253934, 95.537965
90.969183, 97.118191
90.680207, 98.698477
90.387028, 100.278823
90.089666, 101.859231
89.788143, 103.439702
89.482482, 105.020238
89.172704, 106.600840
88.858834, 108.181509
88.540893, 109.762249
88.218905, 111.343059
87.892894, 112.923942
87.562883, 114.504900
87.228897, 116.085934
86.890960, 117.667046
86.549097, 119.248238
86.203333, 120.829512
85.853694, 122.410869
85.500205, 123.992312
85.142892, 125.573843
84.781781, 127.155463
84.416898, 128.737175
84.048272, 130.318981
83.675928, 131.900883
83.299893, 133.482883
82.920196, 135.064984
82.536865, 136.647188
82.149927, 138.229497
81.759410, 139.811914
81.365344, 141.394442
80.967758, 142.977082
80.566680, 144.559838
80.162140, 146.142713
79.754168, 147.725709
79.342793, 149.308828
78.928046, 150.892075
78.509958, 152.475452
78.088558, 154.058962
77.663878, 155.642608
77.235950, 157.226393
76.804803, 158.810322
76.370471, 160.394397
75.932985, 161.978622
75.492377, 163.563001
75.048679, 165.147537
74.601925, 166.732234
74.152146, 168.317096
73.699376, 169.902128
73.243648, 171.487333
72.784996, 173.072716
72.323453, 174.658281
71.859053, 176.244033
71.391830, 177.829977
70.921819, 179.416117
70.449054, 181.002459
69.973570, 182.589007
69.495402, 184.175767
69.014585, 185.762745
68.531154, 187.349946
68.045145, 188.937377
67.556593, 190.525042
67.065535, 192.112949
66.572006, 193.701103
66.076043, 195.289513
65.577682, 196.878183
65.076960, 198.467122
64.573914, 200.056337
64.068581, 201.645836
63.560998, 203.235626
63.051201, 204.825715
62.539230, 206.416113
62.025121, 208.006827
61.508913, 209.597867
60.990642, 211.189243
60.470349, 212.780963
59.948070, 214.373039
59.423844, 215.965479
58.897710, 217.558297
58.369707, 219.151502
57.839873, 220.745106
57.308248, 222.339121
56.774870, 223.933561
56.239780, 225.528438
55.703016, 227.123766
55.164619, 228.719559
54.624627, 230.315831
54.083082, 231.912599
53.540022, 233.509878
52.995487, 235.107685
52.449520, 236.706037
51.902158, 238.304952
51.353444, 239.904449
50.803417, 241.504549
50.252118, 243.105271
49.699588, 244.706637
49.145869, 246.308670
48.591000, 247.911392
48.035024, 249.514830
47.477981, 251.119007
46.919913, 252.723952
46.360861, 254.329693
45.800866, 255.936258
45.239971, 257.543680
44.678218, 259.151991
44.115647, 260.761224
43.552301, 262.371416
42.988222, 263.982605
42.423452, 265.594831
41.858033, 267.208134
41.292008, 268.822560
40.725418, 270.438155
40.158307, 272.054967
39.590717, 273.673049
39.022691, 275.292454
38.454271, 276.913242
37.885500, 278.535472
37.316422, 280.159210
36.747079, 281.784524
36.177514, 283.411486
35.607770, 285.040175
35.037892, 286.670670
34.467922, 288.303061
33.897905, 289.937439
33.327883, 291.573904
32.757900, 293.212559
32.188002, 294.853519
31.618231, 296.496903
31.048632, 298.142839
30.479249, 299.791466
29.910128, 301.442930
29.341313, 303.097390
28.772848, 304.755016
28.204780, 306.415992
27.637153, 308.080515
27.070014, 309.748799
26.503409, 311.421074
25.937384, 313.097588
25.371985, 314.778614
24.807260, 316.464444
24.243258, 318.155397
23.680025, 319.851823
23.117610, 321.554102
22.556064, 323.262648
21.995436, 324.977919
21.435777, 326.700414
20.877138, 328.430686
20.319574, 330.169341
19.763137, 331.917054
19.207883, 333.674569
18.653870, 335.442716
18.101156, 337.222421
17.549801, 339.014717
16.999870, 340.820764
16.451428, 342.641868
15.904543, 344.479504
15.359290, 346.335342
14.815746, 348.211286
14.273993, 350.109509
13.734120, 352.032506
13.196224, 353.983153
12.660410, 355.964784
12.126794, 357.981283
11.595506, 0.037202
11.066691, 2.137906
10.540515, 4.289762
10.017169, 6.500378
9.496875, 8.778915
8.979895, 11.136493
8.466543, 13.586730
7.957201, 16.146454
7.452337, 18.836677
6.952538, 21.683916
6.458550, 24.722007
5.971340, 27.994646
5.492181, 31.558933
5.022784, 35.490332
4.565495, 39.889554
4.123587, 44.891764
3.701714, 50.677874
3.306573, 57.485186
2.947809, 65.607667
2.639020, 75.360195
2.398152, 86.958613
2.245603, 100.280692
2.198218, 114.626270
2.261028, 128.820025
2.423982, 141.763501
2.667415, 152.906803
2.970352, 162.236315
3.315382, 170.009509
3.689676, 176.543035
4.084245, 182.118375
4.492875, 186.958448
4.911247, 191.231968
5.336315, 195.064756
5.765894, 198.550642
6.198383, 201.760077
6.632588, 204.746514
7.067600, 207.550970
7.502716, 210.205306
7.937384, 212.734554
8.371161, 215.158603
8.803689, 217.493426
9.234671, 219.751974
9.663862, 221.944846
10.091055, 224.080794
10.516071, 226.167098
10.938757, 228.209862
11.358980, 230.214236
11.776621, 232.184598
12.191576, 234.124687
12.603751, 236.037717
13.013059, 237.926467
13.419425, 239.793345
13.822775, 241.640456
14.223045, 243.469641
14.620173, 245.282519
15.014101, 247.080522
15.404777, 248.864916
15.792148, 250.636829
16.176168, 252.397265
16.556790, 254.147124
16.933970, 255.887212
17.307667, 257.618257
17.677840, 259.340912
18.044450, 261.055772
18.407461, 262.763371
18.766836, 264.464200
19.122540, 266.158701
19.474539, 267.847281
19.822799, 269.530311
20.167290, 271.208128
20.507979, 272.881046
20.844836, 274.549350
21.177831, 276.213304
21.506935, 277.873151
21.832120, 279.529115
22.153358, 281.181404
22.470621, 282.830209
22.783882, 284.475710
23.093117, 286.118071
23.398298, 287.757447
23.699402, 289.393979
23.996402, 291.027802
24.289276, 292.659040
24.578000, 294.287808
24.862549, 295.914215
25.142902, 297.538363
25.419037, 299.160346
25.690931, 300.780253
25.958562, 302.398167
26.221911, 304.014167
26.480956, 305.628325
26.735676, 307.240712
26.986053, 308.851391
27.232067, 310.460423
27.473698, 312.067866
27.710928, 313.673773
27.943738, 315.278196
28.172112, 316.881183
28.396031, 318.482777
28.615478, 320.083023
28.830437, 321.681959
29.040890, 323.279624
29.246823, 324.876053
29.448219, 326.471281
29.645064, 328.065337
29.837341, 329.658254
30.025038, 331.250057
30.208140, 332.840775
30.386632, 334.430432
30.560502, 336.019051
30.729737, 337.606656
30.894324, 339.193265
31.054250, 340.778900
31.209504, 342.363579
31.360074, 343.947318
31.505950, 345.530134
31.647120, 347.112041
31.783573, 348.693055
31.915300, 350.273188
32.042292, 351.852452
32.164538, 353.430858
32.282030, 355.008417
32.394759, 356.585139
32.502717, 358.161032
32.605896, 359.736104
32.704289, 1.310363
32.797888, 2.883814
32.886687, 4.456464
32.970680, 6.028318
33.049860, 7.599380
33.124222, 9.169654
33.193761, 10.739142
33.258471, 12.307847
33.318349, 13.875771
33.373390, 15.442915
33.423590, 17.009279
33.468946, 18.574864
33.509455, 20.139668
33.545114, 21.703689
33.575921, 23.266927
33.601875, 24.829378
33.622973, 26.391039
33.639215, 27.951906
33.650599, 29.511975
33.657126, 31.071241
33.658796, 32.629697
33.655608, 34.187338
33.647564, 35.744156
33.634664, 37.300144
33.616911, 38.855293
33.594306, 40.409595
33.566851, 41.963039
33.534550, 43.515615
33.497404, 45.067312
33.455418, 46.618118
33.408596, 48.168021
33.356941, 49.717007
33.300458, 51.265061
33.239152, 52.812170
33.173029, 54.358315
33.102094, 55.903482
33.026354, 57.447652
32.945814, 58.990807
32.860482, 60.532926
32.770365, 62.073990
32.675471, 63.613976
32.575808, 65.152862
32.471384, 66.690624
32.362208, 68.227236
32.248289, 69.762672
32.129638, 71.296905
32.006264, 72.829905
31.878178, 74.361642
31.745391, 75.892084
31.607913, 77.421198
31.465757, 78.948948
31.318934, 80.475297
31.167458, 82.000207
31.011341, 83.523637
30.850596, 85.045544
30.685238, 86.565885
30.515281, 88.084612
30.340738, 89.601675
30.161626, 91.117024
29.977959, 92.630604
29.789755, 94.142357
29.597028, 95.652225
29.399797, 97.160143
29.198077, 98.666047
28.991889, 100.169865
28.781248, 101.671525
28.566175, 103.170949
28.346688, 104.668056
28.122808, 106.162759
27.894554, 107.654969
27.661947, 109.144589
27.425009, 110.631519
27.183762, 112.115652
26.938227, 113.596875
26.688429, 115.075068
26.434390, 116.550105
26.176135, 118.021852
25.913689, 119.490167
25.647077, 120.954900
25.376325, 122.415890
25.101461, 123.872967
24.822512, 125.325951
24.539506, 126.774648
24.252474, 128.218854
23.961444, 129.658349
23.666447, 131.092900
23.367517, 132.522257
23.064685, 133.946153
22.757986, 135.364303
22.447454, 136.776398
22.133126, 138.182111
21.815040, 139.581087
21.493234, 140.972947
21.167749, 142.357280
20.838627, 143.733645
20.505911, 145.101564
20.169648, 146.460521
19.829883, 147.809957
19.486668, 149.149266
19.140055, 150.477788
18.790097, 151.794808
18.436854, 153.099544
18.080385, 154.391142
17.720755, 155.668670
17.358032, 156.931107
16.992290, 158.177328
16.623606, 159.406100
16.252062, 160.616062
15.877749, 161.805711
15.500763, 162.973380
15.121207, 164.117224
14.739196, 165.235187
14.354853, 166.324977
13.968313, 167.384033
13.579725, 168.409481
13.189256, 169.398094
12.797086, 170.346232
12.403421, 171.249783
12.008490, 172.104083
11.612552, 172.903830
11.215899, 173.642975
10.818865, 174.314602
10.421833, 174.910776
10.025243, 175.422368
9.629606, 175.838851
9.235517, 176.148058
8.843674, 176.335900
8.454898, 176.386048
8.070163, 176.279577
7.690626, 175.994587
7.317673, 175.505829
6.952963, 174.784387
6.598490, 173.797522
6.256650, 172.508831
5.930312, 170.878991
5.622892, 168.867451
5.338404, 166.435584
5.081474, 163.551815
4.857279, 160.199058
4.671357, 156.384125
4.529261, 152.147477
4.436048, 147.570057
4.395670, 142.772950
4.410403, 137.906863
4.480502, 133.132432
4.604206, 128.597158
4.778078, 124.416773
4.997568, 120.666233
5.257603, 117.380649
5.553082, 114.562790
5.879214, 112.192956
6.231696, 110.238161
6.606782, 108.659238
7.001274, 107.415660
7.412475, 106.468444
7.838128, 105.781684
8.276346, 105.323186
8.725552, 105.064577
9.184430, 104.981106
9.651871, 105.051325
10.126943, 105.256701
10.608853, 105.581247
11.096928, 106.011170
11.590591, 106.534551
12.089342, 107.141077
12.592751, 107.821804
13.100439, 108.568951
13.612078, 109.375733
14.127374, 110.236218
14.646068, 111.145199
15.167928, 112.098097
15.692747, 113.090870
16.220336, 114.119942
16.750524, 115.182138
17.283155, 116.274632
17.818086, 117.394902
18.355185, 118.540694
18.894329, 119.709981
19.435404, 120.900945
19.978302, 122.111944
20.522925, 123.341496
21.069176, 124.588258
21.616967, 125.851012
22.166212, 127.128651
22.716829, 128.420164
23.268741, 129.724630
23.821874, 131.041206
24.376155, 132.369121
24.931515, 133.707666
25.487886, 135.056188
26.045204, 136.414088
26.603406, 137.780813
27.162429, 139.155851
27.722213, 140.538730
28.282700, 141.929012
28.843832, 143.326290
29.405553, 144.730187
29.967807, 146.140354
30.530539, 147.556462
31.093696, 148.978207
31.657225, 150.405306
32.221074, 151.837493
32.785191, 153.274520
33.349525, 154.716153
33.914027, 156.162176
34.478646, 157.612384
35.043333, 159.066584
35.608039, 160.524597
36.172716, 161.986252
36.737316, 163.451391
37.301792, 164.919861
37.866095, 166.391522
38.430179, 167.866239
38.993998, 169.343885
39.557504, 170.824340
40.120653, 172.307492
40.683398, 173.793232
41.245693, 175.281460
41.807494, 176.772079
42.368756, 178.264997
42.929433, 179.760127
43.489481, 181.257388
44.048856, 182.756700
44.607513, 184.257989
45.165408, 185.761184
45.722498, 187.266218
46.278740, 188.773025
46.834089, 190.281545
47.388502, 191.791719
47.941937, 193.303492
48.494350, 194.816809
49.045699, 196.331619
49.595941, 197.847875
50.145034, 199.365529
50.692935, 200.884537
51.239603, 202.404856
51.784996, 203.926445
52.329072, 205.449265
52.871789, 206.973279
53.413106, 208.498451
53.952982, 210.024745
54.491376, 211.552130
55.028246, 213.080573
55.563553, 214.610043
56.097255, 216.140512
56.629312, 217.671951
57.159684, 219.204333
57.688331, 220.737632
58.215213, 222.271823
58.740289, 223.806882
59.263522, 225.342786
59.784870, 226.879512
60.304295, 228.417038
60.821758, 229.955345
61.337221, 231.494411
61.850643, 233.034218
62.361987, 234.574747
62.871214, 236.115981
63.378287, 237.657901
63.883167, 239.200491
64.385816, 240.743736
64.886197, 242.287618
65.384273, 243.832124
65.880005, 245.377239
66.373358, 246.922949
66.864294, 248.469240
67.352776, 250.016099
67.838769, 251.563513
68.322235, 253.111470
68.803140, 254.659958
69.281446, 256.208966
69.757119, 257.758483
70.230123, 259.308497
70.700422, 260.858999
71.167982, 262.409978
71.632768, 263.961424
72.094745, 265.513328
72.553879, 267.065681
##END=
