##TITLE= Parameter file, TopSpin 4.3.0
##JCAMPDX= 5.0
##DATATYPE= Parameter Values
##ORIGIN= Bruker BioSpin GmbH
##OWNER= nmrsu
$$ 2024-05-22 17:42:06.194 +0100  nmrsu@4CE1161FJM
$$ C:/Bruker/TopSpin4.3.0/exp/stan/nmr/lists/wave/user/multisupp_aux_d8
$$ process C:\Bruker\TopSpin4.3.0\prog\mod\xwinshape.exe
##MINX= 16.49985600
##MAXX= 99.99953000
##MINY= 0.00419300
##MAXY= 359.99580700
##$SHAPE_ADDPHASE= 0
##$SHAPE_AMP= 99.99952957
##$SHAPE_BWFAC= 0
##$SHAPE_BWFAC50= 0
##$SHAPE_CALCBW= yes
##$SHAPE_CALCINTEG= yes
##$SHAPE_EXMODE= <Excitation>
##$SHAPE_EXPAND= <>
##$SHAPE_EXPANDCF= (0..143)
0 0 0 0 0 0 0 0 0 0 0 0 0 0 0 0 0 0 0 0 0 0 0 0 0 0 0 0 0 0 0 0 0 0 0 0
0 0 0 0 0 0 0 0 0 0 0 0 0 0 0 0 0 0 0 0 0 0 0 0 0 0 0 0 0 0 0 0 0 0 0 0
0 0 0 0 0 0 0 0 0 0 0 0 0 0 0 0 0 0 0 0 0 0 0 0 0 0 0 0 0 0 0 0 0 0 0 0
0 0 0 0 0 0 0 0 0 0 0 0 0 0 0 0 0 0 0 0 0 0 0 0 0 0 0 0 0 0 0 0 0 0 0 0
##$SHAPE_EXPFAC= 0
##$SHAPE_FRACEND= 0
##$SHAPE_FRACORG= 0
##$SHAPE_FRACSTART= 0
##$SHAPE_INTEGFAC= 0
##$SHAPE_KEEPRES= yes
##$SHAPE_LENGTH= 25000.000373
##$SHAPE_MAN= <M>
##$SHAPE_MODE= 4
##$SHAPE_MODFREQ= 0
##$SHAPE_MODPHASE= 0
##$SHAPE_MODSCALE= 0
##$SHAPE_MODSW= 0
##$SHAPE_MODSWDIR= -1
##$SHAPE_NPOINTS= 1250
##$SHAPE_OFFS= <1 4>
##$SHAPE_OFFSCOEFF= (0..95)
-160.07576 0 100 -209.7639 0 100 -227.82399 0 100 -296.32072 0 100 0 0
0 0 0 0 0 0 0 0 0 0 0 0 0 0 0 0 0 0 0 0 0 0 0 0 0 0 0 0 0 0 0 0 0 0 0 0
0 0 0 0 0 0 0 0 0 0 0 0 0 0 0 0 0 0 0 0 0 0 0 0 0 0 0 0 0 0 0 0 0 0 0 0
0 0 0 0 0 0 0 0 0 0
##$SHAPE_PARAMETER= <>
##$SHAPE_REPHFAC= 0
##$SHAPE_RES= 0
##$SHAPE_SCALEFAC= 1.0000047
##$SHAPE_SCALETYPE= 0
##$SHAPE_SPOAL= 0
##$SHAPE_SPOFFS= 0
##$SHAPE_SPOPH= 0
##$SHAPE_TOTROT= 90
##$SHAPE_TYPE= <Excitation>
##$SHAPE_USER_DEF= <>
##$SHAPE_VERSION= 2.1
##$SHL_ADDPHASE= (0..15)
0 0 0 0 0 0 0 0 0 0 0 0 0 0 0 0
##$SHL_ALIGNOFFSET= (0..15)
0 0 0 0 0 0 0 0 0 0 0 0 0 0 0 0
##$SHL_AMP= (0..15)
100 0 0 0 0 0 0 0 0 0 0 0 0 0 0 0
##$SHL_AMPFAC= (0..15)
0 0 0 0 0 0 0 0 0 0 0 0 0 0 0 0
##$SHL_BETA= (0..15)
0 0 0 0 0 0 0 0 0 0 0 0 0 0 0 0
##$SHL_BWFAC= (0..15)
1.116 0 0 0 0 0 0 0 0 0 0 0 0 0 0 0
##$SHL_CALCBW= (0..15)
yes yes yes yes yes yes yes yes yes yes yes yes yes yes yes yes
##$SHL_CALCINTEG= (0..15)
yes yes yes yes yes yes yes yes yes yes yes yes yes yes yes yes
##$SHL_CENTERAMP= (0..15)
0 0 0 0 0 0 0 0 0 0 0 0 0 0 0 0
##$SHL_CYCNUM= (0..15)
0 0 0 0 0 0 0 0 0 0 0 0 0 0 0 0
##$SHL_DIPOLCPL= (0..15)
0 0 0 0 0 0 0 0 0 0 0 0 0 0 0 0
##$SHL_ENDAMP= (0..15)
0 0 0 0 0 0 0 0 0 0 0 0 0 0 0 0
##$SHL_EXMODE= (0..15)
<Excitation> <> <> <> <> <> <> <> <> <> <> <> <> <> <> <>
##$SHL_EXPAND= (0..15)
<> <> <> <> <> <> <> <> <> <> <> <> <> <> <> <>
##$SHL_EXPANDCF0= (0..143)
0 0 0 0 0 0 0 0 0 0 0 0 0 0 0 0 0 0 0 0 0 0 0 0 0 0 0 0 0 0 0 0 0 0 0 0
0 0 0 0 0 0 0 0 0 0 0 0 0 0 0 0 0 0 0 0 0 0 0 0 0 0 0 0 0 0 0 0 0 0 0 0
0 0 0 0 0 0 0 0 0 0 0 0 0 0 0 0 0 0 0 0 0 0 0 0 0 0 0 0 0 0 0 0 0 0 0 0
0 0 0 0 0 0 0 0 0 0 0 0 0 0 0 0 0 0 0 0 0 0 0 0 0 0 0 0 0 0 0 0 0 0 0 0
##$SHL_EXPANDCF1= (0..143)
0 0 0 0 0 0 0 0 0 0 0 0 0 0 0 0 0 0 0 0 0 0 0 0 0 0 0 0 0 0 0 0 0 0 0 0
0 0 0 0 0 0 0 0 0 0 0 0 0 0 0 0 0 0 0 0 0 0 0 0 0 0 0 0 0 0 0 0 0 0 0 0
0 0 0 0 0 0 0 0 0 0 0 0 0 0 0 0 0 0 0 0 0 0 0 0 0 0 0 0 0 0 0 0 0 0 0 0
0 0 0 0 0 0 0 0 0 0 0 0 0 0 0 0 0 0 0 0 0 0 0 0 0 0 0 0 0 0 0 0 0 0 0 0
##$SHL_EXPANDCF10= (0..143)
0 0 0 0 0 0 0 0 0 0 0 0 0 0 0 0 0 0 0 0 0 0 0 0 0 0 0 0 0 0 0 0 0 0 0 0
0 0 0 0 0 0 0 0 0 0 0 0 0 0 0 0 0 0 0 0 0 0 0 0 0 0 0 0 0 0 0 0 0 0 0 0
0 0 0 0 0 0 0 0 0 0 0 0 0 0 0 0 0 0 0 0 0 0 0 0 0 0 0 0 0 0 0 0 0 0 0 0
0 0 0 0 0 0 0 0 0 0 0 0 0 0 0 0 0 0 0 0 0 0 0 0 0 0 0 0 0 0 0 0 0 0 0 0
##$SHL_EXPANDCF11= (0..143)
0 0 0 0 0 0 0 0 0 0 0 0 0 0 0 0 0 0 0 0 0 0 0 0 0 0 0 0 0 0 0 0 0 0 0 0
0 0 0 0 0 0 0 0 0 0 0 0 0 0 0 0 0 0 0 0 0 0 0 0 0 0 0 0 0 0 0 0 0 0 0 0
0 0 0 0 0 0 0 0 0 0 0 0 0 0 0 0 0 0 0 0 0 0 0 0 0 0 0 0 0 0 0 0 0 0 0 0
0 0 0 0 0 0 0 0 0 0 0 0 0 0 0 0 0 0 0 0 0 0 0 0 0 0 0 0 0 0 0 0 0 0 0 0
##$SHL_EXPANDCF12= (0..143)
0 0 0 0 0 0 0 0 0 0 0 0 0 0 0 0 0 0 0 0 0 0 0 0 0 0 0 0 0 0 0 0 0 0 0 0
0 0 0 0 0 0 0 0 0 0 0 0 0 0 0 0 0 0 0 0 0 0 0 0 0 0 0 0 0 0 0 0 0 0 0 0
0 0 0 0 0 0 0 0 0 0 0 0 0 0 0 0 0 0 0 0 0 0 0 0 0 0 0 0 0 0 0 0 0 0 0 0
0 0 0 0 0 0 0 0 0 0 0 0 0 0 0 0 0 0 0 0 0 0 0 0 0 0 0 0 0 0 0 0 0 0 0 0
##$SHL_EXPANDCF13= (0..143)
0 0 0 0 0 0 0 0 0 0 0 0 0 0 0 0 0 0 0 0 0 0 0 0 0 0 0 0 0 0 0 0 0 0 0 0
0 0 0 0 0 0 0 0 0 0 0 0 0 0 0 0 0 0 0 0 0 0 0 0 0 0 0 0 0 0 0 0 0 0 0 0
0 0 0 0 0 0 0 0 0 0 0 0 0 0 0 0 0 0 0 0 0 0 0 0 0 0 0 0 0 0 0 0 0 0 0 0
0 0 0 0 0 0 0 0 0 0 0 0 0 0 0 0 0 0 0 0 0 0 0 0 0 0 0 0 0 0 0 0 0 0 0 0
##$SHL_EXPANDCF14= (0..143)
0 0 0 0 0 0 0 0 0 0 0 0 0 0 0 0 0 0 0 0 0 0 0 0 0 0 0 0 0 0 0 0 0 0 0 0
0 0 0 0 0 0 0 0 0 0 0 0 0 0 0 0 0 0 0 0 0 0 0 0 0 0 0 0 0 0 0 0 0 0 0 0
0 0 0 0 0 0 0 0 0 0 0 0 0 0 0 0 0 0 0 0 0 0 0 0 0 0 0 0 0 0 0 0 0 0 0 0
0 0 0 0 0 0 0 0 0 0 0 0 0 0 0 0 0 0 0 0 0 0 0 0 0 0 0 0 0 0 0 0 0 0 0 0
##$SHL_EXPANDCF15= (0..143)
0 0 0 0 0 0 0 0 0 0 0 0 0 0 0 0 0 0 0 0 0 0 0 0 0 0 0 0 0 0 0 0 0 0 0 0
0 0 0 0 0 0 0 0 0 0 0 0 0 0 0 0 0 0 0 0 0 0 0 0 0 0 0 0 0 0 0 0 0 0 0 0
0 0 0 0 0 0 0 0 0 0 0 0 0 0 0 0 0 0 0 0 0 0 0 0 0 0 0 0 0 0 0 0 0 0 0 0
0 0 0 0 0 0 0 0 0 0 0 0 0 0 0 0 0 0 0 0 0 0 0 0 0 0 0 0 0 0 0 0 0 0 0 0
##$SHL_EXPANDCF2= (0..143)
0 0 0 0 0 0 0 0 0 0 0 0 0 0 0 0 0 0 0 0 0 0 0 0 0 0 0 0 0 0 0 0 0 0 0 0
0 0 0 0 0 0 0 0 0 0 0 0 0 0 0 0 0 0 0 0 0 0 0 0 0 0 0 0 0 0 0 0 0 0 0 0
0 0 0 0 0 0 0 0 0 0 0 0 0 0 0 0 0 0 0 0 0 0 0 0 0 0 0 0 0 0 0 0 0 0 0 0
0 0 0 0 0 0 0 0 0 0 0 0 0 0 0 0 0 0 0 0 0 0 0 0 0 0 0 0 0 0 0 0 0 0 0 0
##$SHL_EXPANDCF3= (0..143)
0 0 0 0 0 0 0 0 0 0 0 0 0 0 0 0 0 0 0 0 0 0 0 0 0 0 0 0 0 0 0 0 0 0 0 0
0 0 0 0 0 0 0 0 0 0 0 0 0 0 0 0 0 0 0 0 0 0 0 0 0 0 0 0 0 0 0 0 0 0 0 0
0 0 0 0 0 0 0 0 0 0 0 0 0 0 0 0 0 0 0 0 0 0 0 0 0 0 0 0 0 0 0 0 0 0 0 0
0 0 0 0 0 0 0 0 0 0 0 0 0 0 0 0 0 0 0 0 0 0 0 0 0 0 0 0 0 0 0 0 0 0 0 0
##$SHL_EXPANDCF4= (0..143)
0 0 0 0 0 0 0 0 0 0 0 0 0 0 0 0 0 0 0 0 0 0 0 0 0 0 0 0 0 0 0 0 0 0 0 0
0 0 0 0 0 0 0 0 0 0 0 0 0 0 0 0 0 0 0 0 0 0 0 0 0 0 0 0 0 0 0 0 0 0 0 0
0 0 0 0 0 0 0 0 0 0 0 0 0 0 0 0 0 0 0 0 0 0 0 0 0 0 0 0 0 0 0 0 0 0 0 0
0 0 0 0 0 0 0 0 0 0 0 0 0 0 0 0 0 0 0 0 0 0 0 0 0 0 0 0 0 0 0 0 0 0 0 0
##$SHL_EXPANDCF5= (0..143)
0 0 0 0 0 0 0 0 0 0 0 0 0 0 0 0 0 0 0 0 0 0 0 0 0 0 0 0 0 0 0 0 0 0 0 0
0 0 0 0 0 0 0 0 0 0 0 0 0 0 0 0 0 0 0 0 0 0 0 0 0 0 0 0 0 0 0 0 0 0 0 0
0 0 0 0 0 0 0 0 0 0 0 0 0 0 0 0 0 0 0 0 0 0 0 0 0 0 0 0 0 0 0 0 0 0 0 0
0 0 0 0 0 0 0 0 0 0 0 0 0 0 0 0 0 0 0 0 0 0 0 0 0 0 0 0 0 0 0 0 0 0 0 0
##$SHL_EXPANDCF6= (0..143)
0 0 0 0 0 0 0 0 0 0 0 0 0 0 0 0 0 0 0 0 0 0 0 0 0 0 0 0 0 0 0 0 0 0 0 0
0 0 0 0 0 0 0 0 0 0 0 0 0 0 0 0 0 0 0 0 0 0 0 0 0 0 0 0 0 0 0 0 0 0 0 0
0 0 0 0 0 0 0 0 0 0 0 0 0 0 0 0 0 0 0 0 0 0 0 0 0 0 0 0 0 0 0 0 0 0 0 0
0 0 0 0 0 0 0 0 0 0 0 0 0 0 0 0 0 0 0 0 0 0 0 0 0 0 0 0 0 0 0 0 0 0 0 0
##$SHL_EXPANDCF7= (0..143)
0 0 0 0 0 0 0 0 0 0 0 0 0 0 0 0 0 0 0 0 0 0 0 0 0 0 0 0 0 0 0 0 0 0 0 0
0 0 0 0 0 0 0 0 0 0 0 0 0 0 0 0 0 0 0 0 0 0 0 0 0 0 0 0 0 0 0 0 0 0 0 0
0 0 0 0 0 0 0 0 0 0 0 0 0 0 0 0 0 0 0 0 0 0 0 0 0 0 0 0 0 0 0 0 0 0 0 0
0 0 0 0 0 0 0 0 0 0 0 0 0 0 0 0 0 0 0 0 0 0 0 0 0 0 0 0 0 0 0 0 0 0 0 0
##$SHL_EXPANDCF8= (0..143)
0 0 0 0 0 0 0 0 0 0 0 0 0 0 0 0 0 0 0 0 0 0 0 0 0 0 0 0 0 0 0 0 0 0 0 0
0 0 0 0 0 0 0 0 0 0 0 0 0 0 0 0 0 0 0 0 0 0 0 0 0 0 0 0 0 0 0 0 0 0 0 0
0 0 0 0 0 0 0 0 0 0 0 0 0 0 0 0 0 0 0 0 0 0 0 0 0 0 0 0 0 0 0 0 0 0 0 0
0 0 0 0 0 0 0 0 0 0 0 0 0 0 0 0 0 0 0 0 0 0 0 0 0 0 0 0 0 0 0 0 0 0 0 0
##$SHL_EXPANDCF9= (0..143)
0 0 0 0 0 0 0 0 0 0 0 0 0 0 0 0 0 0 0 0 0 0 0 0 0 0 0 0 0 0 0 0 0 0 0 0
0 0 0 0 0 0 0 0 0 0 0 0 0 0 0 0 0 0 0 0 0 0 0 0 0 0 0 0 0 0 0 0 0 0 0 0
0 0 0 0 0 0 0 0 0 0 0 0 0 0 0 0 0 0 0 0 0 0 0 0 0 0 0 0 0 0 0 0 0 0 0 0
0 0 0 0 0 0 0 0 0 0 0 0 0 0 0 0 0 0 0 0 0 0 0 0 0 0 0 0 0 0 0 0 0 0 0 0
##$SHL_EXPFAC= (0..15)
0 0 0 0 0 0 0 0 0 0 0 0 0 0 0 0
##$SHL_FRACEND= (0..15)
0 0 0 0 0 0 0 0 0 0 0 0 0 0 0 0
##$SHL_FRACORG= (0..15)
0 0 0 0 0 0 0 0 0 0 0 0 0 0 0 0
##$SHL_FRACSTART= (0..15)
0 0 0 0 0 0 0 0 0 0 0 0 0 0 0 0
##$SHL_FULLHALF= (0..15)
0 0 0 0 0 0 0 0 0 0 0 0 0 0 0 0
##$SHL_FUNCAMP= (0..15)
100 0 0 0 0 0 0 0 0 0 0 0 0 0 0 0
##$SHL_FUNCTION= (0..15)
<Rectangle> <> <> <> <> <> <> <> <> <> <> <> <> <> <> <>
##$SHL_GCO= (0..15)
<> <> <> <> <> <> <> <> <> <> <> <> <> <> <> <>
##$SHL_GCOCOEFFS0= (0..59)
0 0 0 0 0 0 0 0 0 0 0 0 0 0 0 0 0 0 0 0 0 0 0 0 0 0 0 0 0 0 0 0 0 0 0 0
0 0 0 0 0 0 0 0 0 0 0 0 0 0 0 0 0 0 0 0 0 0 0 0
##$SHL_GCOCOEFFS1= (0..59)
0 0 0 0 0 0 0 0 0 0 0 0 0 0 0 0 0 0 0 0 0 0 0 0 0 0 0 0 0 0 0 0 0 0 0 0
0 0 0 0 0 0 0 0 0 0 0 0 0 0 0 0 0 0 0 0 0 0 0 0
##$SHL_GCOCOEFFS10= (0..59)
0 0 0 0 0 0 0 0 0 0 0 0 0 0 0 0 0 0 0 0 0 0 0 0 0 0 0 0 0 0 0 0 0 0 0 0
0 0 0 0 0 0 0 0 0 0 0 0 0 0 0 0 0 0 0 0 0 0 0 0
##$SHL_GCOCOEFFS11= (0..59)
0 0 0 0 0 0 0 0 0 0 0 0 0 0 0 0 0 0 0 0 0 0 0 0 0 0 0 0 0 0 0 0 0 0 0 0
0 0 0 0 0 0 0 0 0 0 0 0 0 0 0 0 0 0 0 0 0 0 0 0
##$SHL_GCOCOEFFS12= (0..59)
0 0 0 0 0 0 0 0 0 0 0 0 0 0 0 0 0 0 0 0 0 0 0 0 0 0 0 0 0 0 0 0 0 0 0 0
0 0 0 0 0 0 0 0 0 0 0 0 0 0 0 0 0 0 0 0 0 0 0 0
##$SHL_GCOCOEFFS13= (0..59)
0 0 0 0 0 0 0 0 0 0 0 0 0 0 0 0 0 0 0 0 0 0 0 0 0 0 0 0 0 0 0 0 0 0 0 0
0 0 0 0 0 0 0 0 0 0 0 0 0 0 0 0 0 0 0 0 0 0 0 0
##$SHL_GCOCOEFFS14= (0..59)
0 0 0 0 0 0 0 0 0 0 0 0 0 0 0 0 0 0 0 0 0 0 0 0 0 0 0 0 0 0 0 0 0 0 0 0
0 0 0 0 0 0 0 0 0 0 0 0 0 0 0 0 0 0 0 0 0 0 0 0
##$SHL_GCOCOEFFS15= (0..59)
0 0 0 0 0 0 0 0 0 0 0 0 0 0 0 0 0 0 0 0 0 0 0 0 0 0 0 0 0 0 0 0 0 0 0 0
0 0 0 0 0 0 0 0 0 0 0 0 0 0 0 0 0 0 0 0 0 0 0 0
##$SHL_GCOCOEFFS2= (0..59)
0 0 0 0 0 0 0 0 0 0 0 0 0 0 0 0 0 0 0 0 0 0 0 0 0 0 0 0 0 0 0 0 0 0 0 0
0 0 0 0 0 0 0 0 0 0 0 0 0 0 0 0 0 0 0 0 0 0 0 0
##$SHL_GCOCOEFFS3= (0..59)
0 0 0 0 0 0 0 0 0 0 0 0 0 0 0 0 0 0 0 0 0 0 0 0 0 0 0 0 0 0 0 0 0 0 0 0
0 0 0 0 0 0 0 0 0 0 0 0 0 0 0 0 0 0 0 0 0 0 0 0
##$SHL_GCOCOEFFS4= (0..59)
0 0 0 0 0 0 0 0 0 0 0 0 0 0 0 0 0 0 0 0 0 0 0 0 0 0 0 0 0 0 0 0 0 0 0 0
0 0 0 0 0 0 0 0 0 0 0 0 0 0 0 0 0 0 0 0 0 0 0 0
##$SHL_GCOCOEFFS5= (0..59)
0 0 0 0 0 0 0 0 0 0 0 0 0 0 0 0 0 0 0 0 0 0 0 0 0 0 0 0 0 0 0 0 0 0 0 0
0 0 0 0 0 0 0 0 0 0 0 0 0 0 0 0 0 0 0 0 0 0 0 0
##$SHL_GCOCOEFFS6= (0..59)
0 0 0 0 0 0 0 0 0 0 0 0 0 0 0 0 0 0 0 0 0 0 0 0 0 0 0 0 0 0 0 0 0 0 0 0
0 0 0 0 0 0 0 0 0 0 0 0 0 0 0 0 0 0 0 0 0 0 0 0
##$SHL_GCOCOEFFS7= (0..59)
0 0 0 0 0 0 0 0 0 0 0 0 0 0 0 0 0 0 0 0 0 0 0 0 0 0 0 0 0 0 0 0 0 0 0 0
0 0 0 0 0 0 0 0 0 0 0 0 0 0 0 0 0 0 0 0 0 0 0 0
##$SHL_GCOCOEFFS8= (0..59)
0 0 0 0 0 0 0 0 0 0 0 0 0 0 0 0 0 0 0 0 0 0 0 0 0 0 0 0 0 0 0 0 0 0 0 0
0 0 0 0 0 0 0 0 0 0 0 0 0 0 0 0 0 0 0 0 0 0 0 0
##$SHL_GCOCOEFFS9= (0..59)
0 0 0 0 0 0 0 0 0 0 0 0 0 0 0 0 0 0 0 0 0 0 0 0 0 0 0 0 0 0 0 0 0 0 0 0
0 0 0 0 0 0 0 0 0 0 0 0 0 0 0 0 0 0 0 0 0 0 0 0
##$SHL_INTEGFAC= (0..15)
1 0 0 0 0 0 0 0 0 0 0 0 0 0 0 0
##$SHL_LB= (0..15)
0 0 0 0 0 0 0 0 0 0 0 0 0 0 0 0
##$SHL_LEFTLIMIT= (0..15)
0 0 0 0 0 0 0 0 0 0 0 0 0 0 0 0
##$SHL_LENGTH= (0..15)
25000.000373 0 0 0 0 0 0 0 0 0 0 0 0 0 0 0
##$SHL_MAN= (0..15)
<> <> <> <> <> <> <> <> <> <> <> <> <> <> <> <>
##$SHL_MEANAMP= (0..15)
0 0 0 0 0 0 0 0 0 0 0 0 0 0 0 0
##$SHL_MODAMP= (0..15)
0 0 0 0 0 0 0 0 0 0 0 0 0 0 0 0
##$SHL_MODE= (0..15)
0 0 0 0 0 0 0 0 0 0 0 0 0 0 0 0
##$SHL_MODFREQ= (0..15)
0 0 0 0 0 0 0 0 0 0 0 0 0 0 0 0
##$SHL_MODPHASE= (0..15)
0 0 0 0 0 0 0 0 0 0 0 0 0 0 0 0
##$SHL_MODSCALE= (0..15)
0 0 0 0 0 0 0 0 0 0 0 0 0 0 0 0
##$SHL_MODSW= (0..15)
0 0 0 0 0 0 0 0 0 0 0 0 0 0 0 0
##$SHL_MODSWDIR= (0..15)
-1 -1 -1 -1 -1 -1 -1 -1 -1 -1 -1 -1 -1 -1 -1 -1
##$SHL_MU= (0..15)
0 0 0 0 0 0 0 0 0 0 0 0 0 0 0 0
##$SHL_NPOINTS= (0..15)
1250 0 0 0 0 0 0 0 0 0 0 0 0 0 0 0
##$SHL_OFFS= (0..15)
<> <> <> <> <> <> <> <> <> <> <> <> <> <> <> <>
##$SHL_OFFSCOEFF0= (0..95)
0 0 0 0 0 0 0 0 0 0 0 0 0 0 0 0 0 0 0 0 0 0 0 0 0 0 0 0 0 0 0 0 0 0 0 0
0 0 0 0 0 0 0 0 0 0 0 0 0 0 0 0 0 0 0 0 0 0 0 0 0 0 0 0 0 0 0 0 0 0 0 0
0 0 0 0 0 0 0 0 0 0 0 0 0 0 0 0 0 0 0 0 0 0 0 0
##$SHL_OFFSCOEFF1= (0..95)
0 0 0 0 0 0 0 0 0 0 0 0 0 0 0 0 0 0 0 0 0 0 0 0 0 0 0 0 0 0 0 0 0 0 0 0
0 0 0 0 0 0 0 0 0 0 0 0 0 0 0 0 0 0 0 0 0 0 0 0 0 0 0 0 0 0 0 0 0 0 0 0
0 0 0 0 0 0 0 0 0 0 0 0 0 0 0 0 0 0 0 0 0 0 0 0
##$SHL_OFFSCOEFF10= (0..95)
0 0 0 0 0 0 0 0 0 0 0 0 0 0 0 0 0 0 0 0 0 0 0 0 0 0 0 0 0 0 0 0 0 0 0 0
0 0 0 0 0 0 0 0 0 0 0 0 0 0 0 0 0 0 0 0 0 0 0 0 0 0 0 0 0 0 0 0 0 0 0 0
0 0 0 0 0 0 0 0 0 0 0 0 0 0 0 0 0 0 0 0 0 0 0 0
##$SHL_OFFSCOEFF11= (0..95)
0 0 0 0 0 0 0 0 0 0 0 0 0 0 0 0 0 0 0 0 0 0 0 0 0 0 0 0 0 0 0 0 0 0 0 0
0 0 0 0 0 0 0 0 0 0 0 0 0 0 0 0 0 0 0 0 0 0 0 0 0 0 0 0 0 0 0 0 0 0 0 0
0 0 0 0 0 0 0 0 0 0 0 0 0 0 0 0 0 0 0 0 0 0 0 0
##$SHL_OFFSCOEFF12= (0..95)
0 0 0 0 0 0 0 0 0 0 0 0 0 0 0 0 0 0 0 0 0 0 0 0 0 0 0 0 0 0 0 0 0 0 0 0
0 0 0 0 0 0 0 0 0 0 0 0 0 0 0 0 0 0 0 0 0 0 0 0 0 0 0 0 0 0 0 0 0 0 0 0
0 0 0 0 0 0 0 0 0 0 0 0 0 0 0 0 0 0 0 0 0 0 0 0
##$SHL_OFFSCOEFF13= (0..95)
0 0 0 0 0 0 0 0 0 0 0 0 0 0 0 0 0 0 0 0 0 0 0 0 0 0 0 0 0 0 0 0 0 0 0 0
0 0 0 0 0 0 0 0 0 0 0 0 0 0 0 0 0 0 0 0 0 0 0 0 0 0 0 0 0 0 0 0 0 0 0 0
0 0 0 0 0 0 0 0 0 0 0 0 0 0 0 0 0 0 0 0 0 0 0 0
##$SHL_OFFSCOEFF14= (0..95)
0 0 0 0 0 0 0 0 0 0 0 0 0 0 0 0 0 0 0 0 0 0 0 0 0 0 0 0 0 0 0 0 0 0 0 0
0 0 0 0 0 0 0 0 0 0 0 0 0 0 0 0 0 0 0 0 0 0 0 0 0 0 0 0 0 0 0 0 0 0 0 0
0 0 0 0 0 0 0 0 0 0 0 0 0 0 0 0 0 0 0 0 0 0 0 0
##$SHL_OFFSCOEFF15= (0..95)
0 0 0 0 0 0 0 0 0 0 0 0 0 0 0 0 0 0 0 0 0 0 0 0 0 0 0 0 0 0 0 0 0 0 0 0
0 0 0 0 0 0 0 0 0 0 0 0 0 0 0 0 0 0 0 0 0 0 0 0 0 0 0 0 0 0 0 0 0 0 0 0
0 0 0 0 0 0 0 0 0 0 0 0 0 0 0 0 0 0 0 0 0 0 0 0
##$SHL_OFFSCOEFF2= (0..95)
0 0 0 0 0 0 0 0 0 0 0 0 0 0 0 0 0 0 0 0 0 0 0 0 0 0 0 0 0 0 0 0 0 0 0 0
0 0 0 0 0 0 0 0 0 0 0 0 0 0 0 0 0 0 0 0 0 0 0 0 0 0 0 0 0 0 0 0 0 0 0 0
0 0 0 0 0 0 0 0 0 0 0 0 0 0 0 0 0 0 0 0 0 0 0 0
##$SHL_OFFSCOEFF3= (0..95)
0 0 0 0 0 0 0 0 0 0 0 0 0 0 0 0 0 0 0 0 0 0 0 0 0 0 0 0 0 0 0 0 0 0 0 0
0 0 0 0 0 0 0 0 0 0 0 0 0 0 0 0 0 0 0 0 0 0 0 0 0 0 0 0 0 0 0 0 0 0 0 0
0 0 0 0 0 0 0 0 0 0 0 0 0 0 0 0 0 0 0 0 0 0 0 0
##$SHL_OFFSCOEFF4= (0..95)
0 0 0 0 0 0 0 0 0 0 0 0 0 0 0 0 0 0 0 0 0 0 0 0 0 0 0 0 0 0 0 0 0 0 0 0
0 0 0 0 0 0 0 0 0 0 0 0 0 0 0 0 0 0 0 0 0 0 0 0 0 0 0 0 0 0 0 0 0 0 0 0
0 0 0 0 0 0 0 0 0 0 0 0 0 0 0 0 0 0 0 0 0 0 0 0
##$SHL_OFFSCOEFF5= (0..95)
0 0 0 0 0 0 0 0 0 0 0 0 0 0 0 0 0 0 0 0 0 0 0 0 0 0 0 0 0 0 0 0 0 0 0 0
0 0 0 0 0 0 0 0 0 0 0 0 0 0 0 0 0 0 0 0 0 0 0 0 0 0 0 0 0 0 0 0 0 0 0 0
0 0 0 0 0 0 0 0 0 0 0 0 0 0 0 0 0 0 0 0 0 0 0 0
##$SHL_OFFSCOEFF6= (0..95)
0 0 0 0 0 0 0 0 0 0 0 0 0 0 0 0 0 0 0 0 0 0 0 0 0 0 0 0 0 0 0 0 0 0 0 0
0 0 0 0 0 0 0 0 0 0 0 0 0 0 0 0 0 0 0 0 0 0 0 0 0 0 0 0 0 0 0 0 0 0 0 0
0 0 0 0 0 0 0 0 0 0 0 0 0 0 0 0 0 0 0 0 0 0 0 0
##$SHL_OFFSCOEFF7= (0..95)
0 0 0 0 0 0 0 0 0 0 0 0 0 0 0 0 0 0 0 0 0 0 0 0 0 0 0 0 0 0 0 0 0 0 0 0
0 0 0 0 0 0 0 0 0 0 0 0 0 0 0 0 0 0 0 0 0 0 0 0 0 0 0 0 0 0 0 0 0 0 0 0
0 0 0 0 0 0 0 0 0 0 0 0 0 0 0 0 0 0 0 0 0 0 0 0
##$SHL_OFFSCOEFF8= (0..95)
0 0 0 0 0 0 0 0 0 0 0 0 0 0 0 0 0 0 0 0 0 0 0 0 0 0 0 0 0 0 0 0 0 0 0 0
0 0 0 0 0 0 0 0 0 0 0 0 0 0 0 0 0 0 0 0 0 0 0 0 0 0 0 0 0 0 0 0 0 0 0 0
0 0 0 0 0 0 0 0 0 0 0 0 0 0 0 0 0 0 0 0 0 0 0 0
##$SHL_OFFSCOEFF9= (0..95)
0 0 0 0 0 0 0 0 0 0 0 0 0 0 0 0 0 0 0 0 0 0 0 0 0 0 0 0 0 0 0 0 0 0 0 0
0 0 0 0 0 0 0 0 0 0 0 0 0 0 0 0 0 0 0 0 0 0 0 0 0 0 0 0 0 0 0 0 0 0 0 0
0 0 0 0 0 0 0 0 0 0 0 0 0 0 0 0 0 0 0 0 0 0 0 0
##$SHL_PHASE= (0..15)
0 0 0 0 0 0 0 0 0 0 0 0 0 0 0 0
##$SHL_PHASEFAC= (0..15)
0 0 0 0 0 0 0 0 0 0 0 0 0 0 0 0
##$SHL_POWERINDEX= (0..15)
0 0 0 0 0 0 0 0 0 0 0 0 0 0 0 0
##$SHL_QUADCOEFF= (0..15)
0 0 0 0 0 0 0 0 0 0 0 0 0 0 0 0
##$SHL_RIGHTLIMIT= (0..15)
0 0 0 0 0 0 0 0 0 0 0 0 0 0 0 0
##$SHL_SCALEFACTOR= (0..15)
1 1 1 1 1 1 1 1 1 1 1 1 1 1 1 1
##$SHL_SF= (0..15)
<> <> <> <> <> <> <> <> <> <> <> <> <> <> <> <>
##$SHL_SFCOEFFS0= (0..200)
0 0 0 0 0 0 0 0 0 0 0 0 0 0 0 0 0 0 0 0 0 0 0 0 0 0 0 0 0 0 0 0 0 0 0 0
0 0 0 0 0 0 0 0 0 0 0 0 0 0 0 0 0 0 0 0 0 0 0 0 0 0 0 0 0 0 0 0 0 0 0 0
0 0 0 0 0 0 0 0 0 0 0 0 0 0 0 0 0 0 0 0 0 0 0 0 0 0 0 0 0 0 0 0 0 0 0 0
0 0 0 0 0 0 0 0 0 0 0 0 0 0 0 0 0 0 0 0 0 0 0 0 0 0 0 0 0 0 0 0 0 0 0 0
0 0 0 0 0 0 0 0 0 0 0 0 0 0 0 0 0 0 0 0 0 0 0 0 0 0 0 0 0 0 0 0 0 0 0 0
0 0 0 0 0 0 0 0 0 0 0 0 0 0 0 0 0 0 0 0 0
##$SHL_SFCOEFFS1= (0..200)
0 0 0 0 0 0 0 0 0 0 0 0 0 0 0 0 0 0 0 0 0 0 0 0 0 0 0 0 0 0 0 0 0 0 0 0
0 0 0 0 0 0 0 0 0 0 0 0 0 0 0 0 0 0 0 0 0 0 0 0 0 0 0 0 0 0 0 0 0 0 0 0
0 0 0 0 0 0 0 0 0 0 0 0 0 0 0 0 0 0 0 0 0 0 0 0 0 0 0 0 0 0 0 0 0 0 0 0
0 0 0 0 0 0 0 0 0 0 0 0 0 0 0 0 0 0 0 0 0 0 0 0 0 0 0 0 0 0 0 0 0 0 0 0
0 0 0 0 0 0 0 0 0 0 0 0 0 0 0 0 0 0 0 0 0 0 0 0 0 0 0 0 0 0 0 0 0 0 0 0
0 0 0 0 0 0 0 0 0 0 0 0 0 0 0 0 0 0 0 0 0
##$SHL_SFCOEFFS10= (0..200)
0 0 0 0 0 0 0 0 0 0 0 0 0 0 0 0 0 0 0 0 0 0 0 0 0 0 0 0 0 0 0 0 0 0 0 0
0 0 0 0 0 0 0 0 0 0 0 0 0 0 0 0 0 0 0 0 0 0 0 0 0 0 0 0 0 0 0 0 0 0 0 0
0 0 0 0 0 0 0 0 0 0 0 0 0 0 0 0 0 0 0 0 0 0 0 0 0 0 0 0 0 0 0 0 0 0 0 0
0 0 0 0 0 0 0 0 0 0 0 0 0 0 0 0 0 0 0 0 0 0 0 0 0 0 0 0 0 0 0 0 0 0 0 0
0 0 0 0 0 0 0 0 0 0 0 0 0 0 0 0 0 0 0 0 0 0 0 0 0 0 0 0 0 0 0 0 0 0 0 0
0 0 0 0 0 0 0 0 0 0 0 0 0 0 0 0 0 0 0 0 0
##$SHL_SFCOEFFS11= (0..200)
0 0 0 0 0 0 0 0 0 0 0 0 0 0 0 0 0 0 0 0 0 0 0 0 0 0 0 0 0 0 0 0 0 0 0 0
0 0 0 0 0 0 0 0 0 0 0 0 0 0 0 0 0 0 0 0 0 0 0 0 0 0 0 0 0 0 0 0 0 0 0 0
0 0 0 0 0 0 0 0 0 0 0 0 0 0 0 0 0 0 0 0 0 0 0 0 0 0 0 0 0 0 0 0 0 0 0 0
0 0 0 0 0 0 0 0 0 0 0 0 0 0 0 0 0 0 0 0 0 0 0 0 0 0 0 0 0 0 0 0 0 0 0 0
0 0 0 0 0 0 0 0 0 0 0 0 0 0 0 0 0 0 0 0 0 0 0 0 0 0 0 0 0 0 0 0 0 0 0 0
0 0 0 0 0 0 0 0 0 0 0 0 0 0 0 0 0 0 0 0 0
##$SHL_SFCOEFFS12= (0..200)
0 0 0 0 0 0 0 0 0 0 0 0 0 0 0 0 0 0 0 0 0 0 0 0 0 0 0 0 0 0 0 0 0 0 0 0
0 0 0 0 0 0 0 0 0 0 0 0 0 0 0 0 0 0 0 0 0 0 0 0 0 0 0 0 0 0 0 0 0 0 0 0
0 0 0 0 0 0 0 0 0 0 0 0 0 0 0 0 0 0 0 0 0 0 0 0 0 0 0 0 0 0 0 0 0 0 0 0
0 0 0 0 0 0 0 0 0 0 0 0 0 0 0 0 0 0 0 0 0 0 0 0 0 0 0 0 0 0 0 0 0 0 0 0
0 0 0 0 0 0 0 0 0 0 0 0 0 0 0 0 0 0 0 0 0 0 0 0 0 0 0 0 0 0 0 0 0 0 0 0
0 0 0 0 0 0 0 0 0 0 0 0 0 0 0 0 0 0 0 0 0
##$SHL_SFCOEFFS13= (0..200)
0 0 0 0 0 0 0 0 0 0 0 0 0 0 0 0 0 0 0 0 0 0 0 0 0 0 0 0 0 0 0 0 0 0 0 0
0 0 0 0 0 0 0 0 0 0 0 0 0 0 0 0 0 0 0 0 0 0 0 0 0 0 0 0 0 0 0 0 0 0 0 0
0 0 0 0 0 0 0 0 0 0 0 0 0 0 0 0 0 0 0 0 0 0 0 0 0 0 0 0 0 0 0 0 0 0 0 0
0 0 0 0 0 0 0 0 0 0 0 0 0 0 0 0 0 0 0 0 0 0 0 0 0 0 0 0 0 0 0 0 0 0 0 0
0 0 0 0 0 0 0 0 0 0 0 0 0 0 0 0 0 0 0 0 0 0 0 0 0 0 0 0 0 0 0 0 0 0 0 0
0 0 0 0 0 0 0 0 0 0 0 0 0 0 0 0 0 0 0 0 0
##$SHL_SFCOEFFS14= (0..200)
0 0 0 0 0 0 0 0 0 0 0 0 0 0 0 0 0 0 0 0 0 0 0 0 0 0 0 0 0 0 0 0 0 0 0 0
0 0 0 0 0 0 0 0 0 0 0 0 0 0 0 0 0 0 0 0 0 0 0 0 0 0 0 0 0 0 0 0 0 0 0 0
0 0 0 0 0 0 0 0 0 0 0 0 0 0 0 0 0 0 0 0 0 0 0 0 0 0 0 0 0 0 0 0 0 0 0 0
0 0 0 0 0 0 0 0 0 0 0 0 0 0 0 0 0 0 0 0 0 0 0 0 0 0 0 0 0 0 0 0 0 0 0 0
0 0 0 0 0 0 0 0 0 0 0 0 0 0 0 0 0 0 0 0 0 0 0 0 0 0 0 0 0 0 0 0 0 0 0 0
0 0 0 0 0 0 0 0 0 0 0 0 0 0 0 0 0 0 0 0 0
##$SHL_SFCOEFFS15= (0..200)
0 0 0 0 0 0 0 0 0 0 0 0 0 0 0 0 0 0 0 0 0 0 0 0 0 0 0 0 0 0 0 0 0 0 0 0
0 0 0 0 0 0 0 0 0 0 0 0 0 0 0 0 0 0 0 0 0 0 0 0 0 0 0 0 0 0 0 0 0 0 0 0
0 0 0 0 0 0 0 0 0 0 0 0 0 0 0 0 0 0 0 0 0 0 0 0 0 0 0 0 0 0 0 0 0 0 0 0
0 0 0 0 0 0 0 0 0 0 0 0 0 0 0 0 0 0 0 0 0 0 0 0 0 0 0 0 0 0 0 0 0 0 0 0
0 0 0 0 0 0 0 0 0 0 0 0 0 0 0 0 0 0 0 0 0 0 0 0 0 0 0 0 0 0 0 0 0 0 0 0
0 0 0 0 0 0 0 0 0 0 0 0 0 0 0 0 0 0 0 0 0
##$SHL_SFCOEFFS2= (0..200)
0 0 0 0 0 0 0 0 0 0 0 0 0 0 0 0 0 0 0 0 0 0 0 0 0 0 0 0 0 0 0 0 0 0 0 0
0 0 0 0 0 0 0 0 0 0 0 0 0 0 0 0 0 0 0 0 0 0 0 0 0 0 0 0 0 0 0 0 0 0 0 0
0 0 0 0 0 0 0 0 0 0 0 0 0 0 0 0 0 0 0 0 0 0 0 0 0 0 0 0 0 0 0 0 0 0 0 0
0 0 0 0 0 0 0 0 0 0 0 0 0 0 0 0 0 0 0 0 0 0 0 0 0 0 0 0 0 0 0 0 0 0 0 0
0 0 0 0 0 0 0 0 0 0 0 0 0 0 0 0 0 0 0 0 0 0 0 0 0 0 0 0 0 0 0 0 0 0 0 0
0 0 0 0 0 0 0 0 0 0 0 0 0 0 0 0 0 0 0 0 0
##$SHL_SFCOEFFS3= (0..200)
0 0 0 0 0 0 0 0 0 0 0 0 0 0 0 0 0 0 0 0 0 0 0 0 0 0 0 0 0 0 0 0 0 0 0 0
0 0 0 0 0 0 0 0 0 0 0 0 0 0 0 0 0 0 0 0 0 0 0 0 0 0 0 0 0 0 0 0 0 0 0 0
0 0 0 0 0 0 0 0 0 0 0 0 0 0 0 0 0 0 0 0 0 0 0 0 0 0 0 0 0 0 0 0 0 0 0 0
0 0 0 0 0 0 0 0 0 0 0 0 0 0 0 0 0 0 0 0 0 0 0 0 0 0 0 0 0 0 0 0 0 0 0 0
0 0 0 0 0 0 0 0 0 0 0 0 0 0 0 0 0 0 0 0 0 0 0 0 0 0 0 0 0 0 0 0 0 0 0 0
0 0 0 0 0 0 0 0 0 0 0 0 0 0 0 0 0 0 0 0 0
##$SHL_SFCOEFFS4= (0..200)
0 0 0 0 0 0 0 0 0 0 0 0 0 0 0 0 0 0 0 0 0 0 0 0 0 0 0 0 0 0 0 0 0 0 0 0
0 0 0 0 0 0 0 0 0 0 0 0 0 0 0 0 0 0 0 0 0 0 0 0 0 0 0 0 0 0 0 0 0 0 0 0
0 0 0 0 0 0 0 0 0 0 0 0 0 0 0 0 0 0 0 0 0 0 0 0 0 0 0 0 0 0 0 0 0 0 0 0
0 0 0 0 0 0 0 0 0 0 0 0 0 0 0 0 0 0 0 0 0 0 0 0 0 0 0 0 0 0 0 0 0 0 0 0
0 0 0 0 0 0 0 0 0 0 0 0 0 0 0 0 0 0 0 0 0 0 0 0 0 0 0 0 0 0 0 0 0 0 0 0
0 0 0 0 0 0 0 0 0 0 0 0 0 0 0 0 0 0 0 0 0
##$SHL_SFCOEFFS5= (0..200)
0 0 0 0 0 0 0 0 0 0 0 0 0 0 0 0 0 0 0 0 0 0 0 0 0 0 0 0 0 0 0 0 0 0 0 0
0 0 0 0 0 0 0 0 0 0 0 0 0 0 0 0 0 0 0 0 0 0 0 0 0 0 0 0 0 0 0 0 0 0 0 0
0 0 0 0 0 0 0 0 0 0 0 0 0 0 0 0 0 0 0 0 0 0 0 0 0 0 0 0 0 0 0 0 0 0 0 0
0 0 0 0 0 0 0 0 0 0 0 0 0 0 0 0 0 0 0 0 0 0 0 0 0 0 0 0 0 0 0 0 0 0 0 0
0 0 0 0 0 0 0 0 0 0 0 0 0 0 0 0 0 0 0 0 0 0 0 0 0 0 0 0 0 0 0 0 0 0 0 0
0 0 0 0 0 0 0 0 0 0 0 0 0 0 0 0 0 0 0 0 0
##$SHL_SFCOEFFS6= (0..200)
0 0 0 0 0 0 0 0 0 0 0 0 0 0 0 0 0 0 0 0 0 0 0 0 0 0 0 0 0 0 0 0 0 0 0 0
0 0 0 0 0 0 0 0 0 0 0 0 0 0 0 0 0 0 0 0 0 0 0 0 0 0 0 0 0 0 0 0 0 0 0 0
0 0 0 0 0 0 0 0 0 0 0 0 0 0 0 0 0 0 0 0 0 0 0 0 0 0 0 0 0 0 0 0 0 0 0 0
0 0 0 0 0 0 0 0 0 0 0 0 0 0 0 0 0 0 0 0 0 0 0 0 0 0 0 0 0 0 0 0 0 0 0 0
0 0 0 0 0 0 0 0 0 0 0 0 0 0 0 0 0 0 0 0 0 0 0 0 0 0 0 0 0 0 0 0 0 0 0 0
0 0 0 0 0 0 0 0 0 0 0 0 0 0 0 0 0 0 0 0 0
##$SHL_SFCOEFFS7= (0..200)
0 0 0 0 0 0 0 0 0 0 0 0 0 0 0 0 0 0 0 0 0 0 0 0 0 0 0 0 0 0 0 0 0 0 0 0
0 0 0 0 0 0 0 0 0 0 0 0 0 0 0 0 0 0 0 0 0 0 0 0 0 0 0 0 0 0 0 0 0 0 0 0
0 0 0 0 0 0 0 0 0 0 0 0 0 0 0 0 0 0 0 0 0 0 0 0 0 0 0 0 0 0 0 0 0 0 0 0
0 0 0 0 0 0 0 0 0 0 0 0 0 0 0 0 0 0 0 0 0 0 0 0 0 0 0 0 0 0 0 0 0 0 0 0
0 0 0 0 0 0 0 0 0 0 0 0 0 0 0 0 0 0 0 0 0 0 0 0 0 0 0 0 0 0 0 0 0 0 0 0
0 0 0 0 0 0 0 0 0 0 0 0 0 0 0 0 0 0 0 0 0
##$SHL_SFCOEFFS8= (0..200)
0 0 0 0 0 0 0 0 0 0 0 0 0 0 0 0 0 0 0 0 0 0 0 0 0 0 0 0 0 0 0 0 0 0 0 0
0 0 0 0 0 0 0 0 0 0 0 0 0 0 0 0 0 0 0 0 0 0 0 0 0 0 0 0 0 0 0 0 0 0 0 0
0 0 0 0 0 0 0 0 0 0 0 0 0 0 0 0 0 0 0 0 0 0 0 0 0 0 0 0 0 0 0 0 0 0 0 0
0 0 0 0 0 0 0 0 0 0 0 0 0 0 0 0 0 0 0 0 0 0 0 0 0 0 0 0 0 0 0 0 0 0 0 0
0 0 0 0 0 0 0 0 0 0 0 0 0 0 0 0 0 0 0 0 0 0 0 0 0 0 0 0 0 0 0 0 0 0 0 0
0 0 0 0 0 0 0 0 0 0 0 0 0 0 0 0 0 0 0 0 0
##$SHL_SFCOEFFS9= (0..200)
0 0 0 0 0 0 0 0 0 0 0 0 0 0 0 0 0 0 0 0 0 0 0 0 0 0 0 0 0 0 0 0 0 0 0 0
0 0 0 0 0 0 0 0 0 0 0 0 0 0 0 0 0 0 0 0 0 0 0 0 0 0 0 0 0 0 0 0 0 0 0 0
0 0 0 0 0 0 0 0 0 0 0 0 0 0 0 0 0 0 0 0 0 0 0 0 0 0 0 0 0 0 0 0 0 0 0 0
0 0 0 0 0 0 0 0 0 0 0 0 0 0 0 0 0 0 0 0 0 0 0 0 0 0 0 0 0 0 0 0 0 0 0 0
0 0 0 0 0 0 0 0 0 0 0 0 0 0 0 0 0 0 0 0 0 0 0 0 0 0 0 0 0 0 0 0 0 0 0 0
0 0 0 0 0 0 0 0 0 0 0 0 0 0 0 0 0 0 0 0 0
##$SHL_SMOOTHED= (0..15)
0 0 0 0 0 0 0 0 0 0 0 0 0 0 0 0
##$SHL_SMOOTHING= (0..15)
0 0 0 0 0 0 0 0 0 0 0 0 0 0 0 0
##$SHL_SPOAL= (0..15)
0 0 0 0 0 0 0 0 0 0 0 0 0 0 0 0
##$SHL_SPOFFS= (0..15)
0 0 0 0 0 0 0 0 0 0 0 0 0 0 0 0
##$SHL_SPOPH= (0..15)
0 0 0 0 0 0 0 0 0 0 0 0 0 0 0 0
##$SHL_STARTAMP= (0..15)
0 0 0 0 0 0 0 0 0 0 0 0 0 0 0 0
##$SHL_SW= (0..15)
0 0 0 0 0 0 0 0 0 0 0 0 0 0 0 0
##$SHL_SWDIR= (0..15)
-1 -1 -1 -1 -1 -1 -1 -1 -1 -1 -1 -1 -1 -1 -1 -1
##$SHL_TANKAPPA= (0..15)
0 0 0 0 0 0 0 0 0 0 0 0 0 0 0 0
##$SHL_TOTROT= (0..15)
90 0 0 0 0 0 0 0 0 0 0 0 0 0 0 0
##$SHL_TRUNCLEV= (0..15)
0 0 0 0 0 0 0 0 0 0 0 0 0 0 0 0
##$SHL_TYPE= (0..15)
<Excitation> <> <> <> <> <> <> <> <> <> <> <> <> <> <> <>
##$SHL_WINDOWSIZE= (0..15)
0 0 0 0 0 0 0 0 0 0 0 0 0 0 0 0
##$SHL_ZETA= (0..15)
0 0 0 0 0 0 0 0 0 0 0 0 0 0 0 0
##NPOINTS= 1250
##XYPOINTS= (XY..XY)
63.090633, 77.810711
62.823504, 79.553251
62.554540, 81.297337
62.283768, 83.042988
62.011220, 84.790226
61.736925, 86.539070
61.460913, 88.289542
61.183216, 90.041663
60.903862, 91.795454
60.622885, 93.550938
60.340315, 95.308138
60.056182, 97.067077
59.770521, 98.827778
59.483361, 100.590265
59.194735, 102.354564
58.904677, 104.120697
58.613218, 105.888693
58.320392, 107.658575
58.026231, 109.430370
57.730770, 111.204106
57.434041, 112.979809
57.136080, 114.757508
56.836919, 116.537231
56.536595, 118.319007
56.235140, 120.102865
55.932591, 121.888835
55.628982, 123.676949
55.324349, 125.467236
55.018727, 127.259730
54.712154, 129.054462
54.404664, 130.851464
54.096294, 132.650771
53.787081, 134.452417
53.477062, 136.256435
53.166275, 138.062862
52.854756, 139.871734
52.542543, 141.683086
52.229675, 143.496956
51.916190, 145.313382
51.602126, 147.132402
51.287522, 148.954055
50.972418, 150.778382
50.656851, 152.605422
50.340863, 154.435216
50.024493, 156.267807
49.707781, 158.103236
49.390767, 159.941547
49.073493, 161.782784
48.755998, 163.626991
48.438325, 165.474213
48.120514, 167.324497
47.802609, 169.177888
47.484649, 171.034434
47.166679, 172.894182
46.848740, 174.757183
46.530875, 176.623484
46.213128, 178.493136
45.895542, 180.366189
45.578161, 182.242695
45.261029, 184.122706
44.944189, 186.006274
44.627687, 187.893453
44.311567, 189.784296
43.995875, 191.678859
43.680656, 193.577195
43.365955, 195.479361
43.051819, 197.385414
42.738294, 199.295409
42.425426, 201.209404
42.113262, 203.127457
41.801850, 205.049626
41.491236, 206.975970
41.181469, 208.906548
40.872596, 210.841419
40.564665, 212.780643
40.257725, 214.724280
39.951825, 216.672390
39.647014, 218.625033
39.343340, 220.582270
39.040853, 222.544162
38.739603, 224.510768
38.439640, 226.482150
38.141014, 228.458368
37.843775, 230.439481
37.547975, 232.425550
37.253663, 234.416633
36.960890, 236.412790
36.669709, 238.414079
36.380169, 240.420558
36.092324, 242.432283
35.806223, 244.449311
35.521919, 246.471695
35.239464, 248.499491
34.958910, 250.532750
34.680308, 252.571523
34.403710, 254.615860
34.129169, 256.665809
33.856736, 258.721415
33.586464, 260.782723
33.318405, 262.849774
33.052609, 264.922607
32.789130, 267.001259
32.528018, 269.085764
32.269325, 271.176154
32.013102, 273.272455
31.759399, 275.374693
31.508269, 277.482889
31.259760, 279.597060
31.013922, 281.717219
30.770806, 283.843376
30.530459, 285.975535
30.292931, 288.113696
30.058269, 290.257854
29.826521, 292.408001
29.597732, 294.564120
29.371949, 296.726190
29.149216, 298.894187
28.929578, 301.068076
28.713077, 303.247819
28.499756, 305.433372
28.289656, 307.624682
28.082817, 309.821692
27.879276, 312.024336
27.679072, 314.232540
27.482241, 316.446226
27.288816, 318.665306
27.098832, 320.889685
26.912319, 323.119260
26.729308, 325.353921
26.549826, 327.593549
26.373899, 329.838017
26.201552, 332.087192
26.032808, 334.340931
25.867687, 336.599082
25.706206, 338.861489
25.548383, 341.127984
25.394230, 343.398393
25.243760, 345.672534
25.096982, 347.950218
24.953902, 350.231248
24.814525, 352.515419
24.678852, 354.802521
24.546884, 357.092336
24.418615, 359.384639
24.294042, 1.679201
24.173153, 3.975785
24.055940, 6.274150
23.942386, 8.574050
23.832475, 10.875233
23.726189, 13.177445
23.623503, 15.480426
23.524394, 17.783915
23.428834, 20.087647
23.336791, 22.391356
23.248232, 24.694771
23.163123, 26.997625
23.081423, 29.299646
23.003093, 31.600563
22.928088, 33.900107
22.856363, 36.198009
22.787868, 38.494000
22.722553, 40.787814
22.660365, 43.079188
22.601248, 45.367862
22.545145, 47.653579
22.491996, 49.936084
22.441740, 52.215130
22.394313, 54.490471
22.349650, 56.761868
22.307684, 59.029087
22.268348, 61.291900
22.231570, 63.550086
22.197281, 65.803427
22.165407, 68.051714
22.135875, 70.294745
22.108610, 72.532325
22.083536, 74.764264
22.060578, 76.990382
22.039658, 79.210504
22.020698, 81.424465
22.003620, 83.632103
21.988346, 85.833269
21.974795, 88.027818
21.962890, 90.215613
21.952550, 92.396525
21.943697, 94.570431
21.936250, 96.737217
21.930131, 98.896775
21.925261, 101.049004
21.921561, 103.193809
21.918952, 105.331104
21.917357, 107.460807
21.916699, 109.582844
21.916901, 111.697145
21.917887, 113.803648
21.919581, 115.902295
21.921908, 117.993035
21.924796, 120.075820
21.928172, 122.150609
21.931962, 124.217365
21.936097, 126.276054
21.940507, 128.326649
21.945122, 130.369124
21.949875, 132.403459
21.954699, 134.429637
21.959528, 136.447642
21.964299, 138.457465
21.968948, 140.459095
21.973413, 142.452528
21.977633, 144.437760
21.981549, 146.414789
21.985104, 148.383614
21.988239, 150.344239
21.990901, 152.296667
21.993033, 154.240901
21.994585, 156.176947
21.995504, 158.104811
21.995739, 160.024501
21.995243, 161.936024
21.993968, 163.839387
21.991868, 165.734599
21.988899, 167.621666
21.985016, 169.500596
21.980178, 171.371396
21.974346, 173.234072
21.967479, 175.088631
21.959540, 176.935077
21.950493, 178.773414
21.940302, 180.603644
21.928935, 182.425770
21.916360, 184.239791
21.902545, 186.045706
21.887461, 187.843512
21.871082, 189.633204
21.853379, 191.414776
21.834328, 193.188218
21.813906, 194.953520
21.792090, 196.710670
21.768860, 198.459652
21.744196, 200.200449
21.718080, 201.933041
21.690496, 203.657404
21.661429, 205.373514
21.630865, 207.081342
21.598793, 208.780859
21.565201, 210.472029
21.530080, 212.154816
21.493424, 213.829180
21.455224, 215.495077
21.415478, 217.152461
21.374182, 218.801283
21.331333, 220.441488
21.286934, 222.073020
21.240983, 223.695819
21.193486, 225.309819
21.144447, 226.914954
21.093872, 228.511151
21.041769, 230.098334
20.988148, 231.676425
20.933020, 233.245339
20.876399, 234.804988
20.818300, 236.355281
20.758739, 237.896121
20.697736, 239.427409
20.635309, 240.949039
20.571483, 242.460902
20.506280, 243.962886
20.439728, 245.454872
20.371855, 246.936739
20.302690, 248.408359
20.232267, 249.869602
20.160619, 251.320333
20.087784, 252.760411
20.013801, 254.189693
19.938711, 255.608030
19.862557, 257.015270
19.785385, 258.411256
19.707244, 259.795828
19.628185, 261.168820
19.548262, 262.530064
19.467529, 263.879389
19.386047, 265.216618
19.303877, 266.541574
19.221083, 267.854075
19.137732, 269.153936
19.053895, 270.440973
18.969644, 271.714995
18.885056, 272.975814
18.800210, 274.223239
18.715188, 275.457079
18.630076, 276.677142
18.544963, 277.883239
18.459941, 279.075181
18.375106, 280.252779
18.290556, 281.415851
18.206394, 282.564217
18.122726, 283.697700
18.039662, 284.816131
17.957314, 285.919347
17.875798, 287.007194
17.795235, 288.079525
17.715748, 289.136206
17.637464, 290.177114
17.560513, 291.202138
17.485030, 292.211183
17.411151, 293.204172
17.339016, 294.181044
17.268769, 295.141757
17.200557, 296.086295
17.134528, 297.014659
17.070834, 297.926880
17.009631, 298.823014
16.951075, 299.703146
16.895324, 300.567390
16.842539, 301.415894
16.792882, 302.248838
16.746516, 303.066439
16.703606, 303.868948
16.664315, 304.656656
16.628808, 305.429892
16.597250, 306.189024
16.569804, 306.934461
16.546631, 307.666654
16.527893, 308.386094
16.513748, 309.093312
16.504352, 309.788880
16.499856, 310.473410
16.500409, 311.147551
16.506157, 311.811991
16.517239, 312.467450
16.533789, 313.114685
16.555937, 313.754480
16.583806, 314.387648
16.617513, 315.015026
16.657166, 315.637472
16.702868, 316.255861
16.754714, 316.871084
16.812790, 317.484038
16.877176, 318.095628
16.947940, 318.706759
17.025145, 319.318334
17.108845, 319.931248
17.199082, 320.546386
17.295894, 321.164616
17.399307, 321.786790
17.509340, 322.413735
17.626002, 323.046252
17.749297, 323.685117
17.879217, 324.331069
18.015749, 324.984817
18.158870, 325.647033
18.308554, 326.318349
18.464764, 326.999362
18.627458, 327.690625
18.796588, 328.392651
18.972100, 329.105913
19.153935, 329.830842
19.342030, 330.567827
19.536314, 331.317216
19.736715, 332.079319
19.943157, 332.854405
20.155560, 333.642706
20.373839, 334.444418
20.597910, 335.259699
20.827683, 336.088677
21.063070, 336.931446
21.303977, 337.788069
21.550312, 338.658582
21.801980, 339.542992
22.058886, 340.441284
22.320932, 341.353418
22.588024, 342.279331
22.860065, 343.218942
23.136957, 344.172152
23.418604, 345.138845
23.704910, 346.118889
23.995779, 347.112140
24.291115, 348.118440
24.590825, 349.137623
24.894814, 350.169512
25.202990, 351.213921
25.515260, 352.270657
25.831533, 353.339523
26.151720, 354.420316
26.475731, 355.512827
26.803480, 356.616846
27.134878, 357.732159
27.469841, 358.858552
27.808286, 359.995807
28.150128, 1.143709
28.495286, 2.302039
28.843680, 3.470583
29.195230, 4.649123
29.549859, 5.837447
29.907489, 7.035342
30.268045, 8.242598
30.631453, 9.459005
30.997639, 10.684360
31.366531, 11.918458
31.738058, 13.161101
32.112150, 14.412090
32.488738, 15.671234
32.867756, 16.938341
33.249134, 18.213224
33.632809, 19.495702
34.018715, 20.785592
34.406789, 22.082721
34.796968, 23.386914
35.189189, 24.698004
35.583392, 26.015826
35.979517, 27.340217
36.377504, 28.671019
36.777295, 30.008079
37.178832, 31.351247
37.582057, 32.700373
37.986916, 34.055316
38.393352, 35.415935
38.801310, 36.782093
39.210737, 38.153657
39.621579, 39.530497
40.033783, 40.912486
40.447297, 42.299499
40.862069, 43.691418
41.278049, 45.088124
41.695185, 46.489503
42.113429, 47.895443
42.532730, 49.305835
42.953040, 50.720575
43.374310, 52.139558
43.796492, 53.562684
44.219540, 54.989856
44.643406, 56.420977
45.068044, 57.855957
45.493407, 59.294703
45.919451, 60.737128
46.346128, 62.183146
46.773396, 63.632674
47.201209, 65.085630
47.629524, 66.541936
48.058295, 68.001514
48.487481, 69.464289
48.917038, 70.930188
49.346924, 72.399140
49.777095, 73.871075
50.207510, 75.345925
50.638128, 76.823626
51.068906, 78.304112
51.499803, 79.787322
51.930780, 81.273194
52.361794, 82.761669
52.792806, 84.252689
53.223775, 85.746199
53.654663, 87.242142
54.085429, 88.740466
54.516033, 90.241119
54.946438, 91.744049
55.376604, 93.249208
55.806493, 94.756546
56.236066, 96.266018
56.665286, 97.777576
57.094114, 99.291177
57.522512, 100.806776
57.950445, 102.324331
58.377873, 103.843801
58.804760, 105.365145
59.231071, 106.888324
59.656766, 108.413298
60.081812, 109.940031
60.506171, 111.468486
60.929807, 112.998627
61.352685, 114.530419
61.774770, 116.063828
62.196025, 117.598821
62.616415, 119.135365
63.035907, 120.673428
63.454464, 122.212981
63.872053, 123.753991
64.288638, 125.296430
64.704187, 126.840269
65.118664, 128.385480
65.532036, 129.932035
65.944269, 131.479907
66.355330, 133.029071
66.765186, 134.579500
67.173803, 136.131169
67.581148, 137.684054
67.987190, 139.238131
68.391894, 140.793376
68.795230, 142.349767
69.197164, 143.907280
69.597665, 145.465895
69.996701, 147.025590
70.394240, 148.586344
70.790251, 150.148135
71.184703, 151.710946
71.577564, 153.274754
71.968804, 154.839543
72.358391, 156.405292
72.746296, 157.971983
73.132489, 159.539599
73.516938, 161.108121
73.899613, 162.677533
74.280487, 164.247818
74.659527, 165.818958
75.036706, 167.390939
75.411994, 168.963743
75.785361, 170.537357
76.156780, 172.111763
76.526220, 173.686948
76.893655, 175.262897
77.259056, 176.839595
77.622394, 178.417029
77.983641, 179.995184
78.342771, 181.574048
78.699754, 183.153607
79.054566, 184.733848
79.407177, 186.314758
79.757561, 187.896326
80.105691, 189.478538
80.451542, 191.061384
80.795086, 192.644850
81.136297, 194.228926
81.475151, 195.813600
81.811619, 197.398861
82.145679, 198.984699
82.477303, 200.571102
82.806467, 202.158060
83.133146, 203.745563
83.457316, 205.333601
83.778951, 206.922164
84.098028, 208.511241
84.414523, 210.100824
84.728411, 211.690903
85.039670, 213.281469
85.348275, 214.872512
85.654204, 216.464024
85.957433, 218.055996
86.257940, 219.648420
86.555703, 221.241286
86.850698, 222.834587
87.142904, 224.428314
87.432299, 226.022459
87.718861, 227.617015
88.002570, 229.211973
88.283402, 230.807326
88.561339, 232.403067
88.836358, 233.999187
89.108440, 235.595680
89.377564, 237.192538
89.643710, 238.789755
89.906859, 240.387323
90.166990, 241.985235
90.424084, 243.583485
90.678122, 245.182066
90.929086, 246.780971
91.176956, 248.380195
91.421714, 249.979730
91.663342, 251.579570
91.901822, 253.179710
92.137137, 254.780142
92.369268, 256.380861
92.598199, 257.981862
92.823913, 259.583137
93.046392, 261.184683
93.265621, 262.786491
93.481584, 264.388558
93.694263, 265.990877
93.903644, 267.593444
94.109711, 269.196252
94.312448, 270.799296
94.511842, 272.402571
94.707876, 274.006072
94.900537, 275.609794
95.089810, 277.213731
95.275681, 278.817879
95.458137, 280.422232
95.637163, 282.026786
95.812748, 283.631536
95.984878, 285.236476
96.153539, 286.841603
96.318721, 288.446911
96.480410, 290.052396
96.638594, 291.658053
96.793263, 293.263878
96.944404, 294.869866
97.092006, 296.476013
97.236059, 298.082313
97.376552, 299.688764
97.513475, 301.295360
97.646817, 302.902097
97.776568, 304.508971
97.902720, 306.115977
98.025263, 307.723112
98.144187, 309.330371
98.259485, 310.937750
98.371146, 312.545245
98.479165, 314.152852
98.583531, 315.760567
98.684239, 317.368385
98.781280, 318.976304
98.874647, 320.584318
98.964333, 322.192424
99.050332, 323.800618
99.132637, 325.408896
99.211243, 327.017254
99.286143, 328.625688
99.357332, 330.234195
99.424805, 331.842770
99.488557, 333.451410
99.548583, 335.060112
99.604879, 336.668870
99.657440, 338.277682
99.706263, 339.886544
99.751345, 341.495452
99.792681, 343.104402
99.830269, 344.713390
99.864106, 346.322413
99.894190, 347.931468
99.920518, 349.540550
99.943089, 351.149656
99.961900, 352.758782
99.976951, 354.367925
99.988240, 355.977080
99.995766, 357.586244
99.999530, 359.195414
99.999530, 0.804586
99.995766, 2.413756
99.988240, 4.022920
99.976951, 5.632075
99.961900, 7.241218
99.943089, 8.850344
99.920518, 10.459450
99.894190, 12.068532
99.864106, 13.677587
99.830269, 15.286610
99.792681, 16.895598
99.751345, 18.504548
99.706263, 20.113456
99.657440, 21.722318
99.604879, 23.331130
99.548583, 24.939888
99.488557, 26.548590
99.424805, 28.157230
99.357332, 29.765805
99.286143, 31.374312
99.211243, 32.982746
99.132637, 34.591104
99.050332, 36.199382
98.964333, 37.807576
98.874647, 39.415682
98.781280, 41.023696
98.684239, 42.631615
98.583531, 44.239433
98.479165, 45.847148
98.371146, 47.454755
98.259485, 49.062250
98.144187, 50.669629
98.025263, 52.276888
97.902720, 53.884023
97.776568, 55.491029
97.646817, 57.097903
97.513475, 58.704640
97.376552, 60.311236
97.236059, 61.917687
97.092006, 63.523987
96.944404, 65.130134
96.793263, 66.736122
96.638594, 68.341947
96.480410, 69.947604
96.318721, 71.553089
96.153539, 73.158397
95.984878, 74.763524
95.812748, 76.368464
95.637163, 77.973214
95.458137, 79.577768
95.275681, 81.182121
95.089810, 82.786269
94.900537, 84.390206
94.707876, 85.993928
94.511842, 87.597429
94.312448, 89.200704
94.109711, 90.803748
93.903644, 92.406556
93.694263, 94.009123
93.481584, 95.611442
93.265621, 97.213509
93.046392, 98.815317
92.823913, 100.416863
92.598199, 102.018138
92.369268, 103.619139
92.137137, 105.219858
91.901822, 106.820290
91.663342, 108.420430
91.421714, 110.020270
91.176956, 111.619805
90.929086, 113.219029
90.678122, 114.817934
90.424084, 116.416515
90.166990, 118.014765
89.906859, 119.612677
89.643710, 121.210245
89.377564, 122.807462
89.108440, 124.404320
88.836358, 126.000813
88.561339, 127.596933
88.283402, 129.192674
88.002570, 130.788027
87.718861, 132.382985
87.432299, 133.977541
87.142904, 135.571686
86.850698, 137.165413
86.555703, 138.758714
86.257940, 140.351580
85.957433, 141.944004
85.654204, 143.535976
85.348275, 145.127488
85.039670, 146.718531
84.728411, 148.309097
84.414523, 149.899176
84.098028, 151.488759
83.778951, 153.077836
83.457316, 154.666399
83.133146, 156.254437
82.806467, 157.841940
82.477303, 159.428898
82.145679, 161.015301
81.811619, 162.601139
81.475151, 164.186400
81.136297, 165.771074
80.795086, 167.355150
80.451542, 168.938616
80.105691, 170.521462
79.757561, 172.103674
79.407177, 173.685242
79.054566, 175.266152
78.699754, 176.846393
78.342771, 178.425952
77.983641, 180.004816
77.622394, 181.582971
77.259056, 183.160405
76.893655, 184.737103
76.526220, 186.313052
76.156780, 187.888237
75.785361, 189.462643
75.411994, 191.036257
75.036706, 192.609061
74.659527, 194.181042
74.280487, 195.752182
73.899613, 197.322467
73.516938, 198.891879
73.132489, 200.460401
72.746296, 202.028017
72.358391, 203.594708
71.968804, 205.160457
71.577564, 206.725246
71.184703, 208.289054
70.790251, 209.851865
70.394240, 211.413656
69.996701, 212.974410
69.597665, 214.534105
69.197164, 216.092720
68.795230, 217.650233
68.391894, 219.206624
67.987190, 220.761869
67.581148, 222.315946
67.173803, 223.868831
66.765186, 225.420500
66.355330, 226.970929
65.944269, 228.520093
65.532036, 230.067965
65.118664, 231.614520
64.704187, 233.159731
64.288638, 234.703570
63.872053, 236.246009
63.454464, 237.787019
63.035907, 239.326572
62.616415, 240.864635
62.196025, 242.401179
61.774770, 243.936172
61.352685, 245.469581
60.929807, 247.001373
60.506171, 248.531514
60.081812, 250.059969
59.656766, 251.586702
59.231071, 253.111676
58.804760, 254.634855
58.377873, 256.156199
57.950445, 257.675669
57.522512, 259.193224
57.094114, 260.708823
56.665286, 262.222424
56.236066, 263.733982
55.806493, 265.243454
55.376604, 266.750792
54.946438, 268.255951
54.516033, 269.758881
54.085429, 271.259534
53.654663, 272.757858
53.223775, 274.253801
52.792806, 275.747311
52.361794, 277.238331
51.930780, 278.726806
51.499803, 280.212678
51.068906, 281.695888
50.638128, 283.176374
50.207510, 284.654075
49.777095, 286.128925
49.346924, 287.600860
48.917038, 289.069812
48.487481, 290.535711
48.058295, 291.998486
47.629524, 293.458064
47.201209, 294.914370
46.773396, 296.367326
46.346128, 297.816854
45.919451, 299.262872
45.493407, 300.705297
45.068044, 302.144043
44.643406, 303.579023
44.219540, 305.010144
43.796492, 306.437316
43.374310, 307.860442
42.953040, 309.279425
42.532730, 310.694165
42.113429, 312.104557
41.695185, 313.510497
41.278049, 314.911876
40.862069, 316.308582
40.447297, 317.700501
40.033783, 319.087514
39.621579, 320.469503
39.210737, 321.846343
38.801310, 323.217907
38.393352, 324.584065
37.986916, 325.944684
37.582057, 327.299627
37.178832, 328.648753
36.777295, 329.991921
36.377504, 331.328981
35.979517, 332.659783
35.583392, 333.984174
35.189189, 335.301996
34.796968, 336.613086
34.406789, 337.917279
34.018715, 339.214408
33.632809, 340.504298
33.249134, 341.786776
32.867756, 343.061659
32.488738, 344.328766
32.112150, 345.587910
31.738058, 346.838899
31.366531, 348.081542
30.997639, 349.315640
30.631453, 350.540995
30.268045, 351.757402
29.907489, 352.964658
29.549859, 354.162553
29.195230, 355.350877
28.843680, 356.529417
28.495286, 357.697961
28.150128, 358.856291
27.808286, 0.004193
27.469841, 1.141448
27.134878, 2.267841
26.803480, 3.383154
26.475731, 4.487173
26.151720, 5.579684
25.831533, 6.660477
25.515260, 7.729343
25.202990, 8.786079
24.894814, 9.830488
24.590825, 10.862377
24.291115, 11.881560
23.995779, 12.887860
23.704910, 13.881111
23.418604, 14.861155
23.136957, 15.827848
22.860065, 16.781058
22.588024, 17.720669
22.320932, 18.646582
22.058886, 19.558716
21.801980, 20.457008
21.550312, 21.341418
21.303977, 22.211931
21.063070, 23.068554
20.827683, 23.911323
20.597910, 24.740301
20.373839, 25.555582
20.155560, 26.357294
19.943157, 27.145595
19.736715, 27.920681
19.536314, 28.682784
19.342030, 29.432173
19.153935, 30.169158
18.972100, 30.894087
18.796588, 31.607349
18.627458, 32.309375
18.464764, 33.000638
18.308554, 33.681651
18.158870, 34.352967
18.015749, 35.015183
17.879217, 35.668931
17.749297, 36.314883
17.626002, 36.953748
17.509340, 37.586265
17.399307, 38.213210
17.295894, 38.835384
17.199082, 39.453614
17.108845, 40.068752
17.025145, 40.681666
16.947940, 41.293241
16.877176, 41.904372
16.812790, 42.515962
16.754714, 43.128916
16.702868, 43.744139
16.657166, 44.362528
16.617513, 44.984974
16.583806, 45.612352
16.555937, 46.245520
16.533789, 46.885315
16.517239, 47.532550
16.506157, 48.188009
16.500409, 48.852449
16.499856, 49.526590
16.504352, 50.211120
16.513748, 50.906688
16.527893, 51.613906
16.546631, 52.333346
16.569804, 53.065539
16.597250, 53.810976
16.628808, 54.570108
16.664315, 55.343344
16.703606, 56.131052
16.746516, 56.933561
16.792882, 57.751162
16.842539, 58.584106
16.895324, 59.432610
16.951075, 60.296854
17.009631, 61.176986
17.070834, 62.073120
17.134528, 62.985341
17.200557, 63.913705
17.268769, 64.858243
17.339016, 65.818956
17.411151, 66.795828
17.485030, 67.788817
17.560513, 68.797862
17.637464, 69.822886
17.715748, 70.863794
17.795235, 71.920475
17.875798, 72.992806
17.957314, 74.080653
18.039662, 75.183869
18.122726, 76.302300
18.206394, 77.435783
18.290556, 78.584149
18.375106, 79.747221
18.459941, 80.924819
18.544963, 82.116761
18.630076, 83.322858
18.715188, 84.542921
18.800210, 85.776761
18.885056, 87.024186
18.969644, 88.285005
19.053895, 89.559027
19.137732, 90.846064
19.221083, 92.145925
19.303877, 93.458426
19.386047, 94.783382
19.467529, 96.120611
19.548262, 97.469936
19.628185, 98.831180
19.707244, 100.204172
19.785385, 101.588744
19.862557, 102.984730
19.938711, 104.391970
20.013801, 105.810307
20.087784, 107.239589
20.160619, 108.679667
20.232267, 110.130398
20.302690, 111.591641
20.371855, 113.063261
20.439728, 114.545128
20.506280, 116.037114
20.571483, 117.539098
20.635309, 119.050961
20.697736, 120.572591
20.758739, 122.103879
20.818300, 123.644719
20.876399, 125.195012
20.933020, 126.754661
20.988148, 128.323575
21.041769, 129.901666
21.093872, 131.488849
21.144447, 133.085046
21.193486, 134.690181
21.240983, 136.304181
21.286934, 137.926980
21.331333, 139.558512
21.374182, 141.198717
21.415478, 142.847539
21.455224, 144.504923
21.493424, 146.170820
21.530080, 147.845184
21.565201, 149.527971
21.598793, 151.219141
21.630865, 152.918658
21.661429, 154.626486
21.690496, 156.342596
21.718080, 158.066959
21.744196, 159.799551
21.768860, 161.540348
21.792090, 163.289330
21.813906, 165.046480
21.834328, 166.811782
21.853379, 168.585224
21.871082, 170.366796
21.887461, 172.156488
21.902545, 173.954294
21.916360, 175.760209
21.928935, 177.574230
21.940302, 179.396356
21.950493, 181.226586
21.959540, 183.064923
21.967479, 184.911369
21.974346, 186.765928
21.980178, 188.628604
21.985016, 190.499404
21.988899, 192.378334
21.991868, 194.265401
21.993968, 196.160613
21.995243, 198.063976
21.995739, 199.975499
21.995504, 201.895189
21.994585, 203.823053
21.993033, 205.759099
21.990901, 207.703333
21.988239, 209.655761
21.985104, 211.616386
21.981549, 213.585211
21.977633, 215.562240
21.973413, 217.547472
21.968948, 219.540905
21.964299, 221.542535
21.959528, 223.552358
21.954699, 225.570363
21.949875, 227.596541
21.945122, 229.630876
21.940507, 231.673351
21.936097, 233.723946
21.931962, 235.782635
21.928172, 237.849391
21.924796, 239.924180
21.921908, 242.006965
21.919581, 244.097705
21.917887, 246.196352
21.916901, 248.302855
21.916699, 250.417156
21.917357, 252.539193
21.918952, 254.668896
21.921561, 256.806191
21.925261, 258.950996
21.930131, 261.103225
21.936250, 263.262783
21.943697, 265.429569
21.952550, 267.603475
21.962890, 269.784387
21.974795, 271.972182
21.988346, 274.166731
22.003620, 276.367897
22.020698, 278.575535
22.039658, 280.789496
22.060578, 283.009618
22.083536, 285.235736
22.108610, 287.467675
22.135875, 289.705255
22.165407, 291.948286
22.197281, 294.196573
22.231570, 296.449914
22.268348, 298.708100
22.307684, 300.970913
22.349650, 303.238132
22.394313, 305.509529
22.441740, 307.784870
22.491996, 310.063916
22.545145, 312.346421
22.601248, 314.632138
22.660365, 316.920812
22.722553, 319.212186
22.787868, 321.506000
22.856363, 323.801991
22.928088, 326.099893
23.003093, 328.399437
23.081423, 330.700354
23.163123, 333.002375
23.248232, 335.305229
23.336791, 337.608644
23.428834, 339.912353
23.524394, 342.216085
23.623503, 344.519574
23.726189, 346.822555
23.832475, 349.124767
23.942386, 351.425950
24.055940, 353.725850
24.173153, 356.024215
24.294042, 358.320799
24.418615, 0.615361
24.546884, 2.907664
24.678852, 5.197479
24.814525, 7.484581
24.953902, 9.768752
25.096982, 12.049782
25.243760, 14.327466
25.394230, 16.601607
25.548383, 18.872016
25.706206, 21.138511
25.867687, 23.400918
26.032808, 25.659069
26.201552, 27.912808
26.373899, 30.161983
26.549826, 32.406451
26.729308, 34.646079
26.912319, 36.880740
27.098832, 39.110315
27.288816, 41.334694
27.482241, 43.553774
27.679072, 45.767460
27.879276, 47.975664
28.082817, 50.178308
28.289656, 52.375318
28.499756, 54.566628
28.713077, 56.752181
28.929578, 58.931924
29.149216, 61.105813
29.371949, 63.273810
29.597732, 65.435880
29.826521, 67.591999
30.058269, 69.742146
30.292931, 71.886304
30.530459, 74.024465
30.770806, 76.156624
31.013922, 78.282781
31.259760, 80.402940
31.508269, 82.517111
31.759399, 84.625307
32.013102, 86.727545
32.269325, 88.823846
32.528018, 90.914236
32.789130, 92.998741
33.052609, 95.077393
33.318405, 97.150226
33.586464, 99.217277
33.856736, 101.278585
34.129169, 103.334191
34.403710, 105.384140
34.680308, 107.428477
34.958910, 109.467250
35.239464, 111.500509
35.521919, 113.528305
35.806223, 115.550689
36.092324, 117.567717
36.380169, 119.579442
36.669709, 121.585921
36.960890, 123.587210
37.253663, 125.583367
37.547975, 127.574450
37.843775, 129.560519
38.141014, 131.541632
38.439640, 133.517850
38.739603, 135.489232
39.040853, 137.455838
39.343340, 139.417730
39.647014, 141.374967
39.951825, 143.327610
40.257725, 145.275720
40.564665, 147.219357
40.872596, 149.158581
41.181469, 151.093452
41.491236, 153.024030
41.801850, 154.950374
42.113262, 156.872543
42.425426, 158.790596
42.738294, 160.704591
43.051819, 162.614586
43.365955, 164.520639
43.680656, 166.422805
43.995875, 168.321141
44.311567, 170.215704
44.627687, 172.106547
44.944189, 173.993726
45.261029, 175.877294
45.578161, 177.757305
45.895542, 179.633811
46.213128, 181.506864
46.530875, 183.376516
46.848740, 185.242817
47.166679, 187.105818
47.484649, 188.965566
47.802609, 190.822112
48.120514, 192.675503
48.438325, 194.525787
48.755998, 196.373009
49.073493, 198.217216
49.390767, 200.058453
49.707781, 201.896764
50.024493, 203.732193
50.340863, 205.564784
50.656851, 207.394578
50.972418, 209.221618
51.287522, 211.045945
51.602126, 212.867598
51.916190, 214.686618
52.229675, 216.503044
52.542543, 218.316914
52.854756, 220.128266
53.166275, 221.937138
53.477062, 223.743565
53.787081, 225.547583
54.096294, 227.349229
54.404664, 229.148536
54.712154, 230.945538
55.018727, 232.740270
55.324349, 234.532764
55.628982, 236.323051
55.932591, 238.111165
56.235140, 239.897135
56.536595, 241.680993
56.836919, 243.462769
57.136080, 245.242492
57.434041, 247.020191
57.730770, 248.795894
58.026231, 250.569630
58.320392, 252.341425
58.613218, 254.111307
58.904677, 255.879303
59.194735, 257.645436
59.483361, 259.409735
59.770521, 261.172222
60.056182, 262.932923
60.340315, 264.691862
60.622885, 266.449062
60.903862, 268.204546
61.183216, 269.958337
61.460913, 271.710458
61.736925, 273.460930
62.011220, 275.209774
62.283768, 276.957012
62.554540, 278.702663
62.823504, 280.446749
63.090633, 282.189289
##END=
