##TITLE= Parameter file, TopSpin 4.3.0
##JCAMPDX= 5.0
##DATATYPE= Parameter Values
##ORIGIN= Bruker BioSpin GmbH
##OWNER= nmrsu
$$ 2024-03-11 01:37:09.575 +0000  nmrsu@4CE1161FJM
$$ C:/Bruker/TopSpin4.3.0/exp/stan/nmr/lists/wave/user/multisupp_aux_d8
$$ process C:\Bruker\TopSpin4.3.0\prog\mod\xwinshape.exe
##MINX= 0.44753200
##MAXX= 99.99938900
##MINY= 0.26587300
##MAXY= 359.73412700
##$SHAPE_ADDPHASE= 0
##$SHAPE_AMP= 99.9993893
##$SHAPE_BWFAC= 0
##$SHAPE_BWFAC50= 0
##$SHAPE_CALCBW= yes
##$SHAPE_CALCINTEG= yes
##$SHAPE_EXMODE= <Excitation>
##$SHAPE_EXPAND= <>
##$SHAPE_EXPANDCF= (0..143)
0 0 0 0 0 0 0 0 0 0 0 0 0 0 0 0 0 0 0 0 0 0 0 0 0 0 0 0 0 0 0 0 0 0 0 0
0 0 0 0 0 0 0 0 0 0 0 0 0 0 0 0 0 0 0 0 0 0 0 0 0 0 0 0 0 0 0 0 0 0 0 0
0 0 0 0 0 0 0 0 0 0 0 0 0 0 0 0 0 0 0 0 0 0 0 0 0 0 0 0 0 0 0 0 0 0 0 0
0 0 0 0 0 0 0 0 0 0 0 0 0 0 0 0 0 0 0 0 0 0 0 0 0 0 0 0 0 0 0 0 0 0 0 0
##$SHAPE_EXPFAC= 0
##$SHAPE_FRACEND= 0
##$SHAPE_FRACORG= 0
##$SHAPE_FRACSTART= 0
##$SHAPE_INTEGFAC= 0
##$SHAPE_KEEPRES= yes
##$SHAPE_LENGTH= 25000.000373
##$SHAPE_MAN= <M>
##$SHAPE_MODE= 3
##$SHAPE_MODFREQ= 0
##$SHAPE_MODPHASE= 0
##$SHAPE_MODSCALE= 0
##$SHAPE_MODSW= 0
##$SHAPE_MODSWDIR= -1
##$SHAPE_NPOINTS= 1250
##$SHAPE_OFFS= <1 3>
##$SHAPE_OFFSCOEFF= (0..95)
-156.1385 0 100 -223.83015 0 100 -292.38345 0 100 0 0 0 0 0 0 0 0 0 0 0
0 0 0 0 0 0 0 0 0 0 0 0 0 0 0 0 0 0 0 0 0 0 0 0 0 0 0 0 0 0 0 0 0 0 0 0
0 0 0 0 0 0 0 0 0 0 0 0 0 0 0 0 0 0 0 0 0 0 0 0 0 0 0 0 0 0 0 0 0 0 0 0
0 0 0 0
##$SHAPE_PARAMETER= <>
##$SHAPE_REPHFAC= 0
##$SHAPE_RES= 0
##$SHAPE_SCALEFAC= 1.00000611
##$SHAPE_SCALETYPE= 0
##$SHAPE_SPOAL= 0
##$SHAPE_SPOFFS= 0
##$SHAPE_SPOPH= 0
##$SHAPE_TOTROT= 90
##$SHAPE_TYPE= <Excitation>
##$SHAPE_USER_DEF= <>
##$SHAPE_VERSION= 2.1
##$SHL_ADDPHASE= (0..15)
0 0 0 0 0 0 0 0 0 0 0 0 0 0 0 0
##$SHL_ALIGNOFFSET= (0..15)
0 0 0 0 0 0 0 0 0 0 0 0 0 0 0 0
##$SHL_AMP= (0..15)
100 0 0 0 0 0 0 0 0 0 0 0 0 0 0 0
##$SHL_AMPFAC= (0..15)
0 0 0 0 0 0 0 0 0 0 0 0 0 0 0 0
##$SHL_BETA= (0..15)
0 0 0 0 0 0 0 0 0 0 0 0 0 0 0 0
##$SHL_BWFAC= (0..15)
1.116 0 0 0 0 0 0 0 0 0 0 0 0 0 0 0
##$SHL_CALCBW= (0..15)
yes yes yes yes yes yes yes yes yes yes yes yes yes yes yes yes
##$SHL_CALCINTEG= (0..15)
yes yes yes yes yes yes yes yes yes yes yes yes yes yes yes yes
##$SHL_CENTERAMP= (0..15)
0 0 0 0 0 0 0 0 0 0 0 0 0 0 0 0
##$SHL_CYCNUM= (0..15)
0 0 0 0 0 0 0 0 0 0 0 0 0 0 0 0
##$SHL_DIPOLCPL= (0..15)
0 0 0 0 0 0 0 0 0 0 0 0 0 0 0 0
##$SHL_ENDAMP= (0..15)
0 0 0 0 0 0 0 0 0 0 0 0 0 0 0 0
##$SHL_EXMODE= (0..15)
<Excitation> <> <> <> <> <> <> <> <> <> <> <> <> <> <> <>
##$SHL_EXPAND= (0..15)
<> <> <> <> <> <> <> <> <> <> <> <> <> <> <> <>
##$SHL_EXPANDCF0= (0..143)
0 0 0 0 0 0 0 0 0 0 0 0 0 0 0 0 0 0 0 0 0 0 0 0 0 0 0 0 0 0 0 0 0 0 0 0
0 0 0 0 0 0 0 0 0 0 0 0 0 0 0 0 0 0 0 0 0 0 0 0 0 0 0 0 0 0 0 0 0 0 0 0
0 0 0 0 0 0 0 0 0 0 0 0 0 0 0 0 0 0 0 0 0 0 0 0 0 0 0 0 0 0 0 0 0 0 0 0
0 0 0 0 0 0 0 0 0 0 0 0 0 0 0 0 0 0 0 0 0 0 0 0 0 0 0 0 0 0 0 0 0 0 0 0
##$SHL_EXPANDCF1= (0..143)
0 0 0 0 0 0 0 0 0 0 0 0 0 0 0 0 0 0 0 0 0 0 0 0 0 0 0 0 0 0 0 0 0 0 0 0
0 0 0 0 0 0 0 0 0 0 0 0 0 0 0 0 0 0 0 0 0 0 0 0 0 0 0 0 0 0 0 0 0 0 0 0
0 0 0 0 0 0 0 0 0 0 0 0 0 0 0 0 0 0 0 0 0 0 0 0 0 0 0 0 0 0 0 0 0 0 0 0
0 0 0 0 0 0 0 0 0 0 0 0 0 0 0 0 0 0 0 0 0 0 0 0 0 0 0 0 0 0 0 0 0 0 0 0
##$SHL_EXPANDCF10= (0..143)
0 0 0 0 0 0 0 0 0 0 0 0 0 0 0 0 0 0 0 0 0 0 0 0 0 0 0 0 0 0 0 0 0 0 0 0
0 0 0 0 0 0 0 0 0 0 0 0 0 0 0 0 0 0 0 0 0 0 0 0 0 0 0 0 0 0 0 0 0 0 0 0
0 0 0 0 0 0 0 0 0 0 0 0 0 0 0 0 0 0 0 0 0 0 0 0 0 0 0 0 0 0 0 0 0 0 0 0
0 0 0 0 0 0 0 0 0 0 0 0 0 0 0 0 0 0 0 0 0 0 0 0 0 0 0 0 0 0 0 0 0 0 0 0
##$SHL_EXPANDCF11= (0..143)
0 0 0 0 0 0 0 0 0 0 0 0 0 0 0 0 0 0 0 0 0 0 0 0 0 0 0 0 0 0 0 0 0 0 0 0
0 0 0 0 0 0 0 0 0 0 0 0 0 0 0 0 0 0 0 0 0 0 0 0 0 0 0 0 0 0 0 0 0 0 0 0
0 0 0 0 0 0 0 0 0 0 0 0 0 0 0 0 0 0 0 0 0 0 0 0 0 0 0 0 0 0 0 0 0 0 0 0
0 0 0 0 0 0 0 0 0 0 0 0 0 0 0 0 0 0 0 0 0 0 0 0 0 0 0 0 0 0 0 0 0 0 0 0
##$SHL_EXPANDCF12= (0..143)
0 0 0 0 0 0 0 0 0 0 0 0 0 0 0 0 0 0 0 0 0 0 0 0 0 0 0 0 0 0 0 0 0 0 0 0
0 0 0 0 0 0 0 0 0 0 0 0 0 0 0 0 0 0 0 0 0 0 0 0 0 0 0 0 0 0 0 0 0 0 0 0
0 0 0 0 0 0 0 0 0 0 0 0 0 0 0 0 0 0 0 0 0 0 0 0 0 0 0 0 0 0 0 0 0 0 0 0
0 0 0 0 0 0 0 0 0 0 0 0 0 0 0 0 0 0 0 0 0 0 0 0 0 0 0 0 0 0 0 0 0 0 0 0
##$SHL_EXPANDCF13= (0..143)
0 0 0 0 0 0 0 0 0 0 0 0 0 0 0 0 0 0 0 0 0 0 0 0 0 0 0 0 0 0 0 0 0 0 0 0
0 0 0 0 0 0 0 0 0 0 0 0 0 0 0 0 0 0 0 0 0 0 0 0 0 0 0 0 0 0 0 0 0 0 0 0
0 0 0 0 0 0 0 0 0 0 0 0 0 0 0 0 0 0 0 0 0 0 0 0 0 0 0 0 0 0 0 0 0 0 0 0
0 0 0 0 0 0 0 0 0 0 0 0 0 0 0 0 0 0 0 0 0 0 0 0 0 0 0 0 0 0 0 0 0 0 0 0
##$SHL_EXPANDCF14= (0..143)
0 0 0 0 0 0 0 0 0 0 0 0 0 0 0 0 0 0 0 0 0 0 0 0 0 0 0 0 0 0 0 0 0 0 0 0
0 0 0 0 0 0 0 0 0 0 0 0 0 0 0 0 0 0 0 0 0 0 0 0 0 0 0 0 0 0 0 0 0 0 0 0
0 0 0 0 0 0 0 0 0 0 0 0 0 0 0 0 0 0 0 0 0 0 0 0 0 0 0 0 0 0 0 0 0 0 0 0
0 0 0 0 0 0 0 0 0 0 0 0 0 0 0 0 0 0 0 0 0 0 0 0 0 0 0 0 0 0 0 0 0 0 0 0
##$SHL_EXPANDCF15= (0..143)
0 0 0 0 0 0 0 0 0 0 0 0 0 0 0 0 0 0 0 0 0 0 0 0 0 0 0 0 0 0 0 0 0 0 0 0
0 0 0 0 0 0 0 0 0 0 0 0 0 0 0 0 0 0 0 0 0 0 0 0 0 0 0 0 0 0 0 0 0 0 0 0
0 0 0 0 0 0 0 0 0 0 0 0 0 0 0 0 0 0 0 0 0 0 0 0 0 0 0 0 0 0 0 0 0 0 0 0
0 0 0 0 0 0 0 0 0 0 0 0 0 0 0 0 0 0 0 0 0 0 0 0 0 0 0 0 0 0 0 0 0 0 0 0
##$SHL_EXPANDCF2= (0..143)
0 0 0 0 0 0 0 0 0 0 0 0 0 0 0 0 0 0 0 0 0 0 0 0 0 0 0 0 0 0 0 0 0 0 0 0
0 0 0 0 0 0 0 0 0 0 0 0 0 0 0 0 0 0 0 0 0 0 0 0 0 0 0 0 0 0 0 0 0 0 0 0
0 0 0 0 0 0 0 0 0 0 0 0 0 0 0 0 0 0 0 0 0 0 0 0 0 0 0 0 0 0 0 0 0 0 0 0
0 0 0 0 0 0 0 0 0 0 0 0 0 0 0 0 0 0 0 0 0 0 0 0 0 0 0 0 0 0 0 0 0 0 0 0
##$SHL_EXPANDCF3= (0..143)
0 0 0 0 0 0 0 0 0 0 0 0 0 0 0 0 0 0 0 0 0 0 0 0 0 0 0 0 0 0 0 0 0 0 0 0
0 0 0 0 0 0 0 0 0 0 0 0 0 0 0 0 0 0 0 0 0 0 0 0 0 0 0 0 0 0 0 0 0 0 0 0
0 0 0 0 0 0 0 0 0 0 0 0 0 0 0 0 0 0 0 0 0 0 0 0 0 0 0 0 0 0 0 0 0 0 0 0
0 0 0 0 0 0 0 0 0 0 0 0 0 0 0 0 0 0 0 0 0 0 0 0 0 0 0 0 0 0 0 0 0 0 0 0
##$SHL_EXPANDCF4= (0..143)
0 0 0 0 0 0 0 0 0 0 0 0 0 0 0 0 0 0 0 0 0 0 0 0 0 0 0 0 0 0 0 0 0 0 0 0
0 0 0 0 0 0 0 0 0 0 0 0 0 0 0 0 0 0 0 0 0 0 0 0 0 0 0 0 0 0 0 0 0 0 0 0
0 0 0 0 0 0 0 0 0 0 0 0 0 0 0 0 0 0 0 0 0 0 0 0 0 0 0 0 0 0 0 0 0 0 0 0
0 0 0 0 0 0 0 0 0 0 0 0 0 0 0 0 0 0 0 0 0 0 0 0 0 0 0 0 0 0 0 0 0 0 0 0
##$SHL_EXPANDCF5= (0..143)
0 0 0 0 0 0 0 0 0 0 0 0 0 0 0 0 0 0 0 0 0 0 0 0 0 0 0 0 0 0 0 0 0 0 0 0
0 0 0 0 0 0 0 0 0 0 0 0 0 0 0 0 0 0 0 0 0 0 0 0 0 0 0 0 0 0 0 0 0 0 0 0
0 0 0 0 0 0 0 0 0 0 0 0 0 0 0 0 0 0 0 0 0 0 0 0 0 0 0 0 0 0 0 0 0 0 0 0
0 0 0 0 0 0 0 0 0 0 0 0 0 0 0 0 0 0 0 0 0 0 0 0 0 0 0 0 0 0 0 0 0 0 0 0
##$SHL_EXPANDCF6= (0..143)
0 0 0 0 0 0 0 0 0 0 0 0 0 0 0 0 0 0 0 0 0 0 0 0 0 0 0 0 0 0 0 0 0 0 0 0
0 0 0 0 0 0 0 0 0 0 0 0 0 0 0 0 0 0 0 0 0 0 0 0 0 0 0 0 0 0 0 0 0 0 0 0
0 0 0 0 0 0 0 0 0 0 0 0 0 0 0 0 0 0 0 0 0 0 0 0 0 0 0 0 0 0 0 0 0 0 0 0
0 0 0 0 0 0 0 0 0 0 0 0 0 0 0 0 0 0 0 0 0 0 0 0 0 0 0 0 0 0 0 0 0 0 0 0
##$SHL_EXPANDCF7= (0..143)
0 0 0 0 0 0 0 0 0 0 0 0 0 0 0 0 0 0 0 0 0 0 0 0 0 0 0 0 0 0 0 0 0 0 0 0
0 0 0 0 0 0 0 0 0 0 0 0 0 0 0 0 0 0 0 0 0 0 0 0 0 0 0 0 0 0 0 0 0 0 0 0
0 0 0 0 0 0 0 0 0 0 0 0 0 0 0 0 0 0 0 0 0 0 0 0 0 0 0 0 0 0 0 0 0 0 0 0
0 0 0 0 0 0 0 0 0 0 0 0 0 0 0 0 0 0 0 0 0 0 0 0 0 0 0 0 0 0 0 0 0 0 0 0
##$SHL_EXPANDCF8= (0..143)
0 0 0 0 0 0 0 0 0 0 0 0 0 0 0 0 0 0 0 0 0 0 0 0 0 0 0 0 0 0 0 0 0 0 0 0
0 0 0 0 0 0 0 0 0 0 0 0 0 0 0 0 0 0 0 0 0 0 0 0 0 0 0 0 0 0 0 0 0 0 0 0
0 0 0 0 0 0 0 0 0 0 0 0 0 0 0 0 0 0 0 0 0 0 0 0 0 0 0 0 0 0 0 0 0 0 0 0
0 0 0 0 0 0 0 0 0 0 0 0 0 0 0 0 0 0 0 0 0 0 0 0 0 0 0 0 0 0 0 0 0 0 0 0
##$SHL_EXPANDCF9= (0..143)
0 0 0 0 0 0 0 0 0 0 0 0 0 0 0 0 0 0 0 0 0 0 0 0 0 0 0 0 0 0 0 0 0 0 0 0
0 0 0 0 0 0 0 0 0 0 0 0 0 0 0 0 0 0 0 0 0 0 0 0 0 0 0 0 0 0 0 0 0 0 0 0
0 0 0 0 0 0 0 0 0 0 0 0 0 0 0 0 0 0 0 0 0 0 0 0 0 0 0 0 0 0 0 0 0 0 0 0
0 0 0 0 0 0 0 0 0 0 0 0 0 0 0 0 0 0 0 0 0 0 0 0 0 0 0 0 0 0 0 0 0 0 0 0
##$SHL_EXPFAC= (0..15)
0 0 0 0 0 0 0 0 0 0 0 0 0 0 0 0
##$SHL_FRACEND= (0..15)
0 0 0 0 0 0 0 0 0 0 0 0 0 0 0 0
##$SHL_FRACORG= (0..15)
0 0 0 0 0 0 0 0 0 0 0 0 0 0 0 0
##$SHL_FRACSTART= (0..15)
0 0 0 0 0 0 0 0 0 0 0 0 0 0 0 0
##$SHL_FULLHALF= (0..15)
0 0 0 0 0 0 0 0 0 0 0 0 0 0 0 0
##$SHL_FUNCAMP= (0..15)
100 0 0 0 0 0 0 0 0 0 0 0 0 0 0 0
##$SHL_FUNCTION= (0..15)
<Rectangle> <> <> <> <> <> <> <> <> <> <> <> <> <> <> <>
##$SHL_GCO= (0..15)
<> <> <> <> <> <> <> <> <> <> <> <> <> <> <> <>
##$SHL_GCOCOEFFS0= (0..59)
0 0 0 0 0 0 0 0 0 0 0 0 0 0 0 0 0 0 0 0 0 0 0 0 0 0 0 0 0 0 0 0 0 0 0 0
0 0 0 0 0 0 0 0 0 0 0 0 0 0 0 0 0 0 0 0 0 0 0 0
##$SHL_GCOCOEFFS1= (0..59)
0 0 0 0 0 0 0 0 0 0 0 0 0 0 0 0 0 0 0 0 0 0 0 0 0 0 0 0 0 0 0 0 0 0 0 0
0 0 0 0 0 0 0 0 0 0 0 0 0 0 0 0 0 0 0 0 0 0 0 0
##$SHL_GCOCOEFFS10= (0..59)
0 0 0 0 0 0 0 0 0 0 0 0 0 0 0 0 0 0 0 0 0 0 0 0 0 0 0 0 0 0 0 0 0 0 0 0
0 0 0 0 0 0 0 0 0 0 0 0 0 0 0 0 0 0 0 0 0 0 0 0
##$SHL_GCOCOEFFS11= (0..59)
0 0 0 0 0 0 0 0 0 0 0 0 0 0 0 0 0 0 0 0 0 0 0 0 0 0 0 0 0 0 0 0 0 0 0 0
0 0 0 0 0 0 0 0 0 0 0 0 0 0 0 0 0 0 0 0 0 0 0 0
##$SHL_GCOCOEFFS12= (0..59)
0 0 0 0 0 0 0 0 0 0 0 0 0 0 0 0 0 0 0 0 0 0 0 0 0 0 0 0 0 0 0 0 0 0 0 0
0 0 0 0 0 0 0 0 0 0 0 0 0 0 0 0 0 0 0 0 0 0 0 0
##$SHL_GCOCOEFFS13= (0..59)
0 0 0 0 0 0 0 0 0 0 0 0 0 0 0 0 0 0 0 0 0 0 0 0 0 0 0 0 0 0 0 0 0 0 0 0
0 0 0 0 0 0 0 0 0 0 0 0 0 0 0 0 0 0 0 0 0 0 0 0
##$SHL_GCOCOEFFS14= (0..59)
0 0 0 0 0 0 0 0 0 0 0 0 0 0 0 0 0 0 0 0 0 0 0 0 0 0 0 0 0 0 0 0 0 0 0 0
0 0 0 0 0 0 0 0 0 0 0 0 0 0 0 0 0 0 0 0 0 0 0 0
##$SHL_GCOCOEFFS15= (0..59)
0 0 0 0 0 0 0 0 0 0 0 0 0 0 0 0 0 0 0 0 0 0 0 0 0 0 0 0 0 0 0 0 0 0 0 0
0 0 0 0 0 0 0 0 0 0 0 0 0 0 0 0 0 0 0 0 0 0 0 0
##$SHL_GCOCOEFFS2= (0..59)
0 0 0 0 0 0 0 0 0 0 0 0 0 0 0 0 0 0 0 0 0 0 0 0 0 0 0 0 0 0 0 0 0 0 0 0
0 0 0 0 0 0 0 0 0 0 0 0 0 0 0 0 0 0 0 0 0 0 0 0
##$SHL_GCOCOEFFS3= (0..59)
0 0 0 0 0 0 0 0 0 0 0 0 0 0 0 0 0 0 0 0 0 0 0 0 0 0 0 0 0 0 0 0 0 0 0 0
0 0 0 0 0 0 0 0 0 0 0 0 0 0 0 0 0 0 0 0 0 0 0 0
##$SHL_GCOCOEFFS4= (0..59)
0 0 0 0 0 0 0 0 0 0 0 0 0 0 0 0 0 0 0 0 0 0 0 0 0 0 0 0 0 0 0 0 0 0 0 0
0 0 0 0 0 0 0 0 0 0 0 0 0 0 0 0 0 0 0 0 0 0 0 0
##$SHL_GCOCOEFFS5= (0..59)
0 0 0 0 0 0 0 0 0 0 0 0 0 0 0 0 0 0 0 0 0 0 0 0 0 0 0 0 0 0 0 0 0 0 0 0
0 0 0 0 0 0 0 0 0 0 0 0 0 0 0 0 0 0 0 0 0 0 0 0
##$SHL_GCOCOEFFS6= (0..59)
0 0 0 0 0 0 0 0 0 0 0 0 0 0 0 0 0 0 0 0 0 0 0 0 0 0 0 0 0 0 0 0 0 0 0 0
0 0 0 0 0 0 0 0 0 0 0 0 0 0 0 0 0 0 0 0 0 0 0 0
##$SHL_GCOCOEFFS7= (0..59)
0 0 0 0 0 0 0 0 0 0 0 0 0 0 0 0 0 0 0 0 0 0 0 0 0 0 0 0 0 0 0 0 0 0 0 0
0 0 0 0 0 0 0 0 0 0 0 0 0 0 0 0 0 0 0 0 0 0 0 0
##$SHL_GCOCOEFFS8= (0..59)
0 0 0 0 0 0 0 0 0 0 0 0 0 0 0 0 0 0 0 0 0 0 0 0 0 0 0 0 0 0 0 0 0 0 0 0
0 0 0 0 0 0 0 0 0 0 0 0 0 0 0 0 0 0 0 0 0 0 0 0
##$SHL_GCOCOEFFS9= (0..59)
0 0 0 0 0 0 0 0 0 0 0 0 0 0 0 0 0 0 0 0 0 0 0 0 0 0 0 0 0 0 0 0 0 0 0 0
0 0 0 0 0 0 0 0 0 0 0 0 0 0 0 0 0 0 0 0 0 0 0 0
##$SHL_INTEGFAC= (0..15)
1 0 0 0 0 0 0 0 0 0 0 0 0 0 0 0
##$SHL_LB= (0..15)
0 0 0 0 0 0 0 0 0 0 0 0 0 0 0 0
##$SHL_LEFTLIMIT= (0..15)
0 0 0 0 0 0 0 0 0 0 0 0 0 0 0 0
##$SHL_LENGTH= (0..15)
25000.000373 0 0 0 0 0 0 0 0 0 0 0 0 0 0 0
##$SHL_MAN= (0..15)
<> <> <> <> <> <> <> <> <> <> <> <> <> <> <> <>
##$SHL_MEANAMP= (0..15)
0 0 0 0 0 0 0 0 0 0 0 0 0 0 0 0
##$SHL_MODAMP= (0..15)
0 0 0 0 0 0 0 0 0 0 0 0 0 0 0 0
##$SHL_MODE= (0..15)
0 0 0 0 0 0 0 0 0 0 0 0 0 0 0 0
##$SHL_MODFREQ= (0..15)
0 0 0 0 0 0 0 0 0 0 0 0 0 0 0 0
##$SHL_MODPHASE= (0..15)
0 0 0 0 0 0 0 0 0 0 0 0 0 0 0 0
##$SHL_MODSCALE= (0..15)
0 0 0 0 0 0 0 0 0 0 0 0 0 0 0 0
##$SHL_MODSW= (0..15)
0 0 0 0 0 0 0 0 0 0 0 0 0 0 0 0
##$SHL_MODSWDIR= (0..15)
-1 -1 -1 -1 -1 -1 -1 -1 -1 -1 -1 -1 -1 -1 -1 -1
##$SHL_MU= (0..15)
0 0 0 0 0 0 0 0 0 0 0 0 0 0 0 0
##$SHL_NPOINTS= (0..15)
1250 0 0 0 0 0 0 0 0 0 0 0 0 0 0 0
##$SHL_OFFS= (0..15)
<> <> <> <> <> <> <> <> <> <> <> <> <> <> <> <>
##$SHL_OFFSCOEFF0= (0..95)
0 0 0 0 0 0 0 0 0 0 0 0 0 0 0 0 0 0 0 0 0 0 0 0 0 0 0 0 0 0 0 0 0 0 0 0
0 0 0 0 0 0 0 0 0 0 0 0 0 0 0 0 0 0 0 0 0 0 0 0 0 0 0 0 0 0 0 0 0 0 0 0
0 0 0 0 0 0 0 0 0 0 0 0 0 0 0 0 0 0 0 0 0 0 0 0
##$SHL_OFFSCOEFF1= (0..95)
0 0 0 0 0 0 0 0 0 0 0 0 0 0 0 0 0 0 0 0 0 0 0 0 0 0 0 0 0 0 0 0 0 0 0 0
0 0 0 0 0 0 0 0 0 0 0 0 0 0 0 0 0 0 0 0 0 0 0 0 0 0 0 0 0 0 0 0 0 0 0 0
0 0 0 0 0 0 0 0 0 0 0 0 0 0 0 0 0 0 0 0 0 0 0 0
##$SHL_OFFSCOEFF10= (0..95)
0 0 0 0 0 0 0 0 0 0 0 0 0 0 0 0 0 0 0 0 0 0 0 0 0 0 0 0 0 0 0 0 0 0 0 0
0 0 0 0 0 0 0 0 0 0 0 0 0 0 0 0 0 0 0 0 0 0 0 0 0 0 0 0 0 0 0 0 0 0 0 0
0 0 0 0 0 0 0 0 0 0 0 0 0 0 0 0 0 0 0 0 0 0 0 0
##$SHL_OFFSCOEFF11= (0..95)
0 0 0 0 0 0 0 0 0 0 0 0 0 0 0 0 0 0 0 0 0 0 0 0 0 0 0 0 0 0 0 0 0 0 0 0
0 0 0 0 0 0 0 0 0 0 0 0 0 0 0 0 0 0 0 0 0 0 0 0 0 0 0 0 0 0 0 0 0 0 0 0
0 0 0 0 0 0 0 0 0 0 0 0 0 0 0 0 0 0 0 0 0 0 0 0
##$SHL_OFFSCOEFF12= (0..95)
0 0 0 0 0 0 0 0 0 0 0 0 0 0 0 0 0 0 0 0 0 0 0 0 0 0 0 0 0 0 0 0 0 0 0 0
0 0 0 0 0 0 0 0 0 0 0 0 0 0 0 0 0 0 0 0 0 0 0 0 0 0 0 0 0 0 0 0 0 0 0 0
0 0 0 0 0 0 0 0 0 0 0 0 0 0 0 0 0 0 0 0 0 0 0 0
##$SHL_OFFSCOEFF13= (0..95)
0 0 0 0 0 0 0 0 0 0 0 0 0 0 0 0 0 0 0 0 0 0 0 0 0 0 0 0 0 0 0 0 0 0 0 0
0 0 0 0 0 0 0 0 0 0 0 0 0 0 0 0 0 0 0 0 0 0 0 0 0 0 0 0 0 0 0 0 0 0 0 0
0 0 0 0 0 0 0 0 0 0 0 0 0 0 0 0 0 0 0 0 0 0 0 0
##$SHL_OFFSCOEFF14= (0..95)
0 0 0 0 0 0 0 0 0 0 0 0 0 0 0 0 0 0 0 0 0 0 0 0 0 0 0 0 0 0 0 0 0 0 0 0
0 0 0 0 0 0 0 0 0 0 0 0 0 0 0 0 0 0 0 0 0 0 0 0 0 0 0 0 0 0 0 0 0 0 0 0
0 0 0 0 0 0 0 0 0 0 0 0 0 0 0 0 0 0 0 0 0 0 0 0
##$SHL_OFFSCOEFF15= (0..95)
0 0 0 0 0 0 0 0 0 0 0 0 0 0 0 0 0 0 0 0 0 0 0 0 0 0 0 0 0 0 0 0 0 0 0 0
0 0 0 0 0 0 0 0 0 0 0 0 0 0 0 0 0 0 0 0 0 0 0 0 0 0 0 0 0 0 0 0 0 0 0 0
0 0 0 0 0 0 0 0 0 0 0 0 0 0 0 0 0 0 0 0 0 0 0 0
##$SHL_OFFSCOEFF2= (0..95)
0 0 0 0 0 0 0 0 0 0 0 0 0 0 0 0 0 0 0 0 0 0 0 0 0 0 0 0 0 0 0 0 0 0 0 0
0 0 0 0 0 0 0 0 0 0 0 0 0 0 0 0 0 0 0 0 0 0 0 0 0 0 0 0 0 0 0 0 0 0 0 0
0 0 0 0 0 0 0 0 0 0 0 0 0 0 0 0 0 0 0 0 0 0 0 0
##$SHL_OFFSCOEFF3= (0..95)
0 0 0 0 0 0 0 0 0 0 0 0 0 0 0 0 0 0 0 0 0 0 0 0 0 0 0 0 0 0 0 0 0 0 0 0
0 0 0 0 0 0 0 0 0 0 0 0 0 0 0 0 0 0 0 0 0 0 0 0 0 0 0 0 0 0 0 0 0 0 0 0
0 0 0 0 0 0 0 0 0 0 0 0 0 0 0 0 0 0 0 0 0 0 0 0
##$SHL_OFFSCOEFF4= (0..95)
0 0 0 0 0 0 0 0 0 0 0 0 0 0 0 0 0 0 0 0 0 0 0 0 0 0 0 0 0 0 0 0 0 0 0 0
0 0 0 0 0 0 0 0 0 0 0 0 0 0 0 0 0 0 0 0 0 0 0 0 0 0 0 0 0 0 0 0 0 0 0 0
0 0 0 0 0 0 0 0 0 0 0 0 0 0 0 0 0 0 0 0 0 0 0 0
##$SHL_OFFSCOEFF5= (0..95)
0 0 0 0 0 0 0 0 0 0 0 0 0 0 0 0 0 0 0 0 0 0 0 0 0 0 0 0 0 0 0 0 0 0 0 0
0 0 0 0 0 0 0 0 0 0 0 0 0 0 0 0 0 0 0 0 0 0 0 0 0 0 0 0 0 0 0 0 0 0 0 0
0 0 0 0 0 0 0 0 0 0 0 0 0 0 0 0 0 0 0 0 0 0 0 0
##$SHL_OFFSCOEFF6= (0..95)
0 0 0 0 0 0 0 0 0 0 0 0 0 0 0 0 0 0 0 0 0 0 0 0 0 0 0 0 0 0 0 0 0 0 0 0
0 0 0 0 0 0 0 0 0 0 0 0 0 0 0 0 0 0 0 0 0 0 0 0 0 0 0 0 0 0 0 0 0 0 0 0
0 0 0 0 0 0 0 0 0 0 0 0 0 0 0 0 0 0 0 0 0 0 0 0
##$SHL_OFFSCOEFF7= (0..95)
0 0 0 0 0 0 0 0 0 0 0 0 0 0 0 0 0 0 0 0 0 0 0 0 0 0 0 0 0 0 0 0 0 0 0 0
0 0 0 0 0 0 0 0 0 0 0 0 0 0 0 0 0 0 0 0 0 0 0 0 0 0 0 0 0 0 0 0 0 0 0 0
0 0 0 0 0 0 0 0 0 0 0 0 0 0 0 0 0 0 0 0 0 0 0 0
##$SHL_OFFSCOEFF8= (0..95)
0 0 0 0 0 0 0 0 0 0 0 0 0 0 0 0 0 0 0 0 0 0 0 0 0 0 0 0 0 0 0 0 0 0 0 0
0 0 0 0 0 0 0 0 0 0 0 0 0 0 0 0 0 0 0 0 0 0 0 0 0 0 0 0 0 0 0 0 0 0 0 0
0 0 0 0 0 0 0 0 0 0 0 0 0 0 0 0 0 0 0 0 0 0 0 0
##$SHL_OFFSCOEFF9= (0..95)
0 0 0 0 0 0 0 0 0 0 0 0 0 0 0 0 0 0 0 0 0 0 0 0 0 0 0 0 0 0 0 0 0 0 0 0
0 0 0 0 0 0 0 0 0 0 0 0 0 0 0 0 0 0 0 0 0 0 0 0 0 0 0 0 0 0 0 0 0 0 0 0
0 0 0 0 0 0 0 0 0 0 0 0 0 0 0 0 0 0 0 0 0 0 0 0
##$SHL_PHASE= (0..15)
0 0 0 0 0 0 0 0 0 0 0 0 0 0 0 0
##$SHL_PHASEFAC= (0..15)
0 0 0 0 0 0 0 0 0 0 0 0 0 0 0 0
##$SHL_POWERINDEX= (0..15)
0 0 0 0 0 0 0 0 0 0 0 0 0 0 0 0
##$SHL_QUADCOEFF= (0..15)
0 0 0 0 0 0 0 0 0 0 0 0 0 0 0 0
##$SHL_RIGHTLIMIT= (0..15)
0 0 0 0 0 0 0 0 0 0 0 0 0 0 0 0
##$SHL_SCALEFACTOR= (0..15)
1 1 1 1 1 1 1 1 1 1 1 1 1 1 1 1
##$SHL_SF= (0..15)
<> <> <> <> <> <> <> <> <> <> <> <> <> <> <> <>
##$SHL_SFCOEFFS0= (0..200)
0 0 0 0 0 0 0 0 0 0 0 0 0 0 0 0 0 0 0 0 0 0 0 0 0 0 0 0 0 0 0 0 0 0 0 0
0 0 0 0 0 0 0 0 0 0 0 0 0 0 0 0 0 0 0 0 0 0 0 0 0 0 0 0 0 0 0 0 0 0 0 0
0 0 0 0 0 0 0 0 0 0 0 0 0 0 0 0 0 0 0 0 0 0 0 0 0 0 0 0 0 0 0 0 0 0 0 0
0 0 0 0 0 0 0 0 0 0 0 0 0 0 0 0 0 0 0 0 0 0 0 0 0 0 0 0 0 0 0 0 0 0 0 0
0 0 0 0 0 0 0 0 0 0 0 0 0 0 0 0 0 0 0 0 0 0 0 0 0 0 0 0 0 0 0 0 0 0 0 0
0 0 0 0 0 0 0 0 0 0 0 0 0 0 0 0 0 0 0 0 0
##$SHL_SFCOEFFS1= (0..200)
0 0 0 0 0 0 0 0 0 0 0 0 0 0 0 0 0 0 0 0 0 0 0 0 0 0 0 0 0 0 0 0 0 0 0 0
0 0 0 0 0 0 0 0 0 0 0 0 0 0 0 0 0 0 0 0 0 0 0 0 0 0 0 0 0 0 0 0 0 0 0 0
0 0 0 0 0 0 0 0 0 0 0 0 0 0 0 0 0 0 0 0 0 0 0 0 0 0 0 0 0 0 0 0 0 0 0 0
0 0 0 0 0 0 0 0 0 0 0 0 0 0 0 0 0 0 0 0 0 0 0 0 0 0 0 0 0 0 0 0 0 0 0 0
0 0 0 0 0 0 0 0 0 0 0 0 0 0 0 0 0 0 0 0 0 0 0 0 0 0 0 0 0 0 0 0 0 0 0 0
0 0 0 0 0 0 0 0 0 0 0 0 0 0 0 0 0 0 0 0 0
##$SHL_SFCOEFFS10= (0..200)
0 0 0 0 0 0 0 0 0 0 0 0 0 0 0 0 0 0 0 0 0 0 0 0 0 0 0 0 0 0 0 0 0 0 0 0
0 0 0 0 0 0 0 0 0 0 0 0 0 0 0 0 0 0 0 0 0 0 0 0 0 0 0 0 0 0 0 0 0 0 0 0
0 0 0 0 0 0 0 0 0 0 0 0 0 0 0 0 0 0 0 0 0 0 0 0 0 0 0 0 0 0 0 0 0 0 0 0
0 0 0 0 0 0 0 0 0 0 0 0 0 0 0 0 0 0 0 0 0 0 0 0 0 0 0 0 0 0 0 0 0 0 0 0
0 0 0 0 0 0 0 0 0 0 0 0 0 0 0 0 0 0 0 0 0 0 0 0 0 0 0 0 0 0 0 0 0 0 0 0
0 0 0 0 0 0 0 0 0 0 0 0 0 0 0 0 0 0 0 0 0
##$SHL_SFCOEFFS11= (0..200)
0 0 0 0 0 0 0 0 0 0 0 0 0 0 0 0 0 0 0 0 0 0 0 0 0 0 0 0 0 0 0 0 0 0 0 0
0 0 0 0 0 0 0 0 0 0 0 0 0 0 0 0 0 0 0 0 0 0 0 0 0 0 0 0 0 0 0 0 0 0 0 0
0 0 0 0 0 0 0 0 0 0 0 0 0 0 0 0 0 0 0 0 0 0 0 0 0 0 0 0 0 0 0 0 0 0 0 0
0 0 0 0 0 0 0 0 0 0 0 0 0 0 0 0 0 0 0 0 0 0 0 0 0 0 0 0 0 0 0 0 0 0 0 0
0 0 0 0 0 0 0 0 0 0 0 0 0 0 0 0 0 0 0 0 0 0 0 0 0 0 0 0 0 0 0 0 0 0 0 0
0 0 0 0 0 0 0 0 0 0 0 0 0 0 0 0 0 0 0 0 0
##$SHL_SFCOEFFS12= (0..200)
0 0 0 0 0 0 0 0 0 0 0 0 0 0 0 0 0 0 0 0 0 0 0 0 0 0 0 0 0 0 0 0 0 0 0 0
0 0 0 0 0 0 0 0 0 0 0 0 0 0 0 0 0 0 0 0 0 0 0 0 0 0 0 0 0 0 0 0 0 0 0 0
0 0 0 0 0 0 0 0 0 0 0 0 0 0 0 0 0 0 0 0 0 0 0 0 0 0 0 0 0 0 0 0 0 0 0 0
0 0 0 0 0 0 0 0 0 0 0 0 0 0 0 0 0 0 0 0 0 0 0 0 0 0 0 0 0 0 0 0 0 0 0 0
0 0 0 0 0 0 0 0 0 0 0 0 0 0 0 0 0 0 0 0 0 0 0 0 0 0 0 0 0 0 0 0 0 0 0 0
0 0 0 0 0 0 0 0 0 0 0 0 0 0 0 0 0 0 0 0 0
##$SHL_SFCOEFFS13= (0..200)
0 0 0 0 0 0 0 0 0 0 0 0 0 0 0 0 0 0 0 0 0 0 0 0 0 0 0 0 0 0 0 0 0 0 0 0
0 0 0 0 0 0 0 0 0 0 0 0 0 0 0 0 0 0 0 0 0 0 0 0 0 0 0 0 0 0 0 0 0 0 0 0
0 0 0 0 0 0 0 0 0 0 0 0 0 0 0 0 0 0 0 0 0 0 0 0 0 0 0 0 0 0 0 0 0 0 0 0
0 0 0 0 0 0 0 0 0 0 0 0 0 0 0 0 0 0 0 0 0 0 0 0 0 0 0 0 0 0 0 0 0 0 0 0
0 0 0 0 0 0 0 0 0 0 0 0 0 0 0 0 0 0 0 0 0 0 0 0 0 0 0 0 0 0 0 0 0 0 0 0
0 0 0 0 0 0 0 0 0 0 0 0 0 0 0 0 0 0 0 0 0
##$SHL_SFCOEFFS14= (0..200)
0 0 0 0 0 0 0 0 0 0 0 0 0 0 0 0 0 0 0 0 0 0 0 0 0 0 0 0 0 0 0 0 0 0 0 0
0 0 0 0 0 0 0 0 0 0 0 0 0 0 0 0 0 0 0 0 0 0 0 0 0 0 0 0 0 0 0 0 0 0 0 0
0 0 0 0 0 0 0 0 0 0 0 0 0 0 0 0 0 0 0 0 0 0 0 0 0 0 0 0 0 0 0 0 0 0 0 0
0 0 0 0 0 0 0 0 0 0 0 0 0 0 0 0 0 0 0 0 0 0 0 0 0 0 0 0 0 0 0 0 0 0 0 0
0 0 0 0 0 0 0 0 0 0 0 0 0 0 0 0 0 0 0 0 0 0 0 0 0 0 0 0 0 0 0 0 0 0 0 0
0 0 0 0 0 0 0 0 0 0 0 0 0 0 0 0 0 0 0 0 0
##$SHL_SFCOEFFS15= (0..200)
0 0 0 0 0 0 0 0 0 0 0 0 0 0 0 0 0 0 0 0 0 0 0 0 0 0 0 0 0 0 0 0 0 0 0 0
0 0 0 0 0 0 0 0 0 0 0 0 0 0 0 0 0 0 0 0 0 0 0 0 0 0 0 0 0 0 0 0 0 0 0 0
0 0 0 0 0 0 0 0 0 0 0 0 0 0 0 0 0 0 0 0 0 0 0 0 0 0 0 0 0 0 0 0 0 0 0 0
0 0 0 0 0 0 0 0 0 0 0 0 0 0 0 0 0 0 0 0 0 0 0 0 0 0 0 0 0 0 0 0 0 0 0 0
0 0 0 0 0 0 0 0 0 0 0 0 0 0 0 0 0 0 0 0 0 0 0 0 0 0 0 0 0 0 0 0 0 0 0 0
0 0 0 0 0 0 0 0 0 0 0 0 0 0 0 0 0 0 0 0 0
##$SHL_SFCOEFFS2= (0..200)
0 0 0 0 0 0 0 0 0 0 0 0 0 0 0 0 0 0 0 0 0 0 0 0 0 0 0 0 0 0 0 0 0 0 0 0
0 0 0 0 0 0 0 0 0 0 0 0 0 0 0 0 0 0 0 0 0 0 0 0 0 0 0 0 0 0 0 0 0 0 0 0
0 0 0 0 0 0 0 0 0 0 0 0 0 0 0 0 0 0 0 0 0 0 0 0 0 0 0 0 0 0 0 0 0 0 0 0
0 0 0 0 0 0 0 0 0 0 0 0 0 0 0 0 0 0 0 0 0 0 0 0 0 0 0 0 0 0 0 0 0 0 0 0
0 0 0 0 0 0 0 0 0 0 0 0 0 0 0 0 0 0 0 0 0 0 0 0 0 0 0 0 0 0 0 0 0 0 0 0
0 0 0 0 0 0 0 0 0 0 0 0 0 0 0 0 0 0 0 0 0
##$SHL_SFCOEFFS3= (0..200)
0 0 0 0 0 0 0 0 0 0 0 0 0 0 0 0 0 0 0 0 0 0 0 0 0 0 0 0 0 0 0 0 0 0 0 0
0 0 0 0 0 0 0 0 0 0 0 0 0 0 0 0 0 0 0 0 0 0 0 0 0 0 0 0 0 0 0 0 0 0 0 0
0 0 0 0 0 0 0 0 0 0 0 0 0 0 0 0 0 0 0 0 0 0 0 0 0 0 0 0 0 0 0 0 0 0 0 0
0 0 0 0 0 0 0 0 0 0 0 0 0 0 0 0 0 0 0 0 0 0 0 0 0 0 0 0 0 0 0 0 0 0 0 0
0 0 0 0 0 0 0 0 0 0 0 0 0 0 0 0 0 0 0 0 0 0 0 0 0 0 0 0 0 0 0 0 0 0 0 0
0 0 0 0 0 0 0 0 0 0 0 0 0 0 0 0 0 0 0 0 0
##$SHL_SFCOEFFS4= (0..200)
0 0 0 0 0 0 0 0 0 0 0 0 0 0 0 0 0 0 0 0 0 0 0 0 0 0 0 0 0 0 0 0 0 0 0 0
0 0 0 0 0 0 0 0 0 0 0 0 0 0 0 0 0 0 0 0 0 0 0 0 0 0 0 0 0 0 0 0 0 0 0 0
0 0 0 0 0 0 0 0 0 0 0 0 0 0 0 0 0 0 0 0 0 0 0 0 0 0 0 0 0 0 0 0 0 0 0 0
0 0 0 0 0 0 0 0 0 0 0 0 0 0 0 0 0 0 0 0 0 0 0 0 0 0 0 0 0 0 0 0 0 0 0 0
0 0 0 0 0 0 0 0 0 0 0 0 0 0 0 0 0 0 0 0 0 0 0 0 0 0 0 0 0 0 0 0 0 0 0 0
0 0 0 0 0 0 0 0 0 0 0 0 0 0 0 0 0 0 0 0 0
##$SHL_SFCOEFFS5= (0..200)
0 0 0 0 0 0 0 0 0 0 0 0 0 0 0 0 0 0 0 0 0 0 0 0 0 0 0 0 0 0 0 0 0 0 0 0
0 0 0 0 0 0 0 0 0 0 0 0 0 0 0 0 0 0 0 0 0 0 0 0 0 0 0 0 0 0 0 0 0 0 0 0
0 0 0 0 0 0 0 0 0 0 0 0 0 0 0 0 0 0 0 0 0 0 0 0 0 0 0 0 0 0 0 0 0 0 0 0
0 0 0 0 0 0 0 0 0 0 0 0 0 0 0 0 0 0 0 0 0 0 0 0 0 0 0 0 0 0 0 0 0 0 0 0
0 0 0 0 0 0 0 0 0 0 0 0 0 0 0 0 0 0 0 0 0 0 0 0 0 0 0 0 0 0 0 0 0 0 0 0
0 0 0 0 0 0 0 0 0 0 0 0 0 0 0 0 0 0 0 0 0
##$SHL_SFCOEFFS6= (0..200)
0 0 0 0 0 0 0 0 0 0 0 0 0 0 0 0 0 0 0 0 0 0 0 0 0 0 0 0 0 0 0 0 0 0 0 0
0 0 0 0 0 0 0 0 0 0 0 0 0 0 0 0 0 0 0 0 0 0 0 0 0 0 0 0 0 0 0 0 0 0 0 0
0 0 0 0 0 0 0 0 0 0 0 0 0 0 0 0 0 0 0 0 0 0 0 0 0 0 0 0 0 0 0 0 0 0 0 0
0 0 0 0 0 0 0 0 0 0 0 0 0 0 0 0 0 0 0 0 0 0 0 0 0 0 0 0 0 0 0 0 0 0 0 0
0 0 0 0 0 0 0 0 0 0 0 0 0 0 0 0 0 0 0 0 0 0 0 0 0 0 0 0 0 0 0 0 0 0 0 0
0 0 0 0 0 0 0 0 0 0 0 0 0 0 0 0 0 0 0 0 0
##$SHL_SFCOEFFS7= (0..200)
0 0 0 0 0 0 0 0 0 0 0 0 0 0 0 0 0 0 0 0 0 0 0 0 0 0 0 0 0 0 0 0 0 0 0 0
0 0 0 0 0 0 0 0 0 0 0 0 0 0 0 0 0 0 0 0 0 0 0 0 0 0 0 0 0 0 0 0 0 0 0 0
0 0 0 0 0 0 0 0 0 0 0 0 0 0 0 0 0 0 0 0 0 0 0 0 0 0 0 0 0 0 0 0 0 0 0 0
0 0 0 0 0 0 0 0 0 0 0 0 0 0 0 0 0 0 0 0 0 0 0 0 0 0 0 0 0 0 0 0 0 0 0 0
0 0 0 0 0 0 0 0 0 0 0 0 0 0 0 0 0 0 0 0 0 0 0 0 0 0 0 0 0 0 0 0 0 0 0 0
0 0 0 0 0 0 0 0 0 0 0 0 0 0 0 0 0 0 0 0 0
##$SHL_SFCOEFFS8= (0..200)
0 0 0 0 0 0 0 0 0 0 0 0 0 0 0 0 0 0 0 0 0 0 0 0 0 0 0 0 0 0 0 0 0 0 0 0
0 0 0 0 0 0 0 0 0 0 0 0 0 0 0 0 0 0 0 0 0 0 0 0 0 0 0 0 0 0 0 0 0 0 0 0
0 0 0 0 0 0 0 0 0 0 0 0 0 0 0 0 0 0 0 0 0 0 0 0 0 0 0 0 0 0 0 0 0 0 0 0
0 0 0 0 0 0 0 0 0 0 0 0 0 0 0 0 0 0 0 0 0 0 0 0 0 0 0 0 0 0 0 0 0 0 0 0
0 0 0 0 0 0 0 0 0 0 0 0 0 0 0 0 0 0 0 0 0 0 0 0 0 0 0 0 0 0 0 0 0 0 0 0
0 0 0 0 0 0 0 0 0 0 0 0 0 0 0 0 0 0 0 0 0
##$SHL_SFCOEFFS9= (0..200)
0 0 0 0 0 0 0 0 0 0 0 0 0 0 0 0 0 0 0 0 0 0 0 0 0 0 0 0 0 0 0 0 0 0 0 0
0 0 0 0 0 0 0 0 0 0 0 0 0 0 0 0 0 0 0 0 0 0 0 0 0 0 0 0 0 0 0 0 0 0 0 0
0 0 0 0 0 0 0 0 0 0 0 0 0 0 0 0 0 0 0 0 0 0 0 0 0 0 0 0 0 0 0 0 0 0 0 0
0 0 0 0 0 0 0 0 0 0 0 0 0 0 0 0 0 0 0 0 0 0 0 0 0 0 0 0 0 0 0 0 0 0 0 0
0 0 0 0 0 0 0 0 0 0 0 0 0 0 0 0 0 0 0 0 0 0 0 0 0 0 0 0 0 0 0 0 0 0 0 0
0 0 0 0 0 0 0 0 0 0 0 0 0 0 0 0 0 0 0 0 0
##$SHL_SMOOTHED= (0..15)
0 0 0 0 0 0 0 0 0 0 0 0 0 0 0 0
##$SHL_SMOOTHING= (0..15)
0 0 0 0 0 0 0 0 0 0 0 0 0 0 0 0
##$SHL_SPOAL= (0..15)
0 0 0 0 0 0 0 0 0 0 0 0 0 0 0 0
##$SHL_SPOFFS= (0..15)
0 0 0 0 0 0 0 0 0 0 0 0 0 0 0 0
##$SHL_SPOPH= (0..15)
0 0 0 0 0 0 0 0 0 0 0 0 0 0 0 0
##$SHL_STARTAMP= (0..15)
0 0 0 0 0 0 0 0 0 0 0 0 0 0 0 0
##$SHL_SW= (0..15)
0 0 0 0 0 0 0 0 0 0 0 0 0 0 0 0
##$SHL_SWDIR= (0..15)
-1 -1 -1 -1 -1 -1 -1 -1 -1 -1 -1 -1 -1 -1 -1 -1
##$SHL_TANKAPPA= (0..15)
0 0 0 0 0 0 0 0 0 0 0 0 0 0 0 0
##$SHL_TOTROT= (0..15)
90 0 0 0 0 0 0 0 0 0 0 0 0 0 0 0
##$SHL_TRUNCLEV= (0..15)
0 0 0 0 0 0 0 0 0 0 0 0 0 0 0 0
##$SHL_TYPE= (0..15)
<Excitation> <> <> <> <> <> <> <> <> <> <> <> <> <> <> <>
##$SHL_WINDOWSIZE= (0..15)
0 0 0 0 0 0 0 0 0 0 0 0 0 0 0 0
##$SHL_ZETA= (0..15)
0 0 0 0 0 0 0 0 0 0 0 0 0 0 0 0
##NPOINTS= 1250
##XYPOINTS= (XY..XY)
72.796083, 72.519830
72.334821, 74.138736
71.870701, 75.757732
71.403757, 77.376820
70.934023, 78.996001
70.461533, 80.615278
69.986322, 82.234653
69.508426, 83.854127
69.027878, 85.473703
68.544715, 87.093384
68.058971, 88.713170
67.570683, 90.333066
67.079886, 91.953072
66.586616, 93.573193
66.090909, 95.193430
65.592802, 96.813786
65.092332, 98.434264
64.589534, 100.054867
64.084446, 101.675598
63.577104, 103.296460
63.067547, 104.917456
62.555811, 106.538590
62.041935, 108.159865
61.525954, 109.781285
61.007909, 111.402853
60.487835, 113.024574
59.965773, 114.646451
59.441759, 116.268489
58.915833, 117.890691
58.388032, 119.513063
57.858397, 121.135609
57.326965, 122.758334
56.793775, 124.381243
56.258867, 126.004341
55.722280, 127.627634
55.184053, 129.251127
54.644226, 130.874826
54.102839, 132.498738
53.559930, 134.122868
53.015541, 135.747224
52.469710, 137.371813
51.922479, 138.996641
51.373886, 140.621717
50.823973, 142.247048
50.272780, 143.872642
49.720347, 145.498508
49.166715, 147.124656
48.611925, 148.751094
48.056016, 150.377832
47.499031, 152.004881
46.941010, 153.632252
46.381994, 155.259955
45.822023, 156.888004
45.261140, 158.516409
44.699386, 160.145185
44.136801, 161.774345
43.573427, 163.403903
43.009305, 165.033875
42.444477, 166.664276
41.878985, 168.295124
41.312870, 169.926435
40.746174, 171.558230
40.178938, 173.190527
39.611204, 174.823347
39.043014, 176.456712
38.474409, 178.090645
37.905433, 179.725171
37.336126, 181.360316
36.766530, 182.996107
36.196688, 184.632574
35.626641, 186.269747
35.056432, 187.907659
34.486102, 189.546346
33.915694, 191.185844
33.345250, 192.826194
32.774812, 194.467437
32.204421, 196.109619
31.634122, 197.752788
31.063954, 199.396997
30.493962, 201.042299
29.924186, 202.688754
29.354670, 204.336427
28.785456, 205.985386
28.216585, 207.635705
27.648100, 209.287462
27.080044, 210.940745
26.512459, 212.595646
25.945387, 214.252265
25.378871, 215.910712
24.812953, 217.571104
24.247676, 219.233572
23.683082, 220.898256
23.119214, 222.565310
22.556114, 224.234901
21.993825, 225.907214
21.432391, 227.582452
20.871853, 229.260839
20.312256, 230.942622
19.753641, 232.628073
19.196053, 234.317496
18.639534, 236.011230
18.084130, 237.709651
17.529883, 239.413182
16.976838, 241.122298
16.425040, 242.837535
15.874534, 244.559498
15.325365, 246.288876
14.777581, 248.026457
14.231227, 249.773140
13.686353, 251.529963
13.143008, 253.298130
12.601242, 255.079037
12.061108, 256.874325
11.522661, 258.685923
10.985957, 260.516125
10.451058, 262.367672
9.918028, 264.243870
9.386938, 266.148746
8.857866, 268.087245
8.330898, 270.065518
7.806132, 272.091305
7.283686, 274.174482
6.763697, 276.327846
6.246335, 278.568275
5.731817, 280.918483
5.220426, 283.409739
4.712549, 286.086274
4.208735, 289.012631
3.709803, 292.286566
3.217038, 296.062831
2.732594, 300.599767
2.260368, 306.356669
1.808090, 314.209838
1.392849, 325.933914
1.055856, 344.955537
0.886871, 14.446458
0.973645, 46.362688
1.261701, 68.641171
1.646472, 82.238571
2.073027, 91.074830
2.518734, 97.378129
2.973706, 102.241942
3.433130, 106.226788
3.894422, 109.641042
4.356074, 112.665939
4.817150, 115.414145
5.277029, 117.959067
5.735286, 120.350445
6.191610, 122.623116
6.645772, 124.802177
7.097593, 126.906145
7.546930, 128.948979
7.993667, 130.941389
8.437706, 132.891731
8.878962, 134.806615
9.317363, 136.691341
9.752841, 138.550201
10.185339, 140.386715
10.614801, 142.203791
11.041178, 144.003854
11.464421, 145.788944
11.884487, 147.560785
12.301333, 149.320849
12.714920, 151.070396
13.125207, 152.810513
13.532158, 154.542143
13.935737, 156.266106
14.335907, 157.983121
14.732636, 159.693819
15.125889, 161.398756
15.515635, 163.098427
15.901840, 164.793269
16.284473, 166.483673
16.663505, 168.169990
17.038903, 169.852533
17.410640, 171.531584
17.778685, 173.207399
18.143010, 174.880208
18.503586, 176.550220
18.860385, 178.217625
19.213381, 179.882596
19.562545, 181.545292
19.907851, 183.205856
20.249273, 184.864422
20.586785, 186.521111
20.920360, 188.176034
21.249975, 189.829296
21.575603, 191.480990
21.897221, 193.131205
22.214804, 194.780022
22.528328, 196.427517
22.837770, 198.073759
23.143106, 199.718814
23.444314, 201.362743
23.741371, 203.005601
24.034255, 204.647441
24.322944, 206.288312
24.607417, 207.928261
24.887652, 209.567330
25.163628, 211.205559
25.435326, 212.842987
25.702724, 214.479649
25.965803, 216.115578
26.224543, 217.750806
26.478925, 219.385361
26.728931, 221.019273
26.974541, 222.652566
27.215738, 224.285266
27.452503, 225.917396
27.684819, 227.548978
27.912670, 229.180033
28.136037, 230.810580
28.354905, 232.440639
28.569257, 234.070226
28.779078, 235.699359
28.984352, 237.328053
29.185063, 238.956325
29.381198, 240.584186
29.572740, 242.211653
29.759678, 243.838736
29.941995, 245.465449
30.119680, 247.091804
30.292719, 248.717810
30.461098, 250.343480
30.624807, 251.968822
30.783832, 253.593847
30.938162, 255.218563
31.087786, 256.842979
31.232692, 258.467104
31.372870, 260.090945
31.508309, 261.714510
31.639000, 263.337806
31.764932, 264.960839
31.886098, 266.583617
32.002486, 268.206145
32.114090, 269.828429
32.220901, 271.450475
32.322910, 273.072288
32.420111, 274.693873
32.512496, 276.315236
32.600058, 277.936380
32.682791, 279.557311
32.760690, 281.178031
32.833747, 282.798546
32.901958, 284.418859
32.965317, 286.038973
33.023821, 287.658892
33.077464, 289.278619
33.126243, 290.898157
33.170153, 292.517510
33.209193, 294.136678
33.243359, 295.755666
33.272648, 297.374476
33.297058, 298.993109
33.316588, 300.611568
33.331235, 302.229854
33.341000, 303.847970
33.345880, 305.465917
33.345877, 307.083697
33.340989, 308.701311
33.331217, 310.318759
33.316562, 311.936045
33.297024, 313.553167
33.272606, 315.170127
33.243309, 316.786927
33.209135, 318.403565
33.170087, 320.020044
33.126167, 321.636362
33.077379, 323.252521
33.023726, 324.868520
32.965212, 326.484360
32.901842, 328.100040
32.833619, 329.715559
32.760550, 331.330918
32.682639, 332.946116
32.599893, 334.561152
32.512316, 336.176025
32.419916, 337.790734
32.322699, 339.405278
32.220673, 341.019656
32.113845, 342.633866
32.002222, 344.247907
31.885814, 345.861777
31.764628, 347.475473
31.638673, 349.088994
31.507959, 350.702338
31.372494, 352.315501
31.232291, 353.928482
31.087357, 355.541278
30.937704, 357.153884
30.783344, 358.766299
30.624286, 0.378518
30.460544, 1.990538
30.292128, 3.602355
30.119052, 5.213964
29.941328, 6.825360
29.758969, 8.436540
29.571988, 10.047498
29.380400, 11.658228
29.184217, 13.268725
28.983456, 14.878983
28.778129, 16.488994
28.568253, 18.098752
28.353843, 19.708250
28.134914, 21.317480
27.911483, 22.926433
27.683566, 24.535102
27.451179, 26.143476
27.214341, 27.751545
26.973067, 29.359299
26.727377, 30.966728
26.477287, 32.573818
26.222817, 34.180558
25.963985, 35.786934
25.700810, 37.392931
25.433311, 38.998535
25.161508, 40.603729
24.885421, 42.208496
24.605071, 43.812817
24.320478, 45.416673
24.031662, 47.020042
23.738646, 48.622903
23.441450, 50.225230
23.140097, 51.826997
22.834609, 53.428177
22.525008, 55.028740
22.211317, 56.628654
21.893559, 58.227884
21.571758, 59.826391
21.245937, 61.424137
20.916121, 63.021078
20.582333, 64.617165
20.244599, 66.212348
19.902943, 67.806570
19.557391, 69.399772
19.207969, 70.991887
18.854701, 72.582843
18.497615, 74.172561
18.136736, 75.760954
17.772092, 77.347928
17.403710, 78.933377
17.031618, 80.517187
16.655842, 82.099229
16.276411, 83.679363
15.893354, 85.257430
15.506699, 86.833256
15.116475, 88.406643
14.722712, 89.977373
14.325440, 91.545197
13.924689, 93.109835
13.520489, 94.670970
13.112871, 96.228240
12.701868, 97.781234
12.287510, 99.329474
11.869831, 100.872415
11.448863, 102.409419
11.024640, 103.939744
10.597198, 105.462517
10.166570, 106.976707
9.732793, 108.481086
9.295905, 109.974176
8.855945, 111.454190
8.412954, 112.918940
7.966974, 114.365723
7.518051, 115.791155
7.066235, 117.190946
6.611580, 118.559575
6.154148, 119.889817
5.694009, 121.172024
5.231248, 122.393031
4.765972, 123.534386
4.298316, 124.569422
3.828472, 125.458122
3.356719, 126.137631
2.883498, 126.503408
2.409581, 126.368261
1.936464, 125.362384
1.467542, 122.648382
1.012439, 115.918284
0.609458, 96.967778
0.447532, 45.577129
0.720313, 4.417696
1.155123, 350.702444
1.629024, 345.572139
2.117554, 343.496534
2.613826, 342.801979
3.115220, 342.840340
3.620517, 343.312222
4.129069, 344.061150
4.640490, 344.997646
5.154528, 346.066924
5.671009, 347.233600
6.189802, 348.473813
6.710805, 349.770896
7.233933, 351.112858
7.759112, 352.490854
8.286280, 353.898216
8.815377, 355.329826
9.346350, 356.781686
9.879146, 358.250633
10.413718, 359.734127
10.950018, 1.230109
11.488000, 2.736888
12.027619, 4.253069
12.568831, 5.777483
13.111594, 7.309149
13.655863, 8.847235
14.201596, 10.391032
14.748751, 11.939931
15.297285, 13.493406
15.847158, 15.051002
16.398326, 16.612321
16.950748, 18.177016
17.504382, 19.744780
18.059188, 21.315343
18.615122, 22.888467
19.172144, 24.463937
19.730213, 26.041564
20.289285, 27.621177
20.849321, 29.202625
21.410278, 30.785769
21.972115, 32.370485
22.534790, 33.956661
23.098261, 35.544195
23.662488, 37.132994
24.227427, 38.722973
24.793038, 40.314056
25.359279, 41.906171
25.926108, 43.499255
26.493483, 45.093247
27.061362, 46.688093
27.629704, 48.283742
28.198467, 49.880147
28.767609, 51.477266
29.337088, 53.075059
29.906862, 54.673489
30.476889, 56.272520
31.047128, 57.872123
31.617537, 59.472265
32.188073, 61.072921
32.758694, 62.674064
33.329360, 64.275669
33.900027, 65.877715
34.470654, 67.480179
35.041200, 69.083043
35.611621, 70.686287
36.181877, 72.289894
36.751925, 73.893847
37.321724, 75.498132
37.891232, 77.102732
38.460407, 78.707636
39.029207, 80.312828
39.597590, 81.918298
40.165516, 83.524034
40.732941, 85.130024
41.299825, 86.736259
41.866127, 88.342728
42.431803, 89.949423
42.996814, 91.556333
43.561117, 93.163452
44.124671, 94.770770
44.687435, 96.378281
45.249367, 97.985977
45.810427, 99.593851
46.370573, 101.201897
46.929764, 102.810109
47.487959, 104.418480
48.045117, 106.027005
48.601198, 107.635678
49.156160, 109.244495
49.709963, 110.853450
50.262566, 112.462538
50.813929, 114.071756
51.364012, 115.681099
51.912773, 117.290562
52.460173, 118.900143
53.006172, 120.509836
53.550729, 122.119638
54.093806, 123.729547
54.635361, 125.339558
55.175355, 126.949668
55.713749, 128.559874
56.250503, 130.170174
56.785577, 131.780564
57.318934, 133.391042
57.850532, 135.001604
58.380335, 136.612250
58.908302, 138.222975
59.434395, 139.833778
59.958575, 141.444657
60.480804, 143.055608
61.001044, 144.666631
61.519257, 146.277724
62.035404, 147.888883
62.549448, 149.500108
63.061351, 151.111396
63.571076, 152.722746
64.078585, 154.334156
64.583841, 155.945625
65.086807, 157.557150
65.587446, 159.168731
66.085721, 160.780366
66.581597, 162.392053
67.075036, 164.003791
67.566002, 165.615578
68.054460, 167.227415
68.540373, 168.839298
69.023707, 170.451227
69.504425, 172.063201
69.982492, 173.675219
70.457873, 175.287279
70.930535, 176.899381
71.400440, 178.511523
71.867557, 180.123704
72.331849, 181.735924
72.793284, 183.348181
73.251827, 184.960475
73.707444, 186.572805
74.160103, 188.185169
74.609770, 189.797567
75.056412, 191.409999
75.499997, 193.022463
75.940492, 194.634958
76.377864, 196.247484
76.812082, 197.860040
77.243114, 199.472626
77.670927, 201.085240
78.095492, 202.697882
78.516776, 204.310552
78.934750, 205.923248
79.349381, 207.535970
79.760641, 209.148718
80.168498, 210.761491
80.572922, 212.374288
80.973885, 213.987108
81.371357, 215.599952
81.765308, 217.212819
82.155711, 218.825707
82.542535, 220.438618
82.925753, 222.051549
83.305337, 223.664501
83.681259, 225.277474
84.053491, 226.890466
84.422006, 228.503477
84.786777, 230.116507
85.147778, 231.729555
85.504982, 233.342622
85.858362, 234.955706
86.207893, 236.568807
86.553549, 238.181925
86.895305, 239.795060
87.233136, 241.408210
87.567017, 243.021376
87.896924, 244.634558
88.222832, 246.247754
88.544718, 247.860965
88.862557, 249.474190
89.176327, 251.087429
89.486005, 252.700682
89.791568, 254.313948
90.092994, 255.927227
90.390259, 257.540519
90.683344, 259.153823
90.972226, 260.767139
91.256884, 262.380467
91.537297, 263.993806
91.813444, 265.607157
92.085306, 267.220519
92.352863, 268.833891
92.616094, 270.447274
92.874981, 272.060667
93.129505, 273.674070
93.379646, 275.287483
93.625388, 276.900905
93.866710, 278.514336
94.103597, 280.127776
94.336030, 281.741225
94.563993, 283.354683
94.787469, 284.968148
95.006441, 286.581622
95.220894, 288.195104
95.430811, 289.808593
95.636177, 291.422090
95.836978, 293.035594
96.033198, 294.649105
96.224824, 296.262622
96.411840, 297.876147
96.594234, 299.489677
96.771992, 301.103214
96.945102, 302.716757
97.113549, 304.330306
97.277322, 305.943860
97.436410, 307.557420
97.590799, 309.170985
97.740480, 310.784555
97.885441, 312.398130
98.025671, 314.011709
98.161160, 315.625293
98.291899, 317.238882
98.417877, 318.852475
98.539086, 320.466071
98.655516, 322.079672
98.767159, 323.693276
98.874007, 325.306884
98.976052, 326.920495
99.073286, 328.534110
99.165703, 330.147727
99.253295, 331.761348
99.336057, 333.374970
99.413982, 334.988596
99.487064, 336.602224
99.555298, 338.215854
99.618679, 339.829486
99.677203, 341.443120
99.730864, 343.056756
99.779660, 344.670394
99.823587, 346.284032
99.862641, 347.897673
99.896819, 349.511314
99.926119, 351.124956
99.950540, 352.738600
99.970078, 354.352243
99.984733, 355.965888
99.994504, 357.579532
99.999389, 359.193177
99.999389, 0.806823
99.994504, 2.420468
99.984733, 4.034112
99.970078, 5.647757
99.950540, 7.261400
99.926119, 8.875044
99.896819, 10.488686
99.862641, 12.102327
99.823587, 13.715968
99.779660, 15.329606
99.730864, 16.943244
99.677203, 18.556880
99.618679, 20.170514
99.555298, 21.784146
99.487064, 23.397776
99.413982, 25.011404
99.336057, 26.625030
99.253295, 28.238652
99.165703, 29.852273
99.073286, 31.465890
98.976052, 33.079505
98.874007, 34.693116
98.767159, 36.306724
98.655516, 37.920328
98.539086, 39.533929
98.417877, 41.147525
98.291899, 42.761118
98.161160, 44.374707
98.025671, 45.988291
97.885441, 47.601870
97.740480, 49.215445
97.590799, 50.829015
97.436410, 52.442580
97.277322, 54.056140
97.113549, 55.669694
96.945102, 57.283243
96.771992, 58.896786
96.594234, 60.510323
96.411840, 62.123853
96.224824, 63.737378
96.033198, 65.350895
95.836978, 66.964406
95.636177, 68.577910
95.430811, 70.191407
95.220894, 71.804896
95.006441, 73.418378
94.787469, 75.031852
94.563993, 76.645317
94.336030, 78.258775
94.103597, 79.872224
93.866710, 81.485664
93.625388, 83.099095
93.379646, 84.712517
93.129505, 86.325930
92.874981, 87.939333
92.616094, 89.552726
92.352863, 91.166109
92.085306, 92.779481
91.813444, 94.392843
91.537297, 96.006194
91.256884, 97.619533
90.972226, 99.232861
90.683344, 100.846177
90.390259, 102.459481
90.092994, 104.072773
89.791568, 105.686052
89.486005, 107.299318
89.176327, 108.912571
88.862557, 110.525810
88.544718, 112.139035
88.222832, 113.752246
87.896924, 115.365442
87.567017, 116.978624
87.233136, 118.591790
86.895305, 120.204940
86.553549, 121.818075
86.207893, 123.431193
85.858362, 125.044294
85.504982, 126.657378
85.147778, 128.270445
84.786777, 129.883493
84.422006, 131.496523
84.053491, 133.109534
83.681259, 134.722526
83.305337, 136.335499
82.925753, 137.948451
82.542535, 139.561382
82.155711, 141.174293
81.765308, 142.787181
81.371357, 144.400048
80.973885, 146.012892
80.572922, 147.625712
80.168498, 149.238509
79.760641, 150.851282
79.349381, 152.464030
78.934750, 154.076752
78.516776, 155.689448
78.095492, 157.302118
77.670927, 158.914760
77.243114, 160.527374
76.812082, 162.139960
76.377864, 163.752516
75.940492, 165.365042
75.499997, 166.977537
75.056412, 168.590001
74.609770, 170.202433
74.160103, 171.814831
73.707444, 173.427195
73.251827, 175.039525
72.793284, 176.651819
72.331849, 178.264076
71.867557, 179.876296
71.400440, 181.488477
70.930535, 183.100619
70.457873, 184.712721
69.982492, 186.324781
69.504425, 187.936799
69.023707, 189.548773
68.540373, 191.160702
68.054460, 192.772585
67.566002, 194.384422
67.075036, 195.996209
66.581597, 197.607947
66.085721, 199.219634
65.587446, 200.831269
65.086807, 202.442850
64.583841, 204.054375
64.078585, 205.665844
63.571076, 207.277254
63.061351, 208.888604
62.549448, 210.499892
62.035404, 212.111117
61.519257, 213.722276
61.001044, 215.333369
60.480804, 216.944392
59.958575, 218.555343
59.434395, 220.166222
58.908302, 221.777025
58.380335, 223.387750
57.850532, 224.998396
57.318934, 226.608958
56.785577, 228.219436
56.250503, 229.829826
55.713749, 231.440126
55.175355, 233.050332
54.635361, 234.660442
54.093806, 236.270453
53.550729, 237.880362
53.006172, 239.490164
52.460173, 241.099857
51.912773, 242.709438
51.364012, 244.318901
50.813929, 245.928244
50.262566, 247.537462
49.709963, 249.146550
49.156160, 250.755505
48.601198, 252.364322
48.045117, 253.972995
47.487959, 255.581520
46.929764, 257.189891
46.370573, 258.798103
45.810427, 260.406149
45.249367, 262.014023
44.687435, 263.621719
44.124671, 265.229230
43.561117, 266.836548
42.996814, 268.443667
42.431803, 270.050577
41.866127, 271.657272
41.299825, 273.263741
40.732941, 274.869976
40.165516, 276.475966
39.597590, 278.081702
39.029207, 279.687172
38.460407, 281.292364
37.891232, 282.897268
37.321724, 284.501868
36.751925, 286.106153
36.181877, 287.710106
35.611621, 289.313713
35.041200, 290.916957
34.470654, 292.519821
33.900027, 294.122285
33.329360, 295.724331
32.758694, 297.325936
32.188073, 298.927079
31.617537, 300.527735
31.047128, 302.127877
30.476889, 303.727480
29.906862, 305.326511
29.337088, 306.924941
28.767609, 308.522734
28.198467, 310.119853
27.629704, 311.716258
27.061362, 313.311907
26.493483, 314.906753
25.926108, 316.500745
25.359279, 318.093829
24.793038, 319.685944
24.227427, 321.277027
23.662488, 322.867006
23.098261, 324.455805
22.534790, 326.043339
21.972115, 327.629515
21.410278, 329.214231
20.849321, 330.797375
20.289285, 332.378823
19.730213, 333.958436
19.172144, 335.536063
18.615122, 337.111533
18.059188, 338.684657
17.504382, 340.255220
16.950748, 341.822984
16.398326, 343.387679
15.847158, 344.948998
15.297285, 346.506594
14.748751, 348.060069
14.201596, 349.608968
13.655863, 351.152765
13.111594, 352.690851
12.568831, 354.222517
12.027619, 355.746931
11.488000, 357.263112
10.950018, 358.769891
10.413718, 0.265873
9.879146, 1.749367
9.346350, 3.218314
8.815377, 4.670174
8.286280, 6.101784
7.759112, 7.509146
7.233933, 8.887142
6.710805, 10.229104
6.189802, 11.526187
5.671009, 12.766400
5.154528, 13.933076
4.640490, 15.002354
4.129069, 15.938850
3.620517, 16.687778
3.115220, 17.159660
2.613826, 17.198021
2.117554, 16.503466
1.629024, 14.427861
1.155123, 9.297556
0.720313, 355.582304
0.447532, 314.422871
0.609458, 263.032222
1.012439, 244.081716
1.467542, 237.351618
1.936464, 234.637616
2.409581, 233.631739
2.883498, 233.496592
3.356719, 233.862369
3.828472, 234.541878
4.298316, 235.430578
4.765972, 236.465614
5.231248, 237.606969
5.694009, 238.827976
6.154148, 240.110183
6.611580, 241.440425
7.066235, 242.809054
7.518051, 244.208845
7.966974, 245.634277
8.412954, 247.081060
8.855945, 248.545810
9.295905, 250.025824
9.732793, 251.518914
10.166570, 253.023293
10.597198, 254.537483
11.024640, 256.060256
11.448863, 257.590581
11.869831, 259.127585
12.287510, 260.670526
12.701868, 262.218766
13.112871, 263.771760
13.520489, 265.329030
13.924689, 266.890165
14.325440, 268.454803
14.722712, 270.022627
15.116475, 271.593357
15.506699, 273.166744
15.893354, 274.742570
16.276411, 276.320637
16.655842, 277.900771
17.031618, 279.482813
17.403710, 281.066623
17.772092, 282.652072
18.136736, 284.239046
18.497615, 285.827439
18.854701, 287.417157
19.207969, 289.008113
19.557391, 290.600228
19.902943, 292.193430
20.244599, 293.787652
20.582333, 295.382835
20.916121, 296.978922
21.245937, 298.575863
21.571758, 300.173609
21.893559, 301.772116
22.211317, 303.371346
22.525008, 304.971260
22.834609, 306.571823
23.140097, 308.173003
23.441450, 309.774770
23.738646, 311.377097
24.031662, 312.979958
24.320478, 314.583327
24.605071, 316.187183
24.885421, 317.791504
25.161508, 319.396271
25.433311, 321.001465
25.700810, 322.607069
25.963985, 324.213066
26.222817, 325.819442
26.477287, 327.426182
26.727377, 329.033272
26.973067, 330.640701
27.214341, 332.248455
27.451179, 333.856524
27.683566, 335.464898
27.911483, 337.073567
28.134914, 338.682520
28.353843, 340.291750
28.568253, 341.901248
28.778129, 343.511006
28.983456, 345.121017
29.184217, 346.731275
29.380400, 348.341772
29.571988, 349.952502
29.758969, 351.563460
29.941328, 353.174640
30.119052, 354.786036
30.292128, 356.397645
30.460544, 358.009462
30.624286, 359.621482
30.783344, 1.233701
30.937704, 2.846116
31.087357, 4.458722
31.232291, 6.071518
31.372494, 7.684499
31.507959, 9.297662
31.638673, 10.911006
31.764628, 12.524527
31.885814, 14.138223
32.002222, 15.752093
32.113845, 17.366134
32.220673, 18.980344
32.322699, 20.594722
32.419916, 22.209266
32.512316, 23.823975
32.599893, 25.438848
32.682639, 27.053884
32.760550, 28.669082
32.833619, 30.284441
32.901842, 31.899960
32.965212, 33.515640
33.023726, 35.131480
33.077379, 36.747479
33.126167, 38.363638
33.170087, 39.979956
33.209135, 41.596435
33.243309, 43.213073
33.272606, 44.829873
33.297024, 46.446833
33.316562, 48.063955
33.331217, 49.681241
33.340989, 51.298689
33.345877, 52.916303
33.345880, 54.534083
33.341000, 56.152030
33.331235, 57.770146
33.316588, 59.388432
33.297058, 61.006891
33.272648, 62.625524
33.243359, 64.244334
33.209193, 65.863322
33.170153, 67.482490
33.126243, 69.101843
33.077464, 70.721381
33.023821, 72.341108
32.965317, 73.961027
32.901958, 75.581141
32.833747, 77.201454
32.760690, 78.821969
32.682791, 80.442689
32.600058, 82.063620
32.512496, 83.684764
32.420111, 85.306127
32.322910, 86.927712
32.220901, 88.549525
32.114090, 90.171571
32.002486, 91.793855
31.886098, 93.416383
31.764932, 95.039161
31.639000, 96.662194
31.508309, 98.285490
31.372870, 99.909055
31.232692, 101.532896
31.087786, 103.157021
30.938162, 104.781437
30.783832, 106.406153
30.624807, 108.031178
30.461098, 109.656520
30.292719, 111.282190
30.119680, 112.908196
29.941995, 114.534551
29.759678, 116.161264
29.572740, 117.788347
29.381198, 119.415814
29.185063, 121.043675
28.984352, 122.671947
28.779078, 124.300641
28.569257, 125.929774
28.354905, 127.559361
28.136037, 129.189420
27.912670, 130.819967
27.684819, 132.451022
27.452503, 134.082604
27.215738, 135.714734
26.974541, 137.347434
26.728931, 138.980727
26.478925, 140.614639
26.224543, 142.249194
25.965803, 143.884422
25.702724, 145.520351
25.435326, 147.157013
25.163628, 148.794441
24.887652, 150.432670
24.607417, 152.071739
24.322944, 153.711688
24.034255, 155.352559
23.741371, 156.994399
23.444314, 158.637257
23.143106, 160.281186
22.837770, 161.926241
22.528328, 163.572483
22.214804, 165.219978
21.897221, 166.868795
21.575603, 168.519010
21.249975, 170.170704
20.920360, 171.823966
20.586785, 173.478889
20.249273, 175.135578
19.907851, 176.794144
19.562545, 178.454708
19.213381, 180.117404
18.860385, 181.782375
18.503586, 183.449780
18.143010, 185.119792
17.778685, 186.792601
17.410640, 188.468416
17.038903, 190.147467
16.663505, 191.830010
16.284473, 193.516327
15.901840, 195.206731
15.515635, 196.901573
15.125889, 198.601244
14.732636, 200.306181
14.335907, 202.016879
13.935737, 203.733894
13.532158, 205.457857
13.125207, 207.189487
12.714920, 208.929604
12.301333, 210.679151
11.884487, 212.439215
11.464421, 214.211056
11.041178, 215.996146
10.614801, 217.796209
10.185339, 219.613285
9.752841, 221.449799
9.317363, 223.308659
8.878962, 225.193385
8.437706, 227.108269
7.993667, 229.058611
7.546930, 231.051021
7.097593, 233.093855
6.645772, 235.197823
6.191610, 237.376884
5.735286, 239.649555
5.277029, 242.040933
4.817150, 244.585855
4.356074, 247.334061
3.894422, 250.358958
3.433130, 253.773212
2.973706, 257.758058
2.518734, 262.621871
2.073027, 268.925170
1.646472, 277.761429
1.261701, 291.358829
0.973645, 313.637312
0.886871, 345.553542
1.055856, 15.044463
1.392849, 34.066086
1.808090, 45.790162
2.260368, 53.643331
2.732594, 59.400233
3.217038, 63.937169
3.709803, 67.713434
4.208735, 70.987369
4.712549, 73.913726
5.220426, 76.590261
5.731817, 79.081517
6.246335, 81.431725
6.763697, 83.672154
7.283686, 85.825518
7.806132, 87.908695
8.330898, 89.934482
8.857866, 91.912755
9.386938, 93.851254
9.918028, 95.756130
10.451058, 97.632328
10.985957, 99.483875
11.522661, 101.314077
12.061108, 103.125675
12.601242, 104.920963
13.143008, 106.701870
13.686353, 108.470037
14.231227, 110.226860
14.777581, 111.973543
15.325365, 113.711124
15.874534, 115.440502
16.425040, 117.162465
16.976838, 118.877702
17.529883, 120.586818
18.084130, 122.290349
18.639534, 123.988770
19.196053, 125.682504
19.753641, 127.371927
20.312256, 129.057378
20.871853, 130.739161
21.432391, 132.417548
21.993825, 134.092786
22.556114, 135.765099
23.119214, 137.434690
23.683082, 139.101744
24.247676, 140.766428
24.812953, 142.428896
25.378871, 144.089288
25.945387, 145.747735
26.512459, 147.404354
27.080044, 149.059255
27.648100, 150.712538
28.216585, 152.364295
28.785456, 154.014614
29.354670, 155.663573
29.924186, 157.311246
30.493962, 158.957701
31.063954, 160.603003
31.634122, 162.247212
32.204421, 163.890381
32.774812, 165.532563
33.345250, 167.173806
33.915694, 168.814156
34.486102, 170.453654
35.056432, 172.092341
35.626641, 173.730253
36.196688, 175.367426
36.766530, 177.003893
37.336126, 178.639684
37.905433, 180.274829
38.474409, 181.909355
39.043014, 183.543288
39.611204, 185.176653
40.178938, 186.809473
40.746174, 188.441770
41.312870, 190.073565
41.878985, 191.704876
42.444477, 193.335724
43.009305, 194.966125
43.573427, 196.596097
44.136801, 198.225655
44.699386, 199.854815
45.261140, 201.483591
45.822023, 203.111996
46.381994, 204.740045
46.941010, 206.367748
47.499031, 207.995119
48.056016, 209.622168
48.611925, 211.248906
49.166715, 212.875344
49.720347, 214.501492
50.272780, 216.127358
50.823973, 217.752952
51.373886, 219.378283
51.922479, 221.003359
52.469710, 222.628187
53.015541, 224.252776
53.559930, 225.877132
54.102839, 227.501262
54.644226, 229.125174
55.184053, 230.748873
55.722280, 232.372366
56.258867, 233.995659
56.793775, 235.618757
57.326965, 237.241666
57.858397, 238.864391
58.388032, 240.486937
58.915833, 242.109309
59.441759, 243.731511
59.965773, 245.353549
60.487835, 246.975426
61.007909, 248.597147
61.525954, 250.218715
62.041935, 251.840135
62.555811, 253.461410
63.067547, 255.082544
63.577104, 256.703540
64.084446, 258.324402
64.589534, 259.945133
65.092332, 261.565736
65.592802, 263.186214
66.090909, 264.806570
66.586616, 266.426807
67.079886, 268.046928
67.570683, 269.666934
68.058971, 271.286830
68.544715, 272.906616
69.027878, 274.526297
69.508426, 276.145873
69.986322, 277.765347
70.461533, 279.384722
70.934023, 281.003999
71.403757, 282.623180
71.870701, 284.242268
72.334821, 285.861264
72.796083, 287.480170
##END=
