##TITLE= Parameter file, TopSpin 4.3.0
##JCAMPDX= 5.0
##DATATYPE= Parameter Values
##ORIGIN= Bruker BioSpin GmbH
##OWNER= nmrsu
$$ 2024-05-22 15:27:10.941 +0100  nmrsu@4CE1161FJM
$$ C:/Bruker/TopSpin4.3.0/exp/stan/nmr/lists/wave/user/multisupp_aux_d8
$$ process C:\Bruker\TopSpin4.3.0\prog\mod\xwinshape.exe
##MINX= 16.78881800
##MAXX= 99.99952900
##MINY= 0.56619000
##MAXY= 359.43381000
##$SHAPE_ADDPHASE= 0
##$SHAPE_AMP= 99.99952894
##$SHAPE_BWFAC= 0
##$SHAPE_BWFAC50= 0
##$SHAPE_CALCBW= yes
##$SHAPE_CALCINTEG= yes
##$SHAPE_EXMODE= <Excitation>
##$SHAPE_EXPAND= <>
##$SHAPE_EXPANDCF= (0..143)
0 0 0 0 0 0 0 0 0 0 0 0 0 0 0 0 0 0 0 0 0 0 0 0 0 0 0 0 0 0 0 0 0 0 0 0
0 0 0 0 0 0 0 0 0 0 0 0 0 0 0 0 0 0 0 0 0 0 0 0 0 0 0 0 0 0 0 0 0 0 0 0
0 0 0 0 0 0 0 0 0 0 0 0 0 0 0 0 0 0 0 0 0 0 0 0 0 0 0 0 0 0 0 0 0 0 0 0
0 0 0 0 0 0 0 0 0 0 0 0 0 0 0 0 0 0 0 0 0 0 0 0 0 0 0 0 0 0 0 0 0 0 0 0
##$SHAPE_EXPFAC= 0
##$SHAPE_FRACEND= 0
##$SHAPE_FRACORG= 0
##$SHAPE_FRACSTART= 0
##$SHAPE_INTEGFAC= 0
##$SHAPE_KEEPRES= yes
##$SHAPE_LENGTH= 25000.000373
##$SHAPE_MAN= <M>
##$SHAPE_MODE= 4
##$SHAPE_MODFREQ= 0
##$SHAPE_MODPHASE= 0
##$SHAPE_MODSCALE= 0
##$SHAPE_MODSW= 0
##$SHAPE_MODSWDIR= -1
##$SHAPE_NPOINTS= 1250
##$SHAPE_OFFS= <1 4>
##$SHAPE_OFFSCOEFF= (0..95)
-161.49976 0 100 -210.72842 0 100 -229.23805 0 100 -297.74503 0 100 0 0
0 0 0 0 0 0 0 0 0 0 0 0 0 0 0 0 0 0 0 0 0 0 0 0 0 0 0 0 0 0 0 0 0 0 0 0
0 0 0 0 0 0 0 0 0 0 0 0 0 0 0 0 0 0 0 0 0 0 0 0 0 0 0 0 0 0 0 0 0 0 0 0
0 0 0 0 0 0 0 0 0 0
##$SHAPE_PARAMETER= <>
##$SHAPE_REPHFAC= 0
##$SHAPE_RES= 0
##$SHAPE_SCALEFAC= 1.00000471
##$SHAPE_SCALETYPE= 0
##$SHAPE_SPOAL= 0
##$SHAPE_SPOFFS= 0
##$SHAPE_SPOPH= 0
##$SHAPE_TOTROT= 90
##$SHAPE_TYPE= <Excitation>
##$SHAPE_USER_DEF= <>
##$SHAPE_VERSION= 2.1
##$SHL_ADDPHASE= (0..15)
0 0 0 0 0 0 0 0 0 0 0 0 0 0 0 0
##$SHL_ALIGNOFFSET= (0..15)
0 0 0 0 0 0 0 0 0 0 0 0 0 0 0 0
##$SHL_AMP= (0..15)
100 0 0 0 0 0 0 0 0 0 0 0 0 0 0 0
##$SHL_AMPFAC= (0..15)
0 0 0 0 0 0 0 0 0 0 0 0 0 0 0 0
##$SHL_BETA= (0..15)
0 0 0 0 0 0 0 0 0 0 0 0 0 0 0 0
##$SHL_BWFAC= (0..15)
1.116 0 0 0 0 0 0 0 0 0 0 0 0 0 0 0
##$SHL_CALCBW= (0..15)
yes yes yes yes yes yes yes yes yes yes yes yes yes yes yes yes
##$SHL_CALCINTEG= (0..15)
yes yes yes yes yes yes yes yes yes yes yes yes yes yes yes yes
##$SHL_CENTERAMP= (0..15)
0 0 0 0 0 0 0 0 0 0 0 0 0 0 0 0
##$SHL_CYCNUM= (0..15)
0 0 0 0 0 0 0 0 0 0 0 0 0 0 0 0
##$SHL_DIPOLCPL= (0..15)
0 0 0 0 0 0 0 0 0 0 0 0 0 0 0 0
##$SHL_ENDAMP= (0..15)
0 0 0 0 0 0 0 0 0 0 0 0 0 0 0 0
##$SHL_EXMODE= (0..15)
<Excitation> <> <> <> <> <> <> <> <> <> <> <> <> <> <> <>
##$SHL_EXPAND= (0..15)
<> <> <> <> <> <> <> <> <> <> <> <> <> <> <> <>
##$SHL_EXPANDCF0= (0..143)
0 0 0 0 0 0 0 0 0 0 0 0 0 0 0 0 0 0 0 0 0 0 0 0 0 0 0 0 0 0 0 0 0 0 0 0
0 0 0 0 0 0 0 0 0 0 0 0 0 0 0 0 0 0 0 0 0 0 0 0 0 0 0 0 0 0 0 0 0 0 0 0
0 0 0 0 0 0 0 0 0 0 0 0 0 0 0 0 0 0 0 0 0 0 0 0 0 0 0 0 0 0 0 0 0 0 0 0
0 0 0 0 0 0 0 0 0 0 0 0 0 0 0 0 0 0 0 0 0 0 0 0 0 0 0 0 0 0 0 0 0 0 0 0
##$SHL_EXPANDCF1= (0..143)
0 0 0 0 0 0 0 0 0 0 0 0 0 0 0 0 0 0 0 0 0 0 0 0 0 0 0 0 0 0 0 0 0 0 0 0
0 0 0 0 0 0 0 0 0 0 0 0 0 0 0 0 0 0 0 0 0 0 0 0 0 0 0 0 0 0 0 0 0 0 0 0
0 0 0 0 0 0 0 0 0 0 0 0 0 0 0 0 0 0 0 0 0 0 0 0 0 0 0 0 0 0 0 0 0 0 0 0
0 0 0 0 0 0 0 0 0 0 0 0 0 0 0 0 0 0 0 0 0 0 0 0 0 0 0 0 0 0 0 0 0 0 0 0
##$SHL_EXPANDCF10= (0..143)
0 0 0 0 0 0 0 0 0 0 0 0 0 0 0 0 0 0 0 0 0 0 0 0 0 0 0 0 0 0 0 0 0 0 0 0
0 0 0 0 0 0 0 0 0 0 0 0 0 0 0 0 0 0 0 0 0 0 0 0 0 0 0 0 0 0 0 0 0 0 0 0
0 0 0 0 0 0 0 0 0 0 0 0 0 0 0 0 0 0 0 0 0 0 0 0 0 0 0 0 0 0 0 0 0 0 0 0
0 0 0 0 0 0 0 0 0 0 0 0 0 0 0 0 0 0 0 0 0 0 0 0 0 0 0 0 0 0 0 0 0 0 0 0
##$SHL_EXPANDCF11= (0..143)
0 0 0 0 0 0 0 0 0 0 0 0 0 0 0 0 0 0 0 0 0 0 0 0 0 0 0 0 0 0 0 0 0 0 0 0
0 0 0 0 0 0 0 0 0 0 0 0 0 0 0 0 0 0 0 0 0 0 0 0 0 0 0 0 0 0 0 0 0 0 0 0
0 0 0 0 0 0 0 0 0 0 0 0 0 0 0 0 0 0 0 0 0 0 0 0 0 0 0 0 0 0 0 0 0 0 0 0
0 0 0 0 0 0 0 0 0 0 0 0 0 0 0 0 0 0 0 0 0 0 0 0 0 0 0 0 0 0 0 0 0 0 0 0
##$SHL_EXPANDCF12= (0..143)
0 0 0 0 0 0 0 0 0 0 0 0 0 0 0 0 0 0 0 0 0 0 0 0 0 0 0 0 0 0 0 0 0 0 0 0
0 0 0 0 0 0 0 0 0 0 0 0 0 0 0 0 0 0 0 0 0 0 0 0 0 0 0 0 0 0 0 0 0 0 0 0
0 0 0 0 0 0 0 0 0 0 0 0 0 0 0 0 0 0 0 0 0 0 0 0 0 0 0 0 0 0 0 0 0 0 0 0
0 0 0 0 0 0 0 0 0 0 0 0 0 0 0 0 0 0 0 0 0 0 0 0 0 0 0 0 0 0 0 0 0 0 0 0
##$SHL_EXPANDCF13= (0..143)
0 0 0 0 0 0 0 0 0 0 0 0 0 0 0 0 0 0 0 0 0 0 0 0 0 0 0 0 0 0 0 0 0 0 0 0
0 0 0 0 0 0 0 0 0 0 0 0 0 0 0 0 0 0 0 0 0 0 0 0 0 0 0 0 0 0 0 0 0 0 0 0
0 0 0 0 0 0 0 0 0 0 0 0 0 0 0 0 0 0 0 0 0 0 0 0 0 0 0 0 0 0 0 0 0 0 0 0
0 0 0 0 0 0 0 0 0 0 0 0 0 0 0 0 0 0 0 0 0 0 0 0 0 0 0 0 0 0 0 0 0 0 0 0
##$SHL_EXPANDCF14= (0..143)
0 0 0 0 0 0 0 0 0 0 0 0 0 0 0 0 0 0 0 0 0 0 0 0 0 0 0 0 0 0 0 0 0 0 0 0
0 0 0 0 0 0 0 0 0 0 0 0 0 0 0 0 0 0 0 0 0 0 0 0 0 0 0 0 0 0 0 0 0 0 0 0
0 0 0 0 0 0 0 0 0 0 0 0 0 0 0 0 0 0 0 0 0 0 0 0 0 0 0 0 0 0 0 0 0 0 0 0
0 0 0 0 0 0 0 0 0 0 0 0 0 0 0 0 0 0 0 0 0 0 0 0 0 0 0 0 0 0 0 0 0 0 0 0
##$SHL_EXPANDCF15= (0..143)
0 0 0 0 0 0 0 0 0 0 0 0 0 0 0 0 0 0 0 0 0 0 0 0 0 0 0 0 0 0 0 0 0 0 0 0
0 0 0 0 0 0 0 0 0 0 0 0 0 0 0 0 0 0 0 0 0 0 0 0 0 0 0 0 0 0 0 0 0 0 0 0
0 0 0 0 0 0 0 0 0 0 0 0 0 0 0 0 0 0 0 0 0 0 0 0 0 0 0 0 0 0 0 0 0 0 0 0
0 0 0 0 0 0 0 0 0 0 0 0 0 0 0 0 0 0 0 0 0 0 0 0 0 0 0 0 0 0 0 0 0 0 0 0
##$SHL_EXPANDCF2= (0..143)
0 0 0 0 0 0 0 0 0 0 0 0 0 0 0 0 0 0 0 0 0 0 0 0 0 0 0 0 0 0 0 0 0 0 0 0
0 0 0 0 0 0 0 0 0 0 0 0 0 0 0 0 0 0 0 0 0 0 0 0 0 0 0 0 0 0 0 0 0 0 0 0
0 0 0 0 0 0 0 0 0 0 0 0 0 0 0 0 0 0 0 0 0 0 0 0 0 0 0 0 0 0 0 0 0 0 0 0
0 0 0 0 0 0 0 0 0 0 0 0 0 0 0 0 0 0 0 0 0 0 0 0 0 0 0 0 0 0 0 0 0 0 0 0
##$SHL_EXPANDCF3= (0..143)
0 0 0 0 0 0 0 0 0 0 0 0 0 0 0 0 0 0 0 0 0 0 0 0 0 0 0 0 0 0 0 0 0 0 0 0
0 0 0 0 0 0 0 0 0 0 0 0 0 0 0 0 0 0 0 0 0 0 0 0 0 0 0 0 0 0 0 0 0 0 0 0
0 0 0 0 0 0 0 0 0 0 0 0 0 0 0 0 0 0 0 0 0 0 0 0 0 0 0 0 0 0 0 0 0 0 0 0
0 0 0 0 0 0 0 0 0 0 0 0 0 0 0 0 0 0 0 0 0 0 0 0 0 0 0 0 0 0 0 0 0 0 0 0
##$SHL_EXPANDCF4= (0..143)
0 0 0 0 0 0 0 0 0 0 0 0 0 0 0 0 0 0 0 0 0 0 0 0 0 0 0 0 0 0 0 0 0 0 0 0
0 0 0 0 0 0 0 0 0 0 0 0 0 0 0 0 0 0 0 0 0 0 0 0 0 0 0 0 0 0 0 0 0 0 0 0
0 0 0 0 0 0 0 0 0 0 0 0 0 0 0 0 0 0 0 0 0 0 0 0 0 0 0 0 0 0 0 0 0 0 0 0
0 0 0 0 0 0 0 0 0 0 0 0 0 0 0 0 0 0 0 0 0 0 0 0 0 0 0 0 0 0 0 0 0 0 0 0
##$SHL_EXPANDCF5= (0..143)
0 0 0 0 0 0 0 0 0 0 0 0 0 0 0 0 0 0 0 0 0 0 0 0 0 0 0 0 0 0 0 0 0 0 0 0
0 0 0 0 0 0 0 0 0 0 0 0 0 0 0 0 0 0 0 0 0 0 0 0 0 0 0 0 0 0 0 0 0 0 0 0
0 0 0 0 0 0 0 0 0 0 0 0 0 0 0 0 0 0 0 0 0 0 0 0 0 0 0 0 0 0 0 0 0 0 0 0
0 0 0 0 0 0 0 0 0 0 0 0 0 0 0 0 0 0 0 0 0 0 0 0 0 0 0 0 0 0 0 0 0 0 0 0
##$SHL_EXPANDCF6= (0..143)
0 0 0 0 0 0 0 0 0 0 0 0 0 0 0 0 0 0 0 0 0 0 0 0 0 0 0 0 0 0 0 0 0 0 0 0
0 0 0 0 0 0 0 0 0 0 0 0 0 0 0 0 0 0 0 0 0 0 0 0 0 0 0 0 0 0 0 0 0 0 0 0
0 0 0 0 0 0 0 0 0 0 0 0 0 0 0 0 0 0 0 0 0 0 0 0 0 0 0 0 0 0 0 0 0 0 0 0
0 0 0 0 0 0 0 0 0 0 0 0 0 0 0 0 0 0 0 0 0 0 0 0 0 0 0 0 0 0 0 0 0 0 0 0
##$SHL_EXPANDCF7= (0..143)
0 0 0 0 0 0 0 0 0 0 0 0 0 0 0 0 0 0 0 0 0 0 0 0 0 0 0 0 0 0 0 0 0 0 0 0
0 0 0 0 0 0 0 0 0 0 0 0 0 0 0 0 0 0 0 0 0 0 0 0 0 0 0 0 0 0 0 0 0 0 0 0
0 0 0 0 0 0 0 0 0 0 0 0 0 0 0 0 0 0 0 0 0 0 0 0 0 0 0 0 0 0 0 0 0 0 0 0
0 0 0 0 0 0 0 0 0 0 0 0 0 0 0 0 0 0 0 0 0 0 0 0 0 0 0 0 0 0 0 0 0 0 0 0
##$SHL_EXPANDCF8= (0..143)
0 0 0 0 0 0 0 0 0 0 0 0 0 0 0 0 0 0 0 0 0 0 0 0 0 0 0 0 0 0 0 0 0 0 0 0
0 0 0 0 0 0 0 0 0 0 0 0 0 0 0 0 0 0 0 0 0 0 0 0 0 0 0 0 0 0 0 0 0 0 0 0
0 0 0 0 0 0 0 0 0 0 0 0 0 0 0 0 0 0 0 0 0 0 0 0 0 0 0 0 0 0 0 0 0 0 0 0
0 0 0 0 0 0 0 0 0 0 0 0 0 0 0 0 0 0 0 0 0 0 0 0 0 0 0 0 0 0 0 0 0 0 0 0
##$SHL_EXPANDCF9= (0..143)
0 0 0 0 0 0 0 0 0 0 0 0 0 0 0 0 0 0 0 0 0 0 0 0 0 0 0 0 0 0 0 0 0 0 0 0
0 0 0 0 0 0 0 0 0 0 0 0 0 0 0 0 0 0 0 0 0 0 0 0 0 0 0 0 0 0 0 0 0 0 0 0
0 0 0 0 0 0 0 0 0 0 0 0 0 0 0 0 0 0 0 0 0 0 0 0 0 0 0 0 0 0 0 0 0 0 0 0
0 0 0 0 0 0 0 0 0 0 0 0 0 0 0 0 0 0 0 0 0 0 0 0 0 0 0 0 0 0 0 0 0 0 0 0
##$SHL_EXPFAC= (0..15)
0 0 0 0 0 0 0 0 0 0 0 0 0 0 0 0
##$SHL_FRACEND= (0..15)
0 0 0 0 0 0 0 0 0 0 0 0 0 0 0 0
##$SHL_FRACORG= (0..15)
0 0 0 0 0 0 0 0 0 0 0 0 0 0 0 0
##$SHL_FRACSTART= (0..15)
0 0 0 0 0 0 0 0 0 0 0 0 0 0 0 0
##$SHL_FULLHALF= (0..15)
0 0 0 0 0 0 0 0 0 0 0 0 0 0 0 0
##$SHL_FUNCAMP= (0..15)
100 0 0 0 0 0 0 0 0 0 0 0 0 0 0 0
##$SHL_FUNCTION= (0..15)
<Rectangle> <> <> <> <> <> <> <> <> <> <> <> <> <> <> <>
##$SHL_GCO= (0..15)
<> <> <> <> <> <> <> <> <> <> <> <> <> <> <> <>
##$SHL_GCOCOEFFS0= (0..59)
0 0 0 0 0 0 0 0 0 0 0 0 0 0 0 0 0 0 0 0 0 0 0 0 0 0 0 0 0 0 0 0 0 0 0 0
0 0 0 0 0 0 0 0 0 0 0 0 0 0 0 0 0 0 0 0 0 0 0 0
##$SHL_GCOCOEFFS1= (0..59)
0 0 0 0 0 0 0 0 0 0 0 0 0 0 0 0 0 0 0 0 0 0 0 0 0 0 0 0 0 0 0 0 0 0 0 0
0 0 0 0 0 0 0 0 0 0 0 0 0 0 0 0 0 0 0 0 0 0 0 0
##$SHL_GCOCOEFFS10= (0..59)
0 0 0 0 0 0 0 0 0 0 0 0 0 0 0 0 0 0 0 0 0 0 0 0 0 0 0 0 0 0 0 0 0 0 0 0
0 0 0 0 0 0 0 0 0 0 0 0 0 0 0 0 0 0 0 0 0 0 0 0
##$SHL_GCOCOEFFS11= (0..59)
0 0 0 0 0 0 0 0 0 0 0 0 0 0 0 0 0 0 0 0 0 0 0 0 0 0 0 0 0 0 0 0 0 0 0 0
0 0 0 0 0 0 0 0 0 0 0 0 0 0 0 0 0 0 0 0 0 0 0 0
##$SHL_GCOCOEFFS12= (0..59)
0 0 0 0 0 0 0 0 0 0 0 0 0 0 0 0 0 0 0 0 0 0 0 0 0 0 0 0 0 0 0 0 0 0 0 0
0 0 0 0 0 0 0 0 0 0 0 0 0 0 0 0 0 0 0 0 0 0 0 0
##$SHL_GCOCOEFFS13= (0..59)
0 0 0 0 0 0 0 0 0 0 0 0 0 0 0 0 0 0 0 0 0 0 0 0 0 0 0 0 0 0 0 0 0 0 0 0
0 0 0 0 0 0 0 0 0 0 0 0 0 0 0 0 0 0 0 0 0 0 0 0
##$SHL_GCOCOEFFS14= (0..59)
0 0 0 0 0 0 0 0 0 0 0 0 0 0 0 0 0 0 0 0 0 0 0 0 0 0 0 0 0 0 0 0 0 0 0 0
0 0 0 0 0 0 0 0 0 0 0 0 0 0 0 0 0 0 0 0 0 0 0 0
##$SHL_GCOCOEFFS15= (0..59)
0 0 0 0 0 0 0 0 0 0 0 0 0 0 0 0 0 0 0 0 0 0 0 0 0 0 0 0 0 0 0 0 0 0 0 0
0 0 0 0 0 0 0 0 0 0 0 0 0 0 0 0 0 0 0 0 0 0 0 0
##$SHL_GCOCOEFFS2= (0..59)
0 0 0 0 0 0 0 0 0 0 0 0 0 0 0 0 0 0 0 0 0 0 0 0 0 0 0 0 0 0 0 0 0 0 0 0
0 0 0 0 0 0 0 0 0 0 0 0 0 0 0 0 0 0 0 0 0 0 0 0
##$SHL_GCOCOEFFS3= (0..59)
0 0 0 0 0 0 0 0 0 0 0 0 0 0 0 0 0 0 0 0 0 0 0 0 0 0 0 0 0 0 0 0 0 0 0 0
0 0 0 0 0 0 0 0 0 0 0 0 0 0 0 0 0 0 0 0 0 0 0 0
##$SHL_GCOCOEFFS4= (0..59)
0 0 0 0 0 0 0 0 0 0 0 0 0 0 0 0 0 0 0 0 0 0 0 0 0 0 0 0 0 0 0 0 0 0 0 0
0 0 0 0 0 0 0 0 0 0 0 0 0 0 0 0 0 0 0 0 0 0 0 0
##$SHL_GCOCOEFFS5= (0..59)
0 0 0 0 0 0 0 0 0 0 0 0 0 0 0 0 0 0 0 0 0 0 0 0 0 0 0 0 0 0 0 0 0 0 0 0
0 0 0 0 0 0 0 0 0 0 0 0 0 0 0 0 0 0 0 0 0 0 0 0
##$SHL_GCOCOEFFS6= (0..59)
0 0 0 0 0 0 0 0 0 0 0 0 0 0 0 0 0 0 0 0 0 0 0 0 0 0 0 0 0 0 0 0 0 0 0 0
0 0 0 0 0 0 0 0 0 0 0 0 0 0 0 0 0 0 0 0 0 0 0 0
##$SHL_GCOCOEFFS7= (0..59)
0 0 0 0 0 0 0 0 0 0 0 0 0 0 0 0 0 0 0 0 0 0 0 0 0 0 0 0 0 0 0 0 0 0 0 0
0 0 0 0 0 0 0 0 0 0 0 0 0 0 0 0 0 0 0 0 0 0 0 0
##$SHL_GCOCOEFFS8= (0..59)
0 0 0 0 0 0 0 0 0 0 0 0 0 0 0 0 0 0 0 0 0 0 0 0 0 0 0 0 0 0 0 0 0 0 0 0
0 0 0 0 0 0 0 0 0 0 0 0 0 0 0 0 0 0 0 0 0 0 0 0
##$SHL_GCOCOEFFS9= (0..59)
0 0 0 0 0 0 0 0 0 0 0 0 0 0 0 0 0 0 0 0 0 0 0 0 0 0 0 0 0 0 0 0 0 0 0 0
0 0 0 0 0 0 0 0 0 0 0 0 0 0 0 0 0 0 0 0 0 0 0 0
##$SHL_INTEGFAC= (0..15)
1 0 0 0 0 0 0 0 0 0 0 0 0 0 0 0
##$SHL_LB= (0..15)
0 0 0 0 0 0 0 0 0 0 0 0 0 0 0 0
##$SHL_LEFTLIMIT= (0..15)
0 0 0 0 0 0 0 0 0 0 0 0 0 0 0 0
##$SHL_LENGTH= (0..15)
25000.000373 0 0 0 0 0 0 0 0 0 0 0 0 0 0 0
##$SHL_MAN= (0..15)
<> <> <> <> <> <> <> <> <> <> <> <> <> <> <> <>
##$SHL_MEANAMP= (0..15)
0 0 0 0 0 0 0 0 0 0 0 0 0 0 0 0
##$SHL_MODAMP= (0..15)
0 0 0 0 0 0 0 0 0 0 0 0 0 0 0 0
##$SHL_MODE= (0..15)
0 0 0 0 0 0 0 0 0 0 0 0 0 0 0 0
##$SHL_MODFREQ= (0..15)
0 0 0 0 0 0 0 0 0 0 0 0 0 0 0 0
##$SHL_MODPHASE= (0..15)
0 0 0 0 0 0 0 0 0 0 0 0 0 0 0 0
##$SHL_MODSCALE= (0..15)
0 0 0 0 0 0 0 0 0 0 0 0 0 0 0 0
##$SHL_MODSW= (0..15)
0 0 0 0 0 0 0 0 0 0 0 0 0 0 0 0
##$SHL_MODSWDIR= (0..15)
-1 -1 -1 -1 -1 -1 -1 -1 -1 -1 -1 -1 -1 -1 -1 -1
##$SHL_MU= (0..15)
0 0 0 0 0 0 0 0 0 0 0 0 0 0 0 0
##$SHL_NPOINTS= (0..15)
1250 0 0 0 0 0 0 0 0 0 0 0 0 0 0 0
##$SHL_OFFS= (0..15)
<> <> <> <> <> <> <> <> <> <> <> <> <> <> <> <>
##$SHL_OFFSCOEFF0= (0..95)
0 0 0 0 0 0 0 0 0 0 0 0 0 0 0 0 0 0 0 0 0 0 0 0 0 0 0 0 0 0 0 0 0 0 0 0
0 0 0 0 0 0 0 0 0 0 0 0 0 0 0 0 0 0 0 0 0 0 0 0 0 0 0 0 0 0 0 0 0 0 0 0
0 0 0 0 0 0 0 0 0 0 0 0 0 0 0 0 0 0 0 0 0 0 0 0
##$SHL_OFFSCOEFF1= (0..95)
0 0 0 0 0 0 0 0 0 0 0 0 0 0 0 0 0 0 0 0 0 0 0 0 0 0 0 0 0 0 0 0 0 0 0 0
0 0 0 0 0 0 0 0 0 0 0 0 0 0 0 0 0 0 0 0 0 0 0 0 0 0 0 0 0 0 0 0 0 0 0 0
0 0 0 0 0 0 0 0 0 0 0 0 0 0 0 0 0 0 0 0 0 0 0 0
##$SHL_OFFSCOEFF10= (0..95)
0 0 0 0 0 0 0 0 0 0 0 0 0 0 0 0 0 0 0 0 0 0 0 0 0 0 0 0 0 0 0 0 0 0 0 0
0 0 0 0 0 0 0 0 0 0 0 0 0 0 0 0 0 0 0 0 0 0 0 0 0 0 0 0 0 0 0 0 0 0 0 0
0 0 0 0 0 0 0 0 0 0 0 0 0 0 0 0 0 0 0 0 0 0 0 0
##$SHL_OFFSCOEFF11= (0..95)
0 0 0 0 0 0 0 0 0 0 0 0 0 0 0 0 0 0 0 0 0 0 0 0 0 0 0 0 0 0 0 0 0 0 0 0
0 0 0 0 0 0 0 0 0 0 0 0 0 0 0 0 0 0 0 0 0 0 0 0 0 0 0 0 0 0 0 0 0 0 0 0
0 0 0 0 0 0 0 0 0 0 0 0 0 0 0 0 0 0 0 0 0 0 0 0
##$SHL_OFFSCOEFF12= (0..95)
0 0 0 0 0 0 0 0 0 0 0 0 0 0 0 0 0 0 0 0 0 0 0 0 0 0 0 0 0 0 0 0 0 0 0 0
0 0 0 0 0 0 0 0 0 0 0 0 0 0 0 0 0 0 0 0 0 0 0 0 0 0 0 0 0 0 0 0 0 0 0 0
0 0 0 0 0 0 0 0 0 0 0 0 0 0 0 0 0 0 0 0 0 0 0 0
##$SHL_OFFSCOEFF13= (0..95)
0 0 0 0 0 0 0 0 0 0 0 0 0 0 0 0 0 0 0 0 0 0 0 0 0 0 0 0 0 0 0 0 0 0 0 0
0 0 0 0 0 0 0 0 0 0 0 0 0 0 0 0 0 0 0 0 0 0 0 0 0 0 0 0 0 0 0 0 0 0 0 0
0 0 0 0 0 0 0 0 0 0 0 0 0 0 0 0 0 0 0 0 0 0 0 0
##$SHL_OFFSCOEFF14= (0..95)
0 0 0 0 0 0 0 0 0 0 0 0 0 0 0 0 0 0 0 0 0 0 0 0 0 0 0 0 0 0 0 0 0 0 0 0
0 0 0 0 0 0 0 0 0 0 0 0 0 0 0 0 0 0 0 0 0 0 0 0 0 0 0 0 0 0 0 0 0 0 0 0
0 0 0 0 0 0 0 0 0 0 0 0 0 0 0 0 0 0 0 0 0 0 0 0
##$SHL_OFFSCOEFF15= (0..95)
0 0 0 0 0 0 0 0 0 0 0 0 0 0 0 0 0 0 0 0 0 0 0 0 0 0 0 0 0 0 0 0 0 0 0 0
0 0 0 0 0 0 0 0 0 0 0 0 0 0 0 0 0 0 0 0 0 0 0 0 0 0 0 0 0 0 0 0 0 0 0 0
0 0 0 0 0 0 0 0 0 0 0 0 0 0 0 0 0 0 0 0 0 0 0 0
##$SHL_OFFSCOEFF2= (0..95)
0 0 0 0 0 0 0 0 0 0 0 0 0 0 0 0 0 0 0 0 0 0 0 0 0 0 0 0 0 0 0 0 0 0 0 0
0 0 0 0 0 0 0 0 0 0 0 0 0 0 0 0 0 0 0 0 0 0 0 0 0 0 0 0 0 0 0 0 0 0 0 0
0 0 0 0 0 0 0 0 0 0 0 0 0 0 0 0 0 0 0 0 0 0 0 0
##$SHL_OFFSCOEFF3= (0..95)
0 0 0 0 0 0 0 0 0 0 0 0 0 0 0 0 0 0 0 0 0 0 0 0 0 0 0 0 0 0 0 0 0 0 0 0
0 0 0 0 0 0 0 0 0 0 0 0 0 0 0 0 0 0 0 0 0 0 0 0 0 0 0 0 0 0 0 0 0 0 0 0
0 0 0 0 0 0 0 0 0 0 0 0 0 0 0 0 0 0 0 0 0 0 0 0
##$SHL_OFFSCOEFF4= (0..95)
0 0 0 0 0 0 0 0 0 0 0 0 0 0 0 0 0 0 0 0 0 0 0 0 0 0 0 0 0 0 0 0 0 0 0 0
0 0 0 0 0 0 0 0 0 0 0 0 0 0 0 0 0 0 0 0 0 0 0 0 0 0 0 0 0 0 0 0 0 0 0 0
0 0 0 0 0 0 0 0 0 0 0 0 0 0 0 0 0 0 0 0 0 0 0 0
##$SHL_OFFSCOEFF5= (0..95)
0 0 0 0 0 0 0 0 0 0 0 0 0 0 0 0 0 0 0 0 0 0 0 0 0 0 0 0 0 0 0 0 0 0 0 0
0 0 0 0 0 0 0 0 0 0 0 0 0 0 0 0 0 0 0 0 0 0 0 0 0 0 0 0 0 0 0 0 0 0 0 0
0 0 0 0 0 0 0 0 0 0 0 0 0 0 0 0 0 0 0 0 0 0 0 0
##$SHL_OFFSCOEFF6= (0..95)
0 0 0 0 0 0 0 0 0 0 0 0 0 0 0 0 0 0 0 0 0 0 0 0 0 0 0 0 0 0 0 0 0 0 0 0
0 0 0 0 0 0 0 0 0 0 0 0 0 0 0 0 0 0 0 0 0 0 0 0 0 0 0 0 0 0 0 0 0 0 0 0
0 0 0 0 0 0 0 0 0 0 0 0 0 0 0 0 0 0 0 0 0 0 0 0
##$SHL_OFFSCOEFF7= (0..95)
0 0 0 0 0 0 0 0 0 0 0 0 0 0 0 0 0 0 0 0 0 0 0 0 0 0 0 0 0 0 0 0 0 0 0 0
0 0 0 0 0 0 0 0 0 0 0 0 0 0 0 0 0 0 0 0 0 0 0 0 0 0 0 0 0 0 0 0 0 0 0 0
0 0 0 0 0 0 0 0 0 0 0 0 0 0 0 0 0 0 0 0 0 0 0 0
##$SHL_OFFSCOEFF8= (0..95)
0 0 0 0 0 0 0 0 0 0 0 0 0 0 0 0 0 0 0 0 0 0 0 0 0 0 0 0 0 0 0 0 0 0 0 0
0 0 0 0 0 0 0 0 0 0 0 0 0 0 0 0 0 0 0 0 0 0 0 0 0 0 0 0 0 0 0 0 0 0 0 0
0 0 0 0 0 0 0 0 0 0 0 0 0 0 0 0 0 0 0 0 0 0 0 0
##$SHL_OFFSCOEFF9= (0..95)
0 0 0 0 0 0 0 0 0 0 0 0 0 0 0 0 0 0 0 0 0 0 0 0 0 0 0 0 0 0 0 0 0 0 0 0
0 0 0 0 0 0 0 0 0 0 0 0 0 0 0 0 0 0 0 0 0 0 0 0 0 0 0 0 0 0 0 0 0 0 0 0
0 0 0 0 0 0 0 0 0 0 0 0 0 0 0 0 0 0 0 0 0 0 0 0
##$SHL_PHASE= (0..15)
0 0 0 0 0 0 0 0 0 0 0 0 0 0 0 0
##$SHL_PHASEFAC= (0..15)
0 0 0 0 0 0 0 0 0 0 0 0 0 0 0 0
##$SHL_POWERINDEX= (0..15)
0 0 0 0 0 0 0 0 0 0 0 0 0 0 0 0
##$SHL_QUADCOEFF= (0..15)
0 0 0 0 0 0 0 0 0 0 0 0 0 0 0 0
##$SHL_RIGHTLIMIT= (0..15)
0 0 0 0 0 0 0 0 0 0 0 0 0 0 0 0
##$SHL_SCALEFACTOR= (0..15)
1 1 1 1 1 1 1 1 1 1 1 1 1 1 1 1
##$SHL_SF= (0..15)
<> <> <> <> <> <> <> <> <> <> <> <> <> <> <> <>
##$SHL_SFCOEFFS0= (0..200)
0 0 0 0 0 0 0 0 0 0 0 0 0 0 0 0 0 0 0 0 0 0 0 0 0 0 0 0 0 0 0 0 0 0 0 0
0 0 0 0 0 0 0 0 0 0 0 0 0 0 0 0 0 0 0 0 0 0 0 0 0 0 0 0 0 0 0 0 0 0 0 0
0 0 0 0 0 0 0 0 0 0 0 0 0 0 0 0 0 0 0 0 0 0 0 0 0 0 0 0 0 0 0 0 0 0 0 0
0 0 0 0 0 0 0 0 0 0 0 0 0 0 0 0 0 0 0 0 0 0 0 0 0 0 0 0 0 0 0 0 0 0 0 0
0 0 0 0 0 0 0 0 0 0 0 0 0 0 0 0 0 0 0 0 0 0 0 0 0 0 0 0 0 0 0 0 0 0 0 0
0 0 0 0 0 0 0 0 0 0 0 0 0 0 0 0 0 0 0 0 0
##$SHL_SFCOEFFS1= (0..200)
0 0 0 0 0 0 0 0 0 0 0 0 0 0 0 0 0 0 0 0 0 0 0 0 0 0 0 0 0 0 0 0 0 0 0 0
0 0 0 0 0 0 0 0 0 0 0 0 0 0 0 0 0 0 0 0 0 0 0 0 0 0 0 0 0 0 0 0 0 0 0 0
0 0 0 0 0 0 0 0 0 0 0 0 0 0 0 0 0 0 0 0 0 0 0 0 0 0 0 0 0 0 0 0 0 0 0 0
0 0 0 0 0 0 0 0 0 0 0 0 0 0 0 0 0 0 0 0 0 0 0 0 0 0 0 0 0 0 0 0 0 0 0 0
0 0 0 0 0 0 0 0 0 0 0 0 0 0 0 0 0 0 0 0 0 0 0 0 0 0 0 0 0 0 0 0 0 0 0 0
0 0 0 0 0 0 0 0 0 0 0 0 0 0 0 0 0 0 0 0 0
##$SHL_SFCOEFFS10= (0..200)
0 0 0 0 0 0 0 0 0 0 0 0 0 0 0 0 0 0 0 0 0 0 0 0 0 0 0 0 0 0 0 0 0 0 0 0
0 0 0 0 0 0 0 0 0 0 0 0 0 0 0 0 0 0 0 0 0 0 0 0 0 0 0 0 0 0 0 0 0 0 0 0
0 0 0 0 0 0 0 0 0 0 0 0 0 0 0 0 0 0 0 0 0 0 0 0 0 0 0 0 0 0 0 0 0 0 0 0
0 0 0 0 0 0 0 0 0 0 0 0 0 0 0 0 0 0 0 0 0 0 0 0 0 0 0 0 0 0 0 0 0 0 0 0
0 0 0 0 0 0 0 0 0 0 0 0 0 0 0 0 0 0 0 0 0 0 0 0 0 0 0 0 0 0 0 0 0 0 0 0
0 0 0 0 0 0 0 0 0 0 0 0 0 0 0 0 0 0 0 0 0
##$SHL_SFCOEFFS11= (0..200)
0 0 0 0 0 0 0 0 0 0 0 0 0 0 0 0 0 0 0 0 0 0 0 0 0 0 0 0 0 0 0 0 0 0 0 0
0 0 0 0 0 0 0 0 0 0 0 0 0 0 0 0 0 0 0 0 0 0 0 0 0 0 0 0 0 0 0 0 0 0 0 0
0 0 0 0 0 0 0 0 0 0 0 0 0 0 0 0 0 0 0 0 0 0 0 0 0 0 0 0 0 0 0 0 0 0 0 0
0 0 0 0 0 0 0 0 0 0 0 0 0 0 0 0 0 0 0 0 0 0 0 0 0 0 0 0 0 0 0 0 0 0 0 0
0 0 0 0 0 0 0 0 0 0 0 0 0 0 0 0 0 0 0 0 0 0 0 0 0 0 0 0 0 0 0 0 0 0 0 0
0 0 0 0 0 0 0 0 0 0 0 0 0 0 0 0 0 0 0 0 0
##$SHL_SFCOEFFS12= (0..200)
0 0 0 0 0 0 0 0 0 0 0 0 0 0 0 0 0 0 0 0 0 0 0 0 0 0 0 0 0 0 0 0 0 0 0 0
0 0 0 0 0 0 0 0 0 0 0 0 0 0 0 0 0 0 0 0 0 0 0 0 0 0 0 0 0 0 0 0 0 0 0 0
0 0 0 0 0 0 0 0 0 0 0 0 0 0 0 0 0 0 0 0 0 0 0 0 0 0 0 0 0 0 0 0 0 0 0 0
0 0 0 0 0 0 0 0 0 0 0 0 0 0 0 0 0 0 0 0 0 0 0 0 0 0 0 0 0 0 0 0 0 0 0 0
0 0 0 0 0 0 0 0 0 0 0 0 0 0 0 0 0 0 0 0 0 0 0 0 0 0 0 0 0 0 0 0 0 0 0 0
0 0 0 0 0 0 0 0 0 0 0 0 0 0 0 0 0 0 0 0 0
##$SHL_SFCOEFFS13= (0..200)
0 0 0 0 0 0 0 0 0 0 0 0 0 0 0 0 0 0 0 0 0 0 0 0 0 0 0 0 0 0 0 0 0 0 0 0
0 0 0 0 0 0 0 0 0 0 0 0 0 0 0 0 0 0 0 0 0 0 0 0 0 0 0 0 0 0 0 0 0 0 0 0
0 0 0 0 0 0 0 0 0 0 0 0 0 0 0 0 0 0 0 0 0 0 0 0 0 0 0 0 0 0 0 0 0 0 0 0
0 0 0 0 0 0 0 0 0 0 0 0 0 0 0 0 0 0 0 0 0 0 0 0 0 0 0 0 0 0 0 0 0 0 0 0
0 0 0 0 0 0 0 0 0 0 0 0 0 0 0 0 0 0 0 0 0 0 0 0 0 0 0 0 0 0 0 0 0 0 0 0
0 0 0 0 0 0 0 0 0 0 0 0 0 0 0 0 0 0 0 0 0
##$SHL_SFCOEFFS14= (0..200)
0 0 0 0 0 0 0 0 0 0 0 0 0 0 0 0 0 0 0 0 0 0 0 0 0 0 0 0 0 0 0 0 0 0 0 0
0 0 0 0 0 0 0 0 0 0 0 0 0 0 0 0 0 0 0 0 0 0 0 0 0 0 0 0 0 0 0 0 0 0 0 0
0 0 0 0 0 0 0 0 0 0 0 0 0 0 0 0 0 0 0 0 0 0 0 0 0 0 0 0 0 0 0 0 0 0 0 0
0 0 0 0 0 0 0 0 0 0 0 0 0 0 0 0 0 0 0 0 0 0 0 0 0 0 0 0 0 0 0 0 0 0 0 0
0 0 0 0 0 0 0 0 0 0 0 0 0 0 0 0 0 0 0 0 0 0 0 0 0 0 0 0 0 0 0 0 0 0 0 0
0 0 0 0 0 0 0 0 0 0 0 0 0 0 0 0 0 0 0 0 0
##$SHL_SFCOEFFS15= (0..200)
0 0 0 0 0 0 0 0 0 0 0 0 0 0 0 0 0 0 0 0 0 0 0 0 0 0 0 0 0 0 0 0 0 0 0 0
0 0 0 0 0 0 0 0 0 0 0 0 0 0 0 0 0 0 0 0 0 0 0 0 0 0 0 0 0 0 0 0 0 0 0 0
0 0 0 0 0 0 0 0 0 0 0 0 0 0 0 0 0 0 0 0 0 0 0 0 0 0 0 0 0 0 0 0 0 0 0 0
0 0 0 0 0 0 0 0 0 0 0 0 0 0 0 0 0 0 0 0 0 0 0 0 0 0 0 0 0 0 0 0 0 0 0 0
0 0 0 0 0 0 0 0 0 0 0 0 0 0 0 0 0 0 0 0 0 0 0 0 0 0 0 0 0 0 0 0 0 0 0 0
0 0 0 0 0 0 0 0 0 0 0 0 0 0 0 0 0 0 0 0 0
##$SHL_SFCOEFFS2= (0..200)
0 0 0 0 0 0 0 0 0 0 0 0 0 0 0 0 0 0 0 0 0 0 0 0 0 0 0 0 0 0 0 0 0 0 0 0
0 0 0 0 0 0 0 0 0 0 0 0 0 0 0 0 0 0 0 0 0 0 0 0 0 0 0 0 0 0 0 0 0 0 0 0
0 0 0 0 0 0 0 0 0 0 0 0 0 0 0 0 0 0 0 0 0 0 0 0 0 0 0 0 0 0 0 0 0 0 0 0
0 0 0 0 0 0 0 0 0 0 0 0 0 0 0 0 0 0 0 0 0 0 0 0 0 0 0 0 0 0 0 0 0 0 0 0
0 0 0 0 0 0 0 0 0 0 0 0 0 0 0 0 0 0 0 0 0 0 0 0 0 0 0 0 0 0 0 0 0 0 0 0
0 0 0 0 0 0 0 0 0 0 0 0 0 0 0 0 0 0 0 0 0
##$SHL_SFCOEFFS3= (0..200)
0 0 0 0 0 0 0 0 0 0 0 0 0 0 0 0 0 0 0 0 0 0 0 0 0 0 0 0 0 0 0 0 0 0 0 0
0 0 0 0 0 0 0 0 0 0 0 0 0 0 0 0 0 0 0 0 0 0 0 0 0 0 0 0 0 0 0 0 0 0 0 0
0 0 0 0 0 0 0 0 0 0 0 0 0 0 0 0 0 0 0 0 0 0 0 0 0 0 0 0 0 0 0 0 0 0 0 0
0 0 0 0 0 0 0 0 0 0 0 0 0 0 0 0 0 0 0 0 0 0 0 0 0 0 0 0 0 0 0 0 0 0 0 0
0 0 0 0 0 0 0 0 0 0 0 0 0 0 0 0 0 0 0 0 0 0 0 0 0 0 0 0 0 0 0 0 0 0 0 0
0 0 0 0 0 0 0 0 0 0 0 0 0 0 0 0 0 0 0 0 0
##$SHL_SFCOEFFS4= (0..200)
0 0 0 0 0 0 0 0 0 0 0 0 0 0 0 0 0 0 0 0 0 0 0 0 0 0 0 0 0 0 0 0 0 0 0 0
0 0 0 0 0 0 0 0 0 0 0 0 0 0 0 0 0 0 0 0 0 0 0 0 0 0 0 0 0 0 0 0 0 0 0 0
0 0 0 0 0 0 0 0 0 0 0 0 0 0 0 0 0 0 0 0 0 0 0 0 0 0 0 0 0 0 0 0 0 0 0 0
0 0 0 0 0 0 0 0 0 0 0 0 0 0 0 0 0 0 0 0 0 0 0 0 0 0 0 0 0 0 0 0 0 0 0 0
0 0 0 0 0 0 0 0 0 0 0 0 0 0 0 0 0 0 0 0 0 0 0 0 0 0 0 0 0 0 0 0 0 0 0 0
0 0 0 0 0 0 0 0 0 0 0 0 0 0 0 0 0 0 0 0 0
##$SHL_SFCOEFFS5= (0..200)
0 0 0 0 0 0 0 0 0 0 0 0 0 0 0 0 0 0 0 0 0 0 0 0 0 0 0 0 0 0 0 0 0 0 0 0
0 0 0 0 0 0 0 0 0 0 0 0 0 0 0 0 0 0 0 0 0 0 0 0 0 0 0 0 0 0 0 0 0 0 0 0
0 0 0 0 0 0 0 0 0 0 0 0 0 0 0 0 0 0 0 0 0 0 0 0 0 0 0 0 0 0 0 0 0 0 0 0
0 0 0 0 0 0 0 0 0 0 0 0 0 0 0 0 0 0 0 0 0 0 0 0 0 0 0 0 0 0 0 0 0 0 0 0
0 0 0 0 0 0 0 0 0 0 0 0 0 0 0 0 0 0 0 0 0 0 0 0 0 0 0 0 0 0 0 0 0 0 0 0
0 0 0 0 0 0 0 0 0 0 0 0 0 0 0 0 0 0 0 0 0
##$SHL_SFCOEFFS6= (0..200)
0 0 0 0 0 0 0 0 0 0 0 0 0 0 0 0 0 0 0 0 0 0 0 0 0 0 0 0 0 0 0 0 0 0 0 0
0 0 0 0 0 0 0 0 0 0 0 0 0 0 0 0 0 0 0 0 0 0 0 0 0 0 0 0 0 0 0 0 0 0 0 0
0 0 0 0 0 0 0 0 0 0 0 0 0 0 0 0 0 0 0 0 0 0 0 0 0 0 0 0 0 0 0 0 0 0 0 0
0 0 0 0 0 0 0 0 0 0 0 0 0 0 0 0 0 0 0 0 0 0 0 0 0 0 0 0 0 0 0 0 0 0 0 0
0 0 0 0 0 0 0 0 0 0 0 0 0 0 0 0 0 0 0 0 0 0 0 0 0 0 0 0 0 0 0 0 0 0 0 0
0 0 0 0 0 0 0 0 0 0 0 0 0 0 0 0 0 0 0 0 0
##$SHL_SFCOEFFS7= (0..200)
0 0 0 0 0 0 0 0 0 0 0 0 0 0 0 0 0 0 0 0 0 0 0 0 0 0 0 0 0 0 0 0 0 0 0 0
0 0 0 0 0 0 0 0 0 0 0 0 0 0 0 0 0 0 0 0 0 0 0 0 0 0 0 0 0 0 0 0 0 0 0 0
0 0 0 0 0 0 0 0 0 0 0 0 0 0 0 0 0 0 0 0 0 0 0 0 0 0 0 0 0 0 0 0 0 0 0 0
0 0 0 0 0 0 0 0 0 0 0 0 0 0 0 0 0 0 0 0 0 0 0 0 0 0 0 0 0 0 0 0 0 0 0 0
0 0 0 0 0 0 0 0 0 0 0 0 0 0 0 0 0 0 0 0 0 0 0 0 0 0 0 0 0 0 0 0 0 0 0 0
0 0 0 0 0 0 0 0 0 0 0 0 0 0 0 0 0 0 0 0 0
##$SHL_SFCOEFFS8= (0..200)
0 0 0 0 0 0 0 0 0 0 0 0 0 0 0 0 0 0 0 0 0 0 0 0 0 0 0 0 0 0 0 0 0 0 0 0
0 0 0 0 0 0 0 0 0 0 0 0 0 0 0 0 0 0 0 0 0 0 0 0 0 0 0 0 0 0 0 0 0 0 0 0
0 0 0 0 0 0 0 0 0 0 0 0 0 0 0 0 0 0 0 0 0 0 0 0 0 0 0 0 0 0 0 0 0 0 0 0
0 0 0 0 0 0 0 0 0 0 0 0 0 0 0 0 0 0 0 0 0 0 0 0 0 0 0 0 0 0 0 0 0 0 0 0
0 0 0 0 0 0 0 0 0 0 0 0 0 0 0 0 0 0 0 0 0 0 0 0 0 0 0 0 0 0 0 0 0 0 0 0
0 0 0 0 0 0 0 0 0 0 0 0 0 0 0 0 0 0 0 0 0
##$SHL_SFCOEFFS9= (0..200)
0 0 0 0 0 0 0 0 0 0 0 0 0 0 0 0 0 0 0 0 0 0 0 0 0 0 0 0 0 0 0 0 0 0 0 0
0 0 0 0 0 0 0 0 0 0 0 0 0 0 0 0 0 0 0 0 0 0 0 0 0 0 0 0 0 0 0 0 0 0 0 0
0 0 0 0 0 0 0 0 0 0 0 0 0 0 0 0 0 0 0 0 0 0 0 0 0 0 0 0 0 0 0 0 0 0 0 0
0 0 0 0 0 0 0 0 0 0 0 0 0 0 0 0 0 0 0 0 0 0 0 0 0 0 0 0 0 0 0 0 0 0 0 0
0 0 0 0 0 0 0 0 0 0 0 0 0 0 0 0 0 0 0 0 0 0 0 0 0 0 0 0 0 0 0 0 0 0 0 0
0 0 0 0 0 0 0 0 0 0 0 0 0 0 0 0 0 0 0 0 0
##$SHL_SMOOTHED= (0..15)
0 0 0 0 0 0 0 0 0 0 0 0 0 0 0 0
##$SHL_SMOOTHING= (0..15)
0 0 0 0 0 0 0 0 0 0 0 0 0 0 0 0
##$SHL_SPOAL= (0..15)
0 0 0 0 0 0 0 0 0 0 0 0 0 0 0 0
##$SHL_SPOFFS= (0..15)
0 0 0 0 0 0 0 0 0 0 0 0 0 0 0 0
##$SHL_SPOPH= (0..15)
0 0 0 0 0 0 0 0 0 0 0 0 0 0 0 0
##$SHL_STARTAMP= (0..15)
0 0 0 0 0 0 0 0 0 0 0 0 0 0 0 0
##$SHL_SW= (0..15)
0 0 0 0 0 0 0 0 0 0 0 0 0 0 0 0
##$SHL_SWDIR= (0..15)
-1 -1 -1 -1 -1 -1 -1 -1 -1 -1 -1 -1 -1 -1 -1 -1
##$SHL_TANKAPPA= (0..15)
0 0 0 0 0 0 0 0 0 0 0 0 0 0 0 0
##$SHL_TOTROT= (0..15)
90 0 0 0 0 0 0 0 0 0 0 0 0 0 0 0
##$SHL_TRUNCLEV= (0..15)
0 0 0 0 0 0 0 0 0 0 0 0 0 0 0 0
##$SHL_TYPE= (0..15)
<Excitation> <> <> <> <> <> <> <> <> <> <> <> <> <> <> <>
##$SHL_WINDOWSIZE= (0..15)
0 0 0 0 0 0 0 0 0 0 0 0 0 0 0 0
##$SHL_ZETA= (0..15)
0 0 0 0 0 0 0 0 0 0 0 0 0 0 0 0
##NPOINTS= 1250
##XYPOINTS= (XY..XY)
62.319088, 71.837838
62.055101, 73.594694
61.789297, 75.353146
61.521707, 77.113215
61.252360, 78.874922
60.981288, 80.638288
60.708520, 82.403336
60.434087, 84.170087
60.158021, 85.938564
59.880353, 87.708790
59.601113, 89.480788
59.320335, 91.254584
59.038051, 93.030201
58.754291, 94.807663
58.469090, 96.586998
58.182479, 98.368230
57.894493, 100.151385
57.605164, 101.936491
57.314526, 103.723575
57.022612, 105.512665
56.729457, 107.303789
56.435096, 109.096976
56.139562, 110.892256
55.842891, 112.689658
55.545117, 114.489214
55.246277, 116.290954
54.946405, 118.094909
54.645538, 119.901113
54.343712, 121.709597
54.040963, 123.520396
53.737328, 125.333542
53.432844, 127.149072
53.127547, 128.967019
52.821477, 130.787421
52.514669, 132.610312
52.207163, 134.435730
51.898996, 136.263714
51.590208, 138.094300
51.280836, 139.927529
50.970920, 141.763439
50.660500, 143.602071
50.349614, 145.443466
50.038303, 147.287665
49.726608, 149.134711
49.414568, 150.984647
49.102224, 152.837515
48.789617, 154.693361
48.476789, 156.552230
48.163780, 158.414166
47.850634, 160.279216
47.537392, 162.147427
47.224096, 164.018847
46.910790, 165.893523
46.597516, 167.771506
46.284317, 169.652844
45.971238, 171.537588
45.658321, 173.425789
45.345612, 175.317498
45.033154, 177.212767
44.720992, 179.111650
44.409172, 181.014199
44.097739, 182.920468
43.786737, 184.830513
43.476214, 186.744388
43.166215, 188.662149
42.856787, 190.583852
42.547976, 192.509553
42.239830, 194.439311
41.932396, 196.373181
41.625722, 198.311223
41.319855, 200.253494
41.014843, 202.200053
40.710736, 204.150959
40.407581, 206.106270
40.105428, 208.066047
39.804326, 210.030349
39.504325, 211.999235
39.205474, 213.972764
38.907823, 215.950996
38.611422, 217.933991
38.316323, 219.921807
38.022575, 221.914503
37.730229, 223.912139
37.439338, 225.914771
37.149951, 227.922458
36.862120, 229.935256
36.575898, 231.953222
36.291336, 233.976412
36.008485, 236.004879
35.727398, 238.038676
35.448127, 240.077857
35.170724, 242.122472
34.895242, 244.172571
34.621732, 246.228200
34.350248, 248.289408
34.080841, 250.356236
33.813565, 252.428728
33.548470, 254.506924
33.285610, 256.590861
33.025036, 258.680573
32.766801, 260.776094
32.510956, 262.877452
32.257553, 264.984673
32.006642, 267.097780
31.758275, 269.216792
31.512503, 271.341725
31.269375, 273.472590
31.028942, 275.609394
30.791252, 277.752140
30.556355, 279.900827
30.324299, 282.055447
30.095131, 284.215990
29.868898, 286.382437
29.645646, 288.554768
29.425420, 290.732953
29.208265, 292.916959
28.994224, 295.106746
28.783340, 297.302268
28.575654, 299.503470
28.371206, 301.710294
28.170035, 303.922673
27.972179, 306.140534
27.777674, 308.363796
27.586555, 310.592370
27.398855, 312.826161
27.214606, 315.065066
27.033839, 317.308975
26.856582, 319.557768
26.682861, 321.811319
26.512700, 324.069495
26.346124, 326.332152
26.183152, 328.599142
26.023804, 330.870307
25.868095, 333.145482
25.716040, 335.424493
25.567651, 337.707161
25.422938, 339.993298
25.281908, 342.282708
25.144565, 344.575191
25.010912, 346.870537
24.880948, 349.168532
24.754671, 351.468954
24.632075, 353.771577
24.513153, 356.076167
24.397892, 358.382488
24.286280, 0.690297
24.178300, 2.999346
24.073934, 5.309385
23.973159, 7.620160
23.875951, 9.931413
23.782284, 12.242885
23.692126, 14.554314
23.605446, 16.865435
23.522208, 19.175986
23.442375, 21.485699
23.365907, 23.794311
23.292759, 26.101556
23.222888, 28.407172
23.156245, 30.710895
23.092780, 33.012465
23.032441, 35.311625
22.975173, 37.608119
22.920920, 39.901697
22.869622, 42.192109
22.821220, 44.479114
22.775650, 46.762471
22.732849, 49.041947
22.692750, 51.317313
22.655286, 53.588346
22.620388, 55.854829
22.587985, 58.116550
22.558006, 60.373306
22.530378, 62.624898
22.505026, 64.871136
22.481878, 67.111834
22.460855, 69.346817
22.441883, 71.575913
22.424884, 73.798961
22.409781, 76.015805
22.396495, 78.226297
22.384948, 80.430296
22.375061, 82.627668
22.366757, 84.818288
22.359955, 87.002037
22.354576, 89.178801
22.350544, 91.348476
22.347777, 93.510964
22.346200, 95.666172
22.345732, 97.814016
22.346298, 99.954417
22.347819, 102.087301
22.350220, 104.212603
22.353425, 106.330260
22.357358, 108.440218
22.361946, 110.542425
22.367113, 112.636838
22.372789, 114.723416
22.378900, 116.802122
22.385375, 118.872926
22.392146, 120.935800
22.399142, 122.990721
22.406296, 125.037671
22.413541, 127.076631
22.420810, 129.107591
22.428041, 131.130539
22.435169, 133.145469
22.442131, 135.152376
22.448867, 137.151258
22.455317, 139.142114
22.461422, 141.124947
22.467126, 143.099760
22.472371, 145.066557
22.477104, 147.025344
22.481270, 148.976130
22.484818, 150.918922
22.487697, 152.853728
22.489857, 154.780559
22.491251, 156.699423
22.491830, 158.610331
22.491551, 160.513293
22.490368, 162.408318
22.488239, 164.295416
22.485122, 166.174596
22.480978, 168.045866
22.475767, 169.909235
22.469453, 171.764709
22.461998, 173.612294
22.453370, 175.451995
22.443533, 177.283815
22.432457, 179.107757
22.420110, 180.923822
22.406464, 182.732008
22.391491, 184.532313
22.375164, 186.324734
22.357458, 188.109263
22.338350, 189.885893
22.317816, 191.654613
22.295836, 193.415411
22.272391, 195.168272
22.247462, 196.913179
22.221032, 198.650112
22.193087, 200.379049
22.163611, 202.099966
22.132592, 203.812834
22.100020, 205.517623
22.065884, 207.214301
22.030176, 208.902830
21.992889, 210.583171
21.954018, 212.255283
21.913559, 213.919119
21.871509, 215.574630
21.827867, 217.221763
21.782634, 218.860464
21.735812, 220.490673
21.687404, 222.112326
21.637416, 223.725358
21.585855, 225.329697
21.532729, 226.925271
21.478048, 228.512000
21.421823, 230.089803
21.364069, 231.658595
21.304799, 233.218285
21.244032, 234.768779
21.181785, 236.309979
21.118080, 237.841783
21.052938, 239.364084
20.986383, 240.876772
20.918442, 242.379731
20.849143, 243.872843
20.778516, 245.355983
20.706592, 246.829024
20.633406, 248.291832
20.558994, 249.744273
20.483396, 251.186204
20.406650, 252.617480
20.328801, 254.037953
20.249893, 255.447469
20.169975, 256.845870
20.089096, 258.232995
20.007309, 259.608679
19.924670, 260.972753
19.841235, 262.325046
19.757066, 263.665380
19.672226, 264.993579
19.586780, 266.309461
19.500797, 267.612842
19.414350, 268.903536
19.327512, 270.181356
19.240362, 271.446113
19.152980, 272.697617
19.065451, 273.935678
18.977861, 275.160107
18.890302, 276.370714
18.802865, 277.567312
18.715650, 278.749716
18.628756, 279.917743
18.542287, 281.071217
18.456351, 282.209962
18.371058, 283.333812
18.286522, 284.442607
18.202862, 285.536194
18.120198, 286.614430
18.038656, 287.677183
17.958364, 288.724332
17.879453, 289.755771
17.802058, 290.771407
17.726317, 291.771165
17.652372, 292.754987
17.580367, 293.722836
17.510450, 294.674695
17.442771, 295.610572
17.377482, 296.530497
17.314739, 297.434530
17.254699, 298.322757
17.197522, 299.195295
17.143369, 300.052293
17.092402, 300.893932
17.044785, 301.720429
17.000682, 302.532037
16.960258, 303.329046
16.923678, 304.111783
16.891105, 304.880617
16.862704, 305.635954
16.838636, 306.378242
16.819062, 307.107968
16.804139, 307.825660
16.794024, 308.531886
16.788867, 309.227251
16.788818, 309.912399
16.794021, 310.588011
16.804614, 311.254800
16.820731, 311.913512
16.842502, 312.564925
16.870048, 313.209841
16.903485, 313.849087
16.942922, 314.483510
16.988460, 315.113976
17.040192, 315.741361
17.098205, 316.366554
17.162576, 316.990446
17.233374, 317.613930
17.310661, 318.237897
17.394487, 318.863231
17.484897, 319.490804
17.581925, 320.121473
17.685598, 320.756079
17.795933, 321.395437
17.912939, 322.040339
18.036616, 322.691549
18.166959, 323.349800
18.303951, 324.015790
18.447571, 324.690182
18.597790, 325.373603
18.754569, 326.066642
18.917868, 326.769846
19.087636, 327.483724
19.263819, 328.208744
19.446357, 328.945332
19.635184, 329.693874
19.830231, 330.454718
20.031425, 331.228169
20.238687, 332.014497
20.451936, 332.813933
20.671089, 333.626672
20.896058, 334.452873
21.126755, 335.292665
21.363088, 336.146142
21.604964, 337.013370
21.852289, 337.894387
22.104967, 338.789201
22.362903, 339.697801
22.625998, 340.620147
22.894157, 341.556181
23.167281, 342.505826
23.445272, 343.468983
23.728033, 344.445541
24.015466, 345.435371
24.307476, 346.438333
24.603965, 347.454272
24.904839, 348.483024
25.210002, 349.524416
25.519360, 350.578266
25.832821, 351.644385
26.150293, 352.722577
26.471685, 353.812643
26.796907, 354.914377
27.125870, 356.027573
27.458487, 357.152018
27.794671, 358.287502
28.134339, 359.433810
28.477405, 0.590728
28.823788, 1.758042
29.173406, 2.935537
29.526179, 4.123001
29.882028, 5.320223
30.240875, 6.526990
30.602645, 7.743096
30.967262, 8.968333
31.334651, 10.202499
31.704740, 11.445392
32.077458, 12.696814
32.452733, 13.956570
32.830496, 15.224467
33.210679, 16.500318
33.593214, 17.783936
33.978035, 19.075139
34.365076, 20.373749
34.754274, 21.679591
35.145564, 22.992494
35.538884, 24.312290
35.934172, 25.638814
36.331368, 26.971907
36.730412, 28.311410
37.131245, 29.657171
37.533807, 31.009039
37.938043, 32.366868
38.343895, 33.730516
38.751308, 35.099842
39.160225, 36.474711
39.570592, 37.854989
39.982356, 39.240547
40.395463, 40.631259
40.809861, 42.027000
41.225497, 43.427653
41.642320, 44.833098
42.060279, 46.243222
42.479325, 47.657914
42.899406, 49.077066
43.320474, 50.500571
43.742481, 51.928327
44.165377, 53.360234
44.589116, 54.796194
45.013649, 56.236112
45.438931, 57.679895
45.864915, 59.127454
46.291554, 60.578699
46.718803, 62.033546
47.146618, 63.491912
47.574953, 64.953714
48.003764, 66.418875
48.433007, 67.887316
48.862638, 69.358964
49.292614, 70.833744
49.722892, 72.311585
50.153430, 73.792419
50.584184, 75.276178
51.015114, 76.762795
51.446178, 78.252207
51.877334, 79.744351
52.308540, 81.239166
52.739757, 82.736593
53.170944, 84.236575
53.602061, 85.739054
54.033067, 87.243976
54.463923, 88.751288
54.894589, 90.260937
55.325027, 91.772872
55.755197, 93.287044
56.185061, 94.803405
56.614581, 96.321907
57.043717, 97.842504
57.472432, 99.365152
57.900689, 100.889807
58.328450, 102.416427
58.755677, 103.944969
59.182334, 105.475393
59.608384, 107.007660
60.033789, 108.541731
60.458515, 110.077568
60.882523, 111.615135
61.305779, 113.154396
61.728246, 114.695316
62.149890, 116.237860
62.570674, 117.781995
62.990563, 119.327689
63.409523, 120.874910
63.827518, 122.423626
64.244514, 123.973808
64.660477, 125.525426
65.075371, 127.078451
65.489165, 128.632855
65.901822, 130.188609
66.313310, 131.745688
66.723596, 133.304064
67.132645, 134.863713
67.540426, 136.424608
67.946904, 137.986726
68.352048, 139.550041
68.755825, 141.114531
69.158202, 142.680173
69.559147, 144.246944
69.958628, 145.814823
70.356615, 147.383786
70.753074, 148.953815
71.147974, 150.524887
71.541285, 152.096984
71.932975, 153.670085
72.323014, 155.244170
72.711371, 156.819222
73.098014, 158.395221
73.482915, 159.972150
73.866043, 161.549991
74.247368, 163.128727
74.626860, 164.708340
75.004489, 166.288814
75.380228, 167.870132
75.754045, 169.452280
76.125913, 171.035241
76.495803, 172.618999
76.863685, 174.203541
77.229532, 175.788851
77.593316, 177.374914
77.955008, 178.961718
78.314581, 180.549247
78.672006, 182.137489
79.027258, 183.726430
79.380308, 185.316057
79.731129, 186.906358
80.079695, 188.497319
80.425980, 190.088929
80.769956, 191.681176
81.111597, 193.274047
81.450878, 194.867531
81.787772, 196.461617
82.122255, 198.056293
82.454301, 199.651549
82.783884, 201.247374
83.110979, 202.843757
83.435563, 204.440688
83.757610, 206.038157
84.077096, 207.636153
84.393997, 209.234667
84.708289, 210.833690
85.019948, 212.433211
85.328952, 214.033222
85.635275, 215.633713
85.938897, 217.234675
86.239793, 218.836099
86.537941, 220.437978
86.833319, 222.040301
87.125905, 223.643062
87.415677, 225.246250
87.702612, 226.849860
87.986690, 228.453881
88.267890, 230.058308
88.546189, 231.663130
88.821568, 233.268343
89.094006, 234.873936
89.363483, 236.479905
89.629977, 238.086240
89.893471, 239.692935
90.153943, 241.299983
90.411375, 242.907377
90.665748, 244.515109
90.917041, 246.123175
91.165238, 247.731566
91.410318, 249.340276
91.652265, 250.949299
91.891060, 252.558628
92.126685, 254.168257
92.359123, 255.778181
92.588356, 257.388392
92.814368, 258.998885
93.037142, 260.609654
93.256661, 262.220694
93.472909, 263.831997
93.685870, 265.443559
93.895528, 267.055374
94.101868, 268.667437
94.304875, 270.279742
94.504532, 271.892283
94.700827, 273.505056
94.893743, 275.118054
95.083267, 276.731273
95.269385, 278.344708
95.452084, 279.958354
95.631348, 281.572205
95.807166, 283.186256
95.979525, 284.800503
96.148411, 286.414940
96.313812, 288.029564
96.475716, 289.644368
96.634111, 291.259349
96.788986, 292.874502
96.940328, 294.489821
97.088127, 296.105303
97.232372, 297.720943
97.373052, 299.336736
97.510157, 300.952679
97.643677, 302.568765
97.773601, 304.184992
97.899921, 305.801355
98.022627, 307.417849
98.141710, 309.034471
98.257161, 310.651215
98.368972, 312.268078
98.477135, 313.885056
98.581640, 315.502144
98.682482, 317.119338
98.779652, 318.736635
98.873144, 320.354029
98.962950, 321.971518
99.049063, 323.589097
99.131479, 325.206762
99.210189, 326.824508
99.285189, 328.442333
99.356474, 330.060233
99.424037, 331.678202
99.487874, 333.296238
99.547980, 334.914336
99.604351, 336.532493
99.656983, 338.150705
99.705871, 339.768968
99.751013, 341.387277
99.792404, 343.005630
99.830042, 344.624023
99.863925, 346.242451
99.894049, 347.860911
99.920412, 349.479400
99.943013, 351.097912
99.961849, 352.716446
99.976920, 354.334996
99.988224, 355.953559
99.995761, 357.572132
99.999529, 359.190710
99.999529, 0.809290
99.995761, 2.427868
99.988224, 4.046441
99.976920, 5.665004
99.961849, 7.283554
99.943013, 8.902088
99.920412, 10.520600
99.894049, 12.139089
99.863925, 13.757549
99.830042, 15.375977
99.792404, 16.994370
99.751013, 18.612723
99.705871, 20.231032
99.656983, 21.849295
99.604351, 23.467507
99.547980, 25.085664
99.487874, 26.703762
99.424037, 28.321798
99.356474, 29.939767
99.285189, 31.557667
99.210189, 33.175492
99.131479, 34.793238
99.049063, 36.410903
98.962950, 38.028482
98.873144, 39.645971
98.779652, 41.263365
98.682482, 42.880662
98.581640, 44.497856
98.477135, 46.114944
98.368972, 47.731922
98.257161, 49.348785
98.141710, 50.965529
98.022627, 52.582151
97.899921, 54.198645
97.773601, 55.815008
97.643677, 57.431235
97.510157, 59.047321
97.373052, 60.663264
97.232372, 62.279057
97.088127, 63.894697
96.940328, 65.510179
96.788986, 67.125498
96.634111, 68.740651
96.475716, 70.355632
96.313812, 71.970436
96.148411, 73.585060
95.979525, 75.199497
95.807166, 76.813744
95.631348, 78.427795
95.452084, 80.041646
95.269385, 81.655292
95.083267, 83.268727
94.893743, 84.881946
94.700827, 86.494944
94.504532, 88.107717
94.304875, 89.720258
94.101868, 91.332563
93.895528, 92.944626
93.685870, 94.556441
93.472909, 96.168003
93.256661, 97.779306
93.037142, 99.390346
92.814368, 101.001115
92.588356, 102.611608
92.359123, 104.221819
92.126685, 105.831743
91.891060, 107.441372
91.652265, 109.050701
91.410318, 110.659724
91.165238, 112.268434
90.917041, 113.876825
90.665748, 115.484891
90.411375, 117.092623
90.153943, 118.700017
89.893471, 120.307065
89.629977, 121.913760
89.363483, 123.520095
89.094006, 125.126064
88.821568, 126.731657
88.546189, 128.336870
88.267890, 129.941692
87.986690, 131.546119
87.702612, 133.150140
87.415677, 134.753750
87.125905, 136.356938
86.833319, 137.959699
86.537941, 139.562022
86.239793, 141.163901
85.938897, 142.765325
85.635275, 144.366287
85.328952, 145.966778
85.019948, 147.566789
84.708289, 149.166310
84.393997, 150.765333
84.077096, 152.363847
83.757610, 153.961843
83.435563, 155.559312
83.110979, 157.156243
82.783884, 158.752626
82.454301, 160.348451
82.122255, 161.943707
81.787772, 163.538383
81.450878, 165.132469
81.111597, 166.725953
80.769956, 168.318824
80.425980, 169.911071
80.079695, 171.502681
79.731129, 173.093642
79.380308, 174.683943
79.027258, 176.273570
78.672006, 177.862511
78.314581, 179.450753
77.955008, 181.038282
77.593316, 182.625086
77.229532, 184.211149
76.863685, 185.796459
76.495803, 187.381001
76.125913, 188.964759
75.754045, 190.547720
75.380228, 192.129868
75.004489, 193.711186
74.626860, 195.291660
74.247368, 196.871273
73.866043, 198.450009
73.482915, 200.027850
73.098014, 201.604779
72.711371, 203.180778
72.323014, 204.755830
71.932975, 206.329915
71.541285, 207.903016
71.147974, 209.475113
70.753074, 211.046185
70.356615, 212.616214
69.958628, 214.185177
69.559147, 215.753056
69.158202, 217.319827
68.755825, 218.885469
68.352048, 220.449959
67.946904, 222.013274
67.540426, 223.575392
67.132645, 225.136287
66.723596, 226.695936
66.313310, 228.254312
65.901822, 229.811391
65.489165, 231.367145
65.075371, 232.921549
64.660477, 234.474574
64.244514, 236.026192
63.827518, 237.576374
63.409523, 239.125090
62.990563, 240.672311
62.570674, 242.218005
62.149890, 243.762140
61.728246, 245.304684
61.305779, 246.845604
60.882523, 248.384865
60.458515, 249.922432
60.033789, 251.458269
59.608384, 252.992340
59.182334, 254.524607
58.755677, 256.055031
58.328450, 257.583573
57.900689, 259.110193
57.472432, 260.634848
57.043717, 262.157496
56.614581, 263.678093
56.185061, 265.196595
55.755197, 266.712956
55.325027, 268.227128
54.894589, 269.739063
54.463923, 271.248712
54.033067, 272.756024
53.602061, 274.260946
53.170944, 275.763425
52.739757, 277.263407
52.308540, 278.760834
51.877334, 280.255649
51.446178, 281.747793
51.015114, 283.237205
50.584184, 284.723822
50.153430, 286.207581
49.722892, 287.688415
49.292614, 289.166256
48.862638, 290.641036
48.433007, 292.112684
48.003764, 293.581125
47.574953, 295.046286
47.146618, 296.508088
46.718803, 297.966454
46.291554, 299.421301
45.864915, 300.872546
45.438931, 302.320105
45.013649, 303.763888
44.589116, 305.203806
44.165377, 306.639766
43.742481, 308.071673
43.320474, 309.499429
42.899406, 310.922934
42.479325, 312.342086
42.060279, 313.756778
41.642320, 315.166902
41.225497, 316.572347
40.809861, 317.973000
40.395463, 319.368741
39.982356, 320.759453
39.570592, 322.145011
39.160225, 323.525289
38.751308, 324.900158
38.343895, 326.269484
37.938043, 327.633132
37.533807, 328.990961
37.131245, 330.342829
36.730412, 331.688590
36.331368, 333.028093
35.934172, 334.361186
35.538884, 335.687710
35.145564, 337.007506
34.754274, 338.320409
34.365076, 339.626251
33.978035, 340.924861
33.593214, 342.216064
33.210679, 343.499682
32.830496, 344.775533
32.452733, 346.043430
32.077458, 347.303186
31.704740, 348.554608
31.334651, 349.797501
30.967262, 351.031667
30.602645, 352.256904
30.240875, 353.473010
29.882028, 354.679777
29.526179, 355.876999
29.173406, 357.064463
28.823788, 358.241958
28.477405, 359.409272
28.134339, 0.566190
27.794671, 1.712498
27.458487, 2.847982
27.125870, 3.972427
26.796907, 5.085623
26.471685, 6.187357
26.150293, 7.277423
25.832821, 8.355615
25.519360, 9.421734
25.210002, 10.475584
24.904839, 11.516976
24.603965, 12.545728
24.307476, 13.561667
24.015466, 14.564629
23.728033, 15.554459
23.445272, 16.531017
23.167281, 17.494174
22.894157, 18.443819
22.625998, 19.379853
22.362903, 20.302199
22.104967, 21.210799
21.852289, 22.105613
21.604964, 22.986630
21.363088, 23.853858
21.126755, 24.707335
20.896058, 25.547127
20.671089, 26.373328
20.451936, 27.186067
20.238687, 27.985503
20.031425, 28.771831
19.830231, 29.545282
19.635184, 30.306126
19.446357, 31.054668
19.263819, 31.791256
19.087636, 32.516276
18.917868, 33.230154
18.754569, 33.933358
18.597790, 34.626397
18.447571, 35.309818
18.303951, 35.984210
18.166959, 36.650200
18.036616, 37.308451
17.912939, 37.959661
17.795933, 38.604563
17.685598, 39.243921
17.581925, 39.878527
17.484897, 40.509196
17.394487, 41.136769
17.310661, 41.762103
17.233374, 42.386070
17.162576, 43.009554
17.098205, 43.633446
17.040192, 44.258639
16.988460, 44.886024
16.942922, 45.516490
16.903485, 46.150913
16.870048, 46.790159
16.842502, 47.435075
16.820731, 48.086488
16.804614, 48.745200
16.794021, 49.411989
16.788818, 50.087601
16.788867, 50.772749
16.794024, 51.468114
16.804139, 52.174340
16.819062, 52.892032
16.838636, 53.621758
16.862704, 54.364046
16.891105, 55.119383
16.923678, 55.888217
16.960258, 56.670954
17.000682, 57.467963
17.044785, 58.279571
17.092402, 59.106068
17.143369, 59.947707
17.197522, 60.804705
17.254699, 61.677243
17.314739, 62.565470
17.377482, 63.469503
17.442771, 64.389428
17.510450, 65.325305
17.580367, 66.277164
17.652372, 67.245013
17.726317, 68.228835
17.802058, 69.228593
17.879453, 70.244229
17.958364, 71.275668
18.038656, 72.322817
18.120198, 73.385570
18.202862, 74.463806
18.286522, 75.557393
18.371058, 76.666188
18.456351, 77.790038
18.542287, 78.928783
18.628756, 80.082257
18.715650, 81.250284
18.802865, 82.432688
18.890302, 83.629286
18.977861, 84.839893
19.065451, 86.064322
19.152980, 87.302383
19.240362, 88.553887
19.327512, 89.818644
19.414350, 91.096464
19.500797, 92.387158
19.586780, 93.690539
19.672226, 95.006421
19.757066, 96.334620
19.841235, 97.674954
19.924670, 99.027247
20.007309, 100.391321
20.089096, 101.767005
20.169975, 103.154130
20.249893, 104.552531
20.328801, 105.962047
20.406650, 107.382520
20.483396, 108.813796
20.558994, 110.255727
20.633406, 111.708168
20.706592, 113.170976
20.778516, 114.644017
20.849143, 116.127157
20.918442, 117.620269
20.986383, 119.123228
21.052938, 120.635916
21.118080, 122.158217
21.181785, 123.690021
21.244032, 125.231221
21.304799, 126.781715
21.364069, 128.341405
21.421823, 129.910197
21.478048, 131.488000
21.532729, 133.074729
21.585855, 134.670303
21.637416, 136.274642
21.687404, 137.887674
21.735812, 139.509327
21.782634, 141.139536
21.827867, 142.778237
21.871509, 144.425370
21.913559, 146.080881
21.954018, 147.744717
21.992889, 149.416829
22.030176, 151.097170
22.065884, 152.785699
22.100020, 154.482377
22.132592, 156.187166
22.163611, 157.900034
22.193087, 159.620951
22.221032, 161.349888
22.247462, 163.086821
22.272391, 164.831728
22.295836, 166.584589
22.317816, 168.345387
22.338350, 170.114107
22.357458, 171.890737
22.375164, 173.675266
22.391491, 175.467687
22.406464, 177.267992
22.420110, 179.076178
22.432457, 180.892243
22.443533, 182.716185
22.453370, 184.548005
22.461998, 186.387706
22.469453, 188.235291
22.475767, 190.090765
22.480978, 191.954134
22.485122, 193.825404
22.488239, 195.704584
22.490368, 197.591682
22.491551, 199.486707
22.491830, 201.389669
22.491251, 203.300577
22.489857, 205.219441
22.487697, 207.146272
22.484818, 209.081078
22.481270, 211.023870
22.477104, 212.974656
22.472371, 214.933443
22.467126, 216.900240
22.461422, 218.875053
22.455317, 220.857886
22.448867, 222.848742
22.442131, 224.847624
22.435169, 226.854531
22.428041, 228.869461
22.420810, 230.892409
22.413541, 232.923369
22.406296, 234.962329
22.399142, 237.009279
22.392146, 239.064200
22.385375, 241.127074
22.378900, 243.197878
22.372789, 245.276584
22.367113, 247.363162
22.361946, 249.457575
22.357358, 251.559782
22.353425, 253.669740
22.350220, 255.787397
22.347819, 257.912699
22.346298, 260.045583
22.345732, 262.185984
22.346200, 264.333828
22.347777, 266.489036
22.350544, 268.651524
22.354576, 270.821199
22.359955, 272.997963
22.366757, 275.181712
22.375061, 277.372332
22.384948, 279.569704
22.396495, 281.773703
22.409781, 283.984195
22.424884, 286.201039
22.441883, 288.424087
22.460855, 290.653183
22.481878, 292.888166
22.505026, 295.128864
22.530378, 297.375102
22.558006, 299.626694
22.587985, 301.883450
22.620388, 304.145171
22.655286, 306.411654
22.692750, 308.682687
22.732849, 310.958053
22.775650, 313.237529
22.821220, 315.520886
22.869622, 317.807891
22.920920, 320.098303
22.975173, 322.391881
23.032441, 324.688375
23.092780, 326.987535
23.156245, 329.289105
23.222888, 331.592828
23.292759, 333.898444
23.365907, 336.205689
23.442375, 338.514301
23.522208, 340.824014
23.605446, 343.134565
23.692126, 345.445686
23.782284, 347.757115
23.875951, 350.068587
23.973159, 352.379840
24.073934, 354.690615
24.178300, 357.000654
24.286280, 359.309703
24.397892, 1.617512
24.513153, 3.923833
24.632075, 6.228423
24.754671, 8.531046
24.880948, 10.831468
25.010912, 13.129463
25.144565, 15.424809
25.281908, 17.717292
25.422938, 20.006702
25.567651, 22.292839
25.716040, 24.575507
25.868095, 26.854518
26.023804, 29.129693
26.183152, 31.400858
26.346124, 33.667848
26.512700, 35.930505
26.682861, 38.188681
26.856582, 40.442232
27.033839, 42.691025
27.214606, 44.934934
27.398855, 47.173839
27.586555, 49.407630
27.777674, 51.636204
27.972179, 53.859466
28.170035, 56.077327
28.371206, 58.289706
28.575654, 60.496530
28.783340, 62.697732
28.994224, 64.893254
29.208265, 67.083041
29.425420, 69.267047
29.645646, 71.445232
29.868898, 73.617563
30.095131, 75.784010
30.324299, 77.944553
30.556355, 80.099173
30.791252, 82.247860
31.028942, 84.390606
31.269375, 86.527410
31.512503, 88.658275
31.758275, 90.783208
32.006642, 92.902220
32.257553, 95.015327
32.510956, 97.122548
32.766801, 99.223906
33.025036, 101.319427
33.285610, 103.409139
33.548470, 105.493076
33.813565, 107.571272
34.080841, 109.643764
34.350248, 111.710592
34.621732, 113.771800
34.895242, 115.827429
35.170724, 117.877528
35.448127, 119.922143
35.727398, 121.961324
36.008485, 123.995121
36.291336, 126.023588
36.575898, 128.046778
36.862120, 130.064744
37.149951, 132.077542
37.439338, 134.085229
37.730229, 136.087861
38.022575, 138.085497
38.316323, 140.078193
38.611422, 142.066009
38.907823, 144.049004
39.205474, 146.027236
39.504325, 148.000765
39.804326, 149.969651
40.105428, 151.933953
40.407581, 153.893730
40.710736, 155.849041
41.014843, 157.799947
41.319855, 159.746506
41.625722, 161.688777
41.932396, 163.626819
42.239830, 165.560689
42.547976, 167.490447
42.856787, 169.416148
43.166215, 171.337851
43.476214, 173.255612
43.786737, 175.169487
44.097739, 177.079532
44.409172, 178.985801
44.720992, 180.888350
45.033154, 182.787233
45.345612, 184.682502
45.658321, 186.574211
45.971238, 188.462412
46.284317, 190.347156
46.597516, 192.228494
46.910790, 194.106477
47.224096, 195.981153
47.537392, 197.852573
47.850634, 199.720784
48.163780, 201.585834
48.476789, 203.447770
48.789617, 205.306639
49.102224, 207.162485
49.414568, 209.015353
49.726608, 210.865289
50.038303, 212.712335
50.349614, 214.556534
50.660500, 216.397929
50.970920, 218.236561
51.280836, 220.072471
51.590208, 221.905700
51.898996, 223.736286
52.207163, 225.564270
52.514669, 227.389688
52.821477, 229.212579
53.127547, 231.032981
53.432844, 232.850928
53.737328, 234.666458
54.040963, 236.479604
54.343712, 238.290403
54.645538, 240.098887
54.946405, 241.905091
55.246277, 243.709046
55.545117, 245.510786
55.842891, 247.310342
56.139562, 249.107744
56.435096, 250.903024
56.729457, 252.696211
57.022612, 254.487335
57.314526, 256.276425
57.605164, 258.063509
57.894493, 259.848615
58.182479, 261.631770
58.469090, 263.413002
58.754291, 265.192337
59.038051, 266.969799
59.320335, 268.745416
59.601113, 270.519212
59.880353, 272.291210
60.158021, 274.061436
60.434087, 275.829913
60.708520, 277.596664
60.981288, 279.361712
61.252360, 281.125078
61.521707, 282.886785
61.789297, 284.646854
62.055101, 286.405306
62.319088, 288.162162
##END=
