##TITLE= Parameter file, TopSpin 4.3.0
##JCAMPDX= 5.0
##DATATYPE= Parameter Values
##ORIGIN= Bruker BioSpin GmbH
##OWNER= nmrsu
$$ 2024-05-01 00:25:10.498 +0100  nmrsu@4CE1161FJM
$$ C:/Bruker/TopSpin4.3.0/exp/stan/nmr/lists/wave/user/multisupp_aux_d8
$$ process C:\Bruker\TopSpin4.3.0\prog\mod\xwinshape.exe
##MINX= 0.53250000
##MAXX= 99.99938900
##MINY= 0.05120100
##MAXY= 359.94879900
##$SHAPE_ADDPHASE= 0
##$SHAPE_AMP= 99.99938927
##$SHAPE_BWFAC= 0
##$SHAPE_BWFAC50= 0
##$SHAPE_CALCBW= yes
##$SHAPE_CALCINTEG= yes
##$SHAPE_EXMODE= <Excitation>
##$SHAPE_EXPAND= <>
##$SHAPE_EXPANDCF= (0..143)
0 0 0 0 0 0 0 0 0 0 0 0 0 0 0 0 0 0 0 0 0 0 0 0 0 0 0 0 0 0 0 0 0 0 0 0
0 0 0 0 0 0 0 0 0 0 0 0 0 0 0 0 0 0 0 0 0 0 0 0 0 0 0 0 0 0 0 0 0 0 0 0
0 0 0 0 0 0 0 0 0 0 0 0 0 0 0 0 0 0 0 0 0 0 0 0 0 0 0 0 0 0 0 0 0 0 0 0
0 0 0 0 0 0 0 0 0 0 0 0 0 0 0 0 0 0 0 0 0 0 0 0 0 0 0 0 0 0 0 0 0 0 0 0
##$SHAPE_EXPFAC= 0
##$SHAPE_FRACEND= 0
##$SHAPE_FRACORG= 0
##$SHAPE_FRACSTART= 0
##$SHAPE_INTEGFAC= 0
##$SHAPE_KEEPRES= yes
##$SHAPE_LENGTH= 25000.000373
##$SHAPE_MAN= <M>
##$SHAPE_MODE= 3
##$SHAPE_MODFREQ= 0
##$SHAPE_MODPHASE= 0
##$SHAPE_MODSCALE= 0
##$SHAPE_MODSW= 0
##$SHAPE_MODSWDIR= -1
##$SHAPE_NPOINTS= 1250
##$SHAPE_OFFS= <1 3>
##$SHAPE_OFFSCOEFF= (0..95)
-159.96815 0 100 -227.57695 0 100 -296.21648 0 100 0 0 0 0 0 0 0 0 0 0
0 0 0 0 0 0 0 0 0 0 0 0 0 0 0 0 0 0 0 0 0 0 0 0 0 0 0 0 0 0 0 0 0 0 0 0
0 0 0 0 0 0 0 0 0 0 0 0 0 0 0 0 0 0 0 0 0 0 0 0 0 0 0 0 0 0 0 0 0 0 0 0
0 0 0 0 0
##$SHAPE_PARAMETER= <>
##$SHAPE_REPHFAC= 0
##$SHAPE_RES= 0
##$SHAPE_SCALEFAC= 1.00000611
##$SHAPE_SCALETYPE= 0
##$SHAPE_SPOAL= 0
##$SHAPE_SPOFFS= 0
##$SHAPE_SPOPH= 0
##$SHAPE_TOTROT= 90
##$SHAPE_TYPE= <Excitation>
##$SHAPE_USER_DEF= <>
##$SHAPE_VERSION= 2.1
##$SHL_ADDPHASE= (0..15)
0 0 0 0 0 0 0 0 0 0 0 0 0 0 0 0
##$SHL_ALIGNOFFSET= (0..15)
0 0 0 0 0 0 0 0 0 0 0 0 0 0 0 0
##$SHL_AMP= (0..15)
100 0 0 0 0 0 0 0 0 0 0 0 0 0 0 0
##$SHL_AMPFAC= (0..15)
0 0 0 0 0 0 0 0 0 0 0 0 0 0 0 0
##$SHL_BETA= (0..15)
0 0 0 0 0 0 0 0 0 0 0 0 0 0 0 0
##$SHL_BWFAC= (0..15)
1.116 0 0 0 0 0 0 0 0 0 0 0 0 0 0 0
##$SHL_CALCBW= (0..15)
yes yes yes yes yes yes yes yes yes yes yes yes yes yes yes yes
##$SHL_CALCINTEG= (0..15)
yes yes yes yes yes yes yes yes yes yes yes yes yes yes yes yes
##$SHL_CENTERAMP= (0..15)
0 0 0 0 0 0 0 0 0 0 0 0 0 0 0 0
##$SHL_CYCNUM= (0..15)
0 0 0 0 0 0 0 0 0 0 0 0 0 0 0 0
##$SHL_DIPOLCPL= (0..15)
0 0 0 0 0 0 0 0 0 0 0 0 0 0 0 0
##$SHL_ENDAMP= (0..15)
0 0 0 0 0 0 0 0 0 0 0 0 0 0 0 0
##$SHL_EXMODE= (0..15)
<Excitation> <> <> <> <> <> <> <> <> <> <> <> <> <> <> <>
##$SHL_EXPAND= (0..15)
<> <> <> <> <> <> <> <> <> <> <> <> <> <> <> <>
##$SHL_EXPANDCF0= (0..143)
0 0 0 0 0 0 0 0 0 0 0 0 0 0 0 0 0 0 0 0 0 0 0 0 0 0 0 0 0 0 0 0 0 0 0 0
0 0 0 0 0 0 0 0 0 0 0 0 0 0 0 0 0 0 0 0 0 0 0 0 0 0 0 0 0 0 0 0 0 0 0 0
0 0 0 0 0 0 0 0 0 0 0 0 0 0 0 0 0 0 0 0 0 0 0 0 0 0 0 0 0 0 0 0 0 0 0 0
0 0 0 0 0 0 0 0 0 0 0 0 0 0 0 0 0 0 0 0 0 0 0 0 0 0 0 0 0 0 0 0 0 0 0 0
##$SHL_EXPANDCF1= (0..143)
0 0 0 0 0 0 0 0 0 0 0 0 0 0 0 0 0 0 0 0 0 0 0 0 0 0 0 0 0 0 0 0 0 0 0 0
0 0 0 0 0 0 0 0 0 0 0 0 0 0 0 0 0 0 0 0 0 0 0 0 0 0 0 0 0 0 0 0 0 0 0 0
0 0 0 0 0 0 0 0 0 0 0 0 0 0 0 0 0 0 0 0 0 0 0 0 0 0 0 0 0 0 0 0 0 0 0 0
0 0 0 0 0 0 0 0 0 0 0 0 0 0 0 0 0 0 0 0 0 0 0 0 0 0 0 0 0 0 0 0 0 0 0 0
##$SHL_EXPANDCF10= (0..143)
0 0 0 0 0 0 0 0 0 0 0 0 0 0 0 0 0 0 0 0 0 0 0 0 0 0 0 0 0 0 0 0 0 0 0 0
0 0 0 0 0 0 0 0 0 0 0 0 0 0 0 0 0 0 0 0 0 0 0 0 0 0 0 0 0 0 0 0 0 0 0 0
0 0 0 0 0 0 0 0 0 0 0 0 0 0 0 0 0 0 0 0 0 0 0 0 0 0 0 0 0 0 0 0 0 0 0 0
0 0 0 0 0 0 0 0 0 0 0 0 0 0 0 0 0 0 0 0 0 0 0 0 0 0 0 0 0 0 0 0 0 0 0 0
##$SHL_EXPANDCF11= (0..143)
0 0 0 0 0 0 0 0 0 0 0 0 0 0 0 0 0 0 0 0 0 0 0 0 0 0 0 0 0 0 0 0 0 0 0 0
0 0 0 0 0 0 0 0 0 0 0 0 0 0 0 0 0 0 0 0 0 0 0 0 0 0 0 0 0 0 0 0 0 0 0 0
0 0 0 0 0 0 0 0 0 0 0 0 0 0 0 0 0 0 0 0 0 0 0 0 0 0 0 0 0 0 0 0 0 0 0 0
0 0 0 0 0 0 0 0 0 0 0 0 0 0 0 0 0 0 0 0 0 0 0 0 0 0 0 0 0 0 0 0 0 0 0 0
##$SHL_EXPANDCF12= (0..143)
0 0 0 0 0 0 0 0 0 0 0 0 0 0 0 0 0 0 0 0 0 0 0 0 0 0 0 0 0 0 0 0 0 0 0 0
0 0 0 0 0 0 0 0 0 0 0 0 0 0 0 0 0 0 0 0 0 0 0 0 0 0 0 0 0 0 0 0 0 0 0 0
0 0 0 0 0 0 0 0 0 0 0 0 0 0 0 0 0 0 0 0 0 0 0 0 0 0 0 0 0 0 0 0 0 0 0 0
0 0 0 0 0 0 0 0 0 0 0 0 0 0 0 0 0 0 0 0 0 0 0 0 0 0 0 0 0 0 0 0 0 0 0 0
##$SHL_EXPANDCF13= (0..143)
0 0 0 0 0 0 0 0 0 0 0 0 0 0 0 0 0 0 0 0 0 0 0 0 0 0 0 0 0 0 0 0 0 0 0 0
0 0 0 0 0 0 0 0 0 0 0 0 0 0 0 0 0 0 0 0 0 0 0 0 0 0 0 0 0 0 0 0 0 0 0 0
0 0 0 0 0 0 0 0 0 0 0 0 0 0 0 0 0 0 0 0 0 0 0 0 0 0 0 0 0 0 0 0 0 0 0 0
0 0 0 0 0 0 0 0 0 0 0 0 0 0 0 0 0 0 0 0 0 0 0 0 0 0 0 0 0 0 0 0 0 0 0 0
##$SHL_EXPANDCF14= (0..143)
0 0 0 0 0 0 0 0 0 0 0 0 0 0 0 0 0 0 0 0 0 0 0 0 0 0 0 0 0 0 0 0 0 0 0 0
0 0 0 0 0 0 0 0 0 0 0 0 0 0 0 0 0 0 0 0 0 0 0 0 0 0 0 0 0 0 0 0 0 0 0 0
0 0 0 0 0 0 0 0 0 0 0 0 0 0 0 0 0 0 0 0 0 0 0 0 0 0 0 0 0 0 0 0 0 0 0 0
0 0 0 0 0 0 0 0 0 0 0 0 0 0 0 0 0 0 0 0 0 0 0 0 0 0 0 0 0 0 0 0 0 0 0 0
##$SHL_EXPANDCF15= (0..143)
0 0 0 0 0 0 0 0 0 0 0 0 0 0 0 0 0 0 0 0 0 0 0 0 0 0 0 0 0 0 0 0 0 0 0 0
0 0 0 0 0 0 0 0 0 0 0 0 0 0 0 0 0 0 0 0 0 0 0 0 0 0 0 0 0 0 0 0 0 0 0 0
0 0 0 0 0 0 0 0 0 0 0 0 0 0 0 0 0 0 0 0 0 0 0 0 0 0 0 0 0 0 0 0 0 0 0 0
0 0 0 0 0 0 0 0 0 0 0 0 0 0 0 0 0 0 0 0 0 0 0 0 0 0 0 0 0 0 0 0 0 0 0 0
##$SHL_EXPANDCF2= (0..143)
0 0 0 0 0 0 0 0 0 0 0 0 0 0 0 0 0 0 0 0 0 0 0 0 0 0 0 0 0 0 0 0 0 0 0 0
0 0 0 0 0 0 0 0 0 0 0 0 0 0 0 0 0 0 0 0 0 0 0 0 0 0 0 0 0 0 0 0 0 0 0 0
0 0 0 0 0 0 0 0 0 0 0 0 0 0 0 0 0 0 0 0 0 0 0 0 0 0 0 0 0 0 0 0 0 0 0 0
0 0 0 0 0 0 0 0 0 0 0 0 0 0 0 0 0 0 0 0 0 0 0 0 0 0 0 0 0 0 0 0 0 0 0 0
##$SHL_EXPANDCF3= (0..143)
0 0 0 0 0 0 0 0 0 0 0 0 0 0 0 0 0 0 0 0 0 0 0 0 0 0 0 0 0 0 0 0 0 0 0 0
0 0 0 0 0 0 0 0 0 0 0 0 0 0 0 0 0 0 0 0 0 0 0 0 0 0 0 0 0 0 0 0 0 0 0 0
0 0 0 0 0 0 0 0 0 0 0 0 0 0 0 0 0 0 0 0 0 0 0 0 0 0 0 0 0 0 0 0 0 0 0 0
0 0 0 0 0 0 0 0 0 0 0 0 0 0 0 0 0 0 0 0 0 0 0 0 0 0 0 0 0 0 0 0 0 0 0 0
##$SHL_EXPANDCF4= (0..143)
0 0 0 0 0 0 0 0 0 0 0 0 0 0 0 0 0 0 0 0 0 0 0 0 0 0 0 0 0 0 0 0 0 0 0 0
0 0 0 0 0 0 0 0 0 0 0 0 0 0 0 0 0 0 0 0 0 0 0 0 0 0 0 0 0 0 0 0 0 0 0 0
0 0 0 0 0 0 0 0 0 0 0 0 0 0 0 0 0 0 0 0 0 0 0 0 0 0 0 0 0 0 0 0 0 0 0 0
0 0 0 0 0 0 0 0 0 0 0 0 0 0 0 0 0 0 0 0 0 0 0 0 0 0 0 0 0 0 0 0 0 0 0 0
##$SHL_EXPANDCF5= (0..143)
0 0 0 0 0 0 0 0 0 0 0 0 0 0 0 0 0 0 0 0 0 0 0 0 0 0 0 0 0 0 0 0 0 0 0 0
0 0 0 0 0 0 0 0 0 0 0 0 0 0 0 0 0 0 0 0 0 0 0 0 0 0 0 0 0 0 0 0 0 0 0 0
0 0 0 0 0 0 0 0 0 0 0 0 0 0 0 0 0 0 0 0 0 0 0 0 0 0 0 0 0 0 0 0 0 0 0 0
0 0 0 0 0 0 0 0 0 0 0 0 0 0 0 0 0 0 0 0 0 0 0 0 0 0 0 0 0 0 0 0 0 0 0 0
##$SHL_EXPANDCF6= (0..143)
0 0 0 0 0 0 0 0 0 0 0 0 0 0 0 0 0 0 0 0 0 0 0 0 0 0 0 0 0 0 0 0 0 0 0 0
0 0 0 0 0 0 0 0 0 0 0 0 0 0 0 0 0 0 0 0 0 0 0 0 0 0 0 0 0 0 0 0 0 0 0 0
0 0 0 0 0 0 0 0 0 0 0 0 0 0 0 0 0 0 0 0 0 0 0 0 0 0 0 0 0 0 0 0 0 0 0 0
0 0 0 0 0 0 0 0 0 0 0 0 0 0 0 0 0 0 0 0 0 0 0 0 0 0 0 0 0 0 0 0 0 0 0 0
##$SHL_EXPANDCF7= (0..143)
0 0 0 0 0 0 0 0 0 0 0 0 0 0 0 0 0 0 0 0 0 0 0 0 0 0 0 0 0 0 0 0 0 0 0 0
0 0 0 0 0 0 0 0 0 0 0 0 0 0 0 0 0 0 0 0 0 0 0 0 0 0 0 0 0 0 0 0 0 0 0 0
0 0 0 0 0 0 0 0 0 0 0 0 0 0 0 0 0 0 0 0 0 0 0 0 0 0 0 0 0 0 0 0 0 0 0 0
0 0 0 0 0 0 0 0 0 0 0 0 0 0 0 0 0 0 0 0 0 0 0 0 0 0 0 0 0 0 0 0 0 0 0 0
##$SHL_EXPANDCF8= (0..143)
0 0 0 0 0 0 0 0 0 0 0 0 0 0 0 0 0 0 0 0 0 0 0 0 0 0 0 0 0 0 0 0 0 0 0 0
0 0 0 0 0 0 0 0 0 0 0 0 0 0 0 0 0 0 0 0 0 0 0 0 0 0 0 0 0 0 0 0 0 0 0 0
0 0 0 0 0 0 0 0 0 0 0 0 0 0 0 0 0 0 0 0 0 0 0 0 0 0 0 0 0 0 0 0 0 0 0 0
0 0 0 0 0 0 0 0 0 0 0 0 0 0 0 0 0 0 0 0 0 0 0 0 0 0 0 0 0 0 0 0 0 0 0 0
##$SHL_EXPANDCF9= (0..143)
0 0 0 0 0 0 0 0 0 0 0 0 0 0 0 0 0 0 0 0 0 0 0 0 0 0 0 0 0 0 0 0 0 0 0 0
0 0 0 0 0 0 0 0 0 0 0 0 0 0 0 0 0 0 0 0 0 0 0 0 0 0 0 0 0 0 0 0 0 0 0 0
0 0 0 0 0 0 0 0 0 0 0 0 0 0 0 0 0 0 0 0 0 0 0 0 0 0 0 0 0 0 0 0 0 0 0 0
0 0 0 0 0 0 0 0 0 0 0 0 0 0 0 0 0 0 0 0 0 0 0 0 0 0 0 0 0 0 0 0 0 0 0 0
##$SHL_EXPFAC= (0..15)
0 0 0 0 0 0 0 0 0 0 0 0 0 0 0 0
##$SHL_FRACEND= (0..15)
0 0 0 0 0 0 0 0 0 0 0 0 0 0 0 0
##$SHL_FRACORG= (0..15)
0 0 0 0 0 0 0 0 0 0 0 0 0 0 0 0
##$SHL_FRACSTART= (0..15)
0 0 0 0 0 0 0 0 0 0 0 0 0 0 0 0
##$SHL_FULLHALF= (0..15)
0 0 0 0 0 0 0 0 0 0 0 0 0 0 0 0
##$SHL_FUNCAMP= (0..15)
100 0 0 0 0 0 0 0 0 0 0 0 0 0 0 0
##$SHL_FUNCTION= (0..15)
<Rectangle> <> <> <> <> <> <> <> <> <> <> <> <> <> <> <>
##$SHL_GCO= (0..15)
<> <> <> <> <> <> <> <> <> <> <> <> <> <> <> <>
##$SHL_GCOCOEFFS0= (0..59)
0 0 0 0 0 0 0 0 0 0 0 0 0 0 0 0 0 0 0 0 0 0 0 0 0 0 0 0 0 0 0 0 0 0 0 0
0 0 0 0 0 0 0 0 0 0 0 0 0 0 0 0 0 0 0 0 0 0 0 0
##$SHL_GCOCOEFFS1= (0..59)
0 0 0 0 0 0 0 0 0 0 0 0 0 0 0 0 0 0 0 0 0 0 0 0 0 0 0 0 0 0 0 0 0 0 0 0
0 0 0 0 0 0 0 0 0 0 0 0 0 0 0 0 0 0 0 0 0 0 0 0
##$SHL_GCOCOEFFS10= (0..59)
0 0 0 0 0 0 0 0 0 0 0 0 0 0 0 0 0 0 0 0 0 0 0 0 0 0 0 0 0 0 0 0 0 0 0 0
0 0 0 0 0 0 0 0 0 0 0 0 0 0 0 0 0 0 0 0 0 0 0 0
##$SHL_GCOCOEFFS11= (0..59)
0 0 0 0 0 0 0 0 0 0 0 0 0 0 0 0 0 0 0 0 0 0 0 0 0 0 0 0 0 0 0 0 0 0 0 0
0 0 0 0 0 0 0 0 0 0 0 0 0 0 0 0 0 0 0 0 0 0 0 0
##$SHL_GCOCOEFFS12= (0..59)
0 0 0 0 0 0 0 0 0 0 0 0 0 0 0 0 0 0 0 0 0 0 0 0 0 0 0 0 0 0 0 0 0 0 0 0
0 0 0 0 0 0 0 0 0 0 0 0 0 0 0 0 0 0 0 0 0 0 0 0
##$SHL_GCOCOEFFS13= (0..59)
0 0 0 0 0 0 0 0 0 0 0 0 0 0 0 0 0 0 0 0 0 0 0 0 0 0 0 0 0 0 0 0 0 0 0 0
0 0 0 0 0 0 0 0 0 0 0 0 0 0 0 0 0 0 0 0 0 0 0 0
##$SHL_GCOCOEFFS14= (0..59)
0 0 0 0 0 0 0 0 0 0 0 0 0 0 0 0 0 0 0 0 0 0 0 0 0 0 0 0 0 0 0 0 0 0 0 0
0 0 0 0 0 0 0 0 0 0 0 0 0 0 0 0 0 0 0 0 0 0 0 0
##$SHL_GCOCOEFFS15= (0..59)
0 0 0 0 0 0 0 0 0 0 0 0 0 0 0 0 0 0 0 0 0 0 0 0 0 0 0 0 0 0 0 0 0 0 0 0
0 0 0 0 0 0 0 0 0 0 0 0 0 0 0 0 0 0 0 0 0 0 0 0
##$SHL_GCOCOEFFS2= (0..59)
0 0 0 0 0 0 0 0 0 0 0 0 0 0 0 0 0 0 0 0 0 0 0 0 0 0 0 0 0 0 0 0 0 0 0 0
0 0 0 0 0 0 0 0 0 0 0 0 0 0 0 0 0 0 0 0 0 0 0 0
##$SHL_GCOCOEFFS3= (0..59)
0 0 0 0 0 0 0 0 0 0 0 0 0 0 0 0 0 0 0 0 0 0 0 0 0 0 0 0 0 0 0 0 0 0 0 0
0 0 0 0 0 0 0 0 0 0 0 0 0 0 0 0 0 0 0 0 0 0 0 0
##$SHL_GCOCOEFFS4= (0..59)
0 0 0 0 0 0 0 0 0 0 0 0 0 0 0 0 0 0 0 0 0 0 0 0 0 0 0 0 0 0 0 0 0 0 0 0
0 0 0 0 0 0 0 0 0 0 0 0 0 0 0 0 0 0 0 0 0 0 0 0
##$SHL_GCOCOEFFS5= (0..59)
0 0 0 0 0 0 0 0 0 0 0 0 0 0 0 0 0 0 0 0 0 0 0 0 0 0 0 0 0 0 0 0 0 0 0 0
0 0 0 0 0 0 0 0 0 0 0 0 0 0 0 0 0 0 0 0 0 0 0 0
##$SHL_GCOCOEFFS6= (0..59)
0 0 0 0 0 0 0 0 0 0 0 0 0 0 0 0 0 0 0 0 0 0 0 0 0 0 0 0 0 0 0 0 0 0 0 0
0 0 0 0 0 0 0 0 0 0 0 0 0 0 0 0 0 0 0 0 0 0 0 0
##$SHL_GCOCOEFFS7= (0..59)
0 0 0 0 0 0 0 0 0 0 0 0 0 0 0 0 0 0 0 0 0 0 0 0 0 0 0 0 0 0 0 0 0 0 0 0
0 0 0 0 0 0 0 0 0 0 0 0 0 0 0 0 0 0 0 0 0 0 0 0
##$SHL_GCOCOEFFS8= (0..59)
0 0 0 0 0 0 0 0 0 0 0 0 0 0 0 0 0 0 0 0 0 0 0 0 0 0 0 0 0 0 0 0 0 0 0 0
0 0 0 0 0 0 0 0 0 0 0 0 0 0 0 0 0 0 0 0 0 0 0 0
##$SHL_GCOCOEFFS9= (0..59)
0 0 0 0 0 0 0 0 0 0 0 0 0 0 0 0 0 0 0 0 0 0 0 0 0 0 0 0 0 0 0 0 0 0 0 0
0 0 0 0 0 0 0 0 0 0 0 0 0 0 0 0 0 0 0 0 0 0 0 0
##$SHL_INTEGFAC= (0..15)
1 0 0 0 0 0 0 0 0 0 0 0 0 0 0 0
##$SHL_LB= (0..15)
0 0 0 0 0 0 0 0 0 0 0 0 0 0 0 0
##$SHL_LEFTLIMIT= (0..15)
0 0 0 0 0 0 0 0 0 0 0 0 0 0 0 0
##$SHL_LENGTH= (0..15)
25000.000373 0 0 0 0 0 0 0 0 0 0 0 0 0 0 0
##$SHL_MAN= (0..15)
<> <> <> <> <> <> <> <> <> <> <> <> <> <> <> <>
##$SHL_MEANAMP= (0..15)
0 0 0 0 0 0 0 0 0 0 0 0 0 0 0 0
##$SHL_MODAMP= (0..15)
0 0 0 0 0 0 0 0 0 0 0 0 0 0 0 0
##$SHL_MODE= (0..15)
0 0 0 0 0 0 0 0 0 0 0 0 0 0 0 0
##$SHL_MODFREQ= (0..15)
0 0 0 0 0 0 0 0 0 0 0 0 0 0 0 0
##$SHL_MODPHASE= (0..15)
0 0 0 0 0 0 0 0 0 0 0 0 0 0 0 0
##$SHL_MODSCALE= (0..15)
0 0 0 0 0 0 0 0 0 0 0 0 0 0 0 0
##$SHL_MODSW= (0..15)
0 0 0 0 0 0 0 0 0 0 0 0 0 0 0 0
##$SHL_MODSWDIR= (0..15)
-1 -1 -1 -1 -1 -1 -1 -1 -1 -1 -1 -1 -1 -1 -1 -1
##$SHL_MU= (0..15)
0 0 0 0 0 0 0 0 0 0 0 0 0 0 0 0
##$SHL_NPOINTS= (0..15)
1250 0 0 0 0 0 0 0 0 0 0 0 0 0 0 0
##$SHL_OFFS= (0..15)
<> <> <> <> <> <> <> <> <> <> <> <> <> <> <> <>
##$SHL_OFFSCOEFF0= (0..95)
0 0 0 0 0 0 0 0 0 0 0 0 0 0 0 0 0 0 0 0 0 0 0 0 0 0 0 0 0 0 0 0 0 0 0 0
0 0 0 0 0 0 0 0 0 0 0 0 0 0 0 0 0 0 0 0 0 0 0 0 0 0 0 0 0 0 0 0 0 0 0 0
0 0 0 0 0 0 0 0 0 0 0 0 0 0 0 0 0 0 0 0 0 0 0 0
##$SHL_OFFSCOEFF1= (0..95)
0 0 0 0 0 0 0 0 0 0 0 0 0 0 0 0 0 0 0 0 0 0 0 0 0 0 0 0 0 0 0 0 0 0 0 0
0 0 0 0 0 0 0 0 0 0 0 0 0 0 0 0 0 0 0 0 0 0 0 0 0 0 0 0 0 0 0 0 0 0 0 0
0 0 0 0 0 0 0 0 0 0 0 0 0 0 0 0 0 0 0 0 0 0 0 0
##$SHL_OFFSCOEFF10= (0..95)
0 0 0 0 0 0 0 0 0 0 0 0 0 0 0 0 0 0 0 0 0 0 0 0 0 0 0 0 0 0 0 0 0 0 0 0
0 0 0 0 0 0 0 0 0 0 0 0 0 0 0 0 0 0 0 0 0 0 0 0 0 0 0 0 0 0 0 0 0 0 0 0
0 0 0 0 0 0 0 0 0 0 0 0 0 0 0 0 0 0 0 0 0 0 0 0
##$SHL_OFFSCOEFF11= (0..95)
0 0 0 0 0 0 0 0 0 0 0 0 0 0 0 0 0 0 0 0 0 0 0 0 0 0 0 0 0 0 0 0 0 0 0 0
0 0 0 0 0 0 0 0 0 0 0 0 0 0 0 0 0 0 0 0 0 0 0 0 0 0 0 0 0 0 0 0 0 0 0 0
0 0 0 0 0 0 0 0 0 0 0 0 0 0 0 0 0 0 0 0 0 0 0 0
##$SHL_OFFSCOEFF12= (0..95)
0 0 0 0 0 0 0 0 0 0 0 0 0 0 0 0 0 0 0 0 0 0 0 0 0 0 0 0 0 0 0 0 0 0 0 0
0 0 0 0 0 0 0 0 0 0 0 0 0 0 0 0 0 0 0 0 0 0 0 0 0 0 0 0 0 0 0 0 0 0 0 0
0 0 0 0 0 0 0 0 0 0 0 0 0 0 0 0 0 0 0 0 0 0 0 0
##$SHL_OFFSCOEFF13= (0..95)
0 0 0 0 0 0 0 0 0 0 0 0 0 0 0 0 0 0 0 0 0 0 0 0 0 0 0 0 0 0 0 0 0 0 0 0
0 0 0 0 0 0 0 0 0 0 0 0 0 0 0 0 0 0 0 0 0 0 0 0 0 0 0 0 0 0 0 0 0 0 0 0
0 0 0 0 0 0 0 0 0 0 0 0 0 0 0 0 0 0 0 0 0 0 0 0
##$SHL_OFFSCOEFF14= (0..95)
0 0 0 0 0 0 0 0 0 0 0 0 0 0 0 0 0 0 0 0 0 0 0 0 0 0 0 0 0 0 0 0 0 0 0 0
0 0 0 0 0 0 0 0 0 0 0 0 0 0 0 0 0 0 0 0 0 0 0 0 0 0 0 0 0 0 0 0 0 0 0 0
0 0 0 0 0 0 0 0 0 0 0 0 0 0 0 0 0 0 0 0 0 0 0 0
##$SHL_OFFSCOEFF15= (0..95)
0 0 0 0 0 0 0 0 0 0 0 0 0 0 0 0 0 0 0 0 0 0 0 0 0 0 0 0 0 0 0 0 0 0 0 0
0 0 0 0 0 0 0 0 0 0 0 0 0 0 0 0 0 0 0 0 0 0 0 0 0 0 0 0 0 0 0 0 0 0 0 0
0 0 0 0 0 0 0 0 0 0 0 0 0 0 0 0 0 0 0 0 0 0 0 0
##$SHL_OFFSCOEFF2= (0..95)
0 0 0 0 0 0 0 0 0 0 0 0 0 0 0 0 0 0 0 0 0 0 0 0 0 0 0 0 0 0 0 0 0 0 0 0
0 0 0 0 0 0 0 0 0 0 0 0 0 0 0 0 0 0 0 0 0 0 0 0 0 0 0 0 0 0 0 0 0 0 0 0
0 0 0 0 0 0 0 0 0 0 0 0 0 0 0 0 0 0 0 0 0 0 0 0
##$SHL_OFFSCOEFF3= (0..95)
0 0 0 0 0 0 0 0 0 0 0 0 0 0 0 0 0 0 0 0 0 0 0 0 0 0 0 0 0 0 0 0 0 0 0 0
0 0 0 0 0 0 0 0 0 0 0 0 0 0 0 0 0 0 0 0 0 0 0 0 0 0 0 0 0 0 0 0 0 0 0 0
0 0 0 0 0 0 0 0 0 0 0 0 0 0 0 0 0 0 0 0 0 0 0 0
##$SHL_OFFSCOEFF4= (0..95)
0 0 0 0 0 0 0 0 0 0 0 0 0 0 0 0 0 0 0 0 0 0 0 0 0 0 0 0 0 0 0 0 0 0 0 0
0 0 0 0 0 0 0 0 0 0 0 0 0 0 0 0 0 0 0 0 0 0 0 0 0 0 0 0 0 0 0 0 0 0 0 0
0 0 0 0 0 0 0 0 0 0 0 0 0 0 0 0 0 0 0 0 0 0 0 0
##$SHL_OFFSCOEFF5= (0..95)
0 0 0 0 0 0 0 0 0 0 0 0 0 0 0 0 0 0 0 0 0 0 0 0 0 0 0 0 0 0 0 0 0 0 0 0
0 0 0 0 0 0 0 0 0 0 0 0 0 0 0 0 0 0 0 0 0 0 0 0 0 0 0 0 0 0 0 0 0 0 0 0
0 0 0 0 0 0 0 0 0 0 0 0 0 0 0 0 0 0 0 0 0 0 0 0
##$SHL_OFFSCOEFF6= (0..95)
0 0 0 0 0 0 0 0 0 0 0 0 0 0 0 0 0 0 0 0 0 0 0 0 0 0 0 0 0 0 0 0 0 0 0 0
0 0 0 0 0 0 0 0 0 0 0 0 0 0 0 0 0 0 0 0 0 0 0 0 0 0 0 0 0 0 0 0 0 0 0 0
0 0 0 0 0 0 0 0 0 0 0 0 0 0 0 0 0 0 0 0 0 0 0 0
##$SHL_OFFSCOEFF7= (0..95)
0 0 0 0 0 0 0 0 0 0 0 0 0 0 0 0 0 0 0 0 0 0 0 0 0 0 0 0 0 0 0 0 0 0 0 0
0 0 0 0 0 0 0 0 0 0 0 0 0 0 0 0 0 0 0 0 0 0 0 0 0 0 0 0 0 0 0 0 0 0 0 0
0 0 0 0 0 0 0 0 0 0 0 0 0 0 0 0 0 0 0 0 0 0 0 0
##$SHL_OFFSCOEFF8= (0..95)
0 0 0 0 0 0 0 0 0 0 0 0 0 0 0 0 0 0 0 0 0 0 0 0 0 0 0 0 0 0 0 0 0 0 0 0
0 0 0 0 0 0 0 0 0 0 0 0 0 0 0 0 0 0 0 0 0 0 0 0 0 0 0 0 0 0 0 0 0 0 0 0
0 0 0 0 0 0 0 0 0 0 0 0 0 0 0 0 0 0 0 0 0 0 0 0
##$SHL_OFFSCOEFF9= (0..95)
0 0 0 0 0 0 0 0 0 0 0 0 0 0 0 0 0 0 0 0 0 0 0 0 0 0 0 0 0 0 0 0 0 0 0 0
0 0 0 0 0 0 0 0 0 0 0 0 0 0 0 0 0 0 0 0 0 0 0 0 0 0 0 0 0 0 0 0 0 0 0 0
0 0 0 0 0 0 0 0 0 0 0 0 0 0 0 0 0 0 0 0 0 0 0 0
##$SHL_PHASE= (0..15)
0 0 0 0 0 0 0 0 0 0 0 0 0 0 0 0
##$SHL_PHASEFAC= (0..15)
0 0 0 0 0 0 0 0 0 0 0 0 0 0 0 0
##$SHL_POWERINDEX= (0..15)
0 0 0 0 0 0 0 0 0 0 0 0 0 0 0 0
##$SHL_QUADCOEFF= (0..15)
0 0 0 0 0 0 0 0 0 0 0 0 0 0 0 0
##$SHL_RIGHTLIMIT= (0..15)
0 0 0 0 0 0 0 0 0 0 0 0 0 0 0 0
##$SHL_SCALEFACTOR= (0..15)
1 1 1 1 1 1 1 1 1 1 1 1 1 1 1 1
##$SHL_SF= (0..15)
<> <> <> <> <> <> <> <> <> <> <> <> <> <> <> <>
##$SHL_SFCOEFFS0= (0..200)
0 0 0 0 0 0 0 0 0 0 0 0 0 0 0 0 0 0 0 0 0 0 0 0 0 0 0 0 0 0 0 0 0 0 0 0
0 0 0 0 0 0 0 0 0 0 0 0 0 0 0 0 0 0 0 0 0 0 0 0 0 0 0 0 0 0 0 0 0 0 0 0
0 0 0 0 0 0 0 0 0 0 0 0 0 0 0 0 0 0 0 0 0 0 0 0 0 0 0 0 0 0 0 0 0 0 0 0
0 0 0 0 0 0 0 0 0 0 0 0 0 0 0 0 0 0 0 0 0 0 0 0 0 0 0 0 0 0 0 0 0 0 0 0
0 0 0 0 0 0 0 0 0 0 0 0 0 0 0 0 0 0 0 0 0 0 0 0 0 0 0 0 0 0 0 0 0 0 0 0
0 0 0 0 0 0 0 0 0 0 0 0 0 0 0 0 0 0 0 0 0
##$SHL_SFCOEFFS1= (0..200)
0 0 0 0 0 0 0 0 0 0 0 0 0 0 0 0 0 0 0 0 0 0 0 0 0 0 0 0 0 0 0 0 0 0 0 0
0 0 0 0 0 0 0 0 0 0 0 0 0 0 0 0 0 0 0 0 0 0 0 0 0 0 0 0 0 0 0 0 0 0 0 0
0 0 0 0 0 0 0 0 0 0 0 0 0 0 0 0 0 0 0 0 0 0 0 0 0 0 0 0 0 0 0 0 0 0 0 0
0 0 0 0 0 0 0 0 0 0 0 0 0 0 0 0 0 0 0 0 0 0 0 0 0 0 0 0 0 0 0 0 0 0 0 0
0 0 0 0 0 0 0 0 0 0 0 0 0 0 0 0 0 0 0 0 0 0 0 0 0 0 0 0 0 0 0 0 0 0 0 0
0 0 0 0 0 0 0 0 0 0 0 0 0 0 0 0 0 0 0 0 0
##$SHL_SFCOEFFS10= (0..200)
0 0 0 0 0 0 0 0 0 0 0 0 0 0 0 0 0 0 0 0 0 0 0 0 0 0 0 0 0 0 0 0 0 0 0 0
0 0 0 0 0 0 0 0 0 0 0 0 0 0 0 0 0 0 0 0 0 0 0 0 0 0 0 0 0 0 0 0 0 0 0 0
0 0 0 0 0 0 0 0 0 0 0 0 0 0 0 0 0 0 0 0 0 0 0 0 0 0 0 0 0 0 0 0 0 0 0 0
0 0 0 0 0 0 0 0 0 0 0 0 0 0 0 0 0 0 0 0 0 0 0 0 0 0 0 0 0 0 0 0 0 0 0 0
0 0 0 0 0 0 0 0 0 0 0 0 0 0 0 0 0 0 0 0 0 0 0 0 0 0 0 0 0 0 0 0 0 0 0 0
0 0 0 0 0 0 0 0 0 0 0 0 0 0 0 0 0 0 0 0 0
##$SHL_SFCOEFFS11= (0..200)
0 0 0 0 0 0 0 0 0 0 0 0 0 0 0 0 0 0 0 0 0 0 0 0 0 0 0 0 0 0 0 0 0 0 0 0
0 0 0 0 0 0 0 0 0 0 0 0 0 0 0 0 0 0 0 0 0 0 0 0 0 0 0 0 0 0 0 0 0 0 0 0
0 0 0 0 0 0 0 0 0 0 0 0 0 0 0 0 0 0 0 0 0 0 0 0 0 0 0 0 0 0 0 0 0 0 0 0
0 0 0 0 0 0 0 0 0 0 0 0 0 0 0 0 0 0 0 0 0 0 0 0 0 0 0 0 0 0 0 0 0 0 0 0
0 0 0 0 0 0 0 0 0 0 0 0 0 0 0 0 0 0 0 0 0 0 0 0 0 0 0 0 0 0 0 0 0 0 0 0
0 0 0 0 0 0 0 0 0 0 0 0 0 0 0 0 0 0 0 0 0
##$SHL_SFCOEFFS12= (0..200)
0 0 0 0 0 0 0 0 0 0 0 0 0 0 0 0 0 0 0 0 0 0 0 0 0 0 0 0 0 0 0 0 0 0 0 0
0 0 0 0 0 0 0 0 0 0 0 0 0 0 0 0 0 0 0 0 0 0 0 0 0 0 0 0 0 0 0 0 0 0 0 0
0 0 0 0 0 0 0 0 0 0 0 0 0 0 0 0 0 0 0 0 0 0 0 0 0 0 0 0 0 0 0 0 0 0 0 0
0 0 0 0 0 0 0 0 0 0 0 0 0 0 0 0 0 0 0 0 0 0 0 0 0 0 0 0 0 0 0 0 0 0 0 0
0 0 0 0 0 0 0 0 0 0 0 0 0 0 0 0 0 0 0 0 0 0 0 0 0 0 0 0 0 0 0 0 0 0 0 0
0 0 0 0 0 0 0 0 0 0 0 0 0 0 0 0 0 0 0 0 0
##$SHL_SFCOEFFS13= (0..200)
0 0 0 0 0 0 0 0 0 0 0 0 0 0 0 0 0 0 0 0 0 0 0 0 0 0 0 0 0 0 0 0 0 0 0 0
0 0 0 0 0 0 0 0 0 0 0 0 0 0 0 0 0 0 0 0 0 0 0 0 0 0 0 0 0 0 0 0 0 0 0 0
0 0 0 0 0 0 0 0 0 0 0 0 0 0 0 0 0 0 0 0 0 0 0 0 0 0 0 0 0 0 0 0 0 0 0 0
0 0 0 0 0 0 0 0 0 0 0 0 0 0 0 0 0 0 0 0 0 0 0 0 0 0 0 0 0 0 0 0 0 0 0 0
0 0 0 0 0 0 0 0 0 0 0 0 0 0 0 0 0 0 0 0 0 0 0 0 0 0 0 0 0 0 0 0 0 0 0 0
0 0 0 0 0 0 0 0 0 0 0 0 0 0 0 0 0 0 0 0 0
##$SHL_SFCOEFFS14= (0..200)
0 0 0 0 0 0 0 0 0 0 0 0 0 0 0 0 0 0 0 0 0 0 0 0 0 0 0 0 0 0 0 0 0 0 0 0
0 0 0 0 0 0 0 0 0 0 0 0 0 0 0 0 0 0 0 0 0 0 0 0 0 0 0 0 0 0 0 0 0 0 0 0
0 0 0 0 0 0 0 0 0 0 0 0 0 0 0 0 0 0 0 0 0 0 0 0 0 0 0 0 0 0 0 0 0 0 0 0
0 0 0 0 0 0 0 0 0 0 0 0 0 0 0 0 0 0 0 0 0 0 0 0 0 0 0 0 0 0 0 0 0 0 0 0
0 0 0 0 0 0 0 0 0 0 0 0 0 0 0 0 0 0 0 0 0 0 0 0 0 0 0 0 0 0 0 0 0 0 0 0
0 0 0 0 0 0 0 0 0 0 0 0 0 0 0 0 0 0 0 0 0
##$SHL_SFCOEFFS15= (0..200)
0 0 0 0 0 0 0 0 0 0 0 0 0 0 0 0 0 0 0 0 0 0 0 0 0 0 0 0 0 0 0 0 0 0 0 0
0 0 0 0 0 0 0 0 0 0 0 0 0 0 0 0 0 0 0 0 0 0 0 0 0 0 0 0 0 0 0 0 0 0 0 0
0 0 0 0 0 0 0 0 0 0 0 0 0 0 0 0 0 0 0 0 0 0 0 0 0 0 0 0 0 0 0 0 0 0 0 0
0 0 0 0 0 0 0 0 0 0 0 0 0 0 0 0 0 0 0 0 0 0 0 0 0 0 0 0 0 0 0 0 0 0 0 0
0 0 0 0 0 0 0 0 0 0 0 0 0 0 0 0 0 0 0 0 0 0 0 0 0 0 0 0 0 0 0 0 0 0 0 0
0 0 0 0 0 0 0 0 0 0 0 0 0 0 0 0 0 0 0 0 0
##$SHL_SFCOEFFS2= (0..200)
0 0 0 0 0 0 0 0 0 0 0 0 0 0 0 0 0 0 0 0 0 0 0 0 0 0 0 0 0 0 0 0 0 0 0 0
0 0 0 0 0 0 0 0 0 0 0 0 0 0 0 0 0 0 0 0 0 0 0 0 0 0 0 0 0 0 0 0 0 0 0 0
0 0 0 0 0 0 0 0 0 0 0 0 0 0 0 0 0 0 0 0 0 0 0 0 0 0 0 0 0 0 0 0 0 0 0 0
0 0 0 0 0 0 0 0 0 0 0 0 0 0 0 0 0 0 0 0 0 0 0 0 0 0 0 0 0 0 0 0 0 0 0 0
0 0 0 0 0 0 0 0 0 0 0 0 0 0 0 0 0 0 0 0 0 0 0 0 0 0 0 0 0 0 0 0 0 0 0 0
0 0 0 0 0 0 0 0 0 0 0 0 0 0 0 0 0 0 0 0 0
##$SHL_SFCOEFFS3= (0..200)
0 0 0 0 0 0 0 0 0 0 0 0 0 0 0 0 0 0 0 0 0 0 0 0 0 0 0 0 0 0 0 0 0 0 0 0
0 0 0 0 0 0 0 0 0 0 0 0 0 0 0 0 0 0 0 0 0 0 0 0 0 0 0 0 0 0 0 0 0 0 0 0
0 0 0 0 0 0 0 0 0 0 0 0 0 0 0 0 0 0 0 0 0 0 0 0 0 0 0 0 0 0 0 0 0 0 0 0
0 0 0 0 0 0 0 0 0 0 0 0 0 0 0 0 0 0 0 0 0 0 0 0 0 0 0 0 0 0 0 0 0 0 0 0
0 0 0 0 0 0 0 0 0 0 0 0 0 0 0 0 0 0 0 0 0 0 0 0 0 0 0 0 0 0 0 0 0 0 0 0
0 0 0 0 0 0 0 0 0 0 0 0 0 0 0 0 0 0 0 0 0
##$SHL_SFCOEFFS4= (0..200)
0 0 0 0 0 0 0 0 0 0 0 0 0 0 0 0 0 0 0 0 0 0 0 0 0 0 0 0 0 0 0 0 0 0 0 0
0 0 0 0 0 0 0 0 0 0 0 0 0 0 0 0 0 0 0 0 0 0 0 0 0 0 0 0 0 0 0 0 0 0 0 0
0 0 0 0 0 0 0 0 0 0 0 0 0 0 0 0 0 0 0 0 0 0 0 0 0 0 0 0 0 0 0 0 0 0 0 0
0 0 0 0 0 0 0 0 0 0 0 0 0 0 0 0 0 0 0 0 0 0 0 0 0 0 0 0 0 0 0 0 0 0 0 0
0 0 0 0 0 0 0 0 0 0 0 0 0 0 0 0 0 0 0 0 0 0 0 0 0 0 0 0 0 0 0 0 0 0 0 0
0 0 0 0 0 0 0 0 0 0 0 0 0 0 0 0 0 0 0 0 0
##$SHL_SFCOEFFS5= (0..200)
0 0 0 0 0 0 0 0 0 0 0 0 0 0 0 0 0 0 0 0 0 0 0 0 0 0 0 0 0 0 0 0 0 0 0 0
0 0 0 0 0 0 0 0 0 0 0 0 0 0 0 0 0 0 0 0 0 0 0 0 0 0 0 0 0 0 0 0 0 0 0 0
0 0 0 0 0 0 0 0 0 0 0 0 0 0 0 0 0 0 0 0 0 0 0 0 0 0 0 0 0 0 0 0 0 0 0 0
0 0 0 0 0 0 0 0 0 0 0 0 0 0 0 0 0 0 0 0 0 0 0 0 0 0 0 0 0 0 0 0 0 0 0 0
0 0 0 0 0 0 0 0 0 0 0 0 0 0 0 0 0 0 0 0 0 0 0 0 0 0 0 0 0 0 0 0 0 0 0 0
0 0 0 0 0 0 0 0 0 0 0 0 0 0 0 0 0 0 0 0 0
##$SHL_SFCOEFFS6= (0..200)
0 0 0 0 0 0 0 0 0 0 0 0 0 0 0 0 0 0 0 0 0 0 0 0 0 0 0 0 0 0 0 0 0 0 0 0
0 0 0 0 0 0 0 0 0 0 0 0 0 0 0 0 0 0 0 0 0 0 0 0 0 0 0 0 0 0 0 0 0 0 0 0
0 0 0 0 0 0 0 0 0 0 0 0 0 0 0 0 0 0 0 0 0 0 0 0 0 0 0 0 0 0 0 0 0 0 0 0
0 0 0 0 0 0 0 0 0 0 0 0 0 0 0 0 0 0 0 0 0 0 0 0 0 0 0 0 0 0 0 0 0 0 0 0
0 0 0 0 0 0 0 0 0 0 0 0 0 0 0 0 0 0 0 0 0 0 0 0 0 0 0 0 0 0 0 0 0 0 0 0
0 0 0 0 0 0 0 0 0 0 0 0 0 0 0 0 0 0 0 0 0
##$SHL_SFCOEFFS7= (0..200)
0 0 0 0 0 0 0 0 0 0 0 0 0 0 0 0 0 0 0 0 0 0 0 0 0 0 0 0 0 0 0 0 0 0 0 0
0 0 0 0 0 0 0 0 0 0 0 0 0 0 0 0 0 0 0 0 0 0 0 0 0 0 0 0 0 0 0 0 0 0 0 0
0 0 0 0 0 0 0 0 0 0 0 0 0 0 0 0 0 0 0 0 0 0 0 0 0 0 0 0 0 0 0 0 0 0 0 0
0 0 0 0 0 0 0 0 0 0 0 0 0 0 0 0 0 0 0 0 0 0 0 0 0 0 0 0 0 0 0 0 0 0 0 0
0 0 0 0 0 0 0 0 0 0 0 0 0 0 0 0 0 0 0 0 0 0 0 0 0 0 0 0 0 0 0 0 0 0 0 0
0 0 0 0 0 0 0 0 0 0 0 0 0 0 0 0 0 0 0 0 0
##$SHL_SFCOEFFS8= (0..200)
0 0 0 0 0 0 0 0 0 0 0 0 0 0 0 0 0 0 0 0 0 0 0 0 0 0 0 0 0 0 0 0 0 0 0 0
0 0 0 0 0 0 0 0 0 0 0 0 0 0 0 0 0 0 0 0 0 0 0 0 0 0 0 0 0 0 0 0 0 0 0 0
0 0 0 0 0 0 0 0 0 0 0 0 0 0 0 0 0 0 0 0 0 0 0 0 0 0 0 0 0 0 0 0 0 0 0 0
0 0 0 0 0 0 0 0 0 0 0 0 0 0 0 0 0 0 0 0 0 0 0 0 0 0 0 0 0 0 0 0 0 0 0 0
0 0 0 0 0 0 0 0 0 0 0 0 0 0 0 0 0 0 0 0 0 0 0 0 0 0 0 0 0 0 0 0 0 0 0 0
0 0 0 0 0 0 0 0 0 0 0 0 0 0 0 0 0 0 0 0 0
##$SHL_SFCOEFFS9= (0..200)
0 0 0 0 0 0 0 0 0 0 0 0 0 0 0 0 0 0 0 0 0 0 0 0 0 0 0 0 0 0 0 0 0 0 0 0
0 0 0 0 0 0 0 0 0 0 0 0 0 0 0 0 0 0 0 0 0 0 0 0 0 0 0 0 0 0 0 0 0 0 0 0
0 0 0 0 0 0 0 0 0 0 0 0 0 0 0 0 0 0 0 0 0 0 0 0 0 0 0 0 0 0 0 0 0 0 0 0
0 0 0 0 0 0 0 0 0 0 0 0 0 0 0 0 0 0 0 0 0 0 0 0 0 0 0 0 0 0 0 0 0 0 0 0
0 0 0 0 0 0 0 0 0 0 0 0 0 0 0 0 0 0 0 0 0 0 0 0 0 0 0 0 0 0 0 0 0 0 0 0
0 0 0 0 0 0 0 0 0 0 0 0 0 0 0 0 0 0 0 0 0
##$SHL_SMOOTHED= (0..15)
0 0 0 0 0 0 0 0 0 0 0 0 0 0 0 0
##$SHL_SMOOTHING= (0..15)
0 0 0 0 0 0 0 0 0 0 0 0 0 0 0 0
##$SHL_SPOAL= (0..15)
0 0 0 0 0 0 0 0 0 0 0 0 0 0 0 0
##$SHL_SPOFFS= (0..15)
0 0 0 0 0 0 0 0 0 0 0 0 0 0 0 0
##$SHL_SPOPH= (0..15)
0 0 0 0 0 0 0 0 0 0 0 0 0 0 0 0
##$SHL_STARTAMP= (0..15)
0 0 0 0 0 0 0 0 0 0 0 0 0 0 0 0
##$SHL_SW= (0..15)
0 0 0 0 0 0 0 0 0 0 0 0 0 0 0 0
##$SHL_SWDIR= (0..15)
-1 -1 -1 -1 -1 -1 -1 -1 -1 -1 -1 -1 -1 -1 -1 -1
##$SHL_TANKAPPA= (0..15)
0 0 0 0 0 0 0 0 0 0 0 0 0 0 0 0
##$SHL_TOTROT= (0..15)
90 0 0 0 0 0 0 0 0 0 0 0 0 0 0 0
##$SHL_TRUNCLEV= (0..15)
0 0 0 0 0 0 0 0 0 0 0 0 0 0 0 0
##$SHL_TYPE= (0..15)
<Excitation> <> <> <> <> <> <> <> <> <> <> <> <> <> <> <>
##$SHL_WINDOWSIZE= (0..15)
0 0 0 0 0 0 0 0 0 0 0 0 0 0 0 0
##$SHL_ZETA= (0..15)
0 0 0 0 0 0 0 0 0 0 0 0 0 0 0 0
##NPOINTS= 1250
##XYPOINTS= (XY..XY)
72.798756, 55.466518
72.337565, 57.113838
71.873516, 58.761265
71.406642, 60.408803
70.936978, 62.056452
70.464557, 63.704215
69.989416, 65.352095
69.511589, 67.000095
69.031110, 68.648216
68.548015, 70.296461
68.062339, 71.944834
67.574118, 73.593337
67.083389, 75.241973
66.590186, 76.890746
66.094546, 78.539657
65.596505, 80.188711
65.096100, 81.837911
64.593368, 83.487260
64.088346, 85.136762
63.581070, 86.786421
63.071578, 88.436240
62.559907, 90.086224
62.046094, 91.736377
61.530178, 93.386703
61.012197, 95.037207
60.492188, 96.687892
59.970189, 98.338765
59.446239, 99.989830
58.920376, 101.641092
58.392639, 103.292556
57.863067, 104.944229
57.331698, 106.596115
56.798571, 108.248222
56.263726, 109.900554
55.727202, 111.553120
55.189039, 113.205925
54.649275, 114.858977
54.107950, 116.512283
53.565105, 118.165850
53.020778, 119.819687
52.475011, 121.473802
51.927843, 123.128204
51.379314, 124.782901
50.829465, 126.437903
50.278336, 128.093221
49.725967, 129.748864
49.172399, 131.404843
48.617673, 133.061169
48.061830, 134.717854
47.504910, 136.374911
46.946955, 138.032353
46.388005, 139.690192
45.828101, 141.348444
45.267285, 143.007122
44.705599, 144.666244
44.143082, 146.325824
43.579777, 147.985881
43.015726, 149.646432
42.450969, 151.307497
41.885548, 152.969095
41.319505, 154.631248
40.752882, 156.293979
40.185721, 157.957309
39.618062, 159.621265
39.049949, 161.285873
38.481422, 162.951160
37.912525, 164.617156
37.343299, 166.283891
36.773785, 167.951399
36.204027, 169.619714
35.634066, 171.288873
35.063944, 172.958916
34.493704, 174.629885
33.923387, 176.301824
33.353037, 177.974780
32.782694, 179.648805
32.212403, 181.323951
31.642204, 183.000277
31.072141, 184.677844
30.502256, 186.356719
29.932591, 188.036973
29.363188, 189.718681
28.794091, 191.401925
28.225342, 193.086794
27.656983, 194.773382
27.089057, 196.461793
26.521607, 198.152136
25.954675, 199.844533
25.388305, 201.539112
24.822538, 203.236017
24.257419, 204.935400
23.692989, 206.637429
23.129293, 208.342289
22.566373, 210.050179
22.004273, 211.761320
21.443035, 213.475953
20.882705, 215.194346
20.323325, 216.916792
19.764940, 218.643618
19.207594, 220.375186
18.651332, 222.111897
18.096198, 223.854202
17.542238, 225.602603
16.989499, 227.357668
16.438025, 229.120033
15.887866, 230.890419
15.339068, 232.669648
14.791680, 234.458654
14.245754, 236.258508
13.701339, 238.070445
13.158490, 239.895893
12.617262, 241.736512
12.077713, 243.594247
11.539903, 245.471390
11.003897, 247.370656
10.469766, 249.295293
9.937584, 251.249213
9.407436, 253.237171
8.879414, 255.265007
8.353625, 257.339967
7.830193, 259.471155
7.309266, 261.670161
6.791021, 263.951965
6.275684, 266.336261
5.763540, 268.849440
5.254971, 271.527659
4.750498, 274.421718
4.250865, 277.605109
3.757175, 281.187837
3.271151, 285.341178
2.795636, 290.344192
2.335643, 296.674746
1.900699, 305.190070
1.510314, 317.447053
1.205590, 335.889453
1.059623, 1.735349
1.132228, 29.124752
1.386936, 50.049363
1.743665, 64.009533
2.150532, 73.518775
2.582493, 80.435608
3.027562, 85.801790
3.479597, 90.191946
3.935199, 93.936274
4.392354, 97.234268
4.849793, 100.212269
5.306678, 102.953668
5.762428, 105.515510
6.216627, 107.938031
6.668966, 110.250374
7.119206, 112.474138
7.567162, 114.625657
8.012682, 116.717500
8.455642, 118.759494
8.895935, 120.759430
9.333471, 122.723562
9.768171, 124.656964
10.199963, 126.563800
10.628784, 128.447515
11.054575, 130.310984
11.477283, 132.156626
11.896857, 133.986489
12.313250, 135.802320
12.726419, 137.605619
13.136319, 139.397676
13.542912, 141.179614
13.946158, 142.952408
14.346019, 144.716915
14.742459, 146.473884
15.135443, 148.223981
15.524936, 149.967792
15.910905, 151.705840
16.293318, 153.438591
16.672142, 155.166462
17.047346, 156.889827
17.418900, 158.609023
17.786773, 160.324354
18.150936, 162.036095
18.511359, 163.744496
18.868015, 165.449783
19.220875, 167.152163
19.569911, 168.851825
19.915096, 170.548940
20.256404, 172.243668
20.593808, 173.936153
20.927282, 175.626528
21.256800, 177.314918
21.582338, 179.001435
21.903869, 180.686185
22.221371, 182.369264
22.534818, 184.050762
22.844187, 185.730764
23.149455, 187.409347
23.450598, 189.086583
23.747594, 190.762540
24.040420, 192.437280
24.329054, 194.110863
24.613475, 195.783343
24.893662, 197.454771
25.169592, 199.125195
25.441246, 200.794662
25.708604, 202.463212
25.971644, 204.130887
26.230349, 205.797723
26.484697, 207.463755
26.734671, 209.129018
26.980252, 210.793541
27.221421, 212.457356
27.458161, 214.120488
27.690453, 215.782966
27.918281, 217.444813
28.141628, 219.106054
28.360477, 220.766710
28.574812, 222.426803
28.784616, 224.086353
28.989875, 225.745378
29.190573, 227.403897
29.386696, 229.061927
29.578228, 230.719484
29.765155, 232.376583
29.947464, 234.033239
30.125141, 235.689467
30.298173, 237.345278
30.466548, 239.000687
30.630252, 240.655704
30.789274, 242.310341
30.943601, 243.964610
31.093223, 245.618519
31.238128, 247.272081
31.378306, 248.925303
31.513746, 250.578194
31.644438, 252.230764
31.770372, 253.883021
31.891540, 255.534971
32.007933, 257.186623
32.119540, 258.837983
32.226356, 260.489059
32.328370, 262.139856
32.425577, 263.790381
32.517968, 265.440639
32.605537, 267.090636
32.688278, 268.740377
32.766184, 270.389868
32.839250, 272.039112
32.907469, 273.688115
32.970838, 275.336881
33.029351, 276.985413
33.083004, 278.633715
33.131794, 280.281792
33.175715, 281.929646
33.214766, 283.577281
33.248943, 285.224699
33.278244, 286.871905
33.302667, 288.518899
33.322209, 290.165685
33.336869, 291.812265
33.346647, 293.458640
33.351541, 295.104814
33.351551, 296.750788
33.346677, 298.396563
33.336919, 300.042141
33.322278, 301.687523
33.302755, 303.332711
33.278352, 304.977705
33.249070, 306.622506
33.214911, 308.267115
33.175878, 309.911533
33.131974, 311.555759
33.083201, 313.199795
33.029564, 314.843639
32.971066, 316.487293
32.907712, 318.130756
32.839506, 319.774027
32.766454, 321.417106
32.688559, 323.059992
32.605829, 324.702685
32.518270, 326.345182
32.425887, 327.987484
32.328687, 329.629589
32.226679, 331.271495
32.119868, 332.913200
32.008263, 334.554703
31.891872, 336.196000
31.770704, 337.837091
31.644767, 339.477973
31.514071, 341.118642
31.378625, 342.759096
31.238439, 344.399331
31.093524, 346.039345
30.943890, 347.679132
30.789548, 349.318691
30.630510, 350.958015
30.466786, 352.597102
30.298390, 354.235945
30.125333, 355.874540
29.947628, 357.512881
29.765288, 359.150963
29.578327, 0.788780
29.386758, 2.426324
29.190596, 4.063589
28.989854, 5.700568
28.784548, 7.337253
28.574693, 8.973636
28.360303, 10.609707
28.141395, 12.245457
27.917985, 13.880878
27.690089, 15.515957
27.457724, 17.150684
27.220907, 18.785047
26.979656, 20.419034
26.733988, 22.052631
26.483921, 23.685824
26.229474, 25.318598
25.970665, 26.950937
25.707513, 28.582823
25.440038, 30.214239
25.168260, 31.845165
24.892198, 33.475581
24.611873, 35.105464
24.327306, 36.734790
24.038517, 38.363535
23.745527, 39.991672
23.448359, 41.619171
23.147034, 43.246001
22.841575, 44.872130
22.532004, 46.497521
22.218343, 48.122136
21.900617, 49.745933
21.578848, 51.368868
21.253060, 52.990892
20.923278, 54.611954
20.589526, 56.231996
20.251828, 57.850957
19.910210, 59.468771
19.564698, 61.085366
19.215316, 62.700661
18.862090, 64.314572
18.505048, 65.927004
18.144216, 67.537853
17.779620, 69.147006
17.411288, 70.754338
17.039248, 72.359711
16.663527, 73.962973
16.284155, 75.563955
15.901159, 77.162469
15.514569, 78.758306
15.124413, 80.351231
14.730723, 81.940981
14.333528, 83.527262
13.932858, 85.109739
13.528746, 86.688034
13.121222, 88.261715
12.710319, 89.830289
12.296069, 91.393191
11.878506, 92.949767
11.457664, 94.499259
11.033578, 96.040782
10.606283, 97.573295
10.175818, 99.095571
9.742220, 100.606145
9.305529, 102.103259
8.865786, 103.584787
8.423038, 105.048125
7.977329, 106.490057
7.528713, 107.906563
7.077245, 109.292548
6.622990, 110.641458
6.166019, 111.944724
5.706420, 113.190921
5.244299, 114.364475
4.779790, 115.443599
4.313075, 116.396871
3.844407, 117.177281
3.374164, 117.711288
2.902952, 117.877273
2.431827, 117.459345
1.962835, 116.036950
1.500542, 112.681631
1.057399, 104.968086
0.677943, 85.406937
0.532500, 40.843503
0.772801, 2.965364
1.186499, 347.930933
1.649937, 341.812011
2.132536, 339.125427
2.625046, 338.036234
3.123856, 337.806069
3.627278, 338.087608
4.134408, 338.697513
4.644717, 339.530314
5.157862, 340.521184
5.673612, 341.628138
6.191797, 342.822815
6.712285, 344.085376
7.234973, 345.401535
7.759773, 346.760744
8.286610, 348.155047
8.815418, 349.578333
9.346134, 351.025830
9.878703, 352.493758
10.413072, 353.979081
10.949190, 355.479340
11.487008, 356.992514
12.026480, 358.516933
12.567558, 0.051201
13.110199, 1.594145
13.654357, 3.144768
14.199989, 4.702224
14.747052, 6.265784
15.295502, 7.834819
15.845297, 9.408784
16.396394, 10.987204
16.948751, 12.569663
17.502326, 14.155795
18.057077, 15.745275
18.612961, 17.337819
19.169937, 18.933171
19.727962, 20.531103
20.286996, 22.131413
20.846996, 23.733917
21.407920, 25.338450
21.969727, 26.944865
22.532375, 28.553027
23.095822, 30.162813
23.660025, 31.774113
24.224945, 33.386825
24.790537, 35.000858
25.356761, 36.616126
25.923576, 38.232553
26.490938, 39.850067
27.058806, 41.468602
27.627138, 43.088098
28.195892, 44.708500
28.765027, 46.329755
29.334500, 47.951817
29.904269, 49.574640
30.474293, 51.198184
31.044530, 52.822410
31.614937, 54.447284
32.185473, 56.072771
32.756095, 57.698840
33.326762, 59.325463
33.897432, 60.952613
34.468062, 62.580265
35.038612, 64.208393
35.609038, 65.836977
36.179299, 67.465995
36.749354, 69.095428
37.319160, 70.725257
37.888675, 72.355464
38.457858, 73.986033
39.026667, 75.616948
39.595060, 77.248195
40.162995, 78.879760
40.730431, 80.511630
41.297326, 82.143792
41.863639, 83.776235
42.429327, 85.408947
42.994350, 87.041918
43.558666, 88.675137
44.122233, 90.308596
44.685011, 91.942285
45.246957, 93.576196
45.808031, 95.210319
46.368192, 96.844648
46.927398, 98.479176
47.485608, 100.113894
48.042782, 101.748796
48.598879, 103.383876
49.153857, 105.019127
49.707677, 106.654544
50.260297, 108.290121
50.811677, 109.925852
51.361777, 111.561733
51.910556, 113.197758
52.457974, 114.833923
53.003991, 116.470222
53.548567, 118.106653
54.091661, 119.743211
54.633235, 121.379891
55.173248, 123.016690
55.711661, 124.653604
56.248434, 126.290629
56.783528, 127.927763
57.316904, 129.565001
57.848522, 131.202342
58.378344, 132.839781
58.906331, 134.477316
59.432444, 136.114943
59.956645, 137.752662
60.478894, 139.390467
60.999155, 141.028358
61.517388, 142.666332
62.033555, 144.304386
62.547620, 145.942519
63.059544, 147.580727
63.569289, 149.219009
64.076819, 150.857363
64.582096, 152.495787
65.085083, 154.134279
65.585743, 155.772837
66.084039, 157.411460
66.579936, 159.050145
67.073396, 160.688892
67.564383, 162.327698
68.052862, 163.966562
68.538797, 165.605482
69.022151, 167.244457
69.502890, 168.883486
69.980979, 170.522567
70.456382, 172.161698
70.929064, 173.800880
71.398991, 175.440109
71.866128, 177.079386
72.330442, 178.718709
72.791897, 180.358077
73.250461, 181.997488
73.706100, 183.636942
74.158780, 185.276438
74.608468, 186.915974
75.055131, 188.555550
75.498736, 190.195165
75.939251, 191.834817
76.376644, 193.474506
76.810883, 195.114231
77.241935, 196.753992
77.669769, 198.393786
78.094354, 200.033614
78.515659, 201.673475
78.933653, 203.313368
79.348304, 204.953292
79.759583, 206.593246
80.167460, 208.233230
80.571905, 209.873244
80.972888, 211.513285
81.370379, 213.153354
81.764350, 214.793451
82.154771, 216.433574
82.541615, 218.073723
82.924852, 219.713897
83.304455, 221.354096
83.680395, 222.994319
84.052646, 224.634565
84.421180, 226.274835
84.785970, 227.915127
85.146989, 229.555441
85.504211, 231.195777
85.857609, 232.836133
86.207158, 234.476511
86.552832, 236.116908
86.894605, 237.757325
87.232454, 239.397761
87.566352, 241.038216
87.896276, 242.678689
88.222201, 244.319180
88.544103, 245.959688
88.861959, 247.600214
89.175745, 249.240756
89.485439, 250.881315
89.791018, 252.521889
90.092459, 254.162479
90.389741, 255.803084
90.682841, 257.443704
90.971738, 259.084338
91.256411, 260.724987
91.536838, 262.365649
91.813001, 264.006325
92.084877, 265.647014
92.352448, 267.287715
92.615693, 268.928429
92.874594, 270.569156
93.129131, 272.209894
93.379286, 273.850644
93.625041, 275.491405
93.866376, 277.132177
94.103276, 278.772960
94.335721, 280.413753
94.563697, 282.054556
94.787184, 283.695369
95.006168, 285.336192
95.220632, 286.977025
95.430561, 288.617866
95.635938, 290.258716
95.836750, 291.899575
96.032981, 293.540443
96.224617, 295.181318
96.411644, 296.822201
96.594047, 298.463092
96.771815, 300.103991
96.944934, 301.744896
97.113390, 303.385809
97.277173, 305.026728
97.436269, 306.667654
97.590667, 308.308586
97.740356, 309.949524
97.885324, 311.590468
98.025562, 313.231417
98.161059, 314.872372
98.291805, 316.513332
98.417790, 318.154298
98.539005, 319.795268
98.655442, 321.436242
98.767091, 323.077222
98.873945, 324.718205
98.975995, 326.359192
99.073235, 328.000183
99.165657, 329.641178
99.253254, 331.282176
99.336020, 332.923177
99.413949, 334.564182
99.487035, 336.205189
99.555273, 337.846199
99.618658, 339.487211
99.677185, 341.128226
99.730849, 342.769243
99.779648, 344.410262
99.823577, 346.051282
99.862633, 347.692304
99.896813, 349.333327
99.926115, 350.974352
99.950537, 352.615378
99.970076, 354.256404
99.984732, 355.897431
99.994504, 357.538458
99.999389, 359.179486
99.999389, 0.820514
99.994504, 2.461542
99.984732, 4.102569
99.970076, 5.743596
99.950537, 7.384622
99.926115, 9.025648
99.896813, 10.666673
99.862633, 12.307696
99.823577, 13.948718
99.779648, 15.589738
99.730849, 17.230757
99.677185, 18.871774
99.618658, 20.512789
99.555273, 22.153801
99.487035, 23.794811
99.413949, 25.435818
99.336020, 27.076823
99.253254, 28.717824
99.165657, 30.358822
99.073235, 31.999817
98.975995, 33.640808
98.873945, 35.281795
98.767091, 36.922778
98.655442, 38.563758
98.539005, 40.204732
98.417790, 41.845702
98.291805, 43.486668
98.161059, 45.127628
98.025562, 46.768583
97.885324, 48.409532
97.740356, 50.050476
97.590667, 51.691414
97.436269, 53.332346
97.277173, 54.973272
97.113390, 56.614191
96.944934, 58.255104
96.771815, 59.896009
96.594047, 61.536908
96.411644, 63.177799
96.224617, 64.818682
96.032981, 66.459557
95.836750, 68.100425
95.635938, 69.741284
95.430561, 71.382134
95.220632, 73.022975
95.006168, 74.663808
94.787184, 76.304631
94.563697, 77.945444
94.335721, 79.586247
94.103276, 81.227040
93.866376, 82.867823
93.625041, 84.508595
93.379286, 86.149356
93.129131, 87.790106
92.874594, 89.430844
92.615693, 91.071571
92.352448, 92.712285
92.084877, 94.352986
91.813001, 95.993675
91.536838, 97.634351
91.256411, 99.275013
90.971738, 100.915662
90.682841, 102.556296
90.389741, 104.196916
90.092459, 105.837521
89.791018, 107.478111
89.485439, 109.118685
89.175745, 110.759244
88.861959, 112.399786
88.544103, 114.040312
88.222201, 115.680820
87.896276, 117.321311
87.566352, 118.961784
87.232454, 120.602239
86.894605, 122.242675
86.552832, 123.883092
86.207158, 125.523489
85.857609, 127.163867
85.504211, 128.804223
85.146989, 130.444559
84.785970, 132.084873
84.421180, 133.725165
84.052646, 135.365435
83.680395, 137.005681
83.304455, 138.645904
82.924852, 140.286103
82.541615, 141.926277
82.154771, 143.566426
81.764350, 145.206549
81.370379, 146.846646
80.972888, 148.486715
80.571905, 150.126756
80.167460, 151.766770
79.759583, 153.406754
79.348304, 155.046708
78.933653, 156.686632
78.515659, 158.326525
78.094354, 159.966386
77.669769, 161.606214
77.241935, 163.246008
76.810883, 164.885769
76.376644, 166.525494
75.939251, 168.165183
75.498736, 169.804835
75.055131, 171.444450
74.608468, 173.084026
74.158780, 174.723562
73.706100, 176.363058
73.250461, 178.002512
72.791897, 179.641923
72.330442, 181.281291
71.866128, 182.920614
71.398991, 184.559891
70.929064, 186.199120
70.456382, 187.838302
69.980979, 189.477433
69.502890, 191.116514
69.022151, 192.755543
68.538797, 194.394518
68.052862, 196.033438
67.564383, 197.672302
67.073396, 199.311108
66.579936, 200.949855
66.084039, 202.588540
65.585743, 204.227163
65.085083, 205.865721
64.582096, 207.504213
64.076819, 209.142637
63.569289, 210.780991
63.059544, 212.419273
62.547620, 214.057481
62.033555, 215.695614
61.517388, 217.333668
60.999155, 218.971642
60.478894, 220.609533
59.956645, 222.247338
59.432444, 223.885057
58.906331, 225.522684
58.378344, 227.160219
57.848522, 228.797658
57.316904, 230.434999
56.783528, 232.072237
56.248434, 233.709371
55.711661, 235.346396
55.173248, 236.983310
54.633235, 238.620109
54.091661, 240.256789
53.548567, 241.893347
53.003991, 243.529778
52.457974, 245.166077
51.910556, 246.802242
51.361777, 248.438267
50.811677, 250.074148
50.260297, 251.709879
49.707677, 253.345456
49.153857, 254.980873
48.598879, 256.616124
48.042782, 258.251204
47.485608, 259.886106
46.927398, 261.520824
46.368192, 263.155352
45.808031, 264.789681
45.246957, 266.423804
44.685011, 268.057715
44.122233, 269.691404
43.558666, 271.324863
42.994350, 272.958082
42.429327, 274.591053
41.863639, 276.223765
41.297326, 277.856208
40.730431, 279.488370
40.162995, 281.120240
39.595060, 282.751805
39.026667, 284.383052
38.457858, 286.013967
37.888675, 287.644536
37.319160, 289.274743
36.749354, 290.904572
36.179299, 292.534005
35.609038, 294.163023
35.038612, 295.791607
34.468062, 297.419735
33.897432, 299.047387
33.326762, 300.674537
32.756095, 302.301160
32.185473, 303.927229
31.614937, 305.552716
31.044530, 307.177590
30.474293, 308.801816
29.904269, 310.425360
29.334500, 312.048183
28.765027, 313.670245
28.195892, 315.291500
27.627138, 316.911902
27.058806, 318.531398
26.490938, 320.149933
25.923576, 321.767447
25.356761, 323.383874
24.790537, 324.999142
24.224945, 326.613175
23.660025, 328.225887
23.095822, 329.837187
22.532375, 331.446973
21.969727, 333.055135
21.407920, 334.661550
20.846996, 336.266083
20.286996, 337.868587
19.727962, 339.468897
19.169937, 341.066829
18.612961, 342.662181
18.057077, 344.254725
17.502326, 345.844205
16.948751, 347.430337
16.396394, 349.012796
15.845297, 350.591216
15.295502, 352.165181
14.747052, 353.734216
14.199989, 355.297776
13.654357, 356.855232
13.110199, 358.405855
12.567558, 359.948799
12.026480, 1.483067
11.487008, 3.007486
10.949190, 4.520660
10.413072, 6.020919
9.878703, 7.506242
9.346134, 8.974170
8.815418, 10.421667
8.286610, 11.844953
7.759773, 13.239256
7.234973, 14.598465
6.712285, 15.914624
6.191797, 17.177185
5.673612, 18.371862
5.157862, 19.478816
4.644717, 20.469686
4.134408, 21.302487
3.627278, 21.912392
3.123856, 22.193931
2.625046, 21.963766
2.132536, 20.874573
1.649937, 18.187989
1.186499, 12.069067
0.772801, 357.034636
0.532500, 319.156497
0.677943, 274.593063
1.057399, 255.031914
1.500542, 247.318369
1.962835, 243.963050
2.431827, 242.540655
2.902952, 242.122727
3.374164, 242.288712
3.844407, 242.822719
4.313075, 243.603129
4.779790, 244.556401
5.244299, 245.635525
5.706420, 246.809079
6.166019, 248.055276
6.622990, 249.358542
7.077245, 250.707452
7.528713, 252.093437
7.977329, 253.509943
8.423038, 254.951875
8.865786, 256.415213
9.305529, 257.896741
9.742220, 259.393855
10.175818, 260.904429
10.606283, 262.426705
11.033578, 263.959218
11.457664, 265.500741
11.878506, 267.050233
12.296069, 268.606809
12.710319, 270.169711
13.121222, 271.738285
13.528746, 273.311966
13.932858, 274.890261
14.333528, 276.472738
14.730723, 278.059019
15.124413, 279.648769
15.514569, 281.241694
15.901159, 282.837531
16.284155, 284.436045
16.663527, 286.037027
17.039248, 287.640289
17.411288, 289.245662
17.779620, 290.852994
18.144216, 292.462147
18.505048, 294.072996
18.862090, 295.685428
19.215316, 297.299339
19.564698, 298.914634
19.910210, 300.531229
20.251828, 302.149043
20.589526, 303.768004
20.923278, 305.388046
21.253060, 307.009108
21.578848, 308.631132
21.900617, 310.254067
22.218343, 311.877864
22.532004, 313.502479
22.841575, 315.127870
23.147034, 316.753999
23.448359, 318.380829
23.745527, 320.008328
24.038517, 321.636465
24.327306, 323.265210
24.611873, 324.894536
24.892198, 326.524419
25.168260, 328.154835
25.440038, 329.785761
25.707513, 331.417177
25.970665, 333.049063
26.229474, 334.681402
26.483921, 336.314176
26.733988, 337.947369
26.979656, 339.580966
27.220907, 341.214953
27.457724, 342.849316
27.690089, 344.484043
27.917985, 346.119122
28.141395, 347.754543
28.360303, 349.390293
28.574693, 351.026364
28.784548, 352.662747
28.989854, 354.299432
29.190596, 355.936411
29.386758, 357.573676
29.578327, 359.211220
29.765288, 0.849037
29.947628, 2.487119
30.125333, 4.125460
30.298390, 5.764055
30.466786, 7.402898
30.630510, 9.041985
30.789548, 10.681309
30.943890, 12.320868
31.093524, 13.960655
31.238439, 15.600669
31.378625, 17.240904
31.514071, 18.881358
31.644767, 20.522027
31.770704, 22.162909
31.891872, 23.804000
32.008263, 25.445297
32.119868, 27.086800
32.226679, 28.728505
32.328687, 30.370411
32.425887, 32.012516
32.518270, 33.654818
32.605829, 35.297315
32.688559, 36.940008
32.766454, 38.582894
32.839506, 40.225973
32.907712, 41.869244
32.971066, 43.512707
33.029564, 45.156361
33.083201, 46.800205
33.131974, 48.444241
33.175878, 50.088467
33.214911, 51.732885
33.249070, 53.377494
33.278352, 55.022295
33.302755, 56.667289
33.322278, 58.312477
33.336919, 59.957859
33.346677, 61.603437
33.351551, 63.249212
33.351541, 64.895186
33.346647, 66.541360
33.336869, 68.187735
33.322209, 69.834315
33.302667, 71.481101
33.278244, 73.128095
33.248943, 74.775301
33.214766, 76.422719
33.175715, 78.070354
33.131794, 79.718208
33.083004, 81.366285
33.029351, 83.014587
32.970838, 84.663119
32.907469, 86.311885
32.839250, 87.960888
32.766184, 89.610132
32.688278, 91.259623
32.605537, 92.909364
32.517968, 94.559361
32.425577, 96.209619
32.328370, 97.860144
32.226356, 99.510941
32.119540, 101.162017
32.007933, 102.813377
31.891540, 104.465029
31.770372, 106.116979
31.644438, 107.769236
31.513746, 109.421806
31.378306, 111.074697
31.238128, 112.727919
31.093223, 114.381481
30.943601, 116.035390
30.789274, 117.689659
30.630252, 119.344296
30.466548, 120.999313
30.298173, 122.654722
30.125141, 124.310533
29.947464, 125.966761
29.765155, 127.623417
29.578228, 129.280516
29.386696, 130.938073
29.190573, 132.596103
28.989875, 134.254622
28.784616, 135.913647
28.574812, 137.573197
28.360477, 139.233290
28.141628, 140.893946
27.918281, 142.555187
27.690453, 144.217034
27.458161, 145.879512
27.221421, 147.542644
26.980252, 149.206459
26.734671, 150.870982
26.484697, 152.536245
26.230349, 154.202277
25.971644, 155.869113
25.708604, 157.536788
25.441246, 159.205338
25.169592, 160.874805
24.893662, 162.545229
24.613475, 164.216657
24.329054, 165.889137
24.040420, 167.562720
23.747594, 169.237460
23.450598, 170.913417
23.149455, 172.590653
22.844187, 174.269236
22.534818, 175.949238
22.221371, 177.630736
21.903869, 179.313815
21.582338, 180.998565
21.256800, 182.685082
20.927282, 184.373472
20.593808, 186.063847
20.256404, 187.756332
19.915096, 189.451060
19.569911, 191.148175
19.220875, 192.847837
18.868015, 194.550217
18.511359, 196.255504
18.150936, 197.963905
17.786773, 199.675646
17.418900, 201.390977
17.047346, 203.110173
16.672142, 204.833538
16.293318, 206.561409
15.910905, 208.294160
15.524936, 210.032208
15.135443, 211.776019
14.742459, 213.526116
14.346019, 215.283085
13.946158, 217.047592
13.542912, 218.820386
13.136319, 220.602324
12.726419, 222.394381
12.313250, 224.197680
11.896857, 226.013511
11.477283, 227.843374
11.054575, 229.689016
10.628784, 231.552485
10.199963, 233.436200
9.768171, 235.343036
9.333471, 237.276438
8.895935, 239.240570
8.455642, 241.240506
8.012682, 243.282500
7.567162, 245.374343
7.119206, 247.525862
6.668966, 249.749626
6.216627, 252.061969
5.762428, 254.484490
5.306678, 257.046332
4.849793, 259.787731
4.392354, 262.765732
3.935199, 266.063726
3.479597, 269.808054
3.027562, 274.198210
2.582493, 279.564392
2.150532, 286.481225
1.743665, 295.990467
1.386936, 309.950637
1.132228, 330.875248
1.059623, 358.264651
1.205590, 24.110547
1.510314, 42.552947
1.900699, 54.809930
2.335643, 63.325254
2.795636, 69.655808
3.271151, 74.658822
3.757175, 78.812163
4.250865, 82.394891
4.750498, 85.578282
5.254971, 88.472341
5.763540, 91.150560
6.275684, 93.663739
6.791021, 96.048035
7.309266, 98.329839
7.830193, 100.528845
8.353625, 102.660033
8.879414, 104.734993
9.407436, 106.762829
9.937584, 108.750787
10.469766, 110.704707
11.003897, 112.629344
11.539903, 114.528610
12.077713, 116.405753
12.617262, 118.263488
13.158490, 120.104107
13.701339, 121.929555
14.245754, 123.741492
14.791680, 125.541346
15.339068, 127.330352
15.887866, 129.109581
16.438025, 130.879967
16.989499, 132.642332
17.542238, 134.397397
18.096198, 136.145798
18.651332, 137.888103
19.207594, 139.624814
19.764940, 141.356382
20.323325, 143.083208
20.882705, 144.805654
21.443035, 146.524047
22.004273, 148.238680
22.566373, 149.949821
23.129293, 151.657711
23.692989, 153.362571
24.257419, 155.064600
24.822538, 156.763983
25.388305, 158.460888
25.954675, 160.155467
26.521607, 161.847864
27.089057, 163.538207
27.656983, 165.226618
28.225342, 166.913206
28.794091, 168.598075
29.363188, 170.281319
29.932591, 171.963027
30.502256, 173.643281
31.072141, 175.322156
31.642204, 176.999723
32.212403, 178.676049
32.782694, 180.351195
33.353037, 182.025220
33.923387, 183.698176
34.493704, 185.370115
35.063944, 187.041084
35.634066, 188.711127
36.204027, 190.380286
36.773785, 192.048601
37.343299, 193.716109
37.912525, 195.382844
38.481422, 197.048840
39.049949, 198.714127
39.618062, 200.378735
40.185721, 202.042691
40.752882, 203.706021
41.319505, 205.368752
41.885548, 207.030905
42.450969, 208.692503
43.015726, 210.353568
43.579777, 212.014119
44.143082, 213.674176
44.705599, 215.333756
45.267285, 216.992878
45.828101, 218.651556
46.388005, 220.309808
46.946955, 221.967647
47.504910, 223.625089
48.061830, 225.282146
48.617673, 226.938831
49.172399, 228.595157
49.725967, 230.251136
50.278336, 231.906779
50.829465, 233.562097
51.379314, 235.217099
51.927843, 236.871796
52.475011, 238.526198
53.020778, 240.180313
53.565105, 241.834150
54.107950, 243.487717
54.649275, 245.141023
55.189039, 246.794075
55.727202, 248.446880
56.263726, 250.099446
56.798571, 251.751778
57.331698, 253.403885
57.863067, 255.055771
58.392639, 256.707444
58.920376, 258.358908
59.446239, 260.010170
59.970189, 261.661235
60.492188, 263.312108
61.012197, 264.962793
61.530178, 266.613297
62.046094, 268.263623
62.559907, 269.913776
63.071578, 271.563760
63.581070, 273.213579
64.088346, 274.863238
64.593368, 276.512740
65.096100, 278.162089
65.596505, 279.811289
66.094546, 281.460343
66.590186, 283.109254
67.083389, 284.758027
67.574118, 286.406663
68.062339, 288.055166
68.548015, 289.703539
69.031110, 291.351784
69.511589, 292.999905
69.989416, 294.647905
70.464557, 296.295785
70.936978, 297.943548
71.406642, 299.591197
71.873516, 301.238735
72.337565, 302.886162
72.798756, 304.533482
##END=
