##TITLE= Parameter file, TopSpin 4.3.0
##JCAMPDX= 5.0
##DATATYPE= Parameter Values
##ORIGIN= Bruker BioSpin GmbH
##OWNER= nmrsu
$$ 2024-05-22 18:52:45.340 +0100  nmrsu@4CE1161FJM
$$ C:/Bruker/TopSpin4.3.0/exp/stan/nmr/lists/wave/user/multisupp_aux_d8
$$ process C:\Bruker\TopSpin4.3.0\prog\mod\xwinshape.exe
##MINX= 0.11182300
##MAXX= 99.99725100
##MINY= 0.59951700
##MAXY= 359.40048300
##$SHAPE_ADDPHASE= 0
##$SHAPE_AMP= 99.99725076
##$SHAPE_BWFAC= 0
##$SHAPE_BWFAC50= 0
##$SHAPE_CALCBW= yes
##$SHAPE_CALCINTEG= yes
##$SHAPE_EXMODE= <Excitation>
##$SHAPE_EXPAND= <>
##$SHAPE_EXPANDCF= (0..143)
0 0 0 0 0 0 0 0 0 0 0 0 0 0 0 0 0 0 0 0 0 0 0 0 0 0 0 0 0 0 0 0 0 0 0 0
0 0 0 0 0 0 0 0 0 0 0 0 0 0 0 0 0 0 0 0 0 0 0 0 0 0 0 0 0 0 0 0 0 0 0 0
0 0 0 0 0 0 0 0 0 0 0 0 0 0 0 0 0 0 0 0 0 0 0 0 0 0 0 0 0 0 0 0 0 0 0 0
0 0 0 0 0 0 0 0 0 0 0 0 0 0 0 0 0 0 0 0 0 0 0 0 0 0 0 0 0 0 0 0 0 0 0 0
##$SHAPE_EXPFAC= 0
##$SHAPE_FRACEND= 0
##$SHAPE_FRACORG= 0
##$SHAPE_FRACSTART= 0
##$SHAPE_INTEGFAC= 0
##$SHAPE_KEEPRES= yes
##$SHAPE_LENGTH= 25000.000373
##$SHAPE_MAN= <M>
##$SHAPE_MODE= 5
##$SHAPE_MODFREQ= 0
##$SHAPE_MODPHASE= 0
##$SHAPE_MODSCALE= 0
##$SHAPE_MODSW= 0
##$SHAPE_MODSWDIR= -1
##$SHAPE_NPOINTS= 1250
##$SHAPE_OFFS= <1 5>
##$SHAPE_OFFSCOEFF= (0..95)
52.675476 0 100 -158.30225 0 100 -206.46495 0 100 -226.02524 0 100 -294.54079
0 100 0 0 0 0 0 0 0 0 0 0 0 0 0 0 0 0 0 0 0 0 0 0 0 0 0 0 0 0 0 0 0 0 0
0 0 0 0 0 0 0 0 0 0 0 0 0 0 0 0 0 0 0 0 0 0 0 0 0 0 0 0 0 0 0 0 0 0 0 0
0 0 0 0 0 0 0 0 0 0 0 0
##$SHAPE_PARAMETER= <>
##$SHAPE_REPHFAC= 0
##$SHAPE_RES= 0
##$SHAPE_SCALEFAC= 1.00002749
##$SHAPE_SCALETYPE= 0
##$SHAPE_SPOAL= 0
##$SHAPE_SPOFFS= 0
##$SHAPE_SPOPH= 0
##$SHAPE_TOTROT= 90
##$SHAPE_TYPE= <Excitation>
##$SHAPE_USER_DEF= <>
##$SHAPE_VERSION= 2.1
##$SHL_ADDPHASE= (0..15)
0 0 0 0 0 0 0 0 0 0 0 0 0 0 0 0
##$SHL_ALIGNOFFSET= (0..15)
0 0 0 0 0 0 0 0 0 0 0 0 0 0 0 0
##$SHL_AMP= (0..15)
100 0 0 0 0 0 0 0 0 0 0 0 0 0 0 0
##$SHL_AMPFAC= (0..15)
0 0 0 0 0 0 0 0 0 0 0 0 0 0 0 0
##$SHL_BETA= (0..15)
0 0 0 0 0 0 0 0 0 0 0 0 0 0 0 0
##$SHL_BWFAC= (0..15)
1.116 0 0 0 0 0 0 0 0 0 0 0 0 0 0 0
##$SHL_CALCBW= (0..15)
yes yes yes yes yes yes yes yes yes yes yes yes yes yes yes yes
##$SHL_CALCINTEG= (0..15)
yes yes yes yes yes yes yes yes yes yes yes yes yes yes yes yes
##$SHL_CENTERAMP= (0..15)
0 0 0 0 0 0 0 0 0 0 0 0 0 0 0 0
##$SHL_CYCNUM= (0..15)
0 0 0 0 0 0 0 0 0 0 0 0 0 0 0 0
##$SHL_DIPOLCPL= (0..15)
0 0 0 0 0 0 0 0 0 0 0 0 0 0 0 0
##$SHL_ENDAMP= (0..15)
0 0 0 0 0 0 0 0 0 0 0 0 0 0 0 0
##$SHL_EXMODE= (0..15)
<Excitation> <> <> <> <> <> <> <> <> <> <> <> <> <> <> <>
##$SHL_EXPAND= (0..15)
<> <> <> <> <> <> <> <> <> <> <> <> <> <> <> <>
##$SHL_EXPANDCF0= (0..143)
0 0 0 0 0 0 0 0 0 0 0 0 0 0 0 0 0 0 0 0 0 0 0 0 0 0 0 0 0 0 0 0 0 0 0 0
0 0 0 0 0 0 0 0 0 0 0 0 0 0 0 0 0 0 0 0 0 0 0 0 0 0 0 0 0 0 0 0 0 0 0 0
0 0 0 0 0 0 0 0 0 0 0 0 0 0 0 0 0 0 0 0 0 0 0 0 0 0 0 0 0 0 0 0 0 0 0 0
0 0 0 0 0 0 0 0 0 0 0 0 0 0 0 0 0 0 0 0 0 0 0 0 0 0 0 0 0 0 0 0 0 0 0 0
##$SHL_EXPANDCF1= (0..143)
0 0 0 0 0 0 0 0 0 0 0 0 0 0 0 0 0 0 0 0 0 0 0 0 0 0 0 0 0 0 0 0 0 0 0 0
0 0 0 0 0 0 0 0 0 0 0 0 0 0 0 0 0 0 0 0 0 0 0 0 0 0 0 0 0 0 0 0 0 0 0 0
0 0 0 0 0 0 0 0 0 0 0 0 0 0 0 0 0 0 0 0 0 0 0 0 0 0 0 0 0 0 0 0 0 0 0 0
0 0 0 0 0 0 0 0 0 0 0 0 0 0 0 0 0 0 0 0 0 0 0 0 0 0 0 0 0 0 0 0 0 0 0 0
##$SHL_EXPANDCF10= (0..143)
0 0 0 0 0 0 0 0 0 0 0 0 0 0 0 0 0 0 0 0 0 0 0 0 0 0 0 0 0 0 0 0 0 0 0 0
0 0 0 0 0 0 0 0 0 0 0 0 0 0 0 0 0 0 0 0 0 0 0 0 0 0 0 0 0 0 0 0 0 0 0 0
0 0 0 0 0 0 0 0 0 0 0 0 0 0 0 0 0 0 0 0 0 0 0 0 0 0 0 0 0 0 0 0 0 0 0 0
0 0 0 0 0 0 0 0 0 0 0 0 0 0 0 0 0 0 0 0 0 0 0 0 0 0 0 0 0 0 0 0 0 0 0 0
##$SHL_EXPANDCF11= (0..143)
0 0 0 0 0 0 0 0 0 0 0 0 0 0 0 0 0 0 0 0 0 0 0 0 0 0 0 0 0 0 0 0 0 0 0 0
0 0 0 0 0 0 0 0 0 0 0 0 0 0 0 0 0 0 0 0 0 0 0 0 0 0 0 0 0 0 0 0 0 0 0 0
0 0 0 0 0 0 0 0 0 0 0 0 0 0 0 0 0 0 0 0 0 0 0 0 0 0 0 0 0 0 0 0 0 0 0 0
0 0 0 0 0 0 0 0 0 0 0 0 0 0 0 0 0 0 0 0 0 0 0 0 0 0 0 0 0 0 0 0 0 0 0 0
##$SHL_EXPANDCF12= (0..143)
0 0 0 0 0 0 0 0 0 0 0 0 0 0 0 0 0 0 0 0 0 0 0 0 0 0 0 0 0 0 0 0 0 0 0 0
0 0 0 0 0 0 0 0 0 0 0 0 0 0 0 0 0 0 0 0 0 0 0 0 0 0 0 0 0 0 0 0 0 0 0 0
0 0 0 0 0 0 0 0 0 0 0 0 0 0 0 0 0 0 0 0 0 0 0 0 0 0 0 0 0 0 0 0 0 0 0 0
0 0 0 0 0 0 0 0 0 0 0 0 0 0 0 0 0 0 0 0 0 0 0 0 0 0 0 0 0 0 0 0 0 0 0 0
##$SHL_EXPANDCF13= (0..143)
0 0 0 0 0 0 0 0 0 0 0 0 0 0 0 0 0 0 0 0 0 0 0 0 0 0 0 0 0 0 0 0 0 0 0 0
0 0 0 0 0 0 0 0 0 0 0 0 0 0 0 0 0 0 0 0 0 0 0 0 0 0 0 0 0 0 0 0 0 0 0 0
0 0 0 0 0 0 0 0 0 0 0 0 0 0 0 0 0 0 0 0 0 0 0 0 0 0 0 0 0 0 0 0 0 0 0 0
0 0 0 0 0 0 0 0 0 0 0 0 0 0 0 0 0 0 0 0 0 0 0 0 0 0 0 0 0 0 0 0 0 0 0 0
##$SHL_EXPANDCF14= (0..143)
0 0 0 0 0 0 0 0 0 0 0 0 0 0 0 0 0 0 0 0 0 0 0 0 0 0 0 0 0 0 0 0 0 0 0 0
0 0 0 0 0 0 0 0 0 0 0 0 0 0 0 0 0 0 0 0 0 0 0 0 0 0 0 0 0 0 0 0 0 0 0 0
0 0 0 0 0 0 0 0 0 0 0 0 0 0 0 0 0 0 0 0 0 0 0 0 0 0 0 0 0 0 0 0 0 0 0 0
0 0 0 0 0 0 0 0 0 0 0 0 0 0 0 0 0 0 0 0 0 0 0 0 0 0 0 0 0 0 0 0 0 0 0 0
##$SHL_EXPANDCF15= (0..143)
0 0 0 0 0 0 0 0 0 0 0 0 0 0 0 0 0 0 0 0 0 0 0 0 0 0 0 0 0 0 0 0 0 0 0 0
0 0 0 0 0 0 0 0 0 0 0 0 0 0 0 0 0 0 0 0 0 0 0 0 0 0 0 0 0 0 0 0 0 0 0 0
0 0 0 0 0 0 0 0 0 0 0 0 0 0 0 0 0 0 0 0 0 0 0 0 0 0 0 0 0 0 0 0 0 0 0 0
0 0 0 0 0 0 0 0 0 0 0 0 0 0 0 0 0 0 0 0 0 0 0 0 0 0 0 0 0 0 0 0 0 0 0 0
##$SHL_EXPANDCF2= (0..143)
0 0 0 0 0 0 0 0 0 0 0 0 0 0 0 0 0 0 0 0 0 0 0 0 0 0 0 0 0 0 0 0 0 0 0 0
0 0 0 0 0 0 0 0 0 0 0 0 0 0 0 0 0 0 0 0 0 0 0 0 0 0 0 0 0 0 0 0 0 0 0 0
0 0 0 0 0 0 0 0 0 0 0 0 0 0 0 0 0 0 0 0 0 0 0 0 0 0 0 0 0 0 0 0 0 0 0 0
0 0 0 0 0 0 0 0 0 0 0 0 0 0 0 0 0 0 0 0 0 0 0 0 0 0 0 0 0 0 0 0 0 0 0 0
##$SHL_EXPANDCF3= (0..143)
0 0 0 0 0 0 0 0 0 0 0 0 0 0 0 0 0 0 0 0 0 0 0 0 0 0 0 0 0 0 0 0 0 0 0 0
0 0 0 0 0 0 0 0 0 0 0 0 0 0 0 0 0 0 0 0 0 0 0 0 0 0 0 0 0 0 0 0 0 0 0 0
0 0 0 0 0 0 0 0 0 0 0 0 0 0 0 0 0 0 0 0 0 0 0 0 0 0 0 0 0 0 0 0 0 0 0 0
0 0 0 0 0 0 0 0 0 0 0 0 0 0 0 0 0 0 0 0 0 0 0 0 0 0 0 0 0 0 0 0 0 0 0 0
##$SHL_EXPANDCF4= (0..143)
0 0 0 0 0 0 0 0 0 0 0 0 0 0 0 0 0 0 0 0 0 0 0 0 0 0 0 0 0 0 0 0 0 0 0 0
0 0 0 0 0 0 0 0 0 0 0 0 0 0 0 0 0 0 0 0 0 0 0 0 0 0 0 0 0 0 0 0 0 0 0 0
0 0 0 0 0 0 0 0 0 0 0 0 0 0 0 0 0 0 0 0 0 0 0 0 0 0 0 0 0 0 0 0 0 0 0 0
0 0 0 0 0 0 0 0 0 0 0 0 0 0 0 0 0 0 0 0 0 0 0 0 0 0 0 0 0 0 0 0 0 0 0 0
##$SHL_EXPANDCF5= (0..143)
0 0 0 0 0 0 0 0 0 0 0 0 0 0 0 0 0 0 0 0 0 0 0 0 0 0 0 0 0 0 0 0 0 0 0 0
0 0 0 0 0 0 0 0 0 0 0 0 0 0 0 0 0 0 0 0 0 0 0 0 0 0 0 0 0 0 0 0 0 0 0 0
0 0 0 0 0 0 0 0 0 0 0 0 0 0 0 0 0 0 0 0 0 0 0 0 0 0 0 0 0 0 0 0 0 0 0 0
0 0 0 0 0 0 0 0 0 0 0 0 0 0 0 0 0 0 0 0 0 0 0 0 0 0 0 0 0 0 0 0 0 0 0 0
##$SHL_EXPANDCF6= (0..143)
0 0 0 0 0 0 0 0 0 0 0 0 0 0 0 0 0 0 0 0 0 0 0 0 0 0 0 0 0 0 0 0 0 0 0 0
0 0 0 0 0 0 0 0 0 0 0 0 0 0 0 0 0 0 0 0 0 0 0 0 0 0 0 0 0 0 0 0 0 0 0 0
0 0 0 0 0 0 0 0 0 0 0 0 0 0 0 0 0 0 0 0 0 0 0 0 0 0 0 0 0 0 0 0 0 0 0 0
0 0 0 0 0 0 0 0 0 0 0 0 0 0 0 0 0 0 0 0 0 0 0 0 0 0 0 0 0 0 0 0 0 0 0 0
##$SHL_EXPANDCF7= (0..143)
0 0 0 0 0 0 0 0 0 0 0 0 0 0 0 0 0 0 0 0 0 0 0 0 0 0 0 0 0 0 0 0 0 0 0 0
0 0 0 0 0 0 0 0 0 0 0 0 0 0 0 0 0 0 0 0 0 0 0 0 0 0 0 0 0 0 0 0 0 0 0 0
0 0 0 0 0 0 0 0 0 0 0 0 0 0 0 0 0 0 0 0 0 0 0 0 0 0 0 0 0 0 0 0 0 0 0 0
0 0 0 0 0 0 0 0 0 0 0 0 0 0 0 0 0 0 0 0 0 0 0 0 0 0 0 0 0 0 0 0 0 0 0 0
##$SHL_EXPANDCF8= (0..143)
0 0 0 0 0 0 0 0 0 0 0 0 0 0 0 0 0 0 0 0 0 0 0 0 0 0 0 0 0 0 0 0 0 0 0 0
0 0 0 0 0 0 0 0 0 0 0 0 0 0 0 0 0 0 0 0 0 0 0 0 0 0 0 0 0 0 0 0 0 0 0 0
0 0 0 0 0 0 0 0 0 0 0 0 0 0 0 0 0 0 0 0 0 0 0 0 0 0 0 0 0 0 0 0 0 0 0 0
0 0 0 0 0 0 0 0 0 0 0 0 0 0 0 0 0 0 0 0 0 0 0 0 0 0 0 0 0 0 0 0 0 0 0 0
##$SHL_EXPANDCF9= (0..143)
0 0 0 0 0 0 0 0 0 0 0 0 0 0 0 0 0 0 0 0 0 0 0 0 0 0 0 0 0 0 0 0 0 0 0 0
0 0 0 0 0 0 0 0 0 0 0 0 0 0 0 0 0 0 0 0 0 0 0 0 0 0 0 0 0 0 0 0 0 0 0 0
0 0 0 0 0 0 0 0 0 0 0 0 0 0 0 0 0 0 0 0 0 0 0 0 0 0 0 0 0 0 0 0 0 0 0 0
0 0 0 0 0 0 0 0 0 0 0 0 0 0 0 0 0 0 0 0 0 0 0 0 0 0 0 0 0 0 0 0 0 0 0 0
##$SHL_EXPFAC= (0..15)
0 0 0 0 0 0 0 0 0 0 0 0 0 0 0 0
##$SHL_FRACEND= (0..15)
0 0 0 0 0 0 0 0 0 0 0 0 0 0 0 0
##$SHL_FRACORG= (0..15)
0 0 0 0 0 0 0 0 0 0 0 0 0 0 0 0
##$SHL_FRACSTART= (0..15)
0 0 0 0 0 0 0 0 0 0 0 0 0 0 0 0
##$SHL_FULLHALF= (0..15)
0 0 0 0 0 0 0 0 0 0 0 0 0 0 0 0
##$SHL_FUNCAMP= (0..15)
100 0 0 0 0 0 0 0 0 0 0 0 0 0 0 0
##$SHL_FUNCTION= (0..15)
<Rectangle> <> <> <> <> <> <> <> <> <> <> <> <> <> <> <>
##$SHL_GCO= (0..15)
<> <> <> <> <> <> <> <> <> <> <> <> <> <> <> <>
##$SHL_GCOCOEFFS0= (0..59)
0 0 0 0 0 0 0 0 0 0 0 0 0 0 0 0 0 0 0 0 0 0 0 0 0 0 0 0 0 0 0 0 0 0 0 0
0 0 0 0 0 0 0 0 0 0 0 0 0 0 0 0 0 0 0 0 0 0 0 0
##$SHL_GCOCOEFFS1= (0..59)
0 0 0 0 0 0 0 0 0 0 0 0 0 0 0 0 0 0 0 0 0 0 0 0 0 0 0 0 0 0 0 0 0 0 0 0
0 0 0 0 0 0 0 0 0 0 0 0 0 0 0 0 0 0 0 0 0 0 0 0
##$SHL_GCOCOEFFS10= (0..59)
0 0 0 0 0 0 0 0 0 0 0 0 0 0 0 0 0 0 0 0 0 0 0 0 0 0 0 0 0 0 0 0 0 0 0 0
0 0 0 0 0 0 0 0 0 0 0 0 0 0 0 0 0 0 0 0 0 0 0 0
##$SHL_GCOCOEFFS11= (0..59)
0 0 0 0 0 0 0 0 0 0 0 0 0 0 0 0 0 0 0 0 0 0 0 0 0 0 0 0 0 0 0 0 0 0 0 0
0 0 0 0 0 0 0 0 0 0 0 0 0 0 0 0 0 0 0 0 0 0 0 0
##$SHL_GCOCOEFFS12= (0..59)
0 0 0 0 0 0 0 0 0 0 0 0 0 0 0 0 0 0 0 0 0 0 0 0 0 0 0 0 0 0 0 0 0 0 0 0
0 0 0 0 0 0 0 0 0 0 0 0 0 0 0 0 0 0 0 0 0 0 0 0
##$SHL_GCOCOEFFS13= (0..59)
0 0 0 0 0 0 0 0 0 0 0 0 0 0 0 0 0 0 0 0 0 0 0 0 0 0 0 0 0 0 0 0 0 0 0 0
0 0 0 0 0 0 0 0 0 0 0 0 0 0 0 0 0 0 0 0 0 0 0 0
##$SHL_GCOCOEFFS14= (0..59)
0 0 0 0 0 0 0 0 0 0 0 0 0 0 0 0 0 0 0 0 0 0 0 0 0 0 0 0 0 0 0 0 0 0 0 0
0 0 0 0 0 0 0 0 0 0 0 0 0 0 0 0 0 0 0 0 0 0 0 0
##$SHL_GCOCOEFFS15= (0..59)
0 0 0 0 0 0 0 0 0 0 0 0 0 0 0 0 0 0 0 0 0 0 0 0 0 0 0 0 0 0 0 0 0 0 0 0
0 0 0 0 0 0 0 0 0 0 0 0 0 0 0 0 0 0 0 0 0 0 0 0
##$SHL_GCOCOEFFS2= (0..59)
0 0 0 0 0 0 0 0 0 0 0 0 0 0 0 0 0 0 0 0 0 0 0 0 0 0 0 0 0 0 0 0 0 0 0 0
0 0 0 0 0 0 0 0 0 0 0 0 0 0 0 0 0 0 0 0 0 0 0 0
##$SHL_GCOCOEFFS3= (0..59)
0 0 0 0 0 0 0 0 0 0 0 0 0 0 0 0 0 0 0 0 0 0 0 0 0 0 0 0 0 0 0 0 0 0 0 0
0 0 0 0 0 0 0 0 0 0 0 0 0 0 0 0 0 0 0 0 0 0 0 0
##$SHL_GCOCOEFFS4= (0..59)
0 0 0 0 0 0 0 0 0 0 0 0 0 0 0 0 0 0 0 0 0 0 0 0 0 0 0 0 0 0 0 0 0 0 0 0
0 0 0 0 0 0 0 0 0 0 0 0 0 0 0 0 0 0 0 0 0 0 0 0
##$SHL_GCOCOEFFS5= (0..59)
0 0 0 0 0 0 0 0 0 0 0 0 0 0 0 0 0 0 0 0 0 0 0 0 0 0 0 0 0 0 0 0 0 0 0 0
0 0 0 0 0 0 0 0 0 0 0 0 0 0 0 0 0 0 0 0 0 0 0 0
##$SHL_GCOCOEFFS6= (0..59)
0 0 0 0 0 0 0 0 0 0 0 0 0 0 0 0 0 0 0 0 0 0 0 0 0 0 0 0 0 0 0 0 0 0 0 0
0 0 0 0 0 0 0 0 0 0 0 0 0 0 0 0 0 0 0 0 0 0 0 0
##$SHL_GCOCOEFFS7= (0..59)
0 0 0 0 0 0 0 0 0 0 0 0 0 0 0 0 0 0 0 0 0 0 0 0 0 0 0 0 0 0 0 0 0 0 0 0
0 0 0 0 0 0 0 0 0 0 0 0 0 0 0 0 0 0 0 0 0 0 0 0
##$SHL_GCOCOEFFS8= (0..59)
0 0 0 0 0 0 0 0 0 0 0 0 0 0 0 0 0 0 0 0 0 0 0 0 0 0 0 0 0 0 0 0 0 0 0 0
0 0 0 0 0 0 0 0 0 0 0 0 0 0 0 0 0 0 0 0 0 0 0 0
##$SHL_GCOCOEFFS9= (0..59)
0 0 0 0 0 0 0 0 0 0 0 0 0 0 0 0 0 0 0 0 0 0 0 0 0 0 0 0 0 0 0 0 0 0 0 0
0 0 0 0 0 0 0 0 0 0 0 0 0 0 0 0 0 0 0 0 0 0 0 0
##$SHL_INTEGFAC= (0..15)
1 0 0 0 0 0 0 0 0 0 0 0 0 0 0 0
##$SHL_LB= (0..15)
0 0 0 0 0 0 0 0 0 0 0 0 0 0 0 0
##$SHL_LEFTLIMIT= (0..15)
0 0 0 0 0 0 0 0 0 0 0 0 0 0 0 0
##$SHL_LENGTH= (0..15)
25000.000373 0 0 0 0 0 0 0 0 0 0 0 0 0 0 0
##$SHL_MAN= (0..15)
<> <> <> <> <> <> <> <> <> <> <> <> <> <> <> <>
##$SHL_MEANAMP= (0..15)
0 0 0 0 0 0 0 0 0 0 0 0 0 0 0 0
##$SHL_MODAMP= (0..15)
0 0 0 0 0 0 0 0 0 0 0 0 0 0 0 0
##$SHL_MODE= (0..15)
0 0 0 0 0 0 0 0 0 0 0 0 0 0 0 0
##$SHL_MODFREQ= (0..15)
0 0 0 0 0 0 0 0 0 0 0 0 0 0 0 0
##$SHL_MODPHASE= (0..15)
0 0 0 0 0 0 0 0 0 0 0 0 0 0 0 0
##$SHL_MODSCALE= (0..15)
0 0 0 0 0 0 0 0 0 0 0 0 0 0 0 0
##$SHL_MODSW= (0..15)
0 0 0 0 0 0 0 0 0 0 0 0 0 0 0 0
##$SHL_MODSWDIR= (0..15)
-1 -1 -1 -1 -1 -1 -1 -1 -1 -1 -1 -1 -1 -1 -1 -1
##$SHL_MU= (0..15)
0 0 0 0 0 0 0 0 0 0 0 0 0 0 0 0
##$SHL_NPOINTS= (0..15)
1250 0 0 0 0 0 0 0 0 0 0 0 0 0 0 0
##$SHL_OFFS= (0..15)
<> <> <> <> <> <> <> <> <> <> <> <> <> <> <> <>
##$SHL_OFFSCOEFF0= (0..95)
0 0 0 0 0 0 0 0 0 0 0 0 0 0 0 0 0 0 0 0 0 0 0 0 0 0 0 0 0 0 0 0 0 0 0 0
0 0 0 0 0 0 0 0 0 0 0 0 0 0 0 0 0 0 0 0 0 0 0 0 0 0 0 0 0 0 0 0 0 0 0 0
0 0 0 0 0 0 0 0 0 0 0 0 0 0 0 0 0 0 0 0 0 0 0 0
##$SHL_OFFSCOEFF1= (0..95)
0 0 0 0 0 0 0 0 0 0 0 0 0 0 0 0 0 0 0 0 0 0 0 0 0 0 0 0 0 0 0 0 0 0 0 0
0 0 0 0 0 0 0 0 0 0 0 0 0 0 0 0 0 0 0 0 0 0 0 0 0 0 0 0 0 0 0 0 0 0 0 0
0 0 0 0 0 0 0 0 0 0 0 0 0 0 0 0 0 0 0 0 0 0 0 0
##$SHL_OFFSCOEFF10= (0..95)
0 0 0 0 0 0 0 0 0 0 0 0 0 0 0 0 0 0 0 0 0 0 0 0 0 0 0 0 0 0 0 0 0 0 0 0
0 0 0 0 0 0 0 0 0 0 0 0 0 0 0 0 0 0 0 0 0 0 0 0 0 0 0 0 0 0 0 0 0 0 0 0
0 0 0 0 0 0 0 0 0 0 0 0 0 0 0 0 0 0 0 0 0 0 0 0
##$SHL_OFFSCOEFF11= (0..95)
0 0 0 0 0 0 0 0 0 0 0 0 0 0 0 0 0 0 0 0 0 0 0 0 0 0 0 0 0 0 0 0 0 0 0 0
0 0 0 0 0 0 0 0 0 0 0 0 0 0 0 0 0 0 0 0 0 0 0 0 0 0 0 0 0 0 0 0 0 0 0 0
0 0 0 0 0 0 0 0 0 0 0 0 0 0 0 0 0 0 0 0 0 0 0 0
##$SHL_OFFSCOEFF12= (0..95)
0 0 0 0 0 0 0 0 0 0 0 0 0 0 0 0 0 0 0 0 0 0 0 0 0 0 0 0 0 0 0 0 0 0 0 0
0 0 0 0 0 0 0 0 0 0 0 0 0 0 0 0 0 0 0 0 0 0 0 0 0 0 0 0 0 0 0 0 0 0 0 0
0 0 0 0 0 0 0 0 0 0 0 0 0 0 0 0 0 0 0 0 0 0 0 0
##$SHL_OFFSCOEFF13= (0..95)
0 0 0 0 0 0 0 0 0 0 0 0 0 0 0 0 0 0 0 0 0 0 0 0 0 0 0 0 0 0 0 0 0 0 0 0
0 0 0 0 0 0 0 0 0 0 0 0 0 0 0 0 0 0 0 0 0 0 0 0 0 0 0 0 0 0 0 0 0 0 0 0
0 0 0 0 0 0 0 0 0 0 0 0 0 0 0 0 0 0 0 0 0 0 0 0
##$SHL_OFFSCOEFF14= (0..95)
0 0 0 0 0 0 0 0 0 0 0 0 0 0 0 0 0 0 0 0 0 0 0 0 0 0 0 0 0 0 0 0 0 0 0 0
0 0 0 0 0 0 0 0 0 0 0 0 0 0 0 0 0 0 0 0 0 0 0 0 0 0 0 0 0 0 0 0 0 0 0 0
0 0 0 0 0 0 0 0 0 0 0 0 0 0 0 0 0 0 0 0 0 0 0 0
##$SHL_OFFSCOEFF15= (0..95)
0 0 0 0 0 0 0 0 0 0 0 0 0 0 0 0 0 0 0 0 0 0 0 0 0 0 0 0 0 0 0 0 0 0 0 0
0 0 0 0 0 0 0 0 0 0 0 0 0 0 0 0 0 0 0 0 0 0 0 0 0 0 0 0 0 0 0 0 0 0 0 0
0 0 0 0 0 0 0 0 0 0 0 0 0 0 0 0 0 0 0 0 0 0 0 0
##$SHL_OFFSCOEFF2= (0..95)
0 0 0 0 0 0 0 0 0 0 0 0 0 0 0 0 0 0 0 0 0 0 0 0 0 0 0 0 0 0 0 0 0 0 0 0
0 0 0 0 0 0 0 0 0 0 0 0 0 0 0 0 0 0 0 0 0 0 0 0 0 0 0 0 0 0 0 0 0 0 0 0
0 0 0 0 0 0 0 0 0 0 0 0 0 0 0 0 0 0 0 0 0 0 0 0
##$SHL_OFFSCOEFF3= (0..95)
0 0 0 0 0 0 0 0 0 0 0 0 0 0 0 0 0 0 0 0 0 0 0 0 0 0 0 0 0 0 0 0 0 0 0 0
0 0 0 0 0 0 0 0 0 0 0 0 0 0 0 0 0 0 0 0 0 0 0 0 0 0 0 0 0 0 0 0 0 0 0 0
0 0 0 0 0 0 0 0 0 0 0 0 0 0 0 0 0 0 0 0 0 0 0 0
##$SHL_OFFSCOEFF4= (0..95)
0 0 0 0 0 0 0 0 0 0 0 0 0 0 0 0 0 0 0 0 0 0 0 0 0 0 0 0 0 0 0 0 0 0 0 0
0 0 0 0 0 0 0 0 0 0 0 0 0 0 0 0 0 0 0 0 0 0 0 0 0 0 0 0 0 0 0 0 0 0 0 0
0 0 0 0 0 0 0 0 0 0 0 0 0 0 0 0 0 0 0 0 0 0 0 0
##$SHL_OFFSCOEFF5= (0..95)
0 0 0 0 0 0 0 0 0 0 0 0 0 0 0 0 0 0 0 0 0 0 0 0 0 0 0 0 0 0 0 0 0 0 0 0
0 0 0 0 0 0 0 0 0 0 0 0 0 0 0 0 0 0 0 0 0 0 0 0 0 0 0 0 0 0 0 0 0 0 0 0
0 0 0 0 0 0 0 0 0 0 0 0 0 0 0 0 0 0 0 0 0 0 0 0
##$SHL_OFFSCOEFF6= (0..95)
0 0 0 0 0 0 0 0 0 0 0 0 0 0 0 0 0 0 0 0 0 0 0 0 0 0 0 0 0 0 0 0 0 0 0 0
0 0 0 0 0 0 0 0 0 0 0 0 0 0 0 0 0 0 0 0 0 0 0 0 0 0 0 0 0 0 0 0 0 0 0 0
0 0 0 0 0 0 0 0 0 0 0 0 0 0 0 0 0 0 0 0 0 0 0 0
##$SHL_OFFSCOEFF7= (0..95)
0 0 0 0 0 0 0 0 0 0 0 0 0 0 0 0 0 0 0 0 0 0 0 0 0 0 0 0 0 0 0 0 0 0 0 0
0 0 0 0 0 0 0 0 0 0 0 0 0 0 0 0 0 0 0 0 0 0 0 0 0 0 0 0 0 0 0 0 0 0 0 0
0 0 0 0 0 0 0 0 0 0 0 0 0 0 0 0 0 0 0 0 0 0 0 0
##$SHL_OFFSCOEFF8= (0..95)
0 0 0 0 0 0 0 0 0 0 0 0 0 0 0 0 0 0 0 0 0 0 0 0 0 0 0 0 0 0 0 0 0 0 0 0
0 0 0 0 0 0 0 0 0 0 0 0 0 0 0 0 0 0 0 0 0 0 0 0 0 0 0 0 0 0 0 0 0 0 0 0
0 0 0 0 0 0 0 0 0 0 0 0 0 0 0 0 0 0 0 0 0 0 0 0
##$SHL_OFFSCOEFF9= (0..95)
0 0 0 0 0 0 0 0 0 0 0 0 0 0 0 0 0 0 0 0 0 0 0 0 0 0 0 0 0 0 0 0 0 0 0 0
0 0 0 0 0 0 0 0 0 0 0 0 0 0 0 0 0 0 0 0 0 0 0 0 0 0 0 0 0 0 0 0 0 0 0 0
0 0 0 0 0 0 0 0 0 0 0 0 0 0 0 0 0 0 0 0 0 0 0 0
##$SHL_PHASE= (0..15)
0 0 0 0 0 0 0 0 0 0 0 0 0 0 0 0
##$SHL_PHASEFAC= (0..15)
0 0 0 0 0 0 0 0 0 0 0 0 0 0 0 0
##$SHL_POWERINDEX= (0..15)
0 0 0 0 0 0 0 0 0 0 0 0 0 0 0 0
##$SHL_QUADCOEFF= (0..15)
0 0 0 0 0 0 0 0 0 0 0 0 0 0 0 0
##$SHL_RIGHTLIMIT= (0..15)
0 0 0 0 0 0 0 0 0 0 0 0 0 0 0 0
##$SHL_SCALEFACTOR= (0..15)
1 1 1 1 1 1 1 1 1 1 1 1 1 1 1 1
##$SHL_SF= (0..15)
<> <> <> <> <> <> <> <> <> <> <> <> <> <> <> <>
##$SHL_SFCOEFFS0= (0..200)
0 0 0 0 0 0 0 0 0 0 0 0 0 0 0 0 0 0 0 0 0 0 0 0 0 0 0 0 0 0 0 0 0 0 0 0
0 0 0 0 0 0 0 0 0 0 0 0 0 0 0 0 0 0 0 0 0 0 0 0 0 0 0 0 0 0 0 0 0 0 0 0
0 0 0 0 0 0 0 0 0 0 0 0 0 0 0 0 0 0 0 0 0 0 0 0 0 0 0 0 0 0 0 0 0 0 0 0
0 0 0 0 0 0 0 0 0 0 0 0 0 0 0 0 0 0 0 0 0 0 0 0 0 0 0 0 0 0 0 0 0 0 0 0
0 0 0 0 0 0 0 0 0 0 0 0 0 0 0 0 0 0 0 0 0 0 0 0 0 0 0 0 0 0 0 0 0 0 0 0
0 0 0 0 0 0 0 0 0 0 0 0 0 0 0 0 0 0 0 0 0
##$SHL_SFCOEFFS1= (0..200)
0 0 0 0 0 0 0 0 0 0 0 0 0 0 0 0 0 0 0 0 0 0 0 0 0 0 0 0 0 0 0 0 0 0 0 0
0 0 0 0 0 0 0 0 0 0 0 0 0 0 0 0 0 0 0 0 0 0 0 0 0 0 0 0 0 0 0 0 0 0 0 0
0 0 0 0 0 0 0 0 0 0 0 0 0 0 0 0 0 0 0 0 0 0 0 0 0 0 0 0 0 0 0 0 0 0 0 0
0 0 0 0 0 0 0 0 0 0 0 0 0 0 0 0 0 0 0 0 0 0 0 0 0 0 0 0 0 0 0 0 0 0 0 0
0 0 0 0 0 0 0 0 0 0 0 0 0 0 0 0 0 0 0 0 0 0 0 0 0 0 0 0 0 0 0 0 0 0 0 0
0 0 0 0 0 0 0 0 0 0 0 0 0 0 0 0 0 0 0 0 0
##$SHL_SFCOEFFS10= (0..200)
0 0 0 0 0 0 0 0 0 0 0 0 0 0 0 0 0 0 0 0 0 0 0 0 0 0 0 0 0 0 0 0 0 0 0 0
0 0 0 0 0 0 0 0 0 0 0 0 0 0 0 0 0 0 0 0 0 0 0 0 0 0 0 0 0 0 0 0 0 0 0 0
0 0 0 0 0 0 0 0 0 0 0 0 0 0 0 0 0 0 0 0 0 0 0 0 0 0 0 0 0 0 0 0 0 0 0 0
0 0 0 0 0 0 0 0 0 0 0 0 0 0 0 0 0 0 0 0 0 0 0 0 0 0 0 0 0 0 0 0 0 0 0 0
0 0 0 0 0 0 0 0 0 0 0 0 0 0 0 0 0 0 0 0 0 0 0 0 0 0 0 0 0 0 0 0 0 0 0 0
0 0 0 0 0 0 0 0 0 0 0 0 0 0 0 0 0 0 0 0 0
##$SHL_SFCOEFFS11= (0..200)
0 0 0 0 0 0 0 0 0 0 0 0 0 0 0 0 0 0 0 0 0 0 0 0 0 0 0 0 0 0 0 0 0 0 0 0
0 0 0 0 0 0 0 0 0 0 0 0 0 0 0 0 0 0 0 0 0 0 0 0 0 0 0 0 0 0 0 0 0 0 0 0
0 0 0 0 0 0 0 0 0 0 0 0 0 0 0 0 0 0 0 0 0 0 0 0 0 0 0 0 0 0 0 0 0 0 0 0
0 0 0 0 0 0 0 0 0 0 0 0 0 0 0 0 0 0 0 0 0 0 0 0 0 0 0 0 0 0 0 0 0 0 0 0
0 0 0 0 0 0 0 0 0 0 0 0 0 0 0 0 0 0 0 0 0 0 0 0 0 0 0 0 0 0 0 0 0 0 0 0
0 0 0 0 0 0 0 0 0 0 0 0 0 0 0 0 0 0 0 0 0
##$SHL_SFCOEFFS12= (0..200)
0 0 0 0 0 0 0 0 0 0 0 0 0 0 0 0 0 0 0 0 0 0 0 0 0 0 0 0 0 0 0 0 0 0 0 0
0 0 0 0 0 0 0 0 0 0 0 0 0 0 0 0 0 0 0 0 0 0 0 0 0 0 0 0 0 0 0 0 0 0 0 0
0 0 0 0 0 0 0 0 0 0 0 0 0 0 0 0 0 0 0 0 0 0 0 0 0 0 0 0 0 0 0 0 0 0 0 0
0 0 0 0 0 0 0 0 0 0 0 0 0 0 0 0 0 0 0 0 0 0 0 0 0 0 0 0 0 0 0 0 0 0 0 0
0 0 0 0 0 0 0 0 0 0 0 0 0 0 0 0 0 0 0 0 0 0 0 0 0 0 0 0 0 0 0 0 0 0 0 0
0 0 0 0 0 0 0 0 0 0 0 0 0 0 0 0 0 0 0 0 0
##$SHL_SFCOEFFS13= (0..200)
0 0 0 0 0 0 0 0 0 0 0 0 0 0 0 0 0 0 0 0 0 0 0 0 0 0 0 0 0 0 0 0 0 0 0 0
0 0 0 0 0 0 0 0 0 0 0 0 0 0 0 0 0 0 0 0 0 0 0 0 0 0 0 0 0 0 0 0 0 0 0 0
0 0 0 0 0 0 0 0 0 0 0 0 0 0 0 0 0 0 0 0 0 0 0 0 0 0 0 0 0 0 0 0 0 0 0 0
0 0 0 0 0 0 0 0 0 0 0 0 0 0 0 0 0 0 0 0 0 0 0 0 0 0 0 0 0 0 0 0 0 0 0 0
0 0 0 0 0 0 0 0 0 0 0 0 0 0 0 0 0 0 0 0 0 0 0 0 0 0 0 0 0 0 0 0 0 0 0 0
0 0 0 0 0 0 0 0 0 0 0 0 0 0 0 0 0 0 0 0 0
##$SHL_SFCOEFFS14= (0..200)
0 0 0 0 0 0 0 0 0 0 0 0 0 0 0 0 0 0 0 0 0 0 0 0 0 0 0 0 0 0 0 0 0 0 0 0
0 0 0 0 0 0 0 0 0 0 0 0 0 0 0 0 0 0 0 0 0 0 0 0 0 0 0 0 0 0 0 0 0 0 0 0
0 0 0 0 0 0 0 0 0 0 0 0 0 0 0 0 0 0 0 0 0 0 0 0 0 0 0 0 0 0 0 0 0 0 0 0
0 0 0 0 0 0 0 0 0 0 0 0 0 0 0 0 0 0 0 0 0 0 0 0 0 0 0 0 0 0 0 0 0 0 0 0
0 0 0 0 0 0 0 0 0 0 0 0 0 0 0 0 0 0 0 0 0 0 0 0 0 0 0 0 0 0 0 0 0 0 0 0
0 0 0 0 0 0 0 0 0 0 0 0 0 0 0 0 0 0 0 0 0
##$SHL_SFCOEFFS15= (0..200)
0 0 0 0 0 0 0 0 0 0 0 0 0 0 0 0 0 0 0 0 0 0 0 0 0 0 0 0 0 0 0 0 0 0 0 0
0 0 0 0 0 0 0 0 0 0 0 0 0 0 0 0 0 0 0 0 0 0 0 0 0 0 0 0 0 0 0 0 0 0 0 0
0 0 0 0 0 0 0 0 0 0 0 0 0 0 0 0 0 0 0 0 0 0 0 0 0 0 0 0 0 0 0 0 0 0 0 0
0 0 0 0 0 0 0 0 0 0 0 0 0 0 0 0 0 0 0 0 0 0 0 0 0 0 0 0 0 0 0 0 0 0 0 0
0 0 0 0 0 0 0 0 0 0 0 0 0 0 0 0 0 0 0 0 0 0 0 0 0 0 0 0 0 0 0 0 0 0 0 0
0 0 0 0 0 0 0 0 0 0 0 0 0 0 0 0 0 0 0 0 0
##$SHL_SFCOEFFS2= (0..200)
0 0 0 0 0 0 0 0 0 0 0 0 0 0 0 0 0 0 0 0 0 0 0 0 0 0 0 0 0 0 0 0 0 0 0 0
0 0 0 0 0 0 0 0 0 0 0 0 0 0 0 0 0 0 0 0 0 0 0 0 0 0 0 0 0 0 0 0 0 0 0 0
0 0 0 0 0 0 0 0 0 0 0 0 0 0 0 0 0 0 0 0 0 0 0 0 0 0 0 0 0 0 0 0 0 0 0 0
0 0 0 0 0 0 0 0 0 0 0 0 0 0 0 0 0 0 0 0 0 0 0 0 0 0 0 0 0 0 0 0 0 0 0 0
0 0 0 0 0 0 0 0 0 0 0 0 0 0 0 0 0 0 0 0 0 0 0 0 0 0 0 0 0 0 0 0 0 0 0 0
0 0 0 0 0 0 0 0 0 0 0 0 0 0 0 0 0 0 0 0 0
##$SHL_SFCOEFFS3= (0..200)
0 0 0 0 0 0 0 0 0 0 0 0 0 0 0 0 0 0 0 0 0 0 0 0 0 0 0 0 0 0 0 0 0 0 0 0
0 0 0 0 0 0 0 0 0 0 0 0 0 0 0 0 0 0 0 0 0 0 0 0 0 0 0 0 0 0 0 0 0 0 0 0
0 0 0 0 0 0 0 0 0 0 0 0 0 0 0 0 0 0 0 0 0 0 0 0 0 0 0 0 0 0 0 0 0 0 0 0
0 0 0 0 0 0 0 0 0 0 0 0 0 0 0 0 0 0 0 0 0 0 0 0 0 0 0 0 0 0 0 0 0 0 0 0
0 0 0 0 0 0 0 0 0 0 0 0 0 0 0 0 0 0 0 0 0 0 0 0 0 0 0 0 0 0 0 0 0 0 0 0
0 0 0 0 0 0 0 0 0 0 0 0 0 0 0 0 0 0 0 0 0
##$SHL_SFCOEFFS4= (0..200)
0 0 0 0 0 0 0 0 0 0 0 0 0 0 0 0 0 0 0 0 0 0 0 0 0 0 0 0 0 0 0 0 0 0 0 0
0 0 0 0 0 0 0 0 0 0 0 0 0 0 0 0 0 0 0 0 0 0 0 0 0 0 0 0 0 0 0 0 0 0 0 0
0 0 0 0 0 0 0 0 0 0 0 0 0 0 0 0 0 0 0 0 0 0 0 0 0 0 0 0 0 0 0 0 0 0 0 0
0 0 0 0 0 0 0 0 0 0 0 0 0 0 0 0 0 0 0 0 0 0 0 0 0 0 0 0 0 0 0 0 0 0 0 0
0 0 0 0 0 0 0 0 0 0 0 0 0 0 0 0 0 0 0 0 0 0 0 0 0 0 0 0 0 0 0 0 0 0 0 0
0 0 0 0 0 0 0 0 0 0 0 0 0 0 0 0 0 0 0 0 0
##$SHL_SFCOEFFS5= (0..200)
0 0 0 0 0 0 0 0 0 0 0 0 0 0 0 0 0 0 0 0 0 0 0 0 0 0 0 0 0 0 0 0 0 0 0 0
0 0 0 0 0 0 0 0 0 0 0 0 0 0 0 0 0 0 0 0 0 0 0 0 0 0 0 0 0 0 0 0 0 0 0 0
0 0 0 0 0 0 0 0 0 0 0 0 0 0 0 0 0 0 0 0 0 0 0 0 0 0 0 0 0 0 0 0 0 0 0 0
0 0 0 0 0 0 0 0 0 0 0 0 0 0 0 0 0 0 0 0 0 0 0 0 0 0 0 0 0 0 0 0 0 0 0 0
0 0 0 0 0 0 0 0 0 0 0 0 0 0 0 0 0 0 0 0 0 0 0 0 0 0 0 0 0 0 0 0 0 0 0 0
0 0 0 0 0 0 0 0 0 0 0 0 0 0 0 0 0 0 0 0 0
##$SHL_SFCOEFFS6= (0..200)
0 0 0 0 0 0 0 0 0 0 0 0 0 0 0 0 0 0 0 0 0 0 0 0 0 0 0 0 0 0 0 0 0 0 0 0
0 0 0 0 0 0 0 0 0 0 0 0 0 0 0 0 0 0 0 0 0 0 0 0 0 0 0 0 0 0 0 0 0 0 0 0
0 0 0 0 0 0 0 0 0 0 0 0 0 0 0 0 0 0 0 0 0 0 0 0 0 0 0 0 0 0 0 0 0 0 0 0
0 0 0 0 0 0 0 0 0 0 0 0 0 0 0 0 0 0 0 0 0 0 0 0 0 0 0 0 0 0 0 0 0 0 0 0
0 0 0 0 0 0 0 0 0 0 0 0 0 0 0 0 0 0 0 0 0 0 0 0 0 0 0 0 0 0 0 0 0 0 0 0
0 0 0 0 0 0 0 0 0 0 0 0 0 0 0 0 0 0 0 0 0
##$SHL_SFCOEFFS7= (0..200)
0 0 0 0 0 0 0 0 0 0 0 0 0 0 0 0 0 0 0 0 0 0 0 0 0 0 0 0 0 0 0 0 0 0 0 0
0 0 0 0 0 0 0 0 0 0 0 0 0 0 0 0 0 0 0 0 0 0 0 0 0 0 0 0 0 0 0 0 0 0 0 0
0 0 0 0 0 0 0 0 0 0 0 0 0 0 0 0 0 0 0 0 0 0 0 0 0 0 0 0 0 0 0 0 0 0 0 0
0 0 0 0 0 0 0 0 0 0 0 0 0 0 0 0 0 0 0 0 0 0 0 0 0 0 0 0 0 0 0 0 0 0 0 0
0 0 0 0 0 0 0 0 0 0 0 0 0 0 0 0 0 0 0 0 0 0 0 0 0 0 0 0 0 0 0 0 0 0 0 0
0 0 0 0 0 0 0 0 0 0 0 0 0 0 0 0 0 0 0 0 0
##$SHL_SFCOEFFS8= (0..200)
0 0 0 0 0 0 0 0 0 0 0 0 0 0 0 0 0 0 0 0 0 0 0 0 0 0 0 0 0 0 0 0 0 0 0 0
0 0 0 0 0 0 0 0 0 0 0 0 0 0 0 0 0 0 0 0 0 0 0 0 0 0 0 0 0 0 0 0 0 0 0 0
0 0 0 0 0 0 0 0 0 0 0 0 0 0 0 0 0 0 0 0 0 0 0 0 0 0 0 0 0 0 0 0 0 0 0 0
0 0 0 0 0 0 0 0 0 0 0 0 0 0 0 0 0 0 0 0 0 0 0 0 0 0 0 0 0 0 0 0 0 0 0 0
0 0 0 0 0 0 0 0 0 0 0 0 0 0 0 0 0 0 0 0 0 0 0 0 0 0 0 0 0 0 0 0 0 0 0 0
0 0 0 0 0 0 0 0 0 0 0 0 0 0 0 0 0 0 0 0 0
##$SHL_SFCOEFFS9= (0..200)
0 0 0 0 0 0 0 0 0 0 0 0 0 0 0 0 0 0 0 0 0 0 0 0 0 0 0 0 0 0 0 0 0 0 0 0
0 0 0 0 0 0 0 0 0 0 0 0 0 0 0 0 0 0 0 0 0 0 0 0 0 0 0 0 0 0 0 0 0 0 0 0
0 0 0 0 0 0 0 0 0 0 0 0 0 0 0 0 0 0 0 0 0 0 0 0 0 0 0 0 0 0 0 0 0 0 0 0
0 0 0 0 0 0 0 0 0 0 0 0 0 0 0 0 0 0 0 0 0 0 0 0 0 0 0 0 0 0 0 0 0 0 0 0
0 0 0 0 0 0 0 0 0 0 0 0 0 0 0 0 0 0 0 0 0 0 0 0 0 0 0 0 0 0 0 0 0 0 0 0
0 0 0 0 0 0 0 0 0 0 0 0 0 0 0 0 0 0 0 0 0
##$SHL_SMOOTHED= (0..15)
0 0 0 0 0 0 0 0 0 0 0 0 0 0 0 0
##$SHL_SMOOTHING= (0..15)
0 0 0 0 0 0 0 0 0 0 0 0 0 0 0 0
##$SHL_SPOAL= (0..15)
0 0 0 0 0 0 0 0 0 0 0 0 0 0 0 0
##$SHL_SPOFFS= (0..15)
0 0 0 0 0 0 0 0 0 0 0 0 0 0 0 0
##$SHL_SPOPH= (0..15)
0 0 0 0 0 0 0 0 0 0 0 0 0 0 0 0
##$SHL_STARTAMP= (0..15)
0 0 0 0 0 0 0 0 0 0 0 0 0 0 0 0
##$SHL_SW= (0..15)
0 0 0 0 0 0 0 0 0 0 0 0 0 0 0 0
##$SHL_SWDIR= (0..15)
-1 -1 -1 -1 -1 -1 -1 -1 -1 -1 -1 -1 -1 -1 -1 -1
##$SHL_TANKAPPA= (0..15)
0 0 0 0 0 0 0 0 0 0 0 0 0 0 0 0
##$SHL_TOTROT= (0..15)
90 0 0 0 0 0 0 0 0 0 0 0 0 0 0 0
##$SHL_TRUNCLEV= (0..15)
0 0 0 0 0 0 0 0 0 0 0 0 0 0 0 0
##$SHL_TYPE= (0..15)
<Excitation> <> <> <> <> <> <> <> <> <> <> <> <> <> <> <>
##$SHL_WINDOWSIZE= (0..15)
0 0 0 0 0 0 0 0 0 0 0 0 0 0 0 0
##$SHL_ZETA= (0..15)
0 0 0 0 0 0 0 0 0 0 0 0 0 0 0 0
##NPOINTS= 1250
##XYPOINTS= (XY..XY)
32.702821, 105.122790
33.073964, 107.812989
33.469898, 110.447901
33.888613, 113.026743
34.328111, 115.549181
34.786420, 118.015279
35.261605, 120.425445
35.751777, 122.780387
36.255102, 125.081058
36.769805, 127.328620
37.294175, 129.524394
37.826567, 131.669832
38.365403, 133.766477
38.909174, 135.815942
39.456438, 137.819878
40.005821, 139.779961
40.556012, 141.697866
41.105765, 143.575261
41.653895, 145.413790
42.199278, 147.215064
42.740842, 148.980656
43.277575, 150.712096
43.808513, 152.410860
44.332742, 154.078378
44.849397, 155.716021
45.357657, 157.325110
45.856742, 158.906908
46.345915, 160.462625
46.824476, 161.993417
47.291764, 163.500386
47.747149, 164.984585
48.190039, 166.447015
48.619869, 167.888630
49.036109, 169.310338
49.438254, 170.713002
49.825829, 172.097442
50.198385, 173.464440
50.555498, 174.814735
50.896769, 176.149034
51.221821, 177.468004
51.530300, 178.772283
51.821875, 180.062474
52.096235, 181.339152
52.353089, 182.602862
52.592165, 183.854125
52.813212, 185.093433
53.015994, 186.321255
53.200295, 187.538038
53.365917, 188.744205
53.512677, 189.940162
53.640408, 191.126293
53.748961, 192.302963
53.838202, 193.470522
53.908010, 194.629302
53.958281, 195.779620
53.988925, 196.921777
53.999866, 198.056061
53.991042, 199.182747
53.962405, 200.302098
53.913918, 201.414362
53.845561, 202.519779
53.757323, 203.618577
53.649208, 204.710974
53.521232, 205.797179
53.373421, 206.877390
53.205817, 207.951798
53.018469, 209.020586
52.811442, 210.083927
52.584808, 211.141988
52.338654, 212.194930
52.073074, 213.242906
51.788177, 214.286062
51.484079, 215.324540
51.160908, 216.358473
50.818803, 217.387992
50.457910, 218.413219
50.078387, 219.434276
49.680402, 220.451274
49.264132, 221.464326
48.829762, 222.473535
48.377488, 223.479003
47.907514, 224.480827
47.420053, 225.479101
46.915326, 226.473915
46.393562, 227.465355
45.855001, 228.453504
45.299888, 229.438443
44.728477, 230.420249
44.141029, 231.398995
43.537815, 232.374753
42.919110, 233.347593
42.285198, 234.317580
41.636370, 235.284779
40.972924, 236.249252
40.295162, 237.211057
39.603396, 238.170253
38.897943, 239.126896
38.179124, 240.081038
37.447269, 241.032733
36.702712, 241.982031
35.945792, 242.928980
35.176855, 243.873628
34.396250, 244.816021
33.604332, 245.756204
32.801462, 246.694221
31.988002, 247.630115
31.164322, 248.563927
30.330793, 249.495698
29.487793, 250.425470
28.635701, 251.353282
27.774901, 252.279173
26.905779, 253.203185
26.028726, 254.125357
25.144135, 255.045730
24.252401, 255.964345
23.353922, 256.881245
22.449098, 257.796476
21.538332, 258.710085
20.622029, 259.622122
19.700592, 260.532643
18.774432, 261.441710
17.843955, 262.349391
16.909571, 263.255766
15.971692, 264.160929
15.030728, 265.064990
14.087091, 265.968084
13.141193, 266.870382
12.193446, 267.772099
11.244261, 268.673520
10.294050, 269.575026
9.343224, 270.477148
8.392192, 271.380651
7.441365, 272.286680
6.491151, 273.197039
5.541956, 274.114750
4.594186, 275.045307
3.648248, 275.999846
2.704547, 277.004952
1.763500, 278.143658
0.825596, 279.874997
0.111823, 87.164741
1.040500, 98.732471
1.967033, 100.204599
2.889060, 101.289068
3.806144, 102.267211
4.717892, 103.200474
5.623925, 104.110123
6.523870, 105.005477
7.417358, 105.891258
8.304026, 106.770120
9.183514, 107.643665
10.055467, 108.512918
10.919535, 109.378564
11.775374, 110.241078
12.622642, 111.100800
13.461005, 111.957977
14.290132, 112.812794
15.109700, 113.665392
15.919390, 114.515877
16.718888, 115.364333
17.507888, 116.210823
18.286087, 117.055398
19.053192, 117.898098
19.808912, 118.738952
20.552966, 119.577984
21.285078, 120.415211
22.004978, 121.250646
22.712403, 122.084296
23.407099, 122.916166
24.088816, 123.746257
24.757313, 124.574570
25.412355, 125.401099
26.053715, 126.225840
26.681174, 127.048786
27.294519, 127.869926
27.893546, 128.689250
28.478057, 129.506745
29.047864, 130.322398
29.602784, 131.136192
30.142645, 131.948112
30.667280, 132.758139
31.176533, 133.566253
31.670254, 134.372434
32.148301, 135.176661
32.610541, 135.978909
33.056850, 136.779155
33.487110, 137.577373
33.901215, 138.373535
34.299063, 139.167614
34.680564, 139.959580
35.045635, 140.749402
35.394200, 141.537048
35.726194, 142.322484
36.041560, 143.105675
36.340247, 143.886584
36.622217, 144.665174
36.887436, 145.441406
37.135882, 146.215237
37.367538, 146.986625
37.582400, 147.755526
37.780468, 148.521893
37.961754, 149.285678
38.126275, 150.046832
38.274060, 150.805302
38.405145, 151.561034
38.519573, 152.313973
38.617396, 153.064061
38.698676, 153.811236
38.763481, 154.555435
38.811889, 155.296595
38.843984, 156.034645
38.859861, 156.769517
38.859620, 157.501135
38.843370, 158.229424
38.811228, 158.954305
38.763321, 159.675694
38.699779, 160.393505
38.620744, 161.107648
38.526363, 161.818030
38.416791, 162.524553
38.292192, 163.227117
38.152734, 163.925614
37.998595, 164.619934
37.829960, 165.309963
37.647019, 165.995578
37.449971, 166.676656
37.239020, 167.353064
37.014378, 168.024665
36.776262, 168.691315
36.524898, 169.352864
36.260515, 170.009154
35.983351, 170.660021
35.693648, 171.305290
35.391657, 171.944781
35.077630, 172.578303
34.751828, 173.205656
34.414519, 173.826629
34.065971, 174.441002
33.706463, 175.048541
33.336277, 175.649002
32.955697, 176.242125
32.565018, 176.827639
32.164534, 177.405255
31.754547, 177.974668
31.335363, 178.535558
30.907291, 179.087583
30.470646, 179.630383
30.025746, 180.163574
29.572914, 180.686751
29.112475, 181.199481
28.644761, 181.701304
28.170104, 182.191732
27.688843, 182.670242
27.201319, 183.136277
26.707876, 183.589242
26.208862, 184.028499
25.704629, 184.453366
25.195532, 184.863108
24.681929, 185.256940
24.164183, 185.634014
23.642657, 185.993416
23.117722, 186.334162
22.589750, 186.655186
22.059118, 186.955335
21.526206, 187.233359
20.991399, 187.487899
20.455087, 187.717477
19.917666, 187.920484
19.379536, 188.095157
18.841103, 188.239574
18.302784, 188.351624
17.764998, 188.428990
17.228179, 188.469122
16.692768, 188.469208
16.159217, 188.426143
15.627996, 188.336489
15.099585, 188.196434
14.574489, 188.001743
14.053228, 187.747702
13.536352, 187.429054
13.024437, 187.039933
12.518095, 186.573777
12.017978, 186.023248
11.524784, 185.380126
11.039266, 184.635211
10.562244, 183.778212
10.094612, 182.797635
9.637353, 181.680686
9.191555, 180.413186
8.758423, 178.979537
8.339301, 177.362755
7.935688, 175.544620
7.549254, 173.505998
7.181860, 171.227418
6.835557, 168.689993
6.512591, 165.876774
6.215375, 162.774631
5.946442, 159.376643
5.708360, 155.684901
5.503614, 151.713390
5.334439, 147.490381
5.202628, 143.059585
5.109346, 138.479319
5.054962, 133.819247
5.038955, 129.154942
5.059912, 124.561187
5.115627, 120.105454
5.203268, 115.842901
5.319595, 111.813674
5.461178, 108.042589
5.624583, 104.540629
5.806523, 101.307522
6.003945, 98.334638
6.214095, 95.607724
6.434528, 93.109183
6.663113, 90.819831
6.898013, 88.720150
7.137663, 86.791119
7.380737, 85.014728
7.626126, 83.374262
7.872910, 81.854415
8.120333, 80.441316
8.367784, 79.122475
8.614778, 77.886702
8.860940, 76.724010
9.105990, 75.625501
9.349737, 74.583270
9.592063, 73.590297
9.832917, 72.640362
10.072308, 71.727958
10.310301, 70.848222
10.547005, 69.996865
10.782577, 69.170117
11.017210, 68.364676
11.251133, 67.577666
11.484609, 66.806596
11.717926, 66.049327
11.951401, 65.304043
12.185371, 64.569223
12.420195, 63.843621
12.656246, 63.126239
12.893915, 62.416314
13.133601, 61.713295
13.375714, 61.016830
13.620670, 60.326747
13.868889, 59.643041
14.120791, 58.965860
14.376795, 58.295489
14.637316, 57.632334
14.902762, 56.976913
15.173534, 56.329838
15.450020, 55.691804
15.732596, 55.063572
16.021621, 54.445962
16.317438, 53.839832
16.620372, 53.246073
16.930724, 52.665592
17.248778, 52.099304
17.574790, 51.548120
17.908994, 51.012934
18.251600, 50.494622
18.602791, 49.994025
18.962724, 49.511946
19.331530, 49.049145
19.709313, 48.606331
20.096151, 48.184160
20.492096, 47.783230
20.897173, 47.404080
21.311385, 47.047186
21.734706, 46.712965
22.167089, 46.401770
22.608462, 46.113895
23.058732, 45.849572
23.517783, 45.608976
23.985479, 45.392228
24.461665, 45.199395
24.946166, 45.030491
25.438791, 44.885488
25.939330, 44.764310
26.447559, 44.666842
26.963237, 44.592932
27.486112, 44.542395
28.015917, 44.515014
28.552372, 44.510544
29.095188, 44.528719
29.644064, 44.569248
30.198689, 44.631824
30.758743, 44.716124
31.323900, 44.821811
31.893823, 44.948539
32.468170, 45.095951
33.046592, 45.263686
33.628734, 45.451376
34.214237, 45.658652
34.802737, 45.885143
35.393864, 46.130478
35.987247, 46.394286
36.582509, 46.676202
37.179272, 46.975859
37.777156, 47.292900
38.375778, 47.626970
38.974753, 47.977721
39.573696, 48.344810
40.172220, 48.727904
40.769939, 49.126673
41.366464, 49.540799
41.961410, 49.969971
42.554388, 50.413884
43.145014, 50.872246
43.732902, 51.344770
44.317668, 51.831180
44.898930, 52.331207
45.476307, 52.844595
46.049422, 53.371092
46.617897, 53.910460
47.181360, 54.462466
47.739440, 55.026890
48.291768, 55.603517
48.837981, 56.192145
49.377718, 56.792577
49.910622, 57.404629
50.436340, 58.028123
50.954523, 58.662890
51.464826, 59.308771
51.966911, 59.965615
52.460442, 60.633278
52.945090, 61.311628
53.420531, 62.000537
53.886446, 62.699889
54.342523, 63.409574
54.788454, 64.129490
55.223940, 64.859546
55.648686, 65.599655
56.062406, 66.349740
56.464819, 67.109733
56.855652, 67.879573
57.234640, 68.659205
57.601523, 69.448586
57.956054, 70.247676
58.297988, 71.056446
58.627093, 71.874876
58.943142, 72.702950
59.245921, 73.540662
59.535221, 74.388015
59.810843, 75.245019
60.072600, 76.111692
60.320313, 76.988059
60.553812, 77.874155
60.772938, 78.770023
60.977544, 79.675714
61.167492, 80.591287
61.342655, 81.516811
61.502918, 82.452362
61.648177, 83.398026
61.778340, 84.353898
61.893328, 85.320082
61.993073, 86.296692
62.077519, 87.283851
62.146627, 88.281691
62.200366, 89.290356
62.238721, 90.309998
62.261693, 91.340782
62.269293, 92.382881
62.261551, 93.436481
62.238508, 94.501777
62.200223, 95.578979
62.146769, 96.668305
62.078238, 97.769988
61.994734, 98.884272
61.896383, 100.011413
61.783323, 101.151680
61.655715, 102.305357
61.513734, 103.472740
61.357578, 104.654139
61.187459, 105.849877
61.003615, 107.060293
60.806299, 108.285740
60.595787, 109.526585
60.372378, 110.783210
60.136390, 112.056012
59.888166, 113.345403
59.628071, 114.651810
59.356495, 115.975675
59.073853, 117.317455
58.780583, 118.677621
58.477151, 120.056658
58.164049, 121.455065
57.841797, 122.873355
57.510942, 124.312053
57.172060, 125.771693
56.825759, 127.252822
56.472672, 128.755994
56.113469, 130.281771
55.748846, 131.830720
55.379535, 133.403410
55.006298, 135.000410
54.629931, 136.622287
54.251263, 138.269601
53.871156, 139.942902
53.490508, 141.642725
53.110246, 143.369588
52.731336, 145.123980
52.354771, 146.906362
51.981581, 148.717159
51.612824, 150.556751
51.249589, 152.425464
50.892995, 154.323570
50.544184, 156.251269
50.204323, 158.208688
49.874603, 160.195865
49.556230, 162.212747
49.250424, 164.259177
48.958416, 166.334884
48.681443, 168.439477
48.420740, 170.572436
48.177538, 172.733104
47.953054, 174.920682
47.748488, 177.134223
47.565015, 179.372630
47.403775, 181.634651
47.265869, 183.918884
47.152350, 186.223779
47.064215, 188.547637
47.002397, 190.888627
46.967760, 193.244789
46.961090, 195.614049
46.983089, 197.994233
47.034372, 200.383084
47.115456, 202.778281
47.226763, 205.177459
47.368613, 207.578229
47.541221, 209.978202
47.744701, 212.375005
47.979060, 214.766310
48.244203, 217.149847
48.539934, 219.523428
48.865962, 221.884962
49.221897, 224.232468
49.607266, 226.564093
50.021508, 228.878119
50.463986, 231.172972
50.933992, 233.447227
51.430753, 235.699611
51.953436, 237.929006
52.501159, 240.134446
53.072993, 242.315113
53.667972, 244.470336
54.285096, 246.599580
54.923340, 248.702444
55.581656, 250.778650
56.258984, 252.828035
56.954249, 254.850543
57.666372, 256.846215
58.394270, 258.815179
59.136862, 260.757645
59.893072, 262.673889
60.661827, 264.564255
61.442068, 266.429135
62.232744, 268.268971
63.032820, 270.084245
63.841274, 271.875469
64.657099, 273.643185
65.479309, 275.387956
66.306932, 277.110361
67.139016, 278.810991
67.974628, 280.490447
68.812855, 282.149334
69.652802, 283.788259
70.493596, 285.407827
71.334381, 287.008641
72.174325, 288.591299
73.012610, 290.156393
73.848443, 291.704503
74.681047, 293.236203
75.509664, 294.752055
76.333558, 296.252611
77.152009, 297.738408
77.964317, 299.209975
78.769797, 300.667825
79.567786, 302.112458
80.357636, 303.544364
81.138717, 304.964016
81.910416, 306.371876
82.672137, 307.768394
83.423300, 309.154004
84.163342, 310.529132
84.891716, 311.894187
85.607889, 313.249569
86.311346, 314.595664
87.001586, 315.932850
87.678123, 317.261491
88.340488, 318.581940
88.988224, 319.894541
89.620891, 321.199628
90.238061, 322.497524
90.839324, 323.788545
91.424280, 325.072996
91.992546, 326.351174
92.543753, 327.623368
93.077545, 328.889860
93.593578, 330.150922
94.091526, 331.406823
94.571073, 332.657820
95.031918, 333.904169
95.473774, 335.146115
95.896365, 336.383901
96.299431, 337.617763
96.682725, 338.847931
97.046012, 340.074632
97.389071, 341.298087
97.711693, 342.518514
98.013684, 343.736126
98.294863, 344.951132
98.555060, 346.163739
98.794120, 347.374150
99.011901, 348.582566
99.208272, 349.789183
99.383118, 350.994199
99.536334, 352.197805
99.667831, 353.400194
99.777530, 354.601555
99.865366, 355.802078
99.931289, 357.001949
99.975259, 358.201355
99.997251, 359.400483
99.997251, 0.599517
99.975259, 1.798645
99.931289, 2.998051
99.865366, 4.197922
99.777530, 5.398445
99.667831, 6.599806
99.536334, 7.802195
99.383118, 9.005801
99.208272, 10.210817
99.011901, 11.417434
98.794120, 12.625850
98.555060, 13.836261
98.294863, 15.048868
98.013684, 16.263874
97.711693, 17.481486
97.389071, 18.701913
97.046012, 19.925368
96.682725, 21.152069
96.299431, 22.382237
95.896365, 23.616099
95.473774, 24.853885
95.031918, 26.095831
94.571073, 27.342180
94.091526, 28.593177
93.593578, 29.849078
93.077545, 31.110140
92.543753, 32.376632
91.992546, 33.648826
91.424280, 34.927004
90.839324, 36.211455
90.238061, 37.502476
89.620891, 38.800372
88.988224, 40.105459
88.340488, 41.418060
87.678123, 42.738509
87.001586, 44.067150
86.311346, 45.404336
85.607889, 46.750431
84.891716, 48.105813
84.163342, 49.470868
83.423300, 50.845996
82.672137, 52.231606
81.910416, 53.628124
81.138717, 55.035984
80.357636, 56.455636
79.567786, 57.887542
78.769797, 59.332175
77.964317, 60.790025
77.152009, 62.261592
76.333558, 63.747389
75.509664, 65.247945
74.681047, 66.763797
73.848443, 68.295497
73.012610, 69.843607
72.174325, 71.408701
71.334381, 72.991359
70.493596, 74.592173
69.652802, 76.211741
68.812855, 77.850666
67.974628, 79.509553
67.139016, 81.189009
66.306932, 82.889639
65.479309, 84.612044
64.657099, 86.356815
63.841274, 88.124531
63.032820, 89.915755
62.232744, 91.731029
61.442068, 93.570865
60.661827, 95.435745
59.893072, 97.326111
59.136862, 99.242355
58.394270, 101.184821
57.666372, 103.153785
56.954249, 105.149457
56.258984, 107.171965
55.581656, 109.221350
54.923340, 111.297556
54.285096, 113.400420
53.667972, 115.529664
53.072993, 117.684887
52.501159, 119.865554
51.953436, 122.070994
51.430753, 124.300389
50.933992, 126.552773
50.463986, 128.827028
50.021508, 131.121881
49.607266, 133.435907
49.221897, 135.767532
48.865962, 138.115038
48.539934, 140.476572
48.244203, 142.850153
47.979060, 145.233690
47.744701, 147.624995
47.541221, 150.021798
47.368613, 152.421771
47.226763, 154.822541
47.115456, 157.221719
47.034372, 159.616916
46.983089, 162.005767
46.961090, 164.385951
46.967760, 166.755211
47.002397, 169.111373
47.064215, 171.452363
47.152350, 173.776221
47.265869, 176.081116
47.403775, 178.365349
47.565015, 180.627370
47.748488, 182.865777
47.953054, 185.079318
48.177538, 187.266896
48.420740, 189.427564
48.681443, 191.560523
48.958416, 193.665116
49.250424, 195.740823
49.556230, 197.787253
49.874603, 199.804135
50.204323, 201.791312
50.544184, 203.748731
50.892995, 205.676430
51.249589, 207.574536
51.612824, 209.443249
51.981581, 211.282841
52.354771, 213.093638
52.731336, 214.876020
53.110246, 216.630412
53.490508, 218.357275
53.871156, 220.057098
54.251263, 221.730399
54.629931, 223.377713
55.006298, 224.999590
55.379535, 226.596590
55.748846, 228.169280
56.113469, 229.718229
56.472672, 231.244006
56.825759, 232.747178
57.172060, 234.228307
57.510942, 235.687947
57.841797, 237.126645
58.164049, 238.544935
58.477151, 239.943342
58.780583, 241.322379
59.073853, 242.682545
59.356495, 244.024325
59.628071, 245.348190
59.888166, 246.654597
60.136390, 247.943988
60.372378, 249.216790
60.595787, 250.473415
60.806299, 251.714260
61.003615, 252.939707
61.187459, 254.150123
61.357578, 255.345861
61.513734, 256.527260
61.655715, 257.694643
61.783323, 258.848320
61.896383, 259.988587
61.994734, 261.115728
62.078238, 262.230012
62.146769, 263.331695
62.200223, 264.421021
62.238508, 265.498223
62.261551, 266.563519
62.269293, 267.617119
62.261693, 268.659218
62.238721, 269.690002
62.200366, 270.709644
62.146627, 271.718309
62.077519, 272.716149
61.993073, 273.703308
61.893328, 274.679918
61.778340, 275.646102
61.648177, 276.601974
61.502918, 277.547638
61.342655, 278.483189
61.167492, 279.408713
60.977544, 280.324286
60.772938, 281.229977
60.553812, 282.125845
60.320313, 283.011941
60.072600, 283.888308
59.810843, 284.754981
59.535221, 285.611985
59.245921, 286.459338
58.943142, 287.297050
58.627093, 288.125124
58.297988, 288.943554
57.956054, 289.752324
57.601523, 290.551414
57.234640, 291.340795
56.855652, 292.120427
56.464819, 292.890267
56.062406, 293.650260
55.648686, 294.400345
55.223940, 295.140454
54.788454, 295.870510
54.342523, 296.590426
53.886446, 297.300111
53.420531, 297.999463
52.945090, 298.688372
52.460442, 299.366722
51.966911, 300.034385
51.464826, 300.691229
50.954523, 301.337110
50.436340, 301.971877
49.910622, 302.595371
49.377718, 303.207423
48.837981, 303.807855
48.291768, 304.396483
47.739440, 304.973110
47.181360, 305.537534
46.617897, 306.089540
46.049422, 306.628908
45.476307, 307.155405
44.898930, 307.668793
44.317668, 308.168820
43.732902, 308.655230
43.145014, 309.127754
42.554388, 309.586116
41.961410, 310.030029
41.366464, 310.459201
40.769939, 310.873327
40.172220, 311.272096
39.573696, 311.655190
38.974753, 312.022279
38.375778, 312.373030
37.777156, 312.707100
37.179272, 313.024141
36.582509, 313.323798
35.987247, 313.605714
35.393864, 313.869522
34.802737, 314.114857
34.214237, 314.341348
33.628734, 314.548624
33.046592, 314.736314
32.468170, 314.904049
31.893823, 315.051461
31.323900, 315.178189
30.758743, 315.283876
30.198689, 315.368176
29.644064, 315.430752
29.095188, 315.471281
28.552372, 315.489456
28.015917, 315.484986
27.486112, 315.457605
26.963237, 315.407068
26.447559, 315.333158
25.939330, 315.235690
25.438791, 315.114512
24.946166, 314.969509
24.461665, 314.800605
23.985479, 314.607772
23.517783, 314.391024
23.058732, 314.150428
22.608462, 313.886105
22.167089, 313.598230
21.734706, 313.287035
21.311385, 312.952814
20.897173, 312.595920
20.492096, 312.216770
20.096151, 311.815840
19.709313, 311.393669
19.331530, 310.950855
18.962724, 310.488054
18.602791, 310.005975
18.251600, 309.505378
17.908994, 308.987066
17.574790, 308.451880
17.248778, 307.900696
16.930724, 307.334408
16.620372, 306.753927
16.317438, 306.160168
16.021621, 305.554038
15.732596, 304.936428
15.450020, 304.308196
15.173534, 303.670162
14.902762, 303.023087
14.637316, 302.367666
14.376795, 301.704511
14.120791, 301.034140
13.868889, 300.356959
13.620670, 299.673253
13.375714, 298.983170
13.133601, 298.286705
12.893915, 297.583686
12.656246, 296.873761
12.420195, 296.156379
12.185371, 295.430777
11.951401, 294.695957
11.717926, 293.950673
11.484609, 293.193404
11.251133, 292.422334
11.017210, 291.635324
10.782577, 290.829883
10.547005, 290.003135
10.310301, 289.151778
10.072308, 288.272042
9.832917, 287.359638
9.592063, 286.409703
9.349737, 285.416730
9.105990, 284.374499
8.860940, 283.275990
8.614778, 282.113298
8.367784, 280.877525
8.120333, 279.558684
7.872910, 278.145585
7.626126, 276.625738
7.380737, 274.985272
7.137663, 273.208881
6.898013, 271.279850
6.663113, 269.180169
6.434528, 266.890817
6.214095, 264.392276
6.003945, 261.665362
5.806523, 258.692478
5.624583, 255.459371
5.461178, 251.957411
5.319595, 248.186326
5.203268, 244.157099
5.115627, 239.894546
5.059912, 235.438813
5.038955, 230.845058
5.054962, 226.180753
5.109346, 221.520681
5.202628, 216.940415
5.334439, 212.509619
5.503614, 208.286610
5.708360, 204.315099
5.946442, 200.623357
6.215375, 197.225369
6.512591, 194.123226
6.835557, 191.310007
7.181860, 188.772582
7.549254, 186.494002
7.935688, 184.455380
8.339301, 182.637245
8.758423, 181.020463
9.191555, 179.586814
9.637353, 178.319314
10.094612, 177.202365
10.562244, 176.221788
11.039266, 175.364789
11.524784, 174.619874
12.017978, 173.976752
12.518095, 173.426223
13.024437, 172.960067
13.536352, 172.570946
14.053228, 172.252298
14.574489, 171.998257
15.099585, 171.803566
15.627996, 171.663511
16.159217, 171.573857
16.692768, 171.530792
17.228179, 171.530878
17.764998, 171.571010
18.302784, 171.648376
18.841103, 171.760426
19.379536, 171.904843
19.917666, 172.079516
20.455087, 172.282523
20.991399, 172.512101
21.526206, 172.766641
22.059118, 173.044665
22.589750, 173.344814
23.117722, 173.665838
23.642657, 174.006584
24.164183, 174.365986
24.681929, 174.743060
25.195532, 175.136892
25.704629, 175.546634
26.208862, 175.971501
26.707876, 176.410758
27.201319, 176.863723
27.688843, 177.329758
28.170104, 177.808268
28.644761, 178.298696
29.112475, 178.800519
29.572914, 179.313249
30.025746, 179.836426
30.470646, 180.369617
30.907291, 180.912417
31.335363, 181.464442
31.754547, 182.025332
32.164534, 182.594745
32.565018, 183.172361
32.955697, 183.757875
33.336277, 184.350998
33.706463, 184.951459
34.065971, 185.558998
34.414519, 186.173371
34.751828, 186.794344
35.077630, 187.421697
35.391657, 188.055219
35.693648, 188.694710
35.983351, 189.339979
36.260515, 189.990846
36.524898, 190.647136
36.776262, 191.308685
37.014378, 191.975335
37.239020, 192.646936
37.449971, 193.323344
37.647019, 194.004422
37.829960, 194.690037
37.998595, 195.380066
38.152734, 196.074386
38.292192, 196.772883
38.416791, 197.475447
38.526363, 198.181970
38.620744, 198.892352
38.699779, 199.606495
38.763321, 200.324306
38.811228, 201.045695
38.843370, 201.770576
38.859620, 202.498865
38.859861, 203.230483
38.843984, 203.965355
38.811889, 204.703405
38.763481, 205.444565
38.698676, 206.188764
38.617396, 206.935939
38.519573, 207.686027
38.405145, 208.438966
38.274060, 209.194698
38.126275, 209.953168
37.961754, 210.714322
37.780468, 211.478107
37.582400, 212.244474
37.367538, 213.013375
37.135882, 213.784763
36.887436, 214.558594
36.622217, 215.334826
36.340247, 216.113416
36.041560, 216.894325
35.726194, 217.677516
35.394200, 218.462952
35.045635, 219.250598
34.680564, 220.040420
34.299063, 220.832386
33.901215, 221.626465
33.487110, 222.422627
33.056850, 223.220845
32.610541, 224.021091
32.148301, 224.823339
31.670254, 225.627566
31.176533, 226.433747
30.667280, 227.241861
30.142645, 228.051888
29.602784, 228.863808
29.047864, 229.677602
28.478057, 230.493255
27.893546, 231.310750
27.294519, 232.130074
26.681174, 232.951214
26.053715, 233.774160
25.412355, 234.598901
24.757313, 235.425430
24.088816, 236.253743
23.407099, 237.083834
22.712403, 237.915704
22.004978, 238.749354
21.285078, 239.584789
20.552966, 240.422016
19.808912, 241.261048
19.053192, 242.101902
18.286087, 242.944602
17.507888, 243.789177
16.718888, 244.635667
15.919390, 245.484123
15.109700, 246.334608
14.290132, 247.187206
13.461005, 248.042023
12.622642, 248.899200
11.775374, 249.758922
10.919535, 250.621436
10.055467, 251.487082
9.183514, 252.356335
8.304026, 253.229880
7.417358, 254.108742
6.523870, 254.994523
5.623925, 255.889877
4.717892, 256.799526
3.806144, 257.732789
2.889060, 258.710932
1.967033, 259.795401
1.040500, 261.267529
0.111823, 272.835259
0.825596, 80.125003
1.763500, 81.856342
2.704547, 82.995048
3.648248, 84.000154
4.594186, 84.954693
5.541956, 85.885250
6.491151, 86.802961
7.441365, 87.713320
8.392192, 88.619349
9.343224, 89.522852
10.294050, 90.424974
11.244261, 91.326480
12.193446, 92.227901
13.141193, 93.129618
14.087091, 94.031916
15.030728, 94.935010
15.971692, 95.839071
16.909571, 96.744234
17.843955, 97.650609
18.774432, 98.558290
19.700592, 99.467357
20.622029, 100.377878
21.538332, 101.289915
22.449098, 102.203524
23.353922, 103.118755
24.252401, 104.035655
25.144135, 104.954270
26.028726, 105.874643
26.905779, 106.796815
27.774901, 107.720827
28.635701, 108.646718
29.487793, 109.574530
30.330793, 110.504302
31.164322, 111.436073
31.988002, 112.369885
32.801462, 113.305779
33.604332, 114.243796
34.396250, 115.183979
35.176855, 116.126372
35.945792, 117.071020
36.702712, 118.017969
37.447269, 118.967267
38.179124, 119.918962
38.897943, 120.873104
39.603396, 121.829747
40.295162, 122.788943
40.972924, 123.750748
41.636370, 124.715221
42.285198, 125.682420
42.919110, 126.652407
43.537815, 127.625247
44.141029, 128.601005
44.728477, 129.579751
45.299888, 130.561557
45.855001, 131.546496
46.393562, 132.534645
46.915326, 133.526085
47.420053, 134.520899
47.907514, 135.519173
48.377488, 136.520997
48.829762, 137.526465
49.264132, 138.535674
49.680402, 139.548726
50.078387, 140.565724
50.457910, 141.586781
50.818803, 142.612008
51.160908, 143.641527
51.484079, 144.675460
51.788177, 145.713938
52.073074, 146.757094
52.338654, 147.805070
52.584808, 148.858012
52.811442, 149.916073
53.018469, 150.979414
53.205817, 152.048202
53.373421, 153.122610
53.521232, 154.202821
53.649208, 155.289026
53.757323, 156.381423
53.845561, 157.480221
53.913918, 158.585638
53.962405, 159.697902
53.991042, 160.817253
53.999866, 161.943939
53.988925, 163.078223
53.958281, 164.220380
53.908010, 165.370698
53.838202, 166.529478
53.748961, 167.697037
53.640408, 168.873707
53.512677, 170.059838
53.365917, 171.255795
53.200295, 172.461962
53.015994, 173.678745
52.813212, 174.906567
52.592165, 176.145875
52.353089, 177.397138
52.096235, 178.660848
51.821875, 179.937526
51.530300, 181.227717
51.221821, 182.531996
50.896769, 183.850966
50.555498, 185.185265
50.198385, 186.535560
49.825829, 187.902558
49.438254, 189.286998
49.036109, 190.689662
48.619869, 192.111370
48.190039, 193.552985
47.747149, 195.015415
47.291764, 196.499614
46.824476, 198.006583
46.345915, 199.537375
45.856742, 201.093092
45.357657, 202.674890
44.849397, 204.283979
44.332742, 205.921622
43.808513, 207.589140
43.277575, 209.287904
42.740842, 211.019344
42.199278, 212.784936
41.653895, 214.586210
41.105765, 216.424739
40.556012, 218.302134
40.005821, 220.220039
39.456438, 222.180122
38.909174, 224.184058
38.365403, 226.233523
37.826567, 228.330168
37.294175, 230.475606
36.769805, 232.671380
36.255102, 234.918942
35.751777, 237.219613
35.261605, 239.574555
34.786420, 241.984721
34.328111, 244.450819
33.888613, 246.973257
33.469898, 249.552099
33.073964, 252.187011
32.702821, 254.877210
##END=
