##TITLE= Parameter file, TopSpin 4.3.0
##JCAMPDX= 5.0
##DATATYPE= Parameter Values
##ORIGIN= Bruker BioSpin GmbH
##OWNER= nmrsu
$$ 2024-05-28 12:47:45.871 +0100  nmrsu@4CE1161FJM
$$ C:/Bruker/TopSpin4.3.0/exp/stan/nmr/lists/wave/user/multisupp_aux_d8
$$ process C:\Bruker\TopSpin4.3.0\prog\mod\xwinshape.exe
##MINX= 12.60251700
##MAXX= 99.99953100
##MINY= 0.34858200
##MAXY= 359.65141800
##$SHAPE_ADDPHASE= 0
##$SHAPE_AMP= 99.99953129
##$SHAPE_BWFAC= 0
##$SHAPE_BWFAC50= 0
##$SHAPE_CALCBW= yes
##$SHAPE_CALCINTEG= yes
##$SHAPE_EXMODE= <Excitation>
##$SHAPE_EXPAND= <>
##$SHAPE_EXPANDCF= (0..143)
0 0 0 0 0 0 0 0 0 0 0 0 0 0 0 0 0 0 0 0 0 0 0 0 0 0 0 0 0 0 0 0 0 0 0 0
0 0 0 0 0 0 0 0 0 0 0 0 0 0 0 0 0 0 0 0 0 0 0 0 0 0 0 0 0 0 0 0 0 0 0 0
0 0 0 0 0 0 0 0 0 0 0 0 0 0 0 0 0 0 0 0 0 0 0 0 0 0 0 0 0 0 0 0 0 0 0 0
0 0 0 0 0 0 0 0 0 0 0 0 0 0 0 0 0 0 0 0 0 0 0 0 0 0 0 0 0 0 0 0 0 0 0 0
##$SHAPE_EXPFAC= 0
##$SHAPE_FRACEND= 0
##$SHAPE_FRACORG= 0
##$SHAPE_FRACSTART= 0
##$SHAPE_INTEGFAC= 0
##$SHAPE_KEEPRES= yes
##$SHAPE_LENGTH= 25000.000373
##$SHAPE_MAN= <M>
##$SHAPE_MODE= 4
##$SHAPE_MODFREQ= 0
##$SHAPE_MODPHASE= 0
##$SHAPE_MODSCALE= 0
##$SHAPE_MODSW= 0
##$SHAPE_MODSWDIR= -1
##$SHAPE_NPOINTS= 1250
##$SHAPE_OFFS= <1 4>
##$SHAPE_OFFSCOEFF= (0..95)
-144.71709 0 100 -196.67322 0 100 -215.02327 0 100 -280.95844 0 100 0 0
0 0 0 0 0 0 0 0 0 0 0 0 0 0 0 0 0 0 0 0 0 0 0 0 0 0 0 0 0 0 0 0 0 0 0 0
0 0 0 0 0 0 0 0 0 0 0 0 0 0 0 0 0 0 0 0 0 0 0 0 0 0 0 0 0 0 0 0 0 0 0 0
0 0 0 0 0 0 0 0 0 0
##$SHAPE_PARAMETER= <>
##$SHAPE_REPHFAC= 0
##$SHAPE_RES= 0
##$SHAPE_SCALEFAC= 1.00000469
##$SHAPE_SCALETYPE= 0
##$SHAPE_SPOAL= 0
##$SHAPE_SPOFFS= 0
##$SHAPE_SPOPH= 0
##$SHAPE_TOTROT= 90
##$SHAPE_TYPE= <Excitation>
##$SHAPE_USER_DEF= <>
##$SHAPE_VERSION= 2.1
##$SHL_ADDPHASE= (0..15)
0 0 0 0 0 0 0 0 0 0 0 0 0 0 0 0
##$SHL_ALIGNOFFSET= (0..15)
0 0 0 0 0 0 0 0 0 0 0 0 0 0 0 0
##$SHL_AMP= (0..15)
100 0 0 0 0 0 0 0 0 0 0 0 0 0 0 0
##$SHL_AMPFAC= (0..15)
0 0 0 0 0 0 0 0 0 0 0 0 0 0 0 0
##$SHL_BETA= (0..15)
0 0 0 0 0 0 0 0 0 0 0 0 0 0 0 0
##$SHL_BWFAC= (0..15)
1.116 0 0 0 0 0 0 0 0 0 0 0 0 0 0 0
##$SHL_CALCBW= (0..15)
yes yes yes yes yes yes yes yes yes yes yes yes yes yes yes yes
##$SHL_CALCINTEG= (0..15)
yes yes yes yes yes yes yes yes yes yes yes yes yes yes yes yes
##$SHL_CENTERAMP= (0..15)
0 0 0 0 0 0 0 0 0 0 0 0 0 0 0 0
##$SHL_CYCNUM= (0..15)
0 0 0 0 0 0 0 0 0 0 0 0 0 0 0 0
##$SHL_DIPOLCPL= (0..15)
0 0 0 0 0 0 0 0 0 0 0 0 0 0 0 0
##$SHL_ENDAMP= (0..15)
0 0 0 0 0 0 0 0 0 0 0 0 0 0 0 0
##$SHL_EXMODE= (0..15)
<Excitation> <> <> <> <> <> <> <> <> <> <> <> <> <> <> <>
##$SHL_EXPAND= (0..15)
<> <> <> <> <> <> <> <> <> <> <> <> <> <> <> <>
##$SHL_EXPANDCF0= (0..143)
0 0 0 0 0 0 0 0 0 0 0 0 0 0 0 0 0 0 0 0 0 0 0 0 0 0 0 0 0 0 0 0 0 0 0 0
0 0 0 0 0 0 0 0 0 0 0 0 0 0 0 0 0 0 0 0 0 0 0 0 0 0 0 0 0 0 0 0 0 0 0 0
0 0 0 0 0 0 0 0 0 0 0 0 0 0 0 0 0 0 0 0 0 0 0 0 0 0 0 0 0 0 0 0 0 0 0 0
0 0 0 0 0 0 0 0 0 0 0 0 0 0 0 0 0 0 0 0 0 0 0 0 0 0 0 0 0 0 0 0 0 0 0 0
##$SHL_EXPANDCF1= (0..143)
0 0 0 0 0 0 0 0 0 0 0 0 0 0 0 0 0 0 0 0 0 0 0 0 0 0 0 0 0 0 0 0 0 0 0 0
0 0 0 0 0 0 0 0 0 0 0 0 0 0 0 0 0 0 0 0 0 0 0 0 0 0 0 0 0 0 0 0 0 0 0 0
0 0 0 0 0 0 0 0 0 0 0 0 0 0 0 0 0 0 0 0 0 0 0 0 0 0 0 0 0 0 0 0 0 0 0 0
0 0 0 0 0 0 0 0 0 0 0 0 0 0 0 0 0 0 0 0 0 0 0 0 0 0 0 0 0 0 0 0 0 0 0 0
##$SHL_EXPANDCF10= (0..143)
0 0 0 0 0 0 0 0 0 0 0 0 0 0 0 0 0 0 0 0 0 0 0 0 0 0 0 0 0 0 0 0 0 0 0 0
0 0 0 0 0 0 0 0 0 0 0 0 0 0 0 0 0 0 0 0 0 0 0 0 0 0 0 0 0 0 0 0 0 0 0 0
0 0 0 0 0 0 0 0 0 0 0 0 0 0 0 0 0 0 0 0 0 0 0 0 0 0 0 0 0 0 0 0 0 0 0 0
0 0 0 0 0 0 0 0 0 0 0 0 0 0 0 0 0 0 0 0 0 0 0 0 0 0 0 0 0 0 0 0 0 0 0 0
##$SHL_EXPANDCF11= (0..143)
0 0 0 0 0 0 0 0 0 0 0 0 0 0 0 0 0 0 0 0 0 0 0 0 0 0 0 0 0 0 0 0 0 0 0 0
0 0 0 0 0 0 0 0 0 0 0 0 0 0 0 0 0 0 0 0 0 0 0 0 0 0 0 0 0 0 0 0 0 0 0 0
0 0 0 0 0 0 0 0 0 0 0 0 0 0 0 0 0 0 0 0 0 0 0 0 0 0 0 0 0 0 0 0 0 0 0 0
0 0 0 0 0 0 0 0 0 0 0 0 0 0 0 0 0 0 0 0 0 0 0 0 0 0 0 0 0 0 0 0 0 0 0 0
##$SHL_EXPANDCF12= (0..143)
0 0 0 0 0 0 0 0 0 0 0 0 0 0 0 0 0 0 0 0 0 0 0 0 0 0 0 0 0 0 0 0 0 0 0 0
0 0 0 0 0 0 0 0 0 0 0 0 0 0 0 0 0 0 0 0 0 0 0 0 0 0 0 0 0 0 0 0 0 0 0 0
0 0 0 0 0 0 0 0 0 0 0 0 0 0 0 0 0 0 0 0 0 0 0 0 0 0 0 0 0 0 0 0 0 0 0 0
0 0 0 0 0 0 0 0 0 0 0 0 0 0 0 0 0 0 0 0 0 0 0 0 0 0 0 0 0 0 0 0 0 0 0 0
##$SHL_EXPANDCF13= (0..143)
0 0 0 0 0 0 0 0 0 0 0 0 0 0 0 0 0 0 0 0 0 0 0 0 0 0 0 0 0 0 0 0 0 0 0 0
0 0 0 0 0 0 0 0 0 0 0 0 0 0 0 0 0 0 0 0 0 0 0 0 0 0 0 0 0 0 0 0 0 0 0 0
0 0 0 0 0 0 0 0 0 0 0 0 0 0 0 0 0 0 0 0 0 0 0 0 0 0 0 0 0 0 0 0 0 0 0 0
0 0 0 0 0 0 0 0 0 0 0 0 0 0 0 0 0 0 0 0 0 0 0 0 0 0 0 0 0 0 0 0 0 0 0 0
##$SHL_EXPANDCF14= (0..143)
0 0 0 0 0 0 0 0 0 0 0 0 0 0 0 0 0 0 0 0 0 0 0 0 0 0 0 0 0 0 0 0 0 0 0 0
0 0 0 0 0 0 0 0 0 0 0 0 0 0 0 0 0 0 0 0 0 0 0 0 0 0 0 0 0 0 0 0 0 0 0 0
0 0 0 0 0 0 0 0 0 0 0 0 0 0 0 0 0 0 0 0 0 0 0 0 0 0 0 0 0 0 0 0 0 0 0 0
0 0 0 0 0 0 0 0 0 0 0 0 0 0 0 0 0 0 0 0 0 0 0 0 0 0 0 0 0 0 0 0 0 0 0 0
##$SHL_EXPANDCF15= (0..143)
0 0 0 0 0 0 0 0 0 0 0 0 0 0 0 0 0 0 0 0 0 0 0 0 0 0 0 0 0 0 0 0 0 0 0 0
0 0 0 0 0 0 0 0 0 0 0 0 0 0 0 0 0 0 0 0 0 0 0 0 0 0 0 0 0 0 0 0 0 0 0 0
0 0 0 0 0 0 0 0 0 0 0 0 0 0 0 0 0 0 0 0 0 0 0 0 0 0 0 0 0 0 0 0 0 0 0 0
0 0 0 0 0 0 0 0 0 0 0 0 0 0 0 0 0 0 0 0 0 0 0 0 0 0 0 0 0 0 0 0 0 0 0 0
##$SHL_EXPANDCF2= (0..143)
0 0 0 0 0 0 0 0 0 0 0 0 0 0 0 0 0 0 0 0 0 0 0 0 0 0 0 0 0 0 0 0 0 0 0 0
0 0 0 0 0 0 0 0 0 0 0 0 0 0 0 0 0 0 0 0 0 0 0 0 0 0 0 0 0 0 0 0 0 0 0 0
0 0 0 0 0 0 0 0 0 0 0 0 0 0 0 0 0 0 0 0 0 0 0 0 0 0 0 0 0 0 0 0 0 0 0 0
0 0 0 0 0 0 0 0 0 0 0 0 0 0 0 0 0 0 0 0 0 0 0 0 0 0 0 0 0 0 0 0 0 0 0 0
##$SHL_EXPANDCF3= (0..143)
0 0 0 0 0 0 0 0 0 0 0 0 0 0 0 0 0 0 0 0 0 0 0 0 0 0 0 0 0 0 0 0 0 0 0 0
0 0 0 0 0 0 0 0 0 0 0 0 0 0 0 0 0 0 0 0 0 0 0 0 0 0 0 0 0 0 0 0 0 0 0 0
0 0 0 0 0 0 0 0 0 0 0 0 0 0 0 0 0 0 0 0 0 0 0 0 0 0 0 0 0 0 0 0 0 0 0 0
0 0 0 0 0 0 0 0 0 0 0 0 0 0 0 0 0 0 0 0 0 0 0 0 0 0 0 0 0 0 0 0 0 0 0 0
##$SHL_EXPANDCF4= (0..143)
0 0 0 0 0 0 0 0 0 0 0 0 0 0 0 0 0 0 0 0 0 0 0 0 0 0 0 0 0 0 0 0 0 0 0 0
0 0 0 0 0 0 0 0 0 0 0 0 0 0 0 0 0 0 0 0 0 0 0 0 0 0 0 0 0 0 0 0 0 0 0 0
0 0 0 0 0 0 0 0 0 0 0 0 0 0 0 0 0 0 0 0 0 0 0 0 0 0 0 0 0 0 0 0 0 0 0 0
0 0 0 0 0 0 0 0 0 0 0 0 0 0 0 0 0 0 0 0 0 0 0 0 0 0 0 0 0 0 0 0 0 0 0 0
##$SHL_EXPANDCF5= (0..143)
0 0 0 0 0 0 0 0 0 0 0 0 0 0 0 0 0 0 0 0 0 0 0 0 0 0 0 0 0 0 0 0 0 0 0 0
0 0 0 0 0 0 0 0 0 0 0 0 0 0 0 0 0 0 0 0 0 0 0 0 0 0 0 0 0 0 0 0 0 0 0 0
0 0 0 0 0 0 0 0 0 0 0 0 0 0 0 0 0 0 0 0 0 0 0 0 0 0 0 0 0 0 0 0 0 0 0 0
0 0 0 0 0 0 0 0 0 0 0 0 0 0 0 0 0 0 0 0 0 0 0 0 0 0 0 0 0 0 0 0 0 0 0 0
##$SHL_EXPANDCF6= (0..143)
0 0 0 0 0 0 0 0 0 0 0 0 0 0 0 0 0 0 0 0 0 0 0 0 0 0 0 0 0 0 0 0 0 0 0 0
0 0 0 0 0 0 0 0 0 0 0 0 0 0 0 0 0 0 0 0 0 0 0 0 0 0 0 0 0 0 0 0 0 0 0 0
0 0 0 0 0 0 0 0 0 0 0 0 0 0 0 0 0 0 0 0 0 0 0 0 0 0 0 0 0 0 0 0 0 0 0 0
0 0 0 0 0 0 0 0 0 0 0 0 0 0 0 0 0 0 0 0 0 0 0 0 0 0 0 0 0 0 0 0 0 0 0 0
##$SHL_EXPANDCF7= (0..143)
0 0 0 0 0 0 0 0 0 0 0 0 0 0 0 0 0 0 0 0 0 0 0 0 0 0 0 0 0 0 0 0 0 0 0 0
0 0 0 0 0 0 0 0 0 0 0 0 0 0 0 0 0 0 0 0 0 0 0 0 0 0 0 0 0 0 0 0 0 0 0 0
0 0 0 0 0 0 0 0 0 0 0 0 0 0 0 0 0 0 0 0 0 0 0 0 0 0 0 0 0 0 0 0 0 0 0 0
0 0 0 0 0 0 0 0 0 0 0 0 0 0 0 0 0 0 0 0 0 0 0 0 0 0 0 0 0 0 0 0 0 0 0 0
##$SHL_EXPANDCF8= (0..143)
0 0 0 0 0 0 0 0 0 0 0 0 0 0 0 0 0 0 0 0 0 0 0 0 0 0 0 0 0 0 0 0 0 0 0 0
0 0 0 0 0 0 0 0 0 0 0 0 0 0 0 0 0 0 0 0 0 0 0 0 0 0 0 0 0 0 0 0 0 0 0 0
0 0 0 0 0 0 0 0 0 0 0 0 0 0 0 0 0 0 0 0 0 0 0 0 0 0 0 0 0 0 0 0 0 0 0 0
0 0 0 0 0 0 0 0 0 0 0 0 0 0 0 0 0 0 0 0 0 0 0 0 0 0 0 0 0 0 0 0 0 0 0 0
##$SHL_EXPANDCF9= (0..143)
0 0 0 0 0 0 0 0 0 0 0 0 0 0 0 0 0 0 0 0 0 0 0 0 0 0 0 0 0 0 0 0 0 0 0 0
0 0 0 0 0 0 0 0 0 0 0 0 0 0 0 0 0 0 0 0 0 0 0 0 0 0 0 0 0 0 0 0 0 0 0 0
0 0 0 0 0 0 0 0 0 0 0 0 0 0 0 0 0 0 0 0 0 0 0 0 0 0 0 0 0 0 0 0 0 0 0 0
0 0 0 0 0 0 0 0 0 0 0 0 0 0 0 0 0 0 0 0 0 0 0 0 0 0 0 0 0 0 0 0 0 0 0 0
##$SHL_EXPFAC= (0..15)
0 0 0 0 0 0 0 0 0 0 0 0 0 0 0 0
##$SHL_FRACEND= (0..15)
0 0 0 0 0 0 0 0 0 0 0 0 0 0 0 0
##$SHL_FRACORG= (0..15)
0 0 0 0 0 0 0 0 0 0 0 0 0 0 0 0
##$SHL_FRACSTART= (0..15)
0 0 0 0 0 0 0 0 0 0 0 0 0 0 0 0
##$SHL_FULLHALF= (0..15)
0 0 0 0 0 0 0 0 0 0 0 0 0 0 0 0
##$SHL_FUNCAMP= (0..15)
100 0 0 0 0 0 0 0 0 0 0 0 0 0 0 0
##$SHL_FUNCTION= (0..15)
<Rectangle> <> <> <> <> <> <> <> <> <> <> <> <> <> <> <>
##$SHL_GCO= (0..15)
<> <> <> <> <> <> <> <> <> <> <> <> <> <> <> <>
##$SHL_GCOCOEFFS0= (0..59)
0 0 0 0 0 0 0 0 0 0 0 0 0 0 0 0 0 0 0 0 0 0 0 0 0 0 0 0 0 0 0 0 0 0 0 0
0 0 0 0 0 0 0 0 0 0 0 0 0 0 0 0 0 0 0 0 0 0 0 0
##$SHL_GCOCOEFFS1= (0..59)
0 0 0 0 0 0 0 0 0 0 0 0 0 0 0 0 0 0 0 0 0 0 0 0 0 0 0 0 0 0 0 0 0 0 0 0
0 0 0 0 0 0 0 0 0 0 0 0 0 0 0 0 0 0 0 0 0 0 0 0
##$SHL_GCOCOEFFS10= (0..59)
0 0 0 0 0 0 0 0 0 0 0 0 0 0 0 0 0 0 0 0 0 0 0 0 0 0 0 0 0 0 0 0 0 0 0 0
0 0 0 0 0 0 0 0 0 0 0 0 0 0 0 0 0 0 0 0 0 0 0 0
##$SHL_GCOCOEFFS11= (0..59)
0 0 0 0 0 0 0 0 0 0 0 0 0 0 0 0 0 0 0 0 0 0 0 0 0 0 0 0 0 0 0 0 0 0 0 0
0 0 0 0 0 0 0 0 0 0 0 0 0 0 0 0 0 0 0 0 0 0 0 0
##$SHL_GCOCOEFFS12= (0..59)
0 0 0 0 0 0 0 0 0 0 0 0 0 0 0 0 0 0 0 0 0 0 0 0 0 0 0 0 0 0 0 0 0 0 0 0
0 0 0 0 0 0 0 0 0 0 0 0 0 0 0 0 0 0 0 0 0 0 0 0
##$SHL_GCOCOEFFS13= (0..59)
0 0 0 0 0 0 0 0 0 0 0 0 0 0 0 0 0 0 0 0 0 0 0 0 0 0 0 0 0 0 0 0 0 0 0 0
0 0 0 0 0 0 0 0 0 0 0 0 0 0 0 0 0 0 0 0 0 0 0 0
##$SHL_GCOCOEFFS14= (0..59)
0 0 0 0 0 0 0 0 0 0 0 0 0 0 0 0 0 0 0 0 0 0 0 0 0 0 0 0 0 0 0 0 0 0 0 0
0 0 0 0 0 0 0 0 0 0 0 0 0 0 0 0 0 0 0 0 0 0 0 0
##$SHL_GCOCOEFFS15= (0..59)
0 0 0 0 0 0 0 0 0 0 0 0 0 0 0 0 0 0 0 0 0 0 0 0 0 0 0 0 0 0 0 0 0 0 0 0
0 0 0 0 0 0 0 0 0 0 0 0 0 0 0 0 0 0 0 0 0 0 0 0
##$SHL_GCOCOEFFS2= (0..59)
0 0 0 0 0 0 0 0 0 0 0 0 0 0 0 0 0 0 0 0 0 0 0 0 0 0 0 0 0 0 0 0 0 0 0 0
0 0 0 0 0 0 0 0 0 0 0 0 0 0 0 0 0 0 0 0 0 0 0 0
##$SHL_GCOCOEFFS3= (0..59)
0 0 0 0 0 0 0 0 0 0 0 0 0 0 0 0 0 0 0 0 0 0 0 0 0 0 0 0 0 0 0 0 0 0 0 0
0 0 0 0 0 0 0 0 0 0 0 0 0 0 0 0 0 0 0 0 0 0 0 0
##$SHL_GCOCOEFFS4= (0..59)
0 0 0 0 0 0 0 0 0 0 0 0 0 0 0 0 0 0 0 0 0 0 0 0 0 0 0 0 0 0 0 0 0 0 0 0
0 0 0 0 0 0 0 0 0 0 0 0 0 0 0 0 0 0 0 0 0 0 0 0
##$SHL_GCOCOEFFS5= (0..59)
0 0 0 0 0 0 0 0 0 0 0 0 0 0 0 0 0 0 0 0 0 0 0 0 0 0 0 0 0 0 0 0 0 0 0 0
0 0 0 0 0 0 0 0 0 0 0 0 0 0 0 0 0 0 0 0 0 0 0 0
##$SHL_GCOCOEFFS6= (0..59)
0 0 0 0 0 0 0 0 0 0 0 0 0 0 0 0 0 0 0 0 0 0 0 0 0 0 0 0 0 0 0 0 0 0 0 0
0 0 0 0 0 0 0 0 0 0 0 0 0 0 0 0 0 0 0 0 0 0 0 0
##$SHL_GCOCOEFFS7= (0..59)
0 0 0 0 0 0 0 0 0 0 0 0 0 0 0 0 0 0 0 0 0 0 0 0 0 0 0 0 0 0 0 0 0 0 0 0
0 0 0 0 0 0 0 0 0 0 0 0 0 0 0 0 0 0 0 0 0 0 0 0
##$SHL_GCOCOEFFS8= (0..59)
0 0 0 0 0 0 0 0 0 0 0 0 0 0 0 0 0 0 0 0 0 0 0 0 0 0 0 0 0 0 0 0 0 0 0 0
0 0 0 0 0 0 0 0 0 0 0 0 0 0 0 0 0 0 0 0 0 0 0 0
##$SHL_GCOCOEFFS9= (0..59)
0 0 0 0 0 0 0 0 0 0 0 0 0 0 0 0 0 0 0 0 0 0 0 0 0 0 0 0 0 0 0 0 0 0 0 0
0 0 0 0 0 0 0 0 0 0 0 0 0 0 0 0 0 0 0 0 0 0 0 0
##$SHL_INTEGFAC= (0..15)
1 0 0 0 0 0 0 0 0 0 0 0 0 0 0 0
##$SHL_LB= (0..15)
0 0 0 0 0 0 0 0 0 0 0 0 0 0 0 0
##$SHL_LEFTLIMIT= (0..15)
0 0 0 0 0 0 0 0 0 0 0 0 0 0 0 0
##$SHL_LENGTH= (0..15)
25000.000373 0 0 0 0 0 0 0 0 0 0 0 0 0 0 0
##$SHL_MAN= (0..15)
<> <> <> <> <> <> <> <> <> <> <> <> <> <> <> <>
##$SHL_MEANAMP= (0..15)
0 0 0 0 0 0 0 0 0 0 0 0 0 0 0 0
##$SHL_MODAMP= (0..15)
0 0 0 0 0 0 0 0 0 0 0 0 0 0 0 0
##$SHL_MODE= (0..15)
0 0 0 0 0 0 0 0 0 0 0 0 0 0 0 0
##$SHL_MODFREQ= (0..15)
0 0 0 0 0 0 0 0 0 0 0 0 0 0 0 0
##$SHL_MODPHASE= (0..15)
0 0 0 0 0 0 0 0 0 0 0 0 0 0 0 0
##$SHL_MODSCALE= (0..15)
0 0 0 0 0 0 0 0 0 0 0 0 0 0 0 0
##$SHL_MODSW= (0..15)
0 0 0 0 0 0 0 0 0 0 0 0 0 0 0 0
##$SHL_MODSWDIR= (0..15)
-1 -1 -1 -1 -1 -1 -1 -1 -1 -1 -1 -1 -1 -1 -1 -1
##$SHL_MU= (0..15)
0 0 0 0 0 0 0 0 0 0 0 0 0 0 0 0
##$SHL_NPOINTS= (0..15)
1250 0 0 0 0 0 0 0 0 0 0 0 0 0 0 0
##$SHL_OFFS= (0..15)
<> <> <> <> <> <> <> <> <> <> <> <> <> <> <> <>
##$SHL_OFFSCOEFF0= (0..95)
0 0 0 0 0 0 0 0 0 0 0 0 0 0 0 0 0 0 0 0 0 0 0 0 0 0 0 0 0 0 0 0 0 0 0 0
0 0 0 0 0 0 0 0 0 0 0 0 0 0 0 0 0 0 0 0 0 0 0 0 0 0 0 0 0 0 0 0 0 0 0 0
0 0 0 0 0 0 0 0 0 0 0 0 0 0 0 0 0 0 0 0 0 0 0 0
##$SHL_OFFSCOEFF1= (0..95)
0 0 0 0 0 0 0 0 0 0 0 0 0 0 0 0 0 0 0 0 0 0 0 0 0 0 0 0 0 0 0 0 0 0 0 0
0 0 0 0 0 0 0 0 0 0 0 0 0 0 0 0 0 0 0 0 0 0 0 0 0 0 0 0 0 0 0 0 0 0 0 0
0 0 0 0 0 0 0 0 0 0 0 0 0 0 0 0 0 0 0 0 0 0 0 0
##$SHL_OFFSCOEFF10= (0..95)
0 0 0 0 0 0 0 0 0 0 0 0 0 0 0 0 0 0 0 0 0 0 0 0 0 0 0 0 0 0 0 0 0 0 0 0
0 0 0 0 0 0 0 0 0 0 0 0 0 0 0 0 0 0 0 0 0 0 0 0 0 0 0 0 0 0 0 0 0 0 0 0
0 0 0 0 0 0 0 0 0 0 0 0 0 0 0 0 0 0 0 0 0 0 0 0
##$SHL_OFFSCOEFF11= (0..95)
0 0 0 0 0 0 0 0 0 0 0 0 0 0 0 0 0 0 0 0 0 0 0 0 0 0 0 0 0 0 0 0 0 0 0 0
0 0 0 0 0 0 0 0 0 0 0 0 0 0 0 0 0 0 0 0 0 0 0 0 0 0 0 0 0 0 0 0 0 0 0 0
0 0 0 0 0 0 0 0 0 0 0 0 0 0 0 0 0 0 0 0 0 0 0 0
##$SHL_OFFSCOEFF12= (0..95)
0 0 0 0 0 0 0 0 0 0 0 0 0 0 0 0 0 0 0 0 0 0 0 0 0 0 0 0 0 0 0 0 0 0 0 0
0 0 0 0 0 0 0 0 0 0 0 0 0 0 0 0 0 0 0 0 0 0 0 0 0 0 0 0 0 0 0 0 0 0 0 0
0 0 0 0 0 0 0 0 0 0 0 0 0 0 0 0 0 0 0 0 0 0 0 0
##$SHL_OFFSCOEFF13= (0..95)
0 0 0 0 0 0 0 0 0 0 0 0 0 0 0 0 0 0 0 0 0 0 0 0 0 0 0 0 0 0 0 0 0 0 0 0
0 0 0 0 0 0 0 0 0 0 0 0 0 0 0 0 0 0 0 0 0 0 0 0 0 0 0 0 0 0 0 0 0 0 0 0
0 0 0 0 0 0 0 0 0 0 0 0 0 0 0 0 0 0 0 0 0 0 0 0
##$SHL_OFFSCOEFF14= (0..95)
0 0 0 0 0 0 0 0 0 0 0 0 0 0 0 0 0 0 0 0 0 0 0 0 0 0 0 0 0 0 0 0 0 0 0 0
0 0 0 0 0 0 0 0 0 0 0 0 0 0 0 0 0 0 0 0 0 0 0 0 0 0 0 0 0 0 0 0 0 0 0 0
0 0 0 0 0 0 0 0 0 0 0 0 0 0 0 0 0 0 0 0 0 0 0 0
##$SHL_OFFSCOEFF15= (0..95)
0 0 0 0 0 0 0 0 0 0 0 0 0 0 0 0 0 0 0 0 0 0 0 0 0 0 0 0 0 0 0 0 0 0 0 0
0 0 0 0 0 0 0 0 0 0 0 0 0 0 0 0 0 0 0 0 0 0 0 0 0 0 0 0 0 0 0 0 0 0 0 0
0 0 0 0 0 0 0 0 0 0 0 0 0 0 0 0 0 0 0 0 0 0 0 0
##$SHL_OFFSCOEFF2= (0..95)
0 0 0 0 0 0 0 0 0 0 0 0 0 0 0 0 0 0 0 0 0 0 0 0 0 0 0 0 0 0 0 0 0 0 0 0
0 0 0 0 0 0 0 0 0 0 0 0 0 0 0 0 0 0 0 0 0 0 0 0 0 0 0 0 0 0 0 0 0 0 0 0
0 0 0 0 0 0 0 0 0 0 0 0 0 0 0 0 0 0 0 0 0 0 0 0
##$SHL_OFFSCOEFF3= (0..95)
0 0 0 0 0 0 0 0 0 0 0 0 0 0 0 0 0 0 0 0 0 0 0 0 0 0 0 0 0 0 0 0 0 0 0 0
0 0 0 0 0 0 0 0 0 0 0 0 0 0 0 0 0 0 0 0 0 0 0 0 0 0 0 0 0 0 0 0 0 0 0 0
0 0 0 0 0 0 0 0 0 0 0 0 0 0 0 0 0 0 0 0 0 0 0 0
##$SHL_OFFSCOEFF4= (0..95)
0 0 0 0 0 0 0 0 0 0 0 0 0 0 0 0 0 0 0 0 0 0 0 0 0 0 0 0 0 0 0 0 0 0 0 0
0 0 0 0 0 0 0 0 0 0 0 0 0 0 0 0 0 0 0 0 0 0 0 0 0 0 0 0 0 0 0 0 0 0 0 0
0 0 0 0 0 0 0 0 0 0 0 0 0 0 0 0 0 0 0 0 0 0 0 0
##$SHL_OFFSCOEFF5= (0..95)
0 0 0 0 0 0 0 0 0 0 0 0 0 0 0 0 0 0 0 0 0 0 0 0 0 0 0 0 0 0 0 0 0 0 0 0
0 0 0 0 0 0 0 0 0 0 0 0 0 0 0 0 0 0 0 0 0 0 0 0 0 0 0 0 0 0 0 0 0 0 0 0
0 0 0 0 0 0 0 0 0 0 0 0 0 0 0 0 0 0 0 0 0 0 0 0
##$SHL_OFFSCOEFF6= (0..95)
0 0 0 0 0 0 0 0 0 0 0 0 0 0 0 0 0 0 0 0 0 0 0 0 0 0 0 0 0 0 0 0 0 0 0 0
0 0 0 0 0 0 0 0 0 0 0 0 0 0 0 0 0 0 0 0 0 0 0 0 0 0 0 0 0 0 0 0 0 0 0 0
0 0 0 0 0 0 0 0 0 0 0 0 0 0 0 0 0 0 0 0 0 0 0 0
##$SHL_OFFSCOEFF7= (0..95)
0 0 0 0 0 0 0 0 0 0 0 0 0 0 0 0 0 0 0 0 0 0 0 0 0 0 0 0 0 0 0 0 0 0 0 0
0 0 0 0 0 0 0 0 0 0 0 0 0 0 0 0 0 0 0 0 0 0 0 0 0 0 0 0 0 0 0 0 0 0 0 0
0 0 0 0 0 0 0 0 0 0 0 0 0 0 0 0 0 0 0 0 0 0 0 0
##$SHL_OFFSCOEFF8= (0..95)
0 0 0 0 0 0 0 0 0 0 0 0 0 0 0 0 0 0 0 0 0 0 0 0 0 0 0 0 0 0 0 0 0 0 0 0
0 0 0 0 0 0 0 0 0 0 0 0 0 0 0 0 0 0 0 0 0 0 0 0 0 0 0 0 0 0 0 0 0 0 0 0
0 0 0 0 0 0 0 0 0 0 0 0 0 0 0 0 0 0 0 0 0 0 0 0
##$SHL_OFFSCOEFF9= (0..95)
0 0 0 0 0 0 0 0 0 0 0 0 0 0 0 0 0 0 0 0 0 0 0 0 0 0 0 0 0 0 0 0 0 0 0 0
0 0 0 0 0 0 0 0 0 0 0 0 0 0 0 0 0 0 0 0 0 0 0 0 0 0 0 0 0 0 0 0 0 0 0 0
0 0 0 0 0 0 0 0 0 0 0 0 0 0 0 0 0 0 0 0 0 0 0 0
##$SHL_PHASE= (0..15)
0 0 0 0 0 0 0 0 0 0 0 0 0 0 0 0
##$SHL_PHASEFAC= (0..15)
0 0 0 0 0 0 0 0 0 0 0 0 0 0 0 0
##$SHL_POWERINDEX= (0..15)
0 0 0 0 0 0 0 0 0 0 0 0 0 0 0 0
##$SHL_QUADCOEFF= (0..15)
0 0 0 0 0 0 0 0 0 0 0 0 0 0 0 0
##$SHL_RIGHTLIMIT= (0..15)
0 0 0 0 0 0 0 0 0 0 0 0 0 0 0 0
##$SHL_SCALEFACTOR= (0..15)
1 1 1 1 1 1 1 1 1 1 1 1 1 1 1 1
##$SHL_SF= (0..15)
<> <> <> <> <> <> <> <> <> <> <> <> <> <> <> <>
##$SHL_SFCOEFFS0= (0..200)
0 0 0 0 0 0 0 0 0 0 0 0 0 0 0 0 0 0 0 0 0 0 0 0 0 0 0 0 0 0 0 0 0 0 0 0
0 0 0 0 0 0 0 0 0 0 0 0 0 0 0 0 0 0 0 0 0 0 0 0 0 0 0 0 0 0 0 0 0 0 0 0
0 0 0 0 0 0 0 0 0 0 0 0 0 0 0 0 0 0 0 0 0 0 0 0 0 0 0 0 0 0 0 0 0 0 0 0
0 0 0 0 0 0 0 0 0 0 0 0 0 0 0 0 0 0 0 0 0 0 0 0 0 0 0 0 0 0 0 0 0 0 0 0
0 0 0 0 0 0 0 0 0 0 0 0 0 0 0 0 0 0 0 0 0 0 0 0 0 0 0 0 0 0 0 0 0 0 0 0
0 0 0 0 0 0 0 0 0 0 0 0 0 0 0 0 0 0 0 0 0
##$SHL_SFCOEFFS1= (0..200)
0 0 0 0 0 0 0 0 0 0 0 0 0 0 0 0 0 0 0 0 0 0 0 0 0 0 0 0 0 0 0 0 0 0 0 0
0 0 0 0 0 0 0 0 0 0 0 0 0 0 0 0 0 0 0 0 0 0 0 0 0 0 0 0 0 0 0 0 0 0 0 0
0 0 0 0 0 0 0 0 0 0 0 0 0 0 0 0 0 0 0 0 0 0 0 0 0 0 0 0 0 0 0 0 0 0 0 0
0 0 0 0 0 0 0 0 0 0 0 0 0 0 0 0 0 0 0 0 0 0 0 0 0 0 0 0 0 0 0 0 0 0 0 0
0 0 0 0 0 0 0 0 0 0 0 0 0 0 0 0 0 0 0 0 0 0 0 0 0 0 0 0 0 0 0 0 0 0 0 0
0 0 0 0 0 0 0 0 0 0 0 0 0 0 0 0 0 0 0 0 0
##$SHL_SFCOEFFS10= (0..200)
0 0 0 0 0 0 0 0 0 0 0 0 0 0 0 0 0 0 0 0 0 0 0 0 0 0 0 0 0 0 0 0 0 0 0 0
0 0 0 0 0 0 0 0 0 0 0 0 0 0 0 0 0 0 0 0 0 0 0 0 0 0 0 0 0 0 0 0 0 0 0 0
0 0 0 0 0 0 0 0 0 0 0 0 0 0 0 0 0 0 0 0 0 0 0 0 0 0 0 0 0 0 0 0 0 0 0 0
0 0 0 0 0 0 0 0 0 0 0 0 0 0 0 0 0 0 0 0 0 0 0 0 0 0 0 0 0 0 0 0 0 0 0 0
0 0 0 0 0 0 0 0 0 0 0 0 0 0 0 0 0 0 0 0 0 0 0 0 0 0 0 0 0 0 0 0 0 0 0 0
0 0 0 0 0 0 0 0 0 0 0 0 0 0 0 0 0 0 0 0 0
##$SHL_SFCOEFFS11= (0..200)
0 0 0 0 0 0 0 0 0 0 0 0 0 0 0 0 0 0 0 0 0 0 0 0 0 0 0 0 0 0 0 0 0 0 0 0
0 0 0 0 0 0 0 0 0 0 0 0 0 0 0 0 0 0 0 0 0 0 0 0 0 0 0 0 0 0 0 0 0 0 0 0
0 0 0 0 0 0 0 0 0 0 0 0 0 0 0 0 0 0 0 0 0 0 0 0 0 0 0 0 0 0 0 0 0 0 0 0
0 0 0 0 0 0 0 0 0 0 0 0 0 0 0 0 0 0 0 0 0 0 0 0 0 0 0 0 0 0 0 0 0 0 0 0
0 0 0 0 0 0 0 0 0 0 0 0 0 0 0 0 0 0 0 0 0 0 0 0 0 0 0 0 0 0 0 0 0 0 0 0
0 0 0 0 0 0 0 0 0 0 0 0 0 0 0 0 0 0 0 0 0
##$SHL_SFCOEFFS12= (0..200)
0 0 0 0 0 0 0 0 0 0 0 0 0 0 0 0 0 0 0 0 0 0 0 0 0 0 0 0 0 0 0 0 0 0 0 0
0 0 0 0 0 0 0 0 0 0 0 0 0 0 0 0 0 0 0 0 0 0 0 0 0 0 0 0 0 0 0 0 0 0 0 0
0 0 0 0 0 0 0 0 0 0 0 0 0 0 0 0 0 0 0 0 0 0 0 0 0 0 0 0 0 0 0 0 0 0 0 0
0 0 0 0 0 0 0 0 0 0 0 0 0 0 0 0 0 0 0 0 0 0 0 0 0 0 0 0 0 0 0 0 0 0 0 0
0 0 0 0 0 0 0 0 0 0 0 0 0 0 0 0 0 0 0 0 0 0 0 0 0 0 0 0 0 0 0 0 0 0 0 0
0 0 0 0 0 0 0 0 0 0 0 0 0 0 0 0 0 0 0 0 0
##$SHL_SFCOEFFS13= (0..200)
0 0 0 0 0 0 0 0 0 0 0 0 0 0 0 0 0 0 0 0 0 0 0 0 0 0 0 0 0 0 0 0 0 0 0 0
0 0 0 0 0 0 0 0 0 0 0 0 0 0 0 0 0 0 0 0 0 0 0 0 0 0 0 0 0 0 0 0 0 0 0 0
0 0 0 0 0 0 0 0 0 0 0 0 0 0 0 0 0 0 0 0 0 0 0 0 0 0 0 0 0 0 0 0 0 0 0 0
0 0 0 0 0 0 0 0 0 0 0 0 0 0 0 0 0 0 0 0 0 0 0 0 0 0 0 0 0 0 0 0 0 0 0 0
0 0 0 0 0 0 0 0 0 0 0 0 0 0 0 0 0 0 0 0 0 0 0 0 0 0 0 0 0 0 0 0 0 0 0 0
0 0 0 0 0 0 0 0 0 0 0 0 0 0 0 0 0 0 0 0 0
##$SHL_SFCOEFFS14= (0..200)
0 0 0 0 0 0 0 0 0 0 0 0 0 0 0 0 0 0 0 0 0 0 0 0 0 0 0 0 0 0 0 0 0 0 0 0
0 0 0 0 0 0 0 0 0 0 0 0 0 0 0 0 0 0 0 0 0 0 0 0 0 0 0 0 0 0 0 0 0 0 0 0
0 0 0 0 0 0 0 0 0 0 0 0 0 0 0 0 0 0 0 0 0 0 0 0 0 0 0 0 0 0 0 0 0 0 0 0
0 0 0 0 0 0 0 0 0 0 0 0 0 0 0 0 0 0 0 0 0 0 0 0 0 0 0 0 0 0 0 0 0 0 0 0
0 0 0 0 0 0 0 0 0 0 0 0 0 0 0 0 0 0 0 0 0 0 0 0 0 0 0 0 0 0 0 0 0 0 0 0
0 0 0 0 0 0 0 0 0 0 0 0 0 0 0 0 0 0 0 0 0
##$SHL_SFCOEFFS15= (0..200)
0 0 0 0 0 0 0 0 0 0 0 0 0 0 0 0 0 0 0 0 0 0 0 0 0 0 0 0 0 0 0 0 0 0 0 0
0 0 0 0 0 0 0 0 0 0 0 0 0 0 0 0 0 0 0 0 0 0 0 0 0 0 0 0 0 0 0 0 0 0 0 0
0 0 0 0 0 0 0 0 0 0 0 0 0 0 0 0 0 0 0 0 0 0 0 0 0 0 0 0 0 0 0 0 0 0 0 0
0 0 0 0 0 0 0 0 0 0 0 0 0 0 0 0 0 0 0 0 0 0 0 0 0 0 0 0 0 0 0 0 0 0 0 0
0 0 0 0 0 0 0 0 0 0 0 0 0 0 0 0 0 0 0 0 0 0 0 0 0 0 0 0 0 0 0 0 0 0 0 0
0 0 0 0 0 0 0 0 0 0 0 0 0 0 0 0 0 0 0 0 0
##$SHL_SFCOEFFS2= (0..200)
0 0 0 0 0 0 0 0 0 0 0 0 0 0 0 0 0 0 0 0 0 0 0 0 0 0 0 0 0 0 0 0 0 0 0 0
0 0 0 0 0 0 0 0 0 0 0 0 0 0 0 0 0 0 0 0 0 0 0 0 0 0 0 0 0 0 0 0 0 0 0 0
0 0 0 0 0 0 0 0 0 0 0 0 0 0 0 0 0 0 0 0 0 0 0 0 0 0 0 0 0 0 0 0 0 0 0 0
0 0 0 0 0 0 0 0 0 0 0 0 0 0 0 0 0 0 0 0 0 0 0 0 0 0 0 0 0 0 0 0 0 0 0 0
0 0 0 0 0 0 0 0 0 0 0 0 0 0 0 0 0 0 0 0 0 0 0 0 0 0 0 0 0 0 0 0 0 0 0 0
0 0 0 0 0 0 0 0 0 0 0 0 0 0 0 0 0 0 0 0 0
##$SHL_SFCOEFFS3= (0..200)
0 0 0 0 0 0 0 0 0 0 0 0 0 0 0 0 0 0 0 0 0 0 0 0 0 0 0 0 0 0 0 0 0 0 0 0
0 0 0 0 0 0 0 0 0 0 0 0 0 0 0 0 0 0 0 0 0 0 0 0 0 0 0 0 0 0 0 0 0 0 0 0
0 0 0 0 0 0 0 0 0 0 0 0 0 0 0 0 0 0 0 0 0 0 0 0 0 0 0 0 0 0 0 0 0 0 0 0
0 0 0 0 0 0 0 0 0 0 0 0 0 0 0 0 0 0 0 0 0 0 0 0 0 0 0 0 0 0 0 0 0 0 0 0
0 0 0 0 0 0 0 0 0 0 0 0 0 0 0 0 0 0 0 0 0 0 0 0 0 0 0 0 0 0 0 0 0 0 0 0
0 0 0 0 0 0 0 0 0 0 0 0 0 0 0 0 0 0 0 0 0
##$SHL_SFCOEFFS4= (0..200)
0 0 0 0 0 0 0 0 0 0 0 0 0 0 0 0 0 0 0 0 0 0 0 0 0 0 0 0 0 0 0 0 0 0 0 0
0 0 0 0 0 0 0 0 0 0 0 0 0 0 0 0 0 0 0 0 0 0 0 0 0 0 0 0 0 0 0 0 0 0 0 0
0 0 0 0 0 0 0 0 0 0 0 0 0 0 0 0 0 0 0 0 0 0 0 0 0 0 0 0 0 0 0 0 0 0 0 0
0 0 0 0 0 0 0 0 0 0 0 0 0 0 0 0 0 0 0 0 0 0 0 0 0 0 0 0 0 0 0 0 0 0 0 0
0 0 0 0 0 0 0 0 0 0 0 0 0 0 0 0 0 0 0 0 0 0 0 0 0 0 0 0 0 0 0 0 0 0 0 0
0 0 0 0 0 0 0 0 0 0 0 0 0 0 0 0 0 0 0 0 0
##$SHL_SFCOEFFS5= (0..200)
0 0 0 0 0 0 0 0 0 0 0 0 0 0 0 0 0 0 0 0 0 0 0 0 0 0 0 0 0 0 0 0 0 0 0 0
0 0 0 0 0 0 0 0 0 0 0 0 0 0 0 0 0 0 0 0 0 0 0 0 0 0 0 0 0 0 0 0 0 0 0 0
0 0 0 0 0 0 0 0 0 0 0 0 0 0 0 0 0 0 0 0 0 0 0 0 0 0 0 0 0 0 0 0 0 0 0 0
0 0 0 0 0 0 0 0 0 0 0 0 0 0 0 0 0 0 0 0 0 0 0 0 0 0 0 0 0 0 0 0 0 0 0 0
0 0 0 0 0 0 0 0 0 0 0 0 0 0 0 0 0 0 0 0 0 0 0 0 0 0 0 0 0 0 0 0 0 0 0 0
0 0 0 0 0 0 0 0 0 0 0 0 0 0 0 0 0 0 0 0 0
##$SHL_SFCOEFFS6= (0..200)
0 0 0 0 0 0 0 0 0 0 0 0 0 0 0 0 0 0 0 0 0 0 0 0 0 0 0 0 0 0 0 0 0 0 0 0
0 0 0 0 0 0 0 0 0 0 0 0 0 0 0 0 0 0 0 0 0 0 0 0 0 0 0 0 0 0 0 0 0 0 0 0
0 0 0 0 0 0 0 0 0 0 0 0 0 0 0 0 0 0 0 0 0 0 0 0 0 0 0 0 0 0 0 0 0 0 0 0
0 0 0 0 0 0 0 0 0 0 0 0 0 0 0 0 0 0 0 0 0 0 0 0 0 0 0 0 0 0 0 0 0 0 0 0
0 0 0 0 0 0 0 0 0 0 0 0 0 0 0 0 0 0 0 0 0 0 0 0 0 0 0 0 0 0 0 0 0 0 0 0
0 0 0 0 0 0 0 0 0 0 0 0 0 0 0 0 0 0 0 0 0
##$SHL_SFCOEFFS7= (0..200)
0 0 0 0 0 0 0 0 0 0 0 0 0 0 0 0 0 0 0 0 0 0 0 0 0 0 0 0 0 0 0 0 0 0 0 0
0 0 0 0 0 0 0 0 0 0 0 0 0 0 0 0 0 0 0 0 0 0 0 0 0 0 0 0 0 0 0 0 0 0 0 0
0 0 0 0 0 0 0 0 0 0 0 0 0 0 0 0 0 0 0 0 0 0 0 0 0 0 0 0 0 0 0 0 0 0 0 0
0 0 0 0 0 0 0 0 0 0 0 0 0 0 0 0 0 0 0 0 0 0 0 0 0 0 0 0 0 0 0 0 0 0 0 0
0 0 0 0 0 0 0 0 0 0 0 0 0 0 0 0 0 0 0 0 0 0 0 0 0 0 0 0 0 0 0 0 0 0 0 0
0 0 0 0 0 0 0 0 0 0 0 0 0 0 0 0 0 0 0 0 0
##$SHL_SFCOEFFS8= (0..200)
0 0 0 0 0 0 0 0 0 0 0 0 0 0 0 0 0 0 0 0 0 0 0 0 0 0 0 0 0 0 0 0 0 0 0 0
0 0 0 0 0 0 0 0 0 0 0 0 0 0 0 0 0 0 0 0 0 0 0 0 0 0 0 0 0 0 0 0 0 0 0 0
0 0 0 0 0 0 0 0 0 0 0 0 0 0 0 0 0 0 0 0 0 0 0 0 0 0 0 0 0 0 0 0 0 0 0 0
0 0 0 0 0 0 0 0 0 0 0 0 0 0 0 0 0 0 0 0 0 0 0 0 0 0 0 0 0 0 0 0 0 0 0 0
0 0 0 0 0 0 0 0 0 0 0 0 0 0 0 0 0 0 0 0 0 0 0 0 0 0 0 0 0 0 0 0 0 0 0 0
0 0 0 0 0 0 0 0 0 0 0 0 0 0 0 0 0 0 0 0 0
##$SHL_SFCOEFFS9= (0..200)
0 0 0 0 0 0 0 0 0 0 0 0 0 0 0 0 0 0 0 0 0 0 0 0 0 0 0 0 0 0 0 0 0 0 0 0
0 0 0 0 0 0 0 0 0 0 0 0 0 0 0 0 0 0 0 0 0 0 0 0 0 0 0 0 0 0 0 0 0 0 0 0
0 0 0 0 0 0 0 0 0 0 0 0 0 0 0 0 0 0 0 0 0 0 0 0 0 0 0 0 0 0 0 0 0 0 0 0
0 0 0 0 0 0 0 0 0 0 0 0 0 0 0 0 0 0 0 0 0 0 0 0 0 0 0 0 0 0 0 0 0 0 0 0
0 0 0 0 0 0 0 0 0 0 0 0 0 0 0 0 0 0 0 0 0 0 0 0 0 0 0 0 0 0 0 0 0 0 0 0
0 0 0 0 0 0 0 0 0 0 0 0 0 0 0 0 0 0 0 0 0
##$SHL_SMOOTHED= (0..15)
0 0 0 0 0 0 0 0 0 0 0 0 0 0 0 0
##$SHL_SMOOTHING= (0..15)
0 0 0 0 0 0 0 0 0 0 0 0 0 0 0 0
##$SHL_SPOAL= (0..15)
0 0 0 0 0 0 0 0 0 0 0 0 0 0 0 0
##$SHL_SPOFFS= (0..15)
0 0 0 0 0 0 0 0 0 0 0 0 0 0 0 0
##$SHL_SPOPH= (0..15)
0 0 0 0 0 0 0 0 0 0 0 0 0 0 0 0
##$SHL_STARTAMP= (0..15)
0 0 0 0 0 0 0 0 0 0 0 0 0 0 0 0
##$SHL_SW= (0..15)
0 0 0 0 0 0 0 0 0 0 0 0 0 0 0 0
##$SHL_SWDIR= (0..15)
-1 -1 -1 -1 -1 -1 -1 -1 -1 -1 -1 -1 -1 -1 -1 -1
##$SHL_TANKAPPA= (0..15)
0 0 0 0 0 0 0 0 0 0 0 0 0 0 0 0
##$SHL_TOTROT= (0..15)
90 0 0 0 0 0 0 0 0 0 0 0 0 0 0 0
##$SHL_TRUNCLEV= (0..15)
0 0 0 0 0 0 0 0 0 0 0 0 0 0 0 0
##$SHL_TYPE= (0..15)
<Excitation> <> <> <> <> <> <> <> <> <> <> <> <> <> <> <>
##$SHL_WINDOWSIZE= (0..15)
0 0 0 0 0 0 0 0 0 0 0 0 0 0 0 0
##$SHL_ZETA= (0..15)
0 0 0 0 0 0 0 0 0 0 0 0 0 0 0 0
##NPOINTS= 1250
##XYPOINTS= (XY..XY)
64.713585, 140.626424
64.428611, 142.231570
64.141639, 143.837872
63.852698, 145.445346
63.561814, 147.054008
63.269016, 148.663874
62.974333, 150.274961
62.677793, 151.887287
62.379425, 153.500868
62.079258, 155.115722
61.777321, 156.731869
61.473644, 158.349326
61.168255, 159.968112
60.861186, 161.588248
60.552465, 163.209752
60.242124, 164.832646
59.930192, 166.456949
59.616700, 168.082684
59.301680, 169.709872
58.985161, 171.338535
58.667176, 172.968695
58.347755, 174.600376
58.026931, 176.233602
57.704735, 177.868396
57.381199, 179.504783
57.056356, 181.142789
56.730237, 182.782438
56.402876, 184.423758
56.074306, 186.066775
55.744559, 187.711517
55.413668, 189.358012
55.081668, 191.006288
54.748591, 192.656374
54.414472, 194.308302
54.079344, 195.962100
53.743243, 197.617801
53.406202, 199.275436
53.068255, 200.935038
52.729439, 202.596641
52.389788, 204.260278
52.049337, 205.925984
51.708122, 207.593795
51.366178, 209.263747
51.023542, 210.935877
50.680250, 212.610224
50.336337, 214.286826
49.991841, 215.965723
49.646797, 217.646955
49.301245, 219.330563
48.955219, 221.016591
48.608759, 222.705081
48.261901, 224.396077
47.914684, 226.089625
47.567145, 227.785771
47.219323, 229.484561
46.871256, 231.186044
46.522984, 232.890270
46.174545, 234.597288
45.825979, 236.307149
45.477325, 238.019907
45.128623, 239.735614
44.779913, 241.454326
44.431235, 243.176098
44.082629, 244.900988
43.734138, 246.629053
43.385800, 248.360354
43.037659, 250.094950
42.689755, 251.832904
42.342131, 253.574279
41.994828, 255.319141
41.647888, 257.067553
41.301355, 258.819585
40.955272, 260.575305
40.609681, 262.334782
40.264627, 264.098088
39.920152, 265.865295
39.576302, 267.636479
39.233121, 269.411715
38.890652, 271.191079
38.548943, 272.974650
38.208037, 274.762509
37.867981, 276.554736
37.528820, 278.351415
37.190602, 280.152630
36.853372, 281.958467
36.517178, 283.769013
36.182067, 285.584357
35.848087, 287.404588
35.515286, 289.229800
35.183713, 291.060083
34.853415, 292.895534
34.524444, 294.736248
34.196847, 296.582321
33.870674, 298.433853
33.545977, 300.290942
33.222806, 302.153690
32.901211, 304.022197
32.581244, 305.896568
32.262957, 307.776906
31.946402, 309.663316
31.631631, 311.555904
31.318697, 313.454775
31.007654, 315.360037
30.698554, 317.271797
30.391452, 319.190163
30.086402, 321.115243
29.783459, 323.047146
29.482677, 324.985978
29.184111, 326.931848
28.887818, 328.884862
28.593853, 330.845128
28.302272, 332.812750
28.013131, 334.787834
27.726486, 336.770482
27.442396, 338.760795
27.160916, 340.758872
26.882103, 342.764811
26.606016, 344.778706
26.332711, 346.800648
26.062245, 348.830725
25.794676, 350.869020
25.530061, 352.915615
25.268458, 354.970584
25.009923, 357.033998
24.754514, 359.105922
24.502287, 1.186414
24.253299, 3.275527
24.007605, 5.373307
23.765262, 7.479791
23.526324, 9.595008
23.290846, 11.718981
23.058882, 13.851720
22.830484, 15.993229
22.605705, 18.143498
22.384595, 20.302510
22.167205, 22.470232
21.953584, 24.646622
21.743780, 26.831626
21.537838, 29.025173
21.335802, 31.227183
21.137717, 33.437557
20.943623, 35.656186
20.753560, 37.882942
20.567564, 40.117683
20.385671, 42.360250
20.207913, 44.610470
20.034321, 46.868152
19.864922, 49.133087
19.699741, 51.405050
19.538800, 53.683801
19.382119, 55.969079
19.229712, 58.260610
19.081594, 60.558100
18.937773, 62.861240
18.798254, 65.169705
18.663041, 67.483154
18.532132, 69.801230
18.405521, 72.123562
18.283200, 74.449765
18.165155, 76.779439
18.051370, 79.112174
17.941824, 81.447548
17.836491, 83.785128
17.735342, 86.124471
17.638345, 88.465127
17.545461, 90.806638
17.456650, 93.148542
17.371865, 95.490370
17.291059, 97.831652
17.214176, 100.171915
17.141161, 102.510686
17.071952, 104.847493
17.006484, 107.181867
16.944691, 109.513340
16.886499, 111.841452
16.831834, 114.165748
16.780619, 116.485778
16.732772, 118.801105
16.688210, 121.111298
16.646847, 123.415938
16.608594, 125.714617
16.573360, 128.006941
16.541053, 130.292526
16.511576, 132.571005
16.484834, 134.842023
16.460729, 137.105241
16.439161, 139.360337
16.420030, 141.607002
16.403235, 143.844943
16.388673, 146.073886
16.376243, 148.293569
16.365840, 150.503749
16.357363, 152.704199
16.350708, 154.894705
16.345772, 157.075072
16.342453, 159.245119
16.340648, 161.404679
16.340256, 163.553601
16.341176, 165.691747
16.343307, 167.818994
16.346552, 169.935231
16.350812, 172.040360
16.355990, 174.134295
16.361991, 176.216962
16.368722, 178.288297
16.376088, 180.348248
16.384000, 182.396770
16.392367, 184.433830
16.401102, 186.459401
16.410119, 188.473466
16.419334, 190.476013
16.428663, 192.467038
16.438027, 194.446543
16.447346, 196.414537
16.456544, 198.371030
16.465545, 200.316040
16.474277, 202.249588
16.482668, 204.171696
16.490649, 206.082394
16.498154, 207.981708
16.505116, 209.869672
16.511474, 211.746317
16.517165, 213.611676
16.522131, 215.465785
16.526314, 217.308678
16.529659, 219.140389
16.532114, 220.960953
16.533626, 222.770401
16.534147, 224.568767
16.533630, 226.356081
16.532029, 228.132371
16.529300, 229.897663
16.525404, 231.651983
16.520299, 233.395352
16.513949, 235.127788
16.506318, 236.849307
16.497372, 238.559921
16.487080, 240.259640
16.475412, 241.948467
16.462340, 243.626404
16.447838, 245.293448
16.431882, 246.949591
16.414449, 248.594820
16.395520, 250.229119
16.375076, 251.852465
16.353100, 253.464832
16.329578, 255.066187
16.304498, 256.656492
16.277848, 258.235703
16.249621, 259.803772
16.219808, 261.360643
16.188406, 262.906254
16.155412, 264.440539
16.120824, 265.963423
16.084645, 267.474826
16.046876, 268.974661
16.007525, 270.462833
15.966597, 271.939242
15.924103, 273.403780
15.880055, 274.856332
15.834467, 276.296774
15.787355, 277.724978
15.738737, 279.140806
15.688635, 280.544112
15.637072, 281.934744
15.584073, 283.312542
15.529667, 284.677336
15.473886, 286.028951
15.416762, 287.367203
15.358331, 288.691898
15.298633, 290.002838
15.237710, 291.299813
15.175605, 292.582609
15.112368, 293.851001
15.048048, 295.104759
14.982699, 296.343643
14.916380, 297.567409
14.849149, 298.775803
14.781072, 299.968566
14.712215, 301.145432
14.642649, 302.306130
14.572450, 303.450384
14.501697, 304.577911
14.430470, 305.688426
14.358858, 306.781642
14.286950, 307.857266
14.214841, 308.915007
14.142631, 309.954571
14.070423, 310.975669
13.998325, 311.978009
13.926449, 312.961308
13.854912, 313.925286
13.783837, 314.869670
13.713350, 315.794197
13.643582, 316.698617
13.574669, 317.582692
13.506752, 318.446201
13.439977, 319.288942
13.374494, 320.110737
13.310458, 320.911428
13.248028, 321.690891
13.187369, 322.449029
13.128649, 323.185783
13.072041, 323.901129
13.017721, 324.595089
12.965869, 325.267726
12.916669, 325.919157
12.870307, 326.549548
12.826971, 327.159122
12.786854, 327.748163
12.750147, 328.317016
12.717046, 328.866091
12.687743, 329.395867
12.662435, 329.906891
12.641314, 330.399782
12.624573, 330.875232
12.612402, 331.334001
12.604989, 331.776926
12.602517, 332.204912
12.605165, 332.618931
12.613108, 333.020025
12.626514, 333.409293
12.645543, 333.787897
12.670351, 334.157047
12.701083, 334.518004
12.737876, 334.872066
12.780857, 335.220566
12.830144, 335.564860
12.885844, 335.906324
12.948054, 336.246342
13.016859, 336.586297
13.092333, 336.927565
13.174539, 337.271506
13.263527, 337.619455
13.359337, 337.972713
13.461998, 338.332545
13.571525, 338.700165
13.687926, 339.076739
13.811195, 339.463372
13.941318, 339.861108
14.078270, 340.270926
14.222019, 340.693735
14.372521, 341.130372
14.529727, 341.581603
14.693578, 342.048121
14.864010, 342.530546
15.040952, 343.029425
15.224327, 343.545235
15.414053, 344.078386
15.610044, 344.629217
15.812209, 345.198008
16.020454, 345.784974
16.234684, 346.390276
16.454798, 347.014018
16.680695, 347.656254
16.912274, 348.316992
17.149429, 348.996194
17.392057, 349.693785
17.640053, 350.409651
17.893311, 351.143647
18.151726, 351.895597
18.415194, 352.665298
18.683610, 353.452527
18.956872, 354.257035
19.234876, 355.078559
19.517522, 355.916819
19.804709, 356.771522
20.096339, 357.642366
20.392314, 358.529038
20.692539, 359.431218
20.996918, 0.348582
21.305360, 1.280800
21.617772, 2.227544
21.934066, 3.188479
22.254153, 4.163275
22.577947, 5.151600
22.905363, 6.153124
23.236319, 7.167522
23.570732, 8.194469
23.908522, 9.233647
24.249612, 10.284740
24.593924, 11.347438
24.941383, 12.421436
25.291915, 13.506435
25.645448, 14.602142
26.001910, 15.708268
26.361232, 16.824533
26.723344, 17.950660
27.088181, 19.086382
27.455675, 20.231437
27.825763, 21.385567
28.198380, 22.548525
28.573463, 23.720066
28.950953, 24.899955
29.330787, 26.087960
29.712907, 27.283859
30.097254, 28.487432
30.483771, 29.698469
30.872401, 30.916763
31.263088, 32.142115
31.655777, 33.374329
32.050414, 34.613219
32.446946, 35.858599
32.845321, 37.110294
33.245485, 38.368129
33.647389, 39.631938
34.050981, 40.901559
34.456211, 42.176833
34.863031, 43.457608
35.271391, 44.743735
35.681243, 46.035071
36.092540, 47.331475
36.505234, 48.632813
36.919279, 49.938954
37.334628, 51.249769
37.751237, 52.565136
38.169059, 53.884934
38.588050, 55.209048
39.008166, 56.537364
39.429363, 57.869774
39.851596, 59.206171
40.274823, 60.546452
40.699001, 61.890517
41.124087, 63.238270
41.550039, 64.589617
41.976815, 65.944466
42.404374, 67.302729
42.832674, 68.664320
43.261674, 70.029156
43.691335, 71.397155
44.121614, 72.768239
44.552472, 74.142333
44.983870, 75.519361
45.415766, 76.899251
45.848123, 78.281935
46.280900, 79.667344
46.714060, 81.055413
47.147562, 82.446076
47.581368, 83.839273
48.015441, 85.234942
48.449742, 86.633025
48.884233, 88.033465
49.318876, 89.436206
49.753633, 90.841195
50.188468, 92.248379
50.623344, 93.657706
51.058222, 95.069128
51.493066, 96.482597
51.927841, 97.898064
52.362508, 99.315485
52.797032, 100.734816
53.231376, 102.156013
53.665506, 103.579033
54.099383, 105.003837
54.532974, 106.430384
54.966242, 107.858636
55.399152, 109.288554
55.831669, 110.720102
56.263757, 112.153245
56.695383, 113.587947
57.126509, 115.024174
57.557103, 116.461894
57.987130, 117.901074
58.416555, 119.341683
58.845344, 120.783689
59.273463, 122.227064
59.700877, 123.671778
60.127554, 125.117803
60.553459, 126.565110
60.978559, 128.013674
61.402820, 129.463468
61.826209, 130.914466
62.248694, 132.366644
62.670240, 133.819976
63.090816, 135.274439
63.510388, 136.730009
63.928924, 138.186665
64.346391, 139.644384
64.762757, 141.103144
65.177991, 142.562924
65.592059, 144.023703
66.004931, 145.485463
66.416573, 146.948181
66.826956, 148.411841
67.236047, 149.876422
67.643815, 151.341907
68.050228, 152.808278
68.455257, 154.275516
68.858870, 155.743606
69.261035, 157.212530
69.661724, 158.682272
70.060904, 160.152815
70.458547, 161.624146
70.854622, 163.096247
71.249098, 164.569105
71.641947, 166.042704
72.033138, 167.517030
72.422642, 168.992070
72.810429, 170.467809
73.196471, 171.944234
73.580738, 173.421333
73.963202, 174.899092
74.343833, 176.377499
74.722603, 177.856541
75.099485, 179.336206
75.474449, 180.816483
75.847467, 182.297361
76.218512, 183.778827
76.587556, 185.260870
76.954572, 186.743481
77.319531, 188.226648
77.682407, 189.710361
78.043173, 191.194609
78.401802, 192.679383
78.758267, 194.164673
79.112542, 195.650469
79.464600, 197.136762
79.814415, 198.623542
80.161961, 200.110801
80.507213, 201.598530
80.850145, 203.086719
81.190731, 204.575361
81.528946, 206.064446
81.864766, 207.553968
82.198165, 209.043917
82.529118, 210.534285
82.857602, 212.025066
83.183592, 213.516251
83.507063, 215.007832
83.827993, 216.499803
84.146356, 217.992156
84.462131, 219.484885
84.775293, 220.977981
85.085819, 222.471438
85.393687, 223.965250
85.698874, 225.459410
86.001357, 226.953911
86.301115, 228.448747
86.598124, 229.943912
86.892364, 231.439399
87.183812, 232.935203
87.472447, 234.431317
87.758249, 235.927736
88.041195, 237.424453
88.321265, 238.921463
88.598440, 240.418761
88.872697, 241.916341
89.144017, 243.414197
89.412381, 244.912324
89.677768, 246.410718
89.940160, 247.909372
90.199536, 249.408282
90.455878, 250.907442
90.709167, 252.406848
90.959385, 253.906495
91.206513, 255.406378
91.450533, 256.906493
91.691427, 258.406833
91.929177, 259.907396
92.163767, 261.408177
92.395179, 262.909170
92.623396, 264.410372
92.848402, 265.911779
93.070179, 267.413385
93.288713, 268.915187
93.503985, 270.417181
93.715982, 271.919362
93.924688, 273.421727
94.130087, 274.924271
94.332164, 276.426990
94.530905, 277.929881
94.726294, 279.432939
94.918319, 280.936162
95.106964, 282.439544
95.292216, 283.943083
95.474061, 285.446774
95.652487, 286.950614
95.827480, 288.454600
95.999027, 289.958727
96.167116, 291.462993
96.331735, 292.967393
96.492871, 294.471924
96.650513, 295.976584
96.804649, 297.481368
96.955269, 298.986273
97.102360, 300.491296
97.245913, 301.996433
97.385917, 303.501682
97.522362, 305.007038
97.655237, 306.512499
97.784534, 308.018062
97.910242, 309.523724
98.032353, 311.029481
98.150857, 312.535330
98.265746, 314.041268
98.377012, 315.547292
98.484647, 317.053399
98.588642, 318.559587
98.688990, 320.065851
98.785684, 321.572190
98.878717, 323.078600
98.968081, 324.585078
99.053771, 326.091621
99.135781, 327.598227
99.214103, 329.104892
99.288733, 330.611614
99.359666, 332.118389
99.426895, 333.625216
99.490416, 335.132091
99.550225, 336.639011
99.606317, 338.145973
99.658687, 339.652976
99.707333, 341.160015
99.752251, 342.667088
99.793437, 344.174193
99.830888, 345.681327
99.864602, 347.188486
99.894576, 348.695669
99.920808, 350.202872
99.943296, 351.710092
99.962039, 353.217328
99.977035, 354.724576
99.988283, 356.231833
99.995782, 357.739097
99.999531, 359.246365
99.999531, 0.753635
99.995782, 2.260903
99.988283, 3.768167
99.977035, 5.275424
99.962039, 6.782672
99.943296, 8.289908
99.920808, 9.797128
99.894576, 11.304331
99.864602, 12.811514
99.830888, 14.318673
99.793437, 15.825807
99.752251, 17.332912
99.707333, 18.839985
99.658687, 20.347024
99.606317, 21.854027
99.550225, 23.360989
99.490416, 24.867909
99.426895, 26.374784
99.359666, 27.881611
99.288733, 29.388386
99.214103, 30.895108
99.135781, 32.401773
99.053771, 33.908379
98.968081, 35.414922
98.878717, 36.921400
98.785684, 38.427810
98.688990, 39.934149
98.588642, 41.440413
98.484647, 42.946601
98.377012, 44.452708
98.265746, 45.958732
98.150857, 47.464670
98.032353, 48.970519
97.910242, 50.476276
97.784534, 51.981938
97.655237, 53.487501
97.522362, 54.992962
97.385917, 56.498318
97.245913, 58.003567
97.102360, 59.508704
96.955269, 61.013727
96.804649, 62.518632
96.650513, 64.023416
96.492871, 65.528076
96.331735, 67.032607
96.167116, 68.537007
95.999027, 70.041273
95.827480, 71.545400
95.652487, 73.049386
95.474061, 74.553226
95.292216, 76.056917
95.106964, 77.560456
94.918319, 79.063838
94.726294, 80.567061
94.530905, 82.070119
94.332164, 83.573010
94.130087, 85.075729
93.924688, 86.578273
93.715982, 88.080638
93.503985, 89.582819
93.288713, 91.084813
93.070179, 92.586615
92.848402, 94.088221
92.623396, 95.589628
92.395179, 97.090830
92.163767, 98.591823
91.929177, 100.092604
91.691427, 101.593167
91.450533, 103.093507
91.206513, 104.593622
90.959385, 106.093505
90.709167, 107.593152
90.455878, 109.092558
90.199536, 110.591718
89.940160, 112.090628
89.677768, 113.589282
89.412381, 115.087676
89.144017, 116.585803
88.872697, 118.083659
88.598440, 119.581239
88.321265, 121.078537
88.041195, 122.575547
87.758249, 124.072264
87.472447, 125.568683
87.183812, 127.064797
86.892364, 128.560601
86.598124, 130.056088
86.301115, 131.551253
86.001357, 133.046089
85.698874, 134.540590
85.393687, 136.034750
85.085819, 137.528562
84.775293, 139.022019
84.462131, 140.515115
84.146356, 142.007844
83.827993, 143.500197
83.507063, 144.992168
83.183592, 146.483749
82.857602, 147.974934
82.529118, 149.465715
82.198165, 150.956083
81.864766, 152.446032
81.528946, 153.935554
81.190731, 155.424639
80.850145, 156.913281
80.507213, 158.401470
80.161961, 159.889199
79.814415, 161.376458
79.464600, 162.863238
79.112542, 164.349531
78.758267, 165.835327
78.401802, 167.320617
78.043173, 168.805391
77.682407, 170.289639
77.319531, 171.773352
76.954572, 173.256519
76.587556, 174.739130
76.218512, 176.221173
75.847467, 177.702639
75.474449, 179.183517
75.099485, 180.663794
74.722603, 182.143459
74.343833, 183.622501
73.963202, 185.100908
73.580738, 186.578667
73.196471, 188.055766
72.810429, 189.532191
72.422642, 191.007930
72.033138, 192.482970
71.641947, 193.957296
71.249098, 195.430895
70.854622, 196.903753
70.458547, 198.375854
70.060904, 199.847185
69.661724, 201.317728
69.261035, 202.787470
68.858870, 204.256394
68.455257, 205.724484
68.050228, 207.191722
67.643815, 208.658093
67.236047, 210.123578
66.826956, 211.588159
66.416573, 213.051819
66.004931, 214.514537
65.592059, 215.976297
65.177991, 217.437076
64.762757, 218.896856
64.346391, 220.355616
63.928924, 221.813335
63.510388, 223.269991
63.090816, 224.725561
62.670240, 226.180024
62.248694, 227.633356
61.826209, 229.085534
61.402820, 230.536532
60.978559, 231.986326
60.553459, 233.434890
60.127554, 234.882197
59.700877, 236.328222
59.273463, 237.772936
58.845344, 239.216311
58.416555, 240.658317
57.987130, 242.098926
57.557103, 243.538106
57.126509, 244.975826
56.695383, 246.412053
56.263757, 247.846755
55.831669, 249.279898
55.399152, 250.711446
54.966242, 252.141364
54.532974, 253.569616
54.099383, 254.996163
53.665506, 256.420967
53.231376, 257.843987
52.797032, 259.265184
52.362508, 260.684515
51.927841, 262.101936
51.493066, 263.517403
51.058222, 264.930872
50.623344, 266.342294
50.188468, 267.751621
49.753633, 269.158805
49.318876, 270.563794
48.884233, 271.966535
48.449742, 273.366975
48.015441, 274.765058
47.581368, 276.160727
47.147562, 277.553924
46.714060, 278.944587
46.280900, 280.332656
45.848123, 281.718065
45.415766, 283.100749
44.983870, 284.480639
44.552472, 285.857667
44.121614, 287.231761
43.691335, 288.602845
43.261674, 289.970844
42.832674, 291.335680
42.404374, 292.697271
41.976815, 294.055534
41.550039, 295.410383
41.124087, 296.761730
40.699001, 298.109483
40.274823, 299.453548
39.851596, 300.793829
39.429363, 302.130226
39.008166, 303.462636
38.588050, 304.790952
38.169059, 306.115066
37.751237, 307.434864
37.334628, 308.750231
36.919279, 310.061046
36.505234, 311.367187
36.092540, 312.668525
35.681243, 313.964929
35.271391, 315.256265
34.863031, 316.542392
34.456211, 317.823167
34.050981, 319.098441
33.647389, 320.368062
33.245485, 321.631871
32.845321, 322.889706
32.446946, 324.141401
32.050414, 325.386781
31.655777, 326.625671
31.263088, 327.857885
30.872401, 329.083237
30.483771, 330.301531
30.097254, 331.512568
29.712907, 332.716141
29.330787, 333.912040
28.950953, 335.100045
28.573463, 336.279934
28.198380, 337.451475
27.825763, 338.614433
27.455675, 339.768563
27.088181, 340.913618
26.723344, 342.049340
26.361232, 343.175467
26.001910, 344.291732
25.645448, 345.397858
25.291915, 346.493565
24.941383, 347.578564
24.593924, 348.652562
24.249612, 349.715260
23.908522, 350.766353
23.570732, 351.805531
23.236319, 352.832478
22.905363, 353.846876
22.577947, 354.848400
22.254153, 355.836725
21.934066, 356.811521
21.617772, 357.772456
21.305360, 358.719200
20.996918, 359.651418
20.692539, 0.568782
20.392314, 1.470962
20.096339, 2.357634
19.804709, 3.228478
19.517522, 4.083181
19.234876, 4.921441
18.956872, 5.742965
18.683610, 6.547473
18.415194, 7.334702
18.151726, 8.104403
17.893311, 8.856353
17.640053, 9.590349
17.392057, 10.306215
17.149429, 11.003806
16.912274, 11.683008
16.680695, 12.343746
16.454798, 12.985982
16.234684, 13.609724
16.020454, 14.215026
15.812209, 14.801992
15.610044, 15.370783
15.414053, 15.921614
15.224327, 16.454765
15.040952, 16.970575
14.864010, 17.469454
14.693578, 17.951879
14.529727, 18.418397
14.372521, 18.869628
14.222019, 19.306265
14.078270, 19.729074
13.941318, 20.138892
13.811195, 20.536628
13.687926, 20.923261
13.571525, 21.299835
13.461998, 21.667455
13.359337, 22.027287
13.263527, 22.380545
13.174539, 22.728494
13.092333, 23.072435
13.016859, 23.413703
12.948054, 23.753658
12.885844, 24.093676
12.830144, 24.435140
12.780857, 24.779434
12.737876, 25.127934
12.701083, 25.481996
12.670351, 25.842953
12.645543, 26.212103
12.626514, 26.590707
12.613108, 26.979975
12.605165, 27.381069
12.602517, 27.795088
12.604989, 28.223074
12.612402, 28.665999
12.624573, 29.124768
12.641314, 29.600218
12.662435, 30.093109
12.687743, 30.604133
12.717046, 31.133909
12.750147, 31.682984
12.786854, 32.251837
12.826971, 32.840878
12.870307, 33.450452
12.916669, 34.080843
12.965869, 34.732274
13.017721, 35.404911
13.072041, 36.098871
13.128649, 36.814217
13.187369, 37.550971
13.248028, 38.309109
13.310458, 39.088572
13.374494, 39.889263
13.439977, 40.711058
13.506752, 41.553799
13.574669, 42.417308
13.643582, 43.301383
13.713350, 44.205803
13.783837, 45.130330
13.854912, 46.074714
13.926449, 47.038692
13.998325, 48.021991
14.070423, 49.024331
14.142631, 50.045429
14.214841, 51.084993
14.286950, 52.142734
14.358858, 53.218358
14.430470, 54.311574
14.501697, 55.422089
14.572450, 56.549616
14.642649, 57.693870
14.712215, 58.854568
14.781072, 60.031434
14.849149, 61.224197
14.916380, 62.432591
14.982699, 63.656357
15.048048, 64.895241
15.112368, 66.148999
15.175605, 67.417391
15.237710, 68.700187
15.298633, 69.997162
15.358331, 71.308102
15.416762, 72.632797
15.473886, 73.971049
15.529667, 75.322664
15.584073, 76.687458
15.637072, 78.065256
15.688635, 79.455888
15.738737, 80.859194
15.787355, 82.275022
15.834467, 83.703226
15.880055, 85.143668
15.924103, 86.596220
15.966597, 88.060758
16.007525, 89.537167
16.046876, 91.025339
16.084645, 92.525174
16.120824, 94.036577
16.155412, 95.559461
16.188406, 97.093746
16.219808, 98.639357
16.249621, 100.196228
16.277848, 101.764297
16.304498, 103.343508
16.329578, 104.933813
16.353100, 106.535168
16.375076, 108.147535
16.395520, 109.770881
16.414449, 111.405180
16.431882, 113.050409
16.447838, 114.706552
16.462340, 116.373596
16.475412, 118.051533
16.487080, 119.740360
16.497372, 121.440079
16.506318, 123.150693
16.513949, 124.872212
16.520299, 126.604648
16.525404, 128.348017
16.529300, 130.102337
16.532029, 131.867629
16.533630, 133.643919
16.534147, 135.431233
16.533626, 137.229599
16.532114, 139.039047
16.529659, 140.859611
16.526314, 142.691322
16.522131, 144.534215
16.517165, 146.388324
16.511474, 148.253683
16.505116, 150.130328
16.498154, 152.018292
16.490649, 153.917606
16.482668, 155.828304
16.474277, 157.750412
16.465545, 159.683960
16.456544, 161.628970
16.447346, 163.585463
16.438027, 165.553457
16.428663, 167.532962
16.419334, 169.523987
16.410119, 171.526534
16.401102, 173.540599
16.392367, 175.566170
16.384000, 177.603230
16.376088, 179.651752
16.368722, 181.711703
16.361991, 183.783038
16.355990, 185.865705
16.350812, 187.959640
16.346552, 190.064769
16.343307, 192.181006
16.341176, 194.308253
16.340256, 196.446399
16.340648, 198.595321
16.342453, 200.754881
16.345772, 202.924928
16.350708, 205.105295
16.357363, 207.295801
16.365840, 209.496251
16.376243, 211.706431
16.388673, 213.926114
16.403235, 216.155057
16.420030, 218.392998
16.439161, 220.639663
16.460729, 222.894759
16.484834, 225.157977
16.511576, 227.428995
16.541053, 229.707474
16.573360, 231.993059
16.608594, 234.285383
16.646847, 236.584062
16.688210, 238.888702
16.732772, 241.198895
16.780619, 243.514222
16.831834, 245.834252
16.886499, 248.158548
16.944691, 250.486660
17.006484, 252.818133
17.071952, 255.152507
17.141161, 257.489314
17.214176, 259.828085
17.291059, 262.168348
17.371865, 264.509630
17.456650, 266.851458
17.545461, 269.193362
17.638345, 271.534873
17.735342, 273.875529
17.836491, 276.214872
17.941824, 278.552452
18.051370, 280.887826
18.165155, 283.220561
18.283200, 285.550235
18.405521, 287.876438
18.532132, 290.198770
18.663041, 292.516846
18.798254, 294.830295
18.937773, 297.138760
19.081594, 299.441900
19.229712, 301.739390
19.382119, 304.030921
19.538800, 306.316199
19.699741, 308.594950
19.864922, 310.866913
20.034321, 313.131848
20.207913, 315.389530
20.385671, 317.639750
20.567564, 319.882317
20.753560, 322.117058
20.943623, 324.343814
21.137717, 326.562443
21.335802, 328.772817
21.537838, 330.974827
21.743780, 333.168374
21.953584, 335.353378
22.167205, 337.529768
22.384595, 339.697490
22.605705, 341.856502
22.830484, 344.006771
23.058882, 346.148280
23.290846, 348.281019
23.526324, 350.404992
23.765262, 352.520209
24.007605, 354.626693
24.253299, 356.724473
24.502287, 358.813586
24.754514, 0.894078
25.009923, 2.966002
25.268458, 5.029416
25.530061, 7.084385
25.794676, 9.130980
26.062245, 11.169275
26.332711, 13.199352
26.606016, 15.221294
26.882103, 17.235189
27.160916, 19.241128
27.442396, 21.239205
27.726486, 23.229518
28.013131, 25.212166
28.302272, 27.187250
28.593853, 29.154872
28.887818, 31.115138
29.184111, 33.068152
29.482677, 35.014022
29.783459, 36.952854
30.086402, 38.884757
30.391452, 40.809837
30.698554, 42.728203
31.007654, 44.639963
31.318697, 46.545225
31.631631, 48.444096
31.946402, 50.336684
32.262957, 52.223094
32.581244, 54.103432
32.901211, 55.977803
33.222806, 57.846310
33.545977, 59.709058
33.870674, 61.566147
34.196847, 63.417679
34.524444, 65.263752
34.853415, 67.104466
35.183713, 68.939917
35.515286, 70.770200
35.848087, 72.595412
36.182067, 74.415643
36.517178, 76.230987
36.853372, 78.041533
37.190602, 79.847370
37.528820, 81.648585
37.867981, 83.445264
38.208037, 85.237491
38.548943, 87.025350
38.890652, 88.808921
39.233121, 90.588285
39.576302, 92.363521
39.920152, 94.134705
40.264627, 95.901912
40.609681, 97.665218
40.955272, 99.424695
41.301355, 101.180415
41.647888, 102.932447
41.994828, 104.680859
42.342131, 106.425721
42.689755, 108.167096
43.037659, 109.905050
43.385800, 111.639646
43.734138, 113.370947
44.082629, 115.099012
44.431235, 116.823902
44.779913, 118.545674
45.128623, 120.264386
45.477325, 121.980093
45.825979, 123.692851
46.174545, 125.402712
46.522984, 127.109730
46.871256, 128.813956
47.219323, 130.515439
47.567145, 132.214229
47.914684, 133.910375
48.261901, 135.603923
48.608759, 137.294919
48.955219, 138.983409
49.301245, 140.669437
49.646797, 142.353045
49.991841, 144.034277
50.336337, 145.713174
50.680250, 147.389776
51.023542, 149.064123
51.366178, 150.736253
51.708122, 152.406205
52.049337, 154.074016
52.389788, 155.739722
52.729439, 157.403359
53.068255, 159.064962
53.406202, 160.724564
53.743243, 162.382199
54.079344, 164.037900
54.414472, 165.691698
54.748591, 167.343626
55.081668, 168.993712
55.413668, 170.641988
55.744559, 172.288483
56.074306, 173.933225
56.402876, 175.576242
56.730237, 177.217562
57.056356, 178.857211
57.381199, 180.495217
57.704735, 182.131604
58.026931, 183.766398
58.347755, 185.399624
58.667176, 187.031305
58.985161, 188.661465
59.301680, 190.290128
59.616700, 191.917316
59.930192, 193.543051
60.242124, 195.167354
60.552465, 196.790248
60.861186, 198.411752
61.168255, 200.031888
61.473644, 201.650674
61.777321, 203.268131
62.079258, 204.884278
62.379425, 206.499132
62.677793, 208.112713
62.974333, 209.725039
63.269016, 211.336126
63.561814, 212.945992
63.852698, 214.554654
64.141639, 216.162128
64.428611, 217.768430
64.713585, 219.373576
##END=
