##TITLE= Parameter file, TopSpin 4.3.0
##JCAMPDX= 5.0
##DATATYPE= Parameter Values
##ORIGIN= Bruker BioSpin GmbH
##OWNER= nmrsu
$$ 2024-03-11 01:26:01.897 +0000  nmrsu@4CE1161FJM
$$ C:/Bruker/TopSpin4.3.0/exp/stan/nmr/lists/wave/user/multisupp_aux_d8
$$ process C:\Bruker\TopSpin4.3.0\prog\mod\xwinshape.exe
##MINX= 0.43157000
##MAXX= 99.99938900
##MINY= 0.20074900
##MAXY= 359.79925100
##$SHAPE_ADDPHASE= 0
##$SHAPE_AMP= 99.99938931
##$SHAPE_BWFAC= 0
##$SHAPE_BWFAC50= 0
##$SHAPE_CALCBW= yes
##$SHAPE_CALCINTEG= yes
##$SHAPE_EXMODE= <Excitation>
##$SHAPE_EXPAND= <>
##$SHAPE_EXPANDCF= (0..143)
0 0 0 0 0 0 0 0 0 0 0 0 0 0 0 0 0 0 0 0 0 0 0 0 0 0 0 0 0 0 0 0 0 0 0 0
0 0 0 0 0 0 0 0 0 0 0 0 0 0 0 0 0 0 0 0 0 0 0 0 0 0 0 0 0 0 0 0 0 0 0 0
0 0 0 0 0 0 0 0 0 0 0 0 0 0 0 0 0 0 0 0 0 0 0 0 0 0 0 0 0 0 0 0 0 0 0 0
0 0 0 0 0 0 0 0 0 0 0 0 0 0 0 0 0 0 0 0 0 0 0 0 0 0 0 0 0 0 0 0 0 0 0 0
##$SHAPE_EXPFAC= 0
##$SHAPE_FRACEND= 0
##$SHAPE_FRACORG= 0
##$SHAPE_FRACSTART= 0
##$SHAPE_INTEGFAC= 0
##$SHAPE_KEEPRES= yes
##$SHAPE_LENGTH= 25000.000373
##$SHAPE_MAN= <M>
##$SHAPE_MODE= 3
##$SHAPE_MODFREQ= 0
##$SHAPE_MODPHASE= 0
##$SHAPE_MODSCALE= 0
##$SHAPE_MODSW= 0
##$SHAPE_MODSWDIR= -1
##$SHAPE_NPOINTS= 1250
##$SHAPE_OFFS= <1 3>
##$SHAPE_OFFSCOEFF= (0..95)
-156.72986 0 100 -224.43706 0 100 -292.97393 0 100 0 0 0 0 0 0 0 0 0 0
0 0 0 0 0 0 0 0 0 0 0 0 0 0 0 0 0 0 0 0 0 0 0 0 0 0 0 0 0 0 0 0 0 0 0 0
0 0 0 0 0 0 0 0 0 0 0 0 0 0 0 0 0 0 0 0 0 0 0 0 0 0 0 0 0 0 0 0 0 0 0 0
0 0 0 0 0
##$SHAPE_PARAMETER= <>
##$SHAPE_REPHFAC= 0
##$SHAPE_RES= 0
##$SHAPE_SCALEFAC= 1.00000611
##$SHAPE_SCALETYPE= 0
##$SHAPE_SPOAL= 0
##$SHAPE_SPOFFS= 0
##$SHAPE_SPOPH= 0
##$SHAPE_TOTROT= 90
##$SHAPE_TYPE= <Excitation>
##$SHAPE_USER_DEF= <>
##$SHAPE_VERSION= 2.1
##$SHL_ADDPHASE= (0..15)
0 0 0 0 0 0 0 0 0 0 0 0 0 0 0 0
##$SHL_ALIGNOFFSET= (0..15)
0 0 0 0 0 0 0 0 0 0 0 0 0 0 0 0
##$SHL_AMP= (0..15)
100 0 0 0 0 0 0 0 0 0 0 0 0 0 0 0
##$SHL_AMPFAC= (0..15)
0 0 0 0 0 0 0 0 0 0 0 0 0 0 0 0
##$SHL_BETA= (0..15)
0 0 0 0 0 0 0 0 0 0 0 0 0 0 0 0
##$SHL_BWFAC= (0..15)
1.116 0 0 0 0 0 0 0 0 0 0 0 0 0 0 0
##$SHL_CALCBW= (0..15)
yes yes yes yes yes yes yes yes yes yes yes yes yes yes yes yes
##$SHL_CALCINTEG= (0..15)
yes yes yes yes yes yes yes yes yes yes yes yes yes yes yes yes
##$SHL_CENTERAMP= (0..15)
0 0 0 0 0 0 0 0 0 0 0 0 0 0 0 0
##$SHL_CYCNUM= (0..15)
0 0 0 0 0 0 0 0 0 0 0 0 0 0 0 0
##$SHL_DIPOLCPL= (0..15)
0 0 0 0 0 0 0 0 0 0 0 0 0 0 0 0
##$SHL_ENDAMP= (0..15)
0 0 0 0 0 0 0 0 0 0 0 0 0 0 0 0
##$SHL_EXMODE= (0..15)
<Excitation> <> <> <> <> <> <> <> <> <> <> <> <> <> <> <>
##$SHL_EXPAND= (0..15)
<> <> <> <> <> <> <> <> <> <> <> <> <> <> <> <>
##$SHL_EXPANDCF0= (0..143)
0 0 0 0 0 0 0 0 0 0 0 0 0 0 0 0 0 0 0 0 0 0 0 0 0 0 0 0 0 0 0 0 0 0 0 0
0 0 0 0 0 0 0 0 0 0 0 0 0 0 0 0 0 0 0 0 0 0 0 0 0 0 0 0 0 0 0 0 0 0 0 0
0 0 0 0 0 0 0 0 0 0 0 0 0 0 0 0 0 0 0 0 0 0 0 0 0 0 0 0 0 0 0 0 0 0 0 0
0 0 0 0 0 0 0 0 0 0 0 0 0 0 0 0 0 0 0 0 0 0 0 0 0 0 0 0 0 0 0 0 0 0 0 0
##$SHL_EXPANDCF1= (0..143)
0 0 0 0 0 0 0 0 0 0 0 0 0 0 0 0 0 0 0 0 0 0 0 0 0 0 0 0 0 0 0 0 0 0 0 0
0 0 0 0 0 0 0 0 0 0 0 0 0 0 0 0 0 0 0 0 0 0 0 0 0 0 0 0 0 0 0 0 0 0 0 0
0 0 0 0 0 0 0 0 0 0 0 0 0 0 0 0 0 0 0 0 0 0 0 0 0 0 0 0 0 0 0 0 0 0 0 0
0 0 0 0 0 0 0 0 0 0 0 0 0 0 0 0 0 0 0 0 0 0 0 0 0 0 0 0 0 0 0 0 0 0 0 0
##$SHL_EXPANDCF10= (0..143)
0 0 0 0 0 0 0 0 0 0 0 0 0 0 0 0 0 0 0 0 0 0 0 0 0 0 0 0 0 0 0 0 0 0 0 0
0 0 0 0 0 0 0 0 0 0 0 0 0 0 0 0 0 0 0 0 0 0 0 0 0 0 0 0 0 0 0 0 0 0 0 0
0 0 0 0 0 0 0 0 0 0 0 0 0 0 0 0 0 0 0 0 0 0 0 0 0 0 0 0 0 0 0 0 0 0 0 0
0 0 0 0 0 0 0 0 0 0 0 0 0 0 0 0 0 0 0 0 0 0 0 0 0 0 0 0 0 0 0 0 0 0 0 0
##$SHL_EXPANDCF11= (0..143)
0 0 0 0 0 0 0 0 0 0 0 0 0 0 0 0 0 0 0 0 0 0 0 0 0 0 0 0 0 0 0 0 0 0 0 0
0 0 0 0 0 0 0 0 0 0 0 0 0 0 0 0 0 0 0 0 0 0 0 0 0 0 0 0 0 0 0 0 0 0 0 0
0 0 0 0 0 0 0 0 0 0 0 0 0 0 0 0 0 0 0 0 0 0 0 0 0 0 0 0 0 0 0 0 0 0 0 0
0 0 0 0 0 0 0 0 0 0 0 0 0 0 0 0 0 0 0 0 0 0 0 0 0 0 0 0 0 0 0 0 0 0 0 0
##$SHL_EXPANDCF12= (0..143)
0 0 0 0 0 0 0 0 0 0 0 0 0 0 0 0 0 0 0 0 0 0 0 0 0 0 0 0 0 0 0 0 0 0 0 0
0 0 0 0 0 0 0 0 0 0 0 0 0 0 0 0 0 0 0 0 0 0 0 0 0 0 0 0 0 0 0 0 0 0 0 0
0 0 0 0 0 0 0 0 0 0 0 0 0 0 0 0 0 0 0 0 0 0 0 0 0 0 0 0 0 0 0 0 0 0 0 0
0 0 0 0 0 0 0 0 0 0 0 0 0 0 0 0 0 0 0 0 0 0 0 0 0 0 0 0 0 0 0 0 0 0 0 0
##$SHL_EXPANDCF13= (0..143)
0 0 0 0 0 0 0 0 0 0 0 0 0 0 0 0 0 0 0 0 0 0 0 0 0 0 0 0 0 0 0 0 0 0 0 0
0 0 0 0 0 0 0 0 0 0 0 0 0 0 0 0 0 0 0 0 0 0 0 0 0 0 0 0 0 0 0 0 0 0 0 0
0 0 0 0 0 0 0 0 0 0 0 0 0 0 0 0 0 0 0 0 0 0 0 0 0 0 0 0 0 0 0 0 0 0 0 0
0 0 0 0 0 0 0 0 0 0 0 0 0 0 0 0 0 0 0 0 0 0 0 0 0 0 0 0 0 0 0 0 0 0 0 0
##$SHL_EXPANDCF14= (0..143)
0 0 0 0 0 0 0 0 0 0 0 0 0 0 0 0 0 0 0 0 0 0 0 0 0 0 0 0 0 0 0 0 0 0 0 0
0 0 0 0 0 0 0 0 0 0 0 0 0 0 0 0 0 0 0 0 0 0 0 0 0 0 0 0 0 0 0 0 0 0 0 0
0 0 0 0 0 0 0 0 0 0 0 0 0 0 0 0 0 0 0 0 0 0 0 0 0 0 0 0 0 0 0 0 0 0 0 0
0 0 0 0 0 0 0 0 0 0 0 0 0 0 0 0 0 0 0 0 0 0 0 0 0 0 0 0 0 0 0 0 0 0 0 0
##$SHL_EXPANDCF15= (0..143)
0 0 0 0 0 0 0 0 0 0 0 0 0 0 0 0 0 0 0 0 0 0 0 0 0 0 0 0 0 0 0 0 0 0 0 0
0 0 0 0 0 0 0 0 0 0 0 0 0 0 0 0 0 0 0 0 0 0 0 0 0 0 0 0 0 0 0 0 0 0 0 0
0 0 0 0 0 0 0 0 0 0 0 0 0 0 0 0 0 0 0 0 0 0 0 0 0 0 0 0 0 0 0 0 0 0 0 0
0 0 0 0 0 0 0 0 0 0 0 0 0 0 0 0 0 0 0 0 0 0 0 0 0 0 0 0 0 0 0 0 0 0 0 0
##$SHL_EXPANDCF2= (0..143)
0 0 0 0 0 0 0 0 0 0 0 0 0 0 0 0 0 0 0 0 0 0 0 0 0 0 0 0 0 0 0 0 0 0 0 0
0 0 0 0 0 0 0 0 0 0 0 0 0 0 0 0 0 0 0 0 0 0 0 0 0 0 0 0 0 0 0 0 0 0 0 0
0 0 0 0 0 0 0 0 0 0 0 0 0 0 0 0 0 0 0 0 0 0 0 0 0 0 0 0 0 0 0 0 0 0 0 0
0 0 0 0 0 0 0 0 0 0 0 0 0 0 0 0 0 0 0 0 0 0 0 0 0 0 0 0 0 0 0 0 0 0 0 0
##$SHL_EXPANDCF3= (0..143)
0 0 0 0 0 0 0 0 0 0 0 0 0 0 0 0 0 0 0 0 0 0 0 0 0 0 0 0 0 0 0 0 0 0 0 0
0 0 0 0 0 0 0 0 0 0 0 0 0 0 0 0 0 0 0 0 0 0 0 0 0 0 0 0 0 0 0 0 0 0 0 0
0 0 0 0 0 0 0 0 0 0 0 0 0 0 0 0 0 0 0 0 0 0 0 0 0 0 0 0 0 0 0 0 0 0 0 0
0 0 0 0 0 0 0 0 0 0 0 0 0 0 0 0 0 0 0 0 0 0 0 0 0 0 0 0 0 0 0 0 0 0 0 0
##$SHL_EXPANDCF4= (0..143)
0 0 0 0 0 0 0 0 0 0 0 0 0 0 0 0 0 0 0 0 0 0 0 0 0 0 0 0 0 0 0 0 0 0 0 0
0 0 0 0 0 0 0 0 0 0 0 0 0 0 0 0 0 0 0 0 0 0 0 0 0 0 0 0 0 0 0 0 0 0 0 0
0 0 0 0 0 0 0 0 0 0 0 0 0 0 0 0 0 0 0 0 0 0 0 0 0 0 0 0 0 0 0 0 0 0 0 0
0 0 0 0 0 0 0 0 0 0 0 0 0 0 0 0 0 0 0 0 0 0 0 0 0 0 0 0 0 0 0 0 0 0 0 0
##$SHL_EXPANDCF5= (0..143)
0 0 0 0 0 0 0 0 0 0 0 0 0 0 0 0 0 0 0 0 0 0 0 0 0 0 0 0 0 0 0 0 0 0 0 0
0 0 0 0 0 0 0 0 0 0 0 0 0 0 0 0 0 0 0 0 0 0 0 0 0 0 0 0 0 0 0 0 0 0 0 0
0 0 0 0 0 0 0 0 0 0 0 0 0 0 0 0 0 0 0 0 0 0 0 0 0 0 0 0 0 0 0 0 0 0 0 0
0 0 0 0 0 0 0 0 0 0 0 0 0 0 0 0 0 0 0 0 0 0 0 0 0 0 0 0 0 0 0 0 0 0 0 0
##$SHL_EXPANDCF6= (0..143)
0 0 0 0 0 0 0 0 0 0 0 0 0 0 0 0 0 0 0 0 0 0 0 0 0 0 0 0 0 0 0 0 0 0 0 0
0 0 0 0 0 0 0 0 0 0 0 0 0 0 0 0 0 0 0 0 0 0 0 0 0 0 0 0 0 0 0 0 0 0 0 0
0 0 0 0 0 0 0 0 0 0 0 0 0 0 0 0 0 0 0 0 0 0 0 0 0 0 0 0 0 0 0 0 0 0 0 0
0 0 0 0 0 0 0 0 0 0 0 0 0 0 0 0 0 0 0 0 0 0 0 0 0 0 0 0 0 0 0 0 0 0 0 0
##$SHL_EXPANDCF7= (0..143)
0 0 0 0 0 0 0 0 0 0 0 0 0 0 0 0 0 0 0 0 0 0 0 0 0 0 0 0 0 0 0 0 0 0 0 0
0 0 0 0 0 0 0 0 0 0 0 0 0 0 0 0 0 0 0 0 0 0 0 0 0 0 0 0 0 0 0 0 0 0 0 0
0 0 0 0 0 0 0 0 0 0 0 0 0 0 0 0 0 0 0 0 0 0 0 0 0 0 0 0 0 0 0 0 0 0 0 0
0 0 0 0 0 0 0 0 0 0 0 0 0 0 0 0 0 0 0 0 0 0 0 0 0 0 0 0 0 0 0 0 0 0 0 0
##$SHL_EXPANDCF8= (0..143)
0 0 0 0 0 0 0 0 0 0 0 0 0 0 0 0 0 0 0 0 0 0 0 0 0 0 0 0 0 0 0 0 0 0 0 0
0 0 0 0 0 0 0 0 0 0 0 0 0 0 0 0 0 0 0 0 0 0 0 0 0 0 0 0 0 0 0 0 0 0 0 0
0 0 0 0 0 0 0 0 0 0 0 0 0 0 0 0 0 0 0 0 0 0 0 0 0 0 0 0 0 0 0 0 0 0 0 0
0 0 0 0 0 0 0 0 0 0 0 0 0 0 0 0 0 0 0 0 0 0 0 0 0 0 0 0 0 0 0 0 0 0 0 0
##$SHL_EXPANDCF9= (0..143)
0 0 0 0 0 0 0 0 0 0 0 0 0 0 0 0 0 0 0 0 0 0 0 0 0 0 0 0 0 0 0 0 0 0 0 0
0 0 0 0 0 0 0 0 0 0 0 0 0 0 0 0 0 0 0 0 0 0 0 0 0 0 0 0 0 0 0 0 0 0 0 0
0 0 0 0 0 0 0 0 0 0 0 0 0 0 0 0 0 0 0 0 0 0 0 0 0 0 0 0 0 0 0 0 0 0 0 0
0 0 0 0 0 0 0 0 0 0 0 0 0 0 0 0 0 0 0 0 0 0 0 0 0 0 0 0 0 0 0 0 0 0 0 0
##$SHL_EXPFAC= (0..15)
0 0 0 0 0 0 0 0 0 0 0 0 0 0 0 0
##$SHL_FRACEND= (0..15)
0 0 0 0 0 0 0 0 0 0 0 0 0 0 0 0
##$SHL_FRACORG= (0..15)
0 0 0 0 0 0 0 0 0 0 0 0 0 0 0 0
##$SHL_FRACSTART= (0..15)
0 0 0 0 0 0 0 0 0 0 0 0 0 0 0 0
##$SHL_FULLHALF= (0..15)
0 0 0 0 0 0 0 0 0 0 0 0 0 0 0 0
##$SHL_FUNCAMP= (0..15)
100 0 0 0 0 0 0 0 0 0 0 0 0 0 0 0
##$SHL_FUNCTION= (0..15)
<Rectangle> <> <> <> <> <> <> <> <> <> <> <> <> <> <> <>
##$SHL_GCO= (0..15)
<> <> <> <> <> <> <> <> <> <> <> <> <> <> <> <>
##$SHL_GCOCOEFFS0= (0..59)
0 0 0 0 0 0 0 0 0 0 0 0 0 0 0 0 0 0 0 0 0 0 0 0 0 0 0 0 0 0 0 0 0 0 0 0
0 0 0 0 0 0 0 0 0 0 0 0 0 0 0 0 0 0 0 0 0 0 0 0
##$SHL_GCOCOEFFS1= (0..59)
0 0 0 0 0 0 0 0 0 0 0 0 0 0 0 0 0 0 0 0 0 0 0 0 0 0 0 0 0 0 0 0 0 0 0 0
0 0 0 0 0 0 0 0 0 0 0 0 0 0 0 0 0 0 0 0 0 0 0 0
##$SHL_GCOCOEFFS10= (0..59)
0 0 0 0 0 0 0 0 0 0 0 0 0 0 0 0 0 0 0 0 0 0 0 0 0 0 0 0 0 0 0 0 0 0 0 0
0 0 0 0 0 0 0 0 0 0 0 0 0 0 0 0 0 0 0 0 0 0 0 0
##$SHL_GCOCOEFFS11= (0..59)
0 0 0 0 0 0 0 0 0 0 0 0 0 0 0 0 0 0 0 0 0 0 0 0 0 0 0 0 0 0 0 0 0 0 0 0
0 0 0 0 0 0 0 0 0 0 0 0 0 0 0 0 0 0 0 0 0 0 0 0
##$SHL_GCOCOEFFS12= (0..59)
0 0 0 0 0 0 0 0 0 0 0 0 0 0 0 0 0 0 0 0 0 0 0 0 0 0 0 0 0 0 0 0 0 0 0 0
0 0 0 0 0 0 0 0 0 0 0 0 0 0 0 0 0 0 0 0 0 0 0 0
##$SHL_GCOCOEFFS13= (0..59)
0 0 0 0 0 0 0 0 0 0 0 0 0 0 0 0 0 0 0 0 0 0 0 0 0 0 0 0 0 0 0 0 0 0 0 0
0 0 0 0 0 0 0 0 0 0 0 0 0 0 0 0 0 0 0 0 0 0 0 0
##$SHL_GCOCOEFFS14= (0..59)
0 0 0 0 0 0 0 0 0 0 0 0 0 0 0 0 0 0 0 0 0 0 0 0 0 0 0 0 0 0 0 0 0 0 0 0
0 0 0 0 0 0 0 0 0 0 0 0 0 0 0 0 0 0 0 0 0 0 0 0
##$SHL_GCOCOEFFS15= (0..59)
0 0 0 0 0 0 0 0 0 0 0 0 0 0 0 0 0 0 0 0 0 0 0 0 0 0 0 0 0 0 0 0 0 0 0 0
0 0 0 0 0 0 0 0 0 0 0 0 0 0 0 0 0 0 0 0 0 0 0 0
##$SHL_GCOCOEFFS2= (0..59)
0 0 0 0 0 0 0 0 0 0 0 0 0 0 0 0 0 0 0 0 0 0 0 0 0 0 0 0 0 0 0 0 0 0 0 0
0 0 0 0 0 0 0 0 0 0 0 0 0 0 0 0 0 0 0 0 0 0 0 0
##$SHL_GCOCOEFFS3= (0..59)
0 0 0 0 0 0 0 0 0 0 0 0 0 0 0 0 0 0 0 0 0 0 0 0 0 0 0 0 0 0 0 0 0 0 0 0
0 0 0 0 0 0 0 0 0 0 0 0 0 0 0 0 0 0 0 0 0 0 0 0
##$SHL_GCOCOEFFS4= (0..59)
0 0 0 0 0 0 0 0 0 0 0 0 0 0 0 0 0 0 0 0 0 0 0 0 0 0 0 0 0 0 0 0 0 0 0 0
0 0 0 0 0 0 0 0 0 0 0 0 0 0 0 0 0 0 0 0 0 0 0 0
##$SHL_GCOCOEFFS5= (0..59)
0 0 0 0 0 0 0 0 0 0 0 0 0 0 0 0 0 0 0 0 0 0 0 0 0 0 0 0 0 0 0 0 0 0 0 0
0 0 0 0 0 0 0 0 0 0 0 0 0 0 0 0 0 0 0 0 0 0 0 0
##$SHL_GCOCOEFFS6= (0..59)
0 0 0 0 0 0 0 0 0 0 0 0 0 0 0 0 0 0 0 0 0 0 0 0 0 0 0 0 0 0 0 0 0 0 0 0
0 0 0 0 0 0 0 0 0 0 0 0 0 0 0 0 0 0 0 0 0 0 0 0
##$SHL_GCOCOEFFS7= (0..59)
0 0 0 0 0 0 0 0 0 0 0 0 0 0 0 0 0 0 0 0 0 0 0 0 0 0 0 0 0 0 0 0 0 0 0 0
0 0 0 0 0 0 0 0 0 0 0 0 0 0 0 0 0 0 0 0 0 0 0 0
##$SHL_GCOCOEFFS8= (0..59)
0 0 0 0 0 0 0 0 0 0 0 0 0 0 0 0 0 0 0 0 0 0 0 0 0 0 0 0 0 0 0 0 0 0 0 0
0 0 0 0 0 0 0 0 0 0 0 0 0 0 0 0 0 0 0 0 0 0 0 0
##$SHL_GCOCOEFFS9= (0..59)
0 0 0 0 0 0 0 0 0 0 0 0 0 0 0 0 0 0 0 0 0 0 0 0 0 0 0 0 0 0 0 0 0 0 0 0
0 0 0 0 0 0 0 0 0 0 0 0 0 0 0 0 0 0 0 0 0 0 0 0
##$SHL_INTEGFAC= (0..15)
1 0 0 0 0 0 0 0 0 0 0 0 0 0 0 0
##$SHL_LB= (0..15)
0 0 0 0 0 0 0 0 0 0 0 0 0 0 0 0
##$SHL_LEFTLIMIT= (0..15)
0 0 0 0 0 0 0 0 0 0 0 0 0 0 0 0
##$SHL_LENGTH= (0..15)
25000.000373 0 0 0 0 0 0 0 0 0 0 0 0 0 0 0
##$SHL_MAN= (0..15)
<> <> <> <> <> <> <> <> <> <> <> <> <> <> <> <>
##$SHL_MEANAMP= (0..15)
0 0 0 0 0 0 0 0 0 0 0 0 0 0 0 0
##$SHL_MODAMP= (0..15)
0 0 0 0 0 0 0 0 0 0 0 0 0 0 0 0
##$SHL_MODE= (0..15)
0 0 0 0 0 0 0 0 0 0 0 0 0 0 0 0
##$SHL_MODFREQ= (0..15)
0 0 0 0 0 0 0 0 0 0 0 0 0 0 0 0
##$SHL_MODPHASE= (0..15)
0 0 0 0 0 0 0 0 0 0 0 0 0 0 0 0
##$SHL_MODSCALE= (0..15)
0 0 0 0 0 0 0 0 0 0 0 0 0 0 0 0
##$SHL_MODSW= (0..15)
0 0 0 0 0 0 0 0 0 0 0 0 0 0 0 0
##$SHL_MODSWDIR= (0..15)
-1 -1 -1 -1 -1 -1 -1 -1 -1 -1 -1 -1 -1 -1 -1 -1
##$SHL_MU= (0..15)
0 0 0 0 0 0 0 0 0 0 0 0 0 0 0 0
##$SHL_NPOINTS= (0..15)
1250 0 0 0 0 0 0 0 0 0 0 0 0 0 0 0
##$SHL_OFFS= (0..15)
<> <> <> <> <> <> <> <> <> <> <> <> <> <> <> <>
##$SHL_OFFSCOEFF0= (0..95)
0 0 0 0 0 0 0 0 0 0 0 0 0 0 0 0 0 0 0 0 0 0 0 0 0 0 0 0 0 0 0 0 0 0 0 0
0 0 0 0 0 0 0 0 0 0 0 0 0 0 0 0 0 0 0 0 0 0 0 0 0 0 0 0 0 0 0 0 0 0 0 0
0 0 0 0 0 0 0 0 0 0 0 0 0 0 0 0 0 0 0 0 0 0 0 0
##$SHL_OFFSCOEFF1= (0..95)
0 0 0 0 0 0 0 0 0 0 0 0 0 0 0 0 0 0 0 0 0 0 0 0 0 0 0 0 0 0 0 0 0 0 0 0
0 0 0 0 0 0 0 0 0 0 0 0 0 0 0 0 0 0 0 0 0 0 0 0 0 0 0 0 0 0 0 0 0 0 0 0
0 0 0 0 0 0 0 0 0 0 0 0 0 0 0 0 0 0 0 0 0 0 0 0
##$SHL_OFFSCOEFF10= (0..95)
0 0 0 0 0 0 0 0 0 0 0 0 0 0 0 0 0 0 0 0 0 0 0 0 0 0 0 0 0 0 0 0 0 0 0 0
0 0 0 0 0 0 0 0 0 0 0 0 0 0 0 0 0 0 0 0 0 0 0 0 0 0 0 0 0 0 0 0 0 0 0 0
0 0 0 0 0 0 0 0 0 0 0 0 0 0 0 0 0 0 0 0 0 0 0 0
##$SHL_OFFSCOEFF11= (0..95)
0 0 0 0 0 0 0 0 0 0 0 0 0 0 0 0 0 0 0 0 0 0 0 0 0 0 0 0 0 0 0 0 0 0 0 0
0 0 0 0 0 0 0 0 0 0 0 0 0 0 0 0 0 0 0 0 0 0 0 0 0 0 0 0 0 0 0 0 0 0 0 0
0 0 0 0 0 0 0 0 0 0 0 0 0 0 0 0 0 0 0 0 0 0 0 0
##$SHL_OFFSCOEFF12= (0..95)
0 0 0 0 0 0 0 0 0 0 0 0 0 0 0 0 0 0 0 0 0 0 0 0 0 0 0 0 0 0 0 0 0 0 0 0
0 0 0 0 0 0 0 0 0 0 0 0 0 0 0 0 0 0 0 0 0 0 0 0 0 0 0 0 0 0 0 0 0 0 0 0
0 0 0 0 0 0 0 0 0 0 0 0 0 0 0 0 0 0 0 0 0 0 0 0
##$SHL_OFFSCOEFF13= (0..95)
0 0 0 0 0 0 0 0 0 0 0 0 0 0 0 0 0 0 0 0 0 0 0 0 0 0 0 0 0 0 0 0 0 0 0 0
0 0 0 0 0 0 0 0 0 0 0 0 0 0 0 0 0 0 0 0 0 0 0 0 0 0 0 0 0 0 0 0 0 0 0 0
0 0 0 0 0 0 0 0 0 0 0 0 0 0 0 0 0 0 0 0 0 0 0 0
##$SHL_OFFSCOEFF14= (0..95)
0 0 0 0 0 0 0 0 0 0 0 0 0 0 0 0 0 0 0 0 0 0 0 0 0 0 0 0 0 0 0 0 0 0 0 0
0 0 0 0 0 0 0 0 0 0 0 0 0 0 0 0 0 0 0 0 0 0 0 0 0 0 0 0 0 0 0 0 0 0 0 0
0 0 0 0 0 0 0 0 0 0 0 0 0 0 0 0 0 0 0 0 0 0 0 0
##$SHL_OFFSCOEFF15= (0..95)
0 0 0 0 0 0 0 0 0 0 0 0 0 0 0 0 0 0 0 0 0 0 0 0 0 0 0 0 0 0 0 0 0 0 0 0
0 0 0 0 0 0 0 0 0 0 0 0 0 0 0 0 0 0 0 0 0 0 0 0 0 0 0 0 0 0 0 0 0 0 0 0
0 0 0 0 0 0 0 0 0 0 0 0 0 0 0 0 0 0 0 0 0 0 0 0
##$SHL_OFFSCOEFF2= (0..95)
0 0 0 0 0 0 0 0 0 0 0 0 0 0 0 0 0 0 0 0 0 0 0 0 0 0 0 0 0 0 0 0 0 0 0 0
0 0 0 0 0 0 0 0 0 0 0 0 0 0 0 0 0 0 0 0 0 0 0 0 0 0 0 0 0 0 0 0 0 0 0 0
0 0 0 0 0 0 0 0 0 0 0 0 0 0 0 0 0 0 0 0 0 0 0 0
##$SHL_OFFSCOEFF3= (0..95)
0 0 0 0 0 0 0 0 0 0 0 0 0 0 0 0 0 0 0 0 0 0 0 0 0 0 0 0 0 0 0 0 0 0 0 0
0 0 0 0 0 0 0 0 0 0 0 0 0 0 0 0 0 0 0 0 0 0 0 0 0 0 0 0 0 0 0 0 0 0 0 0
0 0 0 0 0 0 0 0 0 0 0 0 0 0 0 0 0 0 0 0 0 0 0 0
##$SHL_OFFSCOEFF4= (0..95)
0 0 0 0 0 0 0 0 0 0 0 0 0 0 0 0 0 0 0 0 0 0 0 0 0 0 0 0 0 0 0 0 0 0 0 0
0 0 0 0 0 0 0 0 0 0 0 0 0 0 0 0 0 0 0 0 0 0 0 0 0 0 0 0 0 0 0 0 0 0 0 0
0 0 0 0 0 0 0 0 0 0 0 0 0 0 0 0 0 0 0 0 0 0 0 0
##$SHL_OFFSCOEFF5= (0..95)
0 0 0 0 0 0 0 0 0 0 0 0 0 0 0 0 0 0 0 0 0 0 0 0 0 0 0 0 0 0 0 0 0 0 0 0
0 0 0 0 0 0 0 0 0 0 0 0 0 0 0 0 0 0 0 0 0 0 0 0 0 0 0 0 0 0 0 0 0 0 0 0
0 0 0 0 0 0 0 0 0 0 0 0 0 0 0 0 0 0 0 0 0 0 0 0
##$SHL_OFFSCOEFF6= (0..95)
0 0 0 0 0 0 0 0 0 0 0 0 0 0 0 0 0 0 0 0 0 0 0 0 0 0 0 0 0 0 0 0 0 0 0 0
0 0 0 0 0 0 0 0 0 0 0 0 0 0 0 0 0 0 0 0 0 0 0 0 0 0 0 0 0 0 0 0 0 0 0 0
0 0 0 0 0 0 0 0 0 0 0 0 0 0 0 0 0 0 0 0 0 0 0 0
##$SHL_OFFSCOEFF7= (0..95)
0 0 0 0 0 0 0 0 0 0 0 0 0 0 0 0 0 0 0 0 0 0 0 0 0 0 0 0 0 0 0 0 0 0 0 0
0 0 0 0 0 0 0 0 0 0 0 0 0 0 0 0 0 0 0 0 0 0 0 0 0 0 0 0 0 0 0 0 0 0 0 0
0 0 0 0 0 0 0 0 0 0 0 0 0 0 0 0 0 0 0 0 0 0 0 0
##$SHL_OFFSCOEFF8= (0..95)
0 0 0 0 0 0 0 0 0 0 0 0 0 0 0 0 0 0 0 0 0 0 0 0 0 0 0 0 0 0 0 0 0 0 0 0
0 0 0 0 0 0 0 0 0 0 0 0 0 0 0 0 0 0 0 0 0 0 0 0 0 0 0 0 0 0 0 0 0 0 0 0
0 0 0 0 0 0 0 0 0 0 0 0 0 0 0 0 0 0 0 0 0 0 0 0
##$SHL_OFFSCOEFF9= (0..95)
0 0 0 0 0 0 0 0 0 0 0 0 0 0 0 0 0 0 0 0 0 0 0 0 0 0 0 0 0 0 0 0 0 0 0 0
0 0 0 0 0 0 0 0 0 0 0 0 0 0 0 0 0 0 0 0 0 0 0 0 0 0 0 0 0 0 0 0 0 0 0 0
0 0 0 0 0 0 0 0 0 0 0 0 0 0 0 0 0 0 0 0 0 0 0 0
##$SHL_PHASE= (0..15)
0 0 0 0 0 0 0 0 0 0 0 0 0 0 0 0
##$SHL_PHASEFAC= (0..15)
0 0 0 0 0 0 0 0 0 0 0 0 0 0 0 0
##$SHL_POWERINDEX= (0..15)
0 0 0 0 0 0 0 0 0 0 0 0 0 0 0 0
##$SHL_QUADCOEFF= (0..15)
0 0 0 0 0 0 0 0 0 0 0 0 0 0 0 0
##$SHL_RIGHTLIMIT= (0..15)
0 0 0 0 0 0 0 0 0 0 0 0 0 0 0 0
##$SHL_SCALEFACTOR= (0..15)
1 1 1 1 1 1 1 1 1 1 1 1 1 1 1 1
##$SHL_SF= (0..15)
<> <> <> <> <> <> <> <> <> <> <> <> <> <> <> <>
##$SHL_SFCOEFFS0= (0..200)
0 0 0 0 0 0 0 0 0 0 0 0 0 0 0 0 0 0 0 0 0 0 0 0 0 0 0 0 0 0 0 0 0 0 0 0
0 0 0 0 0 0 0 0 0 0 0 0 0 0 0 0 0 0 0 0 0 0 0 0 0 0 0 0 0 0 0 0 0 0 0 0
0 0 0 0 0 0 0 0 0 0 0 0 0 0 0 0 0 0 0 0 0 0 0 0 0 0 0 0 0 0 0 0 0 0 0 0
0 0 0 0 0 0 0 0 0 0 0 0 0 0 0 0 0 0 0 0 0 0 0 0 0 0 0 0 0 0 0 0 0 0 0 0
0 0 0 0 0 0 0 0 0 0 0 0 0 0 0 0 0 0 0 0 0 0 0 0 0 0 0 0 0 0 0 0 0 0 0 0
0 0 0 0 0 0 0 0 0 0 0 0 0 0 0 0 0 0 0 0 0
##$SHL_SFCOEFFS1= (0..200)
0 0 0 0 0 0 0 0 0 0 0 0 0 0 0 0 0 0 0 0 0 0 0 0 0 0 0 0 0 0 0 0 0 0 0 0
0 0 0 0 0 0 0 0 0 0 0 0 0 0 0 0 0 0 0 0 0 0 0 0 0 0 0 0 0 0 0 0 0 0 0 0
0 0 0 0 0 0 0 0 0 0 0 0 0 0 0 0 0 0 0 0 0 0 0 0 0 0 0 0 0 0 0 0 0 0 0 0
0 0 0 0 0 0 0 0 0 0 0 0 0 0 0 0 0 0 0 0 0 0 0 0 0 0 0 0 0 0 0 0 0 0 0 0
0 0 0 0 0 0 0 0 0 0 0 0 0 0 0 0 0 0 0 0 0 0 0 0 0 0 0 0 0 0 0 0 0 0 0 0
0 0 0 0 0 0 0 0 0 0 0 0 0 0 0 0 0 0 0 0 0
##$SHL_SFCOEFFS10= (0..200)
0 0 0 0 0 0 0 0 0 0 0 0 0 0 0 0 0 0 0 0 0 0 0 0 0 0 0 0 0 0 0 0 0 0 0 0
0 0 0 0 0 0 0 0 0 0 0 0 0 0 0 0 0 0 0 0 0 0 0 0 0 0 0 0 0 0 0 0 0 0 0 0
0 0 0 0 0 0 0 0 0 0 0 0 0 0 0 0 0 0 0 0 0 0 0 0 0 0 0 0 0 0 0 0 0 0 0 0
0 0 0 0 0 0 0 0 0 0 0 0 0 0 0 0 0 0 0 0 0 0 0 0 0 0 0 0 0 0 0 0 0 0 0 0
0 0 0 0 0 0 0 0 0 0 0 0 0 0 0 0 0 0 0 0 0 0 0 0 0 0 0 0 0 0 0 0 0 0 0 0
0 0 0 0 0 0 0 0 0 0 0 0 0 0 0 0 0 0 0 0 0
##$SHL_SFCOEFFS11= (0..200)
0 0 0 0 0 0 0 0 0 0 0 0 0 0 0 0 0 0 0 0 0 0 0 0 0 0 0 0 0 0 0 0 0 0 0 0
0 0 0 0 0 0 0 0 0 0 0 0 0 0 0 0 0 0 0 0 0 0 0 0 0 0 0 0 0 0 0 0 0 0 0 0
0 0 0 0 0 0 0 0 0 0 0 0 0 0 0 0 0 0 0 0 0 0 0 0 0 0 0 0 0 0 0 0 0 0 0 0
0 0 0 0 0 0 0 0 0 0 0 0 0 0 0 0 0 0 0 0 0 0 0 0 0 0 0 0 0 0 0 0 0 0 0 0
0 0 0 0 0 0 0 0 0 0 0 0 0 0 0 0 0 0 0 0 0 0 0 0 0 0 0 0 0 0 0 0 0 0 0 0
0 0 0 0 0 0 0 0 0 0 0 0 0 0 0 0 0 0 0 0 0
##$SHL_SFCOEFFS12= (0..200)
0 0 0 0 0 0 0 0 0 0 0 0 0 0 0 0 0 0 0 0 0 0 0 0 0 0 0 0 0 0 0 0 0 0 0 0
0 0 0 0 0 0 0 0 0 0 0 0 0 0 0 0 0 0 0 0 0 0 0 0 0 0 0 0 0 0 0 0 0 0 0 0
0 0 0 0 0 0 0 0 0 0 0 0 0 0 0 0 0 0 0 0 0 0 0 0 0 0 0 0 0 0 0 0 0 0 0 0
0 0 0 0 0 0 0 0 0 0 0 0 0 0 0 0 0 0 0 0 0 0 0 0 0 0 0 0 0 0 0 0 0 0 0 0
0 0 0 0 0 0 0 0 0 0 0 0 0 0 0 0 0 0 0 0 0 0 0 0 0 0 0 0 0 0 0 0 0 0 0 0
0 0 0 0 0 0 0 0 0 0 0 0 0 0 0 0 0 0 0 0 0
##$SHL_SFCOEFFS13= (0..200)
0 0 0 0 0 0 0 0 0 0 0 0 0 0 0 0 0 0 0 0 0 0 0 0 0 0 0 0 0 0 0 0 0 0 0 0
0 0 0 0 0 0 0 0 0 0 0 0 0 0 0 0 0 0 0 0 0 0 0 0 0 0 0 0 0 0 0 0 0 0 0 0
0 0 0 0 0 0 0 0 0 0 0 0 0 0 0 0 0 0 0 0 0 0 0 0 0 0 0 0 0 0 0 0 0 0 0 0
0 0 0 0 0 0 0 0 0 0 0 0 0 0 0 0 0 0 0 0 0 0 0 0 0 0 0 0 0 0 0 0 0 0 0 0
0 0 0 0 0 0 0 0 0 0 0 0 0 0 0 0 0 0 0 0 0 0 0 0 0 0 0 0 0 0 0 0 0 0 0 0
0 0 0 0 0 0 0 0 0 0 0 0 0 0 0 0 0 0 0 0 0
##$SHL_SFCOEFFS14= (0..200)
0 0 0 0 0 0 0 0 0 0 0 0 0 0 0 0 0 0 0 0 0 0 0 0 0 0 0 0 0 0 0 0 0 0 0 0
0 0 0 0 0 0 0 0 0 0 0 0 0 0 0 0 0 0 0 0 0 0 0 0 0 0 0 0 0 0 0 0 0 0 0 0
0 0 0 0 0 0 0 0 0 0 0 0 0 0 0 0 0 0 0 0 0 0 0 0 0 0 0 0 0 0 0 0 0 0 0 0
0 0 0 0 0 0 0 0 0 0 0 0 0 0 0 0 0 0 0 0 0 0 0 0 0 0 0 0 0 0 0 0 0 0 0 0
0 0 0 0 0 0 0 0 0 0 0 0 0 0 0 0 0 0 0 0 0 0 0 0 0 0 0 0 0 0 0 0 0 0 0 0
0 0 0 0 0 0 0 0 0 0 0 0 0 0 0 0 0 0 0 0 0
##$SHL_SFCOEFFS15= (0..200)
0 0 0 0 0 0 0 0 0 0 0 0 0 0 0 0 0 0 0 0 0 0 0 0 0 0 0 0 0 0 0 0 0 0 0 0
0 0 0 0 0 0 0 0 0 0 0 0 0 0 0 0 0 0 0 0 0 0 0 0 0 0 0 0 0 0 0 0 0 0 0 0
0 0 0 0 0 0 0 0 0 0 0 0 0 0 0 0 0 0 0 0 0 0 0 0 0 0 0 0 0 0 0 0 0 0 0 0
0 0 0 0 0 0 0 0 0 0 0 0 0 0 0 0 0 0 0 0 0 0 0 0 0 0 0 0 0 0 0 0 0 0 0 0
0 0 0 0 0 0 0 0 0 0 0 0 0 0 0 0 0 0 0 0 0 0 0 0 0 0 0 0 0 0 0 0 0 0 0 0
0 0 0 0 0 0 0 0 0 0 0 0 0 0 0 0 0 0 0 0 0
##$SHL_SFCOEFFS2= (0..200)
0 0 0 0 0 0 0 0 0 0 0 0 0 0 0 0 0 0 0 0 0 0 0 0 0 0 0 0 0 0 0 0 0 0 0 0
0 0 0 0 0 0 0 0 0 0 0 0 0 0 0 0 0 0 0 0 0 0 0 0 0 0 0 0 0 0 0 0 0 0 0 0
0 0 0 0 0 0 0 0 0 0 0 0 0 0 0 0 0 0 0 0 0 0 0 0 0 0 0 0 0 0 0 0 0 0 0 0
0 0 0 0 0 0 0 0 0 0 0 0 0 0 0 0 0 0 0 0 0 0 0 0 0 0 0 0 0 0 0 0 0 0 0 0
0 0 0 0 0 0 0 0 0 0 0 0 0 0 0 0 0 0 0 0 0 0 0 0 0 0 0 0 0 0 0 0 0 0 0 0
0 0 0 0 0 0 0 0 0 0 0 0 0 0 0 0 0 0 0 0 0
##$SHL_SFCOEFFS3= (0..200)
0 0 0 0 0 0 0 0 0 0 0 0 0 0 0 0 0 0 0 0 0 0 0 0 0 0 0 0 0 0 0 0 0 0 0 0
0 0 0 0 0 0 0 0 0 0 0 0 0 0 0 0 0 0 0 0 0 0 0 0 0 0 0 0 0 0 0 0 0 0 0 0
0 0 0 0 0 0 0 0 0 0 0 0 0 0 0 0 0 0 0 0 0 0 0 0 0 0 0 0 0 0 0 0 0 0 0 0
0 0 0 0 0 0 0 0 0 0 0 0 0 0 0 0 0 0 0 0 0 0 0 0 0 0 0 0 0 0 0 0 0 0 0 0
0 0 0 0 0 0 0 0 0 0 0 0 0 0 0 0 0 0 0 0 0 0 0 0 0 0 0 0 0 0 0 0 0 0 0 0
0 0 0 0 0 0 0 0 0 0 0 0 0 0 0 0 0 0 0 0 0
##$SHL_SFCOEFFS4= (0..200)
0 0 0 0 0 0 0 0 0 0 0 0 0 0 0 0 0 0 0 0 0 0 0 0 0 0 0 0 0 0 0 0 0 0 0 0
0 0 0 0 0 0 0 0 0 0 0 0 0 0 0 0 0 0 0 0 0 0 0 0 0 0 0 0 0 0 0 0 0 0 0 0
0 0 0 0 0 0 0 0 0 0 0 0 0 0 0 0 0 0 0 0 0 0 0 0 0 0 0 0 0 0 0 0 0 0 0 0
0 0 0 0 0 0 0 0 0 0 0 0 0 0 0 0 0 0 0 0 0 0 0 0 0 0 0 0 0 0 0 0 0 0 0 0
0 0 0 0 0 0 0 0 0 0 0 0 0 0 0 0 0 0 0 0 0 0 0 0 0 0 0 0 0 0 0 0 0 0 0 0
0 0 0 0 0 0 0 0 0 0 0 0 0 0 0 0 0 0 0 0 0
##$SHL_SFCOEFFS5= (0..200)
0 0 0 0 0 0 0 0 0 0 0 0 0 0 0 0 0 0 0 0 0 0 0 0 0 0 0 0 0 0 0 0 0 0 0 0
0 0 0 0 0 0 0 0 0 0 0 0 0 0 0 0 0 0 0 0 0 0 0 0 0 0 0 0 0 0 0 0 0 0 0 0
0 0 0 0 0 0 0 0 0 0 0 0 0 0 0 0 0 0 0 0 0 0 0 0 0 0 0 0 0 0 0 0 0 0 0 0
0 0 0 0 0 0 0 0 0 0 0 0 0 0 0 0 0 0 0 0 0 0 0 0 0 0 0 0 0 0 0 0 0 0 0 0
0 0 0 0 0 0 0 0 0 0 0 0 0 0 0 0 0 0 0 0 0 0 0 0 0 0 0 0 0 0 0 0 0 0 0 0
0 0 0 0 0 0 0 0 0 0 0 0 0 0 0 0 0 0 0 0 0
##$SHL_SFCOEFFS6= (0..200)
0 0 0 0 0 0 0 0 0 0 0 0 0 0 0 0 0 0 0 0 0 0 0 0 0 0 0 0 0 0 0 0 0 0 0 0
0 0 0 0 0 0 0 0 0 0 0 0 0 0 0 0 0 0 0 0 0 0 0 0 0 0 0 0 0 0 0 0 0 0 0 0
0 0 0 0 0 0 0 0 0 0 0 0 0 0 0 0 0 0 0 0 0 0 0 0 0 0 0 0 0 0 0 0 0 0 0 0
0 0 0 0 0 0 0 0 0 0 0 0 0 0 0 0 0 0 0 0 0 0 0 0 0 0 0 0 0 0 0 0 0 0 0 0
0 0 0 0 0 0 0 0 0 0 0 0 0 0 0 0 0 0 0 0 0 0 0 0 0 0 0 0 0 0 0 0 0 0 0 0
0 0 0 0 0 0 0 0 0 0 0 0 0 0 0 0 0 0 0 0 0
##$SHL_SFCOEFFS7= (0..200)
0 0 0 0 0 0 0 0 0 0 0 0 0 0 0 0 0 0 0 0 0 0 0 0 0 0 0 0 0 0 0 0 0 0 0 0
0 0 0 0 0 0 0 0 0 0 0 0 0 0 0 0 0 0 0 0 0 0 0 0 0 0 0 0 0 0 0 0 0 0 0 0
0 0 0 0 0 0 0 0 0 0 0 0 0 0 0 0 0 0 0 0 0 0 0 0 0 0 0 0 0 0 0 0 0 0 0 0
0 0 0 0 0 0 0 0 0 0 0 0 0 0 0 0 0 0 0 0 0 0 0 0 0 0 0 0 0 0 0 0 0 0 0 0
0 0 0 0 0 0 0 0 0 0 0 0 0 0 0 0 0 0 0 0 0 0 0 0 0 0 0 0 0 0 0 0 0 0 0 0
0 0 0 0 0 0 0 0 0 0 0 0 0 0 0 0 0 0 0 0 0
##$SHL_SFCOEFFS8= (0..200)
0 0 0 0 0 0 0 0 0 0 0 0 0 0 0 0 0 0 0 0 0 0 0 0 0 0 0 0 0 0 0 0 0 0 0 0
0 0 0 0 0 0 0 0 0 0 0 0 0 0 0 0 0 0 0 0 0 0 0 0 0 0 0 0 0 0 0 0 0 0 0 0
0 0 0 0 0 0 0 0 0 0 0 0 0 0 0 0 0 0 0 0 0 0 0 0 0 0 0 0 0 0 0 0 0 0 0 0
0 0 0 0 0 0 0 0 0 0 0 0 0 0 0 0 0 0 0 0 0 0 0 0 0 0 0 0 0 0 0 0 0 0 0 0
0 0 0 0 0 0 0 0 0 0 0 0 0 0 0 0 0 0 0 0 0 0 0 0 0 0 0 0 0 0 0 0 0 0 0 0
0 0 0 0 0 0 0 0 0 0 0 0 0 0 0 0 0 0 0 0 0
##$SHL_SFCOEFFS9= (0..200)
0 0 0 0 0 0 0 0 0 0 0 0 0 0 0 0 0 0 0 0 0 0 0 0 0 0 0 0 0 0 0 0 0 0 0 0
0 0 0 0 0 0 0 0 0 0 0 0 0 0 0 0 0 0 0 0 0 0 0 0 0 0 0 0 0 0 0 0 0 0 0 0
0 0 0 0 0 0 0 0 0 0 0 0 0 0 0 0 0 0 0 0 0 0 0 0 0 0 0 0 0 0 0 0 0 0 0 0
0 0 0 0 0 0 0 0 0 0 0 0 0 0 0 0 0 0 0 0 0 0 0 0 0 0 0 0 0 0 0 0 0 0 0 0
0 0 0 0 0 0 0 0 0 0 0 0 0 0 0 0 0 0 0 0 0 0 0 0 0 0 0 0 0 0 0 0 0 0 0 0
0 0 0 0 0 0 0 0 0 0 0 0 0 0 0 0 0 0 0 0 0
##$SHL_SMOOTHED= (0..15)
0 0 0 0 0 0 0 0 0 0 0 0 0 0 0 0
##$SHL_SMOOTHING= (0..15)
0 0 0 0 0 0 0 0 0 0 0 0 0 0 0 0
##$SHL_SPOAL= (0..15)
0 0 0 0 0 0 0 0 0 0 0 0 0 0 0 0
##$SHL_SPOFFS= (0..15)
0 0 0 0 0 0 0 0 0 0 0 0 0 0 0 0
##$SHL_SPOPH= (0..15)
0 0 0 0 0 0 0 0 0 0 0 0 0 0 0 0
##$SHL_STARTAMP= (0..15)
0 0 0 0 0 0 0 0 0 0 0 0 0 0 0 0
##$SHL_SW= (0..15)
0 0 0 0 0 0 0 0 0 0 0 0 0 0 0 0
##$SHL_SWDIR= (0..15)
-1 -1 -1 -1 -1 -1 -1 -1 -1 -1 -1 -1 -1 -1 -1 -1
##$SHL_TANKAPPA= (0..15)
0 0 0 0 0 0 0 0 0 0 0 0 0 0 0 0
##$SHL_TOTROT= (0..15)
90 0 0 0 0 0 0 0 0 0 0 0 0 0 0 0
##$SHL_TRUNCLEV= (0..15)
0 0 0 0 0 0 0 0 0 0 0 0 0 0 0 0
##$SHL_TYPE= (0..15)
<Excitation> <> <> <> <> <> <> <> <> <> <> <> <> <> <> <>
##$SHL_WINDOWSIZE= (0..15)
0 0 0 0 0 0 0 0 0 0 0 0 0 0 0 0
##$SHL_ZETA= (0..15)
0 0 0 0 0 0 0 0 0 0 0 0 0 0 0 0
##NPOINTS= 1250
##XYPOINTS= (XY..XY)
72.794981, 69.829923
72.333704, 71.452927
71.869569, 73.076018
71.402610, 74.699197
70.932861, 76.322466
70.460356, 77.945827
69.985131, 79.569283
69.507220, 81.192834
69.026659, 82.816483
68.543481, 84.440233
68.057724, 86.064085
67.569422, 87.688042
67.078611, 89.312106
66.585327, 90.936279
66.089607, 92.560565
65.591487, 94.184965
65.091003, 95.809483
64.588192, 97.434121
64.083091, 99.058883
63.575737, 100.683770
63.066166, 102.308787
62.554418, 103.933937
62.040528, 105.559222
61.524536, 107.184647
61.006477, 108.810215
60.486392, 110.435929
59.964317, 112.061794
59.440291, 113.687814
58.914353, 115.313992
58.386540, 116.940334
57.856893, 118.566843
57.325449, 120.193525
56.792247, 121.820383
56.257328, 123.447424
55.720729, 125.074653
55.182490, 126.702074
54.642652, 128.329694
54.101253, 129.957518
53.558333, 131.585553
53.013932, 133.213806
52.468090, 134.842282
51.920847, 136.470989
51.372244, 138.099934
50.822320, 139.729125
50.271115, 141.358570
49.718671, 142.988276
49.165028, 144.618254
48.610226, 146.248511
48.054307, 147.879058
47.497310, 149.509903
46.939278, 151.141059
46.380250, 152.772535
45.820269, 154.404343
45.259374, 156.036494
44.697608, 157.669003
44.135012, 159.301881
43.571627, 160.935143
43.007494, 162.568804
42.442655, 164.202878
41.877151, 165.837381
41.311024, 167.472332
40.744316, 169.107748
40.177068, 170.743647
39.609322, 172.380050
39.041119, 174.016979
38.472503, 175.654454
37.903513, 177.292500
37.334194, 178.931142
36.764585, 180.570407
36.194729, 182.210322
35.624669, 183.850917
35.054446, 185.492225
34.484103, 187.134278
33.913680, 188.777113
33.343222, 190.420768
32.772769, 192.065283
32.202363, 193.710703
31.632048, 195.357073
31.061864, 197.004444
30.491855, 198.652869
29.922063, 200.302404
29.352529, 201.953112
28.783296, 203.605059
28.214406, 205.258315
27.645902, 206.912957
27.077826, 208.569067
26.510220, 210.226737
25.943126, 211.886061
25.376588, 213.547146
24.810646, 215.210105
24.245344, 216.875063
23.680725, 218.542155
23.116829, 220.211530
22.553702, 221.883349
21.991383, 223.557791
21.429918, 225.235049
20.869348, 226.915341
20.309715, 228.598904
19.751064, 230.286001
19.193438, 231.976925
18.636879, 233.672000
18.081431, 235.371592
17.527138, 237.076106
16.974044, 238.786002
16.422194, 240.501794
15.871632, 242.224067
15.322403, 243.953485
14.774554, 245.690806
14.228132, 247.436898
13.683183, 249.192763
13.139756, 250.959558
12.597902, 252.738633
12.057672, 254.531568
11.519120, 256.340225
10.982301, 258.166816
10.447275, 260.013985
9.914105, 261.884923
9.382859, 263.783514
8.853612, 265.714535
8.326447, 267.683924
7.801459, 269.699156
7.278758, 271.769774
6.758476, 273.908151
6.240773, 276.130613
5.725854, 278.459143
5.213986, 280.924040
4.705531, 283.568203
4.201005, 286.454334
3.701175, 289.677594
3.207249, 293.389070
2.721254, 297.842072
2.246871, 303.489971
1.791469, 311.207454
1.371562, 322.801983
1.028080, 341.904131
0.854168, 12.213308
0.944445, 45.165776
1.239672, 67.671049
1.629926, 81.150384
2.060122, 89.836636
2.508293, 96.017072
2.965007, 100.786671
3.425717, 104.699398
3.887990, 108.057710
4.350414, 111.038520
4.812110, 113.751464
5.272499, 116.267815
5.731179, 118.635793
6.187863, 120.889130
6.642331, 123.052105
7.094417, 125.142620
7.543985, 127.174159
7.990925, 129.157068
8.435143, 131.099413
8.876559, 133.007574
9.315102, 134.886662
9.750708, 136.740821
10.183321, 138.573443
10.612888, 140.387334
11.039359, 142.184831
11.462689, 143.967901
11.882834, 145.738206
12.299753, 147.497165
12.713405, 149.245991
13.123754, 150.985734
13.530761, 152.717301
13.934391, 154.441483
14.334610, 156.158971
14.731383, 157.870375
15.124678, 159.576231
15.514461, 161.277013
15.900702, 162.973145
16.283368, 164.665003
16.662430, 166.352923
17.037857, 168.037209
17.409620, 169.718133
17.777689, 171.395939
18.142037, 173.070850
18.502634, 174.743068
18.859453, 176.412775
19.212467, 178.080139
19.561648, 179.745310
19.906970, 181.408430
20.248407, 183.069624
20.585932, 184.729011
20.919520, 186.386698
21.249146, 188.042784
21.574785, 189.697361
21.896413, 191.350514
22.214005, 193.002321
22.527537, 194.652854
22.836987, 196.302181
23.142330, 197.950365
23.443544, 199.597463
23.740607, 201.243531
24.033496, 202.888619
24.322190, 204.532774
24.606666, 206.176040
24.886905, 207.818460
25.162884, 209.460071
25.434584, 211.100910
25.701984, 212.741011
25.965065, 214.380407
26.223806, 216.019127
26.478189, 217.657200
26.728196, 219.294653
26.973806, 220.931510
27.215003, 222.567797
27.451768, 224.203534
27.684084, 225.838744
27.911933, 227.473446
28.135299, 229.107659
28.354166, 230.741402
28.568516, 232.374691
28.778335, 234.007542
28.983606, 235.639972
29.184315, 237.271993
29.380447, 238.903621
29.571987, 240.534867
29.758921, 242.165745
29.941236, 243.796267
30.118917, 245.426442
30.291952, 247.056283
30.460328, 248.685800
30.624033, 250.315001
30.783054, 251.943897
30.937380, 253.572495
31.086999, 255.200805
31.231901, 256.828834
31.372074, 258.456589
31.507509, 260.084079
31.638195, 261.711310
31.764123, 263.338288
31.885283, 264.965019
32.001666, 266.591511
32.113265, 268.217767
32.220070, 269.843795
32.322074, 271.469598
32.419270, 273.095181
32.511649, 274.720550
32.599206, 276.345709
32.681934, 277.970662
32.759826, 279.595413
32.832877, 281.219966
32.901082, 282.844324
32.964436, 284.468491
33.022934, 286.092471
33.076571, 287.716265
33.125344, 289.339877
33.169248, 290.963311
33.208282, 292.586567
33.242441, 294.209650
33.271724, 295.832561
33.296128, 297.455302
33.315652, 299.077875
33.330293, 300.700282
33.340051, 302.322525
33.344925, 303.944605
33.344915, 305.566524
33.340021, 307.188283
33.330243, 308.809884
33.315581, 310.431327
33.296038, 312.052613
33.271613, 313.673743
33.242310, 315.294718
33.208129, 316.915539
33.169074, 318.536205
33.125148, 320.156717
33.076353, 321.777075
33.022694, 323.397280
32.964173, 325.017331
32.900797, 326.637228
32.832568, 328.256971
32.759492, 329.876559
32.681575, 331.495992
32.598821, 333.115269
32.511238, 334.734389
32.418832, 336.353351
32.321609, 337.972155
32.219576, 339.590798
32.112741, 341.209280
32.001112, 342.827599
31.884697, 344.445752
31.763505, 346.063740
31.637543, 347.681558
31.506823, 349.299205
31.371352, 350.916680
31.231142, 352.533978
31.086202, 354.151097
30.936543, 355.768035
30.782176, 357.384788
30.623112, 359.001352
30.459364, 0.617725
30.290942, 2.233902
30.117859, 3.849879
29.940129, 5.465652
29.757763, 7.081216
29.570776, 8.696565
29.379181, 10.311696
29.182993, 11.926602
28.982225, 13.541278
28.776892, 15.155716
28.567010, 16.769911
28.352593, 18.383855
28.133658, 19.997541
27.910220, 21.610961
27.682297, 23.224106
27.449904, 24.836968
27.213059, 26.449536
26.971779, 28.061801
26.726082, 29.673752
26.475986, 31.285378
26.221510, 32.896666
25.962671, 34.507603
25.699490, 36.118176
25.431984, 37.728370
25.160175, 39.338170
24.884082, 40.947558
24.603725, 42.556517
24.319125, 44.165027
24.030303, 45.773069
23.737279, 47.380621
23.440077, 48.987659
23.138717, 50.594159
22.833222, 52.200093
22.523613, 53.805432
22.209915, 55.410146
21.892150, 57.014201
21.570342, 58.617562
21.244513, 60.220188
20.914689, 61.822039
20.580894, 63.423068
20.243152, 65.023225
19.901488, 66.622459
19.555928, 68.220709
19.206496, 69.817912
18.853220, 71.413999
18.496124, 73.008893
18.135236, 74.602512
17.770583, 76.194764
17.402191, 77.785547
17.030087, 79.374751
16.654301, 80.962253
16.274859, 82.547917
15.891790, 84.131590
15.505122, 85.713104
15.114886, 87.292270
14.721109, 88.868875
14.323823, 90.442682
13.923056, 92.013420
13.518840, 93.580784
13.111206, 95.144425
12.700184, 96.703946
12.285807, 98.258889
11.868107, 99.808726
11.447117, 101.352844
11.022870, 102.890528
10.595401, 104.420937
10.164745, 105.943076
9.730937, 107.455762
9.294015, 108.957572
8.854017, 110.446782
8.410984, 111.921285
7.964957, 113.378473
7.515981, 114.815085
7.064105, 116.226984
6.609382, 117.608848
6.151871, 118.953705
5.691640, 120.252251
5.228771, 121.491782
4.763363, 122.654490
4.295548, 123.714623
3.825503, 124.633523
3.353492, 125.350424
2.879929, 125.764154
2.405533, 125.693281
1.931705, 124.778482
1.461630, 122.202430
1.004394, 115.690569
0.596916, 96.937689
0.431570, 44.042967
0.711280, 2.291937
1.149991, 348.903102
1.625729, 343.986055
2.115281, 342.040779
2.612197, 341.432433
3.114030, 341.532030
3.619647, 342.049893
4.128440, 342.834877
4.640049, 343.800633
5.154239, 344.894327
5.670843, 346.081845
6.189740, 347.340195
6.710829, 348.653316
7.234031, 350.009658
7.759275, 351.400699
8.286498, 352.820019
8.815644, 354.262687
9.346659, 355.724854
9.879494, 357.203473
10.414100, 358.696099
10.950430, 0.200749
11.488439, 1.715796
12.028083, 3.239893
12.569317, 4.771918
13.112100, 6.310926
13.656387, 7.856115
14.202137, 9.406802
14.749307, 10.962401
15.297855, 12.522407
15.847740, 14.086380
16.398919, 15.653938
16.951352, 17.224745
17.504996, 18.798508
18.059809, 20.374967
18.615752, 21.953889
19.172781, 23.535072
19.730856, 25.118331
20.289934, 26.703503
20.849975, 28.290440
21.410937, 29.879011
21.972778, 31.469096
22.535456, 33.060586
23.098931, 34.653383
23.663160, 36.247399
24.228102, 37.842551
24.793715, 39.438765
25.359958, 41.035974
25.926788, 42.634114
26.494164, 44.233130
27.062045, 45.832967
27.630387, 47.433578
28.199151, 49.034917
28.768292, 50.636943
29.337771, 52.239618
29.907545, 53.842906
30.477572, 55.446774
31.047810, 57.051191
31.618217, 58.656129
32.188752, 60.261560
32.759372, 61.867460
33.330036, 63.473806
33.900702, 65.080576
34.471327, 66.687749
35.041870, 68.295306
35.612290, 69.903229
36.182543, 71.511502
36.752589, 73.120109
37.322385, 74.729034
37.891890, 76.338264
38.461062, 77.947784
39.029860, 79.557584
39.598240, 81.167651
40.166162, 82.777973
40.733585, 84.388541
41.300465, 85.999344
41.866763, 87.610373
42.432436, 89.221619
42.997443, 90.833072
43.561742, 92.444726
44.125293, 94.056573
44.688053, 95.668605
45.249981, 97.280814
45.811037, 98.893196
46.371179, 100.505743
46.930365, 102.118449
47.488556, 103.731309
48.045710, 105.344317
48.601787, 106.957468
49.156744, 108.570757
49.710543, 110.184179
50.263142, 111.797730
50.814500, 113.411406
51.364578, 115.025201
51.913335, 116.639113
52.460730, 118.253137
53.006724, 119.867270
53.551277, 121.481508
54.094348, 123.095849
54.635898, 124.710287
55.175887, 126.324822
55.714276, 127.939449
56.251025, 129.554166
56.786095, 131.168970
57.319446, 132.783858
57.851040, 134.398828
58.380837, 136.013878
58.908799, 137.629005
59.434887, 139.244206
59.959062, 140.859481
60.481286, 142.474826
61.001521, 144.090239
61.519728, 145.705719
62.035870, 147.321264
62.549909, 148.936871
63.061807, 150.552540
63.571526, 152.168268
64.079030, 153.784055
64.584280, 155.399897
65.087241, 157.015794
65.587875, 158.631745
66.086145, 160.247747
66.582015, 161.863800
67.075448, 163.479901
67.566409, 165.096051
68.054862, 166.712248
68.540770, 168.328489
69.024098, 169.944775
69.504810, 171.561104
69.982872, 173.177475
70.458249, 174.793887
70.930904, 176.410339
71.400805, 178.026830
71.867916, 179.643359
72.332203, 181.259925
72.793632, 182.876527
73.252170, 184.493164
73.707782, 186.109835
74.160436, 187.726540
74.610097, 189.343278
75.056734, 190.960047
75.500314, 192.576848
75.940803, 194.193679
76.378170, 195.810539
76.812383, 197.427429
77.243410, 199.044347
77.671218, 200.661292
78.095778, 202.278265
78.517057, 203.895264
78.935025, 205.512288
79.349652, 207.129338
79.760906, 208.746412
80.168758, 210.363510
80.573178, 211.980631
80.974136, 213.597775
81.371603, 215.214942
81.765549, 216.832131
82.155946, 218.449340
82.542766, 220.066571
82.925979, 221.683822
83.305558, 223.301093
83.681475, 224.918383
84.053703, 226.535692
84.422213, 228.153020
84.786980, 229.770366
85.147976, 231.387730
85.505175, 233.005111
85.858551, 234.622508
86.208077, 236.239923
86.553729, 237.857353
86.895481, 239.474800
87.233308, 241.092262
87.567184, 242.709739
87.897087, 244.327230
88.222991, 245.944736
88.544872, 247.562256
88.862707, 249.179790
89.176474, 250.797337
89.486147, 252.414897
89.791706, 254.032471
90.093128, 255.650056
90.390390, 257.267654
90.683470, 258.885264
90.972348, 260.502885
91.257002, 262.120518
91.537412, 263.738162
91.813556, 265.355816
92.085414, 266.973482
92.352967, 268.591157
92.616195, 270.208843
92.875078, 271.826538
93.129599, 273.444243
93.379737, 275.061957
93.625475, 276.679681
93.866794, 278.297413
94.103678, 279.915154
94.336108, 281.532903
94.564068, 283.150660
94.787540, 284.768426
95.006509, 286.386199
95.220959, 288.003980
95.430873, 289.621768
95.636237, 291.239563
95.837035, 292.857365
96.033253, 294.475174
96.224876, 296.092989
96.411890, 297.710811
96.594281, 299.328639
96.772037, 300.946473
96.945144, 302.564312
97.113589, 304.182158
97.277360, 305.800008
97.436445, 307.417864
97.590833, 309.035725
97.740511, 310.653591
97.885470, 312.271462
98.025698, 313.889337
98.161186, 315.507216
98.291923, 317.125100
98.417899, 318.742987
98.539106, 320.360879
98.655535, 321.978774
98.767176, 323.596673
98.874023, 325.214575
98.976066, 326.832481
99.073299, 328.450389
99.165715, 330.068301
99.253306, 331.686215
99.336066, 333.304132
99.413990, 334.922051
99.487071, 336.539972
99.555304, 338.157896
99.618684, 339.775822
99.677207, 341.393749
99.730868, 343.011679
99.779663, 344.629609
99.823589, 346.247541
99.862642, 347.865475
99.896820, 349.483409
99.926120, 351.101345
99.950540, 352.719281
99.970079, 354.337218
99.984733, 355.955155
99.994504, 357.573093
99.999389, 359.191031
99.999389, 0.808969
99.994504, 2.426907
99.984733, 4.044845
99.970079, 5.662782
99.950540, 7.280719
99.926120, 8.898655
99.896820, 10.516591
99.862642, 12.134525
99.823589, 13.752459
99.779663, 15.370391
99.730868, 16.988321
99.677207, 18.606251
99.618684, 20.224178
99.555304, 21.842104
99.487071, 23.460028
99.413990, 25.077949
99.336066, 26.695868
99.253306, 28.313785
99.165715, 29.931699
99.073299, 31.549611
98.976066, 33.167519
98.874023, 34.785425
98.767176, 36.403327
98.655535, 38.021226
98.539106, 39.639121
98.417899, 41.257013
98.291923, 42.874900
98.161186, 44.492784
98.025698, 46.110663
97.885470, 47.728538
97.740511, 49.346409
97.590833, 50.964275
97.436445, 52.582136
97.277360, 54.199992
97.113589, 55.817842
96.945144, 57.435688
96.772037, 59.053527
96.594281, 60.671361
96.411890, 62.289189
96.224876, 63.907011
96.033253, 65.524826
95.837035, 67.142635
95.636237, 68.760437
95.430873, 70.378232
95.220959, 71.996020
95.006509, 73.613801
94.787540, 75.231574
94.564068, 76.849340
94.336108, 78.467097
94.103678, 80.084846
93.866794, 81.702587
93.625475, 83.320319
93.379737, 84.938043
93.129599, 86.555757
92.875078, 88.173462
92.616195, 89.791157
92.352967, 91.408843
92.085414, 93.026518
91.813556, 94.644184
91.537412, 96.261838
91.257002, 97.879482
90.972348, 99.497115
90.683470, 101.114736
90.390390, 102.732346
90.093128, 104.349944
89.791706, 105.967529
89.486147, 107.585103
89.176474, 109.202663
88.862707, 110.820210
88.544872, 112.437744
88.222991, 114.055264
87.897087, 115.672770
87.567184, 117.290261
87.233308, 118.907738
86.895481, 120.525200
86.553729, 122.142647
86.208077, 123.760077
85.858551, 125.377492
85.505175, 126.994889
85.147976, 128.612270
84.786980, 130.229634
84.422213, 131.846980
84.053703, 133.464308
83.681475, 135.081617
83.305558, 136.698907
82.925979, 138.316178
82.542766, 139.933429
82.155946, 141.550660
81.765549, 143.167869
81.371603, 144.785058
80.974136, 146.402225
80.573178, 148.019369
80.168758, 149.636490
79.760906, 151.253588
79.349652, 152.870662
78.935025, 154.487712
78.517057, 156.104736
78.095778, 157.721735
77.671218, 159.338708
77.243410, 160.955653
76.812383, 162.572571
76.378170, 164.189461
75.940803, 165.806321
75.500314, 167.423152
75.056734, 169.039953
74.610097, 170.656722
74.160436, 172.273460
73.707782, 173.890165
73.252170, 175.506836
72.793632, 177.123473
72.332203, 178.740075
71.867916, 180.356641
71.400805, 181.973170
70.930904, 183.589661
70.458249, 185.206113
69.982872, 186.822525
69.504810, 188.438896
69.024098, 190.055225
68.540770, 191.671511
68.054862, 193.287752
67.566409, 194.903949
67.075448, 196.520099
66.582015, 198.136200
66.086145, 199.752253
65.587875, 201.368255
65.087241, 202.984206
64.584280, 204.600103
64.079030, 206.215945
63.571526, 207.831732
63.061807, 209.447460
62.549909, 211.063129
62.035870, 212.678736
61.519728, 214.294281
61.001521, 215.909761
60.481286, 217.525174
59.959062, 219.140519
59.434887, 220.755794
58.908799, 222.370995
58.380837, 223.986122
57.851040, 225.601172
57.319446, 227.216142
56.786095, 228.831030
56.251025, 230.445834
55.714276, 232.060551
55.175887, 233.675178
54.635898, 235.289713
54.094348, 236.904151
53.551277, 238.518492
53.006724, 240.132730
52.460730, 241.746863
51.913335, 243.360887
51.364578, 244.974799
50.814500, 246.588594
50.263142, 248.202270
49.710543, 249.815821
49.156744, 251.429243
48.601787, 253.042532
48.045710, 254.655683
47.488556, 256.268691
46.930365, 257.881551
46.371179, 259.494257
45.811037, 261.106804
45.249981, 262.719186
44.688053, 264.331395
44.125293, 265.943427
43.561742, 267.555274
42.997443, 269.166928
42.432436, 270.778381
41.866763, 272.389627
41.300465, 274.000656
40.733585, 275.611459
40.166162, 277.222027
39.598240, 278.832349
39.029860, 280.442416
38.461062, 282.052216
37.891890, 283.661736
37.322385, 285.270966
36.752589, 286.879891
36.182543, 288.488498
35.612290, 290.096771
35.041870, 291.704694
34.471327, 293.312251
33.900702, 294.919424
33.330036, 296.526194
32.759372, 298.132540
32.188752, 299.738440
31.618217, 301.343871
31.047810, 302.948809
30.477572, 304.553226
29.907545, 306.157094
29.337771, 307.760382
28.768292, 309.363057
28.199151, 310.965083
27.630387, 312.566422
27.062045, 314.167033
26.494164, 315.766870
25.926788, 317.365886
25.359958, 318.964026
24.793715, 320.561235
24.228102, 322.157449
23.663160, 323.752601
23.098931, 325.346617
22.535456, 326.939414
21.972778, 328.530904
21.410937, 330.120989
20.849975, 331.709560
20.289934, 333.296497
19.730856, 334.881669
19.172781, 336.464928
18.615752, 338.046111
18.059809, 339.625033
17.504996, 341.201492
16.951352, 342.775255
16.398919, 344.346062
15.847740, 345.913620
15.297855, 347.477593
14.749307, 349.037599
14.202137, 350.593198
13.656387, 352.143885
13.112100, 353.689074
12.569317, 355.228082
12.028083, 356.760107
11.488439, 358.284204
10.950430, 359.799251
10.414100, 1.303901
9.879494, 2.796527
9.346659, 4.275146
8.815644, 5.737313
8.286498, 7.179981
7.759275, 8.599301
7.234031, 9.990342
6.710829, 11.346684
6.189740, 12.659805
5.670843, 13.918155
5.154239, 15.105673
4.640049, 16.199367
4.128440, 17.165123
3.619647, 17.950107
3.114030, 18.467970
2.612197, 18.567567
2.115281, 17.959221
1.625729, 16.013945
1.149991, 11.096898
0.711280, 357.708063
0.431570, 315.957033
0.596916, 263.062311
1.004394, 244.309431
1.461630, 237.797570
1.931705, 235.221518
2.405533, 234.306719
2.879929, 234.235846
3.353492, 234.649576
3.825503, 235.366477
4.295548, 236.285377
4.763363, 237.345510
5.228771, 238.508218
5.691640, 239.747749
6.151871, 241.046295
6.609382, 242.391152
7.064105, 243.773016
7.515981, 245.184915
7.964957, 246.621527
8.410984, 248.078715
8.854017, 249.553218
9.294015, 251.042428
9.730937, 252.544238
10.164745, 254.056924
10.595401, 255.579063
11.022870, 257.109472
11.447117, 258.647156
11.868107, 260.191274
12.285807, 261.741111
12.700184, 263.296054
13.111206, 264.855575
13.518840, 266.419216
13.923056, 267.986580
14.323823, 269.557318
14.721109, 271.131125
15.114886, 272.707730
15.505122, 274.286896
15.891790, 275.868410
16.274859, 277.452083
16.654301, 279.037747
17.030087, 280.625249
17.402191, 282.214453
17.770583, 283.805236
18.135236, 285.397488
18.496124, 286.991107
18.853220, 288.586001
19.206496, 290.182088
19.555928, 291.779291
19.901488, 293.377541
20.243152, 294.976775
20.580894, 296.576932
20.914689, 298.177961
21.244513, 299.779812
21.570342, 301.382438
21.892150, 302.985799
22.209915, 304.589854
22.523613, 306.194568
22.833222, 307.799907
23.138717, 309.405841
23.440077, 311.012341
23.737279, 312.619379
24.030303, 314.226931
24.319125, 315.834973
24.603725, 317.443483
24.884082, 319.052442
25.160175, 320.661830
25.431984, 322.271630
25.699490, 323.881824
25.962671, 325.492397
26.221510, 327.103334
26.475986, 328.714622
26.726082, 330.326248
26.971779, 331.938199
27.213059, 333.550464
27.449904, 335.163032
27.682297, 336.775894
27.910220, 338.389039
28.133658, 340.002459
28.352593, 341.616145
28.567010, 343.230089
28.776892, 344.844284
28.982225, 346.458722
29.182993, 348.073398
29.379181, 349.688304
29.570776, 351.303435
29.757763, 352.918784
29.940129, 354.534348
30.117859, 356.150121
30.290942, 357.766098
30.459364, 359.382275
30.623112, 0.998648
30.782176, 2.615212
30.936543, 4.231965
31.086202, 5.848903
31.231142, 7.466022
31.371352, 9.083320
31.506823, 10.700795
31.637543, 12.318442
31.763505, 13.936260
31.884697, 15.554248
32.001112, 17.172401
32.112741, 18.790720
32.219576, 20.409202
32.321609, 22.027845
32.418832, 23.646649
32.511238, 25.265611
32.598821, 26.884731
32.681575, 28.504008
32.759492, 30.123441
32.832568, 31.743029
32.900797, 33.362772
32.964173, 34.982669
33.022694, 36.602720
33.076353, 38.222925
33.125148, 39.843283
33.169074, 41.463795
33.208129, 43.084461
33.242310, 44.705282
33.271613, 46.326257
33.296038, 47.947387
33.315581, 49.568673
33.330243, 51.190116
33.340021, 52.811717
33.344915, 54.433476
33.344925, 56.055395
33.340051, 57.677475
33.330293, 59.299718
33.315652, 60.922125
33.296128, 62.544698
33.271724, 64.167439
33.242441, 65.790350
33.208282, 67.413433
33.169248, 69.036689
33.125344, 70.660123
33.076571, 72.283735
33.022934, 73.907529
32.964436, 75.531509
32.901082, 77.155676
32.832877, 78.780034
32.759826, 80.404587
32.681934, 82.029338
32.599206, 83.654291
32.511649, 85.279450
32.419270, 86.904819
32.322074, 88.530402
32.220070, 90.156205
32.113265, 91.782233
32.001666, 93.408489
31.885283, 95.034981
31.764123, 96.661712
31.638195, 98.288690
31.507509, 99.915921
31.372074, 101.543411
31.231901, 103.171166
31.086999, 104.799195
30.937380, 106.427505
30.783054, 108.056103
30.624033, 109.684999
30.460328, 111.314200
30.291952, 112.943717
30.118917, 114.573558
29.941236, 116.203733
29.758921, 117.834255
29.571987, 119.465133
29.380447, 121.096379
29.184315, 122.728007
28.983606, 124.360028
28.778335, 125.992458
28.568516, 127.625309
28.354166, 129.258598
28.135299, 130.892341
27.911933, 132.526554
27.684084, 134.161256
27.451768, 135.796466
27.215003, 137.432203
26.973806, 139.068490
26.728196, 140.705347
26.478189, 142.342800
26.223806, 143.980873
25.965065, 145.619593
25.701984, 147.258989
25.434584, 148.899090
25.162884, 150.539929
24.886905, 152.181540
24.606666, 153.823960
24.322190, 155.467226
24.033496, 157.111381
23.740607, 158.756469
23.443544, 160.402537
23.142330, 162.049635
22.836987, 163.697819
22.527537, 165.347146
22.214005, 166.997679
21.896413, 168.649486
21.574785, 170.302639
21.249146, 171.957216
20.919520, 173.613302
20.585932, 175.270989
20.248407, 176.930376
19.906970, 178.591570
19.561648, 180.254690
19.212467, 181.919861
18.859453, 183.587225
18.502634, 185.256932
18.142037, 186.929150
17.777689, 188.604061
17.409620, 190.281867
17.037857, 191.962791
16.662430, 193.647077
16.283368, 195.334997
15.900702, 197.026855
15.514461, 198.722987
15.124678, 200.423769
14.731383, 202.129625
14.334610, 203.841029
13.934391, 205.558517
13.530761, 207.282699
13.123754, 209.014266
12.713405, 210.754009
12.299753, 212.502835
11.882834, 214.261794
11.462689, 216.032099
11.039359, 217.815169
10.612888, 219.612666
10.183321, 221.426557
9.750708, 223.259179
9.315102, 225.113338
8.876559, 226.992426
8.435143, 228.900587
7.990925, 230.842932
7.543985, 232.825841
7.094417, 234.857380
6.642331, 236.947895
6.187863, 239.110870
5.731179, 241.364207
5.272499, 243.732185
4.812110, 246.248536
4.350414, 248.961480
3.887990, 251.942290
3.425717, 255.300602
2.965007, 259.213329
2.508293, 263.982928
2.060122, 270.163364
1.629926, 278.849616
1.239672, 292.328951
0.944445, 314.834224
0.854168, 347.786692
1.028080, 18.095869
1.371562, 37.198017
1.791469, 48.792546
2.246871, 56.510029
2.721254, 62.157928
3.207249, 66.610930
3.701175, 70.322406
4.201005, 73.545666
4.705531, 76.431797
5.213986, 79.075960
5.725854, 81.540857
6.240773, 83.869387
6.758476, 86.091849
7.278758, 88.230226
7.801459, 90.300844
8.326447, 92.316076
8.853612, 94.285465
9.382859, 96.216486
9.914105, 98.115077
10.447275, 99.986015
10.982301, 101.833184
11.519120, 103.659775
12.057672, 105.468432
12.597902, 107.261367
13.139756, 109.040442
13.683183, 110.807237
14.228132, 112.563102
14.774554, 114.309194
15.322403, 116.046515
15.871632, 117.775933
16.422194, 119.498206
16.974044, 121.213998
17.527138, 122.923894
18.081431, 124.628408
18.636879, 126.328000
19.193438, 128.023075
19.751064, 129.713999
20.309715, 131.401096
20.869348, 133.084659
21.429918, 134.764951
21.991383, 136.442209
22.553702, 138.116651
23.116829, 139.788470
23.680725, 141.457845
24.245344, 143.124937
24.810646, 144.789895
25.376588, 146.452854
25.943126, 148.113939
26.510220, 149.773263
27.077826, 151.430933
27.645902, 153.087043
28.214406, 154.741685
28.783296, 156.394941
29.352529, 158.046888
29.922063, 159.697596
30.491855, 161.347131
31.061864, 162.995556
31.632048, 164.642927
32.202363, 166.289297
32.772769, 167.934717
33.343222, 169.579232
33.913680, 171.222887
34.484103, 172.865722
35.054446, 174.507775
35.624669, 176.149083
36.194729, 177.789678
36.764585, 179.429593
37.334194, 181.068858
37.903513, 182.707500
38.472503, 184.345546
39.041119, 185.983021
39.609322, 187.619950
40.177068, 189.256353
40.744316, 190.892252
41.311024, 192.527668
41.877151, 194.162619
42.442655, 195.797122
43.007494, 197.431196
43.571627, 199.064857
44.135012, 200.698119
44.697608, 202.330997
45.259374, 203.963506
45.820269, 205.595657
46.380250, 207.227465
46.939278, 208.858941
47.497310, 210.490097
48.054307, 212.120942
48.610226, 213.751489
49.165028, 215.381746
49.718671, 217.011724
50.271115, 218.641430
50.822320, 220.270875
51.372244, 221.900066
51.920847, 223.529011
52.468090, 225.157718
53.013932, 226.786194
53.558333, 228.414447
54.101253, 230.042482
54.642652, 231.670306
55.182490, 233.297926
55.720729, 234.925347
56.257328, 236.552576
56.792247, 238.179617
57.325449, 239.806475
57.856893, 241.433157
58.386540, 243.059666
58.914353, 244.686008
59.440291, 246.312186
59.964317, 247.938206
60.486392, 249.564071
61.006477, 251.189785
61.524536, 252.815353
62.040528, 254.440778
62.554418, 256.066063
63.066166, 257.691213
63.575737, 259.316230
64.083091, 260.941117
64.588192, 262.565879
65.091003, 264.190517
65.591487, 265.815035
66.089607, 267.439435
66.585327, 269.063721
67.078611, 270.687894
67.569422, 272.311958
68.057724, 273.935915
68.543481, 275.559767
69.026659, 277.183517
69.507220, 278.807166
69.985131, 280.430717
70.460356, 282.054173
70.932861, 283.677534
71.402610, 285.300803
71.869569, 286.923982
72.333704, 288.547073
72.794981, 290.170077
##END=
