##TITLE= Parameter file, TopSpin 4.3.0
##JCAMPDX= 5.0
##DATATYPE= Parameter Values
##ORIGIN= Bruker BioSpin GmbH
##OWNER= nmrsu
$$ 2024-04-15 16:28:29.560 +0100  nmrsu@4CE1161FJM
$$ C:/Bruker/TopSpin4.3.0/exp/stan/nmr/lists/wave/user/multisupp_aux_d8
$$ process C:\Bruker\TopSpin4.3.0\prog\mod\xwinshape.exe
##MINX= 100.00000000
##MAXX= 100.00000000
##MINY= 0.79553200
##MAXY= 359.20446800
##$SHAPE_ADDPHASE= 0
##$SHAPE_AMP= 100
##$SHAPE_BWFAC= 0
##$SHAPE_BWFAC50= 0
##$SHAPE_CALCBW= yes
##$SHAPE_CALCINTEG= yes
##$SHAPE_EXMODE= <Excitation>
##$SHAPE_EXPAND= <>
##$SHAPE_EXPANDCF= (0..143)
0 0 0 0 0 0 0 0 0 0 0 0 0 0 0 0 0 0 0 0 0 0 0 0 0 0 0 0 0 0 0 0 0 0 0 0
0 0 0 0 0 0 0 0 0 0 0 0 0 0 0 0 0 0 0 0 0 0 0 0 0 0 0 0 0 0 0 0 0 0 0 0
0 0 0 0 0 0 0 0 0 0 0 0 0 0 0 0 0 0 0 0 0 0 0 0 0 0 0 0 0 0 0 0 0 0 0 0
0 0 0 0 0 0 0 0 0 0 0 0 0 0 0 0 0 0 0 0 0 0 0 0 0 0 0 0 0 0 0 0 0 0 0 0
##$SHAPE_EXPFAC= 0
##$SHAPE_FRACEND= 0
##$SHAPE_FRACORG= 0
##$SHAPE_FRACSTART= 0
##$SHAPE_INTEGFAC= 0
##$SHAPE_KEEPRES= yes
##$SHAPE_LENGTH= 25000.000373
##$SHAPE_MAN= <M>
##$SHAPE_MODE= 1
##$SHAPE_MODFREQ= 0
##$SHAPE_MODPHASE= 0
##$SHAPE_MODSCALE= 0
##$SHAPE_MODSW= 0
##$SHAPE_MODSWDIR= -1
##$SHAPE_NPOINTS= 1250
##$SHAPE_OFFS= <1 1>
##$SHAPE_OFFSCOEFF= (0..95)
-232.54469 0 100 0 0 0 0 0 0 0 0 0 0 0 0 0 0 0 0 0 0 0 0 0 0 0 0 0 0 0
0 0 0 0 0 0 0 0 0 0 0 0 0 0 0 0 0 0 0 0 0 0 0 0 0 0 0 0 0 0 0 0 0 0 0 0
0 0 0 0 0 0 0 0 0 0 0 0 0 0 0 0 0 0 0 0 0 0 0 0 0 0 0 0 0 0
##$SHAPE_PARAMETER= <>
##$SHAPE_REPHFAC= 0
##$SHAPE_RES= 0
##$SHAPE_SCALEFAC= 1
##$SHAPE_SCALETYPE= 0
##$SHAPE_SPOAL= 0
##$SHAPE_SPOFFS= 0
##$SHAPE_SPOPH= 0
##$SHAPE_TOTROT= 90
##$SHAPE_TYPE= <Excitation>
##$SHAPE_USER_DEF= <>
##$SHAPE_VERSION= 2.1
##$SHL_ADDPHASE= (0..15)
0 0 0 0 0 0 0 0 0 0 0 0 0 0 0 0
##$SHL_ALIGNOFFSET= (0..15)
0 0 0 0 0 0 0 0 0 0 0 0 0 0 0 0
##$SHL_AMP= (0..15)
100 0 0 0 0 0 0 0 0 0 0 0 0 0 0 0
##$SHL_AMPFAC= (0..15)
0 0 0 0 0 0 0 0 0 0 0 0 0 0 0 0
##$SHL_BETA= (0..15)
0 0 0 0 0 0 0 0 0 0 0 0 0 0 0 0
##$SHL_BWFAC= (0..15)
1.116 0 0 0 0 0 0 0 0 0 0 0 0 0 0 0
##$SHL_CALCBW= (0..15)
yes yes yes yes yes yes yes yes yes yes yes yes yes yes yes yes
##$SHL_CALCINTEG= (0..15)
yes yes yes yes yes yes yes yes yes yes yes yes yes yes yes yes
##$SHL_CENTERAMP= (0..15)
0 0 0 0 0 0 0 0 0 0 0 0 0 0 0 0
##$SHL_CYCNUM= (0..15)
0 0 0 0 0 0 0 0 0 0 0 0 0 0 0 0
##$SHL_DIPOLCPL= (0..15)
0 0 0 0 0 0 0 0 0 0 0 0 0 0 0 0
##$SHL_ENDAMP= (0..15)
0 0 0 0 0 0 0 0 0 0 0 0 0 0 0 0
##$SHL_EXMODE= (0..15)
<Excitation> <> <> <> <> <> <> <> <> <> <> <> <> <> <> <>
##$SHL_EXPAND= (0..15)
<> <> <> <> <> <> <> <> <> <> <> <> <> <> <> <>
##$SHL_EXPANDCF0= (0..143)
0 0 0 0 0 0 0 0 0 0 0 0 0 0 0 0 0 0 0 0 0 0 0 0 0 0 0 0 0 0 0 0 0 0 0 0
0 0 0 0 0 0 0 0 0 0 0 0 0 0 0 0 0 0 0 0 0 0 0 0 0 0 0 0 0 0 0 0 0 0 0 0
0 0 0 0 0 0 0 0 0 0 0 0 0 0 0 0 0 0 0 0 0 0 0 0 0 0 0 0 0 0 0 0 0 0 0 0
0 0 0 0 0 0 0 0 0 0 0 0 0 0 0 0 0 0 0 0 0 0 0 0 0 0 0 0 0 0 0 0 0 0 0 0
##$SHL_EXPANDCF1= (0..143)
0 0 0 0 0 0 0 0 0 0 0 0 0 0 0 0 0 0 0 0 0 0 0 0 0 0 0 0 0 0 0 0 0 0 0 0
0 0 0 0 0 0 0 0 0 0 0 0 0 0 0 0 0 0 0 0 0 0 0 0 0 0 0 0 0 0 0 0 0 0 0 0
0 0 0 0 0 0 0 0 0 0 0 0 0 0 0 0 0 0 0 0 0 0 0 0 0 0 0 0 0 0 0 0 0 0 0 0
0 0 0 0 0 0 0 0 0 0 0 0 0 0 0 0 0 0 0 0 0 0 0 0 0 0 0 0 0 0 0 0 0 0 0 0
##$SHL_EXPANDCF10= (0..143)
0 0 0 0 0 0 0 0 0 0 0 0 0 0 0 0 0 0 0 0 0 0 0 0 0 0 0 0 0 0 0 0 0 0 0 0
0 0 0 0 0 0 0 0 0 0 0 0 0 0 0 0 0 0 0 0 0 0 0 0 0 0 0 0 0 0 0 0 0 0 0 0
0 0 0 0 0 0 0 0 0 0 0 0 0 0 0 0 0 0 0 0 0 0 0 0 0 0 0 0 0 0 0 0 0 0 0 0
0 0 0 0 0 0 0 0 0 0 0 0 0 0 0 0 0 0 0 0 0 0 0 0 0 0 0 0 0 0 0 0 0 0 0 0
##$SHL_EXPANDCF11= (0..143)
0 0 0 0 0 0 0 0 0 0 0 0 0 0 0 0 0 0 0 0 0 0 0 0 0 0 0 0 0 0 0 0 0 0 0 0
0 0 0 0 0 0 0 0 0 0 0 0 0 0 0 0 0 0 0 0 0 0 0 0 0 0 0 0 0 0 0 0 0 0 0 0
0 0 0 0 0 0 0 0 0 0 0 0 0 0 0 0 0 0 0 0 0 0 0 0 0 0 0 0 0 0 0 0 0 0 0 0
0 0 0 0 0 0 0 0 0 0 0 0 0 0 0 0 0 0 0 0 0 0 0 0 0 0 0 0 0 0 0 0 0 0 0 0
##$SHL_EXPANDCF12= (0..143)
0 0 0 0 0 0 0 0 0 0 0 0 0 0 0 0 0 0 0 0 0 0 0 0 0 0 0 0 0 0 0 0 0 0 0 0
0 0 0 0 0 0 0 0 0 0 0 0 0 0 0 0 0 0 0 0 0 0 0 0 0 0 0 0 0 0 0 0 0 0 0 0
0 0 0 0 0 0 0 0 0 0 0 0 0 0 0 0 0 0 0 0 0 0 0 0 0 0 0 0 0 0 0 0 0 0 0 0
0 0 0 0 0 0 0 0 0 0 0 0 0 0 0 0 0 0 0 0 0 0 0 0 0 0 0 0 0 0 0 0 0 0 0 0
##$SHL_EXPANDCF13= (0..143)
0 0 0 0 0 0 0 0 0 0 0 0 0 0 0 0 0 0 0 0 0 0 0 0 0 0 0 0 0 0 0 0 0 0 0 0
0 0 0 0 0 0 0 0 0 0 0 0 0 0 0 0 0 0 0 0 0 0 0 0 0 0 0 0 0 0 0 0 0 0 0 0
0 0 0 0 0 0 0 0 0 0 0 0 0 0 0 0 0 0 0 0 0 0 0 0 0 0 0 0 0 0 0 0 0 0 0 0
0 0 0 0 0 0 0 0 0 0 0 0 0 0 0 0 0 0 0 0 0 0 0 0 0 0 0 0 0 0 0 0 0 0 0 0
##$SHL_EXPANDCF14= (0..143)
0 0 0 0 0 0 0 0 0 0 0 0 0 0 0 0 0 0 0 0 0 0 0 0 0 0 0 0 0 0 0 0 0 0 0 0
0 0 0 0 0 0 0 0 0 0 0 0 0 0 0 0 0 0 0 0 0 0 0 0 0 0 0 0 0 0 0 0 0 0 0 0
0 0 0 0 0 0 0 0 0 0 0 0 0 0 0 0 0 0 0 0 0 0 0 0 0 0 0 0 0 0 0 0 0 0 0 0
0 0 0 0 0 0 0 0 0 0 0 0 0 0 0 0 0 0 0 0 0 0 0 0 0 0 0 0 0 0 0 0 0 0 0 0
##$SHL_EXPANDCF15= (0..143)
0 0 0 0 0 0 0 0 0 0 0 0 0 0 0 0 0 0 0 0 0 0 0 0 0 0 0 0 0 0 0 0 0 0 0 0
0 0 0 0 0 0 0 0 0 0 0 0 0 0 0 0 0 0 0 0 0 0 0 0 0 0 0 0 0 0 0 0 0 0 0 0
0 0 0 0 0 0 0 0 0 0 0 0 0 0 0 0 0 0 0 0 0 0 0 0 0 0 0 0 0 0 0 0 0 0 0 0
0 0 0 0 0 0 0 0 0 0 0 0 0 0 0 0 0 0 0 0 0 0 0 0 0 0 0 0 0 0 0 0 0 0 0 0
##$SHL_EXPANDCF2= (0..143)
0 0 0 0 0 0 0 0 0 0 0 0 0 0 0 0 0 0 0 0 0 0 0 0 0 0 0 0 0 0 0 0 0 0 0 0
0 0 0 0 0 0 0 0 0 0 0 0 0 0 0 0 0 0 0 0 0 0 0 0 0 0 0 0 0 0 0 0 0 0 0 0
0 0 0 0 0 0 0 0 0 0 0 0 0 0 0 0 0 0 0 0 0 0 0 0 0 0 0 0 0 0 0 0 0 0 0 0
0 0 0 0 0 0 0 0 0 0 0 0 0 0 0 0 0 0 0 0 0 0 0 0 0 0 0 0 0 0 0 0 0 0 0 0
##$SHL_EXPANDCF3= (0..143)
0 0 0 0 0 0 0 0 0 0 0 0 0 0 0 0 0 0 0 0 0 0 0 0 0 0 0 0 0 0 0 0 0 0 0 0
0 0 0 0 0 0 0 0 0 0 0 0 0 0 0 0 0 0 0 0 0 0 0 0 0 0 0 0 0 0 0 0 0 0 0 0
0 0 0 0 0 0 0 0 0 0 0 0 0 0 0 0 0 0 0 0 0 0 0 0 0 0 0 0 0 0 0 0 0 0 0 0
0 0 0 0 0 0 0 0 0 0 0 0 0 0 0 0 0 0 0 0 0 0 0 0 0 0 0 0 0 0 0 0 0 0 0 0
##$SHL_EXPANDCF4= (0..143)
0 0 0 0 0 0 0 0 0 0 0 0 0 0 0 0 0 0 0 0 0 0 0 0 0 0 0 0 0 0 0 0 0 0 0 0
0 0 0 0 0 0 0 0 0 0 0 0 0 0 0 0 0 0 0 0 0 0 0 0 0 0 0 0 0 0 0 0 0 0 0 0
0 0 0 0 0 0 0 0 0 0 0 0 0 0 0 0 0 0 0 0 0 0 0 0 0 0 0 0 0 0 0 0 0 0 0 0
0 0 0 0 0 0 0 0 0 0 0 0 0 0 0 0 0 0 0 0 0 0 0 0 0 0 0 0 0 0 0 0 0 0 0 0
##$SHL_EXPANDCF5= (0..143)
0 0 0 0 0 0 0 0 0 0 0 0 0 0 0 0 0 0 0 0 0 0 0 0 0 0 0 0 0 0 0 0 0 0 0 0
0 0 0 0 0 0 0 0 0 0 0 0 0 0 0 0 0 0 0 0 0 0 0 0 0 0 0 0 0 0 0 0 0 0 0 0
0 0 0 0 0 0 0 0 0 0 0 0 0 0 0 0 0 0 0 0 0 0 0 0 0 0 0 0 0 0 0 0 0 0 0 0
0 0 0 0 0 0 0 0 0 0 0 0 0 0 0 0 0 0 0 0 0 0 0 0 0 0 0 0 0 0 0 0 0 0 0 0
##$SHL_EXPANDCF6= (0..143)
0 0 0 0 0 0 0 0 0 0 0 0 0 0 0 0 0 0 0 0 0 0 0 0 0 0 0 0 0 0 0 0 0 0 0 0
0 0 0 0 0 0 0 0 0 0 0 0 0 0 0 0 0 0 0 0 0 0 0 0 0 0 0 0 0 0 0 0 0 0 0 0
0 0 0 0 0 0 0 0 0 0 0 0 0 0 0 0 0 0 0 0 0 0 0 0 0 0 0 0 0 0 0 0 0 0 0 0
0 0 0 0 0 0 0 0 0 0 0 0 0 0 0 0 0 0 0 0 0 0 0 0 0 0 0 0 0 0 0 0 0 0 0 0
##$SHL_EXPANDCF7= (0..143)
0 0 0 0 0 0 0 0 0 0 0 0 0 0 0 0 0 0 0 0 0 0 0 0 0 0 0 0 0 0 0 0 0 0 0 0
0 0 0 0 0 0 0 0 0 0 0 0 0 0 0 0 0 0 0 0 0 0 0 0 0 0 0 0 0 0 0 0 0 0 0 0
0 0 0 0 0 0 0 0 0 0 0 0 0 0 0 0 0 0 0 0 0 0 0 0 0 0 0 0 0 0 0 0 0 0 0 0
0 0 0 0 0 0 0 0 0 0 0 0 0 0 0 0 0 0 0 0 0 0 0 0 0 0 0 0 0 0 0 0 0 0 0 0
##$SHL_EXPANDCF8= (0..143)
0 0 0 0 0 0 0 0 0 0 0 0 0 0 0 0 0 0 0 0 0 0 0 0 0 0 0 0 0 0 0 0 0 0 0 0
0 0 0 0 0 0 0 0 0 0 0 0 0 0 0 0 0 0 0 0 0 0 0 0 0 0 0 0 0 0 0 0 0 0 0 0
0 0 0 0 0 0 0 0 0 0 0 0 0 0 0 0 0 0 0 0 0 0 0 0 0 0 0 0 0 0 0 0 0 0 0 0
0 0 0 0 0 0 0 0 0 0 0 0 0 0 0 0 0 0 0 0 0 0 0 0 0 0 0 0 0 0 0 0 0 0 0 0
##$SHL_EXPANDCF9= (0..143)
0 0 0 0 0 0 0 0 0 0 0 0 0 0 0 0 0 0 0 0 0 0 0 0 0 0 0 0 0 0 0 0 0 0 0 0
0 0 0 0 0 0 0 0 0 0 0 0 0 0 0 0 0 0 0 0 0 0 0 0 0 0 0 0 0 0 0 0 0 0 0 0
0 0 0 0 0 0 0 0 0 0 0 0 0 0 0 0 0 0 0 0 0 0 0 0 0 0 0 0 0 0 0 0 0 0 0 0
0 0 0 0 0 0 0 0 0 0 0 0 0 0 0 0 0 0 0 0 0 0 0 0 0 0 0 0 0 0 0 0 0 0 0 0
##$SHL_EXPFAC= (0..15)
0 0 0 0 0 0 0 0 0 0 0 0 0 0 0 0
##$SHL_FRACEND= (0..15)
0 0 0 0 0 0 0 0 0 0 0 0 0 0 0 0
##$SHL_FRACORG= (0..15)
0 0 0 0 0 0 0 0 0 0 0 0 0 0 0 0
##$SHL_FRACSTART= (0..15)
0 0 0 0 0 0 0 0 0 0 0 0 0 0 0 0
##$SHL_FULLHALF= (0..15)
0 0 0 0 0 0 0 0 0 0 0 0 0 0 0 0
##$SHL_FUNCAMP= (0..15)
100 0 0 0 0 0 0 0 0 0 0 0 0 0 0 0
##$SHL_FUNCTION= (0..15)
<Rectangle> <> <> <> <> <> <> <> <> <> <> <> <> <> <> <>
##$SHL_GCO= (0..15)
<> <> <> <> <> <> <> <> <> <> <> <> <> <> <> <>
##$SHL_GCOCOEFFS0= (0..59)
0 0 0 0 0 0 0 0 0 0 0 0 0 0 0 0 0 0 0 0 0 0 0 0 0 0 0 0 0 0 0 0 0 0 0 0
0 0 0 0 0 0 0 0 0 0 0 0 0 0 0 0 0 0 0 0 0 0 0 0
##$SHL_GCOCOEFFS1= (0..59)
0 0 0 0 0 0 0 0 0 0 0 0 0 0 0 0 0 0 0 0 0 0 0 0 0 0 0 0 0 0 0 0 0 0 0 0
0 0 0 0 0 0 0 0 0 0 0 0 0 0 0 0 0 0 0 0 0 0 0 0
##$SHL_GCOCOEFFS10= (0..59)
0 0 0 0 0 0 0 0 0 0 0 0 0 0 0 0 0 0 0 0 0 0 0 0 0 0 0 0 0 0 0 0 0 0 0 0
0 0 0 0 0 0 0 0 0 0 0 0 0 0 0 0 0 0 0 0 0 0 0 0
##$SHL_GCOCOEFFS11= (0..59)
0 0 0 0 0 0 0 0 0 0 0 0 0 0 0 0 0 0 0 0 0 0 0 0 0 0 0 0 0 0 0 0 0 0 0 0
0 0 0 0 0 0 0 0 0 0 0 0 0 0 0 0 0 0 0 0 0 0 0 0
##$SHL_GCOCOEFFS12= (0..59)
0 0 0 0 0 0 0 0 0 0 0 0 0 0 0 0 0 0 0 0 0 0 0 0 0 0 0 0 0 0 0 0 0 0 0 0
0 0 0 0 0 0 0 0 0 0 0 0 0 0 0 0 0 0 0 0 0 0 0 0
##$SHL_GCOCOEFFS13= (0..59)
0 0 0 0 0 0 0 0 0 0 0 0 0 0 0 0 0 0 0 0 0 0 0 0 0 0 0 0 0 0 0 0 0 0 0 0
0 0 0 0 0 0 0 0 0 0 0 0 0 0 0 0 0 0 0 0 0 0 0 0
##$SHL_GCOCOEFFS14= (0..59)
0 0 0 0 0 0 0 0 0 0 0 0 0 0 0 0 0 0 0 0 0 0 0 0 0 0 0 0 0 0 0 0 0 0 0 0
0 0 0 0 0 0 0 0 0 0 0 0 0 0 0 0 0 0 0 0 0 0 0 0
##$SHL_GCOCOEFFS15= (0..59)
0 0 0 0 0 0 0 0 0 0 0 0 0 0 0 0 0 0 0 0 0 0 0 0 0 0 0 0 0 0 0 0 0 0 0 0
0 0 0 0 0 0 0 0 0 0 0 0 0 0 0 0 0 0 0 0 0 0 0 0
##$SHL_GCOCOEFFS2= (0..59)
0 0 0 0 0 0 0 0 0 0 0 0 0 0 0 0 0 0 0 0 0 0 0 0 0 0 0 0 0 0 0 0 0 0 0 0
0 0 0 0 0 0 0 0 0 0 0 0 0 0 0 0 0 0 0 0 0 0 0 0
##$SHL_GCOCOEFFS3= (0..59)
0 0 0 0 0 0 0 0 0 0 0 0 0 0 0 0 0 0 0 0 0 0 0 0 0 0 0 0 0 0 0 0 0 0 0 0
0 0 0 0 0 0 0 0 0 0 0 0 0 0 0 0 0 0 0 0 0 0 0 0
##$SHL_GCOCOEFFS4= (0..59)
0 0 0 0 0 0 0 0 0 0 0 0 0 0 0 0 0 0 0 0 0 0 0 0 0 0 0 0 0 0 0 0 0 0 0 0
0 0 0 0 0 0 0 0 0 0 0 0 0 0 0 0 0 0 0 0 0 0 0 0
##$SHL_GCOCOEFFS5= (0..59)
0 0 0 0 0 0 0 0 0 0 0 0 0 0 0 0 0 0 0 0 0 0 0 0 0 0 0 0 0 0 0 0 0 0 0 0
0 0 0 0 0 0 0 0 0 0 0 0 0 0 0 0 0 0 0 0 0 0 0 0
##$SHL_GCOCOEFFS6= (0..59)
0 0 0 0 0 0 0 0 0 0 0 0 0 0 0 0 0 0 0 0 0 0 0 0 0 0 0 0 0 0 0 0 0 0 0 0
0 0 0 0 0 0 0 0 0 0 0 0 0 0 0 0 0 0 0 0 0 0 0 0
##$SHL_GCOCOEFFS7= (0..59)
0 0 0 0 0 0 0 0 0 0 0 0 0 0 0 0 0 0 0 0 0 0 0 0 0 0 0 0 0 0 0 0 0 0 0 0
0 0 0 0 0 0 0 0 0 0 0 0 0 0 0 0 0 0 0 0 0 0 0 0
##$SHL_GCOCOEFFS8= (0..59)
0 0 0 0 0 0 0 0 0 0 0 0 0 0 0 0 0 0 0 0 0 0 0 0 0 0 0 0 0 0 0 0 0 0 0 0
0 0 0 0 0 0 0 0 0 0 0 0 0 0 0 0 0 0 0 0 0 0 0 0
##$SHL_GCOCOEFFS9= (0..59)
0 0 0 0 0 0 0 0 0 0 0 0 0 0 0 0 0 0 0 0 0 0 0 0 0 0 0 0 0 0 0 0 0 0 0 0
0 0 0 0 0 0 0 0 0 0 0 0 0 0 0 0 0 0 0 0 0 0 0 0
##$SHL_INTEGFAC= (0..15)
1 0 0 0 0 0 0 0 0 0 0 0 0 0 0 0
##$SHL_LB= (0..15)
0 0 0 0 0 0 0 0 0 0 0 0 0 0 0 0
##$SHL_LEFTLIMIT= (0..15)
0 0 0 0 0 0 0 0 0 0 0 0 0 0 0 0
##$SHL_LENGTH= (0..15)
25000.000373 0 0 0 0 0 0 0 0 0 0 0 0 0 0 0
##$SHL_MAN= (0..15)
<> <> <> <> <> <> <> <> <> <> <> <> <> <> <> <>
##$SHL_MEANAMP= (0..15)
0 0 0 0 0 0 0 0 0 0 0 0 0 0 0 0
##$SHL_MODAMP= (0..15)
0 0 0 0 0 0 0 0 0 0 0 0 0 0 0 0
##$SHL_MODE= (0..15)
0 0 0 0 0 0 0 0 0 0 0 0 0 0 0 0
##$SHL_MODFREQ= (0..15)
0 0 0 0 0 0 0 0 0 0 0 0 0 0 0 0
##$SHL_MODPHASE= (0..15)
0 0 0 0 0 0 0 0 0 0 0 0 0 0 0 0
##$SHL_MODSCALE= (0..15)
0 0 0 0 0 0 0 0 0 0 0 0 0 0 0 0
##$SHL_MODSW= (0..15)
0 0 0 0 0 0 0 0 0 0 0 0 0 0 0 0
##$SHL_MODSWDIR= (0..15)
-1 -1 -1 -1 -1 -1 -1 -1 -1 -1 -1 -1 -1 -1 -1 -1
##$SHL_MU= (0..15)
0 0 0 0 0 0 0 0 0 0 0 0 0 0 0 0
##$SHL_NPOINTS= (0..15)
1250 0 0 0 0 0 0 0 0 0 0 0 0 0 0 0
##$SHL_OFFS= (0..15)
<> <> <> <> <> <> <> <> <> <> <> <> <> <> <> <>
##$SHL_OFFSCOEFF0= (0..95)
0 0 0 0 0 0 0 0 0 0 0 0 0 0 0 0 0 0 0 0 0 0 0 0 0 0 0 0 0 0 0 0 0 0 0 0
0 0 0 0 0 0 0 0 0 0 0 0 0 0 0 0 0 0 0 0 0 0 0 0 0 0 0 0 0 0 0 0 0 0 0 0
0 0 0 0 0 0 0 0 0 0 0 0 0 0 0 0 0 0 0 0 0 0 0 0
##$SHL_OFFSCOEFF1= (0..95)
0 0 0 0 0 0 0 0 0 0 0 0 0 0 0 0 0 0 0 0 0 0 0 0 0 0 0 0 0 0 0 0 0 0 0 0
0 0 0 0 0 0 0 0 0 0 0 0 0 0 0 0 0 0 0 0 0 0 0 0 0 0 0 0 0 0 0 0 0 0 0 0
0 0 0 0 0 0 0 0 0 0 0 0 0 0 0 0 0 0 0 0 0 0 0 0
##$SHL_OFFSCOEFF10= (0..95)
0 0 0 0 0 0 0 0 0 0 0 0 0 0 0 0 0 0 0 0 0 0 0 0 0 0 0 0 0 0 0 0 0 0 0 0
0 0 0 0 0 0 0 0 0 0 0 0 0 0 0 0 0 0 0 0 0 0 0 0 0 0 0 0 0 0 0 0 0 0 0 0
0 0 0 0 0 0 0 0 0 0 0 0 0 0 0 0 0 0 0 0 0 0 0 0
##$SHL_OFFSCOEFF11= (0..95)
0 0 0 0 0 0 0 0 0 0 0 0 0 0 0 0 0 0 0 0 0 0 0 0 0 0 0 0 0 0 0 0 0 0 0 0
0 0 0 0 0 0 0 0 0 0 0 0 0 0 0 0 0 0 0 0 0 0 0 0 0 0 0 0 0 0 0 0 0 0 0 0
0 0 0 0 0 0 0 0 0 0 0 0 0 0 0 0 0 0 0 0 0 0 0 0
##$SHL_OFFSCOEFF12= (0..95)
0 0 0 0 0 0 0 0 0 0 0 0 0 0 0 0 0 0 0 0 0 0 0 0 0 0 0 0 0 0 0 0 0 0 0 0
0 0 0 0 0 0 0 0 0 0 0 0 0 0 0 0 0 0 0 0 0 0 0 0 0 0 0 0 0 0 0 0 0 0 0 0
0 0 0 0 0 0 0 0 0 0 0 0 0 0 0 0 0 0 0 0 0 0 0 0
##$SHL_OFFSCOEFF13= (0..95)
0 0 0 0 0 0 0 0 0 0 0 0 0 0 0 0 0 0 0 0 0 0 0 0 0 0 0 0 0 0 0 0 0 0 0 0
0 0 0 0 0 0 0 0 0 0 0 0 0 0 0 0 0 0 0 0 0 0 0 0 0 0 0 0 0 0 0 0 0 0 0 0
0 0 0 0 0 0 0 0 0 0 0 0 0 0 0 0 0 0 0 0 0 0 0 0
##$SHL_OFFSCOEFF14= (0..95)
0 0 0 0 0 0 0 0 0 0 0 0 0 0 0 0 0 0 0 0 0 0 0 0 0 0 0 0 0 0 0 0 0 0 0 0
0 0 0 0 0 0 0 0 0 0 0 0 0 0 0 0 0 0 0 0 0 0 0 0 0 0 0 0 0 0 0 0 0 0 0 0
0 0 0 0 0 0 0 0 0 0 0 0 0 0 0 0 0 0 0 0 0 0 0 0
##$SHL_OFFSCOEFF15= (0..95)
0 0 0 0 0 0 0 0 0 0 0 0 0 0 0 0 0 0 0 0 0 0 0 0 0 0 0 0 0 0 0 0 0 0 0 0
0 0 0 0 0 0 0 0 0 0 0 0 0 0 0 0 0 0 0 0 0 0 0 0 0 0 0 0 0 0 0 0 0 0 0 0
0 0 0 0 0 0 0 0 0 0 0 0 0 0 0 0 0 0 0 0 0 0 0 0
##$SHL_OFFSCOEFF2= (0..95)
0 0 0 0 0 0 0 0 0 0 0 0 0 0 0 0 0 0 0 0 0 0 0 0 0 0 0 0 0 0 0 0 0 0 0 0
0 0 0 0 0 0 0 0 0 0 0 0 0 0 0 0 0 0 0 0 0 0 0 0 0 0 0 0 0 0 0 0 0 0 0 0
0 0 0 0 0 0 0 0 0 0 0 0 0 0 0 0 0 0 0 0 0 0 0 0
##$SHL_OFFSCOEFF3= (0..95)
0 0 0 0 0 0 0 0 0 0 0 0 0 0 0 0 0 0 0 0 0 0 0 0 0 0 0 0 0 0 0 0 0 0 0 0
0 0 0 0 0 0 0 0 0 0 0 0 0 0 0 0 0 0 0 0 0 0 0 0 0 0 0 0 0 0 0 0 0 0 0 0
0 0 0 0 0 0 0 0 0 0 0 0 0 0 0 0 0 0 0 0 0 0 0 0
##$SHL_OFFSCOEFF4= (0..95)
0 0 0 0 0 0 0 0 0 0 0 0 0 0 0 0 0 0 0 0 0 0 0 0 0 0 0 0 0 0 0 0 0 0 0 0
0 0 0 0 0 0 0 0 0 0 0 0 0 0 0 0 0 0 0 0 0 0 0 0 0 0 0 0 0 0 0 0 0 0 0 0
0 0 0 0 0 0 0 0 0 0 0 0 0 0 0 0 0 0 0 0 0 0 0 0
##$SHL_OFFSCOEFF5= (0..95)
0 0 0 0 0 0 0 0 0 0 0 0 0 0 0 0 0 0 0 0 0 0 0 0 0 0 0 0 0 0 0 0 0 0 0 0
0 0 0 0 0 0 0 0 0 0 0 0 0 0 0 0 0 0 0 0 0 0 0 0 0 0 0 0 0 0 0 0 0 0 0 0
0 0 0 0 0 0 0 0 0 0 0 0 0 0 0 0 0 0 0 0 0 0 0 0
##$SHL_OFFSCOEFF6= (0..95)
0 0 0 0 0 0 0 0 0 0 0 0 0 0 0 0 0 0 0 0 0 0 0 0 0 0 0 0 0 0 0 0 0 0 0 0
0 0 0 0 0 0 0 0 0 0 0 0 0 0 0 0 0 0 0 0 0 0 0 0 0 0 0 0 0 0 0 0 0 0 0 0
0 0 0 0 0 0 0 0 0 0 0 0 0 0 0 0 0 0 0 0 0 0 0 0
##$SHL_OFFSCOEFF7= (0..95)
0 0 0 0 0 0 0 0 0 0 0 0 0 0 0 0 0 0 0 0 0 0 0 0 0 0 0 0 0 0 0 0 0 0 0 0
0 0 0 0 0 0 0 0 0 0 0 0 0 0 0 0 0 0 0 0 0 0 0 0 0 0 0 0 0 0 0 0 0 0 0 0
0 0 0 0 0 0 0 0 0 0 0 0 0 0 0 0 0 0 0 0 0 0 0 0
##$SHL_OFFSCOEFF8= (0..95)
0 0 0 0 0 0 0 0 0 0 0 0 0 0 0 0 0 0 0 0 0 0 0 0 0 0 0 0 0 0 0 0 0 0 0 0
0 0 0 0 0 0 0 0 0 0 0 0 0 0 0 0 0 0 0 0 0 0 0 0 0 0 0 0 0 0 0 0 0 0 0 0
0 0 0 0 0 0 0 0 0 0 0 0 0 0 0 0 0 0 0 0 0 0 0 0
##$SHL_OFFSCOEFF9= (0..95)
0 0 0 0 0 0 0 0 0 0 0 0 0 0 0 0 0 0 0 0 0 0 0 0 0 0 0 0 0 0 0 0 0 0 0 0
0 0 0 0 0 0 0 0 0 0 0 0 0 0 0 0 0 0 0 0 0 0 0 0 0 0 0 0 0 0 0 0 0 0 0 0
0 0 0 0 0 0 0 0 0 0 0 0 0 0 0 0 0 0 0 0 0 0 0 0
##$SHL_PHASE= (0..15)
0 0 0 0 0 0 0 0 0 0 0 0 0 0 0 0
##$SHL_PHASEFAC= (0..15)
0 0 0 0 0 0 0 0 0 0 0 0 0 0 0 0
##$SHL_POWERINDEX= (0..15)
0 0 0 0 0 0 0 0 0 0 0 0 0 0 0 0
##$SHL_QUADCOEFF= (0..15)
0 0 0 0 0 0 0 0 0 0 0 0 0 0 0 0
##$SHL_RIGHTLIMIT= (0..15)
0 0 0 0 0 0 0 0 0 0 0 0 0 0 0 0
##$SHL_SCALEFACTOR= (0..15)
1 1 1 1 1 1 1 1 1 1 1 1 1 1 1 1
##$SHL_SF= (0..15)
<> <> <> <> <> <> <> <> <> <> <> <> <> <> <> <>
##$SHL_SFCOEFFS0= (0..200)
0 0 0 0 0 0 0 0 0 0 0 0 0 0 0 0 0 0 0 0 0 0 0 0 0 0 0 0 0 0 0 0 0 0 0 0
0 0 0 0 0 0 0 0 0 0 0 0 0 0 0 0 0 0 0 0 0 0 0 0 0 0 0 0 0 0 0 0 0 0 0 0
0 0 0 0 0 0 0 0 0 0 0 0 0 0 0 0 0 0 0 0 0 0 0 0 0 0 0 0 0 0 0 0 0 0 0 0
0 0 0 0 0 0 0 0 0 0 0 0 0 0 0 0 0 0 0 0 0 0 0 0 0 0 0 0 0 0 0 0 0 0 0 0
0 0 0 0 0 0 0 0 0 0 0 0 0 0 0 0 0 0 0 0 0 0 0 0 0 0 0 0 0 0 0 0 0 0 0 0
0 0 0 0 0 0 0 0 0 0 0 0 0 0 0 0 0 0 0 0 0
##$SHL_SFCOEFFS1= (0..200)
0 0 0 0 0 0 0 0 0 0 0 0 0 0 0 0 0 0 0 0 0 0 0 0 0 0 0 0 0 0 0 0 0 0 0 0
0 0 0 0 0 0 0 0 0 0 0 0 0 0 0 0 0 0 0 0 0 0 0 0 0 0 0 0 0 0 0 0 0 0 0 0
0 0 0 0 0 0 0 0 0 0 0 0 0 0 0 0 0 0 0 0 0 0 0 0 0 0 0 0 0 0 0 0 0 0 0 0
0 0 0 0 0 0 0 0 0 0 0 0 0 0 0 0 0 0 0 0 0 0 0 0 0 0 0 0 0 0 0 0 0 0 0 0
0 0 0 0 0 0 0 0 0 0 0 0 0 0 0 0 0 0 0 0 0 0 0 0 0 0 0 0 0 0 0 0 0 0 0 0
0 0 0 0 0 0 0 0 0 0 0 0 0 0 0 0 0 0 0 0 0
##$SHL_SFCOEFFS10= (0..200)
0 0 0 0 0 0 0 0 0 0 0 0 0 0 0 0 0 0 0 0 0 0 0 0 0 0 0 0 0 0 0 0 0 0 0 0
0 0 0 0 0 0 0 0 0 0 0 0 0 0 0 0 0 0 0 0 0 0 0 0 0 0 0 0 0 0 0 0 0 0 0 0
0 0 0 0 0 0 0 0 0 0 0 0 0 0 0 0 0 0 0 0 0 0 0 0 0 0 0 0 0 0 0 0 0 0 0 0
0 0 0 0 0 0 0 0 0 0 0 0 0 0 0 0 0 0 0 0 0 0 0 0 0 0 0 0 0 0 0 0 0 0 0 0
0 0 0 0 0 0 0 0 0 0 0 0 0 0 0 0 0 0 0 0 0 0 0 0 0 0 0 0 0 0 0 0 0 0 0 0
0 0 0 0 0 0 0 0 0 0 0 0 0 0 0 0 0 0 0 0 0
##$SHL_SFCOEFFS11= (0..200)
0 0 0 0 0 0 0 0 0 0 0 0 0 0 0 0 0 0 0 0 0 0 0 0 0 0 0 0 0 0 0 0 0 0 0 0
0 0 0 0 0 0 0 0 0 0 0 0 0 0 0 0 0 0 0 0 0 0 0 0 0 0 0 0 0 0 0 0 0 0 0 0
0 0 0 0 0 0 0 0 0 0 0 0 0 0 0 0 0 0 0 0 0 0 0 0 0 0 0 0 0 0 0 0 0 0 0 0
0 0 0 0 0 0 0 0 0 0 0 0 0 0 0 0 0 0 0 0 0 0 0 0 0 0 0 0 0 0 0 0 0 0 0 0
0 0 0 0 0 0 0 0 0 0 0 0 0 0 0 0 0 0 0 0 0 0 0 0 0 0 0 0 0 0 0 0 0 0 0 0
0 0 0 0 0 0 0 0 0 0 0 0 0 0 0 0 0 0 0 0 0
##$SHL_SFCOEFFS12= (0..200)
0 0 0 0 0 0 0 0 0 0 0 0 0 0 0 0 0 0 0 0 0 0 0 0 0 0 0 0 0 0 0 0 0 0 0 0
0 0 0 0 0 0 0 0 0 0 0 0 0 0 0 0 0 0 0 0 0 0 0 0 0 0 0 0 0 0 0 0 0 0 0 0
0 0 0 0 0 0 0 0 0 0 0 0 0 0 0 0 0 0 0 0 0 0 0 0 0 0 0 0 0 0 0 0 0 0 0 0
0 0 0 0 0 0 0 0 0 0 0 0 0 0 0 0 0 0 0 0 0 0 0 0 0 0 0 0 0 0 0 0 0 0 0 0
0 0 0 0 0 0 0 0 0 0 0 0 0 0 0 0 0 0 0 0 0 0 0 0 0 0 0 0 0 0 0 0 0 0 0 0
0 0 0 0 0 0 0 0 0 0 0 0 0 0 0 0 0 0 0 0 0
##$SHL_SFCOEFFS13= (0..200)
0 0 0 0 0 0 0 0 0 0 0 0 0 0 0 0 0 0 0 0 0 0 0 0 0 0 0 0 0 0 0 0 0 0 0 0
0 0 0 0 0 0 0 0 0 0 0 0 0 0 0 0 0 0 0 0 0 0 0 0 0 0 0 0 0 0 0 0 0 0 0 0
0 0 0 0 0 0 0 0 0 0 0 0 0 0 0 0 0 0 0 0 0 0 0 0 0 0 0 0 0 0 0 0 0 0 0 0
0 0 0 0 0 0 0 0 0 0 0 0 0 0 0 0 0 0 0 0 0 0 0 0 0 0 0 0 0 0 0 0 0 0 0 0
0 0 0 0 0 0 0 0 0 0 0 0 0 0 0 0 0 0 0 0 0 0 0 0 0 0 0 0 0 0 0 0 0 0 0 0
0 0 0 0 0 0 0 0 0 0 0 0 0 0 0 0 0 0 0 0 0
##$SHL_SFCOEFFS14= (0..200)
0 0 0 0 0 0 0 0 0 0 0 0 0 0 0 0 0 0 0 0 0 0 0 0 0 0 0 0 0 0 0 0 0 0 0 0
0 0 0 0 0 0 0 0 0 0 0 0 0 0 0 0 0 0 0 0 0 0 0 0 0 0 0 0 0 0 0 0 0 0 0 0
0 0 0 0 0 0 0 0 0 0 0 0 0 0 0 0 0 0 0 0 0 0 0 0 0 0 0 0 0 0 0 0 0 0 0 0
0 0 0 0 0 0 0 0 0 0 0 0 0 0 0 0 0 0 0 0 0 0 0 0 0 0 0 0 0 0 0 0 0 0 0 0
0 0 0 0 0 0 0 0 0 0 0 0 0 0 0 0 0 0 0 0 0 0 0 0 0 0 0 0 0 0 0 0 0 0 0 0
0 0 0 0 0 0 0 0 0 0 0 0 0 0 0 0 0 0 0 0 0
##$SHL_SFCOEFFS15= (0..200)
0 0 0 0 0 0 0 0 0 0 0 0 0 0 0 0 0 0 0 0 0 0 0 0 0 0 0 0 0 0 0 0 0 0 0 0
0 0 0 0 0 0 0 0 0 0 0 0 0 0 0 0 0 0 0 0 0 0 0 0 0 0 0 0 0 0 0 0 0 0 0 0
0 0 0 0 0 0 0 0 0 0 0 0 0 0 0 0 0 0 0 0 0 0 0 0 0 0 0 0 0 0 0 0 0 0 0 0
0 0 0 0 0 0 0 0 0 0 0 0 0 0 0 0 0 0 0 0 0 0 0 0 0 0 0 0 0 0 0 0 0 0 0 0
0 0 0 0 0 0 0 0 0 0 0 0 0 0 0 0 0 0 0 0 0 0 0 0 0 0 0 0 0 0 0 0 0 0 0 0
0 0 0 0 0 0 0 0 0 0 0 0 0 0 0 0 0 0 0 0 0
##$SHL_SFCOEFFS2= (0..200)
0 0 0 0 0 0 0 0 0 0 0 0 0 0 0 0 0 0 0 0 0 0 0 0 0 0 0 0 0 0 0 0 0 0 0 0
0 0 0 0 0 0 0 0 0 0 0 0 0 0 0 0 0 0 0 0 0 0 0 0 0 0 0 0 0 0 0 0 0 0 0 0
0 0 0 0 0 0 0 0 0 0 0 0 0 0 0 0 0 0 0 0 0 0 0 0 0 0 0 0 0 0 0 0 0 0 0 0
0 0 0 0 0 0 0 0 0 0 0 0 0 0 0 0 0 0 0 0 0 0 0 0 0 0 0 0 0 0 0 0 0 0 0 0
0 0 0 0 0 0 0 0 0 0 0 0 0 0 0 0 0 0 0 0 0 0 0 0 0 0 0 0 0 0 0 0 0 0 0 0
0 0 0 0 0 0 0 0 0 0 0 0 0 0 0 0 0 0 0 0 0
##$SHL_SFCOEFFS3= (0..200)
0 0 0 0 0 0 0 0 0 0 0 0 0 0 0 0 0 0 0 0 0 0 0 0 0 0 0 0 0 0 0 0 0 0 0 0
0 0 0 0 0 0 0 0 0 0 0 0 0 0 0 0 0 0 0 0 0 0 0 0 0 0 0 0 0 0 0 0 0 0 0 0
0 0 0 0 0 0 0 0 0 0 0 0 0 0 0 0 0 0 0 0 0 0 0 0 0 0 0 0 0 0 0 0 0 0 0 0
0 0 0 0 0 0 0 0 0 0 0 0 0 0 0 0 0 0 0 0 0 0 0 0 0 0 0 0 0 0 0 0 0 0 0 0
0 0 0 0 0 0 0 0 0 0 0 0 0 0 0 0 0 0 0 0 0 0 0 0 0 0 0 0 0 0 0 0 0 0 0 0
0 0 0 0 0 0 0 0 0 0 0 0 0 0 0 0 0 0 0 0 0
##$SHL_SFCOEFFS4= (0..200)
0 0 0 0 0 0 0 0 0 0 0 0 0 0 0 0 0 0 0 0 0 0 0 0 0 0 0 0 0 0 0 0 0 0 0 0
0 0 0 0 0 0 0 0 0 0 0 0 0 0 0 0 0 0 0 0 0 0 0 0 0 0 0 0 0 0 0 0 0 0 0 0
0 0 0 0 0 0 0 0 0 0 0 0 0 0 0 0 0 0 0 0 0 0 0 0 0 0 0 0 0 0 0 0 0 0 0 0
0 0 0 0 0 0 0 0 0 0 0 0 0 0 0 0 0 0 0 0 0 0 0 0 0 0 0 0 0 0 0 0 0 0 0 0
0 0 0 0 0 0 0 0 0 0 0 0 0 0 0 0 0 0 0 0 0 0 0 0 0 0 0 0 0 0 0 0 0 0 0 0
0 0 0 0 0 0 0 0 0 0 0 0 0 0 0 0 0 0 0 0 0
##$SHL_SFCOEFFS5= (0..200)
0 0 0 0 0 0 0 0 0 0 0 0 0 0 0 0 0 0 0 0 0 0 0 0 0 0 0 0 0 0 0 0 0 0 0 0
0 0 0 0 0 0 0 0 0 0 0 0 0 0 0 0 0 0 0 0 0 0 0 0 0 0 0 0 0 0 0 0 0 0 0 0
0 0 0 0 0 0 0 0 0 0 0 0 0 0 0 0 0 0 0 0 0 0 0 0 0 0 0 0 0 0 0 0 0 0 0 0
0 0 0 0 0 0 0 0 0 0 0 0 0 0 0 0 0 0 0 0 0 0 0 0 0 0 0 0 0 0 0 0 0 0 0 0
0 0 0 0 0 0 0 0 0 0 0 0 0 0 0 0 0 0 0 0 0 0 0 0 0 0 0 0 0 0 0 0 0 0 0 0
0 0 0 0 0 0 0 0 0 0 0 0 0 0 0 0 0 0 0 0 0
##$SHL_SFCOEFFS6= (0..200)
0 0 0 0 0 0 0 0 0 0 0 0 0 0 0 0 0 0 0 0 0 0 0 0 0 0 0 0 0 0 0 0 0 0 0 0
0 0 0 0 0 0 0 0 0 0 0 0 0 0 0 0 0 0 0 0 0 0 0 0 0 0 0 0 0 0 0 0 0 0 0 0
0 0 0 0 0 0 0 0 0 0 0 0 0 0 0 0 0 0 0 0 0 0 0 0 0 0 0 0 0 0 0 0 0 0 0 0
0 0 0 0 0 0 0 0 0 0 0 0 0 0 0 0 0 0 0 0 0 0 0 0 0 0 0 0 0 0 0 0 0 0 0 0
0 0 0 0 0 0 0 0 0 0 0 0 0 0 0 0 0 0 0 0 0 0 0 0 0 0 0 0 0 0 0 0 0 0 0 0
0 0 0 0 0 0 0 0 0 0 0 0 0 0 0 0 0 0 0 0 0
##$SHL_SFCOEFFS7= (0..200)
0 0 0 0 0 0 0 0 0 0 0 0 0 0 0 0 0 0 0 0 0 0 0 0 0 0 0 0 0 0 0 0 0 0 0 0
0 0 0 0 0 0 0 0 0 0 0 0 0 0 0 0 0 0 0 0 0 0 0 0 0 0 0 0 0 0 0 0 0 0 0 0
0 0 0 0 0 0 0 0 0 0 0 0 0 0 0 0 0 0 0 0 0 0 0 0 0 0 0 0 0 0 0 0 0 0 0 0
0 0 0 0 0 0 0 0 0 0 0 0 0 0 0 0 0 0 0 0 0 0 0 0 0 0 0 0 0 0 0 0 0 0 0 0
0 0 0 0 0 0 0 0 0 0 0 0 0 0 0 0 0 0 0 0 0 0 0 0 0 0 0 0 0 0 0 0 0 0 0 0
0 0 0 0 0 0 0 0 0 0 0 0 0 0 0 0 0 0 0 0 0
##$SHL_SFCOEFFS8= (0..200)
0 0 0 0 0 0 0 0 0 0 0 0 0 0 0 0 0 0 0 0 0 0 0 0 0 0 0 0 0 0 0 0 0 0 0 0
0 0 0 0 0 0 0 0 0 0 0 0 0 0 0 0 0 0 0 0 0 0 0 0 0 0 0 0 0 0 0 0 0 0 0 0
0 0 0 0 0 0 0 0 0 0 0 0 0 0 0 0 0 0 0 0 0 0 0 0 0 0 0 0 0 0 0 0 0 0 0 0
0 0 0 0 0 0 0 0 0 0 0 0 0 0 0 0 0 0 0 0 0 0 0 0 0 0 0 0 0 0 0 0 0 0 0 0
0 0 0 0 0 0 0 0 0 0 0 0 0 0 0 0 0 0 0 0 0 0 0 0 0 0 0 0 0 0 0 0 0 0 0 0
0 0 0 0 0 0 0 0 0 0 0 0 0 0 0 0 0 0 0 0 0
##$SHL_SFCOEFFS9= (0..200)
0 0 0 0 0 0 0 0 0 0 0 0 0 0 0 0 0 0 0 0 0 0 0 0 0 0 0 0 0 0 0 0 0 0 0 0
0 0 0 0 0 0 0 0 0 0 0 0 0 0 0 0 0 0 0 0 0 0 0 0 0 0 0 0 0 0 0 0 0 0 0 0
0 0 0 0 0 0 0 0 0 0 0 0 0 0 0 0 0 0 0 0 0 0 0 0 0 0 0 0 0 0 0 0 0 0 0 0
0 0 0 0 0 0 0 0 0 0 0 0 0 0 0 0 0 0 0 0 0 0 0 0 0 0 0 0 0 0 0 0 0 0 0 0
0 0 0 0 0 0 0 0 0 0 0 0 0 0 0 0 0 0 0 0 0 0 0 0 0 0 0 0 0 0 0 0 0 0 0 0
0 0 0 0 0 0 0 0 0 0 0 0 0 0 0 0 0 0 0 0 0
##$SHL_SMOOTHED= (0..15)
0 0 0 0 0 0 0 0 0 0 0 0 0 0 0 0
##$SHL_SMOOTHING= (0..15)
0 0 0 0 0 0 0 0 0 0 0 0 0 0 0 0
##$SHL_SPOAL= (0..15)
0 0 0 0 0 0 0 0 0 0 0 0 0 0 0 0
##$SHL_SPOFFS= (0..15)
0 0 0 0 0 0 0 0 0 0 0 0 0 0 0 0
##$SHL_SPOPH= (0..15)
0 0 0 0 0 0 0 0 0 0 0 0 0 0 0 0
##$SHL_STARTAMP= (0..15)
0 0 0 0 0 0 0 0 0 0 0 0 0 0 0 0
##$SHL_SW= (0..15)
0 0 0 0 0 0 0 0 0 0 0 0 0 0 0 0
##$SHL_SWDIR= (0..15)
-1 -1 -1 -1 -1 -1 -1 -1 -1 -1 -1 -1 -1 -1 -1 -1
##$SHL_TANKAPPA= (0..15)
0 0 0 0 0 0 0 0 0 0 0 0 0 0 0 0
##$SHL_TOTROT= (0..15)
90 0 0 0 0 0 0 0 0 0 0 0 0 0 0 0
##$SHL_TRUNCLEV= (0..15)
0 0 0 0 0 0 0 0 0 0 0 0 0 0 0 0
##$SHL_TYPE= (0..15)
<Excitation> <> <> <> <> <> <> <> <> <> <> <> <> <> <> <>
##$SHL_WINDOWSIZE= (0..15)
0 0 0 0 0 0 0 0 0 0 0 0 0 0 0 0
##$SHL_ZETA= (0..15)
0 0 0 0 0 0 0 0 0 0 0 0 0 0 0 0
##NPOINTS= 1250
##XYPOINTS= (XY..XY)
100.000000, 34.386040
100.000000, 36.060362
100.000000, 37.734684
100.000000, 39.409006
100.000000, 41.083327
100.000000, 42.757649
100.000000, 44.431971
100.000000, 46.106293
100.000000, 47.780615
100.000000, 49.454936
100.000000, 51.129258
100.000000, 52.803580
100.000000, 54.477902
100.000000, 56.152224
100.000000, 57.826545
100.000000, 59.500867
100.000000, 61.175189
100.000000, 62.849511
100.000000, 64.523833
100.000000, 66.198154
100.000000, 67.872476
100.000000, 69.546798
100.000000, 71.221120
100.000000, 72.895442
100.000000, 74.569763
100.000000, 76.244085
100.000000, 77.918407
100.000000, 79.592729
100.000000, 81.267050
100.000000, 82.941372
100.000000, 84.615694
100.000000, 86.290016
100.000000, 87.964338
100.000000, 89.638659
100.000000, 91.312981
100.000000, 92.987303
100.000000, 94.661625
100.000000, 96.335947
100.000000, 98.010268
100.000000, 99.684590
100.000000, 101.358912
100.000000, 103.033234
100.000000, 104.707556
100.000000, 106.381877
100.000000, 108.056199
100.000000, 109.730521
100.000000, 111.404843
100.000000, 113.079165
100.000000, 114.753486
100.000000, 116.427808
100.000000, 118.102130
100.000000, 119.776452
100.000000, 121.450774
100.000000, 123.125095
100.000000, 124.799417
100.000000, 126.473739
100.000000, 128.148061
100.000000, 129.822382
100.000000, 131.496704
100.000000, 133.171026
100.000000, 134.845348
100.000000, 136.519670
100.000000, 138.193991
100.000000, 139.868313
100.000000, 141.542635
100.000000, 143.216957
100.000000, 144.891279
100.000000, 146.565600
100.000000, 148.239922
100.000000, 149.914244
100.000000, 151.588566
100.000000, 153.262888
100.000000, 154.937209
100.000000, 156.611531
100.000000, 158.285853
100.000000, 159.960175
100.000000, 161.634497
100.000000, 163.308818
100.000000, 164.983140
100.000000, 166.657462
100.000000, 168.331784
100.000000, 170.006106
100.000000, 171.680427
100.000000, 173.354749
100.000000, 175.029071
100.000000, 176.703393
100.000000, 178.377714
100.000000, 180.052036
100.000000, 181.726358
100.000000, 183.400680
100.000000, 185.075002
100.000000, 186.749323
100.000000, 188.423645
100.000000, 190.097967
100.000000, 191.772289
100.000000, 193.446611
100.000000, 195.120932
100.000000, 196.795254
100.000000, 198.469576
100.000000, 200.143898
100.000000, 201.818220
100.000000, 203.492541
100.000000, 205.166863
100.000000, 206.841185
100.000000, 208.515507
100.000000, 210.189829
100.000000, 211.864150
100.000000, 213.538472
100.000000, 215.212794
100.000000, 216.887116
100.000000, 218.561438
100.000000, 220.235759
100.000000, 221.910081
100.000000, 223.584403
100.000000, 225.258725
100.000000, 226.933046
100.000000, 228.607368
100.000000, 230.281690
100.000000, 231.956012
100.000000, 233.630334
100.000000, 235.304655
100.000000, 236.978977
100.000000, 238.653299
100.000000, 240.327621
100.000000, 242.001943
100.000000, 243.676264
100.000000, 245.350586
100.000000, 247.024908
100.000000, 248.699230
100.000000, 250.373552
100.000000, 252.047873
100.000000, 253.722195
100.000000, 255.396517
100.000000, 257.070839
100.000000, 258.745161
100.000000, 260.419482
100.000000, 262.093804
100.000000, 263.768126
100.000000, 265.442448
100.000000, 267.116770
100.000000, 268.791091
100.000000, 270.465413
100.000000, 272.139735
100.000000, 273.814057
100.000000, 275.488378
100.000000, 277.162700
100.000000, 278.837022
100.000000, 280.511344
100.000000, 282.185666
100.000000, 283.859987
100.000000, 285.534309
100.000000, 287.208631
100.000000, 288.882953
100.000000, 290.557275
100.000000, 292.231596
100.000000, 293.905918
100.000000, 295.580240
100.000000, 297.254562
100.000000, 298.928884
100.000000, 300.603205
100.000000, 302.277527
100.000000, 303.951849
100.000000, 305.626171
100.000000, 307.300493
100.000000, 308.974814
100.000000, 310.649136
100.000000, 312.323458
100.000000, 313.997780
100.000000, 315.672102
100.000000, 317.346423
100.000000, 319.020745
100.000000, 320.695067
100.000000, 322.369389
100.000000, 324.043710
100.000000, 325.718032
100.000000, 327.392354
100.000000, 329.066676
100.000000, 330.740998
100.000000, 332.415319
100.000000, 334.089641
100.000000, 335.763963
100.000000, 337.438285
100.000000, 339.112607
100.000000, 340.786928
100.000000, 342.461250
100.000000, 344.135572
100.000000, 345.809894
100.000000, 347.484216
100.000000, 349.158537
100.000000, 350.832859
100.000000, 352.507181
100.000000, 354.181503
100.000000, 355.855825
100.000000, 357.530146
100.000000, 359.204468
100.000000, 0.878790
100.000000, 2.553112
100.000000, 4.227434
100.000000, 5.901755
100.000000, 7.576077
100.000000, 9.250399
100.000000, 10.924721
100.000000, 12.599042
100.000000, 14.273364
100.000000, 15.947686
100.000000, 17.622008
100.000000, 19.296330
100.000000, 20.970651
100.000000, 22.644973
100.000000, 24.319295
100.000000, 25.993617
100.000000, 27.667939
100.000000, 29.342260
100.000000, 31.016582
100.000000, 32.690904
100.000000, 34.365226
100.000000, 36.039548
100.000000, 37.713869
100.000000, 39.388191
100.000000, 41.062513
100.000000, 42.736835
100.000000, 44.411157
100.000000, 46.085478
100.000000, 47.759800
100.000000, 49.434122
100.000000, 51.108444
100.000000, 52.782765
100.000000, 54.457087
100.000000, 56.131409
100.000000, 57.805731
100.000000, 59.480053
100.000000, 61.154374
100.000000, 62.828696
100.000000, 64.503018
100.000000, 66.177340
100.000000, 67.851662
100.000000, 69.525983
100.000000, 71.200305
100.000000, 72.874627
100.000000, 74.548949
100.000000, 76.223271
100.000000, 77.897592
100.000000, 79.571914
100.000000, 81.246236
100.000000, 82.920558
100.000000, 84.594880
100.000000, 86.269201
100.000000, 87.943523
100.000000, 89.617845
100.000000, 91.292167
100.000000, 92.966489
100.000000, 94.640810
100.000000, 96.315132
100.000000, 97.989454
100.000000, 99.663776
100.000000, 101.338097
100.000000, 103.012419
100.000000, 104.686741
100.000000, 106.361063
100.000000, 108.035385
100.000000, 109.709706
100.000000, 111.384028
100.000000, 113.058350
100.000000, 114.732672
100.000000, 116.406994
100.000000, 118.081315
100.000000, 119.755637
100.000000, 121.429959
100.000000, 123.104281
100.000000, 124.778603
100.000000, 126.452924
100.000000, 128.127246
100.000000, 129.801568
100.000000, 131.475890
100.000000, 133.150212
100.000000, 134.824533
100.000000, 136.498855
100.000000, 138.173177
100.000000, 139.847499
100.000000, 141.521821
100.000000, 143.196142
100.000000, 144.870464
100.000000, 146.544786
100.000000, 148.219108
100.000000, 149.893429
100.000000, 151.567751
100.000000, 153.242073
100.000000, 154.916395
100.000000, 156.590717
100.000000, 158.265038
100.000000, 159.939360
100.000000, 161.613682
100.000000, 163.288004
100.000000, 164.962326
100.000000, 166.636647
100.000000, 168.310969
100.000000, 169.985291
100.000000, 171.659613
100.000000, 173.333935
100.000000, 175.008256
100.000000, 176.682578
100.000000, 178.356900
100.000000, 180.031222
100.000000, 181.705544
100.000000, 183.379865
100.000000, 185.054187
100.000000, 186.728509
100.000000, 188.402831
100.000000, 190.077153
100.000000, 191.751474
100.000000, 193.425796
100.000000, 195.100118
100.000000, 196.774440
100.000000, 198.448761
100.000000, 200.123083
100.000000, 201.797405
100.000000, 203.471727
100.000000, 205.146049
100.000000, 206.820370
100.000000, 208.494692
100.000000, 210.169014
100.000000, 211.843336
100.000000, 213.517658
100.000000, 215.191979
100.000000, 216.866301
100.000000, 218.540623
100.000000, 220.214945
100.000000, 221.889267
100.000000, 223.563588
100.000000, 225.237910
100.000000, 226.912232
100.000000, 228.586554
100.000000, 230.260876
100.000000, 231.935197
100.000000, 233.609519
100.000000, 235.283841
100.000000, 236.958163
100.000000, 238.632485
100.000000, 240.306806
100.000000, 241.981128
100.000000, 243.655450
100.000000, 245.329772
100.000000, 247.004093
100.000000, 248.678415
100.000000, 250.352737
100.000000, 252.027059
100.000000, 253.701381
100.000000, 255.375702
100.000000, 257.050024
100.000000, 258.724346
100.000000, 260.398668
100.000000, 262.072990
100.000000, 263.747311
100.000000, 265.421633
100.000000, 267.095955
100.000000, 268.770277
100.000000, 270.444599
100.000000, 272.118920
100.000000, 273.793242
100.000000, 275.467564
100.000000, 277.141886
100.000000, 278.816208
100.000000, 280.490529
100.000000, 282.164851
100.000000, 283.839173
100.000000, 285.513495
100.000000, 287.187817
100.000000, 288.862138
100.000000, 290.536460
100.000000, 292.210782
100.000000, 293.885104
100.000000, 295.559425
100.000000, 297.233747
100.000000, 298.908069
100.000000, 300.582391
100.000000, 302.256713
100.000000, 303.931034
100.000000, 305.605356
100.000000, 307.279678
100.000000, 308.954000
100.000000, 310.628322
100.000000, 312.302643
100.000000, 313.976965
100.000000, 315.651287
100.000000, 317.325609
100.000000, 318.999931
100.000000, 320.674252
100.000000, 322.348574
100.000000, 324.022896
100.000000, 325.697218
100.000000, 327.371540
100.000000, 329.045861
100.000000, 330.720183
100.000000, 332.394505
100.000000, 334.068827
100.000000, 335.743149
100.000000, 337.417470
100.000000, 339.091792
100.000000, 340.766114
100.000000, 342.440436
100.000000, 344.114757
100.000000, 345.789079
100.000000, 347.463401
100.000000, 349.137723
100.000000, 350.812045
100.000000, 352.486366
100.000000, 354.160688
100.000000, 355.835010
100.000000, 357.509332
100.000000, 359.183654
100.000000, 0.857975
100.000000, 2.532297
100.000000, 4.206619
100.000000, 5.880941
100.000000, 7.555263
100.000000, 9.229584
100.000000, 10.903906
100.000000, 12.578228
100.000000, 14.252550
100.000000, 15.926872
100.000000, 17.601193
100.000000, 19.275515
100.000000, 20.949837
100.000000, 22.624159
100.000000, 24.298481
100.000000, 25.972802
100.000000, 27.647124
100.000000, 29.321446
100.000000, 30.995768
100.000000, 32.670089
100.000000, 34.344411
100.000000, 36.018733
100.000000, 37.693055
100.000000, 39.367377
100.000000, 41.041698
100.000000, 42.716020
100.000000, 44.390342
100.000000, 46.064664
100.000000, 47.738986
100.000000, 49.413307
100.000000, 51.087629
100.000000, 52.761951
100.000000, 54.436273
100.000000, 56.110595
100.000000, 57.784916
100.000000, 59.459238
100.000000, 61.133560
100.000000, 62.807882
100.000000, 64.482204
100.000000, 66.156525
100.000000, 67.830847
100.000000, 69.505169
100.000000, 71.179491
100.000000, 72.853813
100.000000, 74.528134
100.000000, 76.202456
100.000000, 77.876778
100.000000, 79.551100
100.000000, 81.225421
100.000000, 82.899743
100.000000, 84.574065
100.000000, 86.248387
100.000000, 87.922709
100.000000, 89.597030
100.000000, 91.271352
100.000000, 92.945674
100.000000, 94.619996
100.000000, 96.294318
100.000000, 97.968639
100.000000, 99.642961
100.000000, 101.317283
100.000000, 102.991605
100.000000, 104.665927
100.000000, 106.340248
100.000000, 108.014570
100.000000, 109.688892
100.000000, 111.363214
100.000000, 113.037536
100.000000, 114.711857
100.000000, 116.386179
100.000000, 118.060501
100.000000, 119.734823
100.000000, 121.409145
100.000000, 123.083466
100.000000, 124.757788
100.000000, 126.432110
100.000000, 128.106432
100.000000, 129.780753
100.000000, 131.455075
100.000000, 133.129397
100.000000, 134.803719
100.000000, 136.478041
100.000000, 138.152362
100.000000, 139.826684
100.000000, 141.501006
100.000000, 143.175328
100.000000, 144.849650
100.000000, 146.523971
100.000000, 148.198293
100.000000, 149.872615
100.000000, 151.546937
100.000000, 153.221259
100.000000, 154.895580
100.000000, 156.569902
100.000000, 158.244224
100.000000, 159.918546
100.000000, 161.592868
100.000000, 163.267189
100.000000, 164.941511
100.000000, 166.615833
100.000000, 168.290155
100.000000, 169.964476
100.000000, 171.638798
100.000000, 173.313120
100.000000, 174.987442
100.000000, 176.661764
100.000000, 178.336085
100.000000, 180.010407
100.000000, 181.684729
100.000000, 183.359051
100.000000, 185.033373
100.000000, 186.707694
100.000000, 188.382016
100.000000, 190.056338
100.000000, 191.730660
100.000000, 193.404982
100.000000, 195.079303
100.000000, 196.753625
100.000000, 198.427947
100.000000, 200.102269
100.000000, 201.776591
100.000000, 203.450912
100.000000, 205.125234
100.000000, 206.799556
100.000000, 208.473878
100.000000, 210.148200
100.000000, 211.822521
100.000000, 213.496843
100.000000, 215.171165
100.000000, 216.845487
100.000000, 218.519808
100.000000, 220.194130
100.000000, 221.868452
100.000000, 223.542774
100.000000, 225.217096
100.000000, 226.891417
100.000000, 228.565739
100.000000, 230.240061
100.000000, 231.914383
100.000000, 233.588705
100.000000, 235.263026
100.000000, 236.937348
100.000000, 238.611670
100.000000, 240.285992
100.000000, 241.960314
100.000000, 243.634635
100.000000, 245.308957
100.000000, 246.983279
100.000000, 248.657601
100.000000, 250.331923
100.000000, 252.006244
100.000000, 253.680566
100.000000, 255.354888
100.000000, 257.029210
100.000000, 258.703532
100.000000, 260.377853
100.000000, 262.052175
100.000000, 263.726497
100.000000, 265.400819
100.000000, 267.075140
100.000000, 268.749462
100.000000, 270.423784
100.000000, 272.098106
100.000000, 273.772428
100.000000, 275.446749
100.000000, 277.121071
100.000000, 278.795393
100.000000, 280.469715
100.000000, 282.144037
100.000000, 283.818358
100.000000, 285.492680
100.000000, 287.167002
100.000000, 288.841324
100.000000, 290.515646
100.000000, 292.189967
100.000000, 293.864289
100.000000, 295.538611
100.000000, 297.212933
100.000000, 298.887255
100.000000, 300.561576
100.000000, 302.235898
100.000000, 303.910220
100.000000, 305.584542
100.000000, 307.258864
100.000000, 308.933185
100.000000, 310.607507
100.000000, 312.281829
100.000000, 313.956151
100.000000, 315.630472
100.000000, 317.304794
100.000000, 318.979116
100.000000, 320.653438
100.000000, 322.327760
100.000000, 324.002081
100.000000, 325.676403
100.000000, 327.350725
100.000000, 329.025047
100.000000, 330.699369
100.000000, 332.373690
100.000000, 334.048012
100.000000, 335.722334
100.000000, 337.396656
100.000000, 339.070978
100.000000, 340.745299
100.000000, 342.419621
100.000000, 344.093943
100.000000, 345.768265
100.000000, 347.442587
100.000000, 349.116908
100.000000, 350.791230
100.000000, 352.465552
100.000000, 354.139874
100.000000, 355.814196
100.000000, 357.488517
100.000000, 359.162839
100.000000, 0.837161
100.000000, 2.511483
100.000000, 4.185804
100.000000, 5.860126
100.000000, 7.534448
100.000000, 9.208770
100.000000, 10.883092
100.000000, 12.557413
100.000000, 14.231735
100.000000, 15.906057
100.000000, 17.580379
100.000000, 19.254701
100.000000, 20.929022
100.000000, 22.603344
100.000000, 24.277666
100.000000, 25.951988
100.000000, 27.626310
100.000000, 29.300631
100.000000, 30.974953
100.000000, 32.649275
100.000000, 34.323597
100.000000, 35.997919
100.000000, 37.672240
100.000000, 39.346562
100.000000, 41.020884
100.000000, 42.695206
100.000000, 44.369528
100.000000, 46.043849
100.000000, 47.718171
100.000000, 49.392493
100.000000, 51.066815
100.000000, 52.741136
100.000000, 54.415458
100.000000, 56.089780
100.000000, 57.764102
100.000000, 59.438424
100.000000, 61.112745
100.000000, 62.787067
100.000000, 64.461389
100.000000, 66.135711
100.000000, 67.810033
100.000000, 69.484354
100.000000, 71.158676
100.000000, 72.832998
100.000000, 74.507320
100.000000, 76.181642
100.000000, 77.855963
100.000000, 79.530285
100.000000, 81.204607
100.000000, 82.878929
100.000000, 84.553251
100.000000, 86.227572
100.000000, 87.901894
100.000000, 89.576216
100.000000, 91.250538
100.000000, 92.924860
100.000000, 94.599181
100.000000, 96.273503
100.000000, 97.947825
100.000000, 99.622147
100.000000, 101.296468
100.000000, 102.970790
100.000000, 104.645112
100.000000, 106.319434
100.000000, 107.993756
100.000000, 109.668077
100.000000, 111.342399
100.000000, 113.016721
100.000000, 114.691043
100.000000, 116.365365
100.000000, 118.039686
100.000000, 119.714008
100.000000, 121.388330
100.000000, 123.062652
100.000000, 124.736974
100.000000, 126.411295
100.000000, 128.085617
100.000000, 129.759939
100.000000, 131.434261
100.000000, 133.108583
100.000000, 134.782904
100.000000, 136.457226
100.000000, 138.131548
100.000000, 139.805870
100.000000, 141.480192
100.000000, 143.154513
100.000000, 144.828835
100.000000, 146.503157
100.000000, 148.177479
100.000000, 149.851800
100.000000, 151.526122
100.000000, 153.200444
100.000000, 154.874766
100.000000, 156.549088
100.000000, 158.223409
100.000000, 159.897731
100.000000, 161.572053
100.000000, 163.246375
100.000000, 164.920697
100.000000, 166.595018
100.000000, 168.269340
100.000000, 169.943662
100.000000, 171.617984
100.000000, 173.292306
100.000000, 174.966627
100.000000, 176.640949
100.000000, 178.315271
100.000000, 179.989593
100.000000, 181.663915
100.000000, 183.338236
100.000000, 185.012558
100.000000, 186.686880
100.000000, 188.361202
100.000000, 190.035524
100.000000, 191.709845
100.000000, 193.384167
100.000000, 195.058489
100.000000, 196.732811
100.000000, 198.407132
100.000000, 200.081454
100.000000, 201.755776
100.000000, 203.430098
100.000000, 205.104420
100.000000, 206.778741
100.000000, 208.453063
100.000000, 210.127385
100.000000, 211.801707
100.000000, 213.476029
100.000000, 215.150350
100.000000, 216.824672
100.000000, 218.498994
100.000000, 220.173316
100.000000, 221.847638
100.000000, 223.521959
100.000000, 225.196281
100.000000, 226.870603
100.000000, 228.544925
100.000000, 230.219247
100.000000, 231.893568
100.000000, 233.567890
100.000000, 235.242212
100.000000, 236.916534
100.000000, 238.590855
100.000000, 240.265177
100.000000, 241.939499
100.000000, 243.613821
100.000000, 245.288143
100.000000, 246.962464
100.000000, 248.636786
100.000000, 250.311108
100.000000, 251.985430
100.000000, 253.659752
100.000000, 255.334073
100.000000, 257.008395
100.000000, 258.682717
100.000000, 260.357039
100.000000, 262.031361
100.000000, 263.705682
100.000000, 265.380004
100.000000, 267.054326
100.000000, 268.728648
100.000000, 270.402970
100.000000, 272.077291
100.000000, 273.751613
100.000000, 275.425935
100.000000, 277.100257
100.000000, 278.774579
100.000000, 280.448900
100.000000, 282.123222
100.000000, 283.797544
100.000000, 285.471866
100.000000, 287.146187
100.000000, 288.820509
100.000000, 290.494831
100.000000, 292.169153
100.000000, 293.843475
100.000000, 295.517796
100.000000, 297.192118
100.000000, 298.866440
100.000000, 300.540762
100.000000, 302.215084
100.000000, 303.889405
100.000000, 305.563727
100.000000, 307.238049
100.000000, 308.912371
100.000000, 310.586693
100.000000, 312.261014
100.000000, 313.935336
100.000000, 315.609658
100.000000, 317.283980
100.000000, 318.958302
100.000000, 320.632623
100.000000, 322.306945
100.000000, 323.981267
100.000000, 325.655589
100.000000, 327.329911
100.000000, 329.004232
100.000000, 330.678554
100.000000, 332.352876
100.000000, 334.027198
100.000000, 335.701519
100.000000, 337.375841
100.000000, 339.050163
100.000000, 340.724485
100.000000, 342.398807
100.000000, 344.073128
100.000000, 345.747450
100.000000, 347.421772
100.000000, 349.096094
100.000000, 350.770416
100.000000, 352.444737
100.000000, 354.119059
100.000000, 355.793381
100.000000, 357.467703
100.000000, 359.142025
100.000000, 0.816346
100.000000, 2.490668
100.000000, 4.164990
100.000000, 5.839312
100.000000, 7.513634
100.000000, 9.187955
100.000000, 10.862277
100.000000, 12.536599
100.000000, 14.210921
100.000000, 15.885243
100.000000, 17.559564
100.000000, 19.233886
100.000000, 20.908208
100.000000, 22.582530
100.000000, 24.256851
100.000000, 25.931173
100.000000, 27.605495
100.000000, 29.279817
100.000000, 30.954139
100.000000, 32.628460
100.000000, 34.302782
100.000000, 35.977104
100.000000, 37.651426
100.000000, 39.325748
100.000000, 41.000069
100.000000, 42.674391
100.000000, 44.348713
100.000000, 46.023035
100.000000, 47.697357
100.000000, 49.371678
100.000000, 51.046000
100.000000, 52.720322
100.000000, 54.394644
100.000000, 56.068966
100.000000, 57.743287
100.000000, 59.417609
100.000000, 61.091931
100.000000, 62.766253
100.000000, 64.440575
100.000000, 66.114896
100.000000, 67.789218
100.000000, 69.463540
100.000000, 71.137862
100.000000, 72.812183
100.000000, 74.486505
100.000000, 76.160827
100.000000, 77.835149
100.000000, 79.509471
100.000000, 81.183792
100.000000, 82.858114
100.000000, 84.532436
100.000000, 86.206758
100.000000, 87.881080
100.000000, 89.555401
100.000000, 91.229723
100.000000, 92.904045
100.000000, 94.578367
100.000000, 96.252689
100.000000, 97.927010
100.000000, 99.601332
100.000000, 101.275654
100.000000, 102.949976
100.000000, 104.624298
100.000000, 106.298619
100.000000, 107.972941
100.000000, 109.647263
100.000000, 111.321585
100.000000, 112.995907
100.000000, 114.670228
100.000000, 116.344550
100.000000, 118.018872
100.000000, 119.693194
100.000000, 121.367515
100.000000, 123.041837
100.000000, 124.716159
100.000000, 126.390481
100.000000, 128.064803
100.000000, 129.739124
100.000000, 131.413446
100.000000, 133.087768
100.000000, 134.762090
100.000000, 136.436412
100.000000, 138.110733
100.000000, 139.785055
100.000000, 141.459377
100.000000, 143.133699
100.000000, 144.808021
100.000000, 146.482342
100.000000, 148.156664
100.000000, 149.830986
100.000000, 151.505308
100.000000, 153.179630
100.000000, 154.853951
100.000000, 156.528273
100.000000, 158.202595
100.000000, 159.876917
100.000000, 161.551239
100.000000, 163.225560
100.000000, 164.899882
100.000000, 166.574204
100.000000, 168.248526
100.000000, 169.922847
100.000000, 171.597169
100.000000, 173.271491
100.000000, 174.945813
100.000000, 176.620135
100.000000, 178.294456
100.000000, 179.968778
100.000000, 181.643100
100.000000, 183.317422
100.000000, 184.991744
100.000000, 186.666065
100.000000, 188.340387
100.000000, 190.014709
100.000000, 191.689031
100.000000, 193.363353
100.000000, 195.037674
100.000000, 196.711996
100.000000, 198.386318
100.000000, 200.060640
100.000000, 201.734962
100.000000, 203.409283
100.000000, 205.083605
100.000000, 206.757927
100.000000, 208.432249
100.000000, 210.106571
100.000000, 211.780892
100.000000, 213.455214
100.000000, 215.129536
100.000000, 216.803858
100.000000, 218.478179
100.000000, 220.152501
100.000000, 221.826823
100.000000, 223.501145
100.000000, 225.175467
100.000000, 226.849788
100.000000, 228.524110
100.000000, 230.198432
100.000000, 231.872754
100.000000, 233.547076
100.000000, 235.221397
100.000000, 236.895719
100.000000, 238.570041
100.000000, 240.244363
100.000000, 241.918685
100.000000, 243.593006
100.000000, 245.267328
100.000000, 246.941650
100.000000, 248.615972
100.000000, 250.290294
100.000000, 251.964615
100.000000, 253.638937
100.000000, 255.313259
100.000000, 256.987581
100.000000, 258.661903
100.000000, 260.336224
100.000000, 262.010546
100.000000, 263.684868
100.000000, 265.359190
100.000000, 267.033511
100.000000, 268.707833
100.000000, 270.382155
100.000000, 272.056477
100.000000, 273.730799
100.000000, 275.405120
100.000000, 277.079442
100.000000, 278.753764
100.000000, 280.428086
100.000000, 282.102408
100.000000, 283.776729
100.000000, 285.451051
100.000000, 287.125373
100.000000, 288.799695
100.000000, 290.474017
100.000000, 292.148338
100.000000, 293.822660
100.000000, 295.496982
100.000000, 297.171304
100.000000, 298.845626
100.000000, 300.519947
100.000000, 302.194269
100.000000, 303.868591
100.000000, 305.542913
100.000000, 307.217235
100.000000, 308.891556
100.000000, 310.565878
100.000000, 312.240200
100.000000, 313.914522
100.000000, 315.588843
100.000000, 317.263165
100.000000, 318.937487
100.000000, 320.611809
100.000000, 322.286131
100.000000, 323.960452
100.000000, 325.634774
100.000000, 327.309096
100.000000, 328.983418
100.000000, 330.657740
100.000000, 332.332061
100.000000, 334.006383
100.000000, 335.680705
100.000000, 337.355027
100.000000, 339.029349
100.000000, 340.703670
100.000000, 342.377992
100.000000, 344.052314
100.000000, 345.726636
100.000000, 347.400958
100.000000, 349.075279
100.000000, 350.749601
100.000000, 352.423923
100.000000, 354.098245
100.000000, 355.772566
100.000000, 357.446888
100.000000, 359.121210
100.000000, 0.795532
100.000000, 2.469854
100.000000, 4.144175
100.000000, 5.818497
100.000000, 7.492819
100.000000, 9.167141
100.000000, 10.841463
100.000000, 12.515784
100.000000, 14.190106
100.000000, 15.864428
100.000000, 17.538750
100.000000, 19.213072
100.000000, 20.887393
100.000000, 22.561715
100.000000, 24.236037
100.000000, 25.910359
100.000000, 27.584681
100.000000, 29.259002
100.000000, 30.933324
100.000000, 32.607646
100.000000, 34.281968
100.000000, 35.956290
100.000000, 37.630611
100.000000, 39.304933
100.000000, 40.979255
100.000000, 42.653577
100.000000, 44.327898
100.000000, 46.002220
100.000000, 47.676542
100.000000, 49.350864
100.000000, 51.025186
100.000000, 52.699507
100.000000, 54.373829
100.000000, 56.048151
100.000000, 57.722473
100.000000, 59.396795
100.000000, 61.071116
100.000000, 62.745438
100.000000, 64.419760
100.000000, 66.094082
100.000000, 67.768404
100.000000, 69.442725
100.000000, 71.117047
100.000000, 72.791369
100.000000, 74.465691
100.000000, 76.140013
100.000000, 77.814334
100.000000, 79.488656
100.000000, 81.162978
100.000000, 82.837300
100.000000, 84.511622
100.000000, 86.185943
100.000000, 87.860265
100.000000, 89.534587
100.000000, 91.208909
100.000000, 92.883230
100.000000, 94.557552
100.000000, 96.231874
100.000000, 97.906196
100.000000, 99.580518
100.000000, 101.254839
100.000000, 102.929161
100.000000, 104.603483
100.000000, 106.277805
100.000000, 107.952127
100.000000, 109.626448
100.000000, 111.300770
100.000000, 112.975092
100.000000, 114.649414
100.000000, 116.323736
100.000000, 117.998057
100.000000, 119.672379
100.000000, 121.346701
100.000000, 123.021023
100.000000, 124.695345
100.000000, 126.369666
100.000000, 128.043988
100.000000, 129.718310
100.000000, 131.392632
100.000000, 133.066954
100.000000, 134.741275
100.000000, 136.415597
100.000000, 138.089919
100.000000, 139.764241
100.000000, 141.438562
100.000000, 143.112884
100.000000, 144.787206
100.000000, 146.461528
100.000000, 148.135850
100.000000, 149.810171
100.000000, 151.484493
100.000000, 153.158815
100.000000, 154.833137
100.000000, 156.507459
100.000000, 158.181780
100.000000, 159.856102
100.000000, 161.530424
100.000000, 163.204746
100.000000, 164.879068
100.000000, 166.553389
100.000000, 168.227711
100.000000, 169.902033
100.000000, 171.576355
100.000000, 173.250677
100.000000, 174.924998
100.000000, 176.599320
100.000000, 178.273642
100.000000, 179.947964
100.000000, 181.622286
100.000000, 183.296607
100.000000, 184.970929
100.000000, 186.645251
100.000000, 188.319573
100.000000, 189.993894
100.000000, 191.668216
100.000000, 193.342538
100.000000, 195.016860
100.000000, 196.691182
100.000000, 198.365503
100.000000, 200.039825
100.000000, 201.714147
100.000000, 203.388469
100.000000, 205.062791
100.000000, 206.737112
100.000000, 208.411434
100.000000, 210.085756
100.000000, 211.760078
100.000000, 213.434400
100.000000, 215.108721
100.000000, 216.783043
100.000000, 218.457365
100.000000, 220.131687
100.000000, 221.806009
100.000000, 223.480330
100.000000, 225.154652
100.000000, 226.828974
100.000000, 228.503296
100.000000, 230.177618
100.000000, 231.851939
100.000000, 233.526261
100.000000, 235.200583
100.000000, 236.874905
100.000000, 238.549226
100.000000, 240.223548
100.000000, 241.897870
100.000000, 243.572192
100.000000, 245.246514
100.000000, 246.920835
100.000000, 248.595157
100.000000, 250.269479
100.000000, 251.943801
100.000000, 253.618123
100.000000, 255.292444
100.000000, 256.966766
100.000000, 258.641088
100.000000, 260.315410
100.000000, 261.989732
100.000000, 263.664053
100.000000, 265.338375
100.000000, 267.012697
100.000000, 268.687019
100.000000, 270.361341
100.000000, 272.035662
100.000000, 273.709984
100.000000, 275.384306
100.000000, 277.058628
100.000000, 278.732950
100.000000, 280.407271
100.000000, 282.081593
100.000000, 283.755915
100.000000, 285.430237
100.000000, 287.104558
100.000000, 288.778880
100.000000, 290.453202
100.000000, 292.127524
100.000000, 293.801846
100.000000, 295.476167
100.000000, 297.150489
100.000000, 298.824811
100.000000, 300.499133
100.000000, 302.173455
100.000000, 303.847776
100.000000, 305.522098
100.000000, 307.196420
100.000000, 308.870742
100.000000, 310.545064
100.000000, 312.219385
100.000000, 313.893707
100.000000, 315.568029
100.000000, 317.242351
100.000000, 318.916673
100.000000, 320.590994
100.000000, 322.265316
100.000000, 323.939638
100.000000, 325.613960
##END=
