##TITLE= Parameter file, TopSpin 4.3.0
##JCAMPDX= 5.0
##DATATYPE= Parameter Values
##ORIGIN= Bruker BioSpin GmbH
##OWNER= nmrsu
$$ 2024-04-21 17:14:01.121 +0100  nmrsu@4CE1161FJM
$$ C:/Bruker/TopSpin4.3.0/exp/stan/nmr/lists/wave/user/multisupp_aux_d8
$$ process C:\Bruker\TopSpin4.3.0\prog\mod\xwinshape.exe
##MINX= 100.00000000
##MAXX= 100.00000000
##MINY= 0.14340800
##MAXY= 359.85659200
##$SHAPE_ADDPHASE= 0
##$SHAPE_AMP= 100
##$SHAPE_BWFAC= 0
##$SHAPE_BWFAC50= 0
##$SHAPE_CALCBW= yes
##$SHAPE_CALCINTEG= yes
##$SHAPE_EXMODE= <Excitation>
##$SHAPE_EXPAND= <>
##$SHAPE_EXPANDCF= (0..143)
0 0 0 0 0 0 0 0 0 0 0 0 0 0 0 0 0 0 0 0 0 0 0 0 0 0 0 0 0 0 0 0 0 0 0 0
0 0 0 0 0 0 0 0 0 0 0 0 0 0 0 0 0 0 0 0 0 0 0 0 0 0 0 0 0 0 0 0 0 0 0 0
0 0 0 0 0 0 0 0 0 0 0 0 0 0 0 0 0 0 0 0 0 0 0 0 0 0 0 0 0 0 0 0 0 0 0 0
0 0 0 0 0 0 0 0 0 0 0 0 0 0 0 0 0 0 0 0 0 0 0 0 0 0 0 0 0 0 0 0 0 0 0 0
##$SHAPE_EXPFAC= 0
##$SHAPE_FRACEND= 0
##$SHAPE_FRACORG= 0
##$SHAPE_FRACSTART= 0
##$SHAPE_INTEGFAC= 0
##$SHAPE_KEEPRES= yes
##$SHAPE_LENGTH= 25000.000373
##$SHAPE_MAN= <M>
##$SHAPE_MODE= 1
##$SHAPE_MODFREQ= 0
##$SHAPE_MODPHASE= 0
##$SHAPE_MODSCALE= 0
##$SHAPE_MODSW= 0
##$SHAPE_MODSWDIR= -1
##$SHAPE_NPOINTS= 1250
##$SHAPE_OFFS= <1 1>
##$SHAPE_OFFSCOEFF= (0..95)
-236.50079 0 100 0 0 0 0 0 0 0 0 0 0 0 0 0 0 0 0 0 0 0 0 0 0 0 0 0 0 0
0 0 0 0 0 0 0 0 0 0 0 0 0 0 0 0 0 0 0 0 0 0 0 0 0 0 0 0 0 0 0 0 0 0 0 0
0 0 0 0 0 0 0 0 0 0 0 0 0 0 0 0 0 0 0 0 0 0 0 0 0 0 0 0 0 0
##$SHAPE_PARAMETER= <>
##$SHAPE_REPHFAC= 0
##$SHAPE_RES= 0
##$SHAPE_SCALEFAC= 1
##$SHAPE_SCALETYPE= 0
##$SHAPE_SPOAL= 0
##$SHAPE_SPOFFS= 0
##$SHAPE_SPOPH= 0
##$SHAPE_TOTROT= 90
##$SHAPE_TYPE= <Excitation>
##$SHAPE_USER_DEF= <>
##$SHAPE_VERSION= 2.1
##$SHL_ADDPHASE= (0..15)
0 0 0 0 0 0 0 0 0 0 0 0 0 0 0 0
##$SHL_ALIGNOFFSET= (0..15)
0 0 0 0 0 0 0 0 0 0 0 0 0 0 0 0
##$SHL_AMP= (0..15)
100 0 0 0 0 0 0 0 0 0 0 0 0 0 0 0
##$SHL_AMPFAC= (0..15)
0 0 0 0 0 0 0 0 0 0 0 0 0 0 0 0
##$SHL_BETA= (0..15)
0 0 0 0 0 0 0 0 0 0 0 0 0 0 0 0
##$SHL_BWFAC= (0..15)
1.116 0 0 0 0 0 0 0 0 0 0 0 0 0 0 0
##$SHL_CALCBW= (0..15)
yes yes yes yes yes yes yes yes yes yes yes yes yes yes yes yes
##$SHL_CALCINTEG= (0..15)
yes yes yes yes yes yes yes yes yes yes yes yes yes yes yes yes
##$SHL_CENTERAMP= (0..15)
0 0 0 0 0 0 0 0 0 0 0 0 0 0 0 0
##$SHL_CYCNUM= (0..15)
0 0 0 0 0 0 0 0 0 0 0 0 0 0 0 0
##$SHL_DIPOLCPL= (0..15)
0 0 0 0 0 0 0 0 0 0 0 0 0 0 0 0
##$SHL_ENDAMP= (0..15)
0 0 0 0 0 0 0 0 0 0 0 0 0 0 0 0
##$SHL_EXMODE= (0..15)
<Excitation> <> <> <> <> <> <> <> <> <> <> <> <> <> <> <>
##$SHL_EXPAND= (0..15)
<> <> <> <> <> <> <> <> <> <> <> <> <> <> <> <>
##$SHL_EXPANDCF0= (0..143)
0 0 0 0 0 0 0 0 0 0 0 0 0 0 0 0 0 0 0 0 0 0 0 0 0 0 0 0 0 0 0 0 0 0 0 0
0 0 0 0 0 0 0 0 0 0 0 0 0 0 0 0 0 0 0 0 0 0 0 0 0 0 0 0 0 0 0 0 0 0 0 0
0 0 0 0 0 0 0 0 0 0 0 0 0 0 0 0 0 0 0 0 0 0 0 0 0 0 0 0 0 0 0 0 0 0 0 0
0 0 0 0 0 0 0 0 0 0 0 0 0 0 0 0 0 0 0 0 0 0 0 0 0 0 0 0 0 0 0 0 0 0 0 0
##$SHL_EXPANDCF1= (0..143)
0 0 0 0 0 0 0 0 0 0 0 0 0 0 0 0 0 0 0 0 0 0 0 0 0 0 0 0 0 0 0 0 0 0 0 0
0 0 0 0 0 0 0 0 0 0 0 0 0 0 0 0 0 0 0 0 0 0 0 0 0 0 0 0 0 0 0 0 0 0 0 0
0 0 0 0 0 0 0 0 0 0 0 0 0 0 0 0 0 0 0 0 0 0 0 0 0 0 0 0 0 0 0 0 0 0 0 0
0 0 0 0 0 0 0 0 0 0 0 0 0 0 0 0 0 0 0 0 0 0 0 0 0 0 0 0 0 0 0 0 0 0 0 0
##$SHL_EXPANDCF10= (0..143)
0 0 0 0 0 0 0 0 0 0 0 0 0 0 0 0 0 0 0 0 0 0 0 0 0 0 0 0 0 0 0 0 0 0 0 0
0 0 0 0 0 0 0 0 0 0 0 0 0 0 0 0 0 0 0 0 0 0 0 0 0 0 0 0 0 0 0 0 0 0 0 0
0 0 0 0 0 0 0 0 0 0 0 0 0 0 0 0 0 0 0 0 0 0 0 0 0 0 0 0 0 0 0 0 0 0 0 0
0 0 0 0 0 0 0 0 0 0 0 0 0 0 0 0 0 0 0 0 0 0 0 0 0 0 0 0 0 0 0 0 0 0 0 0
##$SHL_EXPANDCF11= (0..143)
0 0 0 0 0 0 0 0 0 0 0 0 0 0 0 0 0 0 0 0 0 0 0 0 0 0 0 0 0 0 0 0 0 0 0 0
0 0 0 0 0 0 0 0 0 0 0 0 0 0 0 0 0 0 0 0 0 0 0 0 0 0 0 0 0 0 0 0 0 0 0 0
0 0 0 0 0 0 0 0 0 0 0 0 0 0 0 0 0 0 0 0 0 0 0 0 0 0 0 0 0 0 0 0 0 0 0 0
0 0 0 0 0 0 0 0 0 0 0 0 0 0 0 0 0 0 0 0 0 0 0 0 0 0 0 0 0 0 0 0 0 0 0 0
##$SHL_EXPANDCF12= (0..143)
0 0 0 0 0 0 0 0 0 0 0 0 0 0 0 0 0 0 0 0 0 0 0 0 0 0 0 0 0 0 0 0 0 0 0 0
0 0 0 0 0 0 0 0 0 0 0 0 0 0 0 0 0 0 0 0 0 0 0 0 0 0 0 0 0 0 0 0 0 0 0 0
0 0 0 0 0 0 0 0 0 0 0 0 0 0 0 0 0 0 0 0 0 0 0 0 0 0 0 0 0 0 0 0 0 0 0 0
0 0 0 0 0 0 0 0 0 0 0 0 0 0 0 0 0 0 0 0 0 0 0 0 0 0 0 0 0 0 0 0 0 0 0 0
##$SHL_EXPANDCF13= (0..143)
0 0 0 0 0 0 0 0 0 0 0 0 0 0 0 0 0 0 0 0 0 0 0 0 0 0 0 0 0 0 0 0 0 0 0 0
0 0 0 0 0 0 0 0 0 0 0 0 0 0 0 0 0 0 0 0 0 0 0 0 0 0 0 0 0 0 0 0 0 0 0 0
0 0 0 0 0 0 0 0 0 0 0 0 0 0 0 0 0 0 0 0 0 0 0 0 0 0 0 0 0 0 0 0 0 0 0 0
0 0 0 0 0 0 0 0 0 0 0 0 0 0 0 0 0 0 0 0 0 0 0 0 0 0 0 0 0 0 0 0 0 0 0 0
##$SHL_EXPANDCF14= (0..143)
0 0 0 0 0 0 0 0 0 0 0 0 0 0 0 0 0 0 0 0 0 0 0 0 0 0 0 0 0 0 0 0 0 0 0 0
0 0 0 0 0 0 0 0 0 0 0 0 0 0 0 0 0 0 0 0 0 0 0 0 0 0 0 0 0 0 0 0 0 0 0 0
0 0 0 0 0 0 0 0 0 0 0 0 0 0 0 0 0 0 0 0 0 0 0 0 0 0 0 0 0 0 0 0 0 0 0 0
0 0 0 0 0 0 0 0 0 0 0 0 0 0 0 0 0 0 0 0 0 0 0 0 0 0 0 0 0 0 0 0 0 0 0 0
##$SHL_EXPANDCF15= (0..143)
0 0 0 0 0 0 0 0 0 0 0 0 0 0 0 0 0 0 0 0 0 0 0 0 0 0 0 0 0 0 0 0 0 0 0 0
0 0 0 0 0 0 0 0 0 0 0 0 0 0 0 0 0 0 0 0 0 0 0 0 0 0 0 0 0 0 0 0 0 0 0 0
0 0 0 0 0 0 0 0 0 0 0 0 0 0 0 0 0 0 0 0 0 0 0 0 0 0 0 0 0 0 0 0 0 0 0 0
0 0 0 0 0 0 0 0 0 0 0 0 0 0 0 0 0 0 0 0 0 0 0 0 0 0 0 0 0 0 0 0 0 0 0 0
##$SHL_EXPANDCF2= (0..143)
0 0 0 0 0 0 0 0 0 0 0 0 0 0 0 0 0 0 0 0 0 0 0 0 0 0 0 0 0 0 0 0 0 0 0 0
0 0 0 0 0 0 0 0 0 0 0 0 0 0 0 0 0 0 0 0 0 0 0 0 0 0 0 0 0 0 0 0 0 0 0 0
0 0 0 0 0 0 0 0 0 0 0 0 0 0 0 0 0 0 0 0 0 0 0 0 0 0 0 0 0 0 0 0 0 0 0 0
0 0 0 0 0 0 0 0 0 0 0 0 0 0 0 0 0 0 0 0 0 0 0 0 0 0 0 0 0 0 0 0 0 0 0 0
##$SHL_EXPANDCF3= (0..143)
0 0 0 0 0 0 0 0 0 0 0 0 0 0 0 0 0 0 0 0 0 0 0 0 0 0 0 0 0 0 0 0 0 0 0 0
0 0 0 0 0 0 0 0 0 0 0 0 0 0 0 0 0 0 0 0 0 0 0 0 0 0 0 0 0 0 0 0 0 0 0 0
0 0 0 0 0 0 0 0 0 0 0 0 0 0 0 0 0 0 0 0 0 0 0 0 0 0 0 0 0 0 0 0 0 0 0 0
0 0 0 0 0 0 0 0 0 0 0 0 0 0 0 0 0 0 0 0 0 0 0 0 0 0 0 0 0 0 0 0 0 0 0 0
##$SHL_EXPANDCF4= (0..143)
0 0 0 0 0 0 0 0 0 0 0 0 0 0 0 0 0 0 0 0 0 0 0 0 0 0 0 0 0 0 0 0 0 0 0 0
0 0 0 0 0 0 0 0 0 0 0 0 0 0 0 0 0 0 0 0 0 0 0 0 0 0 0 0 0 0 0 0 0 0 0 0
0 0 0 0 0 0 0 0 0 0 0 0 0 0 0 0 0 0 0 0 0 0 0 0 0 0 0 0 0 0 0 0 0 0 0 0
0 0 0 0 0 0 0 0 0 0 0 0 0 0 0 0 0 0 0 0 0 0 0 0 0 0 0 0 0 0 0 0 0 0 0 0
##$SHL_EXPANDCF5= (0..143)
0 0 0 0 0 0 0 0 0 0 0 0 0 0 0 0 0 0 0 0 0 0 0 0 0 0 0 0 0 0 0 0 0 0 0 0
0 0 0 0 0 0 0 0 0 0 0 0 0 0 0 0 0 0 0 0 0 0 0 0 0 0 0 0 0 0 0 0 0 0 0 0
0 0 0 0 0 0 0 0 0 0 0 0 0 0 0 0 0 0 0 0 0 0 0 0 0 0 0 0 0 0 0 0 0 0 0 0
0 0 0 0 0 0 0 0 0 0 0 0 0 0 0 0 0 0 0 0 0 0 0 0 0 0 0 0 0 0 0 0 0 0 0 0
##$SHL_EXPANDCF6= (0..143)
0 0 0 0 0 0 0 0 0 0 0 0 0 0 0 0 0 0 0 0 0 0 0 0 0 0 0 0 0 0 0 0 0 0 0 0
0 0 0 0 0 0 0 0 0 0 0 0 0 0 0 0 0 0 0 0 0 0 0 0 0 0 0 0 0 0 0 0 0 0 0 0
0 0 0 0 0 0 0 0 0 0 0 0 0 0 0 0 0 0 0 0 0 0 0 0 0 0 0 0 0 0 0 0 0 0 0 0
0 0 0 0 0 0 0 0 0 0 0 0 0 0 0 0 0 0 0 0 0 0 0 0 0 0 0 0 0 0 0 0 0 0 0 0
##$SHL_EXPANDCF7= (0..143)
0 0 0 0 0 0 0 0 0 0 0 0 0 0 0 0 0 0 0 0 0 0 0 0 0 0 0 0 0 0 0 0 0 0 0 0
0 0 0 0 0 0 0 0 0 0 0 0 0 0 0 0 0 0 0 0 0 0 0 0 0 0 0 0 0 0 0 0 0 0 0 0
0 0 0 0 0 0 0 0 0 0 0 0 0 0 0 0 0 0 0 0 0 0 0 0 0 0 0 0 0 0 0 0 0 0 0 0
0 0 0 0 0 0 0 0 0 0 0 0 0 0 0 0 0 0 0 0 0 0 0 0 0 0 0 0 0 0 0 0 0 0 0 0
##$SHL_EXPANDCF8= (0..143)
0 0 0 0 0 0 0 0 0 0 0 0 0 0 0 0 0 0 0 0 0 0 0 0 0 0 0 0 0 0 0 0 0 0 0 0
0 0 0 0 0 0 0 0 0 0 0 0 0 0 0 0 0 0 0 0 0 0 0 0 0 0 0 0 0 0 0 0 0 0 0 0
0 0 0 0 0 0 0 0 0 0 0 0 0 0 0 0 0 0 0 0 0 0 0 0 0 0 0 0 0 0 0 0 0 0 0 0
0 0 0 0 0 0 0 0 0 0 0 0 0 0 0 0 0 0 0 0 0 0 0 0 0 0 0 0 0 0 0 0 0 0 0 0
##$SHL_EXPANDCF9= (0..143)
0 0 0 0 0 0 0 0 0 0 0 0 0 0 0 0 0 0 0 0 0 0 0 0 0 0 0 0 0 0 0 0 0 0 0 0
0 0 0 0 0 0 0 0 0 0 0 0 0 0 0 0 0 0 0 0 0 0 0 0 0 0 0 0 0 0 0 0 0 0 0 0
0 0 0 0 0 0 0 0 0 0 0 0 0 0 0 0 0 0 0 0 0 0 0 0 0 0 0 0 0 0 0 0 0 0 0 0
0 0 0 0 0 0 0 0 0 0 0 0 0 0 0 0 0 0 0 0 0 0 0 0 0 0 0 0 0 0 0 0 0 0 0 0
##$SHL_EXPFAC= (0..15)
0 0 0 0 0 0 0 0 0 0 0 0 0 0 0 0
##$SHL_FRACEND= (0..15)
0 0 0 0 0 0 0 0 0 0 0 0 0 0 0 0
##$SHL_FRACORG= (0..15)
0 0 0 0 0 0 0 0 0 0 0 0 0 0 0 0
##$SHL_FRACSTART= (0..15)
0 0 0 0 0 0 0 0 0 0 0 0 0 0 0 0
##$SHL_FULLHALF= (0..15)
0 0 0 0 0 0 0 0 0 0 0 0 0 0 0 0
##$SHL_FUNCAMP= (0..15)
100 0 0 0 0 0 0 0 0 0 0 0 0 0 0 0
##$SHL_FUNCTION= (0..15)
<Rectangle> <> <> <> <> <> <> <> <> <> <> <> <> <> <> <>
##$SHL_GCO= (0..15)
<> <> <> <> <> <> <> <> <> <> <> <> <> <> <> <>
##$SHL_GCOCOEFFS0= (0..59)
0 0 0 0 0 0 0 0 0 0 0 0 0 0 0 0 0 0 0 0 0 0 0 0 0 0 0 0 0 0 0 0 0 0 0 0
0 0 0 0 0 0 0 0 0 0 0 0 0 0 0 0 0 0 0 0 0 0 0 0
##$SHL_GCOCOEFFS1= (0..59)
0 0 0 0 0 0 0 0 0 0 0 0 0 0 0 0 0 0 0 0 0 0 0 0 0 0 0 0 0 0 0 0 0 0 0 0
0 0 0 0 0 0 0 0 0 0 0 0 0 0 0 0 0 0 0 0 0 0 0 0
##$SHL_GCOCOEFFS10= (0..59)
0 0 0 0 0 0 0 0 0 0 0 0 0 0 0 0 0 0 0 0 0 0 0 0 0 0 0 0 0 0 0 0 0 0 0 0
0 0 0 0 0 0 0 0 0 0 0 0 0 0 0 0 0 0 0 0 0 0 0 0
##$SHL_GCOCOEFFS11= (0..59)
0 0 0 0 0 0 0 0 0 0 0 0 0 0 0 0 0 0 0 0 0 0 0 0 0 0 0 0 0 0 0 0 0 0 0 0
0 0 0 0 0 0 0 0 0 0 0 0 0 0 0 0 0 0 0 0 0 0 0 0
##$SHL_GCOCOEFFS12= (0..59)
0 0 0 0 0 0 0 0 0 0 0 0 0 0 0 0 0 0 0 0 0 0 0 0 0 0 0 0 0 0 0 0 0 0 0 0
0 0 0 0 0 0 0 0 0 0 0 0 0 0 0 0 0 0 0 0 0 0 0 0
##$SHL_GCOCOEFFS13= (0..59)
0 0 0 0 0 0 0 0 0 0 0 0 0 0 0 0 0 0 0 0 0 0 0 0 0 0 0 0 0 0 0 0 0 0 0 0
0 0 0 0 0 0 0 0 0 0 0 0 0 0 0 0 0 0 0 0 0 0 0 0
##$SHL_GCOCOEFFS14= (0..59)
0 0 0 0 0 0 0 0 0 0 0 0 0 0 0 0 0 0 0 0 0 0 0 0 0 0 0 0 0 0 0 0 0 0 0 0
0 0 0 0 0 0 0 0 0 0 0 0 0 0 0 0 0 0 0 0 0 0 0 0
##$SHL_GCOCOEFFS15= (0..59)
0 0 0 0 0 0 0 0 0 0 0 0 0 0 0 0 0 0 0 0 0 0 0 0 0 0 0 0 0 0 0 0 0 0 0 0
0 0 0 0 0 0 0 0 0 0 0 0 0 0 0 0 0 0 0 0 0 0 0 0
##$SHL_GCOCOEFFS2= (0..59)
0 0 0 0 0 0 0 0 0 0 0 0 0 0 0 0 0 0 0 0 0 0 0 0 0 0 0 0 0 0 0 0 0 0 0 0
0 0 0 0 0 0 0 0 0 0 0 0 0 0 0 0 0 0 0 0 0 0 0 0
##$SHL_GCOCOEFFS3= (0..59)
0 0 0 0 0 0 0 0 0 0 0 0 0 0 0 0 0 0 0 0 0 0 0 0 0 0 0 0 0 0 0 0 0 0 0 0
0 0 0 0 0 0 0 0 0 0 0 0 0 0 0 0 0 0 0 0 0 0 0 0
##$SHL_GCOCOEFFS4= (0..59)
0 0 0 0 0 0 0 0 0 0 0 0 0 0 0 0 0 0 0 0 0 0 0 0 0 0 0 0 0 0 0 0 0 0 0 0
0 0 0 0 0 0 0 0 0 0 0 0 0 0 0 0 0 0 0 0 0 0 0 0
##$SHL_GCOCOEFFS5= (0..59)
0 0 0 0 0 0 0 0 0 0 0 0 0 0 0 0 0 0 0 0 0 0 0 0 0 0 0 0 0 0 0 0 0 0 0 0
0 0 0 0 0 0 0 0 0 0 0 0 0 0 0 0 0 0 0 0 0 0 0 0
##$SHL_GCOCOEFFS6= (0..59)
0 0 0 0 0 0 0 0 0 0 0 0 0 0 0 0 0 0 0 0 0 0 0 0 0 0 0 0 0 0 0 0 0 0 0 0
0 0 0 0 0 0 0 0 0 0 0 0 0 0 0 0 0 0 0 0 0 0 0 0
##$SHL_GCOCOEFFS7= (0..59)
0 0 0 0 0 0 0 0 0 0 0 0 0 0 0 0 0 0 0 0 0 0 0 0 0 0 0 0 0 0 0 0 0 0 0 0
0 0 0 0 0 0 0 0 0 0 0 0 0 0 0 0 0 0 0 0 0 0 0 0
##$SHL_GCOCOEFFS8= (0..59)
0 0 0 0 0 0 0 0 0 0 0 0 0 0 0 0 0 0 0 0 0 0 0 0 0 0 0 0 0 0 0 0 0 0 0 0
0 0 0 0 0 0 0 0 0 0 0 0 0 0 0 0 0 0 0 0 0 0 0 0
##$SHL_GCOCOEFFS9= (0..59)
0 0 0 0 0 0 0 0 0 0 0 0 0 0 0 0 0 0 0 0 0 0 0 0 0 0 0 0 0 0 0 0 0 0 0 0
0 0 0 0 0 0 0 0 0 0 0 0 0 0 0 0 0 0 0 0 0 0 0 0
##$SHL_INTEGFAC= (0..15)
1 0 0 0 0 0 0 0 0 0 0 0 0 0 0 0
##$SHL_LB= (0..15)
0 0 0 0 0 0 0 0 0 0 0 0 0 0 0 0
##$SHL_LEFTLIMIT= (0..15)
0 0 0 0 0 0 0 0 0 0 0 0 0 0 0 0
##$SHL_LENGTH= (0..15)
25000.000373 0 0 0 0 0 0 0 0 0 0 0 0 0 0 0
##$SHL_MAN= (0..15)
<> <> <> <> <> <> <> <> <> <> <> <> <> <> <> <>
##$SHL_MEANAMP= (0..15)
0 0 0 0 0 0 0 0 0 0 0 0 0 0 0 0
##$SHL_MODAMP= (0..15)
0 0 0 0 0 0 0 0 0 0 0 0 0 0 0 0
##$SHL_MODE= (0..15)
0 0 0 0 0 0 0 0 0 0 0 0 0 0 0 0
##$SHL_MODFREQ= (0..15)
0 0 0 0 0 0 0 0 0 0 0 0 0 0 0 0
##$SHL_MODPHASE= (0..15)
0 0 0 0 0 0 0 0 0 0 0 0 0 0 0 0
##$SHL_MODSCALE= (0..15)
0 0 0 0 0 0 0 0 0 0 0 0 0 0 0 0
##$SHL_MODSW= (0..15)
0 0 0 0 0 0 0 0 0 0 0 0 0 0 0 0
##$SHL_MODSWDIR= (0..15)
-1 -1 -1 -1 -1 -1 -1 -1 -1 -1 -1 -1 -1 -1 -1 -1
##$SHL_MU= (0..15)
0 0 0 0 0 0 0 0 0 0 0 0 0 0 0 0
##$SHL_NPOINTS= (0..15)
1250 0 0 0 0 0 0 0 0 0 0 0 0 0 0 0
##$SHL_OFFS= (0..15)
<> <> <> <> <> <> <> <> <> <> <> <> <> <> <> <>
##$SHL_OFFSCOEFF0= (0..95)
0 0 0 0 0 0 0 0 0 0 0 0 0 0 0 0 0 0 0 0 0 0 0 0 0 0 0 0 0 0 0 0 0 0 0 0
0 0 0 0 0 0 0 0 0 0 0 0 0 0 0 0 0 0 0 0 0 0 0 0 0 0 0 0 0 0 0 0 0 0 0 0
0 0 0 0 0 0 0 0 0 0 0 0 0 0 0 0 0 0 0 0 0 0 0 0
##$SHL_OFFSCOEFF1= (0..95)
0 0 0 0 0 0 0 0 0 0 0 0 0 0 0 0 0 0 0 0 0 0 0 0 0 0 0 0 0 0 0 0 0 0 0 0
0 0 0 0 0 0 0 0 0 0 0 0 0 0 0 0 0 0 0 0 0 0 0 0 0 0 0 0 0 0 0 0 0 0 0 0
0 0 0 0 0 0 0 0 0 0 0 0 0 0 0 0 0 0 0 0 0 0 0 0
##$SHL_OFFSCOEFF10= (0..95)
0 0 0 0 0 0 0 0 0 0 0 0 0 0 0 0 0 0 0 0 0 0 0 0 0 0 0 0 0 0 0 0 0 0 0 0
0 0 0 0 0 0 0 0 0 0 0 0 0 0 0 0 0 0 0 0 0 0 0 0 0 0 0 0 0 0 0 0 0 0 0 0
0 0 0 0 0 0 0 0 0 0 0 0 0 0 0 0 0 0 0 0 0 0 0 0
##$SHL_OFFSCOEFF11= (0..95)
0 0 0 0 0 0 0 0 0 0 0 0 0 0 0 0 0 0 0 0 0 0 0 0 0 0 0 0 0 0 0 0 0 0 0 0
0 0 0 0 0 0 0 0 0 0 0 0 0 0 0 0 0 0 0 0 0 0 0 0 0 0 0 0 0 0 0 0 0 0 0 0
0 0 0 0 0 0 0 0 0 0 0 0 0 0 0 0 0 0 0 0 0 0 0 0
##$SHL_OFFSCOEFF12= (0..95)
0 0 0 0 0 0 0 0 0 0 0 0 0 0 0 0 0 0 0 0 0 0 0 0 0 0 0 0 0 0 0 0 0 0 0 0
0 0 0 0 0 0 0 0 0 0 0 0 0 0 0 0 0 0 0 0 0 0 0 0 0 0 0 0 0 0 0 0 0 0 0 0
0 0 0 0 0 0 0 0 0 0 0 0 0 0 0 0 0 0 0 0 0 0 0 0
##$SHL_OFFSCOEFF13= (0..95)
0 0 0 0 0 0 0 0 0 0 0 0 0 0 0 0 0 0 0 0 0 0 0 0 0 0 0 0 0 0 0 0 0 0 0 0
0 0 0 0 0 0 0 0 0 0 0 0 0 0 0 0 0 0 0 0 0 0 0 0 0 0 0 0 0 0 0 0 0 0 0 0
0 0 0 0 0 0 0 0 0 0 0 0 0 0 0 0 0 0 0 0 0 0 0 0
##$SHL_OFFSCOEFF14= (0..95)
0 0 0 0 0 0 0 0 0 0 0 0 0 0 0 0 0 0 0 0 0 0 0 0 0 0 0 0 0 0 0 0 0 0 0 0
0 0 0 0 0 0 0 0 0 0 0 0 0 0 0 0 0 0 0 0 0 0 0 0 0 0 0 0 0 0 0 0 0 0 0 0
0 0 0 0 0 0 0 0 0 0 0 0 0 0 0 0 0 0 0 0 0 0 0 0
##$SHL_OFFSCOEFF15= (0..95)
0 0 0 0 0 0 0 0 0 0 0 0 0 0 0 0 0 0 0 0 0 0 0 0 0 0 0 0 0 0 0 0 0 0 0 0
0 0 0 0 0 0 0 0 0 0 0 0 0 0 0 0 0 0 0 0 0 0 0 0 0 0 0 0 0 0 0 0 0 0 0 0
0 0 0 0 0 0 0 0 0 0 0 0 0 0 0 0 0 0 0 0 0 0 0 0
##$SHL_OFFSCOEFF2= (0..95)
0 0 0 0 0 0 0 0 0 0 0 0 0 0 0 0 0 0 0 0 0 0 0 0 0 0 0 0 0 0 0 0 0 0 0 0
0 0 0 0 0 0 0 0 0 0 0 0 0 0 0 0 0 0 0 0 0 0 0 0 0 0 0 0 0 0 0 0 0 0 0 0
0 0 0 0 0 0 0 0 0 0 0 0 0 0 0 0 0 0 0 0 0 0 0 0
##$SHL_OFFSCOEFF3= (0..95)
0 0 0 0 0 0 0 0 0 0 0 0 0 0 0 0 0 0 0 0 0 0 0 0 0 0 0 0 0 0 0 0 0 0 0 0
0 0 0 0 0 0 0 0 0 0 0 0 0 0 0 0 0 0 0 0 0 0 0 0 0 0 0 0 0 0 0 0 0 0 0 0
0 0 0 0 0 0 0 0 0 0 0 0 0 0 0 0 0 0 0 0 0 0 0 0
##$SHL_OFFSCOEFF4= (0..95)
0 0 0 0 0 0 0 0 0 0 0 0 0 0 0 0 0 0 0 0 0 0 0 0 0 0 0 0 0 0 0 0 0 0 0 0
0 0 0 0 0 0 0 0 0 0 0 0 0 0 0 0 0 0 0 0 0 0 0 0 0 0 0 0 0 0 0 0 0 0 0 0
0 0 0 0 0 0 0 0 0 0 0 0 0 0 0 0 0 0 0 0 0 0 0 0
##$SHL_OFFSCOEFF5= (0..95)
0 0 0 0 0 0 0 0 0 0 0 0 0 0 0 0 0 0 0 0 0 0 0 0 0 0 0 0 0 0 0 0 0 0 0 0
0 0 0 0 0 0 0 0 0 0 0 0 0 0 0 0 0 0 0 0 0 0 0 0 0 0 0 0 0 0 0 0 0 0 0 0
0 0 0 0 0 0 0 0 0 0 0 0 0 0 0 0 0 0 0 0 0 0 0 0
##$SHL_OFFSCOEFF6= (0..95)
0 0 0 0 0 0 0 0 0 0 0 0 0 0 0 0 0 0 0 0 0 0 0 0 0 0 0 0 0 0 0 0 0 0 0 0
0 0 0 0 0 0 0 0 0 0 0 0 0 0 0 0 0 0 0 0 0 0 0 0 0 0 0 0 0 0 0 0 0 0 0 0
0 0 0 0 0 0 0 0 0 0 0 0 0 0 0 0 0 0 0 0 0 0 0 0
##$SHL_OFFSCOEFF7= (0..95)
0 0 0 0 0 0 0 0 0 0 0 0 0 0 0 0 0 0 0 0 0 0 0 0 0 0 0 0 0 0 0 0 0 0 0 0
0 0 0 0 0 0 0 0 0 0 0 0 0 0 0 0 0 0 0 0 0 0 0 0 0 0 0 0 0 0 0 0 0 0 0 0
0 0 0 0 0 0 0 0 0 0 0 0 0 0 0 0 0 0 0 0 0 0 0 0
##$SHL_OFFSCOEFF8= (0..95)
0 0 0 0 0 0 0 0 0 0 0 0 0 0 0 0 0 0 0 0 0 0 0 0 0 0 0 0 0 0 0 0 0 0 0 0
0 0 0 0 0 0 0 0 0 0 0 0 0 0 0 0 0 0 0 0 0 0 0 0 0 0 0 0 0 0 0 0 0 0 0 0
0 0 0 0 0 0 0 0 0 0 0 0 0 0 0 0 0 0 0 0 0 0 0 0
##$SHL_OFFSCOEFF9= (0..95)
0 0 0 0 0 0 0 0 0 0 0 0 0 0 0 0 0 0 0 0 0 0 0 0 0 0 0 0 0 0 0 0 0 0 0 0
0 0 0 0 0 0 0 0 0 0 0 0 0 0 0 0 0 0 0 0 0 0 0 0 0 0 0 0 0 0 0 0 0 0 0 0
0 0 0 0 0 0 0 0 0 0 0 0 0 0 0 0 0 0 0 0 0 0 0 0
##$SHL_PHASE= (0..15)
0 0 0 0 0 0 0 0 0 0 0 0 0 0 0 0
##$SHL_PHASEFAC= (0..15)
0 0 0 0 0 0 0 0 0 0 0 0 0 0 0 0
##$SHL_POWERINDEX= (0..15)
0 0 0 0 0 0 0 0 0 0 0 0 0 0 0 0
##$SHL_QUADCOEFF= (0..15)
0 0 0 0 0 0 0 0 0 0 0 0 0 0 0 0
##$SHL_RIGHTLIMIT= (0..15)
0 0 0 0 0 0 0 0 0 0 0 0 0 0 0 0
##$SHL_SCALEFACTOR= (0..15)
1 1 1 1 1 1 1 1 1 1 1 1 1 1 1 1
##$SHL_SF= (0..15)
<> <> <> <> <> <> <> <> <> <> <> <> <> <> <> <>
##$SHL_SFCOEFFS0= (0..200)
0 0 0 0 0 0 0 0 0 0 0 0 0 0 0 0 0 0 0 0 0 0 0 0 0 0 0 0 0 0 0 0 0 0 0 0
0 0 0 0 0 0 0 0 0 0 0 0 0 0 0 0 0 0 0 0 0 0 0 0 0 0 0 0 0 0 0 0 0 0 0 0
0 0 0 0 0 0 0 0 0 0 0 0 0 0 0 0 0 0 0 0 0 0 0 0 0 0 0 0 0 0 0 0 0 0 0 0
0 0 0 0 0 0 0 0 0 0 0 0 0 0 0 0 0 0 0 0 0 0 0 0 0 0 0 0 0 0 0 0 0 0 0 0
0 0 0 0 0 0 0 0 0 0 0 0 0 0 0 0 0 0 0 0 0 0 0 0 0 0 0 0 0 0 0 0 0 0 0 0
0 0 0 0 0 0 0 0 0 0 0 0 0 0 0 0 0 0 0 0 0
##$SHL_SFCOEFFS1= (0..200)
0 0 0 0 0 0 0 0 0 0 0 0 0 0 0 0 0 0 0 0 0 0 0 0 0 0 0 0 0 0 0 0 0 0 0 0
0 0 0 0 0 0 0 0 0 0 0 0 0 0 0 0 0 0 0 0 0 0 0 0 0 0 0 0 0 0 0 0 0 0 0 0
0 0 0 0 0 0 0 0 0 0 0 0 0 0 0 0 0 0 0 0 0 0 0 0 0 0 0 0 0 0 0 0 0 0 0 0
0 0 0 0 0 0 0 0 0 0 0 0 0 0 0 0 0 0 0 0 0 0 0 0 0 0 0 0 0 0 0 0 0 0 0 0
0 0 0 0 0 0 0 0 0 0 0 0 0 0 0 0 0 0 0 0 0 0 0 0 0 0 0 0 0 0 0 0 0 0 0 0
0 0 0 0 0 0 0 0 0 0 0 0 0 0 0 0 0 0 0 0 0
##$SHL_SFCOEFFS10= (0..200)
0 0 0 0 0 0 0 0 0 0 0 0 0 0 0 0 0 0 0 0 0 0 0 0 0 0 0 0 0 0 0 0 0 0 0 0
0 0 0 0 0 0 0 0 0 0 0 0 0 0 0 0 0 0 0 0 0 0 0 0 0 0 0 0 0 0 0 0 0 0 0 0
0 0 0 0 0 0 0 0 0 0 0 0 0 0 0 0 0 0 0 0 0 0 0 0 0 0 0 0 0 0 0 0 0 0 0 0
0 0 0 0 0 0 0 0 0 0 0 0 0 0 0 0 0 0 0 0 0 0 0 0 0 0 0 0 0 0 0 0 0 0 0 0
0 0 0 0 0 0 0 0 0 0 0 0 0 0 0 0 0 0 0 0 0 0 0 0 0 0 0 0 0 0 0 0 0 0 0 0
0 0 0 0 0 0 0 0 0 0 0 0 0 0 0 0 0 0 0 0 0
##$SHL_SFCOEFFS11= (0..200)
0 0 0 0 0 0 0 0 0 0 0 0 0 0 0 0 0 0 0 0 0 0 0 0 0 0 0 0 0 0 0 0 0 0 0 0
0 0 0 0 0 0 0 0 0 0 0 0 0 0 0 0 0 0 0 0 0 0 0 0 0 0 0 0 0 0 0 0 0 0 0 0
0 0 0 0 0 0 0 0 0 0 0 0 0 0 0 0 0 0 0 0 0 0 0 0 0 0 0 0 0 0 0 0 0 0 0 0
0 0 0 0 0 0 0 0 0 0 0 0 0 0 0 0 0 0 0 0 0 0 0 0 0 0 0 0 0 0 0 0 0 0 0 0
0 0 0 0 0 0 0 0 0 0 0 0 0 0 0 0 0 0 0 0 0 0 0 0 0 0 0 0 0 0 0 0 0 0 0 0
0 0 0 0 0 0 0 0 0 0 0 0 0 0 0 0 0 0 0 0 0
##$SHL_SFCOEFFS12= (0..200)
0 0 0 0 0 0 0 0 0 0 0 0 0 0 0 0 0 0 0 0 0 0 0 0 0 0 0 0 0 0 0 0 0 0 0 0
0 0 0 0 0 0 0 0 0 0 0 0 0 0 0 0 0 0 0 0 0 0 0 0 0 0 0 0 0 0 0 0 0 0 0 0
0 0 0 0 0 0 0 0 0 0 0 0 0 0 0 0 0 0 0 0 0 0 0 0 0 0 0 0 0 0 0 0 0 0 0 0
0 0 0 0 0 0 0 0 0 0 0 0 0 0 0 0 0 0 0 0 0 0 0 0 0 0 0 0 0 0 0 0 0 0 0 0
0 0 0 0 0 0 0 0 0 0 0 0 0 0 0 0 0 0 0 0 0 0 0 0 0 0 0 0 0 0 0 0 0 0 0 0
0 0 0 0 0 0 0 0 0 0 0 0 0 0 0 0 0 0 0 0 0
##$SHL_SFCOEFFS13= (0..200)
0 0 0 0 0 0 0 0 0 0 0 0 0 0 0 0 0 0 0 0 0 0 0 0 0 0 0 0 0 0 0 0 0 0 0 0
0 0 0 0 0 0 0 0 0 0 0 0 0 0 0 0 0 0 0 0 0 0 0 0 0 0 0 0 0 0 0 0 0 0 0 0
0 0 0 0 0 0 0 0 0 0 0 0 0 0 0 0 0 0 0 0 0 0 0 0 0 0 0 0 0 0 0 0 0 0 0 0
0 0 0 0 0 0 0 0 0 0 0 0 0 0 0 0 0 0 0 0 0 0 0 0 0 0 0 0 0 0 0 0 0 0 0 0
0 0 0 0 0 0 0 0 0 0 0 0 0 0 0 0 0 0 0 0 0 0 0 0 0 0 0 0 0 0 0 0 0 0 0 0
0 0 0 0 0 0 0 0 0 0 0 0 0 0 0 0 0 0 0 0 0
##$SHL_SFCOEFFS14= (0..200)
0 0 0 0 0 0 0 0 0 0 0 0 0 0 0 0 0 0 0 0 0 0 0 0 0 0 0 0 0 0 0 0 0 0 0 0
0 0 0 0 0 0 0 0 0 0 0 0 0 0 0 0 0 0 0 0 0 0 0 0 0 0 0 0 0 0 0 0 0 0 0 0
0 0 0 0 0 0 0 0 0 0 0 0 0 0 0 0 0 0 0 0 0 0 0 0 0 0 0 0 0 0 0 0 0 0 0 0
0 0 0 0 0 0 0 0 0 0 0 0 0 0 0 0 0 0 0 0 0 0 0 0 0 0 0 0 0 0 0 0 0 0 0 0
0 0 0 0 0 0 0 0 0 0 0 0 0 0 0 0 0 0 0 0 0 0 0 0 0 0 0 0 0 0 0 0 0 0 0 0
0 0 0 0 0 0 0 0 0 0 0 0 0 0 0 0 0 0 0 0 0
##$SHL_SFCOEFFS15= (0..200)
0 0 0 0 0 0 0 0 0 0 0 0 0 0 0 0 0 0 0 0 0 0 0 0 0 0 0 0 0 0 0 0 0 0 0 0
0 0 0 0 0 0 0 0 0 0 0 0 0 0 0 0 0 0 0 0 0 0 0 0 0 0 0 0 0 0 0 0 0 0 0 0
0 0 0 0 0 0 0 0 0 0 0 0 0 0 0 0 0 0 0 0 0 0 0 0 0 0 0 0 0 0 0 0 0 0 0 0
0 0 0 0 0 0 0 0 0 0 0 0 0 0 0 0 0 0 0 0 0 0 0 0 0 0 0 0 0 0 0 0 0 0 0 0
0 0 0 0 0 0 0 0 0 0 0 0 0 0 0 0 0 0 0 0 0 0 0 0 0 0 0 0 0 0 0 0 0 0 0 0
0 0 0 0 0 0 0 0 0 0 0 0 0 0 0 0 0 0 0 0 0
##$SHL_SFCOEFFS2= (0..200)
0 0 0 0 0 0 0 0 0 0 0 0 0 0 0 0 0 0 0 0 0 0 0 0 0 0 0 0 0 0 0 0 0 0 0 0
0 0 0 0 0 0 0 0 0 0 0 0 0 0 0 0 0 0 0 0 0 0 0 0 0 0 0 0 0 0 0 0 0 0 0 0
0 0 0 0 0 0 0 0 0 0 0 0 0 0 0 0 0 0 0 0 0 0 0 0 0 0 0 0 0 0 0 0 0 0 0 0
0 0 0 0 0 0 0 0 0 0 0 0 0 0 0 0 0 0 0 0 0 0 0 0 0 0 0 0 0 0 0 0 0 0 0 0
0 0 0 0 0 0 0 0 0 0 0 0 0 0 0 0 0 0 0 0 0 0 0 0 0 0 0 0 0 0 0 0 0 0 0 0
0 0 0 0 0 0 0 0 0 0 0 0 0 0 0 0 0 0 0 0 0
##$SHL_SFCOEFFS3= (0..200)
0 0 0 0 0 0 0 0 0 0 0 0 0 0 0 0 0 0 0 0 0 0 0 0 0 0 0 0 0 0 0 0 0 0 0 0
0 0 0 0 0 0 0 0 0 0 0 0 0 0 0 0 0 0 0 0 0 0 0 0 0 0 0 0 0 0 0 0 0 0 0 0
0 0 0 0 0 0 0 0 0 0 0 0 0 0 0 0 0 0 0 0 0 0 0 0 0 0 0 0 0 0 0 0 0 0 0 0
0 0 0 0 0 0 0 0 0 0 0 0 0 0 0 0 0 0 0 0 0 0 0 0 0 0 0 0 0 0 0 0 0 0 0 0
0 0 0 0 0 0 0 0 0 0 0 0 0 0 0 0 0 0 0 0 0 0 0 0 0 0 0 0 0 0 0 0 0 0 0 0
0 0 0 0 0 0 0 0 0 0 0 0 0 0 0 0 0 0 0 0 0
##$SHL_SFCOEFFS4= (0..200)
0 0 0 0 0 0 0 0 0 0 0 0 0 0 0 0 0 0 0 0 0 0 0 0 0 0 0 0 0 0 0 0 0 0 0 0
0 0 0 0 0 0 0 0 0 0 0 0 0 0 0 0 0 0 0 0 0 0 0 0 0 0 0 0 0 0 0 0 0 0 0 0
0 0 0 0 0 0 0 0 0 0 0 0 0 0 0 0 0 0 0 0 0 0 0 0 0 0 0 0 0 0 0 0 0 0 0 0
0 0 0 0 0 0 0 0 0 0 0 0 0 0 0 0 0 0 0 0 0 0 0 0 0 0 0 0 0 0 0 0 0 0 0 0
0 0 0 0 0 0 0 0 0 0 0 0 0 0 0 0 0 0 0 0 0 0 0 0 0 0 0 0 0 0 0 0 0 0 0 0
0 0 0 0 0 0 0 0 0 0 0 0 0 0 0 0 0 0 0 0 0
##$SHL_SFCOEFFS5= (0..200)
0 0 0 0 0 0 0 0 0 0 0 0 0 0 0 0 0 0 0 0 0 0 0 0 0 0 0 0 0 0 0 0 0 0 0 0
0 0 0 0 0 0 0 0 0 0 0 0 0 0 0 0 0 0 0 0 0 0 0 0 0 0 0 0 0 0 0 0 0 0 0 0
0 0 0 0 0 0 0 0 0 0 0 0 0 0 0 0 0 0 0 0 0 0 0 0 0 0 0 0 0 0 0 0 0 0 0 0
0 0 0 0 0 0 0 0 0 0 0 0 0 0 0 0 0 0 0 0 0 0 0 0 0 0 0 0 0 0 0 0 0 0 0 0
0 0 0 0 0 0 0 0 0 0 0 0 0 0 0 0 0 0 0 0 0 0 0 0 0 0 0 0 0 0 0 0 0 0 0 0
0 0 0 0 0 0 0 0 0 0 0 0 0 0 0 0 0 0 0 0 0
##$SHL_SFCOEFFS6= (0..200)
0 0 0 0 0 0 0 0 0 0 0 0 0 0 0 0 0 0 0 0 0 0 0 0 0 0 0 0 0 0 0 0 0 0 0 0
0 0 0 0 0 0 0 0 0 0 0 0 0 0 0 0 0 0 0 0 0 0 0 0 0 0 0 0 0 0 0 0 0 0 0 0
0 0 0 0 0 0 0 0 0 0 0 0 0 0 0 0 0 0 0 0 0 0 0 0 0 0 0 0 0 0 0 0 0 0 0 0
0 0 0 0 0 0 0 0 0 0 0 0 0 0 0 0 0 0 0 0 0 0 0 0 0 0 0 0 0 0 0 0 0 0 0 0
0 0 0 0 0 0 0 0 0 0 0 0 0 0 0 0 0 0 0 0 0 0 0 0 0 0 0 0 0 0 0 0 0 0 0 0
0 0 0 0 0 0 0 0 0 0 0 0 0 0 0 0 0 0 0 0 0
##$SHL_SFCOEFFS7= (0..200)
0 0 0 0 0 0 0 0 0 0 0 0 0 0 0 0 0 0 0 0 0 0 0 0 0 0 0 0 0 0 0 0 0 0 0 0
0 0 0 0 0 0 0 0 0 0 0 0 0 0 0 0 0 0 0 0 0 0 0 0 0 0 0 0 0 0 0 0 0 0 0 0
0 0 0 0 0 0 0 0 0 0 0 0 0 0 0 0 0 0 0 0 0 0 0 0 0 0 0 0 0 0 0 0 0 0 0 0
0 0 0 0 0 0 0 0 0 0 0 0 0 0 0 0 0 0 0 0 0 0 0 0 0 0 0 0 0 0 0 0 0 0 0 0
0 0 0 0 0 0 0 0 0 0 0 0 0 0 0 0 0 0 0 0 0 0 0 0 0 0 0 0 0 0 0 0 0 0 0 0
0 0 0 0 0 0 0 0 0 0 0 0 0 0 0 0 0 0 0 0 0
##$SHL_SFCOEFFS8= (0..200)
0 0 0 0 0 0 0 0 0 0 0 0 0 0 0 0 0 0 0 0 0 0 0 0 0 0 0 0 0 0 0 0 0 0 0 0
0 0 0 0 0 0 0 0 0 0 0 0 0 0 0 0 0 0 0 0 0 0 0 0 0 0 0 0 0 0 0 0 0 0 0 0
0 0 0 0 0 0 0 0 0 0 0 0 0 0 0 0 0 0 0 0 0 0 0 0 0 0 0 0 0 0 0 0 0 0 0 0
0 0 0 0 0 0 0 0 0 0 0 0 0 0 0 0 0 0 0 0 0 0 0 0 0 0 0 0 0 0 0 0 0 0 0 0
0 0 0 0 0 0 0 0 0 0 0 0 0 0 0 0 0 0 0 0 0 0 0 0 0 0 0 0 0 0 0 0 0 0 0 0
0 0 0 0 0 0 0 0 0 0 0 0 0 0 0 0 0 0 0 0 0
##$SHL_SFCOEFFS9= (0..200)
0 0 0 0 0 0 0 0 0 0 0 0 0 0 0 0 0 0 0 0 0 0 0 0 0 0 0 0 0 0 0 0 0 0 0 0
0 0 0 0 0 0 0 0 0 0 0 0 0 0 0 0 0 0 0 0 0 0 0 0 0 0 0 0 0 0 0 0 0 0 0 0
0 0 0 0 0 0 0 0 0 0 0 0 0 0 0 0 0 0 0 0 0 0 0 0 0 0 0 0 0 0 0 0 0 0 0 0
0 0 0 0 0 0 0 0 0 0 0 0 0 0 0 0 0 0 0 0 0 0 0 0 0 0 0 0 0 0 0 0 0 0 0 0
0 0 0 0 0 0 0 0 0 0 0 0 0 0 0 0 0 0 0 0 0 0 0 0 0 0 0 0 0 0 0 0 0 0 0 0
0 0 0 0 0 0 0 0 0 0 0 0 0 0 0 0 0 0 0 0 0
##$SHL_SMOOTHED= (0..15)
0 0 0 0 0 0 0 0 0 0 0 0 0 0 0 0
##$SHL_SMOOTHING= (0..15)
0 0 0 0 0 0 0 0 0 0 0 0 0 0 0 0
##$SHL_SPOAL= (0..15)
0 0 0 0 0 0 0 0 0 0 0 0 0 0 0 0
##$SHL_SPOFFS= (0..15)
0 0 0 0 0 0 0 0 0 0 0 0 0 0 0 0
##$SHL_SPOPH= (0..15)
0 0 0 0 0 0 0 0 0 0 0 0 0 0 0 0
##$SHL_STARTAMP= (0..15)
0 0 0 0 0 0 0 0 0 0 0 0 0 0 0 0
##$SHL_SW= (0..15)
0 0 0 0 0 0 0 0 0 0 0 0 0 0 0 0
##$SHL_SWDIR= (0..15)
-1 -1 -1 -1 -1 -1 -1 -1 -1 -1 -1 -1 -1 -1 -1 -1
##$SHL_TANKAPPA= (0..15)
0 0 0 0 0 0 0 0 0 0 0 0 0 0 0 0
##$SHL_TOTROT= (0..15)
90 0 0 0 0 0 0 0 0 0 0 0 0 0 0 0
##$SHL_TRUNCLEV= (0..15)
0 0 0 0 0 0 0 0 0 0 0 0 0 0 0 0
##$SHL_TYPE= (0..15)
<Excitation> <> <> <> <> <> <> <> <> <> <> <> <> <> <> <>
##$SHL_WINDOWSIZE= (0..15)
0 0 0 0 0 0 0 0 0 0 0 0 0 0 0 0
##$SHL_ZETA= (0..15)
0 0 0 0 0 0 0 0 0 0 0 0 0 0 0 0
##NPOINTS= 1250
##XYPOINTS= (XY..XY)
100.000000, 16.597832
100.000000, 18.300638
100.000000, 20.003443
100.000000, 21.706249
100.000000, 23.409055
100.000000, 25.111861
100.000000, 26.814666
100.000000, 28.517472
100.000000, 30.220278
100.000000, 31.923083
100.000000, 33.625889
100.000000, 35.328695
100.000000, 37.031501
100.000000, 38.734306
100.000000, 40.437112
100.000000, 42.139918
100.000000, 43.842723
100.000000, 45.545529
100.000000, 47.248335
100.000000, 48.951141
100.000000, 50.653946
100.000000, 52.356752
100.000000, 54.059558
100.000000, 55.762363
100.000000, 57.465169
100.000000, 59.167975
100.000000, 60.870781
100.000000, 62.573586
100.000000, 64.276392
100.000000, 65.979198
100.000000, 67.682003
100.000000, 69.384809
100.000000, 71.087615
100.000000, 72.790421
100.000000, 74.493226
100.000000, 76.196032
100.000000, 77.898838
100.000000, 79.601643
100.000000, 81.304449
100.000000, 83.007255
100.000000, 84.710061
100.000000, 86.412866
100.000000, 88.115672
100.000000, 89.818478
100.000000, 91.521283
100.000000, 93.224089
100.000000, 94.926895
100.000000, 96.629701
100.000000, 98.332506
100.000000, 100.035312
100.000000, 101.738118
100.000000, 103.440923
100.000000, 105.143729
100.000000, 106.846535
100.000000, 108.549341
100.000000, 110.252146
100.000000, 111.954952
100.000000, 113.657758
100.000000, 115.360563
100.000000, 117.063369
100.000000, 118.766175
100.000000, 120.468980
100.000000, 122.171786
100.000000, 123.874592
100.000000, 125.577398
100.000000, 127.280203
100.000000, 128.983009
100.000000, 130.685815
100.000000, 132.388620
100.000000, 134.091426
100.000000, 135.794232
100.000000, 137.497038
100.000000, 139.199843
100.000000, 140.902649
100.000000, 142.605455
100.000000, 144.308260
100.000000, 146.011066
100.000000, 147.713872
100.000000, 149.416678
100.000000, 151.119483
100.000000, 152.822289
100.000000, 154.525095
100.000000, 156.227900
100.000000, 157.930706
100.000000, 159.633512
100.000000, 161.336318
100.000000, 163.039123
100.000000, 164.741929
100.000000, 166.444735
100.000000, 168.147540
100.000000, 169.850346
100.000000, 171.553152
100.000000, 173.255958
100.000000, 174.958763
100.000000, 176.661569
100.000000, 178.364375
100.000000, 180.067180
100.000000, 181.769986
100.000000, 183.472792
100.000000, 185.175598
100.000000, 186.878403
100.000000, 188.581209
100.000000, 190.284015
100.000000, 191.986820
100.000000, 193.689626
100.000000, 195.392432
100.000000, 197.095238
100.000000, 198.798043
100.000000, 200.500849
100.000000, 202.203655
100.000000, 203.906460
100.000000, 205.609266
100.000000, 207.312072
100.000000, 209.014878
100.000000, 210.717683
100.000000, 212.420489
100.000000, 214.123295
100.000000, 215.826100
100.000000, 217.528906
100.000000, 219.231712
100.000000, 220.934518
100.000000, 222.637323
100.000000, 224.340129
100.000000, 226.042935
100.000000, 227.745740
100.000000, 229.448546
100.000000, 231.151352
100.000000, 232.854158
100.000000, 234.556963
100.000000, 236.259769
100.000000, 237.962575
100.000000, 239.665380
100.000000, 241.368186
100.000000, 243.070992
100.000000, 244.773798
100.000000, 246.476603
100.000000, 248.179409
100.000000, 249.882215
100.000000, 251.585020
100.000000, 253.287826
100.000000, 254.990632
100.000000, 256.693438
100.000000, 258.396243
100.000000, 260.099049
100.000000, 261.801855
100.000000, 263.504660
100.000000, 265.207466
100.000000, 266.910272
100.000000, 268.613078
100.000000, 270.315883
100.000000, 272.018689
100.000000, 273.721495
100.000000, 275.424300
100.000000, 277.127106
100.000000, 278.829912
100.000000, 280.532718
100.000000, 282.235523
100.000000, 283.938329
100.000000, 285.641135
100.000000, 287.343940
100.000000, 289.046746
100.000000, 290.749552
100.000000, 292.452358
100.000000, 294.155163
100.000000, 295.857969
100.000000, 297.560775
100.000000, 299.263580
100.000000, 300.966386
100.000000, 302.669192
100.000000, 304.371998
100.000000, 306.074803
100.000000, 307.777609
100.000000, 309.480415
100.000000, 311.183220
100.000000, 312.886026
100.000000, 314.588832
100.000000, 316.291638
100.000000, 317.994443
100.000000, 319.697249
100.000000, 321.400055
100.000000, 323.102860
100.000000, 324.805666
100.000000, 326.508472
100.000000, 328.211278
100.000000, 329.914083
100.000000, 331.616889
100.000000, 333.319695
100.000000, 335.022500
100.000000, 336.725306
100.000000, 338.428112
100.000000, 340.130918
100.000000, 341.833723
100.000000, 343.536529
100.000000, 345.239335
100.000000, 346.942140
100.000000, 348.644946
100.000000, 350.347752
100.000000, 352.050558
100.000000, 353.753363
100.000000, 355.456169
100.000000, 357.158975
100.000000, 358.861780
100.000000, 0.564586
100.000000, 2.267392
100.000000, 3.970198
100.000000, 5.673003
100.000000, 7.375809
100.000000, 9.078615
100.000000, 10.781420
100.000000, 12.484226
100.000000, 14.187032
100.000000, 15.889838
100.000000, 17.592643
100.000000, 19.295449
100.000000, 20.998255
100.000000, 22.701060
100.000000, 24.403866
100.000000, 26.106672
100.000000, 27.809478
100.000000, 29.512283
100.000000, 31.215089
100.000000, 32.917895
100.000000, 34.620700
100.000000, 36.323506
100.000000, 38.026312
100.000000, 39.729117
100.000000, 41.431923
100.000000, 43.134729
100.000000, 44.837535
100.000000, 46.540340
100.000000, 48.243146
100.000000, 49.945952
100.000000, 51.648757
100.000000, 53.351563
100.000000, 55.054369
100.000000, 56.757175
100.000000, 58.459980
100.000000, 60.162786
100.000000, 61.865592
100.000000, 63.568397
100.000000, 65.271203
100.000000, 66.974009
100.000000, 68.676815
100.000000, 70.379620
100.000000, 72.082426
100.000000, 73.785232
100.000000, 75.488037
100.000000, 77.190843
100.000000, 78.893649
100.000000, 80.596455
100.000000, 82.299260
100.000000, 84.002066
100.000000, 85.704872
100.000000, 87.407677
100.000000, 89.110483
100.000000, 90.813289
100.000000, 92.516095
100.000000, 94.218900
100.000000, 95.921706
100.000000, 97.624512
100.000000, 99.327317
100.000000, 101.030123
100.000000, 102.732929
100.000000, 104.435735
100.000000, 106.138540
100.000000, 107.841346
100.000000, 109.544152
100.000000, 111.246957
100.000000, 112.949763
100.000000, 114.652569
100.000000, 116.355375
100.000000, 118.058180
100.000000, 119.760986
100.000000, 121.463792
100.000000, 123.166597
100.000000, 124.869403
100.000000, 126.572209
100.000000, 128.275015
100.000000, 129.977820
100.000000, 131.680626
100.000000, 133.383432
100.000000, 135.086237
100.000000, 136.789043
100.000000, 138.491849
100.000000, 140.194655
100.000000, 141.897460
100.000000, 143.600266
100.000000, 145.303072
100.000000, 147.005877
100.000000, 148.708683
100.000000, 150.411489
100.000000, 152.114295
100.000000, 153.817100
100.000000, 155.519906
100.000000, 157.222712
100.000000, 158.925517
100.000000, 160.628323
100.000000, 162.331129
100.000000, 164.033935
100.000000, 165.736740
100.000000, 167.439546
100.000000, 169.142352
100.000000, 170.845157
100.000000, 172.547963
100.000000, 174.250769
100.000000, 175.953575
100.000000, 177.656380
100.000000, 179.359186
100.000000, 181.061992
100.000000, 182.764797
100.000000, 184.467603
100.000000, 186.170409
100.000000, 187.873215
100.000000, 189.576020
100.000000, 191.278826
100.000000, 192.981632
100.000000, 194.684437
100.000000, 196.387243
100.000000, 198.090049
100.000000, 199.792855
100.000000, 201.495660
100.000000, 203.198466
100.000000, 204.901272
100.000000, 206.604077
100.000000, 208.306883
100.000000, 210.009689
100.000000, 211.712495
100.000000, 213.415300
100.000000, 215.118106
100.000000, 216.820912
100.000000, 218.523717
100.000000, 220.226523
100.000000, 221.929329
100.000000, 223.632135
100.000000, 225.334940
100.000000, 227.037746
100.000000, 228.740552
100.000000, 230.443357
100.000000, 232.146163
100.000000, 233.848969
100.000000, 235.551775
100.000000, 237.254580
100.000000, 238.957386
100.000000, 240.660192
100.000000, 242.362997
100.000000, 244.065803
100.000000, 245.768609
100.000000, 247.471415
100.000000, 249.174220
100.000000, 250.877026
100.000000, 252.579832
100.000000, 254.282637
100.000000, 255.985443
100.000000, 257.688249
100.000000, 259.391055
100.000000, 261.093860
100.000000, 262.796666
100.000000, 264.499472
100.000000, 266.202277
100.000000, 267.905083
100.000000, 269.607889
100.000000, 271.310695
100.000000, 273.013500
100.000000, 274.716306
100.000000, 276.419112
100.000000, 278.121917
100.000000, 279.824723
100.000000, 281.527529
100.000000, 283.230335
100.000000, 284.933140
100.000000, 286.635946
100.000000, 288.338752
100.000000, 290.041557
100.000000, 291.744363
100.000000, 293.447169
100.000000, 295.149975
100.000000, 296.852780
100.000000, 298.555586
100.000000, 300.258392
100.000000, 301.961197
100.000000, 303.664003
100.000000, 305.366809
100.000000, 307.069614
100.000000, 308.772420
100.000000, 310.475226
100.000000, 312.178032
100.000000, 313.880837
100.000000, 315.583643
100.000000, 317.286449
100.000000, 318.989254
100.000000, 320.692060
100.000000, 322.394866
100.000000, 324.097672
100.000000, 325.800477
100.000000, 327.503283
100.000000, 329.206089
100.000000, 330.908894
100.000000, 332.611700
100.000000, 334.314506
100.000000, 336.017312
100.000000, 337.720117
100.000000, 339.422923
100.000000, 341.125729
100.000000, 342.828534
100.000000, 344.531340
100.000000, 346.234146
100.000000, 347.936952
100.000000, 349.639757
100.000000, 351.342563
100.000000, 353.045369
100.000000, 354.748174
100.000000, 356.450980
100.000000, 358.153786
100.000000, 359.856592
100.000000, 1.559397
100.000000, 3.262203
100.000000, 4.965009
100.000000, 6.667814
100.000000, 8.370620
100.000000, 10.073426
100.000000, 11.776232
100.000000, 13.479037
100.000000, 15.181843
100.000000, 16.884649
100.000000, 18.587454
100.000000, 20.290260
100.000000, 21.993066
100.000000, 23.695872
100.000000, 25.398677
100.000000, 27.101483
100.000000, 28.804289
100.000000, 30.507094
100.000000, 32.209900
100.000000, 33.912706
100.000000, 35.615512
100.000000, 37.318317
100.000000, 39.021123
100.000000, 40.723929
100.000000, 42.426734
100.000000, 44.129540
100.000000, 45.832346
100.000000, 47.535152
100.000000, 49.237957
100.000000, 50.940763
100.000000, 52.643569
100.000000, 54.346374
100.000000, 56.049180
100.000000, 57.751986
100.000000, 59.454792
100.000000, 61.157597
100.000000, 62.860403
100.000000, 64.563209
100.000000, 66.266014
100.000000, 67.968820
100.000000, 69.671626
100.000000, 71.374432
100.000000, 73.077237
100.000000, 74.780043
100.000000, 76.482849
100.000000, 78.185654
100.000000, 79.888460
100.000000, 81.591266
100.000000, 83.294072
100.000000, 84.996877
100.000000, 86.699683
100.000000, 88.402489
100.000000, 90.105294
100.000000, 91.808100
100.000000, 93.510906
100.000000, 95.213712
100.000000, 96.916517
100.000000, 98.619323
100.000000, 100.322129
100.000000, 102.024934
100.000000, 103.727740
100.000000, 105.430546
100.000000, 107.133352
100.000000, 108.836157
100.000000, 110.538963
100.000000, 112.241769
100.000000, 113.944574
100.000000, 115.647380
100.000000, 117.350186
100.000000, 119.052992
100.000000, 120.755797
100.000000, 122.458603
100.000000, 124.161409
100.000000, 125.864214
100.000000, 127.567020
100.000000, 129.269826
100.000000, 130.972632
100.000000, 132.675437
100.000000, 134.378243
100.000000, 136.081049
100.000000, 137.783854
100.000000, 139.486660
100.000000, 141.189466
100.000000, 142.892272
100.000000, 144.595077
100.000000, 146.297883
100.000000, 148.000689
100.000000, 149.703494
100.000000, 151.406300
100.000000, 153.109106
100.000000, 154.811912
100.000000, 156.514717
100.000000, 158.217523
100.000000, 159.920329
100.000000, 161.623134
100.000000, 163.325940
100.000000, 165.028746
100.000000, 166.731552
100.000000, 168.434357
100.000000, 170.137163
100.000000, 171.839969
100.000000, 173.542774
100.000000, 175.245580
100.000000, 176.948386
100.000000, 178.651192
100.000000, 180.353997
100.000000, 182.056803
100.000000, 183.759609
100.000000, 185.462414
100.000000, 187.165220
100.000000, 188.868026
100.000000, 190.570832
100.000000, 192.273637
100.000000, 193.976443
100.000000, 195.679249
100.000000, 197.382054
100.000000, 199.084860
100.000000, 200.787666
100.000000, 202.490472
100.000000, 204.193277
100.000000, 205.896083
100.000000, 207.598889
100.000000, 209.301694
100.000000, 211.004500
100.000000, 212.707306
100.000000, 214.410112
100.000000, 216.112917
100.000000, 217.815723
100.000000, 219.518529
100.000000, 221.221334
100.000000, 222.924140
100.000000, 224.626946
100.000000, 226.329751
100.000000, 228.032557
100.000000, 229.735363
100.000000, 231.438169
100.000000, 233.140974
100.000000, 234.843780
100.000000, 236.546586
100.000000, 238.249391
100.000000, 239.952197
100.000000, 241.655003
100.000000, 243.357809
100.000000, 245.060614
100.000000, 246.763420
100.000000, 248.466226
100.000000, 250.169031
100.000000, 251.871837
100.000000, 253.574643
100.000000, 255.277449
100.000000, 256.980254
100.000000, 258.683060
100.000000, 260.385866
100.000000, 262.088671
100.000000, 263.791477
100.000000, 265.494283
100.000000, 267.197089
100.000000, 268.899894
100.000000, 270.602700
100.000000, 272.305506
100.000000, 274.008311
100.000000, 275.711117
100.000000, 277.413923
100.000000, 279.116729
100.000000, 280.819534
100.000000, 282.522340
100.000000, 284.225146
100.000000, 285.927951
100.000000, 287.630757
100.000000, 289.333563
100.000000, 291.036369
100.000000, 292.739174
100.000000, 294.441980
100.000000, 296.144786
100.000000, 297.847591
100.000000, 299.550397
100.000000, 301.253203
100.000000, 302.956009
100.000000, 304.658814
100.000000, 306.361620
100.000000, 308.064426
100.000000, 309.767231
100.000000, 311.470037
100.000000, 313.172843
100.000000, 314.875649
100.000000, 316.578454
100.000000, 318.281260
100.000000, 319.984066
100.000000, 321.686871
100.000000, 323.389677
100.000000, 325.092483
100.000000, 326.795289
100.000000, 328.498094
100.000000, 330.200900
100.000000, 331.903706
100.000000, 333.606511
100.000000, 335.309317
100.000000, 337.012123
100.000000, 338.714929
100.000000, 340.417734
100.000000, 342.120540
100.000000, 343.823346
100.000000, 345.526151
100.000000, 347.228957
100.000000, 348.931763
100.000000, 350.634569
100.000000, 352.337374
100.000000, 354.040180
100.000000, 355.742986
100.000000, 357.445791
100.000000, 359.148597
100.000000, 0.851403
100.000000, 2.554209
100.000000, 4.257014
100.000000, 5.959820
100.000000, 7.662626
100.000000, 9.365431
100.000000, 11.068237
100.000000, 12.771043
100.000000, 14.473849
100.000000, 16.176654
100.000000, 17.879460
100.000000, 19.582266
100.000000, 21.285071
100.000000, 22.987877
100.000000, 24.690683
100.000000, 26.393489
100.000000, 28.096294
100.000000, 29.799100
100.000000, 31.501906
100.000000, 33.204711
100.000000, 34.907517
100.000000, 36.610323
100.000000, 38.313129
100.000000, 40.015934
100.000000, 41.718740
100.000000, 43.421546
100.000000, 45.124351
100.000000, 46.827157
100.000000, 48.529963
100.000000, 50.232769
100.000000, 51.935574
100.000000, 53.638380
100.000000, 55.341186
100.000000, 57.043991
100.000000, 58.746797
100.000000, 60.449603
100.000000, 62.152409
100.000000, 63.855214
100.000000, 65.558020
100.000000, 67.260826
100.000000, 68.963631
100.000000, 70.666437
100.000000, 72.369243
100.000000, 74.072049
100.000000, 75.774854
100.000000, 77.477660
100.000000, 79.180466
100.000000, 80.883271
100.000000, 82.586077
100.000000, 84.288883
100.000000, 85.991689
100.000000, 87.694494
100.000000, 89.397300
100.000000, 91.100106
100.000000, 92.802911
100.000000, 94.505717
100.000000, 96.208523
100.000000, 97.911329
100.000000, 99.614134
100.000000, 101.316940
100.000000, 103.019746
100.000000, 104.722551
100.000000, 106.425357
100.000000, 108.128163
100.000000, 109.830969
100.000000, 111.533774
100.000000, 113.236580
100.000000, 114.939386
100.000000, 116.642191
100.000000, 118.344997
100.000000, 120.047803
100.000000, 121.750609
100.000000, 123.453414
100.000000, 125.156220
100.000000, 126.859026
100.000000, 128.561831
100.000000, 130.264637
100.000000, 131.967443
100.000000, 133.670249
100.000000, 135.373054
100.000000, 137.075860
100.000000, 138.778666
100.000000, 140.481471
100.000000, 142.184277
100.000000, 143.887083
100.000000, 145.589888
100.000000, 147.292694
100.000000, 148.995500
100.000000, 150.698306
100.000000, 152.401111
100.000000, 154.103917
100.000000, 155.806723
100.000000, 157.509528
100.000000, 159.212334
100.000000, 160.915140
100.000000, 162.617946
100.000000, 164.320751
100.000000, 166.023557
100.000000, 167.726363
100.000000, 169.429168
100.000000, 171.131974
100.000000, 172.834780
100.000000, 174.537586
100.000000, 176.240391
100.000000, 177.943197
100.000000, 179.646003
100.000000, 181.348808
100.000000, 183.051614
100.000000, 184.754420
100.000000, 186.457226
100.000000, 188.160031
100.000000, 189.862837
100.000000, 191.565643
100.000000, 193.268448
100.000000, 194.971254
100.000000, 196.674060
100.000000, 198.376866
100.000000, 200.079671
100.000000, 201.782477
100.000000, 203.485283
100.000000, 205.188088
100.000000, 206.890894
100.000000, 208.593700
100.000000, 210.296506
100.000000, 211.999311
100.000000, 213.702117
100.000000, 215.404923
100.000000, 217.107728
100.000000, 218.810534
100.000000, 220.513340
100.000000, 222.216146
100.000000, 223.918951
100.000000, 225.621757
100.000000, 227.324563
100.000000, 229.027368
100.000000, 230.730174
100.000000, 232.432980
100.000000, 234.135786
100.000000, 235.838591
100.000000, 237.541397
100.000000, 239.244203
100.000000, 240.947008
100.000000, 242.649814
100.000000, 244.352620
100.000000, 246.055426
100.000000, 247.758231
100.000000, 249.461037
100.000000, 251.163843
100.000000, 252.866648
100.000000, 254.569454
100.000000, 256.272260
100.000000, 257.975066
100.000000, 259.677871
100.000000, 261.380677
100.000000, 263.083483
100.000000, 264.786288
100.000000, 266.489094
100.000000, 268.191900
100.000000, 269.894706
100.000000, 271.597511
100.000000, 273.300317
100.000000, 275.003123
100.000000, 276.705928
100.000000, 278.408734
100.000000, 280.111540
100.000000, 281.814346
100.000000, 283.517151
100.000000, 285.219957
100.000000, 286.922763
100.000000, 288.625568
100.000000, 290.328374
100.000000, 292.031180
100.000000, 293.733986
100.000000, 295.436791
100.000000, 297.139597
100.000000, 298.842403
100.000000, 300.545208
100.000000, 302.248014
100.000000, 303.950820
100.000000, 305.653626
100.000000, 307.356431
100.000000, 309.059237
100.000000, 310.762043
100.000000, 312.464848
100.000000, 314.167654
100.000000, 315.870460
100.000000, 317.573266
100.000000, 319.276071
100.000000, 320.978877
100.000000, 322.681683
100.000000, 324.384488
100.000000, 326.087294
100.000000, 327.790100
100.000000, 329.492906
100.000000, 331.195711
100.000000, 332.898517
100.000000, 334.601323
100.000000, 336.304128
100.000000, 338.006934
100.000000, 339.709740
100.000000, 341.412546
100.000000, 343.115351
100.000000, 344.818157
100.000000, 346.520963
100.000000, 348.223768
100.000000, 349.926574
100.000000, 351.629380
100.000000, 353.332186
100.000000, 355.034991
100.000000, 356.737797
100.000000, 358.440603
100.000000, 0.143408
100.000000, 1.846214
100.000000, 3.549020
100.000000, 5.251826
100.000000, 6.954631
100.000000, 8.657437
100.000000, 10.360243
100.000000, 12.063048
100.000000, 13.765854
100.000000, 15.468660
100.000000, 17.171466
100.000000, 18.874271
100.000000, 20.577077
100.000000, 22.279883
100.000000, 23.982688
100.000000, 25.685494
100.000000, 27.388300
100.000000, 29.091106
100.000000, 30.793911
100.000000, 32.496717
100.000000, 34.199523
100.000000, 35.902328
100.000000, 37.605134
100.000000, 39.307940
100.000000, 41.010746
100.000000, 42.713551
100.000000, 44.416357
100.000000, 46.119163
100.000000, 47.821968
100.000000, 49.524774
100.000000, 51.227580
100.000000, 52.930386
100.000000, 54.633191
100.000000, 56.335997
100.000000, 58.038803
100.000000, 59.741608
100.000000, 61.444414
100.000000, 63.147220
100.000000, 64.850025
100.000000, 66.552831
100.000000, 68.255637
100.000000, 69.958443
100.000000, 71.661248
100.000000, 73.364054
100.000000, 75.066860
100.000000, 76.769665
100.000000, 78.472471
100.000000, 80.175277
100.000000, 81.878083
100.000000, 83.580888
100.000000, 85.283694
100.000000, 86.986500
100.000000, 88.689305
100.000000, 90.392111
100.000000, 92.094917
100.000000, 93.797723
100.000000, 95.500528
100.000000, 97.203334
100.000000, 98.906140
100.000000, 100.608945
100.000000, 102.311751
100.000000, 104.014557
100.000000, 105.717363
100.000000, 107.420168
100.000000, 109.122974
100.000000, 110.825780
100.000000, 112.528585
100.000000, 114.231391
100.000000, 115.934197
100.000000, 117.637003
100.000000, 119.339808
100.000000, 121.042614
100.000000, 122.745420
100.000000, 124.448225
100.000000, 126.151031
100.000000, 127.853837
100.000000, 129.556643
100.000000, 131.259448
100.000000, 132.962254
100.000000, 134.665060
100.000000, 136.367865
100.000000, 138.070671
100.000000, 139.773477
100.000000, 141.476283
100.000000, 143.179088
100.000000, 144.881894
100.000000, 146.584700
100.000000, 148.287505
100.000000, 149.990311
100.000000, 151.693117
100.000000, 153.395923
100.000000, 155.098728
100.000000, 156.801534
100.000000, 158.504340
100.000000, 160.207145
100.000000, 161.909951
100.000000, 163.612757
100.000000, 165.315563
100.000000, 167.018368
100.000000, 168.721174
100.000000, 170.423980
100.000000, 172.126785
100.000000, 173.829591
100.000000, 175.532397
100.000000, 177.235203
100.000000, 178.938008
100.000000, 180.640814
100.000000, 182.343620
100.000000, 184.046425
100.000000, 185.749231
100.000000, 187.452037
100.000000, 189.154843
100.000000, 190.857648
100.000000, 192.560454
100.000000, 194.263260
100.000000, 195.966065
100.000000, 197.668871
100.000000, 199.371677
100.000000, 201.074483
100.000000, 202.777288
100.000000, 204.480094
100.000000, 206.182900
100.000000, 207.885705
100.000000, 209.588511
100.000000, 211.291317
100.000000, 212.994123
100.000000, 214.696928
100.000000, 216.399734
100.000000, 218.102540
100.000000, 219.805345
100.000000, 221.508151
100.000000, 223.210957
100.000000, 224.913763
100.000000, 226.616568
100.000000, 228.319374
100.000000, 230.022180
100.000000, 231.724985
100.000000, 233.427791
100.000000, 235.130597
100.000000, 236.833403
100.000000, 238.536208
100.000000, 240.239014
100.000000, 241.941820
100.000000, 243.644625
100.000000, 245.347431
100.000000, 247.050237
100.000000, 248.753043
100.000000, 250.455848
100.000000, 252.158654
100.000000, 253.861460
100.000000, 255.564265
100.000000, 257.267071
100.000000, 258.969877
100.000000, 260.672683
100.000000, 262.375488
100.000000, 264.078294
100.000000, 265.781100
100.000000, 267.483905
100.000000, 269.186711
100.000000, 270.889517
100.000000, 272.592323
100.000000, 274.295128
100.000000, 275.997934
100.000000, 277.700740
100.000000, 279.403545
100.000000, 281.106351
100.000000, 282.809157
100.000000, 284.511963
100.000000, 286.214768
100.000000, 287.917574
100.000000, 289.620380
100.000000, 291.323185
100.000000, 293.025991
100.000000, 294.728797
100.000000, 296.431603
100.000000, 298.134408
100.000000, 299.837214
100.000000, 301.540020
100.000000, 303.242825
100.000000, 304.945631
100.000000, 306.648437
100.000000, 308.351243
100.000000, 310.054048
100.000000, 311.756854
100.000000, 313.459660
100.000000, 315.162465
100.000000, 316.865271
100.000000, 318.568077
100.000000, 320.270883
100.000000, 321.973688
100.000000, 323.676494
100.000000, 325.379300
100.000000, 327.082105
100.000000, 328.784911
100.000000, 330.487717
100.000000, 332.190522
100.000000, 333.893328
100.000000, 335.596134
100.000000, 337.298940
100.000000, 339.001745
100.000000, 340.704551
100.000000, 342.407357
100.000000, 344.110162
100.000000, 345.812968
100.000000, 347.515774
100.000000, 349.218580
100.000000, 350.921385
100.000000, 352.624191
100.000000, 354.326997
100.000000, 356.029802
100.000000, 357.732608
100.000000, 359.435414
100.000000, 1.138220
100.000000, 2.841025
100.000000, 4.543831
100.000000, 6.246637
100.000000, 7.949442
100.000000, 9.652248
100.000000, 11.355054
100.000000, 13.057860
100.000000, 14.760665
100.000000, 16.463471
100.000000, 18.166277
100.000000, 19.869082
100.000000, 21.571888
100.000000, 23.274694
100.000000, 24.977500
100.000000, 26.680305
100.000000, 28.383111
100.000000, 30.085917
100.000000, 31.788722
100.000000, 33.491528
100.000000, 35.194334
100.000000, 36.897140
100.000000, 38.599945
100.000000, 40.302751
100.000000, 42.005557
100.000000, 43.708362
100.000000, 45.411168
100.000000, 47.113974
100.000000, 48.816780
100.000000, 50.519585
100.000000, 52.222391
100.000000, 53.925197
100.000000, 55.628002
100.000000, 57.330808
100.000000, 59.033614
100.000000, 60.736420
100.000000, 62.439225
100.000000, 64.142031
100.000000, 65.844837
100.000000, 67.547642
100.000000, 69.250448
100.000000, 70.953254
100.000000, 72.656060
100.000000, 74.358865
100.000000, 76.061671
100.000000, 77.764477
100.000000, 79.467282
100.000000, 81.170088
100.000000, 82.872894
100.000000, 84.575700
100.000000, 86.278505
100.000000, 87.981311
100.000000, 89.684117
100.000000, 91.386922
100.000000, 93.089728
100.000000, 94.792534
100.000000, 96.495340
100.000000, 98.198145
100.000000, 99.900951
100.000000, 101.603757
100.000000, 103.306562
100.000000, 105.009368
100.000000, 106.712174
100.000000, 108.414980
100.000000, 110.117785
100.000000, 111.820591
100.000000, 113.523397
100.000000, 115.226202
100.000000, 116.929008
100.000000, 118.631814
100.000000, 120.334620
100.000000, 122.037425
100.000000, 123.740231
100.000000, 125.443037
100.000000, 127.145842
100.000000, 128.848648
100.000000, 130.551454
100.000000, 132.254260
100.000000, 133.957065
100.000000, 135.659871
100.000000, 137.362677
100.000000, 139.065482
100.000000, 140.768288
100.000000, 142.471094
100.000000, 144.173900
100.000000, 145.876705
100.000000, 147.579511
100.000000, 149.282317
100.000000, 150.985122
100.000000, 152.687928
100.000000, 154.390734
100.000000, 156.093540
100.000000, 157.796345
100.000000, 159.499151
100.000000, 161.201957
100.000000, 162.904762
100.000000, 164.607568
100.000000, 166.310374
100.000000, 168.013180
100.000000, 169.715985
100.000000, 171.418791
100.000000, 173.121597
100.000000, 174.824402
100.000000, 176.527208
100.000000, 178.230014
100.000000, 179.932820
100.000000, 181.635625
100.000000, 183.338431
100.000000, 185.041237
100.000000, 186.744042
100.000000, 188.446848
100.000000, 190.149654
100.000000, 191.852460
100.000000, 193.555265
100.000000, 195.258071
100.000000, 196.960877
100.000000, 198.663682
100.000000, 200.366488
100.000000, 202.069294
100.000000, 203.772100
100.000000, 205.474905
100.000000, 207.177711
100.000000, 208.880517
100.000000, 210.583322
100.000000, 212.286128
100.000000, 213.988934
100.000000, 215.691740
100.000000, 217.394545
100.000000, 219.097351
100.000000, 220.800157
100.000000, 222.502962
100.000000, 224.205768
100.000000, 225.908574
100.000000, 227.611380
100.000000, 229.314185
100.000000, 231.016991
100.000000, 232.719797
100.000000, 234.422602
100.000000, 236.125408
100.000000, 237.828214
100.000000, 239.531020
100.000000, 241.233825
100.000000, 242.936631
100.000000, 244.639437
100.000000, 246.342242
100.000000, 248.045048
100.000000, 249.747854
100.000000, 251.450659
100.000000, 253.153465
100.000000, 254.856271
100.000000, 256.559077
100.000000, 258.261882
100.000000, 259.964688
100.000000, 261.667494
100.000000, 263.370299
100.000000, 265.073105
100.000000, 266.775911
100.000000, 268.478717
100.000000, 270.181522
100.000000, 271.884328
100.000000, 273.587134
100.000000, 275.289939
100.000000, 276.992745
100.000000, 278.695551
100.000000, 280.398357
100.000000, 282.101162
100.000000, 283.803968
100.000000, 285.506774
100.000000, 287.209579
100.000000, 288.912385
100.000000, 290.615191
100.000000, 292.317997
100.000000, 294.020802
100.000000, 295.723608
100.000000, 297.426414
100.000000, 299.129219
100.000000, 300.832025
100.000000, 302.534831
100.000000, 304.237637
100.000000, 305.940442
100.000000, 307.643248
100.000000, 309.346054
100.000000, 311.048859
100.000000, 312.751665
100.000000, 314.454471
100.000000, 316.157277
100.000000, 317.860082
100.000000, 319.562888
100.000000, 321.265694
100.000000, 322.968499
100.000000, 324.671305
100.000000, 326.374111
100.000000, 328.076917
100.000000, 329.779722
100.000000, 331.482528
100.000000, 333.185334
100.000000, 334.888139
100.000000, 336.590945
100.000000, 338.293751
100.000000, 339.996557
100.000000, 341.699362
100.000000, 343.402168
##END=
