##TITLE= Parameter file, TopSpin 4.3.0
##JCAMPDX= 5.0
##DATATYPE= Parameter Values
##ORIGIN= Bruker BioSpin GmbH
##OWNER= nmrsu
$$ 2024-02-28 21:38:44.791 +0000  nmrsu@4CE1161FJM
$$ C:/Bruker/TopSpin4.3.0/exp/stan/nmr/lists/wave/user/multisupp_aux_d8
$$ process C:\Bruker\TopSpin4.3.0\prog\mod\xwinshape.exe
##MINX= 17.13297600
##MAXX= 99.99952800
##MINY= 0.20050900
##MAXY= 359.79949100
##$SHAPE_ADDPHASE= 0
##$SHAPE_AMP= 99.9995281
##$SHAPE_BWFAC= 0
##$SHAPE_BWFAC50= 0
##$SHAPE_CALCBW= yes
##$SHAPE_CALCINTEG= yes
##$SHAPE_EXMODE= <Excitation>
##$SHAPE_EXPAND= <>
##$SHAPE_EXPANDCF= (0..143)
0 0 0 0 0 0 0 0 0 0 0 0 0 0 0 0 0 0 0 0 0 0 0 0 0 0 0 0 0 0 0 0 0 0 0 0
0 0 0 0 0 0 0 0 0 0 0 0 0 0 0 0 0 0 0 0 0 0 0 0 0 0 0 0 0 0 0 0 0 0 0 0
0 0 0 0 0 0 0 0 0 0 0 0 0 0 0 0 0 0 0 0 0 0 0 0 0 0 0 0 0 0 0 0 0 0 0 0
0 0 0 0 0 0 0 0 0 0 0 0 0 0 0 0 0 0 0 0 0 0 0 0 0 0 0 0 0 0 0 0 0 0 0 0
##$SHAPE_EXPFAC= 0
##$SHAPE_FRACEND= 0
##$SHAPE_FRACORG= 0
##$SHAPE_FRACSTART= 0
##$SHAPE_INTEGFAC= 0
##$SHAPE_KEEPRES= yes
##$SHAPE_LENGTH= 25000.000373
##$SHAPE_MAN= <M>
##$SHAPE_MODE= 4
##$SHAPE_MODFREQ= 0
##$SHAPE_MODPHASE= 0
##$SHAPE_MODSCALE= 0
##$SHAPE_MODSW= 0
##$SHAPE_MODSWDIR= -1
##$SHAPE_NPOINTS= 1250
##$SHAPE_OFFS= <1 4>
##$SHAPE_OFFSCOEFF= (0..95)
-146.3269 0 100 -194.95779 0 100 -214.0761 0 100 -282.57138 0 100 0 0 0
0 0 0 0 0 0 0 0 0 0 0 0 0 0 0 0 0 0 0 0 0 0 0 0 0 0 0 0 0 0 0 0 0 0 0 0
0 0 0 0 0 0 0 0 0 0 0 0 0 0 0 0 0 0 0 0 0 0 0 0 0 0 0 0 0 0 0 0 0 0 0 0
0 0 0 0 0 0 0 0 0
##$SHAPE_PARAMETER= <>
##$SHAPE_REPHFAC= 0
##$SHAPE_RES= 0
##$SHAPE_SCALEFAC= 1.00000472
##$SHAPE_SCALETYPE= 0
##$SHAPE_SPOAL= 0
##$SHAPE_SPOFFS= 0
##$SHAPE_SPOPH= 0
##$SHAPE_TOTROT= 90
##$SHAPE_TYPE= <Excitation>
##$SHAPE_USER_DEF= <>
##$SHAPE_VERSION= 2.1
##$SHL_ADDPHASE= (0..15)
0 0 0 0 0 0 0 0 0 0 0 0 0 0 0 0
##$SHL_ALIGNOFFSET= (0..15)
0 0 0 0 0 0 0 0 0 0 0 0 0 0 0 0
##$SHL_AMP= (0..15)
100 0 0 0 0 0 0 0 0 0 0 0 0 0 0 0
##$SHL_AMPFAC= (0..15)
0 0 0 0 0 0 0 0 0 0 0 0 0 0 0 0
##$SHL_BETA= (0..15)
0 0 0 0 0 0 0 0 0 0 0 0 0 0 0 0
##$SHL_BWFAC= (0..15)
1.116 0 0 0 0 0 0 0 0 0 0 0 0 0 0 0
##$SHL_CALCBW= (0..15)
yes yes yes yes yes yes yes yes yes yes yes yes yes yes yes yes
##$SHL_CALCINTEG= (0..15)
yes yes yes yes yes yes yes yes yes yes yes yes yes yes yes yes
##$SHL_CENTERAMP= (0..15)
0 0 0 0 0 0 0 0 0 0 0 0 0 0 0 0
##$SHL_CYCNUM= (0..15)
0 0 0 0 0 0 0 0 0 0 0 0 0 0 0 0
##$SHL_DIPOLCPL= (0..15)
0 0 0 0 0 0 0 0 0 0 0 0 0 0 0 0
##$SHL_ENDAMP= (0..15)
0 0 0 0 0 0 0 0 0 0 0 0 0 0 0 0
##$SHL_EXMODE= (0..15)
<Excitation> <> <> <> <> <> <> <> <> <> <> <> <> <> <> <>
##$SHL_EXPAND= (0..15)
<> <> <> <> <> <> <> <> <> <> <> <> <> <> <> <>
##$SHL_EXPANDCF0= (0..143)
0 0 0 0 0 0 0 0 0 0 0 0 0 0 0 0 0 0 0 0 0 0 0 0 0 0 0 0 0 0 0 0 0 0 0 0
0 0 0 0 0 0 0 0 0 0 0 0 0 0 0 0 0 0 0 0 0 0 0 0 0 0 0 0 0 0 0 0 0 0 0 0
0 0 0 0 0 0 0 0 0 0 0 0 0 0 0 0 0 0 0 0 0 0 0 0 0 0 0 0 0 0 0 0 0 0 0 0
0 0 0 0 0 0 0 0 0 0 0 0 0 0 0 0 0 0 0 0 0 0 0 0 0 0 0 0 0 0 0 0 0 0 0 0
##$SHL_EXPANDCF1= (0..143)
0 0 0 0 0 0 0 0 0 0 0 0 0 0 0 0 0 0 0 0 0 0 0 0 0 0 0 0 0 0 0 0 0 0 0 0
0 0 0 0 0 0 0 0 0 0 0 0 0 0 0 0 0 0 0 0 0 0 0 0 0 0 0 0 0 0 0 0 0 0 0 0
0 0 0 0 0 0 0 0 0 0 0 0 0 0 0 0 0 0 0 0 0 0 0 0 0 0 0 0 0 0 0 0 0 0 0 0
0 0 0 0 0 0 0 0 0 0 0 0 0 0 0 0 0 0 0 0 0 0 0 0 0 0 0 0 0 0 0 0 0 0 0 0
##$SHL_EXPANDCF10= (0..143)
0 0 0 0 0 0 0 0 0 0 0 0 0 0 0 0 0 0 0 0 0 0 0 0 0 0 0 0 0 0 0 0 0 0 0 0
0 0 0 0 0 0 0 0 0 0 0 0 0 0 0 0 0 0 0 0 0 0 0 0 0 0 0 0 0 0 0 0 0 0 0 0
0 0 0 0 0 0 0 0 0 0 0 0 0 0 0 0 0 0 0 0 0 0 0 0 0 0 0 0 0 0 0 0 0 0 0 0
0 0 0 0 0 0 0 0 0 0 0 0 0 0 0 0 0 0 0 0 0 0 0 0 0 0 0 0 0 0 0 0 0 0 0 0
##$SHL_EXPANDCF11= (0..143)
0 0 0 0 0 0 0 0 0 0 0 0 0 0 0 0 0 0 0 0 0 0 0 0 0 0 0 0 0 0 0 0 0 0 0 0
0 0 0 0 0 0 0 0 0 0 0 0 0 0 0 0 0 0 0 0 0 0 0 0 0 0 0 0 0 0 0 0 0 0 0 0
0 0 0 0 0 0 0 0 0 0 0 0 0 0 0 0 0 0 0 0 0 0 0 0 0 0 0 0 0 0 0 0 0 0 0 0
0 0 0 0 0 0 0 0 0 0 0 0 0 0 0 0 0 0 0 0 0 0 0 0 0 0 0 0 0 0 0 0 0 0 0 0
##$SHL_EXPANDCF12= (0..143)
0 0 0 0 0 0 0 0 0 0 0 0 0 0 0 0 0 0 0 0 0 0 0 0 0 0 0 0 0 0 0 0 0 0 0 0
0 0 0 0 0 0 0 0 0 0 0 0 0 0 0 0 0 0 0 0 0 0 0 0 0 0 0 0 0 0 0 0 0 0 0 0
0 0 0 0 0 0 0 0 0 0 0 0 0 0 0 0 0 0 0 0 0 0 0 0 0 0 0 0 0 0 0 0 0 0 0 0
0 0 0 0 0 0 0 0 0 0 0 0 0 0 0 0 0 0 0 0 0 0 0 0 0 0 0 0 0 0 0 0 0 0 0 0
##$SHL_EXPANDCF13= (0..143)
0 0 0 0 0 0 0 0 0 0 0 0 0 0 0 0 0 0 0 0 0 0 0 0 0 0 0 0 0 0 0 0 0 0 0 0
0 0 0 0 0 0 0 0 0 0 0 0 0 0 0 0 0 0 0 0 0 0 0 0 0 0 0 0 0 0 0 0 0 0 0 0
0 0 0 0 0 0 0 0 0 0 0 0 0 0 0 0 0 0 0 0 0 0 0 0 0 0 0 0 0 0 0 0 0 0 0 0
0 0 0 0 0 0 0 0 0 0 0 0 0 0 0 0 0 0 0 0 0 0 0 0 0 0 0 0 0 0 0 0 0 0 0 0
##$SHL_EXPANDCF14= (0..143)
0 0 0 0 0 0 0 0 0 0 0 0 0 0 0 0 0 0 0 0 0 0 0 0 0 0 0 0 0 0 0 0 0 0 0 0
0 0 0 0 0 0 0 0 0 0 0 0 0 0 0 0 0 0 0 0 0 0 0 0 0 0 0 0 0 0 0 0 0 0 0 0
0 0 0 0 0 0 0 0 0 0 0 0 0 0 0 0 0 0 0 0 0 0 0 0 0 0 0 0 0 0 0 0 0 0 0 0
0 0 0 0 0 0 0 0 0 0 0 0 0 0 0 0 0 0 0 0 0 0 0 0 0 0 0 0 0 0 0 0 0 0 0 0
##$SHL_EXPANDCF15= (0..143)
0 0 0 0 0 0 0 0 0 0 0 0 0 0 0 0 0 0 0 0 0 0 0 0 0 0 0 0 0 0 0 0 0 0 0 0
0 0 0 0 0 0 0 0 0 0 0 0 0 0 0 0 0 0 0 0 0 0 0 0 0 0 0 0 0 0 0 0 0 0 0 0
0 0 0 0 0 0 0 0 0 0 0 0 0 0 0 0 0 0 0 0 0 0 0 0 0 0 0 0 0 0 0 0 0 0 0 0
0 0 0 0 0 0 0 0 0 0 0 0 0 0 0 0 0 0 0 0 0 0 0 0 0 0 0 0 0 0 0 0 0 0 0 0
##$SHL_EXPANDCF2= (0..143)
0 0 0 0 0 0 0 0 0 0 0 0 0 0 0 0 0 0 0 0 0 0 0 0 0 0 0 0 0 0 0 0 0 0 0 0
0 0 0 0 0 0 0 0 0 0 0 0 0 0 0 0 0 0 0 0 0 0 0 0 0 0 0 0 0 0 0 0 0 0 0 0
0 0 0 0 0 0 0 0 0 0 0 0 0 0 0 0 0 0 0 0 0 0 0 0 0 0 0 0 0 0 0 0 0 0 0 0
0 0 0 0 0 0 0 0 0 0 0 0 0 0 0 0 0 0 0 0 0 0 0 0 0 0 0 0 0 0 0 0 0 0 0 0
##$SHL_EXPANDCF3= (0..143)
0 0 0 0 0 0 0 0 0 0 0 0 0 0 0 0 0 0 0 0 0 0 0 0 0 0 0 0 0 0 0 0 0 0 0 0
0 0 0 0 0 0 0 0 0 0 0 0 0 0 0 0 0 0 0 0 0 0 0 0 0 0 0 0 0 0 0 0 0 0 0 0
0 0 0 0 0 0 0 0 0 0 0 0 0 0 0 0 0 0 0 0 0 0 0 0 0 0 0 0 0 0 0 0 0 0 0 0
0 0 0 0 0 0 0 0 0 0 0 0 0 0 0 0 0 0 0 0 0 0 0 0 0 0 0 0 0 0 0 0 0 0 0 0
##$SHL_EXPANDCF4= (0..143)
0 0 0 0 0 0 0 0 0 0 0 0 0 0 0 0 0 0 0 0 0 0 0 0 0 0 0 0 0 0 0 0 0 0 0 0
0 0 0 0 0 0 0 0 0 0 0 0 0 0 0 0 0 0 0 0 0 0 0 0 0 0 0 0 0 0 0 0 0 0 0 0
0 0 0 0 0 0 0 0 0 0 0 0 0 0 0 0 0 0 0 0 0 0 0 0 0 0 0 0 0 0 0 0 0 0 0 0
0 0 0 0 0 0 0 0 0 0 0 0 0 0 0 0 0 0 0 0 0 0 0 0 0 0 0 0 0 0 0 0 0 0 0 0
##$SHL_EXPANDCF5= (0..143)
0 0 0 0 0 0 0 0 0 0 0 0 0 0 0 0 0 0 0 0 0 0 0 0 0 0 0 0 0 0 0 0 0 0 0 0
0 0 0 0 0 0 0 0 0 0 0 0 0 0 0 0 0 0 0 0 0 0 0 0 0 0 0 0 0 0 0 0 0 0 0 0
0 0 0 0 0 0 0 0 0 0 0 0 0 0 0 0 0 0 0 0 0 0 0 0 0 0 0 0 0 0 0 0 0 0 0 0
0 0 0 0 0 0 0 0 0 0 0 0 0 0 0 0 0 0 0 0 0 0 0 0 0 0 0 0 0 0 0 0 0 0 0 0
##$SHL_EXPANDCF6= (0..143)
0 0 0 0 0 0 0 0 0 0 0 0 0 0 0 0 0 0 0 0 0 0 0 0 0 0 0 0 0 0 0 0 0 0 0 0
0 0 0 0 0 0 0 0 0 0 0 0 0 0 0 0 0 0 0 0 0 0 0 0 0 0 0 0 0 0 0 0 0 0 0 0
0 0 0 0 0 0 0 0 0 0 0 0 0 0 0 0 0 0 0 0 0 0 0 0 0 0 0 0 0 0 0 0 0 0 0 0
0 0 0 0 0 0 0 0 0 0 0 0 0 0 0 0 0 0 0 0 0 0 0 0 0 0 0 0 0 0 0 0 0 0 0 0
##$SHL_EXPANDCF7= (0..143)
0 0 0 0 0 0 0 0 0 0 0 0 0 0 0 0 0 0 0 0 0 0 0 0 0 0 0 0 0 0 0 0 0 0 0 0
0 0 0 0 0 0 0 0 0 0 0 0 0 0 0 0 0 0 0 0 0 0 0 0 0 0 0 0 0 0 0 0 0 0 0 0
0 0 0 0 0 0 0 0 0 0 0 0 0 0 0 0 0 0 0 0 0 0 0 0 0 0 0 0 0 0 0 0 0 0 0 0
0 0 0 0 0 0 0 0 0 0 0 0 0 0 0 0 0 0 0 0 0 0 0 0 0 0 0 0 0 0 0 0 0 0 0 0
##$SHL_EXPANDCF8= (0..143)
0 0 0 0 0 0 0 0 0 0 0 0 0 0 0 0 0 0 0 0 0 0 0 0 0 0 0 0 0 0 0 0 0 0 0 0
0 0 0 0 0 0 0 0 0 0 0 0 0 0 0 0 0 0 0 0 0 0 0 0 0 0 0 0 0 0 0 0 0 0 0 0
0 0 0 0 0 0 0 0 0 0 0 0 0 0 0 0 0 0 0 0 0 0 0 0 0 0 0 0 0 0 0 0 0 0 0 0
0 0 0 0 0 0 0 0 0 0 0 0 0 0 0 0 0 0 0 0 0 0 0 0 0 0 0 0 0 0 0 0 0 0 0 0
##$SHL_EXPANDCF9= (0..143)
0 0 0 0 0 0 0 0 0 0 0 0 0 0 0 0 0 0 0 0 0 0 0 0 0 0 0 0 0 0 0 0 0 0 0 0
0 0 0 0 0 0 0 0 0 0 0 0 0 0 0 0 0 0 0 0 0 0 0 0 0 0 0 0 0 0 0 0 0 0 0 0
0 0 0 0 0 0 0 0 0 0 0 0 0 0 0 0 0 0 0 0 0 0 0 0 0 0 0 0 0 0 0 0 0 0 0 0
0 0 0 0 0 0 0 0 0 0 0 0 0 0 0 0 0 0 0 0 0 0 0 0 0 0 0 0 0 0 0 0 0 0 0 0
##$SHL_EXPFAC= (0..15)
0 0 0 0 0 0 0 0 0 0 0 0 0 0 0 0
##$SHL_FRACEND= (0..15)
0 0 0 0 0 0 0 0 0 0 0 0 0 0 0 0
##$SHL_FRACORG= (0..15)
0 0 0 0 0 0 0 0 0 0 0 0 0 0 0 0
##$SHL_FRACSTART= (0..15)
0 0 0 0 0 0 0 0 0 0 0 0 0 0 0 0
##$SHL_FULLHALF= (0..15)
0 0 0 0 0 0 0 0 0 0 0 0 0 0 0 0
##$SHL_FUNCAMP= (0..15)
100 0 0 0 0 0 0 0 0 0 0 0 0 0 0 0
##$SHL_FUNCTION= (0..15)
<Rectangle> <> <> <> <> <> <> <> <> <> <> <> <> <> <> <>
##$SHL_GCO= (0..15)
<> <> <> <> <> <> <> <> <> <> <> <> <> <> <> <>
##$SHL_GCOCOEFFS0= (0..59)
0 0 0 0 0 0 0 0 0 0 0 0 0 0 0 0 0 0 0 0 0 0 0 0 0 0 0 0 0 0 0 0 0 0 0 0
0 0 0 0 0 0 0 0 0 0 0 0 0 0 0 0 0 0 0 0 0 0 0 0
##$SHL_GCOCOEFFS1= (0..59)
0 0 0 0 0 0 0 0 0 0 0 0 0 0 0 0 0 0 0 0 0 0 0 0 0 0 0 0 0 0 0 0 0 0 0 0
0 0 0 0 0 0 0 0 0 0 0 0 0 0 0 0 0 0 0 0 0 0 0 0
##$SHL_GCOCOEFFS10= (0..59)
0 0 0 0 0 0 0 0 0 0 0 0 0 0 0 0 0 0 0 0 0 0 0 0 0 0 0 0 0 0 0 0 0 0 0 0
0 0 0 0 0 0 0 0 0 0 0 0 0 0 0 0 0 0 0 0 0 0 0 0
##$SHL_GCOCOEFFS11= (0..59)
0 0 0 0 0 0 0 0 0 0 0 0 0 0 0 0 0 0 0 0 0 0 0 0 0 0 0 0 0 0 0 0 0 0 0 0
0 0 0 0 0 0 0 0 0 0 0 0 0 0 0 0 0 0 0 0 0 0 0 0
##$SHL_GCOCOEFFS12= (0..59)
0 0 0 0 0 0 0 0 0 0 0 0 0 0 0 0 0 0 0 0 0 0 0 0 0 0 0 0 0 0 0 0 0 0 0 0
0 0 0 0 0 0 0 0 0 0 0 0 0 0 0 0 0 0 0 0 0 0 0 0
##$SHL_GCOCOEFFS13= (0..59)
0 0 0 0 0 0 0 0 0 0 0 0 0 0 0 0 0 0 0 0 0 0 0 0 0 0 0 0 0 0 0 0 0 0 0 0
0 0 0 0 0 0 0 0 0 0 0 0 0 0 0 0 0 0 0 0 0 0 0 0
##$SHL_GCOCOEFFS14= (0..59)
0 0 0 0 0 0 0 0 0 0 0 0 0 0 0 0 0 0 0 0 0 0 0 0 0 0 0 0 0 0 0 0 0 0 0 0
0 0 0 0 0 0 0 0 0 0 0 0 0 0 0 0 0 0 0 0 0 0 0 0
##$SHL_GCOCOEFFS15= (0..59)
0 0 0 0 0 0 0 0 0 0 0 0 0 0 0 0 0 0 0 0 0 0 0 0 0 0 0 0 0 0 0 0 0 0 0 0
0 0 0 0 0 0 0 0 0 0 0 0 0 0 0 0 0 0 0 0 0 0 0 0
##$SHL_GCOCOEFFS2= (0..59)
0 0 0 0 0 0 0 0 0 0 0 0 0 0 0 0 0 0 0 0 0 0 0 0 0 0 0 0 0 0 0 0 0 0 0 0
0 0 0 0 0 0 0 0 0 0 0 0 0 0 0 0 0 0 0 0 0 0 0 0
##$SHL_GCOCOEFFS3= (0..59)
0 0 0 0 0 0 0 0 0 0 0 0 0 0 0 0 0 0 0 0 0 0 0 0 0 0 0 0 0 0 0 0 0 0 0 0
0 0 0 0 0 0 0 0 0 0 0 0 0 0 0 0 0 0 0 0 0 0 0 0
##$SHL_GCOCOEFFS4= (0..59)
0 0 0 0 0 0 0 0 0 0 0 0 0 0 0 0 0 0 0 0 0 0 0 0 0 0 0 0 0 0 0 0 0 0 0 0
0 0 0 0 0 0 0 0 0 0 0 0 0 0 0 0 0 0 0 0 0 0 0 0
##$SHL_GCOCOEFFS5= (0..59)
0 0 0 0 0 0 0 0 0 0 0 0 0 0 0 0 0 0 0 0 0 0 0 0 0 0 0 0 0 0 0 0 0 0 0 0
0 0 0 0 0 0 0 0 0 0 0 0 0 0 0 0 0 0 0 0 0 0 0 0
##$SHL_GCOCOEFFS6= (0..59)
0 0 0 0 0 0 0 0 0 0 0 0 0 0 0 0 0 0 0 0 0 0 0 0 0 0 0 0 0 0 0 0 0 0 0 0
0 0 0 0 0 0 0 0 0 0 0 0 0 0 0 0 0 0 0 0 0 0 0 0
##$SHL_GCOCOEFFS7= (0..59)
0 0 0 0 0 0 0 0 0 0 0 0 0 0 0 0 0 0 0 0 0 0 0 0 0 0 0 0 0 0 0 0 0 0 0 0
0 0 0 0 0 0 0 0 0 0 0 0 0 0 0 0 0 0 0 0 0 0 0 0
##$SHL_GCOCOEFFS8= (0..59)
0 0 0 0 0 0 0 0 0 0 0 0 0 0 0 0 0 0 0 0 0 0 0 0 0 0 0 0 0 0 0 0 0 0 0 0
0 0 0 0 0 0 0 0 0 0 0 0 0 0 0 0 0 0 0 0 0 0 0 0
##$SHL_GCOCOEFFS9= (0..59)
0 0 0 0 0 0 0 0 0 0 0 0 0 0 0 0 0 0 0 0 0 0 0 0 0 0 0 0 0 0 0 0 0 0 0 0
0 0 0 0 0 0 0 0 0 0 0 0 0 0 0 0 0 0 0 0 0 0 0 0
##$SHL_INTEGFAC= (0..15)
1 0 0 0 0 0 0 0 0 0 0 0 0 0 0 0
##$SHL_LB= (0..15)
0 0 0 0 0 0 0 0 0 0 0 0 0 0 0 0
##$SHL_LEFTLIMIT= (0..15)
0 0 0 0 0 0 0 0 0 0 0 0 0 0 0 0
##$SHL_LENGTH= (0..15)
25000.000373 0 0 0 0 0 0 0 0 0 0 0 0 0 0 0
##$SHL_MAN= (0..15)
<> <> <> <> <> <> <> <> <> <> <> <> <> <> <> <>
##$SHL_MEANAMP= (0..15)
0 0 0 0 0 0 0 0 0 0 0 0 0 0 0 0
##$SHL_MODAMP= (0..15)
0 0 0 0 0 0 0 0 0 0 0 0 0 0 0 0
##$SHL_MODE= (0..15)
0 0 0 0 0 0 0 0 0 0 0 0 0 0 0 0
##$SHL_MODFREQ= (0..15)
0 0 0 0 0 0 0 0 0 0 0 0 0 0 0 0
##$SHL_MODPHASE= (0..15)
0 0 0 0 0 0 0 0 0 0 0 0 0 0 0 0
##$SHL_MODSCALE= (0..15)
0 0 0 0 0 0 0 0 0 0 0 0 0 0 0 0
##$SHL_MODSW= (0..15)
0 0 0 0 0 0 0 0 0 0 0 0 0 0 0 0
##$SHL_MODSWDIR= (0..15)
-1 -1 -1 -1 -1 -1 -1 -1 -1 -1 -1 -1 -1 -1 -1 -1
##$SHL_MU= (0..15)
0 0 0 0 0 0 0 0 0 0 0 0 0 0 0 0
##$SHL_NPOINTS= (0..15)
1250 0 0 0 0 0 0 0 0 0 0 0 0 0 0 0
##$SHL_OFFS= (0..15)
<> <> <> <> <> <> <> <> <> <> <> <> <> <> <> <>
##$SHL_OFFSCOEFF0= (0..95)
0 0 0 0 0 0 0 0 0 0 0 0 0 0 0 0 0 0 0 0 0 0 0 0 0 0 0 0 0 0 0 0 0 0 0 0
0 0 0 0 0 0 0 0 0 0 0 0 0 0 0 0 0 0 0 0 0 0 0 0 0 0 0 0 0 0 0 0 0 0 0 0
0 0 0 0 0 0 0 0 0 0 0 0 0 0 0 0 0 0 0 0 0 0 0 0
##$SHL_OFFSCOEFF1= (0..95)
0 0 0 0 0 0 0 0 0 0 0 0 0 0 0 0 0 0 0 0 0 0 0 0 0 0 0 0 0 0 0 0 0 0 0 0
0 0 0 0 0 0 0 0 0 0 0 0 0 0 0 0 0 0 0 0 0 0 0 0 0 0 0 0 0 0 0 0 0 0 0 0
0 0 0 0 0 0 0 0 0 0 0 0 0 0 0 0 0 0 0 0 0 0 0 0
##$SHL_OFFSCOEFF10= (0..95)
0 0 0 0 0 0 0 0 0 0 0 0 0 0 0 0 0 0 0 0 0 0 0 0 0 0 0 0 0 0 0 0 0 0 0 0
0 0 0 0 0 0 0 0 0 0 0 0 0 0 0 0 0 0 0 0 0 0 0 0 0 0 0 0 0 0 0 0 0 0 0 0
0 0 0 0 0 0 0 0 0 0 0 0 0 0 0 0 0 0 0 0 0 0 0 0
##$SHL_OFFSCOEFF11= (0..95)
0 0 0 0 0 0 0 0 0 0 0 0 0 0 0 0 0 0 0 0 0 0 0 0 0 0 0 0 0 0 0 0 0 0 0 0
0 0 0 0 0 0 0 0 0 0 0 0 0 0 0 0 0 0 0 0 0 0 0 0 0 0 0 0 0 0 0 0 0 0 0 0
0 0 0 0 0 0 0 0 0 0 0 0 0 0 0 0 0 0 0 0 0 0 0 0
##$SHL_OFFSCOEFF12= (0..95)
0 0 0 0 0 0 0 0 0 0 0 0 0 0 0 0 0 0 0 0 0 0 0 0 0 0 0 0 0 0 0 0 0 0 0 0
0 0 0 0 0 0 0 0 0 0 0 0 0 0 0 0 0 0 0 0 0 0 0 0 0 0 0 0 0 0 0 0 0 0 0 0
0 0 0 0 0 0 0 0 0 0 0 0 0 0 0 0 0 0 0 0 0 0 0 0
##$SHL_OFFSCOEFF13= (0..95)
0 0 0 0 0 0 0 0 0 0 0 0 0 0 0 0 0 0 0 0 0 0 0 0 0 0 0 0 0 0 0 0 0 0 0 0
0 0 0 0 0 0 0 0 0 0 0 0 0 0 0 0 0 0 0 0 0 0 0 0 0 0 0 0 0 0 0 0 0 0 0 0
0 0 0 0 0 0 0 0 0 0 0 0 0 0 0 0 0 0 0 0 0 0 0 0
##$SHL_OFFSCOEFF14= (0..95)
0 0 0 0 0 0 0 0 0 0 0 0 0 0 0 0 0 0 0 0 0 0 0 0 0 0 0 0 0 0 0 0 0 0 0 0
0 0 0 0 0 0 0 0 0 0 0 0 0 0 0 0 0 0 0 0 0 0 0 0 0 0 0 0 0 0 0 0 0 0 0 0
0 0 0 0 0 0 0 0 0 0 0 0 0 0 0 0 0 0 0 0 0 0 0 0
##$SHL_OFFSCOEFF15= (0..95)
0 0 0 0 0 0 0 0 0 0 0 0 0 0 0 0 0 0 0 0 0 0 0 0 0 0 0 0 0 0 0 0 0 0 0 0
0 0 0 0 0 0 0 0 0 0 0 0 0 0 0 0 0 0 0 0 0 0 0 0 0 0 0 0 0 0 0 0 0 0 0 0
0 0 0 0 0 0 0 0 0 0 0 0 0 0 0 0 0 0 0 0 0 0 0 0
##$SHL_OFFSCOEFF2= (0..95)
0 0 0 0 0 0 0 0 0 0 0 0 0 0 0 0 0 0 0 0 0 0 0 0 0 0 0 0 0 0 0 0 0 0 0 0
0 0 0 0 0 0 0 0 0 0 0 0 0 0 0 0 0 0 0 0 0 0 0 0 0 0 0 0 0 0 0 0 0 0 0 0
0 0 0 0 0 0 0 0 0 0 0 0 0 0 0 0 0 0 0 0 0 0 0 0
##$SHL_OFFSCOEFF3= (0..95)
0 0 0 0 0 0 0 0 0 0 0 0 0 0 0 0 0 0 0 0 0 0 0 0 0 0 0 0 0 0 0 0 0 0 0 0
0 0 0 0 0 0 0 0 0 0 0 0 0 0 0 0 0 0 0 0 0 0 0 0 0 0 0 0 0 0 0 0 0 0 0 0
0 0 0 0 0 0 0 0 0 0 0 0 0 0 0 0 0 0 0 0 0 0 0 0
##$SHL_OFFSCOEFF4= (0..95)
0 0 0 0 0 0 0 0 0 0 0 0 0 0 0 0 0 0 0 0 0 0 0 0 0 0 0 0 0 0 0 0 0 0 0 0
0 0 0 0 0 0 0 0 0 0 0 0 0 0 0 0 0 0 0 0 0 0 0 0 0 0 0 0 0 0 0 0 0 0 0 0
0 0 0 0 0 0 0 0 0 0 0 0 0 0 0 0 0 0 0 0 0 0 0 0
##$SHL_OFFSCOEFF5= (0..95)
0 0 0 0 0 0 0 0 0 0 0 0 0 0 0 0 0 0 0 0 0 0 0 0 0 0 0 0 0 0 0 0 0 0 0 0
0 0 0 0 0 0 0 0 0 0 0 0 0 0 0 0 0 0 0 0 0 0 0 0 0 0 0 0 0 0 0 0 0 0 0 0
0 0 0 0 0 0 0 0 0 0 0 0 0 0 0 0 0 0 0 0 0 0 0 0
##$SHL_OFFSCOEFF6= (0..95)
0 0 0 0 0 0 0 0 0 0 0 0 0 0 0 0 0 0 0 0 0 0 0 0 0 0 0 0 0 0 0 0 0 0 0 0
0 0 0 0 0 0 0 0 0 0 0 0 0 0 0 0 0 0 0 0 0 0 0 0 0 0 0 0 0 0 0 0 0 0 0 0
0 0 0 0 0 0 0 0 0 0 0 0 0 0 0 0 0 0 0 0 0 0 0 0
##$SHL_OFFSCOEFF7= (0..95)
0 0 0 0 0 0 0 0 0 0 0 0 0 0 0 0 0 0 0 0 0 0 0 0 0 0 0 0 0 0 0 0 0 0 0 0
0 0 0 0 0 0 0 0 0 0 0 0 0 0 0 0 0 0 0 0 0 0 0 0 0 0 0 0 0 0 0 0 0 0 0 0
0 0 0 0 0 0 0 0 0 0 0 0 0 0 0 0 0 0 0 0 0 0 0 0
##$SHL_OFFSCOEFF8= (0..95)
0 0 0 0 0 0 0 0 0 0 0 0 0 0 0 0 0 0 0 0 0 0 0 0 0 0 0 0 0 0 0 0 0 0 0 0
0 0 0 0 0 0 0 0 0 0 0 0 0 0 0 0 0 0 0 0 0 0 0 0 0 0 0 0 0 0 0 0 0 0 0 0
0 0 0 0 0 0 0 0 0 0 0 0 0 0 0 0 0 0 0 0 0 0 0 0
##$SHL_OFFSCOEFF9= (0..95)
0 0 0 0 0 0 0 0 0 0 0 0 0 0 0 0 0 0 0 0 0 0 0 0 0 0 0 0 0 0 0 0 0 0 0 0
0 0 0 0 0 0 0 0 0 0 0 0 0 0 0 0 0 0 0 0 0 0 0 0 0 0 0 0 0 0 0 0 0 0 0 0
0 0 0 0 0 0 0 0 0 0 0 0 0 0 0 0 0 0 0 0 0 0 0 0
##$SHL_PHASE= (0..15)
0 0 0 0 0 0 0 0 0 0 0 0 0 0 0 0
##$SHL_PHASEFAC= (0..15)
0 0 0 0 0 0 0 0 0 0 0 0 0 0 0 0
##$SHL_POWERINDEX= (0..15)
0 0 0 0 0 0 0 0 0 0 0 0 0 0 0 0
##$SHL_QUADCOEFF= (0..15)
0 0 0 0 0 0 0 0 0 0 0 0 0 0 0 0
##$SHL_RIGHTLIMIT= (0..15)
0 0 0 0 0 0 0 0 0 0 0 0 0 0 0 0
##$SHL_SCALEFACTOR= (0..15)
1 1 1 1 1 1 1 1 1 1 1 1 1 1 1 1
##$SHL_SF= (0..15)
<> <> <> <> <> <> <> <> <> <> <> <> <> <> <> <>
##$SHL_SFCOEFFS0= (0..200)
0 0 0 0 0 0 0 0 0 0 0 0 0 0 0 0 0 0 0 0 0 0 0 0 0 0 0 0 0 0 0 0 0 0 0 0
0 0 0 0 0 0 0 0 0 0 0 0 0 0 0 0 0 0 0 0 0 0 0 0 0 0 0 0 0 0 0 0 0 0 0 0
0 0 0 0 0 0 0 0 0 0 0 0 0 0 0 0 0 0 0 0 0 0 0 0 0 0 0 0 0 0 0 0 0 0 0 0
0 0 0 0 0 0 0 0 0 0 0 0 0 0 0 0 0 0 0 0 0 0 0 0 0 0 0 0 0 0 0 0 0 0 0 0
0 0 0 0 0 0 0 0 0 0 0 0 0 0 0 0 0 0 0 0 0 0 0 0 0 0 0 0 0 0 0 0 0 0 0 0
0 0 0 0 0 0 0 0 0 0 0 0 0 0 0 0 0 0 0 0 0
##$SHL_SFCOEFFS1= (0..200)
0 0 0 0 0 0 0 0 0 0 0 0 0 0 0 0 0 0 0 0 0 0 0 0 0 0 0 0 0 0 0 0 0 0 0 0
0 0 0 0 0 0 0 0 0 0 0 0 0 0 0 0 0 0 0 0 0 0 0 0 0 0 0 0 0 0 0 0 0 0 0 0
0 0 0 0 0 0 0 0 0 0 0 0 0 0 0 0 0 0 0 0 0 0 0 0 0 0 0 0 0 0 0 0 0 0 0 0
0 0 0 0 0 0 0 0 0 0 0 0 0 0 0 0 0 0 0 0 0 0 0 0 0 0 0 0 0 0 0 0 0 0 0 0
0 0 0 0 0 0 0 0 0 0 0 0 0 0 0 0 0 0 0 0 0 0 0 0 0 0 0 0 0 0 0 0 0 0 0 0
0 0 0 0 0 0 0 0 0 0 0 0 0 0 0 0 0 0 0 0 0
##$SHL_SFCOEFFS10= (0..200)
0 0 0 0 0 0 0 0 0 0 0 0 0 0 0 0 0 0 0 0 0 0 0 0 0 0 0 0 0 0 0 0 0 0 0 0
0 0 0 0 0 0 0 0 0 0 0 0 0 0 0 0 0 0 0 0 0 0 0 0 0 0 0 0 0 0 0 0 0 0 0 0
0 0 0 0 0 0 0 0 0 0 0 0 0 0 0 0 0 0 0 0 0 0 0 0 0 0 0 0 0 0 0 0 0 0 0 0
0 0 0 0 0 0 0 0 0 0 0 0 0 0 0 0 0 0 0 0 0 0 0 0 0 0 0 0 0 0 0 0 0 0 0 0
0 0 0 0 0 0 0 0 0 0 0 0 0 0 0 0 0 0 0 0 0 0 0 0 0 0 0 0 0 0 0 0 0 0 0 0
0 0 0 0 0 0 0 0 0 0 0 0 0 0 0 0 0 0 0 0 0
##$SHL_SFCOEFFS11= (0..200)
0 0 0 0 0 0 0 0 0 0 0 0 0 0 0 0 0 0 0 0 0 0 0 0 0 0 0 0 0 0 0 0 0 0 0 0
0 0 0 0 0 0 0 0 0 0 0 0 0 0 0 0 0 0 0 0 0 0 0 0 0 0 0 0 0 0 0 0 0 0 0 0
0 0 0 0 0 0 0 0 0 0 0 0 0 0 0 0 0 0 0 0 0 0 0 0 0 0 0 0 0 0 0 0 0 0 0 0
0 0 0 0 0 0 0 0 0 0 0 0 0 0 0 0 0 0 0 0 0 0 0 0 0 0 0 0 0 0 0 0 0 0 0 0
0 0 0 0 0 0 0 0 0 0 0 0 0 0 0 0 0 0 0 0 0 0 0 0 0 0 0 0 0 0 0 0 0 0 0 0
0 0 0 0 0 0 0 0 0 0 0 0 0 0 0 0 0 0 0 0 0
##$SHL_SFCOEFFS12= (0..200)
0 0 0 0 0 0 0 0 0 0 0 0 0 0 0 0 0 0 0 0 0 0 0 0 0 0 0 0 0 0 0 0 0 0 0 0
0 0 0 0 0 0 0 0 0 0 0 0 0 0 0 0 0 0 0 0 0 0 0 0 0 0 0 0 0 0 0 0 0 0 0 0
0 0 0 0 0 0 0 0 0 0 0 0 0 0 0 0 0 0 0 0 0 0 0 0 0 0 0 0 0 0 0 0 0 0 0 0
0 0 0 0 0 0 0 0 0 0 0 0 0 0 0 0 0 0 0 0 0 0 0 0 0 0 0 0 0 0 0 0 0 0 0 0
0 0 0 0 0 0 0 0 0 0 0 0 0 0 0 0 0 0 0 0 0 0 0 0 0 0 0 0 0 0 0 0 0 0 0 0
0 0 0 0 0 0 0 0 0 0 0 0 0 0 0 0 0 0 0 0 0
##$SHL_SFCOEFFS13= (0..200)
0 0 0 0 0 0 0 0 0 0 0 0 0 0 0 0 0 0 0 0 0 0 0 0 0 0 0 0 0 0 0 0 0 0 0 0
0 0 0 0 0 0 0 0 0 0 0 0 0 0 0 0 0 0 0 0 0 0 0 0 0 0 0 0 0 0 0 0 0 0 0 0
0 0 0 0 0 0 0 0 0 0 0 0 0 0 0 0 0 0 0 0 0 0 0 0 0 0 0 0 0 0 0 0 0 0 0 0
0 0 0 0 0 0 0 0 0 0 0 0 0 0 0 0 0 0 0 0 0 0 0 0 0 0 0 0 0 0 0 0 0 0 0 0
0 0 0 0 0 0 0 0 0 0 0 0 0 0 0 0 0 0 0 0 0 0 0 0 0 0 0 0 0 0 0 0 0 0 0 0
0 0 0 0 0 0 0 0 0 0 0 0 0 0 0 0 0 0 0 0 0
##$SHL_SFCOEFFS14= (0..200)
0 0 0 0 0 0 0 0 0 0 0 0 0 0 0 0 0 0 0 0 0 0 0 0 0 0 0 0 0 0 0 0 0 0 0 0
0 0 0 0 0 0 0 0 0 0 0 0 0 0 0 0 0 0 0 0 0 0 0 0 0 0 0 0 0 0 0 0 0 0 0 0
0 0 0 0 0 0 0 0 0 0 0 0 0 0 0 0 0 0 0 0 0 0 0 0 0 0 0 0 0 0 0 0 0 0 0 0
0 0 0 0 0 0 0 0 0 0 0 0 0 0 0 0 0 0 0 0 0 0 0 0 0 0 0 0 0 0 0 0 0 0 0 0
0 0 0 0 0 0 0 0 0 0 0 0 0 0 0 0 0 0 0 0 0 0 0 0 0 0 0 0 0 0 0 0 0 0 0 0
0 0 0 0 0 0 0 0 0 0 0 0 0 0 0 0 0 0 0 0 0
##$SHL_SFCOEFFS15= (0..200)
0 0 0 0 0 0 0 0 0 0 0 0 0 0 0 0 0 0 0 0 0 0 0 0 0 0 0 0 0 0 0 0 0 0 0 0
0 0 0 0 0 0 0 0 0 0 0 0 0 0 0 0 0 0 0 0 0 0 0 0 0 0 0 0 0 0 0 0 0 0 0 0
0 0 0 0 0 0 0 0 0 0 0 0 0 0 0 0 0 0 0 0 0 0 0 0 0 0 0 0 0 0 0 0 0 0 0 0
0 0 0 0 0 0 0 0 0 0 0 0 0 0 0 0 0 0 0 0 0 0 0 0 0 0 0 0 0 0 0 0 0 0 0 0
0 0 0 0 0 0 0 0 0 0 0 0 0 0 0 0 0 0 0 0 0 0 0 0 0 0 0 0 0 0 0 0 0 0 0 0
0 0 0 0 0 0 0 0 0 0 0 0 0 0 0 0 0 0 0 0 0
##$SHL_SFCOEFFS2= (0..200)
0 0 0 0 0 0 0 0 0 0 0 0 0 0 0 0 0 0 0 0 0 0 0 0 0 0 0 0 0 0 0 0 0 0 0 0
0 0 0 0 0 0 0 0 0 0 0 0 0 0 0 0 0 0 0 0 0 0 0 0 0 0 0 0 0 0 0 0 0 0 0 0
0 0 0 0 0 0 0 0 0 0 0 0 0 0 0 0 0 0 0 0 0 0 0 0 0 0 0 0 0 0 0 0 0 0 0 0
0 0 0 0 0 0 0 0 0 0 0 0 0 0 0 0 0 0 0 0 0 0 0 0 0 0 0 0 0 0 0 0 0 0 0 0
0 0 0 0 0 0 0 0 0 0 0 0 0 0 0 0 0 0 0 0 0 0 0 0 0 0 0 0 0 0 0 0 0 0 0 0
0 0 0 0 0 0 0 0 0 0 0 0 0 0 0 0 0 0 0 0 0
##$SHL_SFCOEFFS3= (0..200)
0 0 0 0 0 0 0 0 0 0 0 0 0 0 0 0 0 0 0 0 0 0 0 0 0 0 0 0 0 0 0 0 0 0 0 0
0 0 0 0 0 0 0 0 0 0 0 0 0 0 0 0 0 0 0 0 0 0 0 0 0 0 0 0 0 0 0 0 0 0 0 0
0 0 0 0 0 0 0 0 0 0 0 0 0 0 0 0 0 0 0 0 0 0 0 0 0 0 0 0 0 0 0 0 0 0 0 0
0 0 0 0 0 0 0 0 0 0 0 0 0 0 0 0 0 0 0 0 0 0 0 0 0 0 0 0 0 0 0 0 0 0 0 0
0 0 0 0 0 0 0 0 0 0 0 0 0 0 0 0 0 0 0 0 0 0 0 0 0 0 0 0 0 0 0 0 0 0 0 0
0 0 0 0 0 0 0 0 0 0 0 0 0 0 0 0 0 0 0 0 0
##$SHL_SFCOEFFS4= (0..200)
0 0 0 0 0 0 0 0 0 0 0 0 0 0 0 0 0 0 0 0 0 0 0 0 0 0 0 0 0 0 0 0 0 0 0 0
0 0 0 0 0 0 0 0 0 0 0 0 0 0 0 0 0 0 0 0 0 0 0 0 0 0 0 0 0 0 0 0 0 0 0 0
0 0 0 0 0 0 0 0 0 0 0 0 0 0 0 0 0 0 0 0 0 0 0 0 0 0 0 0 0 0 0 0 0 0 0 0
0 0 0 0 0 0 0 0 0 0 0 0 0 0 0 0 0 0 0 0 0 0 0 0 0 0 0 0 0 0 0 0 0 0 0 0
0 0 0 0 0 0 0 0 0 0 0 0 0 0 0 0 0 0 0 0 0 0 0 0 0 0 0 0 0 0 0 0 0 0 0 0
0 0 0 0 0 0 0 0 0 0 0 0 0 0 0 0 0 0 0 0 0
##$SHL_SFCOEFFS5= (0..200)
0 0 0 0 0 0 0 0 0 0 0 0 0 0 0 0 0 0 0 0 0 0 0 0 0 0 0 0 0 0 0 0 0 0 0 0
0 0 0 0 0 0 0 0 0 0 0 0 0 0 0 0 0 0 0 0 0 0 0 0 0 0 0 0 0 0 0 0 0 0 0 0
0 0 0 0 0 0 0 0 0 0 0 0 0 0 0 0 0 0 0 0 0 0 0 0 0 0 0 0 0 0 0 0 0 0 0 0
0 0 0 0 0 0 0 0 0 0 0 0 0 0 0 0 0 0 0 0 0 0 0 0 0 0 0 0 0 0 0 0 0 0 0 0
0 0 0 0 0 0 0 0 0 0 0 0 0 0 0 0 0 0 0 0 0 0 0 0 0 0 0 0 0 0 0 0 0 0 0 0
0 0 0 0 0 0 0 0 0 0 0 0 0 0 0 0 0 0 0 0 0
##$SHL_SFCOEFFS6= (0..200)
0 0 0 0 0 0 0 0 0 0 0 0 0 0 0 0 0 0 0 0 0 0 0 0 0 0 0 0 0 0 0 0 0 0 0 0
0 0 0 0 0 0 0 0 0 0 0 0 0 0 0 0 0 0 0 0 0 0 0 0 0 0 0 0 0 0 0 0 0 0 0 0
0 0 0 0 0 0 0 0 0 0 0 0 0 0 0 0 0 0 0 0 0 0 0 0 0 0 0 0 0 0 0 0 0 0 0 0
0 0 0 0 0 0 0 0 0 0 0 0 0 0 0 0 0 0 0 0 0 0 0 0 0 0 0 0 0 0 0 0 0 0 0 0
0 0 0 0 0 0 0 0 0 0 0 0 0 0 0 0 0 0 0 0 0 0 0 0 0 0 0 0 0 0 0 0 0 0 0 0
0 0 0 0 0 0 0 0 0 0 0 0 0 0 0 0 0 0 0 0 0
##$SHL_SFCOEFFS7= (0..200)
0 0 0 0 0 0 0 0 0 0 0 0 0 0 0 0 0 0 0 0 0 0 0 0 0 0 0 0 0 0 0 0 0 0 0 0
0 0 0 0 0 0 0 0 0 0 0 0 0 0 0 0 0 0 0 0 0 0 0 0 0 0 0 0 0 0 0 0 0 0 0 0
0 0 0 0 0 0 0 0 0 0 0 0 0 0 0 0 0 0 0 0 0 0 0 0 0 0 0 0 0 0 0 0 0 0 0 0
0 0 0 0 0 0 0 0 0 0 0 0 0 0 0 0 0 0 0 0 0 0 0 0 0 0 0 0 0 0 0 0 0 0 0 0
0 0 0 0 0 0 0 0 0 0 0 0 0 0 0 0 0 0 0 0 0 0 0 0 0 0 0 0 0 0 0 0 0 0 0 0
0 0 0 0 0 0 0 0 0 0 0 0 0 0 0 0 0 0 0 0 0
##$SHL_SFCOEFFS8= (0..200)
0 0 0 0 0 0 0 0 0 0 0 0 0 0 0 0 0 0 0 0 0 0 0 0 0 0 0 0 0 0 0 0 0 0 0 0
0 0 0 0 0 0 0 0 0 0 0 0 0 0 0 0 0 0 0 0 0 0 0 0 0 0 0 0 0 0 0 0 0 0 0 0
0 0 0 0 0 0 0 0 0 0 0 0 0 0 0 0 0 0 0 0 0 0 0 0 0 0 0 0 0 0 0 0 0 0 0 0
0 0 0 0 0 0 0 0 0 0 0 0 0 0 0 0 0 0 0 0 0 0 0 0 0 0 0 0 0 0 0 0 0 0 0 0
0 0 0 0 0 0 0 0 0 0 0 0 0 0 0 0 0 0 0 0 0 0 0 0 0 0 0 0 0 0 0 0 0 0 0 0
0 0 0 0 0 0 0 0 0 0 0 0 0 0 0 0 0 0 0 0 0
##$SHL_SFCOEFFS9= (0..200)
0 0 0 0 0 0 0 0 0 0 0 0 0 0 0 0 0 0 0 0 0 0 0 0 0 0 0 0 0 0 0 0 0 0 0 0
0 0 0 0 0 0 0 0 0 0 0 0 0 0 0 0 0 0 0 0 0 0 0 0 0 0 0 0 0 0 0 0 0 0 0 0
0 0 0 0 0 0 0 0 0 0 0 0 0 0 0 0 0 0 0 0 0 0 0 0 0 0 0 0 0 0 0 0 0 0 0 0
0 0 0 0 0 0 0 0 0 0 0 0 0 0 0 0 0 0 0 0 0 0 0 0 0 0 0 0 0 0 0 0 0 0 0 0
0 0 0 0 0 0 0 0 0 0 0 0 0 0 0 0 0 0 0 0 0 0 0 0 0 0 0 0 0 0 0 0 0 0 0 0
0 0 0 0 0 0 0 0 0 0 0 0 0 0 0 0 0 0 0 0 0
##$SHL_SMOOTHED= (0..15)
0 0 0 0 0 0 0 0 0 0 0 0 0 0 0 0
##$SHL_SMOOTHING= (0..15)
0 0 0 0 0 0 0 0 0 0 0 0 0 0 0 0
##$SHL_SPOAL= (0..15)
0 0 0 0 0 0 0 0 0 0 0 0 0 0 0 0
##$SHL_SPOFFS= (0..15)
0 0 0 0 0 0 0 0 0 0 0 0 0 0 0 0
##$SHL_SPOPH= (0..15)
0 0 0 0 0 0 0 0 0 0 0 0 0 0 0 0
##$SHL_STARTAMP= (0..15)
0 0 0 0 0 0 0 0 0 0 0 0 0 0 0 0
##$SHL_SW= (0..15)
0 0 0 0 0 0 0 0 0 0 0 0 0 0 0 0
##$SHL_SWDIR= (0..15)
-1 -1 -1 -1 -1 -1 -1 -1 -1 -1 -1 -1 -1 -1 -1 -1
##$SHL_TANKAPPA= (0..15)
0 0 0 0 0 0 0 0 0 0 0 0 0 0 0 0
##$SHL_TOTROT= (0..15)
90 0 0 0 0 0 0 0 0 0 0 0 0 0 0 0
##$SHL_TRUNCLEV= (0..15)
0 0 0 0 0 0 0 0 0 0 0 0 0 0 0 0
##$SHL_TYPE= (0..15)
<Excitation> <> <> <> <> <> <> <> <> <> <> <> <> <> <> <>
##$SHL_WINDOWSIZE= (0..15)
0 0 0 0 0 0 0 0 0 0 0 0 0 0 0 0
##$SHL_ZETA= (0..15)
0 0 0 0 0 0 0 0 0 0 0 0 0 0 0 0
##NPOINTS= 1250
##XYPOINTS= (XY..XY)
61.277131, 140.558869
61.017140, 142.211902
60.755359, 143.866597
60.491819, 145.522976
60.226550, 147.181061
59.959583, 148.840875
59.690949, 150.502441
59.420679, 152.165782
59.148805, 153.830922
58.875358, 155.497885
58.600370, 157.166697
58.323873, 158.837381
58.045901, 160.509965
57.766485, 162.184474
57.485659, 163.860935
57.203456, 165.539375
56.919910, 167.219821
56.635054, 168.902303
56.348923, 170.586848
56.061550, 172.273487
55.772971, 173.962247
55.483221, 175.653161
55.192334, 177.346259
54.900346, 179.041572
54.607293, 180.739132
54.313210, 182.438972
54.018134, 184.141125
53.722101, 185.845624
53.425148, 187.552505
53.127312, 189.261801
52.828631, 190.973548
52.529141, 192.687783
52.228881, 194.404542
51.927890, 196.123862
51.626204, 197.845782
51.323864, 199.570340
51.020908, 201.297575
50.717375, 203.027527
50.413304, 204.760237
50.108737, 206.495745
49.803712, 208.234095
49.498270, 209.975327
49.192452, 211.719486
48.886299, 213.466615
48.579852, 215.216759
48.273153, 216.969962
47.966243, 218.726271
47.659165, 220.485732
47.351960, 222.248391
47.044673, 224.014298
46.737345, 225.783500
46.430021, 227.556046
46.122743, 229.331986
45.815556, 231.111371
45.508504, 232.894251
45.201631, 234.680677
44.894983, 236.470703
44.588604, 238.264380
44.282540, 240.061762
43.976836, 241.862904
43.671539, 243.667858
43.366696, 245.476681
43.062351, 247.289427
42.758553, 249.106153
42.455349, 250.926915
42.152786, 252.751769
41.850913, 254.580773
41.549776, 256.413984
41.249425, 258.251460
40.949908, 260.093259
40.651275, 261.939439
40.353574, 263.790059
40.056855, 265.645176
39.761168, 267.504851
39.466563, 269.369140
39.173090, 271.238103
38.880800, 273.111798
38.589743, 274.990283
38.299971, 276.873616
38.011535, 278.761856
37.724486, 280.655058
37.438876, 282.553279
37.154757, 284.456576
36.872181, 286.365004
36.591200, 288.278617
36.311867, 290.197468
36.034234, 292.121610
35.758353, 294.051095
35.484279, 295.985971
35.212062, 297.926289
34.941756, 299.872094
34.673415, 301.823431
34.407091, 303.780345
34.142836, 305.742876
33.880704, 307.711063
33.620748, 309.684944
33.363020, 311.664552
33.107573, 313.649919
32.854459, 315.641073
32.603730, 317.638040
32.355439, 319.640842
32.109637, 321.649498
31.866375, 323.664023
31.625704, 325.684427
31.387675, 327.710719
31.152339, 329.742901
30.919743, 331.780970
30.689939, 333.824921
30.462973, 335.874743
30.238894, 337.930418
30.017749, 339.991924
29.799584, 342.059235
29.584444, 344.132316
29.372374, 346.211130
29.163417, 348.295629
28.957615, 350.385763
28.755010, 352.481472
28.555642, 354.582693
28.359550, 356.689353
28.166771, 358.801372
27.977341, 0.918666
27.791296, 3.041141
27.608667, 5.168695
27.429486, 7.301221
27.253784, 9.438602
27.081588, 11.580716
26.912924, 13.727431
26.747816, 15.878609
26.586287, 18.034103
26.428357, 20.193759
26.274043, 22.357417
26.123363, 24.524907
25.976328, 26.696053
25.832950, 28.870671
25.693239, 31.048572
25.557201, 33.229559
25.424839, 35.413426
25.296156, 37.599965
25.171149, 39.788960
25.049816, 41.980187
24.932149, 44.173421
24.818141, 46.368428
24.707779, 48.564972
24.601048, 50.762810
24.497932, 52.961698
24.398411, 55.161387
24.302462, 57.361625
24.210060, 59.562157
24.121178, 61.762727
24.035783, 63.963077
23.953844, 66.162948
23.875324, 68.362079
23.800185, 70.560210
23.728385, 72.757083
23.659882, 74.952438
23.594630, 77.146018
23.532579, 79.337567
23.473680, 81.526832
23.417880, 83.713562
23.365123, 85.897510
23.315354, 88.078432
23.268512, 90.256089
23.224537, 92.430245
23.183366, 94.600669
23.144935, 96.767137
23.109177, 98.929427
23.076026, 101.087327
23.045411, 103.240627
23.017264, 105.389126
22.991511, 107.532628
22.968081, 109.670943
22.946900, 111.803891
22.927894, 113.931295
22.910986, 116.052986
22.896100, 118.168805
22.883161, 120.278597
22.872090, 122.382214
22.862811, 124.479518
22.855245, 126.570375
22.849313, 128.654659
22.844938, 130.732254
22.842042, 132.803046
22.840545, 134.866932
22.840370, 136.923813
22.841438, 138.973597
22.843672, 141.016201
22.846995, 143.051545
22.851329, 145.079557
22.856598, 147.100171
22.862726, 149.113324
22.869638, 151.118963
22.877258, 153.117036
22.885514, 155.107500
22.894331, 157.090314
22.903638, 159.065442
22.913364, 161.032855
22.923436, 162.992524
22.933787, 164.944427
22.944347, 166.888546
22.955048, 168.824865
22.965825, 170.753372
22.976611, 172.674057
22.987343, 174.586915
22.997956, 176.491942
23.008390, 178.389137
23.018583, 180.278501
23.028476, 182.160037
23.038009, 184.033751
23.047126, 185.899648
23.055771, 187.757736
23.063890, 189.608026
23.071427, 191.450527
23.078332, 193.285250
23.084553, 195.112207
23.090041, 196.931410
23.094747, 198.742872
23.098625, 200.546607
23.101628, 202.342626
23.103712, 204.130943
23.104834, 205.911571
23.104951, 207.684521
23.104024, 209.449805
23.102014, 211.207434
23.098882, 212.957419
23.094591, 214.699769
23.089106, 216.434492
23.082394, 218.161596
23.074422, 219.881086
23.065158, 221.592968
23.054572, 223.297243
23.042636, 224.993914
23.029322, 226.682981
23.014603, 228.364442
22.998456, 230.038293
22.980857, 231.704529
22.961783, 233.363142
22.941215, 235.014122
22.919131, 236.657457
22.895514, 238.293133
22.870348, 239.921133
22.843616, 241.541438
22.815305, 243.154027
22.785402, 244.758875
22.753896, 246.355955
22.720775, 247.945238
22.686033, 249.526690
22.649660, 251.100278
22.611652, 252.665961
22.572004, 254.223698
22.530713, 255.773446
22.487777, 257.315155
22.443196, 258.848775
22.396971, 260.374251
22.349105, 261.891526
22.299602, 263.400537
22.248468, 264.901220
22.195710, 266.393507
22.141337, 267.877324
22.085360, 269.352597
22.027789, 270.819244
21.968640, 272.277184
21.907928, 273.726327
21.845668, 275.166583
21.781881, 276.597856
21.716586, 278.020046
21.649806, 279.433050
21.581565, 280.836759
21.511889, 282.231063
21.440805, 283.615844
21.368343, 284.990982
21.294536, 286.356353
21.219416, 287.711827
21.143019, 289.057272
21.065384, 290.392550
20.986550, 291.717520
20.906560, 293.032037
20.825458, 294.335950
20.743290, 295.629106
20.660107, 296.911347
20.575960, 298.182512
20.490902, 299.442436
20.404991, 300.690950
20.318285, 301.927882
20.230846, 303.153057
20.142740, 304.366298
20.054032, 305.567422
19.964794, 306.756247
19.875098, 307.932589
19.785020, 309.096259
19.694640, 310.247070
19.604038, 311.384833
19.513302, 312.509359
19.422518, 313.620459
19.331778, 314.717944
19.241178, 315.801629
19.150815, 316.871328
19.060791, 317.926861
18.971211, 318.968050
18.882183, 319.994722
18.793820, 321.006711
18.706235, 322.003856
18.619549, 322.986007
18.533883, 323.953018
18.449363, 324.904759
18.366118, 325.841109
18.284280, 326.761959
18.203985, 327.667217
18.125372, 328.556805
18.048584, 329.430666
17.973765, 330.288758
17.901063, 331.131063
17.830630, 331.957585
17.762618, 332.768351
17.697184, 333.563416
17.634485, 334.342862
17.574682, 335.106801
17.517937, 335.855373
17.464411, 336.588755
17.414270, 337.307156
17.367678, 338.010819
17.324801, 338.700025
17.285804, 339.375094
17.250851, 340.036380
17.220107, 340.684282
17.193733, 341.319233
17.171892, 341.941709
17.154742, 342.552224
17.142438, 343.151331
17.135133, 343.739623
17.132976, 344.317728
17.136112, 344.886310
17.144681, 345.446070
17.158817, 345.997736
17.178650, 346.542071
17.204303, 347.079862
17.235892, 347.611919
17.273526, 348.139077
17.317309, 348.662184
17.367334, 349.182104
17.423688, 349.699711
17.486449, 350.215883
17.555689, 350.731503
17.631467, 351.247450
17.713838, 351.764598
17.802846, 352.283809
17.898525, 352.805933
18.000904, 353.331803
18.110000, 353.862231
18.225823, 354.398003
18.348374, 354.939879
18.477648, 355.488590
18.613629, 356.044834
18.756297, 356.609274
18.905620, 357.182538
19.061565, 357.765217
19.224086, 358.357861
19.393137, 358.960983
19.568661, 359.575055
19.750600, 0.200509
19.938886, 0.837739
20.133451, 1.487096
20.334219, 2.148894
20.541114, 2.823411
20.754053, 3.510883
20.972952, 4.211515
21.197723, 4.925475
21.428275, 5.652897
21.664518, 6.393886
21.906356, 7.148516
22.153695, 7.916830
22.406438, 8.698849
22.664488, 9.494565
22.927746, 10.303950
23.196114, 11.126951
23.469492, 11.963497
23.747782, 12.813500
24.030885, 13.676853
24.318701, 14.553434
24.611134, 15.443109
24.908085, 16.345729
25.209458, 17.261136
25.515155, 18.189162
25.825082, 19.129630
26.139144, 20.082356
26.457248, 21.047148
26.779302, 22.023811
27.105214, 23.012144
27.434894, 24.011943
27.768253, 25.023001
28.105204, 26.045108
28.445660, 27.078054
28.789535, 28.121627
29.136747, 29.175615
29.487212, 30.239806
29.840849, 31.313990
30.197577, 32.397957
30.557318, 33.491497
30.919995, 34.594404
31.285529, 35.706473
31.653847, 36.827502
32.024874, 37.957291
32.398537, 39.095642
32.774764, 40.242362
33.153486, 41.397258
33.534631, 42.560143
33.918131, 43.730831
34.303920, 44.909142
34.691931, 46.094897
35.082098, 47.287922
35.474356, 48.488044
35.868643, 49.695098
36.264896, 50.908918
36.663053, 52.129343
37.063053, 53.356218
37.464836, 54.589388
37.868343, 55.828704
38.273517, 57.074018
38.680298, 58.325188
39.088631, 59.582073
39.498459, 60.844538
39.909728, 62.112450
40.322382, 63.385677
40.736367, 64.664095
41.151631, 65.947579
41.568120, 67.236008
41.985782, 68.529265
42.404566, 69.827237
42.824421, 71.129810
43.245297, 72.436877
43.667144, 73.748331
44.089912, 75.064070
44.513552, 76.383992
44.938018, 77.707999
45.363259, 79.035996
45.789231, 80.367890
46.215884, 81.703590
46.643174, 83.043008
47.071054, 84.386058
47.499478, 85.732655
47.928401, 87.082719
48.357779, 88.436170
48.787566, 89.792931
49.217720, 91.152925
49.648196, 92.516079
50.078952, 93.882323
50.509943, 95.251585
50.941127, 96.623798
51.372463, 97.998896
51.803908, 99.376814
52.235420, 100.757489
52.666958, 102.140860
53.098481, 103.526868
53.529949, 104.915453
53.961320, 106.306560
54.392555, 107.700133
54.823613, 109.096119
55.254455, 110.494463
55.685042, 111.895117
56.115334, 113.298028
56.545292, 114.703150
56.974878, 116.110433
57.404054, 117.519833
57.832781, 118.931304
58.261021, 120.344801
58.688736, 121.760283
59.115890, 123.177706
59.542445, 124.597031
59.968364, 126.018216
60.393610, 127.441224
60.818146, 128.866017
61.241937, 130.292556
61.664946, 131.720807
62.087137, 133.150734
62.508474, 134.582302
62.928922, 136.015477
63.348446, 137.450228
63.767011, 138.886521
64.184581, 140.324326
64.601122, 141.763612
65.016599, 143.204348
65.430979, 144.646507
65.844227, 146.090058
66.256308, 147.534975
66.667191, 148.981231
67.076840, 150.428797
67.485223, 151.877650
67.892306, 153.327763
68.298057, 154.779111
68.702442, 156.231670
69.105430, 157.685416
69.506988, 159.140326
69.907084, 160.596378
70.305685, 162.053549
70.702760, 163.511818
71.098278, 164.971163
71.492207, 166.431563
71.884515, 167.892998
72.275172, 169.355449
72.664148, 170.818896
73.051410, 172.283319
73.436929, 173.748700
73.820675, 175.215021
74.202618, 176.682264
74.582727, 178.150411
74.960973, 179.619445
75.337326, 181.089351
75.711758, 182.560110
76.084239, 184.031707
76.454740, 185.504126
76.823233, 186.977352
77.189689, 188.451370
77.554079, 189.926164
77.916376, 191.401721
78.276552, 192.878026
78.634579, 194.355064
78.990429, 195.832823
79.344075, 197.311289
79.695491, 198.790448
80.044648, 200.270289
80.391521, 201.750797
80.736083, 203.231961
81.078308, 204.713768
81.418169, 206.196208
81.755641, 207.679266
82.090698, 209.162934
82.423314, 210.647198
82.753465, 212.132048
83.081125, 213.617473
83.406269, 215.103462
83.728873, 216.590005
84.048913, 218.077092
84.366364, 219.564712
84.681202, 221.052855
84.993403, 222.541512
85.302944, 224.030673
85.609802, 225.520329
85.913953, 227.010470
86.215375, 228.501087
86.514045, 229.992171
86.809940, 231.483714
87.103038, 232.975707
87.393318, 234.468141
87.680757, 235.961007
87.965334, 237.454299
88.247028, 238.948007
88.525817, 240.442123
88.801681, 241.936640
89.074599, 243.431551
89.344551, 244.926846
89.611516, 246.422520
89.875475, 247.918564
90.136407, 249.414971
90.394294, 250.911734
90.649117, 252.408847
90.900855, 253.906302
91.149491, 255.404092
91.395006, 256.902210
91.637381, 258.400651
91.876600, 259.899407
92.112643, 261.398472
92.345493, 262.897840
92.575134, 264.397504
92.801547, 265.897458
93.024717, 267.397696
93.244626, 268.898212
93.461259, 270.399001
93.674598, 271.900055
93.884630, 273.401370
94.091337, 274.902940
94.294705, 276.404759
94.494718, 277.906822
94.691362, 279.409122
94.884622, 280.911655
95.074484, 282.414416
95.260934, 283.917398
95.443958, 285.420597
95.623542, 286.924007
95.799674, 288.427624
95.972340, 289.931442
96.141527, 291.435456
96.307224, 292.939662
96.469417, 294.444054
96.628095, 295.948627
96.783246, 297.453378
96.934858, 298.958300
97.082921, 300.463389
97.227424, 301.968641
97.368355, 303.474051
97.505705, 304.979614
97.639463, 306.485325
97.769620, 307.991181
97.896166, 309.497177
98.019091, 311.003308
98.138387, 312.509570
98.254044, 314.015959
98.366055, 315.522469
98.474411, 317.029098
98.579104, 318.535840
98.680126, 320.042692
98.777470, 321.549649
98.871128, 323.056706
98.961095, 324.563861
99.047362, 326.071108
99.129925, 327.578444
99.208776, 329.085864
99.283911, 330.593365
99.355322, 332.100942
99.423006, 333.608591
99.486958, 335.116309
99.547171, 336.624091
99.603643, 338.131933
99.656369, 339.639832
99.705345, 341.147783
99.750567, 342.655782
99.792033, 344.163826
99.829738, 345.671911
99.863681, 347.180032
99.893859, 348.688187
99.920270, 350.196370
99.942911, 351.704578
99.961781, 353.212808
99.976879, 354.721055
99.988203, 356.229315
99.995753, 357.737585
99.999528, 359.245861
99.999528, 0.754139
99.995753, 2.262415
99.988203, 3.770685
99.976879, 5.278945
99.961781, 6.787192
99.942911, 8.295422
99.920270, 9.803630
99.893859, 11.311813
99.863681, 12.819968
99.829738, 14.328089
99.792033, 15.836174
99.750567, 17.344218
99.705345, 18.852217
99.656369, 20.360168
99.603643, 21.868067
99.547171, 23.375909
99.486958, 24.883691
99.423006, 26.391409
99.355322, 27.899058
99.283911, 29.406635
99.208776, 30.914136
99.129925, 32.421556
99.047362, 33.928892
98.961095, 35.436139
98.871128, 36.943294
98.777470, 38.450351
98.680126, 39.957308
98.579104, 41.464160
98.474411, 42.970902
98.366055, 44.477531
98.254044, 45.984041
98.138387, 47.490430
98.019091, 48.996692
97.896166, 50.502823
97.769620, 52.008819
97.639463, 53.514675
97.505705, 55.020386
97.368355, 56.525949
97.227424, 58.031359
97.082921, 59.536611
96.934858, 61.041700
96.783246, 62.546622
96.628095, 64.051373
96.469417, 65.555946
96.307224, 67.060338
96.141527, 68.564544
95.972340, 70.068558
95.799674, 71.572376
95.623542, 73.075993
95.443958, 74.579403
95.260934, 76.082602
95.074484, 77.585584
94.884622, 79.088345
94.691362, 80.590878
94.494718, 82.093178
94.294705, 83.595241
94.091337, 85.097060
93.884630, 86.598630
93.674598, 88.099945
93.461259, 89.600999
93.244626, 91.101788
93.024717, 92.602304
92.801547, 94.102542
92.575134, 95.602496
92.345493, 97.102160
92.112643, 98.601528
91.876600, 100.100593
91.637381, 101.599349
91.395006, 103.097790
91.149491, 104.595908
90.900855, 106.093698
90.649117, 107.591153
90.394294, 109.088266
90.136407, 110.585029
89.875475, 112.081436
89.611516, 113.577480
89.344551, 115.073154
89.074599, 116.568449
88.801681, 118.063360
88.525817, 119.557877
88.247028, 121.051993
87.965334, 122.545701
87.680757, 124.038993
87.393318, 125.531859
87.103038, 127.024293
86.809940, 128.516286
86.514045, 130.007829
86.215375, 131.498913
85.913953, 132.989530
85.609802, 134.479671
85.302944, 135.969327
84.993403, 137.458488
84.681202, 138.947145
84.366364, 140.435288
84.048913, 141.922908
83.728873, 143.409995
83.406269, 144.896538
83.081125, 146.382527
82.753465, 147.867952
82.423314, 149.352802
82.090698, 150.837066
81.755641, 152.320734
81.418169, 153.803792
81.078308, 155.286232
80.736083, 156.768039
80.391521, 158.249203
80.044648, 159.729711
79.695491, 161.209552
79.344075, 162.688711
78.990429, 164.167177
78.634579, 165.644936
78.276552, 167.121974
77.916376, 168.598279
77.554079, 170.073836
77.189689, 171.548630
76.823233, 173.022648
76.454740, 174.495874
76.084239, 175.968293
75.711758, 177.439890
75.337326, 178.910649
74.960973, 180.380555
74.582727, 181.849589
74.202618, 183.317736
73.820675, 184.784979
73.436929, 186.251300
73.051410, 187.716681
72.664148, 189.181104
72.275172, 190.644551
71.884515, 192.107002
71.492207, 193.568437
71.098278, 195.028837
70.702760, 196.488182
70.305685, 197.946451
69.907084, 199.403622
69.506988, 200.859674
69.105430, 202.314584
68.702442, 203.768330
68.298057, 205.220889
67.892306, 206.672237
67.485223, 208.122350
67.076840, 209.571203
66.667191, 211.018769
66.256308, 212.465025
65.844227, 213.909942
65.430979, 215.353493
65.016599, 216.795652
64.601122, 218.236388
64.184581, 219.675674
63.767011, 221.113479
63.348446, 222.549772
62.928922, 223.984523
62.508474, 225.417698
62.087137, 226.849266
61.664946, 228.279193
61.241937, 229.707444
60.818146, 231.133983
60.393610, 232.558776
59.968364, 233.981784
59.542445, 235.402969
59.115890, 236.822294
58.688736, 238.239717
58.261021, 239.655199
57.832781, 241.068696
57.404054, 242.480167
56.974878, 243.889567
56.545292, 245.296850
56.115334, 246.701972
55.685042, 248.104883
55.254455, 249.505537
54.823613, 250.903881
54.392555, 252.299867
53.961320, 253.693440
53.529949, 255.084547
53.098481, 256.473132
52.666958, 257.859140
52.235420, 259.242511
51.803908, 260.623186
51.372463, 262.001104
50.941127, 263.376202
50.509943, 264.748415
50.078952, 266.117677
49.648196, 267.483921
49.217720, 268.847075
48.787566, 270.207069
48.357779, 271.563830
47.928401, 272.917281
47.499478, 274.267345
47.071054, 275.613942
46.643174, 276.956992
46.215884, 278.296410
45.789231, 279.632110
45.363259, 280.964004
44.938018, 282.292001
44.513552, 283.616008
44.089912, 284.935930
43.667144, 286.251669
43.245297, 287.563123
42.824421, 288.870190
42.404566, 290.172763
41.985782, 291.470735
41.568120, 292.763992
41.151631, 294.052421
40.736367, 295.335905
40.322382, 296.614323
39.909728, 297.887550
39.498459, 299.155462
39.088631, 300.417927
38.680298, 301.674812
38.273517, 302.925982
37.868343, 304.171296
37.464836, 305.410612
37.063053, 306.643782
36.663053, 307.870657
36.264896, 309.091082
35.868643, 310.304902
35.474356, 311.511956
35.082098, 312.712078
34.691931, 313.905103
34.303920, 315.090858
33.918131, 316.269169
33.534631, 317.439857
33.153486, 318.602742
32.774764, 319.757638
32.398537, 320.904358
32.024874, 322.042709
31.653847, 323.172498
31.285529, 324.293527
30.919995, 325.405596
30.557318, 326.508503
30.197577, 327.602043
29.840849, 328.686010
29.487212, 329.760194
29.136747, 330.824385
28.789535, 331.878373
28.445660, 332.921946
28.105204, 333.954892
27.768253, 334.976999
27.434894, 335.988057
27.105214, 336.987856
26.779302, 337.976189
26.457248, 338.952852
26.139144, 339.917644
25.825082, 340.870370
25.515155, 341.810838
25.209458, 342.738864
24.908085, 343.654271
24.611134, 344.556891
24.318701, 345.446566
24.030885, 346.323147
23.747782, 347.186500
23.469492, 348.036503
23.196114, 348.873049
22.927746, 349.696050
22.664488, 350.505435
22.406438, 351.301151
22.153695, 352.083170
21.906356, 352.851484
21.664518, 353.606114
21.428275, 354.347103
21.197723, 355.074525
20.972952, 355.788485
20.754053, 356.489117
20.541114, 357.176589
20.334219, 357.851106
20.133451, 358.512904
19.938886, 359.162261
19.750600, 359.799491
19.568661, 0.424945
19.393137, 1.039017
19.224086, 1.642139
19.061565, 2.234783
18.905620, 2.817462
18.756297, 3.390726
18.613629, 3.955166
18.477648, 4.511410
18.348374, 5.060121
18.225823, 5.601997
18.110000, 6.137769
18.000904, 6.668197
17.898525, 7.194067
17.802846, 7.716191
17.713838, 8.235402
17.631467, 8.752550
17.555689, 9.268497
17.486449, 9.784117
17.423688, 10.300289
17.367334, 10.817896
17.317309, 11.337816
17.273526, 11.860923
17.235892, 12.388081
17.204303, 12.920138
17.178650, 13.457929
17.158817, 14.002264
17.144681, 14.553930
17.136112, 15.113690
17.132976, 15.682272
17.135133, 16.260377
17.142438, 16.848669
17.154742, 17.447776
17.171892, 18.058291
17.193733, 18.680767
17.220107, 19.315718
17.250851, 19.963620
17.285804, 20.624906
17.324801, 21.299975
17.367678, 21.989181
17.414270, 22.692844
17.464411, 23.411245
17.517937, 24.144627
17.574682, 24.893199
17.634485, 25.657138
17.697184, 26.436584
17.762618, 27.231649
17.830630, 28.042415
17.901063, 28.868937
17.973765, 29.711242
18.048584, 30.569334
18.125372, 31.443195
18.203985, 32.332783
18.284280, 33.238041
18.366118, 34.158891
18.449363, 35.095241
18.533883, 36.046982
18.619549, 37.013993
18.706235, 37.996144
18.793820, 38.993289
18.882183, 40.005278
18.971211, 41.031950
19.060791, 42.073139
19.150815, 43.128672
19.241178, 44.198371
19.331778, 45.282056
19.422518, 46.379541
19.513302, 47.490641
19.604038, 48.615167
19.694640, 49.752930
19.785020, 50.903741
19.875098, 52.067411
19.964794, 53.243753
20.054032, 54.432578
20.142740, 55.633702
20.230846, 56.846943
20.318285, 58.072118
20.404991, 59.309050
20.490902, 60.557564
20.575960, 61.817488
20.660107, 63.088653
20.743290, 64.370894
20.825458, 65.664050
20.906560, 66.967963
20.986550, 68.282480
21.065384, 69.607450
21.143019, 70.942728
21.219416, 72.288173
21.294536, 73.643647
21.368343, 75.009018
21.440805, 76.384156
21.511889, 77.768937
21.581565, 79.163241
21.649806, 80.566950
21.716586, 81.979954
21.781881, 83.402144
21.845668, 84.833417
21.907928, 86.273673
21.968640, 87.722816
22.027789, 89.180756
22.085360, 90.647403
22.141337, 92.122676
22.195710, 93.606493
22.248468, 95.098780
22.299602, 96.599463
22.349105, 98.108474
22.396971, 99.625749
22.443196, 101.151225
22.487777, 102.684845
22.530713, 104.226554
22.572004, 105.776302
22.611652, 107.334039
22.649660, 108.899722
22.686033, 110.473310
22.720775, 112.054762
22.753896, 113.644045
22.785402, 115.241125
22.815305, 116.845973
22.843616, 118.458562
22.870348, 120.078867
22.895514, 121.706867
22.919131, 123.342543
22.941215, 124.985878
22.961783, 126.636858
22.980857, 128.295471
22.998456, 129.961707
23.014603, 131.635558
23.029322, 133.317019
23.042636, 135.006086
23.054572, 136.702757
23.065158, 138.407032
23.074422, 140.118914
23.082394, 141.838404
23.089106, 143.565508
23.094591, 145.300231
23.098882, 147.042581
23.102014, 148.792566
23.104024, 150.550195
23.104951, 152.315479
23.104834, 154.088429
23.103712, 155.869057
23.101628, 157.657374
23.098625, 159.453393
23.094747, 161.257128
23.090041, 163.068590
23.084553, 164.887793
23.078332, 166.714750
23.071427, 168.549473
23.063890, 170.391974
23.055771, 172.242264
23.047126, 174.100352
23.038009, 175.966249
23.028476, 177.839963
23.018583, 179.721499
23.008390, 181.610863
22.997956, 183.508058
22.987343, 185.413085
22.976611, 187.325943
22.965825, 189.246628
22.955048, 191.175135
22.944347, 193.111454
22.933787, 195.055573
22.923436, 197.007476
22.913364, 198.967145
22.903638, 200.934558
22.894331, 202.909686
22.885514, 204.892500
22.877258, 206.882964
22.869638, 208.881037
22.862726, 210.886676
22.856598, 212.899829
22.851329, 214.920443
22.846995, 216.948455
22.843672, 218.983799
22.841438, 221.026403
22.840370, 223.076187
22.840545, 225.133068
22.842042, 227.196954
22.844938, 229.267746
22.849313, 231.345341
22.855245, 233.429625
22.862811, 235.520482
22.872090, 237.617786
22.883161, 239.721403
22.896100, 241.831195
22.910986, 243.947014
22.927894, 246.068705
22.946900, 248.196109
22.968081, 250.329057
22.991511, 252.467372
23.017264, 254.610874
23.045411, 256.759373
23.076026, 258.912673
23.109177, 261.070573
23.144935, 263.232863
23.183366, 265.399331
23.224537, 267.569755
23.268512, 269.743911
23.315354, 271.921568
23.365123, 274.102490
23.417880, 276.286438
23.473680, 278.473168
23.532579, 280.662433
23.594630, 282.853982
23.659882, 285.047562
23.728385, 287.242917
23.800185, 289.439790
23.875324, 291.637921
23.953844, 293.837052
24.035783, 296.036923
24.121178, 298.237273
24.210060, 300.437843
24.302462, 302.638375
24.398411, 304.838613
24.497932, 307.038302
24.601048, 309.237190
24.707779, 311.435028
24.818141, 313.631572
24.932149, 315.826579
25.049816, 318.019813
25.171149, 320.211040
25.296156, 322.400035
25.424839, 324.586574
25.557201, 326.770441
25.693239, 328.951428
25.832950, 331.129329
25.976328, 333.303947
26.123363, 335.475093
26.274043, 337.642583
26.428357, 339.806241
26.586287, 341.965897
26.747816, 344.121391
26.912924, 346.272569
27.081588, 348.419284
27.253784, 350.561398
27.429486, 352.698779
27.608667, 354.831305
27.791296, 356.958859
27.977341, 359.081334
28.166771, 1.198628
28.359550, 3.310647
28.555642, 5.417307
28.755010, 7.518528
28.957615, 9.614237
29.163417, 11.704371
29.372374, 13.788870
29.584444, 15.867684
29.799584, 17.940765
30.017749, 20.008076
30.238894, 22.069582
30.462973, 24.125257
30.689939, 26.175079
30.919743, 28.219030
31.152339, 30.257099
31.387675, 32.289281
31.625704, 34.315573
31.866375, 36.335977
32.109637, 38.350502
32.355439, 40.359158
32.603730, 42.361960
32.854459, 44.358927
33.107573, 46.350081
33.363020, 48.335448
33.620748, 50.315056
33.880704, 52.288937
34.142836, 54.257124
34.407091, 56.219655
34.673415, 58.176569
34.941756, 60.127906
35.212062, 62.073711
35.484279, 64.014029
35.758353, 65.948905
36.034234, 67.878390
36.311867, 69.802532
36.591200, 71.721383
36.872181, 73.634996
37.154757, 75.543424
37.438876, 77.446721
37.724486, 79.344942
38.011535, 81.238144
38.299971, 83.126384
38.589743, 85.009717
38.880800, 86.888202
39.173090, 88.761897
39.466563, 90.630860
39.761168, 92.495149
40.056855, 94.354824
40.353574, 96.209941
40.651275, 98.060561
40.949908, 99.906741
41.249425, 101.748540
41.549776, 103.586016
41.850913, 105.419227
42.152786, 107.248231
42.455349, 109.073085
42.758553, 110.893847
43.062351, 112.710573
43.366696, 114.523319
43.671539, 116.332142
43.976836, 118.137096
44.282540, 119.938238
44.588604, 121.735620
44.894983, 123.529297
45.201631, 125.319323
45.508504, 127.105749
45.815556, 128.888629
46.122743, 130.668014
46.430021, 132.443954
46.737345, 134.216500
47.044673, 135.985702
47.351960, 137.751609
47.659165, 139.514268
47.966243, 141.273729
48.273153, 143.030038
48.579852, 144.783241
48.886299, 146.533385
49.192452, 148.280514
49.498270, 150.024673
49.803712, 151.765905
50.108737, 153.504255
50.413304, 155.239763
50.717375, 156.972473
51.020908, 158.702425
51.323864, 160.429660
51.626204, 162.154218
51.927890, 163.876138
52.228881, 165.595458
52.529141, 167.312217
52.828631, 169.026452
53.127312, 170.738199
53.425148, 172.447495
53.722101, 174.154376
54.018134, 175.858875
54.313210, 177.561028
54.607293, 179.260868
54.900346, 180.958428
55.192334, 182.653741
55.483221, 184.346839
55.772971, 186.037753
56.061550, 187.726513
56.348923, 189.413152
56.635054, 191.097697
56.919910, 192.780179
57.203456, 194.460625
57.485659, 196.139065
57.766485, 197.815526
58.045901, 199.490035
58.323873, 201.162619
58.600370, 202.833303
58.875358, 204.502115
59.148805, 206.169078
59.420679, 207.834218
59.690949, 209.497559
59.959583, 211.159125
60.226550, 212.818939
60.491819, 214.477024
60.755359, 216.133403
61.017140, 217.788098
61.277131, 219.441131
##END=
