##TITLE= Parameter file, TopSpin 4.3.0
##JCAMPDX= 5.0
##DATATYPE= Parameter Values
##ORIGIN= Bruker BioSpin GmbH
##OWNER= nmrsu
$$ 2024-05-09 15:48:14.230 +0100  nmrsu@4CE1161FJM
$$ C:/Bruker/TopSpin4.3.0/exp/stan/nmr/lists/wave/user/multisupp_aux_d8
$$ process C:\Bruker\TopSpin4.3.0\prog\mod\xwinshape.exe
##MINX= 0.44082900
##MAXX= 99.99938900
##MINY= 0.06110400
##MAXY= 359.93889600
##$SHAPE_ADDPHASE= 0
##$SHAPE_AMP= 99.9993894
##$SHAPE_BWFAC= 0
##$SHAPE_BWFAC50= 0
##$SHAPE_CALCBW= yes
##$SHAPE_CALCINTEG= yes
##$SHAPE_EXMODE= <Excitation>
##$SHAPE_EXPAND= <>
##$SHAPE_EXPANDCF= (0..143)
0 0 0 0 0 0 0 0 0 0 0 0 0 0 0 0 0 0 0 0 0 0 0 0 0 0 0 0 0 0 0 0 0 0 0 0
0 0 0 0 0 0 0 0 0 0 0 0 0 0 0 0 0 0 0 0 0 0 0 0 0 0 0 0 0 0 0 0 0 0 0 0
0 0 0 0 0 0 0 0 0 0 0 0 0 0 0 0 0 0 0 0 0 0 0 0 0 0 0 0 0 0 0 0 0 0 0 0
0 0 0 0 0 0 0 0 0 0 0 0 0 0 0 0 0 0 0 0 0 0 0 0 0 0 0 0 0 0 0 0 0 0 0 0
##$SHAPE_EXPFAC= 0
##$SHAPE_FRACEND= 0
##$SHAPE_FRACORG= 0
##$SHAPE_FRACSTART= 0
##$SHAPE_INTEGFAC= 0
##$SHAPE_KEEPRES= yes
##$SHAPE_LENGTH= 25000.000373
##$SHAPE_MAN= <M>
##$SHAPE_MODE= 3
##$SHAPE_MODFREQ= 0
##$SHAPE_MODPHASE= 0
##$SHAPE_MODSCALE= 0
##$SHAPE_MODSW= 0
##$SHAPE_MODSWDIR= -1
##$SHAPE_NPOINTS= 1250
##$SHAPE_OFFS= <1 3>
##$SHAPE_OFFSCOEFF= (0..95)
-161.08676 0 100 -228.78131 0 100 -297.32066 0 100 0 0 0 0 0 0 0 0 0 0
0 0 0 0 0 0 0 0 0 0 0 0 0 0 0 0 0 0 0 0 0 0 0 0 0 0 0 0 0 0 0 0 0 0 0 0
0 0 0 0 0 0 0 0 0 0 0 0 0 0 0 0 0 0 0 0 0 0 0 0 0 0 0 0 0 0 0 0 0 0 0 0
0 0 0 0 0
##$SHAPE_PARAMETER= <>
##$SHAPE_REPHFAC= 0
##$SHAPE_RES= 0
##$SHAPE_SCALEFAC= 1.00000611
##$SHAPE_SCALETYPE= 0
##$SHAPE_SPOAL= 0
##$SHAPE_SPOFFS= 0
##$SHAPE_SPOPH= 0
##$SHAPE_TOTROT= 90
##$SHAPE_TYPE= <Excitation>
##$SHAPE_USER_DEF= <>
##$SHAPE_VERSION= 2.1
##$SHL_ADDPHASE= (0..15)
0 0 0 0 0 0 0 0 0 0 0 0 0 0 0 0
##$SHL_ALIGNOFFSET= (0..15)
0 0 0 0 0 0 0 0 0 0 0 0 0 0 0 0
##$SHL_AMP= (0..15)
100 0 0 0 0 0 0 0 0 0 0 0 0 0 0 0
##$SHL_AMPFAC= (0..15)
0 0 0 0 0 0 0 0 0 0 0 0 0 0 0 0
##$SHL_BETA= (0..15)
0 0 0 0 0 0 0 0 0 0 0 0 0 0 0 0
##$SHL_BWFAC= (0..15)
1.116 0 0 0 0 0 0 0 0 0 0 0 0 0 0 0
##$SHL_CALCBW= (0..15)
yes yes yes yes yes yes yes yes yes yes yes yes yes yes yes yes
##$SHL_CALCINTEG= (0..15)
yes yes yes yes yes yes yes yes yes yes yes yes yes yes yes yes
##$SHL_CENTERAMP= (0..15)
0 0 0 0 0 0 0 0 0 0 0 0 0 0 0 0
##$SHL_CYCNUM= (0..15)
0 0 0 0 0 0 0 0 0 0 0 0 0 0 0 0
##$SHL_DIPOLCPL= (0..15)
0 0 0 0 0 0 0 0 0 0 0 0 0 0 0 0
##$SHL_ENDAMP= (0..15)
0 0 0 0 0 0 0 0 0 0 0 0 0 0 0 0
##$SHL_EXMODE= (0..15)
<Excitation> <> <> <> <> <> <> <> <> <> <> <> <> <> <> <>
##$SHL_EXPAND= (0..15)
<> <> <> <> <> <> <> <> <> <> <> <> <> <> <> <>
##$SHL_EXPANDCF0= (0..143)
0 0 0 0 0 0 0 0 0 0 0 0 0 0 0 0 0 0 0 0 0 0 0 0 0 0 0 0 0 0 0 0 0 0 0 0
0 0 0 0 0 0 0 0 0 0 0 0 0 0 0 0 0 0 0 0 0 0 0 0 0 0 0 0 0 0 0 0 0 0 0 0
0 0 0 0 0 0 0 0 0 0 0 0 0 0 0 0 0 0 0 0 0 0 0 0 0 0 0 0 0 0 0 0 0 0 0 0
0 0 0 0 0 0 0 0 0 0 0 0 0 0 0 0 0 0 0 0 0 0 0 0 0 0 0 0 0 0 0 0 0 0 0 0
##$SHL_EXPANDCF1= (0..143)
0 0 0 0 0 0 0 0 0 0 0 0 0 0 0 0 0 0 0 0 0 0 0 0 0 0 0 0 0 0 0 0 0 0 0 0
0 0 0 0 0 0 0 0 0 0 0 0 0 0 0 0 0 0 0 0 0 0 0 0 0 0 0 0 0 0 0 0 0 0 0 0
0 0 0 0 0 0 0 0 0 0 0 0 0 0 0 0 0 0 0 0 0 0 0 0 0 0 0 0 0 0 0 0 0 0 0 0
0 0 0 0 0 0 0 0 0 0 0 0 0 0 0 0 0 0 0 0 0 0 0 0 0 0 0 0 0 0 0 0 0 0 0 0
##$SHL_EXPANDCF10= (0..143)
0 0 0 0 0 0 0 0 0 0 0 0 0 0 0 0 0 0 0 0 0 0 0 0 0 0 0 0 0 0 0 0 0 0 0 0
0 0 0 0 0 0 0 0 0 0 0 0 0 0 0 0 0 0 0 0 0 0 0 0 0 0 0 0 0 0 0 0 0 0 0 0
0 0 0 0 0 0 0 0 0 0 0 0 0 0 0 0 0 0 0 0 0 0 0 0 0 0 0 0 0 0 0 0 0 0 0 0
0 0 0 0 0 0 0 0 0 0 0 0 0 0 0 0 0 0 0 0 0 0 0 0 0 0 0 0 0 0 0 0 0 0 0 0
##$SHL_EXPANDCF11= (0..143)
0 0 0 0 0 0 0 0 0 0 0 0 0 0 0 0 0 0 0 0 0 0 0 0 0 0 0 0 0 0 0 0 0 0 0 0
0 0 0 0 0 0 0 0 0 0 0 0 0 0 0 0 0 0 0 0 0 0 0 0 0 0 0 0 0 0 0 0 0 0 0 0
0 0 0 0 0 0 0 0 0 0 0 0 0 0 0 0 0 0 0 0 0 0 0 0 0 0 0 0 0 0 0 0 0 0 0 0
0 0 0 0 0 0 0 0 0 0 0 0 0 0 0 0 0 0 0 0 0 0 0 0 0 0 0 0 0 0 0 0 0 0 0 0
##$SHL_EXPANDCF12= (0..143)
0 0 0 0 0 0 0 0 0 0 0 0 0 0 0 0 0 0 0 0 0 0 0 0 0 0 0 0 0 0 0 0 0 0 0 0
0 0 0 0 0 0 0 0 0 0 0 0 0 0 0 0 0 0 0 0 0 0 0 0 0 0 0 0 0 0 0 0 0 0 0 0
0 0 0 0 0 0 0 0 0 0 0 0 0 0 0 0 0 0 0 0 0 0 0 0 0 0 0 0 0 0 0 0 0 0 0 0
0 0 0 0 0 0 0 0 0 0 0 0 0 0 0 0 0 0 0 0 0 0 0 0 0 0 0 0 0 0 0 0 0 0 0 0
##$SHL_EXPANDCF13= (0..143)
0 0 0 0 0 0 0 0 0 0 0 0 0 0 0 0 0 0 0 0 0 0 0 0 0 0 0 0 0 0 0 0 0 0 0 0
0 0 0 0 0 0 0 0 0 0 0 0 0 0 0 0 0 0 0 0 0 0 0 0 0 0 0 0 0 0 0 0 0 0 0 0
0 0 0 0 0 0 0 0 0 0 0 0 0 0 0 0 0 0 0 0 0 0 0 0 0 0 0 0 0 0 0 0 0 0 0 0
0 0 0 0 0 0 0 0 0 0 0 0 0 0 0 0 0 0 0 0 0 0 0 0 0 0 0 0 0 0 0 0 0 0 0 0
##$SHL_EXPANDCF14= (0..143)
0 0 0 0 0 0 0 0 0 0 0 0 0 0 0 0 0 0 0 0 0 0 0 0 0 0 0 0 0 0 0 0 0 0 0 0
0 0 0 0 0 0 0 0 0 0 0 0 0 0 0 0 0 0 0 0 0 0 0 0 0 0 0 0 0 0 0 0 0 0 0 0
0 0 0 0 0 0 0 0 0 0 0 0 0 0 0 0 0 0 0 0 0 0 0 0 0 0 0 0 0 0 0 0 0 0 0 0
0 0 0 0 0 0 0 0 0 0 0 0 0 0 0 0 0 0 0 0 0 0 0 0 0 0 0 0 0 0 0 0 0 0 0 0
##$SHL_EXPANDCF15= (0..143)
0 0 0 0 0 0 0 0 0 0 0 0 0 0 0 0 0 0 0 0 0 0 0 0 0 0 0 0 0 0 0 0 0 0 0 0
0 0 0 0 0 0 0 0 0 0 0 0 0 0 0 0 0 0 0 0 0 0 0 0 0 0 0 0 0 0 0 0 0 0 0 0
0 0 0 0 0 0 0 0 0 0 0 0 0 0 0 0 0 0 0 0 0 0 0 0 0 0 0 0 0 0 0 0 0 0 0 0
0 0 0 0 0 0 0 0 0 0 0 0 0 0 0 0 0 0 0 0 0 0 0 0 0 0 0 0 0 0 0 0 0 0 0 0
##$SHL_EXPANDCF2= (0..143)
0 0 0 0 0 0 0 0 0 0 0 0 0 0 0 0 0 0 0 0 0 0 0 0 0 0 0 0 0 0 0 0 0 0 0 0
0 0 0 0 0 0 0 0 0 0 0 0 0 0 0 0 0 0 0 0 0 0 0 0 0 0 0 0 0 0 0 0 0 0 0 0
0 0 0 0 0 0 0 0 0 0 0 0 0 0 0 0 0 0 0 0 0 0 0 0 0 0 0 0 0 0 0 0 0 0 0 0
0 0 0 0 0 0 0 0 0 0 0 0 0 0 0 0 0 0 0 0 0 0 0 0 0 0 0 0 0 0 0 0 0 0 0 0
##$SHL_EXPANDCF3= (0..143)
0 0 0 0 0 0 0 0 0 0 0 0 0 0 0 0 0 0 0 0 0 0 0 0 0 0 0 0 0 0 0 0 0 0 0 0
0 0 0 0 0 0 0 0 0 0 0 0 0 0 0 0 0 0 0 0 0 0 0 0 0 0 0 0 0 0 0 0 0 0 0 0
0 0 0 0 0 0 0 0 0 0 0 0 0 0 0 0 0 0 0 0 0 0 0 0 0 0 0 0 0 0 0 0 0 0 0 0
0 0 0 0 0 0 0 0 0 0 0 0 0 0 0 0 0 0 0 0 0 0 0 0 0 0 0 0 0 0 0 0 0 0 0 0
##$SHL_EXPANDCF4= (0..143)
0 0 0 0 0 0 0 0 0 0 0 0 0 0 0 0 0 0 0 0 0 0 0 0 0 0 0 0 0 0 0 0 0 0 0 0
0 0 0 0 0 0 0 0 0 0 0 0 0 0 0 0 0 0 0 0 0 0 0 0 0 0 0 0 0 0 0 0 0 0 0 0
0 0 0 0 0 0 0 0 0 0 0 0 0 0 0 0 0 0 0 0 0 0 0 0 0 0 0 0 0 0 0 0 0 0 0 0
0 0 0 0 0 0 0 0 0 0 0 0 0 0 0 0 0 0 0 0 0 0 0 0 0 0 0 0 0 0 0 0 0 0 0 0
##$SHL_EXPANDCF5= (0..143)
0 0 0 0 0 0 0 0 0 0 0 0 0 0 0 0 0 0 0 0 0 0 0 0 0 0 0 0 0 0 0 0 0 0 0 0
0 0 0 0 0 0 0 0 0 0 0 0 0 0 0 0 0 0 0 0 0 0 0 0 0 0 0 0 0 0 0 0 0 0 0 0
0 0 0 0 0 0 0 0 0 0 0 0 0 0 0 0 0 0 0 0 0 0 0 0 0 0 0 0 0 0 0 0 0 0 0 0
0 0 0 0 0 0 0 0 0 0 0 0 0 0 0 0 0 0 0 0 0 0 0 0 0 0 0 0 0 0 0 0 0 0 0 0
##$SHL_EXPANDCF6= (0..143)
0 0 0 0 0 0 0 0 0 0 0 0 0 0 0 0 0 0 0 0 0 0 0 0 0 0 0 0 0 0 0 0 0 0 0 0
0 0 0 0 0 0 0 0 0 0 0 0 0 0 0 0 0 0 0 0 0 0 0 0 0 0 0 0 0 0 0 0 0 0 0 0
0 0 0 0 0 0 0 0 0 0 0 0 0 0 0 0 0 0 0 0 0 0 0 0 0 0 0 0 0 0 0 0 0 0 0 0
0 0 0 0 0 0 0 0 0 0 0 0 0 0 0 0 0 0 0 0 0 0 0 0 0 0 0 0 0 0 0 0 0 0 0 0
##$SHL_EXPANDCF7= (0..143)
0 0 0 0 0 0 0 0 0 0 0 0 0 0 0 0 0 0 0 0 0 0 0 0 0 0 0 0 0 0 0 0 0 0 0 0
0 0 0 0 0 0 0 0 0 0 0 0 0 0 0 0 0 0 0 0 0 0 0 0 0 0 0 0 0 0 0 0 0 0 0 0
0 0 0 0 0 0 0 0 0 0 0 0 0 0 0 0 0 0 0 0 0 0 0 0 0 0 0 0 0 0 0 0 0 0 0 0
0 0 0 0 0 0 0 0 0 0 0 0 0 0 0 0 0 0 0 0 0 0 0 0 0 0 0 0 0 0 0 0 0 0 0 0
##$SHL_EXPANDCF8= (0..143)
0 0 0 0 0 0 0 0 0 0 0 0 0 0 0 0 0 0 0 0 0 0 0 0 0 0 0 0 0 0 0 0 0 0 0 0
0 0 0 0 0 0 0 0 0 0 0 0 0 0 0 0 0 0 0 0 0 0 0 0 0 0 0 0 0 0 0 0 0 0 0 0
0 0 0 0 0 0 0 0 0 0 0 0 0 0 0 0 0 0 0 0 0 0 0 0 0 0 0 0 0 0 0 0 0 0 0 0
0 0 0 0 0 0 0 0 0 0 0 0 0 0 0 0 0 0 0 0 0 0 0 0 0 0 0 0 0 0 0 0 0 0 0 0
##$SHL_EXPANDCF9= (0..143)
0 0 0 0 0 0 0 0 0 0 0 0 0 0 0 0 0 0 0 0 0 0 0 0 0 0 0 0 0 0 0 0 0 0 0 0
0 0 0 0 0 0 0 0 0 0 0 0 0 0 0 0 0 0 0 0 0 0 0 0 0 0 0 0 0 0 0 0 0 0 0 0
0 0 0 0 0 0 0 0 0 0 0 0 0 0 0 0 0 0 0 0 0 0 0 0 0 0 0 0 0 0 0 0 0 0 0 0
0 0 0 0 0 0 0 0 0 0 0 0 0 0 0 0 0 0 0 0 0 0 0 0 0 0 0 0 0 0 0 0 0 0 0 0
##$SHL_EXPFAC= (0..15)
0 0 0 0 0 0 0 0 0 0 0 0 0 0 0 0
##$SHL_FRACEND= (0..15)
0 0 0 0 0 0 0 0 0 0 0 0 0 0 0 0
##$SHL_FRACORG= (0..15)
0 0 0 0 0 0 0 0 0 0 0 0 0 0 0 0
##$SHL_FRACSTART= (0..15)
0 0 0 0 0 0 0 0 0 0 0 0 0 0 0 0
##$SHL_FULLHALF= (0..15)
0 0 0 0 0 0 0 0 0 0 0 0 0 0 0 0
##$SHL_FUNCAMP= (0..15)
100 0 0 0 0 0 0 0 0 0 0 0 0 0 0 0
##$SHL_FUNCTION= (0..15)
<Rectangle> <> <> <> <> <> <> <> <> <> <> <> <> <> <> <>
##$SHL_GCO= (0..15)
<> <> <> <> <> <> <> <> <> <> <> <> <> <> <> <>
##$SHL_GCOCOEFFS0= (0..59)
0 0 0 0 0 0 0 0 0 0 0 0 0 0 0 0 0 0 0 0 0 0 0 0 0 0 0 0 0 0 0 0 0 0 0 0
0 0 0 0 0 0 0 0 0 0 0 0 0 0 0 0 0 0 0 0 0 0 0 0
##$SHL_GCOCOEFFS1= (0..59)
0 0 0 0 0 0 0 0 0 0 0 0 0 0 0 0 0 0 0 0 0 0 0 0 0 0 0 0 0 0 0 0 0 0 0 0
0 0 0 0 0 0 0 0 0 0 0 0 0 0 0 0 0 0 0 0 0 0 0 0
##$SHL_GCOCOEFFS10= (0..59)
0 0 0 0 0 0 0 0 0 0 0 0 0 0 0 0 0 0 0 0 0 0 0 0 0 0 0 0 0 0 0 0 0 0 0 0
0 0 0 0 0 0 0 0 0 0 0 0 0 0 0 0 0 0 0 0 0 0 0 0
##$SHL_GCOCOEFFS11= (0..59)
0 0 0 0 0 0 0 0 0 0 0 0 0 0 0 0 0 0 0 0 0 0 0 0 0 0 0 0 0 0 0 0 0 0 0 0
0 0 0 0 0 0 0 0 0 0 0 0 0 0 0 0 0 0 0 0 0 0 0 0
##$SHL_GCOCOEFFS12= (0..59)
0 0 0 0 0 0 0 0 0 0 0 0 0 0 0 0 0 0 0 0 0 0 0 0 0 0 0 0 0 0 0 0 0 0 0 0
0 0 0 0 0 0 0 0 0 0 0 0 0 0 0 0 0 0 0 0 0 0 0 0
##$SHL_GCOCOEFFS13= (0..59)
0 0 0 0 0 0 0 0 0 0 0 0 0 0 0 0 0 0 0 0 0 0 0 0 0 0 0 0 0 0 0 0 0 0 0 0
0 0 0 0 0 0 0 0 0 0 0 0 0 0 0 0 0 0 0 0 0 0 0 0
##$SHL_GCOCOEFFS14= (0..59)
0 0 0 0 0 0 0 0 0 0 0 0 0 0 0 0 0 0 0 0 0 0 0 0 0 0 0 0 0 0 0 0 0 0 0 0
0 0 0 0 0 0 0 0 0 0 0 0 0 0 0 0 0 0 0 0 0 0 0 0
##$SHL_GCOCOEFFS15= (0..59)
0 0 0 0 0 0 0 0 0 0 0 0 0 0 0 0 0 0 0 0 0 0 0 0 0 0 0 0 0 0 0 0 0 0 0 0
0 0 0 0 0 0 0 0 0 0 0 0 0 0 0 0 0 0 0 0 0 0 0 0
##$SHL_GCOCOEFFS2= (0..59)
0 0 0 0 0 0 0 0 0 0 0 0 0 0 0 0 0 0 0 0 0 0 0 0 0 0 0 0 0 0 0 0 0 0 0 0
0 0 0 0 0 0 0 0 0 0 0 0 0 0 0 0 0 0 0 0 0 0 0 0
##$SHL_GCOCOEFFS3= (0..59)
0 0 0 0 0 0 0 0 0 0 0 0 0 0 0 0 0 0 0 0 0 0 0 0 0 0 0 0 0 0 0 0 0 0 0 0
0 0 0 0 0 0 0 0 0 0 0 0 0 0 0 0 0 0 0 0 0 0 0 0
##$SHL_GCOCOEFFS4= (0..59)
0 0 0 0 0 0 0 0 0 0 0 0 0 0 0 0 0 0 0 0 0 0 0 0 0 0 0 0 0 0 0 0 0 0 0 0
0 0 0 0 0 0 0 0 0 0 0 0 0 0 0 0 0 0 0 0 0 0 0 0
##$SHL_GCOCOEFFS5= (0..59)
0 0 0 0 0 0 0 0 0 0 0 0 0 0 0 0 0 0 0 0 0 0 0 0 0 0 0 0 0 0 0 0 0 0 0 0
0 0 0 0 0 0 0 0 0 0 0 0 0 0 0 0 0 0 0 0 0 0 0 0
##$SHL_GCOCOEFFS6= (0..59)
0 0 0 0 0 0 0 0 0 0 0 0 0 0 0 0 0 0 0 0 0 0 0 0 0 0 0 0 0 0 0 0 0 0 0 0
0 0 0 0 0 0 0 0 0 0 0 0 0 0 0 0 0 0 0 0 0 0 0 0
##$SHL_GCOCOEFFS7= (0..59)
0 0 0 0 0 0 0 0 0 0 0 0 0 0 0 0 0 0 0 0 0 0 0 0 0 0 0 0 0 0 0 0 0 0 0 0
0 0 0 0 0 0 0 0 0 0 0 0 0 0 0 0 0 0 0 0 0 0 0 0
##$SHL_GCOCOEFFS8= (0..59)
0 0 0 0 0 0 0 0 0 0 0 0 0 0 0 0 0 0 0 0 0 0 0 0 0 0 0 0 0 0 0 0 0 0 0 0
0 0 0 0 0 0 0 0 0 0 0 0 0 0 0 0 0 0 0 0 0 0 0 0
##$SHL_GCOCOEFFS9= (0..59)
0 0 0 0 0 0 0 0 0 0 0 0 0 0 0 0 0 0 0 0 0 0 0 0 0 0 0 0 0 0 0 0 0 0 0 0
0 0 0 0 0 0 0 0 0 0 0 0 0 0 0 0 0 0 0 0 0 0 0 0
##$SHL_INTEGFAC= (0..15)
1 0 0 0 0 0 0 0 0 0 0 0 0 0 0 0
##$SHL_LB= (0..15)
0 0 0 0 0 0 0 0 0 0 0 0 0 0 0 0
##$SHL_LEFTLIMIT= (0..15)
0 0 0 0 0 0 0 0 0 0 0 0 0 0 0 0
##$SHL_LENGTH= (0..15)
25000.000373 0 0 0 0 0 0 0 0 0 0 0 0 0 0 0
##$SHL_MAN= (0..15)
<> <> <> <> <> <> <> <> <> <> <> <> <> <> <> <>
##$SHL_MEANAMP= (0..15)
0 0 0 0 0 0 0 0 0 0 0 0 0 0 0 0
##$SHL_MODAMP= (0..15)
0 0 0 0 0 0 0 0 0 0 0 0 0 0 0 0
##$SHL_MODE= (0..15)
0 0 0 0 0 0 0 0 0 0 0 0 0 0 0 0
##$SHL_MODFREQ= (0..15)
0 0 0 0 0 0 0 0 0 0 0 0 0 0 0 0
##$SHL_MODPHASE= (0..15)
0 0 0 0 0 0 0 0 0 0 0 0 0 0 0 0
##$SHL_MODSCALE= (0..15)
0 0 0 0 0 0 0 0 0 0 0 0 0 0 0 0
##$SHL_MODSW= (0..15)
0 0 0 0 0 0 0 0 0 0 0 0 0 0 0 0
##$SHL_MODSWDIR= (0..15)
-1 -1 -1 -1 -1 -1 -1 -1 -1 -1 -1 -1 -1 -1 -1 -1
##$SHL_MU= (0..15)
0 0 0 0 0 0 0 0 0 0 0 0 0 0 0 0
##$SHL_NPOINTS= (0..15)
1250 0 0 0 0 0 0 0 0 0 0 0 0 0 0 0
##$SHL_OFFS= (0..15)
<> <> <> <> <> <> <> <> <> <> <> <> <> <> <> <>
##$SHL_OFFSCOEFF0= (0..95)
0 0 0 0 0 0 0 0 0 0 0 0 0 0 0 0 0 0 0 0 0 0 0 0 0 0 0 0 0 0 0 0 0 0 0 0
0 0 0 0 0 0 0 0 0 0 0 0 0 0 0 0 0 0 0 0 0 0 0 0 0 0 0 0 0 0 0 0 0 0 0 0
0 0 0 0 0 0 0 0 0 0 0 0 0 0 0 0 0 0 0 0 0 0 0 0
##$SHL_OFFSCOEFF1= (0..95)
0 0 0 0 0 0 0 0 0 0 0 0 0 0 0 0 0 0 0 0 0 0 0 0 0 0 0 0 0 0 0 0 0 0 0 0
0 0 0 0 0 0 0 0 0 0 0 0 0 0 0 0 0 0 0 0 0 0 0 0 0 0 0 0 0 0 0 0 0 0 0 0
0 0 0 0 0 0 0 0 0 0 0 0 0 0 0 0 0 0 0 0 0 0 0 0
##$SHL_OFFSCOEFF10= (0..95)
0 0 0 0 0 0 0 0 0 0 0 0 0 0 0 0 0 0 0 0 0 0 0 0 0 0 0 0 0 0 0 0 0 0 0 0
0 0 0 0 0 0 0 0 0 0 0 0 0 0 0 0 0 0 0 0 0 0 0 0 0 0 0 0 0 0 0 0 0 0 0 0
0 0 0 0 0 0 0 0 0 0 0 0 0 0 0 0 0 0 0 0 0 0 0 0
##$SHL_OFFSCOEFF11= (0..95)
0 0 0 0 0 0 0 0 0 0 0 0 0 0 0 0 0 0 0 0 0 0 0 0 0 0 0 0 0 0 0 0 0 0 0 0
0 0 0 0 0 0 0 0 0 0 0 0 0 0 0 0 0 0 0 0 0 0 0 0 0 0 0 0 0 0 0 0 0 0 0 0
0 0 0 0 0 0 0 0 0 0 0 0 0 0 0 0 0 0 0 0 0 0 0 0
##$SHL_OFFSCOEFF12= (0..95)
0 0 0 0 0 0 0 0 0 0 0 0 0 0 0 0 0 0 0 0 0 0 0 0 0 0 0 0 0 0 0 0 0 0 0 0
0 0 0 0 0 0 0 0 0 0 0 0 0 0 0 0 0 0 0 0 0 0 0 0 0 0 0 0 0 0 0 0 0 0 0 0
0 0 0 0 0 0 0 0 0 0 0 0 0 0 0 0 0 0 0 0 0 0 0 0
##$SHL_OFFSCOEFF13= (0..95)
0 0 0 0 0 0 0 0 0 0 0 0 0 0 0 0 0 0 0 0 0 0 0 0 0 0 0 0 0 0 0 0 0 0 0 0
0 0 0 0 0 0 0 0 0 0 0 0 0 0 0 0 0 0 0 0 0 0 0 0 0 0 0 0 0 0 0 0 0 0 0 0
0 0 0 0 0 0 0 0 0 0 0 0 0 0 0 0 0 0 0 0 0 0 0 0
##$SHL_OFFSCOEFF14= (0..95)
0 0 0 0 0 0 0 0 0 0 0 0 0 0 0 0 0 0 0 0 0 0 0 0 0 0 0 0 0 0 0 0 0 0 0 0
0 0 0 0 0 0 0 0 0 0 0 0 0 0 0 0 0 0 0 0 0 0 0 0 0 0 0 0 0 0 0 0 0 0 0 0
0 0 0 0 0 0 0 0 0 0 0 0 0 0 0 0 0 0 0 0 0 0 0 0
##$SHL_OFFSCOEFF15= (0..95)
0 0 0 0 0 0 0 0 0 0 0 0 0 0 0 0 0 0 0 0 0 0 0 0 0 0 0 0 0 0 0 0 0 0 0 0
0 0 0 0 0 0 0 0 0 0 0 0 0 0 0 0 0 0 0 0 0 0 0 0 0 0 0 0 0 0 0 0 0 0 0 0
0 0 0 0 0 0 0 0 0 0 0 0 0 0 0 0 0 0 0 0 0 0 0 0
##$SHL_OFFSCOEFF2= (0..95)
0 0 0 0 0 0 0 0 0 0 0 0 0 0 0 0 0 0 0 0 0 0 0 0 0 0 0 0 0 0 0 0 0 0 0 0
0 0 0 0 0 0 0 0 0 0 0 0 0 0 0 0 0 0 0 0 0 0 0 0 0 0 0 0 0 0 0 0 0 0 0 0
0 0 0 0 0 0 0 0 0 0 0 0 0 0 0 0 0 0 0 0 0 0 0 0
##$SHL_OFFSCOEFF3= (0..95)
0 0 0 0 0 0 0 0 0 0 0 0 0 0 0 0 0 0 0 0 0 0 0 0 0 0 0 0 0 0 0 0 0 0 0 0
0 0 0 0 0 0 0 0 0 0 0 0 0 0 0 0 0 0 0 0 0 0 0 0 0 0 0 0 0 0 0 0 0 0 0 0
0 0 0 0 0 0 0 0 0 0 0 0 0 0 0 0 0 0 0 0 0 0 0 0
##$SHL_OFFSCOEFF4= (0..95)
0 0 0 0 0 0 0 0 0 0 0 0 0 0 0 0 0 0 0 0 0 0 0 0 0 0 0 0 0 0 0 0 0 0 0 0
0 0 0 0 0 0 0 0 0 0 0 0 0 0 0 0 0 0 0 0 0 0 0 0 0 0 0 0 0 0 0 0 0 0 0 0
0 0 0 0 0 0 0 0 0 0 0 0 0 0 0 0 0 0 0 0 0 0 0 0
##$SHL_OFFSCOEFF5= (0..95)
0 0 0 0 0 0 0 0 0 0 0 0 0 0 0 0 0 0 0 0 0 0 0 0 0 0 0 0 0 0 0 0 0 0 0 0
0 0 0 0 0 0 0 0 0 0 0 0 0 0 0 0 0 0 0 0 0 0 0 0 0 0 0 0 0 0 0 0 0 0 0 0
0 0 0 0 0 0 0 0 0 0 0 0 0 0 0 0 0 0 0 0 0 0 0 0
##$SHL_OFFSCOEFF6= (0..95)
0 0 0 0 0 0 0 0 0 0 0 0 0 0 0 0 0 0 0 0 0 0 0 0 0 0 0 0 0 0 0 0 0 0 0 0
0 0 0 0 0 0 0 0 0 0 0 0 0 0 0 0 0 0 0 0 0 0 0 0 0 0 0 0 0 0 0 0 0 0 0 0
0 0 0 0 0 0 0 0 0 0 0 0 0 0 0 0 0 0 0 0 0 0 0 0
##$SHL_OFFSCOEFF7= (0..95)
0 0 0 0 0 0 0 0 0 0 0 0 0 0 0 0 0 0 0 0 0 0 0 0 0 0 0 0 0 0 0 0 0 0 0 0
0 0 0 0 0 0 0 0 0 0 0 0 0 0 0 0 0 0 0 0 0 0 0 0 0 0 0 0 0 0 0 0 0 0 0 0
0 0 0 0 0 0 0 0 0 0 0 0 0 0 0 0 0 0 0 0 0 0 0 0
##$SHL_OFFSCOEFF8= (0..95)
0 0 0 0 0 0 0 0 0 0 0 0 0 0 0 0 0 0 0 0 0 0 0 0 0 0 0 0 0 0 0 0 0 0 0 0
0 0 0 0 0 0 0 0 0 0 0 0 0 0 0 0 0 0 0 0 0 0 0 0 0 0 0 0 0 0 0 0 0 0 0 0
0 0 0 0 0 0 0 0 0 0 0 0 0 0 0 0 0 0 0 0 0 0 0 0
##$SHL_OFFSCOEFF9= (0..95)
0 0 0 0 0 0 0 0 0 0 0 0 0 0 0 0 0 0 0 0 0 0 0 0 0 0 0 0 0 0 0 0 0 0 0 0
0 0 0 0 0 0 0 0 0 0 0 0 0 0 0 0 0 0 0 0 0 0 0 0 0 0 0 0 0 0 0 0 0 0 0 0
0 0 0 0 0 0 0 0 0 0 0 0 0 0 0 0 0 0 0 0 0 0 0 0
##$SHL_PHASE= (0..15)
0 0 0 0 0 0 0 0 0 0 0 0 0 0 0 0
##$SHL_PHASEFAC= (0..15)
0 0 0 0 0 0 0 0 0 0 0 0 0 0 0 0
##$SHL_POWERINDEX= (0..15)
0 0 0 0 0 0 0 0 0 0 0 0 0 0 0 0
##$SHL_QUADCOEFF= (0..15)
0 0 0 0 0 0 0 0 0 0 0 0 0 0 0 0
##$SHL_RIGHTLIMIT= (0..15)
0 0 0 0 0 0 0 0 0 0 0 0 0 0 0 0
##$SHL_SCALEFACTOR= (0..15)
1 1 1 1 1 1 1 1 1 1 1 1 1 1 1 1
##$SHL_SF= (0..15)
<> <> <> <> <> <> <> <> <> <> <> <> <> <> <> <>
##$SHL_SFCOEFFS0= (0..200)
0 0 0 0 0 0 0 0 0 0 0 0 0 0 0 0 0 0 0 0 0 0 0 0 0 0 0 0 0 0 0 0 0 0 0 0
0 0 0 0 0 0 0 0 0 0 0 0 0 0 0 0 0 0 0 0 0 0 0 0 0 0 0 0 0 0 0 0 0 0 0 0
0 0 0 0 0 0 0 0 0 0 0 0 0 0 0 0 0 0 0 0 0 0 0 0 0 0 0 0 0 0 0 0 0 0 0 0
0 0 0 0 0 0 0 0 0 0 0 0 0 0 0 0 0 0 0 0 0 0 0 0 0 0 0 0 0 0 0 0 0 0 0 0
0 0 0 0 0 0 0 0 0 0 0 0 0 0 0 0 0 0 0 0 0 0 0 0 0 0 0 0 0 0 0 0 0 0 0 0
0 0 0 0 0 0 0 0 0 0 0 0 0 0 0 0 0 0 0 0 0
##$SHL_SFCOEFFS1= (0..200)
0 0 0 0 0 0 0 0 0 0 0 0 0 0 0 0 0 0 0 0 0 0 0 0 0 0 0 0 0 0 0 0 0 0 0 0
0 0 0 0 0 0 0 0 0 0 0 0 0 0 0 0 0 0 0 0 0 0 0 0 0 0 0 0 0 0 0 0 0 0 0 0
0 0 0 0 0 0 0 0 0 0 0 0 0 0 0 0 0 0 0 0 0 0 0 0 0 0 0 0 0 0 0 0 0 0 0 0
0 0 0 0 0 0 0 0 0 0 0 0 0 0 0 0 0 0 0 0 0 0 0 0 0 0 0 0 0 0 0 0 0 0 0 0
0 0 0 0 0 0 0 0 0 0 0 0 0 0 0 0 0 0 0 0 0 0 0 0 0 0 0 0 0 0 0 0 0 0 0 0
0 0 0 0 0 0 0 0 0 0 0 0 0 0 0 0 0 0 0 0 0
##$SHL_SFCOEFFS10= (0..200)
0 0 0 0 0 0 0 0 0 0 0 0 0 0 0 0 0 0 0 0 0 0 0 0 0 0 0 0 0 0 0 0 0 0 0 0
0 0 0 0 0 0 0 0 0 0 0 0 0 0 0 0 0 0 0 0 0 0 0 0 0 0 0 0 0 0 0 0 0 0 0 0
0 0 0 0 0 0 0 0 0 0 0 0 0 0 0 0 0 0 0 0 0 0 0 0 0 0 0 0 0 0 0 0 0 0 0 0
0 0 0 0 0 0 0 0 0 0 0 0 0 0 0 0 0 0 0 0 0 0 0 0 0 0 0 0 0 0 0 0 0 0 0 0
0 0 0 0 0 0 0 0 0 0 0 0 0 0 0 0 0 0 0 0 0 0 0 0 0 0 0 0 0 0 0 0 0 0 0 0
0 0 0 0 0 0 0 0 0 0 0 0 0 0 0 0 0 0 0 0 0
##$SHL_SFCOEFFS11= (0..200)
0 0 0 0 0 0 0 0 0 0 0 0 0 0 0 0 0 0 0 0 0 0 0 0 0 0 0 0 0 0 0 0 0 0 0 0
0 0 0 0 0 0 0 0 0 0 0 0 0 0 0 0 0 0 0 0 0 0 0 0 0 0 0 0 0 0 0 0 0 0 0 0
0 0 0 0 0 0 0 0 0 0 0 0 0 0 0 0 0 0 0 0 0 0 0 0 0 0 0 0 0 0 0 0 0 0 0 0
0 0 0 0 0 0 0 0 0 0 0 0 0 0 0 0 0 0 0 0 0 0 0 0 0 0 0 0 0 0 0 0 0 0 0 0
0 0 0 0 0 0 0 0 0 0 0 0 0 0 0 0 0 0 0 0 0 0 0 0 0 0 0 0 0 0 0 0 0 0 0 0
0 0 0 0 0 0 0 0 0 0 0 0 0 0 0 0 0 0 0 0 0
##$SHL_SFCOEFFS12= (0..200)
0 0 0 0 0 0 0 0 0 0 0 0 0 0 0 0 0 0 0 0 0 0 0 0 0 0 0 0 0 0 0 0 0 0 0 0
0 0 0 0 0 0 0 0 0 0 0 0 0 0 0 0 0 0 0 0 0 0 0 0 0 0 0 0 0 0 0 0 0 0 0 0
0 0 0 0 0 0 0 0 0 0 0 0 0 0 0 0 0 0 0 0 0 0 0 0 0 0 0 0 0 0 0 0 0 0 0 0
0 0 0 0 0 0 0 0 0 0 0 0 0 0 0 0 0 0 0 0 0 0 0 0 0 0 0 0 0 0 0 0 0 0 0 0
0 0 0 0 0 0 0 0 0 0 0 0 0 0 0 0 0 0 0 0 0 0 0 0 0 0 0 0 0 0 0 0 0 0 0 0
0 0 0 0 0 0 0 0 0 0 0 0 0 0 0 0 0 0 0 0 0
##$SHL_SFCOEFFS13= (0..200)
0 0 0 0 0 0 0 0 0 0 0 0 0 0 0 0 0 0 0 0 0 0 0 0 0 0 0 0 0 0 0 0 0 0 0 0
0 0 0 0 0 0 0 0 0 0 0 0 0 0 0 0 0 0 0 0 0 0 0 0 0 0 0 0 0 0 0 0 0 0 0 0
0 0 0 0 0 0 0 0 0 0 0 0 0 0 0 0 0 0 0 0 0 0 0 0 0 0 0 0 0 0 0 0 0 0 0 0
0 0 0 0 0 0 0 0 0 0 0 0 0 0 0 0 0 0 0 0 0 0 0 0 0 0 0 0 0 0 0 0 0 0 0 0
0 0 0 0 0 0 0 0 0 0 0 0 0 0 0 0 0 0 0 0 0 0 0 0 0 0 0 0 0 0 0 0 0 0 0 0
0 0 0 0 0 0 0 0 0 0 0 0 0 0 0 0 0 0 0 0 0
##$SHL_SFCOEFFS14= (0..200)
0 0 0 0 0 0 0 0 0 0 0 0 0 0 0 0 0 0 0 0 0 0 0 0 0 0 0 0 0 0 0 0 0 0 0 0
0 0 0 0 0 0 0 0 0 0 0 0 0 0 0 0 0 0 0 0 0 0 0 0 0 0 0 0 0 0 0 0 0 0 0 0
0 0 0 0 0 0 0 0 0 0 0 0 0 0 0 0 0 0 0 0 0 0 0 0 0 0 0 0 0 0 0 0 0 0 0 0
0 0 0 0 0 0 0 0 0 0 0 0 0 0 0 0 0 0 0 0 0 0 0 0 0 0 0 0 0 0 0 0 0 0 0 0
0 0 0 0 0 0 0 0 0 0 0 0 0 0 0 0 0 0 0 0 0 0 0 0 0 0 0 0 0 0 0 0 0 0 0 0
0 0 0 0 0 0 0 0 0 0 0 0 0 0 0 0 0 0 0 0 0
##$SHL_SFCOEFFS15= (0..200)
0 0 0 0 0 0 0 0 0 0 0 0 0 0 0 0 0 0 0 0 0 0 0 0 0 0 0 0 0 0 0 0 0 0 0 0
0 0 0 0 0 0 0 0 0 0 0 0 0 0 0 0 0 0 0 0 0 0 0 0 0 0 0 0 0 0 0 0 0 0 0 0
0 0 0 0 0 0 0 0 0 0 0 0 0 0 0 0 0 0 0 0 0 0 0 0 0 0 0 0 0 0 0 0 0 0 0 0
0 0 0 0 0 0 0 0 0 0 0 0 0 0 0 0 0 0 0 0 0 0 0 0 0 0 0 0 0 0 0 0 0 0 0 0
0 0 0 0 0 0 0 0 0 0 0 0 0 0 0 0 0 0 0 0 0 0 0 0 0 0 0 0 0 0 0 0 0 0 0 0
0 0 0 0 0 0 0 0 0 0 0 0 0 0 0 0 0 0 0 0 0
##$SHL_SFCOEFFS2= (0..200)
0 0 0 0 0 0 0 0 0 0 0 0 0 0 0 0 0 0 0 0 0 0 0 0 0 0 0 0 0 0 0 0 0 0 0 0
0 0 0 0 0 0 0 0 0 0 0 0 0 0 0 0 0 0 0 0 0 0 0 0 0 0 0 0 0 0 0 0 0 0 0 0
0 0 0 0 0 0 0 0 0 0 0 0 0 0 0 0 0 0 0 0 0 0 0 0 0 0 0 0 0 0 0 0 0 0 0 0
0 0 0 0 0 0 0 0 0 0 0 0 0 0 0 0 0 0 0 0 0 0 0 0 0 0 0 0 0 0 0 0 0 0 0 0
0 0 0 0 0 0 0 0 0 0 0 0 0 0 0 0 0 0 0 0 0 0 0 0 0 0 0 0 0 0 0 0 0 0 0 0
0 0 0 0 0 0 0 0 0 0 0 0 0 0 0 0 0 0 0 0 0
##$SHL_SFCOEFFS3= (0..200)
0 0 0 0 0 0 0 0 0 0 0 0 0 0 0 0 0 0 0 0 0 0 0 0 0 0 0 0 0 0 0 0 0 0 0 0
0 0 0 0 0 0 0 0 0 0 0 0 0 0 0 0 0 0 0 0 0 0 0 0 0 0 0 0 0 0 0 0 0 0 0 0
0 0 0 0 0 0 0 0 0 0 0 0 0 0 0 0 0 0 0 0 0 0 0 0 0 0 0 0 0 0 0 0 0 0 0 0
0 0 0 0 0 0 0 0 0 0 0 0 0 0 0 0 0 0 0 0 0 0 0 0 0 0 0 0 0 0 0 0 0 0 0 0
0 0 0 0 0 0 0 0 0 0 0 0 0 0 0 0 0 0 0 0 0 0 0 0 0 0 0 0 0 0 0 0 0 0 0 0
0 0 0 0 0 0 0 0 0 0 0 0 0 0 0 0 0 0 0 0 0
##$SHL_SFCOEFFS4= (0..200)
0 0 0 0 0 0 0 0 0 0 0 0 0 0 0 0 0 0 0 0 0 0 0 0 0 0 0 0 0 0 0 0 0 0 0 0
0 0 0 0 0 0 0 0 0 0 0 0 0 0 0 0 0 0 0 0 0 0 0 0 0 0 0 0 0 0 0 0 0 0 0 0
0 0 0 0 0 0 0 0 0 0 0 0 0 0 0 0 0 0 0 0 0 0 0 0 0 0 0 0 0 0 0 0 0 0 0 0
0 0 0 0 0 0 0 0 0 0 0 0 0 0 0 0 0 0 0 0 0 0 0 0 0 0 0 0 0 0 0 0 0 0 0 0
0 0 0 0 0 0 0 0 0 0 0 0 0 0 0 0 0 0 0 0 0 0 0 0 0 0 0 0 0 0 0 0 0 0 0 0
0 0 0 0 0 0 0 0 0 0 0 0 0 0 0 0 0 0 0 0 0
##$SHL_SFCOEFFS5= (0..200)
0 0 0 0 0 0 0 0 0 0 0 0 0 0 0 0 0 0 0 0 0 0 0 0 0 0 0 0 0 0 0 0 0 0 0 0
0 0 0 0 0 0 0 0 0 0 0 0 0 0 0 0 0 0 0 0 0 0 0 0 0 0 0 0 0 0 0 0 0 0 0 0
0 0 0 0 0 0 0 0 0 0 0 0 0 0 0 0 0 0 0 0 0 0 0 0 0 0 0 0 0 0 0 0 0 0 0 0
0 0 0 0 0 0 0 0 0 0 0 0 0 0 0 0 0 0 0 0 0 0 0 0 0 0 0 0 0 0 0 0 0 0 0 0
0 0 0 0 0 0 0 0 0 0 0 0 0 0 0 0 0 0 0 0 0 0 0 0 0 0 0 0 0 0 0 0 0 0 0 0
0 0 0 0 0 0 0 0 0 0 0 0 0 0 0 0 0 0 0 0 0
##$SHL_SFCOEFFS6= (0..200)
0 0 0 0 0 0 0 0 0 0 0 0 0 0 0 0 0 0 0 0 0 0 0 0 0 0 0 0 0 0 0 0 0 0 0 0
0 0 0 0 0 0 0 0 0 0 0 0 0 0 0 0 0 0 0 0 0 0 0 0 0 0 0 0 0 0 0 0 0 0 0 0
0 0 0 0 0 0 0 0 0 0 0 0 0 0 0 0 0 0 0 0 0 0 0 0 0 0 0 0 0 0 0 0 0 0 0 0
0 0 0 0 0 0 0 0 0 0 0 0 0 0 0 0 0 0 0 0 0 0 0 0 0 0 0 0 0 0 0 0 0 0 0 0
0 0 0 0 0 0 0 0 0 0 0 0 0 0 0 0 0 0 0 0 0 0 0 0 0 0 0 0 0 0 0 0 0 0 0 0
0 0 0 0 0 0 0 0 0 0 0 0 0 0 0 0 0 0 0 0 0
##$SHL_SFCOEFFS7= (0..200)
0 0 0 0 0 0 0 0 0 0 0 0 0 0 0 0 0 0 0 0 0 0 0 0 0 0 0 0 0 0 0 0 0 0 0 0
0 0 0 0 0 0 0 0 0 0 0 0 0 0 0 0 0 0 0 0 0 0 0 0 0 0 0 0 0 0 0 0 0 0 0 0
0 0 0 0 0 0 0 0 0 0 0 0 0 0 0 0 0 0 0 0 0 0 0 0 0 0 0 0 0 0 0 0 0 0 0 0
0 0 0 0 0 0 0 0 0 0 0 0 0 0 0 0 0 0 0 0 0 0 0 0 0 0 0 0 0 0 0 0 0 0 0 0
0 0 0 0 0 0 0 0 0 0 0 0 0 0 0 0 0 0 0 0 0 0 0 0 0 0 0 0 0 0 0 0 0 0 0 0
0 0 0 0 0 0 0 0 0 0 0 0 0 0 0 0 0 0 0 0 0
##$SHL_SFCOEFFS8= (0..200)
0 0 0 0 0 0 0 0 0 0 0 0 0 0 0 0 0 0 0 0 0 0 0 0 0 0 0 0 0 0 0 0 0 0 0 0
0 0 0 0 0 0 0 0 0 0 0 0 0 0 0 0 0 0 0 0 0 0 0 0 0 0 0 0 0 0 0 0 0 0 0 0
0 0 0 0 0 0 0 0 0 0 0 0 0 0 0 0 0 0 0 0 0 0 0 0 0 0 0 0 0 0 0 0 0 0 0 0
0 0 0 0 0 0 0 0 0 0 0 0 0 0 0 0 0 0 0 0 0 0 0 0 0 0 0 0 0 0 0 0 0 0 0 0
0 0 0 0 0 0 0 0 0 0 0 0 0 0 0 0 0 0 0 0 0 0 0 0 0 0 0 0 0 0 0 0 0 0 0 0
0 0 0 0 0 0 0 0 0 0 0 0 0 0 0 0 0 0 0 0 0
##$SHL_SFCOEFFS9= (0..200)
0 0 0 0 0 0 0 0 0 0 0 0 0 0 0 0 0 0 0 0 0 0 0 0 0 0 0 0 0 0 0 0 0 0 0 0
0 0 0 0 0 0 0 0 0 0 0 0 0 0 0 0 0 0 0 0 0 0 0 0 0 0 0 0 0 0 0 0 0 0 0 0
0 0 0 0 0 0 0 0 0 0 0 0 0 0 0 0 0 0 0 0 0 0 0 0 0 0 0 0 0 0 0 0 0 0 0 0
0 0 0 0 0 0 0 0 0 0 0 0 0 0 0 0 0 0 0 0 0 0 0 0 0 0 0 0 0 0 0 0 0 0 0 0
0 0 0 0 0 0 0 0 0 0 0 0 0 0 0 0 0 0 0 0 0 0 0 0 0 0 0 0 0 0 0 0 0 0 0 0
0 0 0 0 0 0 0 0 0 0 0 0 0 0 0 0 0 0 0 0 0
##$SHL_SMOOTHED= (0..15)
0 0 0 0 0 0 0 0 0 0 0 0 0 0 0 0
##$SHL_SMOOTHING= (0..15)
0 0 0 0 0 0 0 0 0 0 0 0 0 0 0 0
##$SHL_SPOAL= (0..15)
0 0 0 0 0 0 0 0 0 0 0 0 0 0 0 0
##$SHL_SPOFFS= (0..15)
0 0 0 0 0 0 0 0 0 0 0 0 0 0 0 0
##$SHL_SPOPH= (0..15)
0 0 0 0 0 0 0 0 0 0 0 0 0 0 0 0
##$SHL_STARTAMP= (0..15)
0 0 0 0 0 0 0 0 0 0 0 0 0 0 0 0
##$SHL_SW= (0..15)
0 0 0 0 0 0 0 0 0 0 0 0 0 0 0 0
##$SHL_SWDIR= (0..15)
-1 -1 -1 -1 -1 -1 -1 -1 -1 -1 -1 -1 -1 -1 -1 -1
##$SHL_TANKAPPA= (0..15)
0 0 0 0 0 0 0 0 0 0 0 0 0 0 0 0
##$SHL_TOTROT= (0..15)
90 0 0 0 0 0 0 0 0 0 0 0 0 0 0 0
##$SHL_TRUNCLEV= (0..15)
0 0 0 0 0 0 0 0 0 0 0 0 0 0 0 0
##$SHL_TYPE= (0..15)
<Excitation> <> <> <> <> <> <> <> <> <> <> <> <> <> <> <>
##$SHL_WINDOWSIZE= (0..15)
0 0 0 0 0 0 0 0 0 0 0 0 0 0 0 0
##$SHL_ZETA= (0..15)
0 0 0 0 0 0 0 0 0 0 0 0 0 0 0 0
##NPOINTS= 1250
##XYPOINTS= (XY..XY)
72.773188, 50.278251
72.311815, 51.932667
71.847585, 53.587170
71.380534, 55.241764
70.910695, 56.896450
70.438102, 58.551229
69.962791, 60.206105
69.484796, 61.861078
69.004152, 63.516151
68.520894, 65.171326
68.035059, 66.826606
67.546681, 68.481992
67.055796, 70.137488
66.562440, 71.793095
66.066650, 73.448817
65.568462, 75.104656
65.067912, 76.760614
64.565038, 78.416695
64.059875, 80.072901
63.552461, 81.729237
63.042833, 83.385704
62.531029, 85.042306
62.017086, 86.699046
61.501042, 88.355929
60.982934, 90.012957
60.462801, 91.670135
59.940681, 93.327467
59.416612, 94.984956
58.890632, 96.642607
58.362781, 98.300424
57.833096, 99.958412
57.301617, 101.616576
56.768382, 103.274921
56.233432, 104.933451
55.696804, 106.592172
55.158539, 108.251090
54.618675, 109.910210
54.077254, 111.569539
53.534313, 113.229083
52.989893, 114.888848
52.444034, 116.548842
51.896777, 118.209070
51.348160, 119.869542
50.798225, 121.530264
50.247012, 123.191245
49.694562, 124.852493
49.140914, 126.514017
48.586109, 128.175826
48.030189, 129.837931
47.473194, 131.500340
46.915165, 133.163065
46.356143, 134.826117
45.796168, 136.489508
45.235283, 138.153249
44.673529, 139.817354
44.110945, 141.481836
43.547575, 143.146709
42.983459, 144.811989
42.418639, 146.477690
41.853157, 148.143830
41.287053, 149.810425
40.720370, 151.477495
40.153149, 153.145058
39.585432, 154.813134
39.017261, 156.481747
38.448677, 158.150917
37.879722, 159.820670
37.310439, 161.491030
36.740869, 163.162025
36.171055, 164.833684
35.601037, 166.506037
35.030859, 168.179116
34.460562, 169.852956
33.890188, 171.527594
33.319780, 173.203067
32.749380, 174.879419
32.179029, 176.556693
31.608770, 178.234938
31.038645, 179.914203
30.468696, 181.594543
29.898966, 183.276016
29.329497, 184.958686
28.760330, 186.642620
28.191509, 188.327890
27.623075, 190.014575
27.055072, 191.702758
26.487540, 193.392532
25.920523, 195.083995
25.354063, 196.777255
24.788202, 198.472429
24.222984, 200.169642
23.658449, 201.869034
23.094641, 203.570757
22.531603, 205.274974
21.969377, 206.981869
21.408006, 208.691641
20.847532, 210.404510
20.287999, 212.120718
19.729450, 213.840536
19.171927, 215.564262
18.615475, 217.292229
18.060137, 219.024809
17.505957, 220.762418
16.952978, 222.505523
16.401247, 224.254654
15.850807, 226.010407
15.301704, 227.773461
14.753984, 229.544593
14.207695, 231.324690
13.662884, 233.114778
13.119600, 234.916041
12.577894, 236.729860
12.037817, 238.557854
11.499424, 240.401931
10.962771, 242.264354
10.427919, 244.147835
9.894931, 246.055642
9.363878, 247.991759
8.834835, 249.961081
8.307887, 251.969701
7.783133, 254.025290
7.260685, 256.137642
6.740680, 258.319463
6.223283, 260.587525
5.708707, 262.964425
5.197230, 265.481321
4.689230, 268.182355
4.185247, 271.132083
3.686085, 274.428537
3.193012, 278.227435
2.708158, 282.789907
2.235403, 288.583077
1.782504, 296.505941
1.366810, 308.401308
1.030839, 327.875413
0.868122, 358.184709
0.966446, 30.434585
1.263525, 52.449237
1.653386, 65.775248
2.082811, 74.440691
2.530247, 80.644263
2.986328, 85.451480
3.446497, 89.406249
3.908303, 92.807426
4.370317, 95.830629
4.831647, 98.585065
5.291705, 101.141921
5.750082, 103.549460
6.206484, 105.841503
6.660688, 108.042424
7.112524, 110.170220
7.561854, 112.238461
8.008566, 114.257565
8.452564, 116.235660
8.893767, 118.179183
9.332103, 120.093290
9.767508, 121.982165
10.199923, 123.849236
10.629296, 125.697336
11.055577, 127.528829
11.478719, 129.345704
11.898679, 131.149642
12.315414, 132.942079
12.728886, 134.724243
13.139054, 136.497196
13.545884, 138.261857
13.949337, 140.019027
14.349380, 141.769408
14.745979, 143.513614
15.139100, 145.252190
15.528710, 146.985619
15.914779, 148.714326
16.297273, 150.438696
16.676164, 152.159069
17.051421, 153.875752
17.423014, 155.589020
17.790914, 157.299124
18.155093, 159.006288
18.515521, 160.710716
18.872172, 162.412595
19.225018, 164.112093
19.574031, 165.809365
19.919186, 167.504552
20.260455, 169.197784
20.597813, 170.889179
20.931235, 172.578847
21.260694, 174.266889
21.586167, 175.953398
21.907628, 177.638459
22.225054, 179.322152
22.538421, 181.004551
22.847705, 182.685725
23.152883, 184.365736
23.453932, 186.044645
23.750829, 187.722505
24.043553, 189.399370
24.332082, 191.075287
24.616394, 192.750300
24.896468, 194.424453
25.172284, 196.097783
25.443819, 197.770329
25.711056, 199.442125
25.973973, 201.113204
26.232551, 202.783595
26.486771, 204.453329
26.736615, 206.122432
26.982063, 207.790930
27.223097, 209.458847
27.459700, 211.126206
27.691854, 212.793028
27.919542, 214.459334
28.142747, 216.125144
28.361452, 217.790474
28.575642, 219.455343
28.785301, 221.119768
28.990412, 222.783763
29.190962, 224.447343
29.386934, 226.110522
29.578315, 227.773314
29.765091, 229.435731
29.947247, 231.097786
30.124770, 232.759489
30.297648, 234.420851
30.465867, 236.081883
30.629415, 237.742595
30.788280, 239.402995
30.942450, 241.063094
31.091914, 242.722899
31.236661, 244.382418
31.376680, 246.041659
31.511961, 247.700630
31.642494, 249.359337
31.768268, 251.017787
31.889276, 252.675986
32.005508, 254.333941
32.116955, 255.991657
32.223610, 257.649139
32.325464, 259.306394
32.422509, 260.963425
32.514740, 262.620239
32.602148, 264.276838
32.684728, 265.933227
32.762473, 267.589411
32.835378, 269.245394
32.903437, 270.901178
32.966645, 272.556768
33.024998, 274.212167
33.078491, 275.867377
33.127120, 277.522403
33.170882, 279.177246
33.209773, 280.831910
33.243791, 282.486396
33.272934, 284.140707
33.297198, 285.794845
33.316582, 287.448813
33.331085, 289.102612
33.340705, 290.756244
33.345442, 292.409710
33.345296, 294.063012
33.340266, 295.716151
33.330353, 297.369129
33.315558, 299.021946
33.295881, 300.674604
33.271324, 302.327103
33.241889, 303.979444
33.207578, 305.631627
33.168393, 307.283654
33.124338, 308.935523
33.075415, 310.587236
33.021629, 312.238793
32.962982, 313.890193
32.899480, 315.541437
32.831126, 317.192523
32.757927, 318.843452
32.679886, 320.494223
32.597011, 322.144835
32.509307, 323.795288
32.416781, 325.445579
32.319438, 327.095709
32.217287, 328.745676
32.110335, 330.395479
31.998590, 332.045115
31.882060, 333.694583
31.760753, 335.343882
31.634678, 336.993009
31.503845, 338.641961
31.368263, 340.290737
31.227943, 341.939334
31.082893, 343.587749
30.933126, 345.235979
30.778652, 346.884020
30.619481, 348.531870
30.455627, 350.179524
30.287101, 351.826979
30.113916, 353.474230
29.936083, 355.121273
29.753616, 356.768103
29.566529, 358.414715
29.374835, 0.061104
29.178549, 1.707265
28.977684, 3.353190
28.772255, 4.998873
28.562278, 6.644309
28.347768, 8.289489
28.128740, 9.934406
27.905212, 11.579052
27.677198, 13.223418
27.444716, 14.867495
27.207783, 16.511273
26.966416, 18.154743
26.720634, 19.797892
26.470453, 21.440710
26.215893, 23.083183
25.956972, 24.725300
25.693709, 26.367045
25.426124, 28.008404
25.154236, 29.649360
24.878065, 31.289898
24.597631, 32.929998
24.312956, 34.569641
24.024059, 36.208807
23.730963, 37.847473
23.433689, 39.485616
23.132258, 41.123209
22.826694, 42.760226
22.517017, 44.396637
22.203252, 46.032411
21.885421, 47.667513
21.563548, 49.301907
21.237657, 50.935553
20.907771, 52.568407
20.573914, 54.200424
20.236113, 55.831554
19.894391, 57.461740
19.548773, 59.090925
19.199286, 60.719042
18.845955, 62.346021
18.488807, 63.971784
18.127867, 65.596246
17.763163, 67.219315
17.394722, 68.840886
17.022571, 70.460847
16.646738, 72.079072
16.267251, 73.695423
15.884138, 75.309744
15.497429, 76.921862
15.107152, 78.531586
14.713336, 80.138699
14.316012, 81.742956
13.915210, 83.344084
13.510959, 84.941770
13.103292, 86.535658
12.692239, 88.125343
12.277833, 89.710356
11.860105, 91.290161
11.439090, 92.864129
11.014820, 94.431531
10.587330, 95.991509
10.156654, 97.543047
9.722830, 99.084934
9.285895, 100.615719
8.845886, 102.133640
8.402845, 103.636542
7.956815, 105.121762
7.507840, 106.585964
7.055969, 108.024921
6.601257, 109.433186
6.143763, 110.803630
5.683558, 112.126731
5.220724, 113.389483
4.755366, 114.573649
4.287616, 115.652847
3.817661, 116.587447
3.345774, 117.315118
2.872385, 117.732006
2.398248, 117.651698
1.924828, 116.704637
1.455468, 114.049377
0.999725, 107.344321
0.596354, 88.110174
0.440829, 35.416718
0.723053, 354.732570
1.161133, 341.495928
1.636357, 336.597096
2.125571, 334.658860
2.622256, 334.060678
3.123922, 334.174594
3.629414, 334.710184
4.138109, 335.515495
4.649639, 336.503549
5.163764, 337.621048
5.680313, 338.833545
6.199161, 340.117798
6.720208, 341.457563
7.243371, 342.841151
7.768580, 344.259933
8.295771, 345.707405
8.824887, 347.178570
9.355873, 348.669527
9.888680, 350.177187
10.423259, 351.699069
10.959563, 353.233161
11.497546, 354.777813
12.037164, 356.331659
12.578373, 357.893559
13.121130, 359.462554
13.665392, 1.037829
14.211116, 2.618692
14.758260, 4.204547
15.306782, 5.794880
15.856640, 7.389246
16.407792, 8.987256
16.960197, 10.588570
17.513813, 12.192888
18.068599, 13.799946
18.624513, 15.409510
19.181512, 17.021372
19.739557, 18.635345
20.298605, 20.251263
20.858615, 21.868977
21.419546, 23.488352
21.981355, 25.109266
22.544001, 26.731610
23.107442, 28.355283
23.671638, 29.980195
24.236546, 31.606263
24.802124, 33.233412
25.368331, 34.861572
25.935125, 36.490680
26.502465, 38.120678
27.070308, 39.751512
27.638613, 41.383133
28.207337, 43.015495
28.776440, 44.648556
29.345880, 46.282276
29.915613, 47.916621
30.485600, 49.551555
31.055796, 51.187048
31.626162, 52.823071
32.196655, 54.459596
32.767232, 56.096598
33.337853, 57.734053
33.908475, 59.371940
34.479056, 61.010237
35.049554, 62.648925
35.619928, 64.287985
36.190136, 65.927402
36.760135, 67.567157
37.329885, 69.207237
37.899343, 70.847627
38.468467, 72.488313
39.037216, 74.129283
39.605548, 75.770524
40.173421, 77.412026
40.740794, 79.053778
41.307625, 80.695768
41.873872, 82.337989
42.439495, 83.980430
43.004450, 85.623083
43.568698, 87.265940
44.132197, 88.908992
44.694904, 90.552234
45.256780, 92.195656
45.817783, 93.839253
46.377872, 95.483019
46.937005, 97.126947
47.495142, 98.771031
48.052242, 100.415265
48.608263, 102.059646
49.163166, 103.704166
49.716910, 105.348823
50.269453, 106.993610
50.820756, 108.638524
51.370778, 110.283560
51.919478, 111.928715
52.466817, 113.573984
53.012755, 115.219364
53.557251, 116.864850
54.100265, 118.510441
54.641758, 120.156132
55.181689, 121.801920
55.720021, 123.447803
56.256712, 125.093777
56.791724, 126.739840
57.325017, 128.385988
57.856552, 130.032220
58.386291, 131.678533
58.914194, 133.324924
59.440224, 134.971391
59.964340, 136.617933
60.486505, 138.264546
61.006681, 139.911229
61.524830, 141.557980
62.040913, 143.204796
62.554893, 144.851677
63.066731, 146.498620
63.576392, 148.145623
64.083836, 149.792686
64.589028, 151.439805
65.091929, 153.086981
65.592503, 154.734210
66.090714, 156.381493
66.586525, 158.028826
67.079900, 159.676210
67.570802, 161.323643
68.059195, 162.971123
68.545044, 164.618649
69.028314, 166.266220
69.508967, 167.913835
69.986971, 169.561493
70.462288, 171.209192
70.934886, 172.856932
71.404728, 174.504712
71.871781, 176.152530
72.336010, 177.800386
72.797381, 179.448279
73.255861, 181.096207
73.711416, 182.744171
74.164012, 184.392169
74.613616, 186.040199
75.060196, 187.688263
75.503719, 189.336358
75.944152, 190.984484
76.381462, 192.632640
76.815619, 194.280825
77.246589, 195.929040
77.674342, 197.577282
78.098847, 199.225552
78.520071, 200.873849
78.937984, 202.522172
79.352556, 204.170520
79.763756, 205.818894
80.171554, 207.467292
80.575920, 209.115713
80.976825, 210.764158
81.374238, 212.412626
81.768132, 214.061116
82.158477, 215.709627
82.545244, 217.358160
82.928406, 219.006713
83.307934, 220.655287
83.683800, 222.303881
84.055977, 223.952493
84.424437, 225.601125
84.789154, 227.249775
85.150101, 228.898443
85.507251, 230.547129
85.860578, 232.195832
86.210056, 233.844552
86.555660, 235.493289
86.897365, 237.142041
87.235145, 238.790809
87.568975, 240.439593
87.898832, 242.088391
88.224690, 243.737204
88.546526, 245.386031
88.864317, 247.034873
89.178039, 248.683728
89.487670, 250.332596
89.793185, 251.981478
90.094564, 253.630372
90.391784, 255.279278
90.684824, 256.928197
90.973661, 258.577128
91.258274, 260.226070
91.538644, 261.875023
91.814748, 263.523988
92.086568, 265.172963
92.354083, 266.821949
92.617273, 268.470945
92.876120, 270.119951
93.130603, 271.768966
93.380705, 273.417991
93.626408, 275.067026
93.867693, 276.716069
94.104542, 278.365121
94.336939, 280.014182
94.564866, 281.663251
94.788306, 283.312328
95.007243, 284.961414
95.221662, 286.610506
95.431546, 288.259607
95.636879, 289.908714
95.837648, 291.557829
96.033837, 293.206950
96.225432, 294.856078
96.412419, 296.505213
96.594784, 298.154354
96.772513, 299.803500
96.945595, 301.452653
97.114015, 303.101812
97.277762, 304.750976
97.436824, 306.400145
97.591189, 308.049319
97.740846, 309.698499
97.885783, 311.347683
98.025991, 312.996872
98.161458, 314.646065
98.292176, 316.295263
98.418134, 317.944465
98.539323, 319.593670
98.655734, 321.242880
98.767359, 322.892093
98.874190, 324.541309
98.976218, 326.190529
99.073437, 327.839752
99.165839, 329.488978
99.253417, 331.138206
99.336165, 332.787438
99.414077, 334.436671
99.487147, 336.085908
99.555370, 337.735146
99.618741, 339.384386
99.677255, 341.033629
99.730908, 342.682872
99.779696, 344.332118
99.823615, 345.981365
99.862663, 347.630613
99.896836, 349.279862
99.926131, 350.929113
99.950548, 352.578364
99.970083, 354.227616
99.984736, 355.876868
99.994505, 357.526121
99.999389, 359.175374
99.999389, 0.824626
99.994505, 2.473879
99.984736, 4.123132
99.970083, 5.772384
99.950548, 7.421636
99.926131, 9.070887
99.896836, 10.720138
99.862663, 12.369387
99.823615, 14.018635
99.779696, 15.667882
99.730908, 17.317128
99.677255, 18.966371
99.618741, 20.615614
99.555370, 22.264854
99.487147, 23.914092
99.414077, 25.563329
99.336165, 27.212562
99.253417, 28.861794
99.165839, 30.511022
99.073437, 32.160248
98.976218, 33.809471
98.874190, 35.458691
98.767359, 37.107907
98.655734, 38.757120
98.539323, 40.406330
98.418134, 42.055535
98.292176, 43.704737
98.161458, 45.353935
98.025991, 47.003128
97.885783, 48.652317
97.740846, 50.301501
97.591189, 51.950681
97.436824, 53.599855
97.277762, 55.249024
97.114015, 56.898188
96.945595, 58.547347
96.772513, 60.196500
96.594784, 61.845646
96.412419, 63.494787
96.225432, 65.143922
96.033837, 66.793050
95.837648, 68.442171
95.636879, 70.091286
95.431546, 71.740393
95.221662, 73.389494
95.007243, 75.038586
94.788306, 76.687672
94.564866, 78.336749
94.336939, 79.985818
94.104542, 81.634879
93.867693, 83.283931
93.626408, 84.932974
93.380705, 86.582009
93.130603, 88.231034
92.876120, 89.880049
92.617273, 91.529055
92.354083, 93.178051
92.086568, 94.827037
91.814748, 96.476012
91.538644, 98.124977
91.258274, 99.773930
90.973661, 101.422872
90.684824, 103.071803
90.391784, 104.720722
90.094564, 106.369628
89.793185, 108.018522
89.487670, 109.667404
89.178039, 111.316272
88.864317, 112.965127
88.546526, 114.613969
88.224690, 116.262796
87.898832, 117.911609
87.568975, 119.560407
87.235145, 121.209191
86.897365, 122.857959
86.555660, 124.506711
86.210056, 126.155448
85.860578, 127.804168
85.507251, 129.452871
85.150101, 131.101557
84.789154, 132.750225
84.424437, 134.398875
84.055977, 136.047507
83.683800, 137.696119
83.307934, 139.344713
82.928406, 140.993287
82.545244, 142.641840
82.158477, 144.290373
81.768132, 145.938884
81.374238, 147.587374
80.976825, 149.235842
80.575920, 150.884287
80.171554, 152.532708
79.763756, 154.181106
79.352556, 155.829480
78.937984, 157.477828
78.520071, 159.126151
78.098847, 160.774448
77.674342, 162.422718
77.246589, 164.070960
76.815619, 165.719175
76.381462, 167.367360
75.944152, 169.015516
75.503719, 170.663642
75.060196, 172.311737
74.613616, 173.959801
74.164012, 175.607831
73.711416, 177.255829
73.255861, 178.903793
72.797381, 180.551721
72.336010, 182.199614
71.871781, 183.847470
71.404728, 185.495288
70.934886, 187.143068
70.462288, 188.790808
69.986971, 190.438507
69.508967, 192.086165
69.028314, 193.733780
68.545044, 195.381351
68.059195, 197.028877
67.570802, 198.676357
67.079900, 200.323790
66.586525, 201.971174
66.090714, 203.618507
65.592503, 205.265790
65.091929, 206.913019
64.589028, 208.560195
64.083836, 210.207314
63.576392, 211.854377
63.066731, 213.501380
62.554893, 215.148323
62.040913, 216.795204
61.524830, 218.442020
61.006681, 220.088771
60.486505, 221.735454
59.964340, 223.382067
59.440224, 225.028609
58.914194, 226.675076
58.386291, 228.321467
57.856552, 229.967780
57.325017, 231.614012
56.791724, 233.260160
56.256712, 234.906223
55.720021, 236.552197
55.181689, 238.198080
54.641758, 239.843868
54.100265, 241.489559
53.557251, 243.135150
53.012755, 244.780636
52.466817, 246.426016
51.919478, 248.071285
51.370778, 249.716440
50.820756, 251.361476
50.269453, 253.006390
49.716910, 254.651177
49.163166, 256.295834
48.608263, 257.940354
48.052242, 259.584735
47.495142, 261.228969
46.937005, 262.873053
46.377872, 264.516981
45.817783, 266.160747
45.256780, 267.804344
44.694904, 269.447766
44.132197, 271.091008
43.568698, 272.734060
43.004450, 274.376917
42.439495, 276.019570
41.873872, 277.662011
41.307625, 279.304232
40.740794, 280.946222
40.173421, 282.587974
39.605548, 284.229476
39.037216, 285.870717
38.468467, 287.511687
37.899343, 289.152373
37.329885, 290.792763
36.760135, 292.432843
36.190136, 294.072598
35.619928, 295.712015
35.049554, 297.351075
34.479056, 298.989763
33.908475, 300.628060
33.337853, 302.265947
32.767232, 303.903402
32.196655, 305.540404
31.626162, 307.176929
31.055796, 308.812952
30.485600, 310.448445
29.915613, 312.083379
29.345880, 313.717724
28.776440, 315.351444
28.207337, 316.984505
27.638613, 318.616867
27.070308, 320.248488
26.502465, 321.879322
25.935125, 323.509320
25.368331, 325.138428
24.802124, 326.766588
24.236546, 328.393737
23.671638, 330.019805
23.107442, 331.644717
22.544001, 333.268390
21.981355, 334.890734
21.419546, 336.511648
20.858615, 338.131023
20.298605, 339.748737
19.739557, 341.364655
19.181512, 342.978628
18.624513, 344.590490
18.068599, 346.200054
17.513813, 347.807112
16.960197, 349.411430
16.407792, 351.012744
15.856640, 352.610754
15.306782, 354.205120
14.758260, 355.795453
14.211116, 357.381308
13.665392, 358.962171
13.121130, 0.537446
12.578373, 2.106441
12.037164, 3.668341
11.497546, 5.222187
10.959563, 6.766839
10.423259, 8.300931
9.888680, 9.822813
9.355873, 11.330473
8.824887, 12.821430
8.295771, 14.292595
7.768580, 15.740067
7.243371, 17.158849
6.720208, 18.542437
6.199161, 19.882202
5.680313, 21.166455
5.163764, 22.378952
4.649639, 23.496451
4.138109, 24.484505
3.629414, 25.289816
3.123922, 25.825406
2.622256, 25.939322
2.125571, 25.341140
1.636357, 23.402904
1.161133, 18.504072
0.723053, 5.267430
0.440829, 324.583282
0.596354, 271.889826
0.999725, 252.655679
1.455468, 245.950623
1.924828, 243.295363
2.398248, 242.348302
2.872385, 242.267994
3.345774, 242.684882
3.817661, 243.412553
4.287616, 244.347153
4.755366, 245.426351
5.220724, 246.610517
5.683558, 247.873269
6.143763, 249.196370
6.601257, 250.566814
7.055969, 251.975079
7.507840, 253.414036
7.956815, 254.878238
8.402845, 256.363458
8.845886, 257.866360
9.285895, 259.384281
9.722830, 260.915066
10.156654, 262.456953
10.587330, 264.008491
11.014820, 265.568469
11.439090, 267.135871
11.860105, 268.709839
12.277833, 270.289644
12.692239, 271.874657
13.103292, 273.464342
13.510959, 275.058230
13.915210, 276.655916
14.316012, 278.257044
14.713336, 279.861301
15.107152, 281.468414
15.497429, 283.078138
15.884138, 284.690256
16.267251, 286.304577
16.646738, 287.920928
17.022571, 289.539153
17.394722, 291.159114
17.763163, 292.780685
18.127867, 294.403754
18.488807, 296.028216
18.845955, 297.653979
19.199286, 299.280958
19.548773, 300.909075
19.894391, 302.538260
20.236113, 304.168446
20.573914, 305.799576
20.907771, 307.431593
21.237657, 309.064447
21.563548, 310.698093
21.885421, 312.332487
22.203252, 313.967589
22.517017, 315.603363
22.826694, 317.239774
23.132258, 318.876791
23.433689, 320.514384
23.730963, 322.152527
24.024059, 323.791193
24.312956, 325.430359
24.597631, 327.070002
24.878065, 328.710102
25.154236, 330.350640
25.426124, 331.991596
25.693709, 333.632955
25.956972, 335.274700
26.215893, 336.916817
26.470453, 338.559290
26.720634, 340.202108
26.966416, 341.845257
27.207783, 343.488727
27.444716, 345.132505
27.677198, 346.776582
27.905212, 348.420948
28.128740, 350.065594
28.347768, 351.710511
28.562278, 353.355691
28.772255, 355.001127
28.977684, 356.646810
29.178549, 358.292735
29.374835, 359.938896
29.566529, 1.585285
29.753616, 3.231897
29.936083, 4.878727
30.113916, 6.525770
30.287101, 8.173021
30.455627, 9.820476
30.619481, 11.468130
30.778652, 13.115980
30.933126, 14.764021
31.082893, 16.412251
31.227943, 18.060666
31.368263, 19.709263
31.503845, 21.358039
31.634678, 23.006991
31.760753, 24.656118
31.882060, 26.305417
31.998590, 27.954885
32.110335, 29.604521
32.217287, 31.254324
32.319438, 32.904291
32.416781, 34.554421
32.509307, 36.204712
32.597011, 37.855165
32.679886, 39.505777
32.757927, 41.156548
32.831126, 42.807477
32.899480, 44.458563
32.962982, 46.109807
33.021629, 47.761207
33.075415, 49.412764
33.124338, 51.064477
33.168393, 52.716346
33.207578, 54.368373
33.241889, 56.020556
33.271324, 57.672897
33.295881, 59.325396
33.315558, 60.978054
33.330353, 62.630871
33.340266, 64.283849
33.345296, 65.936988
33.345442, 67.590290
33.340705, 69.243756
33.331085, 70.897388
33.316582, 72.551187
33.297198, 74.205155
33.272934, 75.859293
33.243791, 77.513604
33.209773, 79.168090
33.170882, 80.822754
33.127120, 82.477597
33.078491, 84.132623
33.024998, 85.787833
32.966645, 87.443232
32.903437, 89.098822
32.835378, 90.754606
32.762473, 92.410589
32.684728, 94.066773
32.602148, 95.723162
32.514740, 97.379761
32.422509, 99.036575
32.325464, 100.693606
32.223610, 102.350861
32.116955, 104.008343
32.005508, 105.666059
31.889276, 107.324014
31.768268, 108.982213
31.642494, 110.640663
31.511961, 112.299370
31.376680, 113.958341
31.236661, 115.617582
31.091914, 117.277101
30.942450, 118.936906
30.788280, 120.597005
30.629415, 122.257405
30.465867, 123.918117
30.297648, 125.579149
30.124770, 127.240511
29.947247, 128.902214
29.765091, 130.564269
29.578315, 132.226686
29.386934, 133.889478
29.190962, 135.552657
28.990412, 137.216237
28.785301, 138.880232
28.575642, 140.544657
28.361452, 142.209526
28.142747, 143.874856
27.919542, 145.540666
27.691854, 147.206972
27.459700, 148.873794
27.223097, 150.541153
26.982063, 152.209070
26.736615, 153.877568
26.486771, 155.546671
26.232551, 157.216405
25.973973, 158.886796
25.711056, 160.557875
25.443819, 162.229671
25.172284, 163.902217
24.896468, 165.575547
24.616394, 167.249700
24.332082, 168.924713
24.043553, 170.600630
23.750829, 172.277495
23.453932, 173.955355
23.152883, 175.634264
22.847705, 177.314275
22.538421, 178.995449
22.225054, 180.677848
21.907628, 182.361541
21.586167, 184.046602
21.260694, 185.733111
20.931235, 187.421153
20.597813, 189.110821
20.260455, 190.802216
19.919186, 192.495448
19.574031, 194.190635
19.225018, 195.887907
18.872172, 197.587405
18.515521, 199.289284
18.155093, 200.993712
17.790914, 202.700876
17.423014, 204.410980
17.051421, 206.124248
16.676164, 207.840931
16.297273, 209.561304
15.914779, 211.285674
15.528710, 213.014381
15.139100, 214.747810
14.745979, 216.486386
14.349380, 218.230592
13.949337, 219.980973
13.545884, 221.738143
13.139054, 223.502804
12.728886, 225.275757
12.315414, 227.057921
11.898679, 228.850358
11.478719, 230.654296
11.055577, 232.471171
10.629296, 234.302664
10.199923, 236.150764
9.767508, 238.017835
9.332103, 239.906710
8.893767, 241.820817
8.452564, 243.764340
8.008566, 245.742435
7.561854, 247.761539
7.112524, 249.829780
6.660688, 251.957576
6.206484, 254.158497
5.750082, 256.450540
5.291705, 258.858079
4.831647, 261.414935
4.370317, 264.169371
3.908303, 267.192574
3.446497, 270.593751
2.986328, 274.548520
2.530247, 279.355737
2.082811, 285.559309
1.653386, 294.224752
1.263525, 307.550763
0.966446, 329.565415
0.868122, 1.815291
1.030839, 32.124587
1.366810, 51.598692
1.782504, 63.494059
2.235403, 71.416923
2.708158, 77.210093
3.193012, 81.772565
3.686085, 85.571463
4.185247, 88.867917
4.689230, 91.817645
5.197230, 94.518679
5.708707, 97.035575
6.223283, 99.412475
6.740680, 101.680537
7.260685, 103.862358
7.783133, 105.974710
8.307887, 108.030299
8.834835, 110.038919
9.363878, 112.008241
9.894931, 113.944358
10.427919, 115.852165
10.962771, 117.735646
11.499424, 119.598069
12.037817, 121.442146
12.577894, 123.270140
13.119600, 125.083959
13.662884, 126.885222
14.207695, 128.675310
14.753984, 130.455407
15.301704, 132.226539
15.850807, 133.989593
16.401247, 135.745346
16.952978, 137.494477
17.505957, 139.237582
18.060137, 140.975191
18.615475, 142.707771
19.171927, 144.435738
19.729450, 146.159464
20.287999, 147.879282
20.847532, 149.595490
21.408006, 151.308359
21.969377, 153.018131
22.531603, 154.725026
23.094641, 156.429243
23.658449, 158.130966
24.222984, 159.830358
24.788202, 161.527571
25.354063, 163.222745
25.920523, 164.916005
26.487540, 166.607468
27.055072, 168.297242
27.623075, 169.985425
28.191509, 171.672110
28.760330, 173.357380
29.329497, 175.041314
29.898966, 176.723984
30.468696, 178.405457
31.038645, 180.085797
31.608770, 181.765062
32.179029, 183.443307
32.749380, 185.120581
33.319780, 186.796933
33.890188, 188.472406
34.460562, 190.147044
35.030859, 191.820884
35.601037, 193.493963
36.171055, 195.166316
36.740869, 196.837975
37.310439, 198.508970
37.879722, 200.179330
38.448677, 201.849083
39.017261, 203.518253
39.585432, 205.186866
40.153149, 206.854942
40.720370, 208.522505
41.287053, 210.189575
41.853157, 211.856170
42.418639, 213.522310
42.983459, 215.188011
43.547575, 216.853291
44.110945, 218.518164
44.673529, 220.182646
45.235283, 221.846751
45.796168, 223.510492
46.356143, 225.173883
46.915165, 226.836935
47.473194, 228.499660
48.030189, 230.162069
48.586109, 231.824174
49.140914, 233.485983
49.694562, 235.147507
50.247012, 236.808755
50.798225, 238.469736
51.348160, 240.130458
51.896777, 241.790930
52.444034, 243.451158
52.989893, 245.111152
53.534313, 246.770917
54.077254, 248.430461
54.618675, 250.089790
55.158539, 251.748910
55.696804, 253.407828
56.233432, 255.066549
56.768382, 256.725079
57.301617, 258.383424
57.833096, 260.041588
58.362781, 261.699576
58.890632, 263.357393
59.416612, 265.015044
59.940681, 266.672533
60.462801, 268.329865
60.982934, 269.987043
61.501042, 271.644071
62.017086, 273.300954
62.531029, 274.957694
63.042833, 276.614296
63.552461, 278.270763
64.059875, 279.927099
64.565038, 281.583305
65.067912, 283.239386
65.568462, 284.895344
66.066650, 286.551183
66.562440, 288.206905
67.055796, 289.862512
67.546681, 291.518008
68.035059, 293.173394
68.520894, 294.828674
69.004152, 296.483849
69.484796, 298.138922
69.962791, 299.793895
70.438102, 301.448771
70.910695, 303.103550
71.380534, 304.758236
71.847585, 306.412830
72.311815, 308.067333
72.773188, 309.721749
##END=
