##TITLE= Parameter file, TopSpin 4.3.0
##JCAMPDX= 5.0
##DATATYPE= Parameter Values
##ORIGIN= Bruker BioSpin GmbH
##OWNER= nmrsu
$$ 2024-02-28 12:39:49.553 +0000  nmrsu@4CE1161FJM
$$ C:/Bruker/TopSpin4.3.0/exp/stan/nmr/lists/wave/user/multisupp_aux_d8
$$ process C:\Bruker\TopSpin4.3.0\prog\mod\xwinshape.exe
##MINX= 17.09457700
##MAXX= 99.99952800
##MINY= 0.00114200
##MAXY= 359.99885800
##$SHAPE_ADDPHASE= 0
##$SHAPE_AMP= 99.99952823
##$SHAPE_BWFAC= 0
##$SHAPE_BWFAC50= 0
##$SHAPE_CALCBW= yes
##$SHAPE_CALCINTEG= yes
##$SHAPE_EXMODE= <Excitation>
##$SHAPE_EXPAND= <>
##$SHAPE_EXPANDCF= (0..143)
0 0 0 0 0 0 0 0 0 0 0 0 0 0 0 0 0 0 0 0 0 0 0 0 0 0 0 0 0 0 0 0 0 0 0 0
0 0 0 0 0 0 0 0 0 0 0 0 0 0 0 0 0 0 0 0 0 0 0 0 0 0 0 0 0 0 0 0 0 0 0 0
0 0 0 0 0 0 0 0 0 0 0 0 0 0 0 0 0 0 0 0 0 0 0 0 0 0 0 0 0 0 0 0 0 0 0 0
0 0 0 0 0 0 0 0 0 0 0 0 0 0 0 0 0 0 0 0 0 0 0 0 0 0 0 0 0 0 0 0 0 0 0 0
##$SHAPE_EXPFAC= 0
##$SHAPE_FRACEND= 0
##$SHAPE_FRACORG= 0
##$SHAPE_FRACSTART= 0
##$SHAPE_INTEGFAC= 0
##$SHAPE_KEEPRES= yes
##$SHAPE_LENGTH= 25000.000373
##$SHAPE_MAN= <M>
##$SHAPE_MODE= 4
##$SHAPE_MODFREQ= 0
##$SHAPE_MODPHASE= 0
##$SHAPE_MODSCALE= 0
##$SHAPE_MODSW= 0
##$SHAPE_MODSWDIR= -1
##$SHAPE_NPOINTS= 1250
##$SHAPE_OFFS= <1 4>
##$SHAPE_OFFSCOEFF= (0..95)
-148.87039 0 100 -197.59488 0 100 -216.60243 0 100 -285.11598 0 100 0 0
0 0 0 0 0 0 0 0 0 0 0 0 0 0 0 0 0 0 0 0 0 0 0 0 0 0 0 0 0 0 0 0 0 0 0 0
0 0 0 0 0 0 0 0 0 0 0 0 0 0 0 0 0 0 0 0 0 0 0 0 0 0 0 0 0 0 0 0 0 0 0 0
0 0 0 0 0 0 0 0 0 0
##$SHAPE_PARAMETER= <>
##$SHAPE_REPHFAC= 0
##$SHAPE_RES= 0
##$SHAPE_SCALEFAC= 1.00000472
##$SHAPE_SCALETYPE= 0
##$SHAPE_SPOAL= 0
##$SHAPE_SPOFFS= 0
##$SHAPE_SPOPH= 0
##$SHAPE_TOTROT= 90
##$SHAPE_TYPE= <Excitation>
##$SHAPE_USER_DEF= <>
##$SHAPE_VERSION= 2.1
##$SHL_ADDPHASE= (0..15)
0 0 0 0 0 0 0 0 0 0 0 0 0 0 0 0
##$SHL_ALIGNOFFSET= (0..15)
0 0 0 0 0 0 0 0 0 0 0 0 0 0 0 0
##$SHL_AMP= (0..15)
100 0 0 0 0 0 0 0 0 0 0 0 0 0 0 0
##$SHL_AMPFAC= (0..15)
0 0 0 0 0 0 0 0 0 0 0 0 0 0 0 0
##$SHL_BETA= (0..15)
0 0 0 0 0 0 0 0 0 0 0 0 0 0 0 0
##$SHL_BWFAC= (0..15)
1.116 0 0 0 0 0 0 0 0 0 0 0 0 0 0 0
##$SHL_CALCBW= (0..15)
yes yes yes yes yes yes yes yes yes yes yes yes yes yes yes yes
##$SHL_CALCINTEG= (0..15)
yes yes yes yes yes yes yes yes yes yes yes yes yes yes yes yes
##$SHL_CENTERAMP= (0..15)
0 0 0 0 0 0 0 0 0 0 0 0 0 0 0 0
##$SHL_CYCNUM= (0..15)
0 0 0 0 0 0 0 0 0 0 0 0 0 0 0 0
##$SHL_DIPOLCPL= (0..15)
0 0 0 0 0 0 0 0 0 0 0 0 0 0 0 0
##$SHL_ENDAMP= (0..15)
0 0 0 0 0 0 0 0 0 0 0 0 0 0 0 0
##$SHL_EXMODE= (0..15)
<Excitation> <> <> <> <> <> <> <> <> <> <> <> <> <> <> <>
##$SHL_EXPAND= (0..15)
<> <> <> <> <> <> <> <> <> <> <> <> <> <> <> <>
##$SHL_EXPANDCF0= (0..143)
0 0 0 0 0 0 0 0 0 0 0 0 0 0 0 0 0 0 0 0 0 0 0 0 0 0 0 0 0 0 0 0 0 0 0 0
0 0 0 0 0 0 0 0 0 0 0 0 0 0 0 0 0 0 0 0 0 0 0 0 0 0 0 0 0 0 0 0 0 0 0 0
0 0 0 0 0 0 0 0 0 0 0 0 0 0 0 0 0 0 0 0 0 0 0 0 0 0 0 0 0 0 0 0 0 0 0 0
0 0 0 0 0 0 0 0 0 0 0 0 0 0 0 0 0 0 0 0 0 0 0 0 0 0 0 0 0 0 0 0 0 0 0 0
##$SHL_EXPANDCF1= (0..143)
0 0 0 0 0 0 0 0 0 0 0 0 0 0 0 0 0 0 0 0 0 0 0 0 0 0 0 0 0 0 0 0 0 0 0 0
0 0 0 0 0 0 0 0 0 0 0 0 0 0 0 0 0 0 0 0 0 0 0 0 0 0 0 0 0 0 0 0 0 0 0 0
0 0 0 0 0 0 0 0 0 0 0 0 0 0 0 0 0 0 0 0 0 0 0 0 0 0 0 0 0 0 0 0 0 0 0 0
0 0 0 0 0 0 0 0 0 0 0 0 0 0 0 0 0 0 0 0 0 0 0 0 0 0 0 0 0 0 0 0 0 0 0 0
##$SHL_EXPANDCF10= (0..143)
0 0 0 0 0 0 0 0 0 0 0 0 0 0 0 0 0 0 0 0 0 0 0 0 0 0 0 0 0 0 0 0 0 0 0 0
0 0 0 0 0 0 0 0 0 0 0 0 0 0 0 0 0 0 0 0 0 0 0 0 0 0 0 0 0 0 0 0 0 0 0 0
0 0 0 0 0 0 0 0 0 0 0 0 0 0 0 0 0 0 0 0 0 0 0 0 0 0 0 0 0 0 0 0 0 0 0 0
0 0 0 0 0 0 0 0 0 0 0 0 0 0 0 0 0 0 0 0 0 0 0 0 0 0 0 0 0 0 0 0 0 0 0 0
##$SHL_EXPANDCF11= (0..143)
0 0 0 0 0 0 0 0 0 0 0 0 0 0 0 0 0 0 0 0 0 0 0 0 0 0 0 0 0 0 0 0 0 0 0 0
0 0 0 0 0 0 0 0 0 0 0 0 0 0 0 0 0 0 0 0 0 0 0 0 0 0 0 0 0 0 0 0 0 0 0 0
0 0 0 0 0 0 0 0 0 0 0 0 0 0 0 0 0 0 0 0 0 0 0 0 0 0 0 0 0 0 0 0 0 0 0 0
0 0 0 0 0 0 0 0 0 0 0 0 0 0 0 0 0 0 0 0 0 0 0 0 0 0 0 0 0 0 0 0 0 0 0 0
##$SHL_EXPANDCF12= (0..143)
0 0 0 0 0 0 0 0 0 0 0 0 0 0 0 0 0 0 0 0 0 0 0 0 0 0 0 0 0 0 0 0 0 0 0 0
0 0 0 0 0 0 0 0 0 0 0 0 0 0 0 0 0 0 0 0 0 0 0 0 0 0 0 0 0 0 0 0 0 0 0 0
0 0 0 0 0 0 0 0 0 0 0 0 0 0 0 0 0 0 0 0 0 0 0 0 0 0 0 0 0 0 0 0 0 0 0 0
0 0 0 0 0 0 0 0 0 0 0 0 0 0 0 0 0 0 0 0 0 0 0 0 0 0 0 0 0 0 0 0 0 0 0 0
##$SHL_EXPANDCF13= (0..143)
0 0 0 0 0 0 0 0 0 0 0 0 0 0 0 0 0 0 0 0 0 0 0 0 0 0 0 0 0 0 0 0 0 0 0 0
0 0 0 0 0 0 0 0 0 0 0 0 0 0 0 0 0 0 0 0 0 0 0 0 0 0 0 0 0 0 0 0 0 0 0 0
0 0 0 0 0 0 0 0 0 0 0 0 0 0 0 0 0 0 0 0 0 0 0 0 0 0 0 0 0 0 0 0 0 0 0 0
0 0 0 0 0 0 0 0 0 0 0 0 0 0 0 0 0 0 0 0 0 0 0 0 0 0 0 0 0 0 0 0 0 0 0 0
##$SHL_EXPANDCF14= (0..143)
0 0 0 0 0 0 0 0 0 0 0 0 0 0 0 0 0 0 0 0 0 0 0 0 0 0 0 0 0 0 0 0 0 0 0 0
0 0 0 0 0 0 0 0 0 0 0 0 0 0 0 0 0 0 0 0 0 0 0 0 0 0 0 0 0 0 0 0 0 0 0 0
0 0 0 0 0 0 0 0 0 0 0 0 0 0 0 0 0 0 0 0 0 0 0 0 0 0 0 0 0 0 0 0 0 0 0 0
0 0 0 0 0 0 0 0 0 0 0 0 0 0 0 0 0 0 0 0 0 0 0 0 0 0 0 0 0 0 0 0 0 0 0 0
##$SHL_EXPANDCF15= (0..143)
0 0 0 0 0 0 0 0 0 0 0 0 0 0 0 0 0 0 0 0 0 0 0 0 0 0 0 0 0 0 0 0 0 0 0 0
0 0 0 0 0 0 0 0 0 0 0 0 0 0 0 0 0 0 0 0 0 0 0 0 0 0 0 0 0 0 0 0 0 0 0 0
0 0 0 0 0 0 0 0 0 0 0 0 0 0 0 0 0 0 0 0 0 0 0 0 0 0 0 0 0 0 0 0 0 0 0 0
0 0 0 0 0 0 0 0 0 0 0 0 0 0 0 0 0 0 0 0 0 0 0 0 0 0 0 0 0 0 0 0 0 0 0 0
##$SHL_EXPANDCF2= (0..143)
0 0 0 0 0 0 0 0 0 0 0 0 0 0 0 0 0 0 0 0 0 0 0 0 0 0 0 0 0 0 0 0 0 0 0 0
0 0 0 0 0 0 0 0 0 0 0 0 0 0 0 0 0 0 0 0 0 0 0 0 0 0 0 0 0 0 0 0 0 0 0 0
0 0 0 0 0 0 0 0 0 0 0 0 0 0 0 0 0 0 0 0 0 0 0 0 0 0 0 0 0 0 0 0 0 0 0 0
0 0 0 0 0 0 0 0 0 0 0 0 0 0 0 0 0 0 0 0 0 0 0 0 0 0 0 0 0 0 0 0 0 0 0 0
##$SHL_EXPANDCF3= (0..143)
0 0 0 0 0 0 0 0 0 0 0 0 0 0 0 0 0 0 0 0 0 0 0 0 0 0 0 0 0 0 0 0 0 0 0 0
0 0 0 0 0 0 0 0 0 0 0 0 0 0 0 0 0 0 0 0 0 0 0 0 0 0 0 0 0 0 0 0 0 0 0 0
0 0 0 0 0 0 0 0 0 0 0 0 0 0 0 0 0 0 0 0 0 0 0 0 0 0 0 0 0 0 0 0 0 0 0 0
0 0 0 0 0 0 0 0 0 0 0 0 0 0 0 0 0 0 0 0 0 0 0 0 0 0 0 0 0 0 0 0 0 0 0 0
##$SHL_EXPANDCF4= (0..143)
0 0 0 0 0 0 0 0 0 0 0 0 0 0 0 0 0 0 0 0 0 0 0 0 0 0 0 0 0 0 0 0 0 0 0 0
0 0 0 0 0 0 0 0 0 0 0 0 0 0 0 0 0 0 0 0 0 0 0 0 0 0 0 0 0 0 0 0 0 0 0 0
0 0 0 0 0 0 0 0 0 0 0 0 0 0 0 0 0 0 0 0 0 0 0 0 0 0 0 0 0 0 0 0 0 0 0 0
0 0 0 0 0 0 0 0 0 0 0 0 0 0 0 0 0 0 0 0 0 0 0 0 0 0 0 0 0 0 0 0 0 0 0 0
##$SHL_EXPANDCF5= (0..143)
0 0 0 0 0 0 0 0 0 0 0 0 0 0 0 0 0 0 0 0 0 0 0 0 0 0 0 0 0 0 0 0 0 0 0 0
0 0 0 0 0 0 0 0 0 0 0 0 0 0 0 0 0 0 0 0 0 0 0 0 0 0 0 0 0 0 0 0 0 0 0 0
0 0 0 0 0 0 0 0 0 0 0 0 0 0 0 0 0 0 0 0 0 0 0 0 0 0 0 0 0 0 0 0 0 0 0 0
0 0 0 0 0 0 0 0 0 0 0 0 0 0 0 0 0 0 0 0 0 0 0 0 0 0 0 0 0 0 0 0 0 0 0 0
##$SHL_EXPANDCF6= (0..143)
0 0 0 0 0 0 0 0 0 0 0 0 0 0 0 0 0 0 0 0 0 0 0 0 0 0 0 0 0 0 0 0 0 0 0 0
0 0 0 0 0 0 0 0 0 0 0 0 0 0 0 0 0 0 0 0 0 0 0 0 0 0 0 0 0 0 0 0 0 0 0 0
0 0 0 0 0 0 0 0 0 0 0 0 0 0 0 0 0 0 0 0 0 0 0 0 0 0 0 0 0 0 0 0 0 0 0 0
0 0 0 0 0 0 0 0 0 0 0 0 0 0 0 0 0 0 0 0 0 0 0 0 0 0 0 0 0 0 0 0 0 0 0 0
##$SHL_EXPANDCF7= (0..143)
0 0 0 0 0 0 0 0 0 0 0 0 0 0 0 0 0 0 0 0 0 0 0 0 0 0 0 0 0 0 0 0 0 0 0 0
0 0 0 0 0 0 0 0 0 0 0 0 0 0 0 0 0 0 0 0 0 0 0 0 0 0 0 0 0 0 0 0 0 0 0 0
0 0 0 0 0 0 0 0 0 0 0 0 0 0 0 0 0 0 0 0 0 0 0 0 0 0 0 0 0 0 0 0 0 0 0 0
0 0 0 0 0 0 0 0 0 0 0 0 0 0 0 0 0 0 0 0 0 0 0 0 0 0 0 0 0 0 0 0 0 0 0 0
##$SHL_EXPANDCF8= (0..143)
0 0 0 0 0 0 0 0 0 0 0 0 0 0 0 0 0 0 0 0 0 0 0 0 0 0 0 0 0 0 0 0 0 0 0 0
0 0 0 0 0 0 0 0 0 0 0 0 0 0 0 0 0 0 0 0 0 0 0 0 0 0 0 0 0 0 0 0 0 0 0 0
0 0 0 0 0 0 0 0 0 0 0 0 0 0 0 0 0 0 0 0 0 0 0 0 0 0 0 0 0 0 0 0 0 0 0 0
0 0 0 0 0 0 0 0 0 0 0 0 0 0 0 0 0 0 0 0 0 0 0 0 0 0 0 0 0 0 0 0 0 0 0 0
##$SHL_EXPANDCF9= (0..143)
0 0 0 0 0 0 0 0 0 0 0 0 0 0 0 0 0 0 0 0 0 0 0 0 0 0 0 0 0 0 0 0 0 0 0 0
0 0 0 0 0 0 0 0 0 0 0 0 0 0 0 0 0 0 0 0 0 0 0 0 0 0 0 0 0 0 0 0 0 0 0 0
0 0 0 0 0 0 0 0 0 0 0 0 0 0 0 0 0 0 0 0 0 0 0 0 0 0 0 0 0 0 0 0 0 0 0 0
0 0 0 0 0 0 0 0 0 0 0 0 0 0 0 0 0 0 0 0 0 0 0 0 0 0 0 0 0 0 0 0 0 0 0 0
##$SHL_EXPFAC= (0..15)
0 0 0 0 0 0 0 0 0 0 0 0 0 0 0 0
##$SHL_FRACEND= (0..15)
0 0 0 0 0 0 0 0 0 0 0 0 0 0 0 0
##$SHL_FRACORG= (0..15)
0 0 0 0 0 0 0 0 0 0 0 0 0 0 0 0
##$SHL_FRACSTART= (0..15)
0 0 0 0 0 0 0 0 0 0 0 0 0 0 0 0
##$SHL_FULLHALF= (0..15)
0 0 0 0 0 0 0 0 0 0 0 0 0 0 0 0
##$SHL_FUNCAMP= (0..15)
100 0 0 0 0 0 0 0 0 0 0 0 0 0 0 0
##$SHL_FUNCTION= (0..15)
<Rectangle> <> <> <> <> <> <> <> <> <> <> <> <> <> <> <>
##$SHL_GCO= (0..15)
<> <> <> <> <> <> <> <> <> <> <> <> <> <> <> <>
##$SHL_GCOCOEFFS0= (0..59)
0 0 0 0 0 0 0 0 0 0 0 0 0 0 0 0 0 0 0 0 0 0 0 0 0 0 0 0 0 0 0 0 0 0 0 0
0 0 0 0 0 0 0 0 0 0 0 0 0 0 0 0 0 0 0 0 0 0 0 0
##$SHL_GCOCOEFFS1= (0..59)
0 0 0 0 0 0 0 0 0 0 0 0 0 0 0 0 0 0 0 0 0 0 0 0 0 0 0 0 0 0 0 0 0 0 0 0
0 0 0 0 0 0 0 0 0 0 0 0 0 0 0 0 0 0 0 0 0 0 0 0
##$SHL_GCOCOEFFS10= (0..59)
0 0 0 0 0 0 0 0 0 0 0 0 0 0 0 0 0 0 0 0 0 0 0 0 0 0 0 0 0 0 0 0 0 0 0 0
0 0 0 0 0 0 0 0 0 0 0 0 0 0 0 0 0 0 0 0 0 0 0 0
##$SHL_GCOCOEFFS11= (0..59)
0 0 0 0 0 0 0 0 0 0 0 0 0 0 0 0 0 0 0 0 0 0 0 0 0 0 0 0 0 0 0 0 0 0 0 0
0 0 0 0 0 0 0 0 0 0 0 0 0 0 0 0 0 0 0 0 0 0 0 0
##$SHL_GCOCOEFFS12= (0..59)
0 0 0 0 0 0 0 0 0 0 0 0 0 0 0 0 0 0 0 0 0 0 0 0 0 0 0 0 0 0 0 0 0 0 0 0
0 0 0 0 0 0 0 0 0 0 0 0 0 0 0 0 0 0 0 0 0 0 0 0
##$SHL_GCOCOEFFS13= (0..59)
0 0 0 0 0 0 0 0 0 0 0 0 0 0 0 0 0 0 0 0 0 0 0 0 0 0 0 0 0 0 0 0 0 0 0 0
0 0 0 0 0 0 0 0 0 0 0 0 0 0 0 0 0 0 0 0 0 0 0 0
##$SHL_GCOCOEFFS14= (0..59)
0 0 0 0 0 0 0 0 0 0 0 0 0 0 0 0 0 0 0 0 0 0 0 0 0 0 0 0 0 0 0 0 0 0 0 0
0 0 0 0 0 0 0 0 0 0 0 0 0 0 0 0 0 0 0 0 0 0 0 0
##$SHL_GCOCOEFFS15= (0..59)
0 0 0 0 0 0 0 0 0 0 0 0 0 0 0 0 0 0 0 0 0 0 0 0 0 0 0 0 0 0 0 0 0 0 0 0
0 0 0 0 0 0 0 0 0 0 0 0 0 0 0 0 0 0 0 0 0 0 0 0
##$SHL_GCOCOEFFS2= (0..59)
0 0 0 0 0 0 0 0 0 0 0 0 0 0 0 0 0 0 0 0 0 0 0 0 0 0 0 0 0 0 0 0 0 0 0 0
0 0 0 0 0 0 0 0 0 0 0 0 0 0 0 0 0 0 0 0 0 0 0 0
##$SHL_GCOCOEFFS3= (0..59)
0 0 0 0 0 0 0 0 0 0 0 0 0 0 0 0 0 0 0 0 0 0 0 0 0 0 0 0 0 0 0 0 0 0 0 0
0 0 0 0 0 0 0 0 0 0 0 0 0 0 0 0 0 0 0 0 0 0 0 0
##$SHL_GCOCOEFFS4= (0..59)
0 0 0 0 0 0 0 0 0 0 0 0 0 0 0 0 0 0 0 0 0 0 0 0 0 0 0 0 0 0 0 0 0 0 0 0
0 0 0 0 0 0 0 0 0 0 0 0 0 0 0 0 0 0 0 0 0 0 0 0
##$SHL_GCOCOEFFS5= (0..59)
0 0 0 0 0 0 0 0 0 0 0 0 0 0 0 0 0 0 0 0 0 0 0 0 0 0 0 0 0 0 0 0 0 0 0 0
0 0 0 0 0 0 0 0 0 0 0 0 0 0 0 0 0 0 0 0 0 0 0 0
##$SHL_GCOCOEFFS6= (0..59)
0 0 0 0 0 0 0 0 0 0 0 0 0 0 0 0 0 0 0 0 0 0 0 0 0 0 0 0 0 0 0 0 0 0 0 0
0 0 0 0 0 0 0 0 0 0 0 0 0 0 0 0 0 0 0 0 0 0 0 0
##$SHL_GCOCOEFFS7= (0..59)
0 0 0 0 0 0 0 0 0 0 0 0 0 0 0 0 0 0 0 0 0 0 0 0 0 0 0 0 0 0 0 0 0 0 0 0
0 0 0 0 0 0 0 0 0 0 0 0 0 0 0 0 0 0 0 0 0 0 0 0
##$SHL_GCOCOEFFS8= (0..59)
0 0 0 0 0 0 0 0 0 0 0 0 0 0 0 0 0 0 0 0 0 0 0 0 0 0 0 0 0 0 0 0 0 0 0 0
0 0 0 0 0 0 0 0 0 0 0 0 0 0 0 0 0 0 0 0 0 0 0 0
##$SHL_GCOCOEFFS9= (0..59)
0 0 0 0 0 0 0 0 0 0 0 0 0 0 0 0 0 0 0 0 0 0 0 0 0 0 0 0 0 0 0 0 0 0 0 0
0 0 0 0 0 0 0 0 0 0 0 0 0 0 0 0 0 0 0 0 0 0 0 0
##$SHL_INTEGFAC= (0..15)
1 0 0 0 0 0 0 0 0 0 0 0 0 0 0 0
##$SHL_LB= (0..15)
0 0 0 0 0 0 0 0 0 0 0 0 0 0 0 0
##$SHL_LEFTLIMIT= (0..15)
0 0 0 0 0 0 0 0 0 0 0 0 0 0 0 0
##$SHL_LENGTH= (0..15)
25000.000373 0 0 0 0 0 0 0 0 0 0 0 0 0 0 0
##$SHL_MAN= (0..15)
<> <> <> <> <> <> <> <> <> <> <> <> <> <> <> <>
##$SHL_MEANAMP= (0..15)
0 0 0 0 0 0 0 0 0 0 0 0 0 0 0 0
##$SHL_MODAMP= (0..15)
0 0 0 0 0 0 0 0 0 0 0 0 0 0 0 0
##$SHL_MODE= (0..15)
0 0 0 0 0 0 0 0 0 0 0 0 0 0 0 0
##$SHL_MODFREQ= (0..15)
0 0 0 0 0 0 0 0 0 0 0 0 0 0 0 0
##$SHL_MODPHASE= (0..15)
0 0 0 0 0 0 0 0 0 0 0 0 0 0 0 0
##$SHL_MODSCALE= (0..15)
0 0 0 0 0 0 0 0 0 0 0 0 0 0 0 0
##$SHL_MODSW= (0..15)
0 0 0 0 0 0 0 0 0 0 0 0 0 0 0 0
##$SHL_MODSWDIR= (0..15)
-1 -1 -1 -1 -1 -1 -1 -1 -1 -1 -1 -1 -1 -1 -1 -1
##$SHL_MU= (0..15)
0 0 0 0 0 0 0 0 0 0 0 0 0 0 0 0
##$SHL_NPOINTS= (0..15)
1250 0 0 0 0 0 0 0 0 0 0 0 0 0 0 0
##$SHL_OFFS= (0..15)
<> <> <> <> <> <> <> <> <> <> <> <> <> <> <> <>
##$SHL_OFFSCOEFF0= (0..95)
0 0 0 0 0 0 0 0 0 0 0 0 0 0 0 0 0 0 0 0 0 0 0 0 0 0 0 0 0 0 0 0 0 0 0 0
0 0 0 0 0 0 0 0 0 0 0 0 0 0 0 0 0 0 0 0 0 0 0 0 0 0 0 0 0 0 0 0 0 0 0 0
0 0 0 0 0 0 0 0 0 0 0 0 0 0 0 0 0 0 0 0 0 0 0 0
##$SHL_OFFSCOEFF1= (0..95)
0 0 0 0 0 0 0 0 0 0 0 0 0 0 0 0 0 0 0 0 0 0 0 0 0 0 0 0 0 0 0 0 0 0 0 0
0 0 0 0 0 0 0 0 0 0 0 0 0 0 0 0 0 0 0 0 0 0 0 0 0 0 0 0 0 0 0 0 0 0 0 0
0 0 0 0 0 0 0 0 0 0 0 0 0 0 0 0 0 0 0 0 0 0 0 0
##$SHL_OFFSCOEFF10= (0..95)
0 0 0 0 0 0 0 0 0 0 0 0 0 0 0 0 0 0 0 0 0 0 0 0 0 0 0 0 0 0 0 0 0 0 0 0
0 0 0 0 0 0 0 0 0 0 0 0 0 0 0 0 0 0 0 0 0 0 0 0 0 0 0 0 0 0 0 0 0 0 0 0
0 0 0 0 0 0 0 0 0 0 0 0 0 0 0 0 0 0 0 0 0 0 0 0
##$SHL_OFFSCOEFF11= (0..95)
0 0 0 0 0 0 0 0 0 0 0 0 0 0 0 0 0 0 0 0 0 0 0 0 0 0 0 0 0 0 0 0 0 0 0 0
0 0 0 0 0 0 0 0 0 0 0 0 0 0 0 0 0 0 0 0 0 0 0 0 0 0 0 0 0 0 0 0 0 0 0 0
0 0 0 0 0 0 0 0 0 0 0 0 0 0 0 0 0 0 0 0 0 0 0 0
##$SHL_OFFSCOEFF12= (0..95)
0 0 0 0 0 0 0 0 0 0 0 0 0 0 0 0 0 0 0 0 0 0 0 0 0 0 0 0 0 0 0 0 0 0 0 0
0 0 0 0 0 0 0 0 0 0 0 0 0 0 0 0 0 0 0 0 0 0 0 0 0 0 0 0 0 0 0 0 0 0 0 0
0 0 0 0 0 0 0 0 0 0 0 0 0 0 0 0 0 0 0 0 0 0 0 0
##$SHL_OFFSCOEFF13= (0..95)
0 0 0 0 0 0 0 0 0 0 0 0 0 0 0 0 0 0 0 0 0 0 0 0 0 0 0 0 0 0 0 0 0 0 0 0
0 0 0 0 0 0 0 0 0 0 0 0 0 0 0 0 0 0 0 0 0 0 0 0 0 0 0 0 0 0 0 0 0 0 0 0
0 0 0 0 0 0 0 0 0 0 0 0 0 0 0 0 0 0 0 0 0 0 0 0
##$SHL_OFFSCOEFF14= (0..95)
0 0 0 0 0 0 0 0 0 0 0 0 0 0 0 0 0 0 0 0 0 0 0 0 0 0 0 0 0 0 0 0 0 0 0 0
0 0 0 0 0 0 0 0 0 0 0 0 0 0 0 0 0 0 0 0 0 0 0 0 0 0 0 0 0 0 0 0 0 0 0 0
0 0 0 0 0 0 0 0 0 0 0 0 0 0 0 0 0 0 0 0 0 0 0 0
##$SHL_OFFSCOEFF15= (0..95)
0 0 0 0 0 0 0 0 0 0 0 0 0 0 0 0 0 0 0 0 0 0 0 0 0 0 0 0 0 0 0 0 0 0 0 0
0 0 0 0 0 0 0 0 0 0 0 0 0 0 0 0 0 0 0 0 0 0 0 0 0 0 0 0 0 0 0 0 0 0 0 0
0 0 0 0 0 0 0 0 0 0 0 0 0 0 0 0 0 0 0 0 0 0 0 0
##$SHL_OFFSCOEFF2= (0..95)
0 0 0 0 0 0 0 0 0 0 0 0 0 0 0 0 0 0 0 0 0 0 0 0 0 0 0 0 0 0 0 0 0 0 0 0
0 0 0 0 0 0 0 0 0 0 0 0 0 0 0 0 0 0 0 0 0 0 0 0 0 0 0 0 0 0 0 0 0 0 0 0
0 0 0 0 0 0 0 0 0 0 0 0 0 0 0 0 0 0 0 0 0 0 0 0
##$SHL_OFFSCOEFF3= (0..95)
0 0 0 0 0 0 0 0 0 0 0 0 0 0 0 0 0 0 0 0 0 0 0 0 0 0 0 0 0 0 0 0 0 0 0 0
0 0 0 0 0 0 0 0 0 0 0 0 0 0 0 0 0 0 0 0 0 0 0 0 0 0 0 0 0 0 0 0 0 0 0 0
0 0 0 0 0 0 0 0 0 0 0 0 0 0 0 0 0 0 0 0 0 0 0 0
##$SHL_OFFSCOEFF4= (0..95)
0 0 0 0 0 0 0 0 0 0 0 0 0 0 0 0 0 0 0 0 0 0 0 0 0 0 0 0 0 0 0 0 0 0 0 0
0 0 0 0 0 0 0 0 0 0 0 0 0 0 0 0 0 0 0 0 0 0 0 0 0 0 0 0 0 0 0 0 0 0 0 0
0 0 0 0 0 0 0 0 0 0 0 0 0 0 0 0 0 0 0 0 0 0 0 0
##$SHL_OFFSCOEFF5= (0..95)
0 0 0 0 0 0 0 0 0 0 0 0 0 0 0 0 0 0 0 0 0 0 0 0 0 0 0 0 0 0 0 0 0 0 0 0
0 0 0 0 0 0 0 0 0 0 0 0 0 0 0 0 0 0 0 0 0 0 0 0 0 0 0 0 0 0 0 0 0 0 0 0
0 0 0 0 0 0 0 0 0 0 0 0 0 0 0 0 0 0 0 0 0 0 0 0
##$SHL_OFFSCOEFF6= (0..95)
0 0 0 0 0 0 0 0 0 0 0 0 0 0 0 0 0 0 0 0 0 0 0 0 0 0 0 0 0 0 0 0 0 0 0 0
0 0 0 0 0 0 0 0 0 0 0 0 0 0 0 0 0 0 0 0 0 0 0 0 0 0 0 0 0 0 0 0 0 0 0 0
0 0 0 0 0 0 0 0 0 0 0 0 0 0 0 0 0 0 0 0 0 0 0 0
##$SHL_OFFSCOEFF7= (0..95)
0 0 0 0 0 0 0 0 0 0 0 0 0 0 0 0 0 0 0 0 0 0 0 0 0 0 0 0 0 0 0 0 0 0 0 0
0 0 0 0 0 0 0 0 0 0 0 0 0 0 0 0 0 0 0 0 0 0 0 0 0 0 0 0 0 0 0 0 0 0 0 0
0 0 0 0 0 0 0 0 0 0 0 0 0 0 0 0 0 0 0 0 0 0 0 0
##$SHL_OFFSCOEFF8= (0..95)
0 0 0 0 0 0 0 0 0 0 0 0 0 0 0 0 0 0 0 0 0 0 0 0 0 0 0 0 0 0 0 0 0 0 0 0
0 0 0 0 0 0 0 0 0 0 0 0 0 0 0 0 0 0 0 0 0 0 0 0 0 0 0 0 0 0 0 0 0 0 0 0
0 0 0 0 0 0 0 0 0 0 0 0 0 0 0 0 0 0 0 0 0 0 0 0
##$SHL_OFFSCOEFF9= (0..95)
0 0 0 0 0 0 0 0 0 0 0 0 0 0 0 0 0 0 0 0 0 0 0 0 0 0 0 0 0 0 0 0 0 0 0 0
0 0 0 0 0 0 0 0 0 0 0 0 0 0 0 0 0 0 0 0 0 0 0 0 0 0 0 0 0 0 0 0 0 0 0 0
0 0 0 0 0 0 0 0 0 0 0 0 0 0 0 0 0 0 0 0 0 0 0 0
##$SHL_PHASE= (0..15)
0 0 0 0 0 0 0 0 0 0 0 0 0 0 0 0
##$SHL_PHASEFAC= (0..15)
0 0 0 0 0 0 0 0 0 0 0 0 0 0 0 0
##$SHL_POWERINDEX= (0..15)
0 0 0 0 0 0 0 0 0 0 0 0 0 0 0 0
##$SHL_QUADCOEFF= (0..15)
0 0 0 0 0 0 0 0 0 0 0 0 0 0 0 0
##$SHL_RIGHTLIMIT= (0..15)
0 0 0 0 0 0 0 0 0 0 0 0 0 0 0 0
##$SHL_SCALEFACTOR= (0..15)
1 1 1 1 1 1 1 1 1 1 1 1 1 1 1 1
##$SHL_SF= (0..15)
<> <> <> <> <> <> <> <> <> <> <> <> <> <> <> <>
##$SHL_SFCOEFFS0= (0..200)
0 0 0 0 0 0 0 0 0 0 0 0 0 0 0 0 0 0 0 0 0 0 0 0 0 0 0 0 0 0 0 0 0 0 0 0
0 0 0 0 0 0 0 0 0 0 0 0 0 0 0 0 0 0 0 0 0 0 0 0 0 0 0 0 0 0 0 0 0 0 0 0
0 0 0 0 0 0 0 0 0 0 0 0 0 0 0 0 0 0 0 0 0 0 0 0 0 0 0 0 0 0 0 0 0 0 0 0
0 0 0 0 0 0 0 0 0 0 0 0 0 0 0 0 0 0 0 0 0 0 0 0 0 0 0 0 0 0 0 0 0 0 0 0
0 0 0 0 0 0 0 0 0 0 0 0 0 0 0 0 0 0 0 0 0 0 0 0 0 0 0 0 0 0 0 0 0 0 0 0
0 0 0 0 0 0 0 0 0 0 0 0 0 0 0 0 0 0 0 0 0
##$SHL_SFCOEFFS1= (0..200)
0 0 0 0 0 0 0 0 0 0 0 0 0 0 0 0 0 0 0 0 0 0 0 0 0 0 0 0 0 0 0 0 0 0 0 0
0 0 0 0 0 0 0 0 0 0 0 0 0 0 0 0 0 0 0 0 0 0 0 0 0 0 0 0 0 0 0 0 0 0 0 0
0 0 0 0 0 0 0 0 0 0 0 0 0 0 0 0 0 0 0 0 0 0 0 0 0 0 0 0 0 0 0 0 0 0 0 0
0 0 0 0 0 0 0 0 0 0 0 0 0 0 0 0 0 0 0 0 0 0 0 0 0 0 0 0 0 0 0 0 0 0 0 0
0 0 0 0 0 0 0 0 0 0 0 0 0 0 0 0 0 0 0 0 0 0 0 0 0 0 0 0 0 0 0 0 0 0 0 0
0 0 0 0 0 0 0 0 0 0 0 0 0 0 0 0 0 0 0 0 0
##$SHL_SFCOEFFS10= (0..200)
0 0 0 0 0 0 0 0 0 0 0 0 0 0 0 0 0 0 0 0 0 0 0 0 0 0 0 0 0 0 0 0 0 0 0 0
0 0 0 0 0 0 0 0 0 0 0 0 0 0 0 0 0 0 0 0 0 0 0 0 0 0 0 0 0 0 0 0 0 0 0 0
0 0 0 0 0 0 0 0 0 0 0 0 0 0 0 0 0 0 0 0 0 0 0 0 0 0 0 0 0 0 0 0 0 0 0 0
0 0 0 0 0 0 0 0 0 0 0 0 0 0 0 0 0 0 0 0 0 0 0 0 0 0 0 0 0 0 0 0 0 0 0 0
0 0 0 0 0 0 0 0 0 0 0 0 0 0 0 0 0 0 0 0 0 0 0 0 0 0 0 0 0 0 0 0 0 0 0 0
0 0 0 0 0 0 0 0 0 0 0 0 0 0 0 0 0 0 0 0 0
##$SHL_SFCOEFFS11= (0..200)
0 0 0 0 0 0 0 0 0 0 0 0 0 0 0 0 0 0 0 0 0 0 0 0 0 0 0 0 0 0 0 0 0 0 0 0
0 0 0 0 0 0 0 0 0 0 0 0 0 0 0 0 0 0 0 0 0 0 0 0 0 0 0 0 0 0 0 0 0 0 0 0
0 0 0 0 0 0 0 0 0 0 0 0 0 0 0 0 0 0 0 0 0 0 0 0 0 0 0 0 0 0 0 0 0 0 0 0
0 0 0 0 0 0 0 0 0 0 0 0 0 0 0 0 0 0 0 0 0 0 0 0 0 0 0 0 0 0 0 0 0 0 0 0
0 0 0 0 0 0 0 0 0 0 0 0 0 0 0 0 0 0 0 0 0 0 0 0 0 0 0 0 0 0 0 0 0 0 0 0
0 0 0 0 0 0 0 0 0 0 0 0 0 0 0 0 0 0 0 0 0
##$SHL_SFCOEFFS12= (0..200)
0 0 0 0 0 0 0 0 0 0 0 0 0 0 0 0 0 0 0 0 0 0 0 0 0 0 0 0 0 0 0 0 0 0 0 0
0 0 0 0 0 0 0 0 0 0 0 0 0 0 0 0 0 0 0 0 0 0 0 0 0 0 0 0 0 0 0 0 0 0 0 0
0 0 0 0 0 0 0 0 0 0 0 0 0 0 0 0 0 0 0 0 0 0 0 0 0 0 0 0 0 0 0 0 0 0 0 0
0 0 0 0 0 0 0 0 0 0 0 0 0 0 0 0 0 0 0 0 0 0 0 0 0 0 0 0 0 0 0 0 0 0 0 0
0 0 0 0 0 0 0 0 0 0 0 0 0 0 0 0 0 0 0 0 0 0 0 0 0 0 0 0 0 0 0 0 0 0 0 0
0 0 0 0 0 0 0 0 0 0 0 0 0 0 0 0 0 0 0 0 0
##$SHL_SFCOEFFS13= (0..200)
0 0 0 0 0 0 0 0 0 0 0 0 0 0 0 0 0 0 0 0 0 0 0 0 0 0 0 0 0 0 0 0 0 0 0 0
0 0 0 0 0 0 0 0 0 0 0 0 0 0 0 0 0 0 0 0 0 0 0 0 0 0 0 0 0 0 0 0 0 0 0 0
0 0 0 0 0 0 0 0 0 0 0 0 0 0 0 0 0 0 0 0 0 0 0 0 0 0 0 0 0 0 0 0 0 0 0 0
0 0 0 0 0 0 0 0 0 0 0 0 0 0 0 0 0 0 0 0 0 0 0 0 0 0 0 0 0 0 0 0 0 0 0 0
0 0 0 0 0 0 0 0 0 0 0 0 0 0 0 0 0 0 0 0 0 0 0 0 0 0 0 0 0 0 0 0 0 0 0 0
0 0 0 0 0 0 0 0 0 0 0 0 0 0 0 0 0 0 0 0 0
##$SHL_SFCOEFFS14= (0..200)
0 0 0 0 0 0 0 0 0 0 0 0 0 0 0 0 0 0 0 0 0 0 0 0 0 0 0 0 0 0 0 0 0 0 0 0
0 0 0 0 0 0 0 0 0 0 0 0 0 0 0 0 0 0 0 0 0 0 0 0 0 0 0 0 0 0 0 0 0 0 0 0
0 0 0 0 0 0 0 0 0 0 0 0 0 0 0 0 0 0 0 0 0 0 0 0 0 0 0 0 0 0 0 0 0 0 0 0
0 0 0 0 0 0 0 0 0 0 0 0 0 0 0 0 0 0 0 0 0 0 0 0 0 0 0 0 0 0 0 0 0 0 0 0
0 0 0 0 0 0 0 0 0 0 0 0 0 0 0 0 0 0 0 0 0 0 0 0 0 0 0 0 0 0 0 0 0 0 0 0
0 0 0 0 0 0 0 0 0 0 0 0 0 0 0 0 0 0 0 0 0
##$SHL_SFCOEFFS15= (0..200)
0 0 0 0 0 0 0 0 0 0 0 0 0 0 0 0 0 0 0 0 0 0 0 0 0 0 0 0 0 0 0 0 0 0 0 0
0 0 0 0 0 0 0 0 0 0 0 0 0 0 0 0 0 0 0 0 0 0 0 0 0 0 0 0 0 0 0 0 0 0 0 0
0 0 0 0 0 0 0 0 0 0 0 0 0 0 0 0 0 0 0 0 0 0 0 0 0 0 0 0 0 0 0 0 0 0 0 0
0 0 0 0 0 0 0 0 0 0 0 0 0 0 0 0 0 0 0 0 0 0 0 0 0 0 0 0 0 0 0 0 0 0 0 0
0 0 0 0 0 0 0 0 0 0 0 0 0 0 0 0 0 0 0 0 0 0 0 0 0 0 0 0 0 0 0 0 0 0 0 0
0 0 0 0 0 0 0 0 0 0 0 0 0 0 0 0 0 0 0 0 0
##$SHL_SFCOEFFS2= (0..200)
0 0 0 0 0 0 0 0 0 0 0 0 0 0 0 0 0 0 0 0 0 0 0 0 0 0 0 0 0 0 0 0 0 0 0 0
0 0 0 0 0 0 0 0 0 0 0 0 0 0 0 0 0 0 0 0 0 0 0 0 0 0 0 0 0 0 0 0 0 0 0 0
0 0 0 0 0 0 0 0 0 0 0 0 0 0 0 0 0 0 0 0 0 0 0 0 0 0 0 0 0 0 0 0 0 0 0 0
0 0 0 0 0 0 0 0 0 0 0 0 0 0 0 0 0 0 0 0 0 0 0 0 0 0 0 0 0 0 0 0 0 0 0 0
0 0 0 0 0 0 0 0 0 0 0 0 0 0 0 0 0 0 0 0 0 0 0 0 0 0 0 0 0 0 0 0 0 0 0 0
0 0 0 0 0 0 0 0 0 0 0 0 0 0 0 0 0 0 0 0 0
##$SHL_SFCOEFFS3= (0..200)
0 0 0 0 0 0 0 0 0 0 0 0 0 0 0 0 0 0 0 0 0 0 0 0 0 0 0 0 0 0 0 0 0 0 0 0
0 0 0 0 0 0 0 0 0 0 0 0 0 0 0 0 0 0 0 0 0 0 0 0 0 0 0 0 0 0 0 0 0 0 0 0
0 0 0 0 0 0 0 0 0 0 0 0 0 0 0 0 0 0 0 0 0 0 0 0 0 0 0 0 0 0 0 0 0 0 0 0
0 0 0 0 0 0 0 0 0 0 0 0 0 0 0 0 0 0 0 0 0 0 0 0 0 0 0 0 0 0 0 0 0 0 0 0
0 0 0 0 0 0 0 0 0 0 0 0 0 0 0 0 0 0 0 0 0 0 0 0 0 0 0 0 0 0 0 0 0 0 0 0
0 0 0 0 0 0 0 0 0 0 0 0 0 0 0 0 0 0 0 0 0
##$SHL_SFCOEFFS4= (0..200)
0 0 0 0 0 0 0 0 0 0 0 0 0 0 0 0 0 0 0 0 0 0 0 0 0 0 0 0 0 0 0 0 0 0 0 0
0 0 0 0 0 0 0 0 0 0 0 0 0 0 0 0 0 0 0 0 0 0 0 0 0 0 0 0 0 0 0 0 0 0 0 0
0 0 0 0 0 0 0 0 0 0 0 0 0 0 0 0 0 0 0 0 0 0 0 0 0 0 0 0 0 0 0 0 0 0 0 0
0 0 0 0 0 0 0 0 0 0 0 0 0 0 0 0 0 0 0 0 0 0 0 0 0 0 0 0 0 0 0 0 0 0 0 0
0 0 0 0 0 0 0 0 0 0 0 0 0 0 0 0 0 0 0 0 0 0 0 0 0 0 0 0 0 0 0 0 0 0 0 0
0 0 0 0 0 0 0 0 0 0 0 0 0 0 0 0 0 0 0 0 0
##$SHL_SFCOEFFS5= (0..200)
0 0 0 0 0 0 0 0 0 0 0 0 0 0 0 0 0 0 0 0 0 0 0 0 0 0 0 0 0 0 0 0 0 0 0 0
0 0 0 0 0 0 0 0 0 0 0 0 0 0 0 0 0 0 0 0 0 0 0 0 0 0 0 0 0 0 0 0 0 0 0 0
0 0 0 0 0 0 0 0 0 0 0 0 0 0 0 0 0 0 0 0 0 0 0 0 0 0 0 0 0 0 0 0 0 0 0 0
0 0 0 0 0 0 0 0 0 0 0 0 0 0 0 0 0 0 0 0 0 0 0 0 0 0 0 0 0 0 0 0 0 0 0 0
0 0 0 0 0 0 0 0 0 0 0 0 0 0 0 0 0 0 0 0 0 0 0 0 0 0 0 0 0 0 0 0 0 0 0 0
0 0 0 0 0 0 0 0 0 0 0 0 0 0 0 0 0 0 0 0 0
##$SHL_SFCOEFFS6= (0..200)
0 0 0 0 0 0 0 0 0 0 0 0 0 0 0 0 0 0 0 0 0 0 0 0 0 0 0 0 0 0 0 0 0 0 0 0
0 0 0 0 0 0 0 0 0 0 0 0 0 0 0 0 0 0 0 0 0 0 0 0 0 0 0 0 0 0 0 0 0 0 0 0
0 0 0 0 0 0 0 0 0 0 0 0 0 0 0 0 0 0 0 0 0 0 0 0 0 0 0 0 0 0 0 0 0 0 0 0
0 0 0 0 0 0 0 0 0 0 0 0 0 0 0 0 0 0 0 0 0 0 0 0 0 0 0 0 0 0 0 0 0 0 0 0
0 0 0 0 0 0 0 0 0 0 0 0 0 0 0 0 0 0 0 0 0 0 0 0 0 0 0 0 0 0 0 0 0 0 0 0
0 0 0 0 0 0 0 0 0 0 0 0 0 0 0 0 0 0 0 0 0
##$SHL_SFCOEFFS7= (0..200)
0 0 0 0 0 0 0 0 0 0 0 0 0 0 0 0 0 0 0 0 0 0 0 0 0 0 0 0 0 0 0 0 0 0 0 0
0 0 0 0 0 0 0 0 0 0 0 0 0 0 0 0 0 0 0 0 0 0 0 0 0 0 0 0 0 0 0 0 0 0 0 0
0 0 0 0 0 0 0 0 0 0 0 0 0 0 0 0 0 0 0 0 0 0 0 0 0 0 0 0 0 0 0 0 0 0 0 0
0 0 0 0 0 0 0 0 0 0 0 0 0 0 0 0 0 0 0 0 0 0 0 0 0 0 0 0 0 0 0 0 0 0 0 0
0 0 0 0 0 0 0 0 0 0 0 0 0 0 0 0 0 0 0 0 0 0 0 0 0 0 0 0 0 0 0 0 0 0 0 0
0 0 0 0 0 0 0 0 0 0 0 0 0 0 0 0 0 0 0 0 0
##$SHL_SFCOEFFS8= (0..200)
0 0 0 0 0 0 0 0 0 0 0 0 0 0 0 0 0 0 0 0 0 0 0 0 0 0 0 0 0 0 0 0 0 0 0 0
0 0 0 0 0 0 0 0 0 0 0 0 0 0 0 0 0 0 0 0 0 0 0 0 0 0 0 0 0 0 0 0 0 0 0 0
0 0 0 0 0 0 0 0 0 0 0 0 0 0 0 0 0 0 0 0 0 0 0 0 0 0 0 0 0 0 0 0 0 0 0 0
0 0 0 0 0 0 0 0 0 0 0 0 0 0 0 0 0 0 0 0 0 0 0 0 0 0 0 0 0 0 0 0 0 0 0 0
0 0 0 0 0 0 0 0 0 0 0 0 0 0 0 0 0 0 0 0 0 0 0 0 0 0 0 0 0 0 0 0 0 0 0 0
0 0 0 0 0 0 0 0 0 0 0 0 0 0 0 0 0 0 0 0 0
##$SHL_SFCOEFFS9= (0..200)
0 0 0 0 0 0 0 0 0 0 0 0 0 0 0 0 0 0 0 0 0 0 0 0 0 0 0 0 0 0 0 0 0 0 0 0
0 0 0 0 0 0 0 0 0 0 0 0 0 0 0 0 0 0 0 0 0 0 0 0 0 0 0 0 0 0 0 0 0 0 0 0
0 0 0 0 0 0 0 0 0 0 0 0 0 0 0 0 0 0 0 0 0 0 0 0 0 0 0 0 0 0 0 0 0 0 0 0
0 0 0 0 0 0 0 0 0 0 0 0 0 0 0 0 0 0 0 0 0 0 0 0 0 0 0 0 0 0 0 0 0 0 0 0
0 0 0 0 0 0 0 0 0 0 0 0 0 0 0 0 0 0 0 0 0 0 0 0 0 0 0 0 0 0 0 0 0 0 0 0
0 0 0 0 0 0 0 0 0 0 0 0 0 0 0 0 0 0 0 0 0
##$SHL_SMOOTHED= (0..15)
0 0 0 0 0 0 0 0 0 0 0 0 0 0 0 0
##$SHL_SMOOTHING= (0..15)
0 0 0 0 0 0 0 0 0 0 0 0 0 0 0 0
##$SHL_SPOAL= (0..15)
0 0 0 0 0 0 0 0 0 0 0 0 0 0 0 0
##$SHL_SPOFFS= (0..15)
0 0 0 0 0 0 0 0 0 0 0 0 0 0 0 0
##$SHL_SPOPH= (0..15)
0 0 0 0 0 0 0 0 0 0 0 0 0 0 0 0
##$SHL_STARTAMP= (0..15)
0 0 0 0 0 0 0 0 0 0 0 0 0 0 0 0
##$SHL_SW= (0..15)
0 0 0 0 0 0 0 0 0 0 0 0 0 0 0 0
##$SHL_SWDIR= (0..15)
-1 -1 -1 -1 -1 -1 -1 -1 -1 -1 -1 -1 -1 -1 -1 -1
##$SHL_TANKAPPA= (0..15)
0 0 0 0 0 0 0 0 0 0 0 0 0 0 0 0
##$SHL_TOTROT= (0..15)
90 0 0 0 0 0 0 0 0 0 0 0 0 0 0 0
##$SHL_TRUNCLEV= (0..15)
0 0 0 0 0 0 0 0 0 0 0 0 0 0 0 0
##$SHL_TYPE= (0..15)
<Excitation> <> <> <> <> <> <> <> <> <> <> <> <> <> <> <>
##$SHL_WINDOWSIZE= (0..15)
0 0 0 0 0 0 0 0 0 0 0 0 0 0 0 0
##$SHL_ZETA= (0..15)
0 0 0 0 0 0 0 0 0 0 0 0 0 0 0 0
##NPOINTS= 1250
##XYPOINTS= (XY..XY)
61.454480, 129.070686
61.193910, 130.741215
60.931548, 132.413398
60.667422, 134.087254
60.401563, 135.762807
60.134002, 137.440078
59.864770, 139.119091
59.593898, 140.799868
59.321417, 142.482433
59.047359, 144.166811
58.771756, 145.853025
58.494640, 147.541101
58.216044, 149.231065
57.936000, 150.922942
57.654541, 152.616759
57.371701, 154.312543
57.087512, 156.010320
56.802009, 157.710121
56.515226, 159.411971
56.227197, 161.115902
55.937956, 162.821942
55.647539, 164.530121
55.355980, 166.240470
55.063314, 167.953020
54.769578, 169.667803
54.474807, 171.384851
54.179037, 173.104197
53.882304, 174.825874
53.584646, 176.549917
53.286099, 178.276360
52.986701, 180.005238
52.686489, 181.736588
52.385500, 183.470445
52.083773, 185.206846
51.781346, 186.945830
51.478258, 188.687435
51.174547, 190.431699
50.870253, 192.178663
50.565415, 193.928366
50.260073, 195.680850
49.954266, 197.436155
49.648036, 199.194325
49.341422, 200.955401
49.034466, 202.719428
48.727208, 204.486450
48.419690, 206.256511
48.111954, 208.029657
47.804042, 209.805934
47.495996, 211.585390
47.187858, 213.368070
46.879672, 215.154025
46.571481, 216.943301
46.263328, 218.735950
45.955257, 220.532020
45.647312, 222.331562
45.339538, 224.134629
45.031979, 225.941271
44.724679, 227.751541
44.417686, 229.565492
44.111043, 231.383179
43.804797, 233.204654
43.498994, 235.029972
43.193681, 236.859190
42.888903, 238.692362
42.584709, 240.529545
42.281146, 242.370795
41.978261, 244.216170
41.676102, 246.065725
41.374718, 247.919520
41.074157, 249.777612
40.774467, 251.640058
40.475699, 253.506918
40.177900, 255.378250
39.881122, 257.254112
39.585412, 259.134563
39.290823, 261.019662
38.997404, 262.909466
38.705206, 264.804035
38.414280, 266.703426
38.124676, 268.607696
37.836446, 270.516904
37.549642, 272.431106
37.264315, 274.350358
36.980518, 276.274716
36.698301, 278.204234
36.417719, 280.138967
36.138822, 282.078967
35.861663, 284.024286
35.586295, 285.974975
35.312771, 287.931082
35.041143, 289.892655
34.771464, 291.859741
34.503787, 293.832382
34.238165, 295.810622
33.974650, 297.794500
33.713295, 299.784055
33.454153, 301.779320
33.197276, 303.780330
32.942717, 305.787113
32.690527, 307.799697
32.440759, 309.818104
32.193464, 311.842357
31.948694, 313.872470
31.706499, 315.908456
31.466931, 317.950325
31.230038, 319.998082
30.995872, 322.051725
30.764480, 324.111251
30.535912, 326.176651
30.310215, 328.247909
30.087437, 330.325007
29.867623, 332.407919
29.650820, 334.496614
29.437072, 336.591056
29.226423, 338.691202
29.018914, 340.797002
28.814589, 342.908401
28.613487, 345.025336
28.415647, 347.147740
28.221108, 349.275535
28.029905, 351.408639
27.842074, 353.546961
27.657649, 355.690403
27.476661, 357.838861
27.299140, 359.992222
27.125115, 2.150365
26.954613, 4.313162
26.787659, 6.480479
26.624275, 8.652171
26.464481, 10.828089
26.308298, 13.008073
26.155741, 15.191959
26.006825, 17.379572
25.861562, 19.570733
25.719960, 21.765254
25.582029, 23.962940
25.447772, 26.163591
25.317192, 28.366999
25.190288, 30.572950
25.067058, 32.781225
24.947496, 34.991598
24.831594, 37.203839
24.719342, 39.417713
24.610725, 41.632979
24.505728, 43.849395
24.404332, 46.066712
24.306515, 48.284679
24.212253, 50.503044
24.121519, 52.721550
24.034283, 54.939939
23.950514, 57.157954
23.870175, 59.375332
23.793229, 61.591816
23.719637, 63.807144
23.649355, 66.021057
23.582339, 68.233298
23.518542, 70.443608
23.457912, 72.651735
23.400400, 74.857425
23.345949, 77.060431
23.294505, 79.260506
23.246009, 81.457409
23.200400, 83.650902
23.157616, 85.840753
23.117594, 88.026733
23.080269, 90.208621
23.045572, 92.386199
23.013436, 94.559257
22.983791, 96.727589
22.956566, 98.890996
22.931688, 101.049288
22.909084, 103.202278
22.888680, 105.349788
22.870401, 107.491646
22.854171, 109.627689
22.839913, 111.757758
22.827550, 113.881704
22.817005, 115.999383
22.808201, 118.110660
22.801058, 120.215406
22.795498, 122.313499
22.791444, 124.404824
22.788817, 126.489275
22.787539, 128.566749
22.787531, 130.637152
22.788715, 132.700396
22.791015, 134.756401
22.794353, 136.805089
22.798653, 138.846393
22.803837, 140.880248
22.809832, 142.906597
22.816561, 144.925387
22.823951, 146.936570
22.831928, 148.940104
22.840420, 150.935953
22.849355, 152.924081
22.858662, 154.904461
22.868272, 156.877068
22.878114, 158.841882
22.888122, 160.798884
22.898229, 162.748060
22.908368, 164.689401
22.918475, 166.622899
22.928487, 168.548548
22.938340, 170.466345
22.947975, 172.376292
22.957330, 174.278388
22.966348, 176.172639
22.974969, 178.059050
22.983139, 179.937627
22.990802, 181.808379
22.997903, 183.671315
23.004391, 185.526445
23.010215, 187.373781
23.015323, 189.213333
23.019668, 191.045115
23.023202, 192.869137
23.025879, 194.685413
23.027654, 196.493954
23.028483, 198.294774
23.028325, 200.087882
23.027139, 201.873292
23.024884, 203.651013
23.021523, 205.421055
23.017019, 207.183427
23.011337, 208.938138
23.004441, 210.685194
22.996299, 212.424601
22.986879, 214.156364
22.976152, 215.880484
22.964087, 217.596964
22.950658, 219.305804
22.935838, 221.007001
22.919601, 222.700551
22.901925, 224.386449
22.882786, 226.064687
22.862164, 227.735255
22.840040, 229.398141
22.816393, 231.053330
22.791209, 232.700806
22.764470, 234.340549
22.736163, 235.972539
22.706274, 237.596749
22.674793, 239.213154
22.641708, 240.821723
22.607011, 242.422424
22.570694, 244.015221
22.532752, 245.600076
22.493179, 247.176946
22.451973, 248.745788
22.409132, 250.306552
22.364654, 251.859188
22.318543, 253.403641
22.270799, 254.939853
22.221428, 256.467763
22.170434, 257.987304
22.117825, 259.498409
22.063610, 261.001005
22.007800, 262.495015
21.950405, 263.980360
21.891440, 265.456956
21.830920, 266.924715
21.768862, 268.383545
21.705285, 269.833350
21.640208, 271.274031
21.573655, 272.705483
21.505649, 274.127598
21.436217, 275.540265
21.365385, 276.943366
21.293184, 278.336781
21.219646, 279.720384
21.144804, 281.094048
21.068694, 282.457637
20.991354, 283.811015
20.912824, 285.154040
20.833147, 286.486565
20.752367, 287.808441
20.670531, 289.119515
20.587688, 290.419627
20.503890, 291.708616
20.419191, 292.986317
20.333648, 294.252561
20.247321, 295.507176
20.160270, 296.749986
20.072561, 297.980813
19.984262, 299.199476
19.895442, 300.405792
19.806176, 301.599576
19.716538, 302.780640
19.626608, 303.948798
19.536469, 305.103859
19.446206, 306.245636
19.355908, 307.373939
19.265666, 308.488581
19.175575, 309.589375
19.085734, 310.676138
18.996245, 311.748690
18.907213, 312.806853
18.818746, 313.850457
18.730957, 314.879335
18.643961, 315.893330
18.557878, 316.892289
18.472828, 317.876074
18.388940, 318.844552
18.306341, 319.797605
18.225165, 320.735128
18.145548, 321.657030
18.067628, 322.563239
17.991548, 323.453696
17.917454, 324.328367
17.845494, 325.187235
17.775818, 326.030309
17.708580, 326.857621
17.643937, 327.669229
17.582046, 328.465220
17.523068, 329.245710
17.467164, 330.010848
17.414496, 330.760813
17.365230, 331.495820
17.319530, 332.216120
17.277560, 332.921999
17.239487, 333.613782
17.205473, 334.291833
17.175684, 334.956553
17.150281, 335.608385
17.129424, 336.247811
17.113271, 336.875350
17.101979, 337.491563
17.095698, 338.097048
17.094577, 338.692440
17.098760, 339.278410
17.108386, 339.855662
17.123588, 340.424932
17.144495, 340.986986
17.171229, 341.542615
17.203905, 342.092635
17.242632, 342.637882
17.287509, 343.179209
17.338632, 343.717481
17.396085, 344.253573
17.459945, 344.788366
17.530281, 345.322741
17.607154, 345.857578
17.690615, 346.393749
17.780707, 346.932115
17.877465, 347.473525
17.980914, 348.018807
18.091071, 348.568770
18.207945, 349.124197
18.331536, 349.685844
18.461838, 350.254437
18.598833, 350.830667
18.742500, 351.415194
18.892807, 352.008639
19.049720, 352.611586
19.213192, 353.224581
19.383176, 353.848130
19.559616, 354.482699
19.742450, 355.128713
19.931614, 355.786560
20.127036, 356.456585
20.328642, 357.139096
20.536353, 357.834364
20.750088, 358.542621
20.969762, 359.264064
21.195287, 359.998858
21.426573, 0.747131
21.663527, 1.508982
21.906057, 2.284481
22.154066, 3.073669
22.407458, 3.876559
22.666136, 4.693142
22.930002, 5.523384
23.198957, 6.367230
23.472903, 7.224607
23.751741, 8.095423
24.035372, 8.979568
24.323698, 9.876918
24.616621, 10.787337
24.914043, 11.710675
25.215869, 12.646771
25.522002, 13.595456
25.832348, 14.556552
26.146812, 15.529873
26.465300, 16.515228
26.787723, 17.512419
27.113987, 18.521245
27.444004, 19.541502
27.777686, 20.572982
28.114944, 21.615475
28.455693, 22.668771
28.799849, 23.732658
29.147326, 24.806923
29.498044, 25.891356
29.851921, 26.985745
30.208877, 28.089881
30.568834, 29.203554
30.931715, 30.326560
31.297442, 31.458692
31.665942, 32.599750
32.037140, 33.749533
32.410964, 34.907845
32.787343, 36.074492
33.166205, 37.249283
33.547482, 38.432030
33.931106, 39.622550
34.317009, 40.820661
34.705125, 42.026185
35.095389, 43.238949
35.487737, 44.458781
35.882106, 45.685516
36.278433, 46.918989
36.676657, 48.159040
37.076717, 49.405513
37.478554, 50.658254
37.882108, 51.917116
38.287322, 53.181950
38.694138, 54.452616
39.102500, 55.728973
39.512351, 57.010886
39.923637, 58.298222
40.336304, 59.590851
40.750296, 60.888649
41.165562, 62.191491
41.582048, 63.499258
41.999703, 64.811832
42.418476, 66.129100
42.838315, 67.450951
43.259171, 68.777276
43.680993, 70.107970
44.103733, 71.442929
44.527343, 72.782055
44.951773, 74.125248
45.376976, 75.472415
45.802905, 76.823461
46.229513, 78.178298
46.656755, 79.536837
47.084583, 80.898992
47.512953, 82.264681
47.941820, 83.633821
48.371138, 85.006334
48.800864, 86.382142
49.230953, 87.761171
49.661362, 89.143347
50.092048, 90.528598
50.522968, 91.916856
50.954079, 93.308053
51.385339, 94.702122
51.816707, 96.099000
52.248140, 97.498624
52.679597, 98.900932
53.111038, 100.305866
53.542421, 101.713368
53.973706, 103.123380
54.404853, 104.535848
54.835823, 105.950719
55.266575, 107.367939
55.697070, 108.787459
56.127269, 110.209227
56.557134, 111.633197
56.986625, 113.059320
57.415704, 114.487551
57.844334, 115.917844
58.272476, 117.350155
58.700093, 118.784443
59.127147, 120.220664
59.553602, 121.658780
59.979419, 123.098748
60.404563, 124.540532
60.828997, 125.984094
61.252684, 127.429395
61.675589, 128.876401
62.097675, 130.325076
62.518908, 131.775385
62.939251, 133.227297
63.358669, 134.680776
63.777127, 136.135793
64.194591, 137.592315
64.611025, 139.050312
65.026395, 140.509754
65.440667, 141.970612
65.853807, 143.432859
66.265781, 144.896465
66.676556, 146.361404
67.086097, 147.827650
67.494371, 149.295176
67.901346, 150.763958
68.306989, 152.233970
68.711266, 153.705189
69.114146, 155.177590
69.515596, 156.651151
69.915583, 158.125849
70.314076, 159.601662
70.711044, 161.078568
71.106453, 162.556547
71.500275, 164.035576
71.892475, 165.515637
72.283025, 166.996709
72.671894, 168.478773
73.059049, 169.961811
73.444462, 171.445802
73.828102, 172.930730
74.209938, 174.416576
74.589941, 175.903323
74.968082, 177.390955
75.344331, 178.879453
75.718658, 180.368802
76.091035, 181.858986
76.461432, 183.349989
76.829822, 184.841796
77.196175, 186.334391
77.560463, 187.827761
77.922658, 189.321889
78.282732, 190.816763
78.640658, 192.312368
78.996408, 193.808691
79.349954, 195.305718
79.701270, 196.803436
80.050329, 198.301832
80.397104, 199.800894
80.741568, 201.300609
81.083696, 202.800965
81.423461, 204.301951
81.760837, 205.803554
82.095799, 207.305763
82.428320, 208.808566
82.758377, 210.311954
83.085944, 211.815914
83.410996, 213.320437
83.733508, 214.825511
84.053456, 216.331127
84.370817, 217.837274
84.685565, 219.343943
84.997677, 220.851123
85.307130, 222.358806
85.613900, 223.866981
85.917965, 225.375640
86.219301, 226.884774
86.517885, 228.394373
86.813696, 229.904429
87.106711, 231.414932
87.396908, 232.925876
87.684265, 234.437251
87.968761, 235.949049
88.250374, 237.461262
88.529084, 238.973882
88.804869, 240.486901
89.077709, 242.000312
89.347583, 243.514107
89.614472, 245.028278
89.878356, 246.542819
90.139214, 248.057721
90.397027, 249.572979
90.651777, 251.088584
90.903443, 252.604530
91.152008, 254.120810
91.397453, 255.637418
91.639760, 257.154347
91.878910, 258.671589
92.114885, 260.189140
92.347669, 261.706992
92.577244, 263.225140
92.803593, 264.743576
93.026699, 266.262296
93.246546, 267.781293
93.463117, 269.300560
93.676396, 270.820093
93.886367, 272.339886
94.093015, 273.859933
94.296325, 275.380227
94.496282, 276.900765
94.692870, 278.421539
94.886075, 279.942545
95.075883, 281.463778
95.262279, 282.985232
95.445251, 284.506902
95.624785, 286.028782
95.800866, 287.550868
95.973483, 289.073155
96.142622, 290.595637
96.308271, 292.118310
96.470418, 293.641168
96.629051, 295.164208
96.784158, 296.687423
96.935727, 298.210810
97.083748, 299.734363
97.228210, 301.258079
97.369101, 302.781951
97.506412, 304.305977
97.640132, 305.830150
97.770252, 307.354468
97.896762, 308.878924
98.019652, 310.403516
98.138914, 311.928237
98.254539, 313.453085
98.366518, 314.978055
98.474843, 316.503142
98.579506, 318.028343
98.680500, 319.553652
98.777816, 321.079066
98.871448, 322.604581
98.961389, 324.130192
99.047632, 325.655896
99.130171, 327.181688
99.209000, 328.707564
99.284113, 330.233520
99.355505, 331.759552
99.423170, 333.285656
99.487103, 334.811829
99.547300, 336.338065
99.603755, 337.864362
99.656466, 339.390714
99.705428, 340.917119
99.750638, 342.443572
99.792092, 343.970070
99.829787, 345.496608
99.863720, 347.023183
99.893889, 348.549790
99.920292, 350.076427
99.942927, 351.603088
99.961792, 353.129770
99.976885, 354.656470
99.988206, 356.183183
99.995754, 357.709906
99.999528, 359.236635
99.999528, 0.763365
99.995754, 2.290094
99.988206, 3.816817
99.976885, 5.343530
99.961792, 6.870230
99.942927, 8.396912
99.920292, 9.923573
99.893889, 11.450210
99.863720, 12.976817
99.829787, 14.503392
99.792092, 16.029930
99.750638, 17.556428
99.705428, 19.082881
99.656466, 20.609286
99.603755, 22.135638
99.547300, 23.661935
99.487103, 25.188171
99.423170, 26.714344
99.355505, 28.240448
99.284113, 29.766480
99.209000, 31.292436
99.130171, 32.818312
99.047632, 34.344104
98.961389, 35.869808
98.871448, 37.395419
98.777816, 38.920934
98.680500, 40.446348
98.579506, 41.971657
98.474843, 43.496858
98.366518, 45.021945
98.254539, 46.546915
98.138914, 48.071763
98.019652, 49.596484
97.896762, 51.121076
97.770252, 52.645532
97.640132, 54.169850
97.506412, 55.694023
97.369101, 57.218049
97.228210, 58.741921
97.083748, 60.265637
96.935727, 61.789190
96.784158, 63.312577
96.629051, 64.835792
96.470418, 66.358832
96.308271, 67.881690
96.142622, 69.404363
95.973483, 70.926845
95.800866, 72.449132
95.624785, 73.971218
95.445251, 75.493098
95.262279, 77.014768
95.075883, 78.536222
94.886075, 80.057455
94.692870, 81.578461
94.496282, 83.099235
94.296325, 84.619773
94.093015, 86.140067
93.886367, 87.660114
93.676396, 89.179907
93.463117, 90.699440
93.246546, 92.218707
93.026699, 93.737704
92.803593, 95.256424
92.577244, 96.774860
92.347669, 98.293008
92.114885, 99.810860
91.878910, 101.328411
91.639760, 102.845653
91.397453, 104.362582
91.152008, 105.879190
90.903443, 107.395470
90.651777, 108.911416
90.397027, 110.427021
90.139214, 111.942279
89.878356, 113.457181
89.614472, 114.971722
89.347583, 116.485893
89.077709, 117.999688
88.804869, 119.513099
88.529084, 121.026118
88.250374, 122.538738
87.968761, 124.050951
87.684265, 125.562749
87.396908, 127.074124
87.106711, 128.585068
86.813696, 130.095571
86.517885, 131.605627
86.219301, 133.115226
85.917965, 134.624360
85.613900, 136.133019
85.307130, 137.641194
84.997677, 139.148877
84.685565, 140.656057
84.370817, 142.162726
84.053456, 143.668873
83.733508, 145.174489
83.410996, 146.679563
83.085944, 148.184086
82.758377, 149.688046
82.428320, 151.191434
82.095799, 152.694237
81.760837, 154.196446
81.423461, 155.698049
81.083696, 157.199035
80.741568, 158.699391
80.397104, 160.199106
80.050329, 161.698168
79.701270, 163.196564
79.349954, 164.694282
78.996408, 166.191309
78.640658, 167.687632
78.282732, 169.183237
77.922658, 170.678111
77.560463, 172.172239
77.196175, 173.665609
76.829822, 175.158204
76.461432, 176.650011
76.091035, 178.141014
75.718658, 179.631198
75.344331, 181.120547
74.968082, 182.609045
74.589941, 184.096677
74.209938, 185.583424
73.828102, 187.069270
73.444462, 188.554198
73.059049, 190.038189
72.671894, 191.521227
72.283025, 193.003291
71.892475, 194.484363
71.500275, 195.964424
71.106453, 197.443453
70.711044, 198.921432
70.314076, 200.398338
69.915583, 201.874151
69.515596, 203.348849
69.114146, 204.822410
68.711266, 206.294811
68.306989, 207.766030
67.901346, 209.236042
67.494371, 210.704824
67.086097, 212.172350
66.676556, 213.638596
66.265781, 215.103535
65.853807, 216.567141
65.440667, 218.029388
65.026395, 219.490246
64.611025, 220.949688
64.194591, 222.407685
63.777127, 223.864207
63.358669, 225.319224
62.939251, 226.772703
62.518908, 228.224615
62.097675, 229.674924
61.675589, 231.123599
61.252684, 232.570605
60.828997, 234.015906
60.404563, 235.459468
59.979419, 236.901252
59.553602, 238.341220
59.127147, 239.779336
58.700093, 241.215557
58.272476, 242.649845
57.844334, 244.082156
57.415704, 245.512449
56.986625, 246.940680
56.557134, 248.366803
56.127269, 249.790773
55.697070, 251.212541
55.266575, 252.632061
54.835823, 254.049281
54.404853, 255.464152
53.973706, 256.876620
53.542421, 258.286632
53.111038, 259.694134
52.679597, 261.099068
52.248140, 262.501376
51.816707, 263.901000
51.385339, 265.297878
50.954079, 266.691947
50.522968, 268.083144
50.092048, 269.471402
49.661362, 270.856653
49.230953, 272.238829
48.800864, 273.617858
48.371138, 274.993666
47.941820, 276.366179
47.512953, 277.735319
47.084583, 279.101008
46.656755, 280.463163
46.229513, 281.821702
45.802905, 283.176539
45.376976, 284.527585
44.951773, 285.874752
44.527343, 287.217945
44.103733, 288.557071
43.680993, 289.892030
43.259171, 291.222724
42.838315, 292.549049
42.418476, 293.870900
41.999703, 295.188168
41.582048, 296.500742
41.165562, 297.808509
40.750296, 299.111351
40.336304, 300.409149
39.923637, 301.701778
39.512351, 302.989114
39.102500, 304.271027
38.694138, 305.547384
38.287322, 306.818050
37.882108, 308.082884
37.478554, 309.341746
37.076717, 310.594487
36.676657, 311.840960
36.278433, 313.081011
35.882106, 314.314484
35.487737, 315.541219
35.095389, 316.761051
34.705125, 317.973815
34.317009, 319.179339
33.931106, 320.377450
33.547482, 321.567970
33.166205, 322.750717
32.787343, 323.925508
32.410964, 325.092155
32.037140, 326.250467
31.665942, 327.400250
31.297442, 328.541308
30.931715, 329.673440
30.568834, 330.796446
30.208877, 331.910119
29.851921, 333.014255
29.498044, 334.108644
29.147326, 335.193077
28.799849, 336.267342
28.455693, 337.331229
28.114944, 338.384525
27.777686, 339.427018
27.444004, 340.458498
27.113987, 341.478755
26.787723, 342.487581
26.465300, 343.484772
26.146812, 344.470127
25.832348, 345.443448
25.522002, 346.404544
25.215869, 347.353229
24.914043, 348.289325
24.616621, 349.212663
24.323698, 350.123082
24.035372, 351.020432
23.751741, 351.904577
23.472903, 352.775393
23.198957, 353.632770
22.930002, 354.476616
22.666136, 355.306858
22.407458, 356.123441
22.154066, 356.926331
21.906057, 357.715519
21.663527, 358.491018
21.426573, 359.252869
21.195287, 0.001142
20.969762, 0.735936
20.750088, 1.457379
20.536353, 2.165636
20.328642, 2.860904
20.127036, 3.543415
19.931614, 4.213440
19.742450, 4.871287
19.559616, 5.517301
19.383176, 6.151870
19.213192, 6.775419
19.049720, 7.388414
18.892807, 7.991361
18.742500, 8.584806
18.598833, 9.169333
18.461838, 9.745563
18.331536, 10.314156
18.207945, 10.875803
18.091071, 11.431230
17.980914, 11.981193
17.877465, 12.526475
17.780707, 13.067885
17.690615, 13.606251
17.607154, 14.142422
17.530281, 14.677259
17.459945, 15.211634
17.396085, 15.746427
17.338632, 16.282519
17.287509, 16.820791
17.242632, 17.362118
17.203905, 17.907365
17.171229, 18.457385
17.144495, 19.013014
17.123588, 19.575068
17.108386, 20.144338
17.098760, 20.721590
17.094577, 21.307560
17.095698, 21.902952
17.101979, 22.508437
17.113271, 23.124650
17.129424, 23.752189
17.150281, 24.391615
17.175684, 25.043447
17.205473, 25.708167
17.239487, 26.386218
17.277560, 27.078001
17.319530, 27.783880
17.365230, 28.504180
17.414496, 29.239187
17.467164, 29.989152
17.523068, 30.754290
17.582046, 31.534780
17.643937, 32.330771
17.708580, 33.142379
17.775818, 33.969691
17.845494, 34.812765
17.917454, 35.671633
17.991548, 36.546304
18.067628, 37.436761
18.145548, 38.342970
18.225165, 39.264872
18.306341, 40.202395
18.388940, 41.155448
18.472828, 42.123926
18.557878, 43.107711
18.643961, 44.106670
18.730957, 45.120665
18.818746, 46.149543
18.907213, 47.193147
18.996245, 48.251310
19.085734, 49.323862
19.175575, 50.410625
19.265666, 51.511419
19.355908, 52.626061
19.446206, 53.754364
19.536469, 54.896141
19.626608, 56.051202
19.716538, 57.219360
19.806176, 58.400424
19.895442, 59.594208
19.984262, 60.800524
20.072561, 62.019187
20.160270, 63.250014
20.247321, 64.492824
20.333648, 65.747439
20.419191, 67.013683
20.503890, 68.291384
20.587688, 69.580373
20.670531, 70.880485
20.752367, 72.191559
20.833147, 73.513435
20.912824, 74.845960
20.991354, 76.188985
21.068694, 77.542363
21.144804, 78.905952
21.219646, 80.279616
21.293184, 81.663219
21.365385, 83.056634
21.436217, 84.459735
21.505649, 85.872402
21.573655, 87.294517
21.640208, 88.725969
21.705285, 90.166650
21.768862, 91.616455
21.830920, 93.075285
21.891440, 94.543044
21.950405, 96.019640
22.007800, 97.504985
22.063610, 98.998995
22.117825, 100.501591
22.170434, 102.012696
22.221428, 103.532237
22.270799, 105.060147
22.318543, 106.596359
22.364654, 108.140812
22.409132, 109.693448
22.451973, 111.254212
22.493179, 112.823054
22.532752, 114.399924
22.570694, 115.984779
22.607011, 117.577576
22.641708, 119.178277
22.674793, 120.786846
22.706274, 122.403251
22.736163, 124.027461
22.764470, 125.659451
22.791209, 127.299194
22.816393, 128.946670
22.840040, 130.601859
22.862164, 132.264745
22.882786, 133.935313
22.901925, 135.613551
22.919601, 137.299449
22.935838, 138.992999
22.950658, 140.694196
22.964087, 142.403036
22.976152, 144.119516
22.986879, 145.843636
22.996299, 147.575399
23.004441, 149.314806
23.011337, 151.061862
23.017019, 152.816573
23.021523, 154.578945
23.024884, 156.348987
23.027139, 158.126708
23.028325, 159.912118
23.028483, 161.705226
23.027654, 163.506046
23.025879, 165.314587
23.023202, 167.130863
23.019668, 168.954885
23.015323, 170.786667
23.010215, 172.626219
23.004391, 174.473555
22.997903, 176.328685
22.990802, 178.191621
22.983139, 180.062373
22.974969, 181.940950
22.966348, 183.827361
22.957330, 185.721612
22.947975, 187.623708
22.938340, 189.533655
22.928487, 191.451452
22.918475, 193.377101
22.908368, 195.310599
22.898229, 197.251940
22.888122, 199.201116
22.878114, 201.158118
22.868272, 203.122932
22.858662, 205.095539
22.849355, 207.075919
22.840420, 209.064047
22.831928, 211.059896
22.823951, 213.063430
22.816561, 215.074613
22.809832, 217.093403
22.803837, 219.119752
22.798653, 221.153607
22.794353, 223.194911
22.791015, 225.243599
22.788715, 227.299604
22.787531, 229.362848
22.787539, 231.433251
22.788817, 233.510725
22.791444, 235.595176
22.795498, 237.686501
22.801058, 239.784594
22.808201, 241.889340
22.817005, 244.000617
22.827550, 246.118296
22.839913, 248.242242
22.854171, 250.372311
22.870401, 252.508354
22.888680, 254.650212
22.909084, 256.797722
22.931688, 258.950712
22.956566, 261.109004
22.983791, 263.272411
23.013436, 265.440743
23.045572, 267.613801
23.080269, 269.791379
23.117594, 271.973267
23.157616, 274.159247
23.200400, 276.349098
23.246009, 278.542591
23.294505, 280.739494
23.345949, 282.939569
23.400400, 285.142575
23.457912, 287.348265
23.518542, 289.556392
23.582339, 291.766702
23.649355, 293.978943
23.719637, 296.192856
23.793229, 298.408184
23.870175, 300.624668
23.950514, 302.842046
24.034283, 305.060061
24.121519, 307.278450
24.212253, 309.496956
24.306515, 311.715321
24.404332, 313.933288
24.505728, 316.150605
24.610725, 318.367021
24.719342, 320.582287
24.831594, 322.796161
24.947496, 325.008402
25.067058, 327.218775
25.190288, 329.427050
25.317192, 331.633001
25.447772, 333.836409
25.582029, 336.037060
25.719960, 338.234746
25.861562, 340.429267
26.006825, 342.620428
26.155741, 344.808041
26.308298, 346.991927
26.464481, 349.171911
26.624275, 351.347829
26.787659, 353.519521
26.954613, 355.686838
27.125115, 357.849635
27.299140, 0.007778
27.476661, 2.161139
27.657649, 4.309597
27.842074, 6.453039
28.029905, 8.591361
28.221108, 10.724465
28.415647, 12.852260
28.613487, 14.974664
28.814589, 17.091599
29.018914, 19.202998
29.226423, 21.308798
29.437072, 23.408944
29.650820, 25.503386
29.867623, 27.592081
30.087437, 29.674993
30.310215, 31.752091
30.535912, 33.823349
30.764480, 35.888749
30.995872, 37.948275
31.230038, 40.001918
31.466931, 42.049675
31.706499, 44.091544
31.948694, 46.127530
32.193464, 48.157643
32.440759, 50.181896
32.690527, 52.200303
32.942717, 54.212887
33.197276, 56.219670
33.454153, 58.220680
33.713295, 60.215945
33.974650, 62.205500
34.238165, 64.189378
34.503787, 66.167618
34.771464, 68.140259
35.041143, 70.107345
35.312771, 72.068918
35.586295, 74.025025
35.861663, 75.975714
36.138822, 77.921033
36.417719, 79.861033
36.698301, 81.795766
36.980518, 83.725284
37.264315, 85.649642
37.549642, 87.568894
37.836446, 89.483096
38.124676, 91.392304
38.414280, 93.296574
38.705206, 95.195965
38.997404, 97.090534
39.290823, 98.980338
39.585412, 100.865437
39.881122, 102.745888
40.177900, 104.621750
40.475699, 106.493082
40.774467, 108.359942
41.074157, 110.222388
41.374718, 112.080480
41.676102, 113.934275
41.978261, 115.783830
42.281146, 117.629205
42.584709, 119.470455
42.888903, 121.307638
43.193681, 123.140810
43.498994, 124.970028
43.804797, 126.795346
44.111043, 128.616821
44.417686, 130.434508
44.724679, 132.248459
45.031979, 134.058729
45.339538, 135.865371
45.647312, 137.668438
45.955257, 139.467980
46.263328, 141.264050
46.571481, 143.056699
46.879672, 144.845975
47.187858, 146.631930
47.495996, 148.414610
47.804042, 150.194066
48.111954, 151.970343
48.419690, 153.743489
48.727208, 155.513550
49.034466, 157.280572
49.341422, 159.044599
49.648036, 160.805675
49.954266, 162.563845
50.260073, 164.319150
50.565415, 166.071634
50.870253, 167.821337
51.174547, 169.568301
51.478258, 171.312565
51.781346, 173.054170
52.083773, 174.793154
52.385500, 176.529555
52.686489, 178.263412
52.986701, 179.994762
53.286099, 181.723640
53.584646, 183.450083
53.882304, 185.174126
54.179037, 186.895803
54.474807, 188.615149
54.769578, 190.332197
55.063314, 192.046980
55.355980, 193.759530
55.647539, 195.469879
55.937956, 197.178058
56.227197, 198.884098
56.515226, 200.588029
56.802009, 202.289879
57.087512, 203.989680
57.371701, 205.687457
57.654541, 207.383241
57.936000, 209.077058
58.216044, 210.768935
58.494640, 212.458899
58.771756, 214.146975
59.047359, 215.833189
59.321417, 217.517567
59.593898, 219.200132
59.864770, 220.880909
60.134002, 222.559922
60.401563, 224.237193
60.667422, 225.912746
60.931548, 227.586602
61.193910, 229.258785
61.454480, 230.929314
##END=
