##TITLE= Parameter file, TopSpin 4.3.0
##JCAMPDX= 5.0
##DATATYPE= Parameter Values
##ORIGIN= Bruker BioSpin GmbH
##OWNER= nmrsu
$$ 2024-04-30 23:02:26.508 +0100  nmrsu@4CE1161FJM
$$ C:/Bruker/TopSpin4.3.0/exp/stan/nmr/lists/wave/user/multisupp_aux_d8
$$ process C:\Bruker\TopSpin4.3.0\prog\mod\xwinshape.exe
##MINX= 0.66015700
##MAXX= 99.99938900
##MINY= 0.27926800
##MAXY= 359.72073200
##$SHAPE_ADDPHASE= 0
##$SHAPE_AMP= 99.99938931
##$SHAPE_BWFAC= 0
##$SHAPE_BWFAC50= 0
##$SHAPE_CALCBW= yes
##$SHAPE_CALCINTEG= yes
##$SHAPE_EXMODE= <Excitation>
##$SHAPE_EXPAND= <>
##$SHAPE_EXPANDCF= (0..143)
0 0 0 0 0 0 0 0 0 0 0 0 0 0 0 0 0 0 0 0 0 0 0 0 0 0 0 0 0 0 0 0 0 0 0 0
0 0 0 0 0 0 0 0 0 0 0 0 0 0 0 0 0 0 0 0 0 0 0 0 0 0 0 0 0 0 0 0 0 0 0 0
0 0 0 0 0 0 0 0 0 0 0 0 0 0 0 0 0 0 0 0 0 0 0 0 0 0 0 0 0 0 0 0 0 0 0 0
0 0 0 0 0 0 0 0 0 0 0 0 0 0 0 0 0 0 0 0 0 0 0 0 0 0 0 0 0 0 0 0 0 0 0 0
##$SHAPE_EXPFAC= 0
##$SHAPE_FRACEND= 0
##$SHAPE_FRACORG= 0
##$SHAPE_FRACSTART= 0
##$SHAPE_INTEGFAC= 0
##$SHAPE_KEEPRES= yes
##$SHAPE_LENGTH= 25000.000373
##$SHAPE_MAN= <M>
##$SHAPE_MODE= 3
##$SHAPE_MODFREQ= 0
##$SHAPE_MODPHASE= 0
##$SHAPE_MODSCALE= 0
##$SHAPE_MODSW= 0
##$SHAPE_MODSWDIR= -1
##$SHAPE_NPOINTS= 1250
##$SHAPE_OFFS= <1 3>
##$SHAPE_OFFSCOEFF= (0..95)
-160.51054 0 100 -227.9913 0 100 -296.75335 0 100 0 0 0 0 0 0 0 0 0 0 0
0 0 0 0 0 0 0 0 0 0 0 0 0 0 0 0 0 0 0 0 0 0 0 0 0 0 0 0 0 0 0 0 0 0 0 0
0 0 0 0 0 0 0 0 0 0 0 0 0 0 0 0 0 0 0 0 0 0 0 0 0 0 0 0 0 0 0 0 0 0 0 0
0 0 0 0
##$SHAPE_PARAMETER= <>
##$SHAPE_REPHFAC= 0
##$SHAPE_RES= 0
##$SHAPE_SCALEFAC= 1.00000611
##$SHAPE_SCALETYPE= 0
##$SHAPE_SPOAL= 0
##$SHAPE_SPOFFS= 0
##$SHAPE_SPOPH= 0
##$SHAPE_TOTROT= 90
##$SHAPE_TYPE= <Excitation>
##$SHAPE_USER_DEF= <>
##$SHAPE_VERSION= 2.1
##$SHL_ADDPHASE= (0..15)
0 0 0 0 0 0 0 0 0 0 0 0 0 0 0 0
##$SHL_ALIGNOFFSET= (0..15)
0 0 0 0 0 0 0 0 0 0 0 0 0 0 0 0
##$SHL_AMP= (0..15)
100 0 0 0 0 0 0 0 0 0 0 0 0 0 0 0
##$SHL_AMPFAC= (0..15)
0 0 0 0 0 0 0 0 0 0 0 0 0 0 0 0
##$SHL_BETA= (0..15)
0 0 0 0 0 0 0 0 0 0 0 0 0 0 0 0
##$SHL_BWFAC= (0..15)
1.116 0 0 0 0 0 0 0 0 0 0 0 0 0 0 0
##$SHL_CALCBW= (0..15)
yes yes yes yes yes yes yes yes yes yes yes yes yes yes yes yes
##$SHL_CALCINTEG= (0..15)
yes yes yes yes yes yes yes yes yes yes yes yes yes yes yes yes
##$SHL_CENTERAMP= (0..15)
0 0 0 0 0 0 0 0 0 0 0 0 0 0 0 0
##$SHL_CYCNUM= (0..15)
0 0 0 0 0 0 0 0 0 0 0 0 0 0 0 0
##$SHL_DIPOLCPL= (0..15)
0 0 0 0 0 0 0 0 0 0 0 0 0 0 0 0
##$SHL_ENDAMP= (0..15)
0 0 0 0 0 0 0 0 0 0 0 0 0 0 0 0
##$SHL_EXMODE= (0..15)
<Excitation> <> <> <> <> <> <> <> <> <> <> <> <> <> <> <>
##$SHL_EXPAND= (0..15)
<> <> <> <> <> <> <> <> <> <> <> <> <> <> <> <>
##$SHL_EXPANDCF0= (0..143)
0 0 0 0 0 0 0 0 0 0 0 0 0 0 0 0 0 0 0 0 0 0 0 0 0 0 0 0 0 0 0 0 0 0 0 0
0 0 0 0 0 0 0 0 0 0 0 0 0 0 0 0 0 0 0 0 0 0 0 0 0 0 0 0 0 0 0 0 0 0 0 0
0 0 0 0 0 0 0 0 0 0 0 0 0 0 0 0 0 0 0 0 0 0 0 0 0 0 0 0 0 0 0 0 0 0 0 0
0 0 0 0 0 0 0 0 0 0 0 0 0 0 0 0 0 0 0 0 0 0 0 0 0 0 0 0 0 0 0 0 0 0 0 0
##$SHL_EXPANDCF1= (0..143)
0 0 0 0 0 0 0 0 0 0 0 0 0 0 0 0 0 0 0 0 0 0 0 0 0 0 0 0 0 0 0 0 0 0 0 0
0 0 0 0 0 0 0 0 0 0 0 0 0 0 0 0 0 0 0 0 0 0 0 0 0 0 0 0 0 0 0 0 0 0 0 0
0 0 0 0 0 0 0 0 0 0 0 0 0 0 0 0 0 0 0 0 0 0 0 0 0 0 0 0 0 0 0 0 0 0 0 0
0 0 0 0 0 0 0 0 0 0 0 0 0 0 0 0 0 0 0 0 0 0 0 0 0 0 0 0 0 0 0 0 0 0 0 0
##$SHL_EXPANDCF10= (0..143)
0 0 0 0 0 0 0 0 0 0 0 0 0 0 0 0 0 0 0 0 0 0 0 0 0 0 0 0 0 0 0 0 0 0 0 0
0 0 0 0 0 0 0 0 0 0 0 0 0 0 0 0 0 0 0 0 0 0 0 0 0 0 0 0 0 0 0 0 0 0 0 0
0 0 0 0 0 0 0 0 0 0 0 0 0 0 0 0 0 0 0 0 0 0 0 0 0 0 0 0 0 0 0 0 0 0 0 0
0 0 0 0 0 0 0 0 0 0 0 0 0 0 0 0 0 0 0 0 0 0 0 0 0 0 0 0 0 0 0 0 0 0 0 0
##$SHL_EXPANDCF11= (0..143)
0 0 0 0 0 0 0 0 0 0 0 0 0 0 0 0 0 0 0 0 0 0 0 0 0 0 0 0 0 0 0 0 0 0 0 0
0 0 0 0 0 0 0 0 0 0 0 0 0 0 0 0 0 0 0 0 0 0 0 0 0 0 0 0 0 0 0 0 0 0 0 0
0 0 0 0 0 0 0 0 0 0 0 0 0 0 0 0 0 0 0 0 0 0 0 0 0 0 0 0 0 0 0 0 0 0 0 0
0 0 0 0 0 0 0 0 0 0 0 0 0 0 0 0 0 0 0 0 0 0 0 0 0 0 0 0 0 0 0 0 0 0 0 0
##$SHL_EXPANDCF12= (0..143)
0 0 0 0 0 0 0 0 0 0 0 0 0 0 0 0 0 0 0 0 0 0 0 0 0 0 0 0 0 0 0 0 0 0 0 0
0 0 0 0 0 0 0 0 0 0 0 0 0 0 0 0 0 0 0 0 0 0 0 0 0 0 0 0 0 0 0 0 0 0 0 0
0 0 0 0 0 0 0 0 0 0 0 0 0 0 0 0 0 0 0 0 0 0 0 0 0 0 0 0 0 0 0 0 0 0 0 0
0 0 0 0 0 0 0 0 0 0 0 0 0 0 0 0 0 0 0 0 0 0 0 0 0 0 0 0 0 0 0 0 0 0 0 0
##$SHL_EXPANDCF13= (0..143)
0 0 0 0 0 0 0 0 0 0 0 0 0 0 0 0 0 0 0 0 0 0 0 0 0 0 0 0 0 0 0 0 0 0 0 0
0 0 0 0 0 0 0 0 0 0 0 0 0 0 0 0 0 0 0 0 0 0 0 0 0 0 0 0 0 0 0 0 0 0 0 0
0 0 0 0 0 0 0 0 0 0 0 0 0 0 0 0 0 0 0 0 0 0 0 0 0 0 0 0 0 0 0 0 0 0 0 0
0 0 0 0 0 0 0 0 0 0 0 0 0 0 0 0 0 0 0 0 0 0 0 0 0 0 0 0 0 0 0 0 0 0 0 0
##$SHL_EXPANDCF14= (0..143)
0 0 0 0 0 0 0 0 0 0 0 0 0 0 0 0 0 0 0 0 0 0 0 0 0 0 0 0 0 0 0 0 0 0 0 0
0 0 0 0 0 0 0 0 0 0 0 0 0 0 0 0 0 0 0 0 0 0 0 0 0 0 0 0 0 0 0 0 0 0 0 0
0 0 0 0 0 0 0 0 0 0 0 0 0 0 0 0 0 0 0 0 0 0 0 0 0 0 0 0 0 0 0 0 0 0 0 0
0 0 0 0 0 0 0 0 0 0 0 0 0 0 0 0 0 0 0 0 0 0 0 0 0 0 0 0 0 0 0 0 0 0 0 0
##$SHL_EXPANDCF15= (0..143)
0 0 0 0 0 0 0 0 0 0 0 0 0 0 0 0 0 0 0 0 0 0 0 0 0 0 0 0 0 0 0 0 0 0 0 0
0 0 0 0 0 0 0 0 0 0 0 0 0 0 0 0 0 0 0 0 0 0 0 0 0 0 0 0 0 0 0 0 0 0 0 0
0 0 0 0 0 0 0 0 0 0 0 0 0 0 0 0 0 0 0 0 0 0 0 0 0 0 0 0 0 0 0 0 0 0 0 0
0 0 0 0 0 0 0 0 0 0 0 0 0 0 0 0 0 0 0 0 0 0 0 0 0 0 0 0 0 0 0 0 0 0 0 0
##$SHL_EXPANDCF2= (0..143)
0 0 0 0 0 0 0 0 0 0 0 0 0 0 0 0 0 0 0 0 0 0 0 0 0 0 0 0 0 0 0 0 0 0 0 0
0 0 0 0 0 0 0 0 0 0 0 0 0 0 0 0 0 0 0 0 0 0 0 0 0 0 0 0 0 0 0 0 0 0 0 0
0 0 0 0 0 0 0 0 0 0 0 0 0 0 0 0 0 0 0 0 0 0 0 0 0 0 0 0 0 0 0 0 0 0 0 0
0 0 0 0 0 0 0 0 0 0 0 0 0 0 0 0 0 0 0 0 0 0 0 0 0 0 0 0 0 0 0 0 0 0 0 0
##$SHL_EXPANDCF3= (0..143)
0 0 0 0 0 0 0 0 0 0 0 0 0 0 0 0 0 0 0 0 0 0 0 0 0 0 0 0 0 0 0 0 0 0 0 0
0 0 0 0 0 0 0 0 0 0 0 0 0 0 0 0 0 0 0 0 0 0 0 0 0 0 0 0 0 0 0 0 0 0 0 0
0 0 0 0 0 0 0 0 0 0 0 0 0 0 0 0 0 0 0 0 0 0 0 0 0 0 0 0 0 0 0 0 0 0 0 0
0 0 0 0 0 0 0 0 0 0 0 0 0 0 0 0 0 0 0 0 0 0 0 0 0 0 0 0 0 0 0 0 0 0 0 0
##$SHL_EXPANDCF4= (0..143)
0 0 0 0 0 0 0 0 0 0 0 0 0 0 0 0 0 0 0 0 0 0 0 0 0 0 0 0 0 0 0 0 0 0 0 0
0 0 0 0 0 0 0 0 0 0 0 0 0 0 0 0 0 0 0 0 0 0 0 0 0 0 0 0 0 0 0 0 0 0 0 0
0 0 0 0 0 0 0 0 0 0 0 0 0 0 0 0 0 0 0 0 0 0 0 0 0 0 0 0 0 0 0 0 0 0 0 0
0 0 0 0 0 0 0 0 0 0 0 0 0 0 0 0 0 0 0 0 0 0 0 0 0 0 0 0 0 0 0 0 0 0 0 0
##$SHL_EXPANDCF5= (0..143)
0 0 0 0 0 0 0 0 0 0 0 0 0 0 0 0 0 0 0 0 0 0 0 0 0 0 0 0 0 0 0 0 0 0 0 0
0 0 0 0 0 0 0 0 0 0 0 0 0 0 0 0 0 0 0 0 0 0 0 0 0 0 0 0 0 0 0 0 0 0 0 0
0 0 0 0 0 0 0 0 0 0 0 0 0 0 0 0 0 0 0 0 0 0 0 0 0 0 0 0 0 0 0 0 0 0 0 0
0 0 0 0 0 0 0 0 0 0 0 0 0 0 0 0 0 0 0 0 0 0 0 0 0 0 0 0 0 0 0 0 0 0 0 0
##$SHL_EXPANDCF6= (0..143)
0 0 0 0 0 0 0 0 0 0 0 0 0 0 0 0 0 0 0 0 0 0 0 0 0 0 0 0 0 0 0 0 0 0 0 0
0 0 0 0 0 0 0 0 0 0 0 0 0 0 0 0 0 0 0 0 0 0 0 0 0 0 0 0 0 0 0 0 0 0 0 0
0 0 0 0 0 0 0 0 0 0 0 0 0 0 0 0 0 0 0 0 0 0 0 0 0 0 0 0 0 0 0 0 0 0 0 0
0 0 0 0 0 0 0 0 0 0 0 0 0 0 0 0 0 0 0 0 0 0 0 0 0 0 0 0 0 0 0 0 0 0 0 0
##$SHL_EXPANDCF7= (0..143)
0 0 0 0 0 0 0 0 0 0 0 0 0 0 0 0 0 0 0 0 0 0 0 0 0 0 0 0 0 0 0 0 0 0 0 0
0 0 0 0 0 0 0 0 0 0 0 0 0 0 0 0 0 0 0 0 0 0 0 0 0 0 0 0 0 0 0 0 0 0 0 0
0 0 0 0 0 0 0 0 0 0 0 0 0 0 0 0 0 0 0 0 0 0 0 0 0 0 0 0 0 0 0 0 0 0 0 0
0 0 0 0 0 0 0 0 0 0 0 0 0 0 0 0 0 0 0 0 0 0 0 0 0 0 0 0 0 0 0 0 0 0 0 0
##$SHL_EXPANDCF8= (0..143)
0 0 0 0 0 0 0 0 0 0 0 0 0 0 0 0 0 0 0 0 0 0 0 0 0 0 0 0 0 0 0 0 0 0 0 0
0 0 0 0 0 0 0 0 0 0 0 0 0 0 0 0 0 0 0 0 0 0 0 0 0 0 0 0 0 0 0 0 0 0 0 0
0 0 0 0 0 0 0 0 0 0 0 0 0 0 0 0 0 0 0 0 0 0 0 0 0 0 0 0 0 0 0 0 0 0 0 0
0 0 0 0 0 0 0 0 0 0 0 0 0 0 0 0 0 0 0 0 0 0 0 0 0 0 0 0 0 0 0 0 0 0 0 0
##$SHL_EXPANDCF9= (0..143)
0 0 0 0 0 0 0 0 0 0 0 0 0 0 0 0 0 0 0 0 0 0 0 0 0 0 0 0 0 0 0 0 0 0 0 0
0 0 0 0 0 0 0 0 0 0 0 0 0 0 0 0 0 0 0 0 0 0 0 0 0 0 0 0 0 0 0 0 0 0 0 0
0 0 0 0 0 0 0 0 0 0 0 0 0 0 0 0 0 0 0 0 0 0 0 0 0 0 0 0 0 0 0 0 0 0 0 0
0 0 0 0 0 0 0 0 0 0 0 0 0 0 0 0 0 0 0 0 0 0 0 0 0 0 0 0 0 0 0 0 0 0 0 0
##$SHL_EXPFAC= (0..15)
0 0 0 0 0 0 0 0 0 0 0 0 0 0 0 0
##$SHL_FRACEND= (0..15)
0 0 0 0 0 0 0 0 0 0 0 0 0 0 0 0
##$SHL_FRACORG= (0..15)
0 0 0 0 0 0 0 0 0 0 0 0 0 0 0 0
##$SHL_FRACSTART= (0..15)
0 0 0 0 0 0 0 0 0 0 0 0 0 0 0 0
##$SHL_FULLHALF= (0..15)
0 0 0 0 0 0 0 0 0 0 0 0 0 0 0 0
##$SHL_FUNCAMP= (0..15)
100 0 0 0 0 0 0 0 0 0 0 0 0 0 0 0
##$SHL_FUNCTION= (0..15)
<Rectangle> <> <> <> <> <> <> <> <> <> <> <> <> <> <> <>
##$SHL_GCO= (0..15)
<> <> <> <> <> <> <> <> <> <> <> <> <> <> <> <>
##$SHL_GCOCOEFFS0= (0..59)
0 0 0 0 0 0 0 0 0 0 0 0 0 0 0 0 0 0 0 0 0 0 0 0 0 0 0 0 0 0 0 0 0 0 0 0
0 0 0 0 0 0 0 0 0 0 0 0 0 0 0 0 0 0 0 0 0 0 0 0
##$SHL_GCOCOEFFS1= (0..59)
0 0 0 0 0 0 0 0 0 0 0 0 0 0 0 0 0 0 0 0 0 0 0 0 0 0 0 0 0 0 0 0 0 0 0 0
0 0 0 0 0 0 0 0 0 0 0 0 0 0 0 0 0 0 0 0 0 0 0 0
##$SHL_GCOCOEFFS10= (0..59)
0 0 0 0 0 0 0 0 0 0 0 0 0 0 0 0 0 0 0 0 0 0 0 0 0 0 0 0 0 0 0 0 0 0 0 0
0 0 0 0 0 0 0 0 0 0 0 0 0 0 0 0 0 0 0 0 0 0 0 0
##$SHL_GCOCOEFFS11= (0..59)
0 0 0 0 0 0 0 0 0 0 0 0 0 0 0 0 0 0 0 0 0 0 0 0 0 0 0 0 0 0 0 0 0 0 0 0
0 0 0 0 0 0 0 0 0 0 0 0 0 0 0 0 0 0 0 0 0 0 0 0
##$SHL_GCOCOEFFS12= (0..59)
0 0 0 0 0 0 0 0 0 0 0 0 0 0 0 0 0 0 0 0 0 0 0 0 0 0 0 0 0 0 0 0 0 0 0 0
0 0 0 0 0 0 0 0 0 0 0 0 0 0 0 0 0 0 0 0 0 0 0 0
##$SHL_GCOCOEFFS13= (0..59)
0 0 0 0 0 0 0 0 0 0 0 0 0 0 0 0 0 0 0 0 0 0 0 0 0 0 0 0 0 0 0 0 0 0 0 0
0 0 0 0 0 0 0 0 0 0 0 0 0 0 0 0 0 0 0 0 0 0 0 0
##$SHL_GCOCOEFFS14= (0..59)
0 0 0 0 0 0 0 0 0 0 0 0 0 0 0 0 0 0 0 0 0 0 0 0 0 0 0 0 0 0 0 0 0 0 0 0
0 0 0 0 0 0 0 0 0 0 0 0 0 0 0 0 0 0 0 0 0 0 0 0
##$SHL_GCOCOEFFS15= (0..59)
0 0 0 0 0 0 0 0 0 0 0 0 0 0 0 0 0 0 0 0 0 0 0 0 0 0 0 0 0 0 0 0 0 0 0 0
0 0 0 0 0 0 0 0 0 0 0 0 0 0 0 0 0 0 0 0 0 0 0 0
##$SHL_GCOCOEFFS2= (0..59)
0 0 0 0 0 0 0 0 0 0 0 0 0 0 0 0 0 0 0 0 0 0 0 0 0 0 0 0 0 0 0 0 0 0 0 0
0 0 0 0 0 0 0 0 0 0 0 0 0 0 0 0 0 0 0 0 0 0 0 0
##$SHL_GCOCOEFFS3= (0..59)
0 0 0 0 0 0 0 0 0 0 0 0 0 0 0 0 0 0 0 0 0 0 0 0 0 0 0 0 0 0 0 0 0 0 0 0
0 0 0 0 0 0 0 0 0 0 0 0 0 0 0 0 0 0 0 0 0 0 0 0
##$SHL_GCOCOEFFS4= (0..59)
0 0 0 0 0 0 0 0 0 0 0 0 0 0 0 0 0 0 0 0 0 0 0 0 0 0 0 0 0 0 0 0 0 0 0 0
0 0 0 0 0 0 0 0 0 0 0 0 0 0 0 0 0 0 0 0 0 0 0 0
##$SHL_GCOCOEFFS5= (0..59)
0 0 0 0 0 0 0 0 0 0 0 0 0 0 0 0 0 0 0 0 0 0 0 0 0 0 0 0 0 0 0 0 0 0 0 0
0 0 0 0 0 0 0 0 0 0 0 0 0 0 0 0 0 0 0 0 0 0 0 0
##$SHL_GCOCOEFFS6= (0..59)
0 0 0 0 0 0 0 0 0 0 0 0 0 0 0 0 0 0 0 0 0 0 0 0 0 0 0 0 0 0 0 0 0 0 0 0
0 0 0 0 0 0 0 0 0 0 0 0 0 0 0 0 0 0 0 0 0 0 0 0
##$SHL_GCOCOEFFS7= (0..59)
0 0 0 0 0 0 0 0 0 0 0 0 0 0 0 0 0 0 0 0 0 0 0 0 0 0 0 0 0 0 0 0 0 0 0 0
0 0 0 0 0 0 0 0 0 0 0 0 0 0 0 0 0 0 0 0 0 0 0 0
##$SHL_GCOCOEFFS8= (0..59)
0 0 0 0 0 0 0 0 0 0 0 0 0 0 0 0 0 0 0 0 0 0 0 0 0 0 0 0 0 0 0 0 0 0 0 0
0 0 0 0 0 0 0 0 0 0 0 0 0 0 0 0 0 0 0 0 0 0 0 0
##$SHL_GCOCOEFFS9= (0..59)
0 0 0 0 0 0 0 0 0 0 0 0 0 0 0 0 0 0 0 0 0 0 0 0 0 0 0 0 0 0 0 0 0 0 0 0
0 0 0 0 0 0 0 0 0 0 0 0 0 0 0 0 0 0 0 0 0 0 0 0
##$SHL_INTEGFAC= (0..15)
1 0 0 0 0 0 0 0 0 0 0 0 0 0 0 0
##$SHL_LB= (0..15)
0 0 0 0 0 0 0 0 0 0 0 0 0 0 0 0
##$SHL_LEFTLIMIT= (0..15)
0 0 0 0 0 0 0 0 0 0 0 0 0 0 0 0
##$SHL_LENGTH= (0..15)
25000.000373 0 0 0 0 0 0 0 0 0 0 0 0 0 0 0
##$SHL_MAN= (0..15)
<> <> <> <> <> <> <> <> <> <> <> <> <> <> <> <>
##$SHL_MEANAMP= (0..15)
0 0 0 0 0 0 0 0 0 0 0 0 0 0 0 0
##$SHL_MODAMP= (0..15)
0 0 0 0 0 0 0 0 0 0 0 0 0 0 0 0
##$SHL_MODE= (0..15)
0 0 0 0 0 0 0 0 0 0 0 0 0 0 0 0
##$SHL_MODFREQ= (0..15)
0 0 0 0 0 0 0 0 0 0 0 0 0 0 0 0
##$SHL_MODPHASE= (0..15)
0 0 0 0 0 0 0 0 0 0 0 0 0 0 0 0
##$SHL_MODSCALE= (0..15)
0 0 0 0 0 0 0 0 0 0 0 0 0 0 0 0
##$SHL_MODSW= (0..15)
0 0 0 0 0 0 0 0 0 0 0 0 0 0 0 0
##$SHL_MODSWDIR= (0..15)
-1 -1 -1 -1 -1 -1 -1 -1 -1 -1 -1 -1 -1 -1 -1 -1
##$SHL_MU= (0..15)
0 0 0 0 0 0 0 0 0 0 0 0 0 0 0 0
##$SHL_NPOINTS= (0..15)
1250 0 0 0 0 0 0 0 0 0 0 0 0 0 0 0
##$SHL_OFFS= (0..15)
<> <> <> <> <> <> <> <> <> <> <> <> <> <> <> <>
##$SHL_OFFSCOEFF0= (0..95)
0 0 0 0 0 0 0 0 0 0 0 0 0 0 0 0 0 0 0 0 0 0 0 0 0 0 0 0 0 0 0 0 0 0 0 0
0 0 0 0 0 0 0 0 0 0 0 0 0 0 0 0 0 0 0 0 0 0 0 0 0 0 0 0 0 0 0 0 0 0 0 0
0 0 0 0 0 0 0 0 0 0 0 0 0 0 0 0 0 0 0 0 0 0 0 0
##$SHL_OFFSCOEFF1= (0..95)
0 0 0 0 0 0 0 0 0 0 0 0 0 0 0 0 0 0 0 0 0 0 0 0 0 0 0 0 0 0 0 0 0 0 0 0
0 0 0 0 0 0 0 0 0 0 0 0 0 0 0 0 0 0 0 0 0 0 0 0 0 0 0 0 0 0 0 0 0 0 0 0
0 0 0 0 0 0 0 0 0 0 0 0 0 0 0 0 0 0 0 0 0 0 0 0
##$SHL_OFFSCOEFF10= (0..95)
0 0 0 0 0 0 0 0 0 0 0 0 0 0 0 0 0 0 0 0 0 0 0 0 0 0 0 0 0 0 0 0 0 0 0 0
0 0 0 0 0 0 0 0 0 0 0 0 0 0 0 0 0 0 0 0 0 0 0 0 0 0 0 0 0 0 0 0 0 0 0 0
0 0 0 0 0 0 0 0 0 0 0 0 0 0 0 0 0 0 0 0 0 0 0 0
##$SHL_OFFSCOEFF11= (0..95)
0 0 0 0 0 0 0 0 0 0 0 0 0 0 0 0 0 0 0 0 0 0 0 0 0 0 0 0 0 0 0 0 0 0 0 0
0 0 0 0 0 0 0 0 0 0 0 0 0 0 0 0 0 0 0 0 0 0 0 0 0 0 0 0 0 0 0 0 0 0 0 0
0 0 0 0 0 0 0 0 0 0 0 0 0 0 0 0 0 0 0 0 0 0 0 0
##$SHL_OFFSCOEFF12= (0..95)
0 0 0 0 0 0 0 0 0 0 0 0 0 0 0 0 0 0 0 0 0 0 0 0 0 0 0 0 0 0 0 0 0 0 0 0
0 0 0 0 0 0 0 0 0 0 0 0 0 0 0 0 0 0 0 0 0 0 0 0 0 0 0 0 0 0 0 0 0 0 0 0
0 0 0 0 0 0 0 0 0 0 0 0 0 0 0 0 0 0 0 0 0 0 0 0
##$SHL_OFFSCOEFF13= (0..95)
0 0 0 0 0 0 0 0 0 0 0 0 0 0 0 0 0 0 0 0 0 0 0 0 0 0 0 0 0 0 0 0 0 0 0 0
0 0 0 0 0 0 0 0 0 0 0 0 0 0 0 0 0 0 0 0 0 0 0 0 0 0 0 0 0 0 0 0 0 0 0 0
0 0 0 0 0 0 0 0 0 0 0 0 0 0 0 0 0 0 0 0 0 0 0 0
##$SHL_OFFSCOEFF14= (0..95)
0 0 0 0 0 0 0 0 0 0 0 0 0 0 0 0 0 0 0 0 0 0 0 0 0 0 0 0 0 0 0 0 0 0 0 0
0 0 0 0 0 0 0 0 0 0 0 0 0 0 0 0 0 0 0 0 0 0 0 0 0 0 0 0 0 0 0 0 0 0 0 0
0 0 0 0 0 0 0 0 0 0 0 0 0 0 0 0 0 0 0 0 0 0 0 0
##$SHL_OFFSCOEFF15= (0..95)
0 0 0 0 0 0 0 0 0 0 0 0 0 0 0 0 0 0 0 0 0 0 0 0 0 0 0 0 0 0 0 0 0 0 0 0
0 0 0 0 0 0 0 0 0 0 0 0 0 0 0 0 0 0 0 0 0 0 0 0 0 0 0 0 0 0 0 0 0 0 0 0
0 0 0 0 0 0 0 0 0 0 0 0 0 0 0 0 0 0 0 0 0 0 0 0
##$SHL_OFFSCOEFF2= (0..95)
0 0 0 0 0 0 0 0 0 0 0 0 0 0 0 0 0 0 0 0 0 0 0 0 0 0 0 0 0 0 0 0 0 0 0 0
0 0 0 0 0 0 0 0 0 0 0 0 0 0 0 0 0 0 0 0 0 0 0 0 0 0 0 0 0 0 0 0 0 0 0 0
0 0 0 0 0 0 0 0 0 0 0 0 0 0 0 0 0 0 0 0 0 0 0 0
##$SHL_OFFSCOEFF3= (0..95)
0 0 0 0 0 0 0 0 0 0 0 0 0 0 0 0 0 0 0 0 0 0 0 0 0 0 0 0 0 0 0 0 0 0 0 0
0 0 0 0 0 0 0 0 0 0 0 0 0 0 0 0 0 0 0 0 0 0 0 0 0 0 0 0 0 0 0 0 0 0 0 0
0 0 0 0 0 0 0 0 0 0 0 0 0 0 0 0 0 0 0 0 0 0 0 0
##$SHL_OFFSCOEFF4= (0..95)
0 0 0 0 0 0 0 0 0 0 0 0 0 0 0 0 0 0 0 0 0 0 0 0 0 0 0 0 0 0 0 0 0 0 0 0
0 0 0 0 0 0 0 0 0 0 0 0 0 0 0 0 0 0 0 0 0 0 0 0 0 0 0 0 0 0 0 0 0 0 0 0
0 0 0 0 0 0 0 0 0 0 0 0 0 0 0 0 0 0 0 0 0 0 0 0
##$SHL_OFFSCOEFF5= (0..95)
0 0 0 0 0 0 0 0 0 0 0 0 0 0 0 0 0 0 0 0 0 0 0 0 0 0 0 0 0 0 0 0 0 0 0 0
0 0 0 0 0 0 0 0 0 0 0 0 0 0 0 0 0 0 0 0 0 0 0 0 0 0 0 0 0 0 0 0 0 0 0 0
0 0 0 0 0 0 0 0 0 0 0 0 0 0 0 0 0 0 0 0 0 0 0 0
##$SHL_OFFSCOEFF6= (0..95)
0 0 0 0 0 0 0 0 0 0 0 0 0 0 0 0 0 0 0 0 0 0 0 0 0 0 0 0 0 0 0 0 0 0 0 0
0 0 0 0 0 0 0 0 0 0 0 0 0 0 0 0 0 0 0 0 0 0 0 0 0 0 0 0 0 0 0 0 0 0 0 0
0 0 0 0 0 0 0 0 0 0 0 0 0 0 0 0 0 0 0 0 0 0 0 0
##$SHL_OFFSCOEFF7= (0..95)
0 0 0 0 0 0 0 0 0 0 0 0 0 0 0 0 0 0 0 0 0 0 0 0 0 0 0 0 0 0 0 0 0 0 0 0
0 0 0 0 0 0 0 0 0 0 0 0 0 0 0 0 0 0 0 0 0 0 0 0 0 0 0 0 0 0 0 0 0 0 0 0
0 0 0 0 0 0 0 0 0 0 0 0 0 0 0 0 0 0 0 0 0 0 0 0
##$SHL_OFFSCOEFF8= (0..95)
0 0 0 0 0 0 0 0 0 0 0 0 0 0 0 0 0 0 0 0 0 0 0 0 0 0 0 0 0 0 0 0 0 0 0 0
0 0 0 0 0 0 0 0 0 0 0 0 0 0 0 0 0 0 0 0 0 0 0 0 0 0 0 0 0 0 0 0 0 0 0 0
0 0 0 0 0 0 0 0 0 0 0 0 0 0 0 0 0 0 0 0 0 0 0 0
##$SHL_OFFSCOEFF9= (0..95)
0 0 0 0 0 0 0 0 0 0 0 0 0 0 0 0 0 0 0 0 0 0 0 0 0 0 0 0 0 0 0 0 0 0 0 0
0 0 0 0 0 0 0 0 0 0 0 0 0 0 0 0 0 0 0 0 0 0 0 0 0 0 0 0 0 0 0 0 0 0 0 0
0 0 0 0 0 0 0 0 0 0 0 0 0 0 0 0 0 0 0 0 0 0 0 0
##$SHL_PHASE= (0..15)
0 0 0 0 0 0 0 0 0 0 0 0 0 0 0 0
##$SHL_PHASEFAC= (0..15)
0 0 0 0 0 0 0 0 0 0 0 0 0 0 0 0
##$SHL_POWERINDEX= (0..15)
0 0 0 0 0 0 0 0 0 0 0 0 0 0 0 0
##$SHL_QUADCOEFF= (0..15)
0 0 0 0 0 0 0 0 0 0 0 0 0 0 0 0
##$SHL_RIGHTLIMIT= (0..15)
0 0 0 0 0 0 0 0 0 0 0 0 0 0 0 0
##$SHL_SCALEFACTOR= (0..15)
1 1 1 1 1 1 1 1 1 1 1 1 1 1 1 1
##$SHL_SF= (0..15)
<> <> <> <> <> <> <> <> <> <> <> <> <> <> <> <>
##$SHL_SFCOEFFS0= (0..200)
0 0 0 0 0 0 0 0 0 0 0 0 0 0 0 0 0 0 0 0 0 0 0 0 0 0 0 0 0 0 0 0 0 0 0 0
0 0 0 0 0 0 0 0 0 0 0 0 0 0 0 0 0 0 0 0 0 0 0 0 0 0 0 0 0 0 0 0 0 0 0 0
0 0 0 0 0 0 0 0 0 0 0 0 0 0 0 0 0 0 0 0 0 0 0 0 0 0 0 0 0 0 0 0 0 0 0 0
0 0 0 0 0 0 0 0 0 0 0 0 0 0 0 0 0 0 0 0 0 0 0 0 0 0 0 0 0 0 0 0 0 0 0 0
0 0 0 0 0 0 0 0 0 0 0 0 0 0 0 0 0 0 0 0 0 0 0 0 0 0 0 0 0 0 0 0 0 0 0 0
0 0 0 0 0 0 0 0 0 0 0 0 0 0 0 0 0 0 0 0 0
##$SHL_SFCOEFFS1= (0..200)
0 0 0 0 0 0 0 0 0 0 0 0 0 0 0 0 0 0 0 0 0 0 0 0 0 0 0 0 0 0 0 0 0 0 0 0
0 0 0 0 0 0 0 0 0 0 0 0 0 0 0 0 0 0 0 0 0 0 0 0 0 0 0 0 0 0 0 0 0 0 0 0
0 0 0 0 0 0 0 0 0 0 0 0 0 0 0 0 0 0 0 0 0 0 0 0 0 0 0 0 0 0 0 0 0 0 0 0
0 0 0 0 0 0 0 0 0 0 0 0 0 0 0 0 0 0 0 0 0 0 0 0 0 0 0 0 0 0 0 0 0 0 0 0
0 0 0 0 0 0 0 0 0 0 0 0 0 0 0 0 0 0 0 0 0 0 0 0 0 0 0 0 0 0 0 0 0 0 0 0
0 0 0 0 0 0 0 0 0 0 0 0 0 0 0 0 0 0 0 0 0
##$SHL_SFCOEFFS10= (0..200)
0 0 0 0 0 0 0 0 0 0 0 0 0 0 0 0 0 0 0 0 0 0 0 0 0 0 0 0 0 0 0 0 0 0 0 0
0 0 0 0 0 0 0 0 0 0 0 0 0 0 0 0 0 0 0 0 0 0 0 0 0 0 0 0 0 0 0 0 0 0 0 0
0 0 0 0 0 0 0 0 0 0 0 0 0 0 0 0 0 0 0 0 0 0 0 0 0 0 0 0 0 0 0 0 0 0 0 0
0 0 0 0 0 0 0 0 0 0 0 0 0 0 0 0 0 0 0 0 0 0 0 0 0 0 0 0 0 0 0 0 0 0 0 0
0 0 0 0 0 0 0 0 0 0 0 0 0 0 0 0 0 0 0 0 0 0 0 0 0 0 0 0 0 0 0 0 0 0 0 0
0 0 0 0 0 0 0 0 0 0 0 0 0 0 0 0 0 0 0 0 0
##$SHL_SFCOEFFS11= (0..200)
0 0 0 0 0 0 0 0 0 0 0 0 0 0 0 0 0 0 0 0 0 0 0 0 0 0 0 0 0 0 0 0 0 0 0 0
0 0 0 0 0 0 0 0 0 0 0 0 0 0 0 0 0 0 0 0 0 0 0 0 0 0 0 0 0 0 0 0 0 0 0 0
0 0 0 0 0 0 0 0 0 0 0 0 0 0 0 0 0 0 0 0 0 0 0 0 0 0 0 0 0 0 0 0 0 0 0 0
0 0 0 0 0 0 0 0 0 0 0 0 0 0 0 0 0 0 0 0 0 0 0 0 0 0 0 0 0 0 0 0 0 0 0 0
0 0 0 0 0 0 0 0 0 0 0 0 0 0 0 0 0 0 0 0 0 0 0 0 0 0 0 0 0 0 0 0 0 0 0 0
0 0 0 0 0 0 0 0 0 0 0 0 0 0 0 0 0 0 0 0 0
##$SHL_SFCOEFFS12= (0..200)
0 0 0 0 0 0 0 0 0 0 0 0 0 0 0 0 0 0 0 0 0 0 0 0 0 0 0 0 0 0 0 0 0 0 0 0
0 0 0 0 0 0 0 0 0 0 0 0 0 0 0 0 0 0 0 0 0 0 0 0 0 0 0 0 0 0 0 0 0 0 0 0
0 0 0 0 0 0 0 0 0 0 0 0 0 0 0 0 0 0 0 0 0 0 0 0 0 0 0 0 0 0 0 0 0 0 0 0
0 0 0 0 0 0 0 0 0 0 0 0 0 0 0 0 0 0 0 0 0 0 0 0 0 0 0 0 0 0 0 0 0 0 0 0
0 0 0 0 0 0 0 0 0 0 0 0 0 0 0 0 0 0 0 0 0 0 0 0 0 0 0 0 0 0 0 0 0 0 0 0
0 0 0 0 0 0 0 0 0 0 0 0 0 0 0 0 0 0 0 0 0
##$SHL_SFCOEFFS13= (0..200)
0 0 0 0 0 0 0 0 0 0 0 0 0 0 0 0 0 0 0 0 0 0 0 0 0 0 0 0 0 0 0 0 0 0 0 0
0 0 0 0 0 0 0 0 0 0 0 0 0 0 0 0 0 0 0 0 0 0 0 0 0 0 0 0 0 0 0 0 0 0 0 0
0 0 0 0 0 0 0 0 0 0 0 0 0 0 0 0 0 0 0 0 0 0 0 0 0 0 0 0 0 0 0 0 0 0 0 0
0 0 0 0 0 0 0 0 0 0 0 0 0 0 0 0 0 0 0 0 0 0 0 0 0 0 0 0 0 0 0 0 0 0 0 0
0 0 0 0 0 0 0 0 0 0 0 0 0 0 0 0 0 0 0 0 0 0 0 0 0 0 0 0 0 0 0 0 0 0 0 0
0 0 0 0 0 0 0 0 0 0 0 0 0 0 0 0 0 0 0 0 0
##$SHL_SFCOEFFS14= (0..200)
0 0 0 0 0 0 0 0 0 0 0 0 0 0 0 0 0 0 0 0 0 0 0 0 0 0 0 0 0 0 0 0 0 0 0 0
0 0 0 0 0 0 0 0 0 0 0 0 0 0 0 0 0 0 0 0 0 0 0 0 0 0 0 0 0 0 0 0 0 0 0 0
0 0 0 0 0 0 0 0 0 0 0 0 0 0 0 0 0 0 0 0 0 0 0 0 0 0 0 0 0 0 0 0 0 0 0 0
0 0 0 0 0 0 0 0 0 0 0 0 0 0 0 0 0 0 0 0 0 0 0 0 0 0 0 0 0 0 0 0 0 0 0 0
0 0 0 0 0 0 0 0 0 0 0 0 0 0 0 0 0 0 0 0 0 0 0 0 0 0 0 0 0 0 0 0 0 0 0 0
0 0 0 0 0 0 0 0 0 0 0 0 0 0 0 0 0 0 0 0 0
##$SHL_SFCOEFFS15= (0..200)
0 0 0 0 0 0 0 0 0 0 0 0 0 0 0 0 0 0 0 0 0 0 0 0 0 0 0 0 0 0 0 0 0 0 0 0
0 0 0 0 0 0 0 0 0 0 0 0 0 0 0 0 0 0 0 0 0 0 0 0 0 0 0 0 0 0 0 0 0 0 0 0
0 0 0 0 0 0 0 0 0 0 0 0 0 0 0 0 0 0 0 0 0 0 0 0 0 0 0 0 0 0 0 0 0 0 0 0
0 0 0 0 0 0 0 0 0 0 0 0 0 0 0 0 0 0 0 0 0 0 0 0 0 0 0 0 0 0 0 0 0 0 0 0
0 0 0 0 0 0 0 0 0 0 0 0 0 0 0 0 0 0 0 0 0 0 0 0 0 0 0 0 0 0 0 0 0 0 0 0
0 0 0 0 0 0 0 0 0 0 0 0 0 0 0 0 0 0 0 0 0
##$SHL_SFCOEFFS2= (0..200)
0 0 0 0 0 0 0 0 0 0 0 0 0 0 0 0 0 0 0 0 0 0 0 0 0 0 0 0 0 0 0 0 0 0 0 0
0 0 0 0 0 0 0 0 0 0 0 0 0 0 0 0 0 0 0 0 0 0 0 0 0 0 0 0 0 0 0 0 0 0 0 0
0 0 0 0 0 0 0 0 0 0 0 0 0 0 0 0 0 0 0 0 0 0 0 0 0 0 0 0 0 0 0 0 0 0 0 0
0 0 0 0 0 0 0 0 0 0 0 0 0 0 0 0 0 0 0 0 0 0 0 0 0 0 0 0 0 0 0 0 0 0 0 0
0 0 0 0 0 0 0 0 0 0 0 0 0 0 0 0 0 0 0 0 0 0 0 0 0 0 0 0 0 0 0 0 0 0 0 0
0 0 0 0 0 0 0 0 0 0 0 0 0 0 0 0 0 0 0 0 0
##$SHL_SFCOEFFS3= (0..200)
0 0 0 0 0 0 0 0 0 0 0 0 0 0 0 0 0 0 0 0 0 0 0 0 0 0 0 0 0 0 0 0 0 0 0 0
0 0 0 0 0 0 0 0 0 0 0 0 0 0 0 0 0 0 0 0 0 0 0 0 0 0 0 0 0 0 0 0 0 0 0 0
0 0 0 0 0 0 0 0 0 0 0 0 0 0 0 0 0 0 0 0 0 0 0 0 0 0 0 0 0 0 0 0 0 0 0 0
0 0 0 0 0 0 0 0 0 0 0 0 0 0 0 0 0 0 0 0 0 0 0 0 0 0 0 0 0 0 0 0 0 0 0 0
0 0 0 0 0 0 0 0 0 0 0 0 0 0 0 0 0 0 0 0 0 0 0 0 0 0 0 0 0 0 0 0 0 0 0 0
0 0 0 0 0 0 0 0 0 0 0 0 0 0 0 0 0 0 0 0 0
##$SHL_SFCOEFFS4= (0..200)
0 0 0 0 0 0 0 0 0 0 0 0 0 0 0 0 0 0 0 0 0 0 0 0 0 0 0 0 0 0 0 0 0 0 0 0
0 0 0 0 0 0 0 0 0 0 0 0 0 0 0 0 0 0 0 0 0 0 0 0 0 0 0 0 0 0 0 0 0 0 0 0
0 0 0 0 0 0 0 0 0 0 0 0 0 0 0 0 0 0 0 0 0 0 0 0 0 0 0 0 0 0 0 0 0 0 0 0
0 0 0 0 0 0 0 0 0 0 0 0 0 0 0 0 0 0 0 0 0 0 0 0 0 0 0 0 0 0 0 0 0 0 0 0
0 0 0 0 0 0 0 0 0 0 0 0 0 0 0 0 0 0 0 0 0 0 0 0 0 0 0 0 0 0 0 0 0 0 0 0
0 0 0 0 0 0 0 0 0 0 0 0 0 0 0 0 0 0 0 0 0
##$SHL_SFCOEFFS5= (0..200)
0 0 0 0 0 0 0 0 0 0 0 0 0 0 0 0 0 0 0 0 0 0 0 0 0 0 0 0 0 0 0 0 0 0 0 0
0 0 0 0 0 0 0 0 0 0 0 0 0 0 0 0 0 0 0 0 0 0 0 0 0 0 0 0 0 0 0 0 0 0 0 0
0 0 0 0 0 0 0 0 0 0 0 0 0 0 0 0 0 0 0 0 0 0 0 0 0 0 0 0 0 0 0 0 0 0 0 0
0 0 0 0 0 0 0 0 0 0 0 0 0 0 0 0 0 0 0 0 0 0 0 0 0 0 0 0 0 0 0 0 0 0 0 0
0 0 0 0 0 0 0 0 0 0 0 0 0 0 0 0 0 0 0 0 0 0 0 0 0 0 0 0 0 0 0 0 0 0 0 0
0 0 0 0 0 0 0 0 0 0 0 0 0 0 0 0 0 0 0 0 0
##$SHL_SFCOEFFS6= (0..200)
0 0 0 0 0 0 0 0 0 0 0 0 0 0 0 0 0 0 0 0 0 0 0 0 0 0 0 0 0 0 0 0 0 0 0 0
0 0 0 0 0 0 0 0 0 0 0 0 0 0 0 0 0 0 0 0 0 0 0 0 0 0 0 0 0 0 0 0 0 0 0 0
0 0 0 0 0 0 0 0 0 0 0 0 0 0 0 0 0 0 0 0 0 0 0 0 0 0 0 0 0 0 0 0 0 0 0 0
0 0 0 0 0 0 0 0 0 0 0 0 0 0 0 0 0 0 0 0 0 0 0 0 0 0 0 0 0 0 0 0 0 0 0 0
0 0 0 0 0 0 0 0 0 0 0 0 0 0 0 0 0 0 0 0 0 0 0 0 0 0 0 0 0 0 0 0 0 0 0 0
0 0 0 0 0 0 0 0 0 0 0 0 0 0 0 0 0 0 0 0 0
##$SHL_SFCOEFFS7= (0..200)
0 0 0 0 0 0 0 0 0 0 0 0 0 0 0 0 0 0 0 0 0 0 0 0 0 0 0 0 0 0 0 0 0 0 0 0
0 0 0 0 0 0 0 0 0 0 0 0 0 0 0 0 0 0 0 0 0 0 0 0 0 0 0 0 0 0 0 0 0 0 0 0
0 0 0 0 0 0 0 0 0 0 0 0 0 0 0 0 0 0 0 0 0 0 0 0 0 0 0 0 0 0 0 0 0 0 0 0
0 0 0 0 0 0 0 0 0 0 0 0 0 0 0 0 0 0 0 0 0 0 0 0 0 0 0 0 0 0 0 0 0 0 0 0
0 0 0 0 0 0 0 0 0 0 0 0 0 0 0 0 0 0 0 0 0 0 0 0 0 0 0 0 0 0 0 0 0 0 0 0
0 0 0 0 0 0 0 0 0 0 0 0 0 0 0 0 0 0 0 0 0
##$SHL_SFCOEFFS8= (0..200)
0 0 0 0 0 0 0 0 0 0 0 0 0 0 0 0 0 0 0 0 0 0 0 0 0 0 0 0 0 0 0 0 0 0 0 0
0 0 0 0 0 0 0 0 0 0 0 0 0 0 0 0 0 0 0 0 0 0 0 0 0 0 0 0 0 0 0 0 0 0 0 0
0 0 0 0 0 0 0 0 0 0 0 0 0 0 0 0 0 0 0 0 0 0 0 0 0 0 0 0 0 0 0 0 0 0 0 0
0 0 0 0 0 0 0 0 0 0 0 0 0 0 0 0 0 0 0 0 0 0 0 0 0 0 0 0 0 0 0 0 0 0 0 0
0 0 0 0 0 0 0 0 0 0 0 0 0 0 0 0 0 0 0 0 0 0 0 0 0 0 0 0 0 0 0 0 0 0 0 0
0 0 0 0 0 0 0 0 0 0 0 0 0 0 0 0 0 0 0 0 0
##$SHL_SFCOEFFS9= (0..200)
0 0 0 0 0 0 0 0 0 0 0 0 0 0 0 0 0 0 0 0 0 0 0 0 0 0 0 0 0 0 0 0 0 0 0 0
0 0 0 0 0 0 0 0 0 0 0 0 0 0 0 0 0 0 0 0 0 0 0 0 0 0 0 0 0 0 0 0 0 0 0 0
0 0 0 0 0 0 0 0 0 0 0 0 0 0 0 0 0 0 0 0 0 0 0 0 0 0 0 0 0 0 0 0 0 0 0 0
0 0 0 0 0 0 0 0 0 0 0 0 0 0 0 0 0 0 0 0 0 0 0 0 0 0 0 0 0 0 0 0 0 0 0 0
0 0 0 0 0 0 0 0 0 0 0 0 0 0 0 0 0 0 0 0 0 0 0 0 0 0 0 0 0 0 0 0 0 0 0 0
0 0 0 0 0 0 0 0 0 0 0 0 0 0 0 0 0 0 0 0 0
##$SHL_SMOOTHED= (0..15)
0 0 0 0 0 0 0 0 0 0 0 0 0 0 0 0
##$SHL_SMOOTHING= (0..15)
0 0 0 0 0 0 0 0 0 0 0 0 0 0 0 0
##$SHL_SPOAL= (0..15)
0 0 0 0 0 0 0 0 0 0 0 0 0 0 0 0
##$SHL_SPOFFS= (0..15)
0 0 0 0 0 0 0 0 0 0 0 0 0 0 0 0
##$SHL_SPOPH= (0..15)
0 0 0 0 0 0 0 0 0 0 0 0 0 0 0 0
##$SHL_STARTAMP= (0..15)
0 0 0 0 0 0 0 0 0 0 0 0 0 0 0 0
##$SHL_SW= (0..15)
0 0 0 0 0 0 0 0 0 0 0 0 0 0 0 0
##$SHL_SWDIR= (0..15)
-1 -1 -1 -1 -1 -1 -1 -1 -1 -1 -1 -1 -1 -1 -1 -1
##$SHL_TANKAPPA= (0..15)
0 0 0 0 0 0 0 0 0 0 0 0 0 0 0 0
##$SHL_TOTROT= (0..15)
90 0 0 0 0 0 0 0 0 0 0 0 0 0 0 0
##$SHL_TRUNCLEV= (0..15)
0 0 0 0 0 0 0 0 0 0 0 0 0 0 0 0
##$SHL_TYPE= (0..15)
<Excitation> <> <> <> <> <> <> <> <> <> <> <> <> <> <> <>
##$SHL_WINDOWSIZE= (0..15)
0 0 0 0 0 0 0 0 0 0 0 0 0 0 0 0
##$SHL_ZETA= (0..15)
0 0 0 0 0 0 0 0 0 0 0 0 0 0 0 0
##NPOINTS= 1250
##XYPOINTS= (XY..XY)
72.779063, 53.298202
72.317887, 54.950640
71.853855, 56.603212
71.386999, 58.255920
70.917355, 59.908768
70.444956, 61.561757
69.969838, 63.214892
69.492035, 64.868175
69.011583, 66.521610
68.528516, 68.175200
68.042870, 69.828947
67.554681, 71.482857
67.063985, 73.136932
66.570817, 74.791177
66.075214, 76.445594
65.577212, 78.100189
65.076847, 79.754965
64.574158, 81.409927
64.069179, 83.065080
63.561949, 84.720427
63.052505, 86.375974
62.540883, 88.031726
62.027122, 89.687687
61.511260, 91.343864
60.993334, 93.000262
60.473382, 94.656887
59.951442, 96.313744
59.427554, 97.970840
58.901754, 99.628181
58.374083, 101.285774
57.844578, 102.943626
57.313279, 104.601744
56.780224, 106.260136
56.245453, 107.918809
55.709006, 109.577772
55.170920, 111.237033
54.631237, 112.896601
54.089996, 114.556484
53.547236, 116.216693
53.002997, 117.877237
52.457320, 119.538127
51.910245, 121.199374
51.361811, 122.860989
50.812059, 124.522983
50.261030, 126.185369
49.708765, 127.848159
49.155303, 129.511368
48.600685, 131.175009
48.044953, 132.839096
47.488148, 134.503646
46.930309, 136.168674
46.371479, 137.834197
45.811699, 139.500233
45.251009, 141.166800
44.689452, 142.833917
44.127068, 144.501606
43.563899, 146.169887
42.999987, 147.838783
42.435373, 149.508318
41.870099, 151.178517
41.304207, 152.849406
40.737739, 154.521013
40.170735, 156.193367
39.603239, 157.866498
39.035293, 159.540441
38.466937, 161.215228
37.898215, 162.890896
37.329169, 164.567485
36.759841, 166.245034
36.190272, 167.923588
35.620506, 169.603192
35.050585, 171.283896
34.480551, 172.965750
33.910446, 174.648811
33.340313, 176.333138
32.770195, 178.018793
32.200135, 179.705844
31.630174, 181.394361
31.060355, 183.084423
30.490722, 184.776111
29.921317, 186.469514
29.352182, 188.164725
28.783362, 189.861848
28.214898, 191.560990
27.646835, 193.262271
27.079214, 194.965818
26.512080, 196.671769
25.945475, 198.380272
25.379443, 200.091490
24.814028, 201.805599
24.249273, 203.522789
23.685222, 205.243270
23.121920, 206.967269
22.559410, 208.695035
21.997736, 210.426842
21.436945, 212.162991
20.877079, 213.903812
20.318186, 215.649670
19.760310, 217.400971
19.203498, 219.158163
18.647796, 220.921746
18.093251, 222.692277
17.539912, 224.470380
16.987827, 226.256758
16.437047, 228.052201
15.887620, 229.857601
15.339601, 231.673976
14.793042, 233.502482
14.247999, 235.344445
13.704530, 237.201392
13.162695, 239.075086
12.622558, 240.967580
12.084185, 242.881273
11.547651, 244.818989
11.013032, 246.784075
10.480415, 248.780524
9.949895, 250.813142
9.421578, 252.887760
8.895588, 255.011527
8.372066, 257.193290
7.851180, 259.444137
7.333135, 261.778135
6.818182, 264.213392
6.306639, 266.773593
5.798919, 269.490279
5.295572, 272.406311
4.797356, 275.581275
4.305343, 279.100176
3.821118, 283.087819
3.347114, 287.733331
2.887248, 293.332837
2.448150, 300.363431
2.041610, 309.600506
1.689250, 322.231780
1.429223, 339.596425
1.314705, 1.510476
1.379750, 24.076836
1.600370, 42.692568
1.921845, 56.371504
2.300681, 66.312270
2.711557, 73.796040
3.140705, 79.692093
3.580477, 84.537965
4.026417, 88.665642
4.475795, 92.285524
4.926852, 95.535348
5.378413, 98.508227
5.829655, 101.268990
6.279989, 103.863990
6.728975, 106.327156
7.176280, 108.683847
7.621642, 110.953368
8.064853, 113.150663
8.505741, 115.287468
8.944165, 117.373122
9.380005, 119.415148
9.813157, 121.419669
10.243529, 123.391720
10.671043, 125.335476
11.095626, 127.254429
11.517212, 129.151519
11.935741, 131.029243
12.351159, 132.889731
12.763412, 134.734813
13.172453, 136.566069
13.578235, 138.384871
13.980715, 140.192414
14.379851, 141.989747
14.775603, 143.777791
15.167933, 145.557360
15.556803, 147.329177
15.942177, 149.093883
16.324021, 150.852051
16.702300, 152.604194
17.076981, 154.350773
17.448033, 156.092202
17.815422, 157.828856
18.179119, 159.561073
18.539093, 161.289161
18.895315, 163.013399
19.247755, 164.734043
19.596385, 166.451324
19.941177, 168.165456
20.282103, 169.876633
20.619136, 171.585036
20.952249, 173.290829
21.281416, 174.994163
21.606612, 176.695180
21.927812, 178.394008
22.244989, 180.090768
22.558119, 181.785571
22.867179, 183.478520
23.172145, 185.169712
23.472992, 186.859236
23.769699, 188.547175
24.062242, 190.233607
24.350599, 191.918604
24.634748, 193.602235
24.914668, 195.284563
25.190337, 196.965648
25.461734, 198.645544
25.728839, 200.324306
25.991632, 202.001982
26.250093, 203.678618
26.504202, 205.354259
26.753940, 207.028945
26.999289, 208.702714
27.240230, 210.375604
27.476745, 212.047650
27.708816, 213.718882
27.936426, 215.389334
28.159558, 217.059033
28.378194, 218.728007
28.592320, 220.396282
28.801918, 222.063884
29.006974, 223.730835
29.207471, 225.397159
29.403395, 227.062875
29.594731, 228.728005
29.781465, 230.392567
29.963583, 232.056579
30.141071, 233.720060
30.313917, 235.383024
30.482107, 237.045488
30.645629, 238.707467
30.804471, 240.368975
30.958620, 242.030024
31.108066, 243.690629
31.252797, 245.350802
31.392802, 247.010553
31.528072, 248.669894
31.658595, 250.328836
31.784363, 251.987389
31.905366, 253.645562
32.021595, 255.303364
32.133041, 256.960805
32.239696, 258.617892
32.341552, 260.274634
32.438602, 261.931037
32.530838, 263.587110
32.618254, 265.242858
32.700842, 266.898289
32.778598, 268.553409
32.851514, 270.208223
32.919586, 271.862737
32.982809, 273.516956
33.041177, 275.170886
33.094687, 276.824531
33.143334, 278.477895
33.187116, 280.130983
33.226027, 281.783799
33.260067, 283.436346
33.289231, 285.088627
33.313518, 286.740648
33.332927, 288.392409
33.347455, 290.043914
33.357101, 291.695167
33.361865, 293.346168
33.361747, 294.996921
33.356746, 296.647427
33.346862, 298.297688
33.332096, 299.947706
33.312450, 301.597483
33.287925, 303.247019
33.258522, 304.896315
33.224244, 306.545373
33.185092, 308.194193
33.141071, 309.842775
33.092183, 311.491121
33.038431, 313.139229
32.979820, 314.787100
32.916354, 316.434734
32.848037, 318.082129
32.774875, 319.729287
32.696873, 321.376204
32.614036, 323.022881
32.526370, 324.669316
32.433883, 326.315508
32.336580, 327.961455
32.234470, 329.607154
32.127558, 331.252604
32.015854, 332.897803
31.899365, 334.542747
31.778100, 336.187435
31.652068, 337.831861
31.521277, 339.476024
31.385738, 341.119920
31.245461, 342.763544
31.100456, 344.406892
30.950733, 346.049960
30.796303, 347.692743
30.637179, 349.335236
30.473370, 350.977432
30.304891, 352.619326
30.131752, 354.260912
29.953966, 355.902183
29.771547, 357.543131
29.584508, 359.183749
29.392863, 0.824030
29.196626, 2.463963
28.995811, 4.103541
28.790433, 5.742753
28.580507, 7.381589
28.366048, 9.020039
28.147073, 10.658090
27.923598, 12.295731
27.695638, 13.932948
27.463211, 15.569727
27.226333, 17.206054
26.985023, 18.841914
26.739298, 20.477289
26.489175, 22.112162
26.234674, 23.746514
25.975814, 25.380325
25.712613, 27.013574
25.445090, 28.646239
25.173266, 30.278295
24.897160, 31.909717
24.616794, 33.540476
24.332187, 35.170545
24.043360, 36.799890
23.750336, 38.428480
23.453135, 40.056277
23.151780, 41.683244
22.846293, 43.309339
22.536697, 44.934517
22.223014, 46.558730
21.905268, 48.181928
21.583483, 49.804054
21.257682, 51.425049
20.927889, 53.044847
20.594130, 54.663379
20.256429, 56.280568
19.914811, 57.896332
19.569302, 59.510580
19.219928, 61.123215
18.866715, 62.734129
18.509690, 64.343206
18.148879, 65.950317
17.784309, 67.555321
17.416009, 69.158063
17.044007, 70.758372
16.668330, 72.356059
16.289007, 73.950913
15.906068, 75.542703
15.519542, 77.131167
15.129459, 78.716015
14.735850, 80.296922
14.338746, 81.873520
13.938177, 83.445395
13.534177, 85.012077
13.126777, 86.573032
12.716012, 88.127648
12.301915, 89.675223
11.884522, 91.214948
11.463868, 92.745882
11.039990, 94.266929
10.612928, 95.776800
10.182721, 97.273973
9.749411, 98.756637
9.313043, 100.222615
8.873663, 101.669276
8.431323, 103.093401
7.986077, 104.491017
7.537988, 105.857159
7.087125, 107.185541
6.633566, 108.468087
6.177407, 109.694248
5.718761, 110.849983
5.257774, 111.916189
4.794635, 112.866211
4.329599, 113.661728
3.863034, 114.245666
3.395495, 114.529285
2.927874, 114.367138
2.461724, 113.504522
2.000019, 111.456267
1.549227, 107.193791
1.125950, 98.247329
0.781368, 78.402335
0.660157, 41.145093
0.866522, 8.104541
1.250146, 352.175132
1.696727, 344.908060
2.169300, 341.407911
2.655304, 339.753494
3.149591, 339.117091
3.649700, 339.095727
4.154308, 339.472478
4.662635, 340.121011
5.174184, 340.963040
5.688623, 341.947576
6.205712, 343.040028
6.725272, 344.216126
7.247164, 345.458349
7.771274, 346.753737
8.297509, 348.092502
8.825785, 349.467112
9.356029, 350.871683
9.888177, 352.301548
10.422167, 353.752960
10.957943, 355.222875
11.495451, 356.708797
12.034640, 358.208659
12.575460, 359.720732
13.117863, 1.243565
13.661803, 2.775924
14.207233, 4.316759
14.754108, 5.865167
15.302384, 7.420370
15.852016, 8.981691
16.402961, 10.548541
16.955176, 12.120404
17.508617, 13.696827
18.063241, 15.277407
18.619006, 16.861790
19.175870, 18.449660
19.733789, 20.040734
20.292722, 21.634760
20.852626, 23.231511
21.413459, 24.830782
21.975179, 26.432390
22.537743, 28.036168
23.101110, 29.641963
23.665238, 31.249638
24.230083, 32.859068
24.795606, 34.470138
25.361762, 36.082743
25.928511, 37.696787
26.495809, 39.312180
27.063616, 40.928843
27.631889, 42.546700
28.200587, 44.165682
28.769666, 45.785724
29.339085, 47.406768
29.908802, 49.028758
30.478774, 50.651644
31.048961, 52.275377
31.619319, 53.899914
32.189807, 55.525214
32.760383, 57.151237
33.331005, 58.777949
33.901630, 60.405315
34.472216, 62.033304
35.042723, 63.661886
35.613107, 65.291034
36.183327, 66.920721
36.753341, 68.550923
37.323106, 70.181617
37.892582, 71.812782
38.461726, 73.444396
39.030496, 75.076441
39.598851, 76.708898
40.166749, 78.341751
40.734148, 79.974981
41.301006, 81.608576
41.867282, 83.242518
42.432934, 84.876796
42.997922, 86.511395
43.562202, 88.146303
44.125734, 89.781508
44.688477, 91.417000
45.250389, 93.052767
45.811428, 94.688798
46.371555, 96.325085
46.930727, 97.961618
47.488904, 99.598389
48.046045, 101.235388
48.602108, 102.872608
49.157053, 104.510041
49.710840, 106.147680
50.263427, 107.785517
50.814775, 109.423547
51.364842, 111.061762
51.913589, 112.700157
52.460975, 114.338725
53.006960, 115.977462
53.551503, 117.616360
54.094566, 119.255417
54.636108, 120.894625
55.176089, 122.533982
55.714471, 124.173481
56.251213, 125.813119
56.786275, 127.452892
57.319620, 129.092794
57.851207, 130.732824
58.380998, 132.372976
58.908954, 134.013247
59.435036, 135.653633
59.959206, 137.294132
60.481425, 138.934740
61.001655, 140.575454
61.519857, 142.216270
62.035995, 143.857187
62.550029, 145.498200
63.061923, 147.139308
63.571638, 148.780508
64.079138, 150.421798
64.584384, 152.063174
65.087341, 153.704634
65.587972, 155.346177
66.086238, 156.987800
66.582105, 158.629501
67.075536, 160.271278
67.566494, 161.913129
68.054943, 163.555052
68.540848, 165.197045
69.024174, 166.839106
69.504884, 168.481234
69.982943, 170.123426
70.458317, 171.765682
70.930971, 173.407999
71.400869, 175.050377
71.867978, 176.692813
72.332263, 178.335306
72.793690, 179.977855
73.252226, 181.620459
73.707837, 183.263115
74.160488, 184.905823
74.610148, 186.548582
75.056784, 188.191390
75.500362, 189.834246
75.940850, 191.477148
76.378215, 193.120097
76.812427, 194.763090
77.243452, 196.406127
77.671259, 198.049207
78.095817, 199.692328
78.517095, 201.335490
78.935062, 202.978692
79.349688, 204.621932
79.760941, 206.265210
80.168792, 207.908526
80.573211, 209.551877
80.974168, 211.195264
81.371633, 212.838685
81.765579, 214.482140
82.155975, 216.125628
82.542794, 217.769147
82.926007, 219.412699
83.305585, 221.056281
83.681501, 222.699893
84.053728, 224.343534
84.422238, 225.987204
84.787004, 227.630902
85.147999, 229.274628
85.505197, 230.918380
85.858572, 232.562158
86.208098, 234.205962
86.553749, 235.849791
86.895501, 237.493644
87.233327, 239.137521
87.567203, 240.781421
87.897105, 242.425344
88.223008, 244.069290
88.544889, 245.713257
88.862724, 247.357245
89.176489, 249.001254
89.486162, 250.645283
89.791721, 252.289332
90.093142, 253.933400
90.390403, 255.577487
90.683483, 257.221592
90.972361, 258.865716
91.257015, 260.509857
91.537423, 262.154015
91.813567, 263.798190
92.085425, 265.442381
92.352978, 267.086588
92.616205, 268.730810
92.875088, 270.375048
93.129608, 272.019300
93.379746, 273.663567
93.625484, 275.307848
93.866803, 276.952143
94.103686, 278.596451
94.336116, 280.240772
94.564075, 281.885105
94.787548, 283.529451
95.006516, 285.173809
95.220966, 286.818178
95.430880, 288.462559
95.636243, 290.106951
95.837041, 291.751354
96.033258, 293.395767
96.224881, 295.040190
96.411895, 296.684622
96.594286, 298.329065
96.772041, 299.973516
96.945148, 301.617977
97.113593, 303.262446
97.277364, 304.906923
97.436449, 306.551409
97.590836, 308.195902
97.740514, 309.840403
97.885473, 311.484912
98.025701, 313.129427
98.161188, 314.773949
98.291925, 316.418477
98.417901, 318.063012
98.539108, 319.707553
98.655536, 321.352099
98.767178, 322.996651
98.874024, 324.641208
98.976067, 326.285770
99.073300, 327.930337
99.165716, 329.574908
99.253307, 331.219484
99.336067, 332.864064
99.413991, 334.508647
99.487072, 336.153234
99.555305, 337.797824
99.618685, 339.442418
99.677208, 341.087014
99.730868, 342.731613
99.779664, 344.376214
99.823589, 346.020817
99.862643, 347.665422
99.896821, 349.310029
99.926121, 350.954638
99.950540, 352.599247
99.970079, 354.243858
99.984733, 355.888469
99.994504, 357.533081
99.999389, 359.177694
99.999389, 0.822306
99.994504, 2.466919
99.984733, 4.111531
99.970079, 5.756142
99.950540, 7.400753
99.926121, 9.045362
99.896821, 10.689971
99.862643, 12.334578
99.823589, 13.979183
99.779664, 15.623786
99.730868, 17.268387
99.677208, 18.912986
99.618685, 20.557582
99.555305, 22.202176
99.487072, 23.846766
99.413991, 25.491353
99.336067, 27.135936
99.253307, 28.780516
99.165716, 30.425092
99.073300, 32.069663
98.976067, 33.714230
98.874024, 35.358792
98.767178, 37.003349
98.655536, 38.647901
98.539108, 40.292447
98.417901, 41.936988
98.291925, 43.581523
98.161188, 45.226051
98.025701, 46.870573
97.885473, 48.515088
97.740514, 50.159597
97.590836, 51.804098
97.436449, 53.448591
97.277364, 55.093077
97.113593, 56.737554
96.945148, 58.382023
96.772041, 60.026484
96.594286, 61.670935
96.411895, 63.315378
96.224881, 64.959810
96.033258, 66.604233
95.837041, 68.248646
95.636243, 69.893049
95.430880, 71.537441
95.220966, 73.181822
95.006516, 74.826191
94.787548, 76.470549
94.564075, 78.114895
94.336116, 79.759228
94.103686, 81.403549
93.866803, 83.047857
93.625484, 84.692152
93.379746, 86.336433
93.129608, 87.980700
92.875088, 89.624952
92.616205, 91.269190
92.352978, 92.913412
92.085425, 94.557619
91.813567, 96.201810
91.537423, 97.845985
91.257015, 99.490143
90.972361, 101.134284
90.683483, 102.778408
90.390403, 104.422513
90.093142, 106.066600
89.791721, 107.710668
89.486162, 109.354717
89.176489, 110.998746
88.862724, 112.642755
88.544889, 114.286743
88.223008, 115.930710
87.897105, 117.574656
87.567203, 119.218579
87.233327, 120.862479
86.895501, 122.506356
86.553749, 124.150209
86.208098, 125.794038
85.858572, 127.437842
85.505197, 129.081620
85.147999, 130.725372
84.787004, 132.369098
84.422238, 134.012796
84.053728, 135.656466
83.681501, 137.300107
83.305585, 138.943719
82.926007, 140.587301
82.542794, 142.230853
82.155975, 143.874372
81.765579, 145.517860
81.371633, 147.161315
80.974168, 148.804736
80.573211, 150.448123
80.168792, 152.091474
79.760941, 153.734790
79.349688, 155.378068
78.935062, 157.021308
78.517095, 158.664510
78.095817, 160.307672
77.671259, 161.950793
77.243452, 163.593873
76.812427, 165.236910
76.378215, 166.879903
75.940850, 168.522852
75.500362, 170.165754
75.056784, 171.808610
74.610148, 173.451418
74.160488, 175.094177
73.707837, 176.736885
73.252226, 178.379541
72.793690, 180.022145
72.332263, 181.664694
71.867978, 183.307187
71.400869, 184.949623
70.930971, 186.592001
70.458317, 188.234318
69.982943, 189.876574
69.504884, 191.518766
69.024174, 193.160894
68.540848, 194.802955
68.054943, 196.444948
67.566494, 198.086871
67.075536, 199.728722
66.582105, 201.370499
66.086238, 203.012200
65.587972, 204.653823
65.087341, 206.295366
64.584384, 207.936826
64.079138, 209.578202
63.571638, 211.219492
63.061923, 212.860692
62.550029, 214.501800
62.035995, 216.142813
61.519857, 217.783730
61.001655, 219.424546
60.481425, 221.065260
59.959206, 222.705868
59.435036, 224.346367
58.908954, 225.986753
58.380998, 227.627024
57.851207, 229.267176
57.319620, 230.907206
56.786275, 232.547108
56.251213, 234.186881
55.714471, 235.826519
55.176089, 237.466018
54.636108, 239.105375
54.094566, 240.744583
53.551503, 242.383640
53.006960, 244.022538
52.460975, 245.661275
51.913589, 247.299843
51.364842, 248.938238
50.814775, 250.576453
50.263427, 252.214483
49.710840, 253.852320
49.157053, 255.489959
48.602108, 257.127392
48.046045, 258.764612
47.488904, 260.401611
46.930727, 262.038382
46.371555, 263.674915
45.811428, 265.311202
45.250389, 266.947233
44.688477, 268.583000
44.125734, 270.218492
43.562202, 271.853697
42.997922, 273.488605
42.432934, 275.123204
41.867282, 276.757482
41.301006, 278.391424
40.734148, 280.025019
40.166749, 281.658249
39.598851, 283.291102
39.030496, 284.923559
38.461726, 286.555604
37.892582, 288.187218
37.323106, 289.818383
36.753341, 291.449077
36.183327, 293.079279
35.613107, 294.708966
35.042723, 296.338114
34.472216, 297.966696
33.901630, 299.594685
33.331005, 301.222051
32.760383, 302.848763
32.189807, 304.474786
31.619319, 306.100086
31.048961, 307.724623
30.478774, 309.348356
29.908802, 310.971242
29.339085, 312.593232
28.769666, 314.214276
28.200587, 315.834318
27.631889, 317.453300
27.063616, 319.071157
26.495809, 320.687820
25.928511, 322.303213
25.361762, 323.917257
24.795606, 325.529862
24.230083, 327.140932
23.665238, 328.750362
23.101110, 330.358037
22.537743, 331.963832
21.975179, 333.567610
21.413459, 335.169218
20.852626, 336.768489
20.292722, 338.365240
19.733789, 339.959266
19.175870, 341.550340
18.619006, 343.138210
18.063241, 344.722593
17.508617, 346.303173
16.955176, 347.879596
16.402961, 349.451459
15.852016, 351.018309
15.302384, 352.579630
14.754108, 354.134833
14.207233, 355.683241
13.661803, 357.224076
13.117863, 358.756435
12.575460, 0.279268
12.034640, 1.791341
11.495451, 3.291203
10.957943, 4.777125
10.422167, 6.247040
9.888177, 7.698452
9.356029, 9.128317
8.825785, 10.532888
8.297509, 11.907498
7.771274, 13.246263
7.247164, 14.541651
6.725272, 15.783874
6.205712, 16.959972
5.688623, 18.052424
5.174184, 19.036960
4.662635, 19.878989
4.154308, 20.527522
3.649700, 20.904273
3.149591, 20.882909
2.655304, 20.246506
2.169300, 18.592089
1.696727, 15.091940
1.250146, 7.824868
0.866522, 351.895459
0.660157, 318.854907
0.781368, 281.597665
1.125950, 261.752671
1.549227, 252.806209
2.000019, 248.543733
2.461724, 246.495478
2.927874, 245.632862
3.395495, 245.470715
3.863034, 245.754334
4.329599, 246.338272
4.794635, 247.133789
5.257774, 248.083811
5.718761, 249.150017
6.177407, 250.305752
6.633566, 251.531913
7.087125, 252.814459
7.537988, 254.142841
7.986077, 255.508983
8.431323, 256.906599
8.873663, 258.330724
9.313043, 259.777385
9.749411, 261.243363
10.182721, 262.726027
10.612928, 264.223200
11.039990, 265.733071
11.463868, 267.254118
11.884522, 268.785052
12.301915, 270.324777
12.716012, 271.872352
13.126777, 273.426968
13.534177, 274.987923
13.938177, 276.554605
14.338746, 278.126480
14.735850, 279.703078
15.129459, 281.283985
15.519542, 282.868833
15.906068, 284.457297
16.289007, 286.049087
16.668330, 287.643941
17.044007, 289.241628
17.416009, 290.841937
17.784309, 292.444679
18.148879, 294.049683
18.509690, 295.656794
18.866715, 297.265871
19.219928, 298.876785
19.569302, 300.489420
19.914811, 302.103668
20.256429, 303.719432
20.594130, 305.336621
20.927889, 306.955153
21.257682, 308.574951
21.583483, 310.195946
21.905268, 311.818072
22.223014, 313.441270
22.536697, 315.065483
22.846293, 316.690661
23.151780, 318.316756
23.453135, 319.943723
23.750336, 321.571520
24.043360, 323.200110
24.332187, 324.829455
24.616794, 326.459524
24.897160, 328.090283
25.173266, 329.721705
25.445090, 331.353761
25.712613, 332.986426
25.975814, 334.619675
26.234674, 336.253486
26.489175, 337.887838
26.739298, 339.522711
26.985023, 341.158086
27.226333, 342.793946
27.463211, 344.430273
27.695638, 346.067052
27.923598, 347.704269
28.147073, 349.341910
28.366048, 350.979961
28.580507, 352.618411
28.790433, 354.257247
28.995811, 355.896459
29.196626, 357.536037
29.392863, 359.175970
29.584508, 0.816251
29.771547, 2.456869
29.953966, 4.097817
30.131752, 5.739088
30.304891, 7.380674
30.473370, 9.022568
30.637179, 10.664764
30.796303, 12.307257
30.950733, 13.950040
31.100456, 15.593108
31.245461, 17.236456
31.385738, 18.880080
31.521277, 20.523976
31.652068, 22.168139
31.778100, 23.812565
31.899365, 25.457253
32.015854, 27.102197
32.127558, 28.747396
32.234470, 30.392846
32.336580, 32.038545
32.433883, 33.684492
32.526370, 35.330684
32.614036, 36.977119
32.696873, 38.623796
32.774875, 40.270713
32.848037, 41.917871
32.916354, 43.565266
32.979820, 45.212900
33.038431, 46.860771
33.092183, 48.508879
33.141071, 50.157225
33.185092, 51.805807
33.224244, 53.454627
33.258522, 55.103685
33.287925, 56.752981
33.312450, 58.402517
33.332096, 60.052294
33.346862, 61.702312
33.356746, 63.352573
33.361747, 65.003079
33.361865, 66.653832
33.357101, 68.304833
33.347455, 69.956086
33.332927, 71.607591
33.313518, 73.259352
33.289231, 74.911373
33.260067, 76.563654
33.226027, 78.216201
33.187116, 79.869017
33.143334, 81.522105
33.094687, 83.175469
33.041177, 84.829114
32.982809, 86.483044
32.919586, 88.137263
32.851514, 89.791777
32.778598, 91.446591
32.700842, 93.101711
32.618254, 94.757142
32.530838, 96.412890
32.438602, 98.068963
32.341552, 99.725366
32.239696, 101.382108
32.133041, 103.039195
32.021595, 104.696636
31.905366, 106.354438
31.784363, 108.012611
31.658595, 109.671164
31.528072, 111.330106
31.392802, 112.989447
31.252797, 114.649198
31.108066, 116.309371
30.958620, 117.969976
30.804471, 119.631025
30.645629, 121.292533
30.482107, 122.954512
30.313917, 124.616976
30.141071, 126.279940
29.963583, 127.943421
29.781465, 129.607433
29.594731, 131.271995
29.403395, 132.937125
29.207471, 134.602841
29.006974, 136.269165
28.801918, 137.936116
28.592320, 139.603718
28.378194, 141.271993
28.159558, 142.940967
27.936426, 144.610666
27.708816, 146.281118
27.476745, 147.952350
27.240230, 149.624396
26.999289, 151.297286
26.753940, 152.971055
26.504202, 154.645741
26.250093, 156.321382
25.991632, 157.998018
25.728839, 159.675694
25.461734, 161.354456
25.190337, 163.034352
24.914668, 164.715437
24.634748, 166.397765
24.350599, 168.081396
24.062242, 169.766393
23.769699, 171.452825
23.472992, 173.140764
23.172145, 174.830288
22.867179, 176.521480
22.558119, 178.214429
22.244989, 179.909232
21.927812, 181.605992
21.606612, 183.304820
21.281416, 185.005837
20.952249, 186.709171
20.619136, 188.414964
20.282103, 190.123367
19.941177, 191.834544
19.596385, 193.548676
19.247755, 195.265957
18.895315, 196.986601
18.539093, 198.710839
18.179119, 200.438927
17.815422, 202.171144
17.448033, 203.907798
17.076981, 205.649227
16.702300, 207.395806
16.324021, 209.147949
15.942177, 210.906117
15.556803, 212.670823
15.167933, 214.442640
14.775603, 216.222209
14.379851, 218.010253
13.980715, 219.807586
13.578235, 221.615129
13.172453, 223.433931
12.763412, 225.265187
12.351159, 227.110269
11.935741, 228.970757
11.517212, 230.848481
11.095626, 232.745571
10.671043, 234.664524
10.243529, 236.608280
9.813157, 238.580331
9.380005, 240.584852
8.944165, 242.626878
8.505741, 244.712532
8.064853, 246.849337
7.621642, 249.046632
7.176280, 251.316153
6.728975, 253.672844
6.279989, 256.136010
5.829655, 258.731010
5.378413, 261.491773
4.926852, 264.464652
4.475795, 267.714476
4.026417, 271.334358
3.580477, 275.462035
3.140705, 280.307907
2.711557, 286.203960
2.300681, 293.687730
1.921845, 303.628496
1.600370, 317.307432
1.379750, 335.923164
1.314705, 358.489524
1.429223, 20.403575
1.689250, 37.768220
2.041610, 50.399494
2.448150, 59.636569
2.887248, 66.667163
3.347114, 72.266669
3.821118, 76.912181
4.305343, 80.899824
4.797356, 84.418725
5.295572, 87.593689
5.798919, 90.509721
6.306639, 93.226407
6.818182, 95.786608
7.333135, 98.221865
7.851180, 100.555863
8.372066, 102.806710
8.895588, 104.988473
9.421578, 107.112240
9.949895, 109.186858
10.480415, 111.219476
11.013032, 113.215925
11.547651, 115.181011
12.084185, 117.118727
12.622558, 119.032420
13.162695, 120.924914
13.704530, 122.798608
14.247999, 124.655555
14.793042, 126.497518
15.339601, 128.326024
15.887620, 130.142399
16.437047, 131.947799
16.987827, 133.743242
17.539912, 135.529620
18.093251, 137.307723
18.647796, 139.078254
19.203498, 140.841837
19.760310, 142.599029
20.318186, 144.350330
20.877079, 146.096188
21.436945, 147.837009
21.997736, 149.573158
22.559410, 151.304965
23.121920, 153.032731
23.685222, 154.756730
24.249273, 156.477211
24.814028, 158.194401
25.379443, 159.908510
25.945475, 161.619728
26.512080, 163.328231
27.079214, 165.034182
27.646835, 166.737729
28.214898, 168.439010
28.783362, 170.138152
29.352182, 171.835275
29.921317, 173.530486
30.490722, 175.223889
31.060355, 176.915577
31.630174, 178.605639
32.200135, 180.294156
32.770195, 181.981207
33.340313, 183.666862
33.910446, 185.351189
34.480551, 187.034250
35.050585, 188.716104
35.620506, 190.396808
36.190272, 192.076412
36.759841, 193.754966
37.329169, 195.432515
37.898215, 197.109104
38.466937, 198.784772
39.035293, 200.459559
39.603239, 202.133502
40.170735, 203.806633
40.737739, 205.478987
41.304207, 207.150594
41.870099, 208.821483
42.435373, 210.491682
42.999987, 212.161217
43.563899, 213.830113
44.127068, 215.498394
44.689452, 217.166083
45.251009, 218.833200
45.811699, 220.499767
46.371479, 222.165803
46.930309, 223.831326
47.488148, 225.496354
48.044953, 227.160904
48.600685, 228.824991
49.155303, 230.488632
49.708765, 232.151841
50.261030, 233.814631
50.812059, 235.477017
51.361811, 237.139011
51.910245, 238.800626
52.457320, 240.461873
53.002997, 242.122763
53.547236, 243.783307
54.089996, 245.443516
54.631237, 247.103399
55.170920, 248.762967
55.709006, 250.422228
56.245453, 252.081191
56.780224, 253.739864
57.313279, 255.398256
57.844578, 257.056374
58.374083, 258.714226
58.901754, 260.371819
59.427554, 262.029160
59.951442, 263.686256
60.473382, 265.343113
60.993334, 266.999738
61.511260, 268.656136
62.027122, 270.312313
62.540883, 271.968274
63.052505, 273.624026
63.561949, 275.279573
64.069179, 276.934920
64.574158, 278.590073
65.076847, 280.245035
65.577212, 281.899811
66.075214, 283.554406
66.570817, 285.208823
67.063985, 286.863068
67.554681, 288.517143
68.042870, 290.171053
68.528516, 291.824800
69.011583, 293.478390
69.492035, 295.131825
69.969838, 296.785108
70.444956, 298.438243
70.917355, 300.091232
71.386999, 301.744080
71.853855, 303.396788
72.317887, 305.049360
72.779063, 306.701798
##END=
