##TITLE= Parameter file, TopSpin 4.3.0
##JCAMPDX= 5.0
##DATATYPE= Parameter Values
##ORIGIN= Bruker BioSpin GmbH
##OWNER= nmrsu
$$ 2024-05-22 16:29:34.725 +0100  nmrsu@4CE1161FJM
$$ C:/Bruker/TopSpin4.3.0/exp/stan/nmr/lists/wave/user/multisupp_aux_d8
$$ process C:\Bruker\TopSpin4.3.0\prog\mod\xwinshape.exe
##MINX= 0.40460900
##MAXX= 99.99938900
##MINY= 0.26006500
##MAXY= 359.73993500
##$SHAPE_ADDPHASE= 0
##$SHAPE_AMP= 99.99938928
##$SHAPE_BWFAC= 0
##$SHAPE_BWFAC50= 0
##$SHAPE_CALCBW= yes
##$SHAPE_CALCINTEG= yes
##$SHAPE_EXMODE= <Excitation>
##$SHAPE_EXPAND= <>
##$SHAPE_EXPANDCF= (0..143)
0 0 0 0 0 0 0 0 0 0 0 0 0 0 0 0 0 0 0 0 0 0 0 0 0 0 0 0 0 0 0 0 0 0 0 0
0 0 0 0 0 0 0 0 0 0 0 0 0 0 0 0 0 0 0 0 0 0 0 0 0 0 0 0 0 0 0 0 0 0 0 0
0 0 0 0 0 0 0 0 0 0 0 0 0 0 0 0 0 0 0 0 0 0 0 0 0 0 0 0 0 0 0 0 0 0 0 0
0 0 0 0 0 0 0 0 0 0 0 0 0 0 0 0 0 0 0 0 0 0 0 0 0 0 0 0 0 0 0 0 0 0 0 0
##$SHAPE_EXPFAC= 0
##$SHAPE_FRACEND= 0
##$SHAPE_FRACORG= 0
##$SHAPE_FRACSTART= 0
##$SHAPE_INTEGFAC= 0
##$SHAPE_KEEPRES= yes
##$SHAPE_LENGTH= 25000.000373
##$SHAPE_MAN= <M>
##$SHAPE_MODE= 3
##$SHAPE_MODFREQ= 0
##$SHAPE_MODPHASE= 0
##$SHAPE_MODSCALE= 0
##$SHAPE_MODSW= 0
##$SHAPE_MODSWDIR= -1
##$SHAPE_NPOINTS= 1250
##$SHAPE_OFFS= <1 3>
##$SHAPE_OFFSCOEFF= (0..95)
-160.33514 0 100 -228.07056 0 100 -296.58331 0 100 0 0 0 0 0 0 0 0 0 0
0 0 0 0 0 0 0 0 0 0 0 0 0 0 0 0 0 0 0 0 0 0 0 0 0 0 0 0 0 0 0 0 0 0 0 0
0 0 0 0 0 0 0 0 0 0 0 0 0 0 0 0 0 0 0 0 0 0 0 0 0 0 0 0 0 0 0 0 0 0 0 0
0 0 0 0 0
##$SHAPE_PARAMETER= <>
##$SHAPE_REPHFAC= 0
##$SHAPE_RES= 0
##$SHAPE_SCALEFAC= 1.00000611
##$SHAPE_SCALETYPE= 0
##$SHAPE_SPOAL= 0
##$SHAPE_SPOFFS= 0
##$SHAPE_SPOPH= 0
##$SHAPE_TOTROT= 90
##$SHAPE_TYPE= <Excitation>
##$SHAPE_USER_DEF= <>
##$SHAPE_VERSION= 2.1
##$SHL_ADDPHASE= (0..15)
0 0 0 0 0 0 0 0 0 0 0 0 0 0 0 0
##$SHL_ALIGNOFFSET= (0..15)
0 0 0 0 0 0 0 0 0 0 0 0 0 0 0 0
##$SHL_AMP= (0..15)
100 0 0 0 0 0 0 0 0 0 0 0 0 0 0 0
##$SHL_AMPFAC= (0..15)
0 0 0 0 0 0 0 0 0 0 0 0 0 0 0 0
##$SHL_BETA= (0..15)
0 0 0 0 0 0 0 0 0 0 0 0 0 0 0 0
##$SHL_BWFAC= (0..15)
1.116 0 0 0 0 0 0 0 0 0 0 0 0 0 0 0
##$SHL_CALCBW= (0..15)
yes yes yes yes yes yes yes yes yes yes yes yes yes yes yes yes
##$SHL_CALCINTEG= (0..15)
yes yes yes yes yes yes yes yes yes yes yes yes yes yes yes yes
##$SHL_CENTERAMP= (0..15)
0 0 0 0 0 0 0 0 0 0 0 0 0 0 0 0
##$SHL_CYCNUM= (0..15)
0 0 0 0 0 0 0 0 0 0 0 0 0 0 0 0
##$SHL_DIPOLCPL= (0..15)
0 0 0 0 0 0 0 0 0 0 0 0 0 0 0 0
##$SHL_ENDAMP= (0..15)
0 0 0 0 0 0 0 0 0 0 0 0 0 0 0 0
##$SHL_EXMODE= (0..15)
<Excitation> <> <> <> <> <> <> <> <> <> <> <> <> <> <> <>
##$SHL_EXPAND= (0..15)
<> <> <> <> <> <> <> <> <> <> <> <> <> <> <> <>
##$SHL_EXPANDCF0= (0..143)
0 0 0 0 0 0 0 0 0 0 0 0 0 0 0 0 0 0 0 0 0 0 0 0 0 0 0 0 0 0 0 0 0 0 0 0
0 0 0 0 0 0 0 0 0 0 0 0 0 0 0 0 0 0 0 0 0 0 0 0 0 0 0 0 0 0 0 0 0 0 0 0
0 0 0 0 0 0 0 0 0 0 0 0 0 0 0 0 0 0 0 0 0 0 0 0 0 0 0 0 0 0 0 0 0 0 0 0
0 0 0 0 0 0 0 0 0 0 0 0 0 0 0 0 0 0 0 0 0 0 0 0 0 0 0 0 0 0 0 0 0 0 0 0
##$SHL_EXPANDCF1= (0..143)
0 0 0 0 0 0 0 0 0 0 0 0 0 0 0 0 0 0 0 0 0 0 0 0 0 0 0 0 0 0 0 0 0 0 0 0
0 0 0 0 0 0 0 0 0 0 0 0 0 0 0 0 0 0 0 0 0 0 0 0 0 0 0 0 0 0 0 0 0 0 0 0
0 0 0 0 0 0 0 0 0 0 0 0 0 0 0 0 0 0 0 0 0 0 0 0 0 0 0 0 0 0 0 0 0 0 0 0
0 0 0 0 0 0 0 0 0 0 0 0 0 0 0 0 0 0 0 0 0 0 0 0 0 0 0 0 0 0 0 0 0 0 0 0
##$SHL_EXPANDCF10= (0..143)
0 0 0 0 0 0 0 0 0 0 0 0 0 0 0 0 0 0 0 0 0 0 0 0 0 0 0 0 0 0 0 0 0 0 0 0
0 0 0 0 0 0 0 0 0 0 0 0 0 0 0 0 0 0 0 0 0 0 0 0 0 0 0 0 0 0 0 0 0 0 0 0
0 0 0 0 0 0 0 0 0 0 0 0 0 0 0 0 0 0 0 0 0 0 0 0 0 0 0 0 0 0 0 0 0 0 0 0
0 0 0 0 0 0 0 0 0 0 0 0 0 0 0 0 0 0 0 0 0 0 0 0 0 0 0 0 0 0 0 0 0 0 0 0
##$SHL_EXPANDCF11= (0..143)
0 0 0 0 0 0 0 0 0 0 0 0 0 0 0 0 0 0 0 0 0 0 0 0 0 0 0 0 0 0 0 0 0 0 0 0
0 0 0 0 0 0 0 0 0 0 0 0 0 0 0 0 0 0 0 0 0 0 0 0 0 0 0 0 0 0 0 0 0 0 0 0
0 0 0 0 0 0 0 0 0 0 0 0 0 0 0 0 0 0 0 0 0 0 0 0 0 0 0 0 0 0 0 0 0 0 0 0
0 0 0 0 0 0 0 0 0 0 0 0 0 0 0 0 0 0 0 0 0 0 0 0 0 0 0 0 0 0 0 0 0 0 0 0
##$SHL_EXPANDCF12= (0..143)
0 0 0 0 0 0 0 0 0 0 0 0 0 0 0 0 0 0 0 0 0 0 0 0 0 0 0 0 0 0 0 0 0 0 0 0
0 0 0 0 0 0 0 0 0 0 0 0 0 0 0 0 0 0 0 0 0 0 0 0 0 0 0 0 0 0 0 0 0 0 0 0
0 0 0 0 0 0 0 0 0 0 0 0 0 0 0 0 0 0 0 0 0 0 0 0 0 0 0 0 0 0 0 0 0 0 0 0
0 0 0 0 0 0 0 0 0 0 0 0 0 0 0 0 0 0 0 0 0 0 0 0 0 0 0 0 0 0 0 0 0 0 0 0
##$SHL_EXPANDCF13= (0..143)
0 0 0 0 0 0 0 0 0 0 0 0 0 0 0 0 0 0 0 0 0 0 0 0 0 0 0 0 0 0 0 0 0 0 0 0
0 0 0 0 0 0 0 0 0 0 0 0 0 0 0 0 0 0 0 0 0 0 0 0 0 0 0 0 0 0 0 0 0 0 0 0
0 0 0 0 0 0 0 0 0 0 0 0 0 0 0 0 0 0 0 0 0 0 0 0 0 0 0 0 0 0 0 0 0 0 0 0
0 0 0 0 0 0 0 0 0 0 0 0 0 0 0 0 0 0 0 0 0 0 0 0 0 0 0 0 0 0 0 0 0 0 0 0
##$SHL_EXPANDCF14= (0..143)
0 0 0 0 0 0 0 0 0 0 0 0 0 0 0 0 0 0 0 0 0 0 0 0 0 0 0 0 0 0 0 0 0 0 0 0
0 0 0 0 0 0 0 0 0 0 0 0 0 0 0 0 0 0 0 0 0 0 0 0 0 0 0 0 0 0 0 0 0 0 0 0
0 0 0 0 0 0 0 0 0 0 0 0 0 0 0 0 0 0 0 0 0 0 0 0 0 0 0 0 0 0 0 0 0 0 0 0
0 0 0 0 0 0 0 0 0 0 0 0 0 0 0 0 0 0 0 0 0 0 0 0 0 0 0 0 0 0 0 0 0 0 0 0
##$SHL_EXPANDCF15= (0..143)
0 0 0 0 0 0 0 0 0 0 0 0 0 0 0 0 0 0 0 0 0 0 0 0 0 0 0 0 0 0 0 0 0 0 0 0
0 0 0 0 0 0 0 0 0 0 0 0 0 0 0 0 0 0 0 0 0 0 0 0 0 0 0 0 0 0 0 0 0 0 0 0
0 0 0 0 0 0 0 0 0 0 0 0 0 0 0 0 0 0 0 0 0 0 0 0 0 0 0 0 0 0 0 0 0 0 0 0
0 0 0 0 0 0 0 0 0 0 0 0 0 0 0 0 0 0 0 0 0 0 0 0 0 0 0 0 0 0 0 0 0 0 0 0
##$SHL_EXPANDCF2= (0..143)
0 0 0 0 0 0 0 0 0 0 0 0 0 0 0 0 0 0 0 0 0 0 0 0 0 0 0 0 0 0 0 0 0 0 0 0
0 0 0 0 0 0 0 0 0 0 0 0 0 0 0 0 0 0 0 0 0 0 0 0 0 0 0 0 0 0 0 0 0 0 0 0
0 0 0 0 0 0 0 0 0 0 0 0 0 0 0 0 0 0 0 0 0 0 0 0 0 0 0 0 0 0 0 0 0 0 0 0
0 0 0 0 0 0 0 0 0 0 0 0 0 0 0 0 0 0 0 0 0 0 0 0 0 0 0 0 0 0 0 0 0 0 0 0
##$SHL_EXPANDCF3= (0..143)
0 0 0 0 0 0 0 0 0 0 0 0 0 0 0 0 0 0 0 0 0 0 0 0 0 0 0 0 0 0 0 0 0 0 0 0
0 0 0 0 0 0 0 0 0 0 0 0 0 0 0 0 0 0 0 0 0 0 0 0 0 0 0 0 0 0 0 0 0 0 0 0
0 0 0 0 0 0 0 0 0 0 0 0 0 0 0 0 0 0 0 0 0 0 0 0 0 0 0 0 0 0 0 0 0 0 0 0
0 0 0 0 0 0 0 0 0 0 0 0 0 0 0 0 0 0 0 0 0 0 0 0 0 0 0 0 0 0 0 0 0 0 0 0
##$SHL_EXPANDCF4= (0..143)
0 0 0 0 0 0 0 0 0 0 0 0 0 0 0 0 0 0 0 0 0 0 0 0 0 0 0 0 0 0 0 0 0 0 0 0
0 0 0 0 0 0 0 0 0 0 0 0 0 0 0 0 0 0 0 0 0 0 0 0 0 0 0 0 0 0 0 0 0 0 0 0
0 0 0 0 0 0 0 0 0 0 0 0 0 0 0 0 0 0 0 0 0 0 0 0 0 0 0 0 0 0 0 0 0 0 0 0
0 0 0 0 0 0 0 0 0 0 0 0 0 0 0 0 0 0 0 0 0 0 0 0 0 0 0 0 0 0 0 0 0 0 0 0
##$SHL_EXPANDCF5= (0..143)
0 0 0 0 0 0 0 0 0 0 0 0 0 0 0 0 0 0 0 0 0 0 0 0 0 0 0 0 0 0 0 0 0 0 0 0
0 0 0 0 0 0 0 0 0 0 0 0 0 0 0 0 0 0 0 0 0 0 0 0 0 0 0 0 0 0 0 0 0 0 0 0
0 0 0 0 0 0 0 0 0 0 0 0 0 0 0 0 0 0 0 0 0 0 0 0 0 0 0 0 0 0 0 0 0 0 0 0
0 0 0 0 0 0 0 0 0 0 0 0 0 0 0 0 0 0 0 0 0 0 0 0 0 0 0 0 0 0 0 0 0 0 0 0
##$SHL_EXPANDCF6= (0..143)
0 0 0 0 0 0 0 0 0 0 0 0 0 0 0 0 0 0 0 0 0 0 0 0 0 0 0 0 0 0 0 0 0 0 0 0
0 0 0 0 0 0 0 0 0 0 0 0 0 0 0 0 0 0 0 0 0 0 0 0 0 0 0 0 0 0 0 0 0 0 0 0
0 0 0 0 0 0 0 0 0 0 0 0 0 0 0 0 0 0 0 0 0 0 0 0 0 0 0 0 0 0 0 0 0 0 0 0
0 0 0 0 0 0 0 0 0 0 0 0 0 0 0 0 0 0 0 0 0 0 0 0 0 0 0 0 0 0 0 0 0 0 0 0
##$SHL_EXPANDCF7= (0..143)
0 0 0 0 0 0 0 0 0 0 0 0 0 0 0 0 0 0 0 0 0 0 0 0 0 0 0 0 0 0 0 0 0 0 0 0
0 0 0 0 0 0 0 0 0 0 0 0 0 0 0 0 0 0 0 0 0 0 0 0 0 0 0 0 0 0 0 0 0 0 0 0
0 0 0 0 0 0 0 0 0 0 0 0 0 0 0 0 0 0 0 0 0 0 0 0 0 0 0 0 0 0 0 0 0 0 0 0
0 0 0 0 0 0 0 0 0 0 0 0 0 0 0 0 0 0 0 0 0 0 0 0 0 0 0 0 0 0 0 0 0 0 0 0
##$SHL_EXPANDCF8= (0..143)
0 0 0 0 0 0 0 0 0 0 0 0 0 0 0 0 0 0 0 0 0 0 0 0 0 0 0 0 0 0 0 0 0 0 0 0
0 0 0 0 0 0 0 0 0 0 0 0 0 0 0 0 0 0 0 0 0 0 0 0 0 0 0 0 0 0 0 0 0 0 0 0
0 0 0 0 0 0 0 0 0 0 0 0 0 0 0 0 0 0 0 0 0 0 0 0 0 0 0 0 0 0 0 0 0 0 0 0
0 0 0 0 0 0 0 0 0 0 0 0 0 0 0 0 0 0 0 0 0 0 0 0 0 0 0 0 0 0 0 0 0 0 0 0
##$SHL_EXPANDCF9= (0..143)
0 0 0 0 0 0 0 0 0 0 0 0 0 0 0 0 0 0 0 0 0 0 0 0 0 0 0 0 0 0 0 0 0 0 0 0
0 0 0 0 0 0 0 0 0 0 0 0 0 0 0 0 0 0 0 0 0 0 0 0 0 0 0 0 0 0 0 0 0 0 0 0
0 0 0 0 0 0 0 0 0 0 0 0 0 0 0 0 0 0 0 0 0 0 0 0 0 0 0 0 0 0 0 0 0 0 0 0
0 0 0 0 0 0 0 0 0 0 0 0 0 0 0 0 0 0 0 0 0 0 0 0 0 0 0 0 0 0 0 0 0 0 0 0
##$SHL_EXPFAC= (0..15)
0 0 0 0 0 0 0 0 0 0 0 0 0 0 0 0
##$SHL_FRACEND= (0..15)
0 0 0 0 0 0 0 0 0 0 0 0 0 0 0 0
##$SHL_FRACORG= (0..15)
0 0 0 0 0 0 0 0 0 0 0 0 0 0 0 0
##$SHL_FRACSTART= (0..15)
0 0 0 0 0 0 0 0 0 0 0 0 0 0 0 0
##$SHL_FULLHALF= (0..15)
0 0 0 0 0 0 0 0 0 0 0 0 0 0 0 0
##$SHL_FUNCAMP= (0..15)
100 0 0 0 0 0 0 0 0 0 0 0 0 0 0 0
##$SHL_FUNCTION= (0..15)
<Rectangle> <> <> <> <> <> <> <> <> <> <> <> <> <> <> <>
##$SHL_GCO= (0..15)
<> <> <> <> <> <> <> <> <> <> <> <> <> <> <> <>
##$SHL_GCOCOEFFS0= (0..59)
0 0 0 0 0 0 0 0 0 0 0 0 0 0 0 0 0 0 0 0 0 0 0 0 0 0 0 0 0 0 0 0 0 0 0 0
0 0 0 0 0 0 0 0 0 0 0 0 0 0 0 0 0 0 0 0 0 0 0 0
##$SHL_GCOCOEFFS1= (0..59)
0 0 0 0 0 0 0 0 0 0 0 0 0 0 0 0 0 0 0 0 0 0 0 0 0 0 0 0 0 0 0 0 0 0 0 0
0 0 0 0 0 0 0 0 0 0 0 0 0 0 0 0 0 0 0 0 0 0 0 0
##$SHL_GCOCOEFFS10= (0..59)
0 0 0 0 0 0 0 0 0 0 0 0 0 0 0 0 0 0 0 0 0 0 0 0 0 0 0 0 0 0 0 0 0 0 0 0
0 0 0 0 0 0 0 0 0 0 0 0 0 0 0 0 0 0 0 0 0 0 0 0
##$SHL_GCOCOEFFS11= (0..59)
0 0 0 0 0 0 0 0 0 0 0 0 0 0 0 0 0 0 0 0 0 0 0 0 0 0 0 0 0 0 0 0 0 0 0 0
0 0 0 0 0 0 0 0 0 0 0 0 0 0 0 0 0 0 0 0 0 0 0 0
##$SHL_GCOCOEFFS12= (0..59)
0 0 0 0 0 0 0 0 0 0 0 0 0 0 0 0 0 0 0 0 0 0 0 0 0 0 0 0 0 0 0 0 0 0 0 0
0 0 0 0 0 0 0 0 0 0 0 0 0 0 0 0 0 0 0 0 0 0 0 0
##$SHL_GCOCOEFFS13= (0..59)
0 0 0 0 0 0 0 0 0 0 0 0 0 0 0 0 0 0 0 0 0 0 0 0 0 0 0 0 0 0 0 0 0 0 0 0
0 0 0 0 0 0 0 0 0 0 0 0 0 0 0 0 0 0 0 0 0 0 0 0
##$SHL_GCOCOEFFS14= (0..59)
0 0 0 0 0 0 0 0 0 0 0 0 0 0 0 0 0 0 0 0 0 0 0 0 0 0 0 0 0 0 0 0 0 0 0 0
0 0 0 0 0 0 0 0 0 0 0 0 0 0 0 0 0 0 0 0 0 0 0 0
##$SHL_GCOCOEFFS15= (0..59)
0 0 0 0 0 0 0 0 0 0 0 0 0 0 0 0 0 0 0 0 0 0 0 0 0 0 0 0 0 0 0 0 0 0 0 0
0 0 0 0 0 0 0 0 0 0 0 0 0 0 0 0 0 0 0 0 0 0 0 0
##$SHL_GCOCOEFFS2= (0..59)
0 0 0 0 0 0 0 0 0 0 0 0 0 0 0 0 0 0 0 0 0 0 0 0 0 0 0 0 0 0 0 0 0 0 0 0
0 0 0 0 0 0 0 0 0 0 0 0 0 0 0 0 0 0 0 0 0 0 0 0
##$SHL_GCOCOEFFS3= (0..59)
0 0 0 0 0 0 0 0 0 0 0 0 0 0 0 0 0 0 0 0 0 0 0 0 0 0 0 0 0 0 0 0 0 0 0 0
0 0 0 0 0 0 0 0 0 0 0 0 0 0 0 0 0 0 0 0 0 0 0 0
##$SHL_GCOCOEFFS4= (0..59)
0 0 0 0 0 0 0 0 0 0 0 0 0 0 0 0 0 0 0 0 0 0 0 0 0 0 0 0 0 0 0 0 0 0 0 0
0 0 0 0 0 0 0 0 0 0 0 0 0 0 0 0 0 0 0 0 0 0 0 0
##$SHL_GCOCOEFFS5= (0..59)
0 0 0 0 0 0 0 0 0 0 0 0 0 0 0 0 0 0 0 0 0 0 0 0 0 0 0 0 0 0 0 0 0 0 0 0
0 0 0 0 0 0 0 0 0 0 0 0 0 0 0 0 0 0 0 0 0 0 0 0
##$SHL_GCOCOEFFS6= (0..59)
0 0 0 0 0 0 0 0 0 0 0 0 0 0 0 0 0 0 0 0 0 0 0 0 0 0 0 0 0 0 0 0 0 0 0 0
0 0 0 0 0 0 0 0 0 0 0 0 0 0 0 0 0 0 0 0 0 0 0 0
##$SHL_GCOCOEFFS7= (0..59)
0 0 0 0 0 0 0 0 0 0 0 0 0 0 0 0 0 0 0 0 0 0 0 0 0 0 0 0 0 0 0 0 0 0 0 0
0 0 0 0 0 0 0 0 0 0 0 0 0 0 0 0 0 0 0 0 0 0 0 0
##$SHL_GCOCOEFFS8= (0..59)
0 0 0 0 0 0 0 0 0 0 0 0 0 0 0 0 0 0 0 0 0 0 0 0 0 0 0 0 0 0 0 0 0 0 0 0
0 0 0 0 0 0 0 0 0 0 0 0 0 0 0 0 0 0 0 0 0 0 0 0
##$SHL_GCOCOEFFS9= (0..59)
0 0 0 0 0 0 0 0 0 0 0 0 0 0 0 0 0 0 0 0 0 0 0 0 0 0 0 0 0 0 0 0 0 0 0 0
0 0 0 0 0 0 0 0 0 0 0 0 0 0 0 0 0 0 0 0 0 0 0 0
##$SHL_INTEGFAC= (0..15)
1 0 0 0 0 0 0 0 0 0 0 0 0 0 0 0
##$SHL_LB= (0..15)
0 0 0 0 0 0 0 0 0 0 0 0 0 0 0 0
##$SHL_LEFTLIMIT= (0..15)
0 0 0 0 0 0 0 0 0 0 0 0 0 0 0 0
##$SHL_LENGTH= (0..15)
25000.000373 0 0 0 0 0 0 0 0 0 0 0 0 0 0 0
##$SHL_MAN= (0..15)
<> <> <> <> <> <> <> <> <> <> <> <> <> <> <> <>
##$SHL_MEANAMP= (0..15)
0 0 0 0 0 0 0 0 0 0 0 0 0 0 0 0
##$SHL_MODAMP= (0..15)
0 0 0 0 0 0 0 0 0 0 0 0 0 0 0 0
##$SHL_MODE= (0..15)
0 0 0 0 0 0 0 0 0 0 0 0 0 0 0 0
##$SHL_MODFREQ= (0..15)
0 0 0 0 0 0 0 0 0 0 0 0 0 0 0 0
##$SHL_MODPHASE= (0..15)
0 0 0 0 0 0 0 0 0 0 0 0 0 0 0 0
##$SHL_MODSCALE= (0..15)
0 0 0 0 0 0 0 0 0 0 0 0 0 0 0 0
##$SHL_MODSW= (0..15)
0 0 0 0 0 0 0 0 0 0 0 0 0 0 0 0
##$SHL_MODSWDIR= (0..15)
-1 -1 -1 -1 -1 -1 -1 -1 -1 -1 -1 -1 -1 -1 -1 -1
##$SHL_MU= (0..15)
0 0 0 0 0 0 0 0 0 0 0 0 0 0 0 0
##$SHL_NPOINTS= (0..15)
1250 0 0 0 0 0 0 0 0 0 0 0 0 0 0 0
##$SHL_OFFS= (0..15)
<> <> <> <> <> <> <> <> <> <> <> <> <> <> <> <>
##$SHL_OFFSCOEFF0= (0..95)
0 0 0 0 0 0 0 0 0 0 0 0 0 0 0 0 0 0 0 0 0 0 0 0 0 0 0 0 0 0 0 0 0 0 0 0
0 0 0 0 0 0 0 0 0 0 0 0 0 0 0 0 0 0 0 0 0 0 0 0 0 0 0 0 0 0 0 0 0 0 0 0
0 0 0 0 0 0 0 0 0 0 0 0 0 0 0 0 0 0 0 0 0 0 0 0
##$SHL_OFFSCOEFF1= (0..95)
0 0 0 0 0 0 0 0 0 0 0 0 0 0 0 0 0 0 0 0 0 0 0 0 0 0 0 0 0 0 0 0 0 0 0 0
0 0 0 0 0 0 0 0 0 0 0 0 0 0 0 0 0 0 0 0 0 0 0 0 0 0 0 0 0 0 0 0 0 0 0 0
0 0 0 0 0 0 0 0 0 0 0 0 0 0 0 0 0 0 0 0 0 0 0 0
##$SHL_OFFSCOEFF10= (0..95)
0 0 0 0 0 0 0 0 0 0 0 0 0 0 0 0 0 0 0 0 0 0 0 0 0 0 0 0 0 0 0 0 0 0 0 0
0 0 0 0 0 0 0 0 0 0 0 0 0 0 0 0 0 0 0 0 0 0 0 0 0 0 0 0 0 0 0 0 0 0 0 0
0 0 0 0 0 0 0 0 0 0 0 0 0 0 0 0 0 0 0 0 0 0 0 0
##$SHL_OFFSCOEFF11= (0..95)
0 0 0 0 0 0 0 0 0 0 0 0 0 0 0 0 0 0 0 0 0 0 0 0 0 0 0 0 0 0 0 0 0 0 0 0
0 0 0 0 0 0 0 0 0 0 0 0 0 0 0 0 0 0 0 0 0 0 0 0 0 0 0 0 0 0 0 0 0 0 0 0
0 0 0 0 0 0 0 0 0 0 0 0 0 0 0 0 0 0 0 0 0 0 0 0
##$SHL_OFFSCOEFF12= (0..95)
0 0 0 0 0 0 0 0 0 0 0 0 0 0 0 0 0 0 0 0 0 0 0 0 0 0 0 0 0 0 0 0 0 0 0 0
0 0 0 0 0 0 0 0 0 0 0 0 0 0 0 0 0 0 0 0 0 0 0 0 0 0 0 0 0 0 0 0 0 0 0 0
0 0 0 0 0 0 0 0 0 0 0 0 0 0 0 0 0 0 0 0 0 0 0 0
##$SHL_OFFSCOEFF13= (0..95)
0 0 0 0 0 0 0 0 0 0 0 0 0 0 0 0 0 0 0 0 0 0 0 0 0 0 0 0 0 0 0 0 0 0 0 0
0 0 0 0 0 0 0 0 0 0 0 0 0 0 0 0 0 0 0 0 0 0 0 0 0 0 0 0 0 0 0 0 0 0 0 0
0 0 0 0 0 0 0 0 0 0 0 0 0 0 0 0 0 0 0 0 0 0 0 0
##$SHL_OFFSCOEFF14= (0..95)
0 0 0 0 0 0 0 0 0 0 0 0 0 0 0 0 0 0 0 0 0 0 0 0 0 0 0 0 0 0 0 0 0 0 0 0
0 0 0 0 0 0 0 0 0 0 0 0 0 0 0 0 0 0 0 0 0 0 0 0 0 0 0 0 0 0 0 0 0 0 0 0
0 0 0 0 0 0 0 0 0 0 0 0 0 0 0 0 0 0 0 0 0 0 0 0
##$SHL_OFFSCOEFF15= (0..95)
0 0 0 0 0 0 0 0 0 0 0 0 0 0 0 0 0 0 0 0 0 0 0 0 0 0 0 0 0 0 0 0 0 0 0 0
0 0 0 0 0 0 0 0 0 0 0 0 0 0 0 0 0 0 0 0 0 0 0 0 0 0 0 0 0 0 0 0 0 0 0 0
0 0 0 0 0 0 0 0 0 0 0 0 0 0 0 0 0 0 0 0 0 0 0 0
##$SHL_OFFSCOEFF2= (0..95)
0 0 0 0 0 0 0 0 0 0 0 0 0 0 0 0 0 0 0 0 0 0 0 0 0 0 0 0 0 0 0 0 0 0 0 0
0 0 0 0 0 0 0 0 0 0 0 0 0 0 0 0 0 0 0 0 0 0 0 0 0 0 0 0 0 0 0 0 0 0 0 0
0 0 0 0 0 0 0 0 0 0 0 0 0 0 0 0 0 0 0 0 0 0 0 0
##$SHL_OFFSCOEFF3= (0..95)
0 0 0 0 0 0 0 0 0 0 0 0 0 0 0 0 0 0 0 0 0 0 0 0 0 0 0 0 0 0 0 0 0 0 0 0
0 0 0 0 0 0 0 0 0 0 0 0 0 0 0 0 0 0 0 0 0 0 0 0 0 0 0 0 0 0 0 0 0 0 0 0
0 0 0 0 0 0 0 0 0 0 0 0 0 0 0 0 0 0 0 0 0 0 0 0
##$SHL_OFFSCOEFF4= (0..95)
0 0 0 0 0 0 0 0 0 0 0 0 0 0 0 0 0 0 0 0 0 0 0 0 0 0 0 0 0 0 0 0 0 0 0 0
0 0 0 0 0 0 0 0 0 0 0 0 0 0 0 0 0 0 0 0 0 0 0 0 0 0 0 0 0 0 0 0 0 0 0 0
0 0 0 0 0 0 0 0 0 0 0 0 0 0 0 0 0 0 0 0 0 0 0 0
##$SHL_OFFSCOEFF5= (0..95)
0 0 0 0 0 0 0 0 0 0 0 0 0 0 0 0 0 0 0 0 0 0 0 0 0 0 0 0 0 0 0 0 0 0 0 0
0 0 0 0 0 0 0 0 0 0 0 0 0 0 0 0 0 0 0 0 0 0 0 0 0 0 0 0 0 0 0 0 0 0 0 0
0 0 0 0 0 0 0 0 0 0 0 0 0 0 0 0 0 0 0 0 0 0 0 0
##$SHL_OFFSCOEFF6= (0..95)
0 0 0 0 0 0 0 0 0 0 0 0 0 0 0 0 0 0 0 0 0 0 0 0 0 0 0 0 0 0 0 0 0 0 0 0
0 0 0 0 0 0 0 0 0 0 0 0 0 0 0 0 0 0 0 0 0 0 0 0 0 0 0 0 0 0 0 0 0 0 0 0
0 0 0 0 0 0 0 0 0 0 0 0 0 0 0 0 0 0 0 0 0 0 0 0
##$SHL_OFFSCOEFF7= (0..95)
0 0 0 0 0 0 0 0 0 0 0 0 0 0 0 0 0 0 0 0 0 0 0 0 0 0 0 0 0 0 0 0 0 0 0 0
0 0 0 0 0 0 0 0 0 0 0 0 0 0 0 0 0 0 0 0 0 0 0 0 0 0 0 0 0 0 0 0 0 0 0 0
0 0 0 0 0 0 0 0 0 0 0 0 0 0 0 0 0 0 0 0 0 0 0 0
##$SHL_OFFSCOEFF8= (0..95)
0 0 0 0 0 0 0 0 0 0 0 0 0 0 0 0 0 0 0 0 0 0 0 0 0 0 0 0 0 0 0 0 0 0 0 0
0 0 0 0 0 0 0 0 0 0 0 0 0 0 0 0 0 0 0 0 0 0 0 0 0 0 0 0 0 0 0 0 0 0 0 0
0 0 0 0 0 0 0 0 0 0 0 0 0 0 0 0 0 0 0 0 0 0 0 0
##$SHL_OFFSCOEFF9= (0..95)
0 0 0 0 0 0 0 0 0 0 0 0 0 0 0 0 0 0 0 0 0 0 0 0 0 0 0 0 0 0 0 0 0 0 0 0
0 0 0 0 0 0 0 0 0 0 0 0 0 0 0 0 0 0 0 0 0 0 0 0 0 0 0 0 0 0 0 0 0 0 0 0
0 0 0 0 0 0 0 0 0 0 0 0 0 0 0 0 0 0 0 0 0 0 0 0
##$SHL_PHASE= (0..15)
0 0 0 0 0 0 0 0 0 0 0 0 0 0 0 0
##$SHL_PHASEFAC= (0..15)
0 0 0 0 0 0 0 0 0 0 0 0 0 0 0 0
##$SHL_POWERINDEX= (0..15)
0 0 0 0 0 0 0 0 0 0 0 0 0 0 0 0
##$SHL_QUADCOEFF= (0..15)
0 0 0 0 0 0 0 0 0 0 0 0 0 0 0 0
##$SHL_RIGHTLIMIT= (0..15)
0 0 0 0 0 0 0 0 0 0 0 0 0 0 0 0
##$SHL_SCALEFACTOR= (0..15)
1 1 1 1 1 1 1 1 1 1 1 1 1 1 1 1
##$SHL_SF= (0..15)
<> <> <> <> <> <> <> <> <> <> <> <> <> <> <> <>
##$SHL_SFCOEFFS0= (0..200)
0 0 0 0 0 0 0 0 0 0 0 0 0 0 0 0 0 0 0 0 0 0 0 0 0 0 0 0 0 0 0 0 0 0 0 0
0 0 0 0 0 0 0 0 0 0 0 0 0 0 0 0 0 0 0 0 0 0 0 0 0 0 0 0 0 0 0 0 0 0 0 0
0 0 0 0 0 0 0 0 0 0 0 0 0 0 0 0 0 0 0 0 0 0 0 0 0 0 0 0 0 0 0 0 0 0 0 0
0 0 0 0 0 0 0 0 0 0 0 0 0 0 0 0 0 0 0 0 0 0 0 0 0 0 0 0 0 0 0 0 0 0 0 0
0 0 0 0 0 0 0 0 0 0 0 0 0 0 0 0 0 0 0 0 0 0 0 0 0 0 0 0 0 0 0 0 0 0 0 0
0 0 0 0 0 0 0 0 0 0 0 0 0 0 0 0 0 0 0 0 0
##$SHL_SFCOEFFS1= (0..200)
0 0 0 0 0 0 0 0 0 0 0 0 0 0 0 0 0 0 0 0 0 0 0 0 0 0 0 0 0 0 0 0 0 0 0 0
0 0 0 0 0 0 0 0 0 0 0 0 0 0 0 0 0 0 0 0 0 0 0 0 0 0 0 0 0 0 0 0 0 0 0 0
0 0 0 0 0 0 0 0 0 0 0 0 0 0 0 0 0 0 0 0 0 0 0 0 0 0 0 0 0 0 0 0 0 0 0 0
0 0 0 0 0 0 0 0 0 0 0 0 0 0 0 0 0 0 0 0 0 0 0 0 0 0 0 0 0 0 0 0 0 0 0 0
0 0 0 0 0 0 0 0 0 0 0 0 0 0 0 0 0 0 0 0 0 0 0 0 0 0 0 0 0 0 0 0 0 0 0 0
0 0 0 0 0 0 0 0 0 0 0 0 0 0 0 0 0 0 0 0 0
##$SHL_SFCOEFFS10= (0..200)
0 0 0 0 0 0 0 0 0 0 0 0 0 0 0 0 0 0 0 0 0 0 0 0 0 0 0 0 0 0 0 0 0 0 0 0
0 0 0 0 0 0 0 0 0 0 0 0 0 0 0 0 0 0 0 0 0 0 0 0 0 0 0 0 0 0 0 0 0 0 0 0
0 0 0 0 0 0 0 0 0 0 0 0 0 0 0 0 0 0 0 0 0 0 0 0 0 0 0 0 0 0 0 0 0 0 0 0
0 0 0 0 0 0 0 0 0 0 0 0 0 0 0 0 0 0 0 0 0 0 0 0 0 0 0 0 0 0 0 0 0 0 0 0
0 0 0 0 0 0 0 0 0 0 0 0 0 0 0 0 0 0 0 0 0 0 0 0 0 0 0 0 0 0 0 0 0 0 0 0
0 0 0 0 0 0 0 0 0 0 0 0 0 0 0 0 0 0 0 0 0
##$SHL_SFCOEFFS11= (0..200)
0 0 0 0 0 0 0 0 0 0 0 0 0 0 0 0 0 0 0 0 0 0 0 0 0 0 0 0 0 0 0 0 0 0 0 0
0 0 0 0 0 0 0 0 0 0 0 0 0 0 0 0 0 0 0 0 0 0 0 0 0 0 0 0 0 0 0 0 0 0 0 0
0 0 0 0 0 0 0 0 0 0 0 0 0 0 0 0 0 0 0 0 0 0 0 0 0 0 0 0 0 0 0 0 0 0 0 0
0 0 0 0 0 0 0 0 0 0 0 0 0 0 0 0 0 0 0 0 0 0 0 0 0 0 0 0 0 0 0 0 0 0 0 0
0 0 0 0 0 0 0 0 0 0 0 0 0 0 0 0 0 0 0 0 0 0 0 0 0 0 0 0 0 0 0 0 0 0 0 0
0 0 0 0 0 0 0 0 0 0 0 0 0 0 0 0 0 0 0 0 0
##$SHL_SFCOEFFS12= (0..200)
0 0 0 0 0 0 0 0 0 0 0 0 0 0 0 0 0 0 0 0 0 0 0 0 0 0 0 0 0 0 0 0 0 0 0 0
0 0 0 0 0 0 0 0 0 0 0 0 0 0 0 0 0 0 0 0 0 0 0 0 0 0 0 0 0 0 0 0 0 0 0 0
0 0 0 0 0 0 0 0 0 0 0 0 0 0 0 0 0 0 0 0 0 0 0 0 0 0 0 0 0 0 0 0 0 0 0 0
0 0 0 0 0 0 0 0 0 0 0 0 0 0 0 0 0 0 0 0 0 0 0 0 0 0 0 0 0 0 0 0 0 0 0 0
0 0 0 0 0 0 0 0 0 0 0 0 0 0 0 0 0 0 0 0 0 0 0 0 0 0 0 0 0 0 0 0 0 0 0 0
0 0 0 0 0 0 0 0 0 0 0 0 0 0 0 0 0 0 0 0 0
##$SHL_SFCOEFFS13= (0..200)
0 0 0 0 0 0 0 0 0 0 0 0 0 0 0 0 0 0 0 0 0 0 0 0 0 0 0 0 0 0 0 0 0 0 0 0
0 0 0 0 0 0 0 0 0 0 0 0 0 0 0 0 0 0 0 0 0 0 0 0 0 0 0 0 0 0 0 0 0 0 0 0
0 0 0 0 0 0 0 0 0 0 0 0 0 0 0 0 0 0 0 0 0 0 0 0 0 0 0 0 0 0 0 0 0 0 0 0
0 0 0 0 0 0 0 0 0 0 0 0 0 0 0 0 0 0 0 0 0 0 0 0 0 0 0 0 0 0 0 0 0 0 0 0
0 0 0 0 0 0 0 0 0 0 0 0 0 0 0 0 0 0 0 0 0 0 0 0 0 0 0 0 0 0 0 0 0 0 0 0
0 0 0 0 0 0 0 0 0 0 0 0 0 0 0 0 0 0 0 0 0
##$SHL_SFCOEFFS14= (0..200)
0 0 0 0 0 0 0 0 0 0 0 0 0 0 0 0 0 0 0 0 0 0 0 0 0 0 0 0 0 0 0 0 0 0 0 0
0 0 0 0 0 0 0 0 0 0 0 0 0 0 0 0 0 0 0 0 0 0 0 0 0 0 0 0 0 0 0 0 0 0 0 0
0 0 0 0 0 0 0 0 0 0 0 0 0 0 0 0 0 0 0 0 0 0 0 0 0 0 0 0 0 0 0 0 0 0 0 0
0 0 0 0 0 0 0 0 0 0 0 0 0 0 0 0 0 0 0 0 0 0 0 0 0 0 0 0 0 0 0 0 0 0 0 0
0 0 0 0 0 0 0 0 0 0 0 0 0 0 0 0 0 0 0 0 0 0 0 0 0 0 0 0 0 0 0 0 0 0 0 0
0 0 0 0 0 0 0 0 0 0 0 0 0 0 0 0 0 0 0 0 0
##$SHL_SFCOEFFS15= (0..200)
0 0 0 0 0 0 0 0 0 0 0 0 0 0 0 0 0 0 0 0 0 0 0 0 0 0 0 0 0 0 0 0 0 0 0 0
0 0 0 0 0 0 0 0 0 0 0 0 0 0 0 0 0 0 0 0 0 0 0 0 0 0 0 0 0 0 0 0 0 0 0 0
0 0 0 0 0 0 0 0 0 0 0 0 0 0 0 0 0 0 0 0 0 0 0 0 0 0 0 0 0 0 0 0 0 0 0 0
0 0 0 0 0 0 0 0 0 0 0 0 0 0 0 0 0 0 0 0 0 0 0 0 0 0 0 0 0 0 0 0 0 0 0 0
0 0 0 0 0 0 0 0 0 0 0 0 0 0 0 0 0 0 0 0 0 0 0 0 0 0 0 0 0 0 0 0 0 0 0 0
0 0 0 0 0 0 0 0 0 0 0 0 0 0 0 0 0 0 0 0 0
##$SHL_SFCOEFFS2= (0..200)
0 0 0 0 0 0 0 0 0 0 0 0 0 0 0 0 0 0 0 0 0 0 0 0 0 0 0 0 0 0 0 0 0 0 0 0
0 0 0 0 0 0 0 0 0 0 0 0 0 0 0 0 0 0 0 0 0 0 0 0 0 0 0 0 0 0 0 0 0 0 0 0
0 0 0 0 0 0 0 0 0 0 0 0 0 0 0 0 0 0 0 0 0 0 0 0 0 0 0 0 0 0 0 0 0 0 0 0
0 0 0 0 0 0 0 0 0 0 0 0 0 0 0 0 0 0 0 0 0 0 0 0 0 0 0 0 0 0 0 0 0 0 0 0
0 0 0 0 0 0 0 0 0 0 0 0 0 0 0 0 0 0 0 0 0 0 0 0 0 0 0 0 0 0 0 0 0 0 0 0
0 0 0 0 0 0 0 0 0 0 0 0 0 0 0 0 0 0 0 0 0
##$SHL_SFCOEFFS3= (0..200)
0 0 0 0 0 0 0 0 0 0 0 0 0 0 0 0 0 0 0 0 0 0 0 0 0 0 0 0 0 0 0 0 0 0 0 0
0 0 0 0 0 0 0 0 0 0 0 0 0 0 0 0 0 0 0 0 0 0 0 0 0 0 0 0 0 0 0 0 0 0 0 0
0 0 0 0 0 0 0 0 0 0 0 0 0 0 0 0 0 0 0 0 0 0 0 0 0 0 0 0 0 0 0 0 0 0 0 0
0 0 0 0 0 0 0 0 0 0 0 0 0 0 0 0 0 0 0 0 0 0 0 0 0 0 0 0 0 0 0 0 0 0 0 0
0 0 0 0 0 0 0 0 0 0 0 0 0 0 0 0 0 0 0 0 0 0 0 0 0 0 0 0 0 0 0 0 0 0 0 0
0 0 0 0 0 0 0 0 0 0 0 0 0 0 0 0 0 0 0 0 0
##$SHL_SFCOEFFS4= (0..200)
0 0 0 0 0 0 0 0 0 0 0 0 0 0 0 0 0 0 0 0 0 0 0 0 0 0 0 0 0 0 0 0 0 0 0 0
0 0 0 0 0 0 0 0 0 0 0 0 0 0 0 0 0 0 0 0 0 0 0 0 0 0 0 0 0 0 0 0 0 0 0 0
0 0 0 0 0 0 0 0 0 0 0 0 0 0 0 0 0 0 0 0 0 0 0 0 0 0 0 0 0 0 0 0 0 0 0 0
0 0 0 0 0 0 0 0 0 0 0 0 0 0 0 0 0 0 0 0 0 0 0 0 0 0 0 0 0 0 0 0 0 0 0 0
0 0 0 0 0 0 0 0 0 0 0 0 0 0 0 0 0 0 0 0 0 0 0 0 0 0 0 0 0 0 0 0 0 0 0 0
0 0 0 0 0 0 0 0 0 0 0 0 0 0 0 0 0 0 0 0 0
##$SHL_SFCOEFFS5= (0..200)
0 0 0 0 0 0 0 0 0 0 0 0 0 0 0 0 0 0 0 0 0 0 0 0 0 0 0 0 0 0 0 0 0 0 0 0
0 0 0 0 0 0 0 0 0 0 0 0 0 0 0 0 0 0 0 0 0 0 0 0 0 0 0 0 0 0 0 0 0 0 0 0
0 0 0 0 0 0 0 0 0 0 0 0 0 0 0 0 0 0 0 0 0 0 0 0 0 0 0 0 0 0 0 0 0 0 0 0
0 0 0 0 0 0 0 0 0 0 0 0 0 0 0 0 0 0 0 0 0 0 0 0 0 0 0 0 0 0 0 0 0 0 0 0
0 0 0 0 0 0 0 0 0 0 0 0 0 0 0 0 0 0 0 0 0 0 0 0 0 0 0 0 0 0 0 0 0 0 0 0
0 0 0 0 0 0 0 0 0 0 0 0 0 0 0 0 0 0 0 0 0
##$SHL_SFCOEFFS6= (0..200)
0 0 0 0 0 0 0 0 0 0 0 0 0 0 0 0 0 0 0 0 0 0 0 0 0 0 0 0 0 0 0 0 0 0 0 0
0 0 0 0 0 0 0 0 0 0 0 0 0 0 0 0 0 0 0 0 0 0 0 0 0 0 0 0 0 0 0 0 0 0 0 0
0 0 0 0 0 0 0 0 0 0 0 0 0 0 0 0 0 0 0 0 0 0 0 0 0 0 0 0 0 0 0 0 0 0 0 0
0 0 0 0 0 0 0 0 0 0 0 0 0 0 0 0 0 0 0 0 0 0 0 0 0 0 0 0 0 0 0 0 0 0 0 0
0 0 0 0 0 0 0 0 0 0 0 0 0 0 0 0 0 0 0 0 0 0 0 0 0 0 0 0 0 0 0 0 0 0 0 0
0 0 0 0 0 0 0 0 0 0 0 0 0 0 0 0 0 0 0 0 0
##$SHL_SFCOEFFS7= (0..200)
0 0 0 0 0 0 0 0 0 0 0 0 0 0 0 0 0 0 0 0 0 0 0 0 0 0 0 0 0 0 0 0 0 0 0 0
0 0 0 0 0 0 0 0 0 0 0 0 0 0 0 0 0 0 0 0 0 0 0 0 0 0 0 0 0 0 0 0 0 0 0 0
0 0 0 0 0 0 0 0 0 0 0 0 0 0 0 0 0 0 0 0 0 0 0 0 0 0 0 0 0 0 0 0 0 0 0 0
0 0 0 0 0 0 0 0 0 0 0 0 0 0 0 0 0 0 0 0 0 0 0 0 0 0 0 0 0 0 0 0 0 0 0 0
0 0 0 0 0 0 0 0 0 0 0 0 0 0 0 0 0 0 0 0 0 0 0 0 0 0 0 0 0 0 0 0 0 0 0 0
0 0 0 0 0 0 0 0 0 0 0 0 0 0 0 0 0 0 0 0 0
##$SHL_SFCOEFFS8= (0..200)
0 0 0 0 0 0 0 0 0 0 0 0 0 0 0 0 0 0 0 0 0 0 0 0 0 0 0 0 0 0 0 0 0 0 0 0
0 0 0 0 0 0 0 0 0 0 0 0 0 0 0 0 0 0 0 0 0 0 0 0 0 0 0 0 0 0 0 0 0 0 0 0
0 0 0 0 0 0 0 0 0 0 0 0 0 0 0 0 0 0 0 0 0 0 0 0 0 0 0 0 0 0 0 0 0 0 0 0
0 0 0 0 0 0 0 0 0 0 0 0 0 0 0 0 0 0 0 0 0 0 0 0 0 0 0 0 0 0 0 0 0 0 0 0
0 0 0 0 0 0 0 0 0 0 0 0 0 0 0 0 0 0 0 0 0 0 0 0 0 0 0 0 0 0 0 0 0 0 0 0
0 0 0 0 0 0 0 0 0 0 0 0 0 0 0 0 0 0 0 0 0
##$SHL_SFCOEFFS9= (0..200)
0 0 0 0 0 0 0 0 0 0 0 0 0 0 0 0 0 0 0 0 0 0 0 0 0 0 0 0 0 0 0 0 0 0 0 0
0 0 0 0 0 0 0 0 0 0 0 0 0 0 0 0 0 0 0 0 0 0 0 0 0 0 0 0 0 0 0 0 0 0 0 0
0 0 0 0 0 0 0 0 0 0 0 0 0 0 0 0 0 0 0 0 0 0 0 0 0 0 0 0 0 0 0 0 0 0 0 0
0 0 0 0 0 0 0 0 0 0 0 0 0 0 0 0 0 0 0 0 0 0 0 0 0 0 0 0 0 0 0 0 0 0 0 0
0 0 0 0 0 0 0 0 0 0 0 0 0 0 0 0 0 0 0 0 0 0 0 0 0 0 0 0 0 0 0 0 0 0 0 0
0 0 0 0 0 0 0 0 0 0 0 0 0 0 0 0 0 0 0 0 0
##$SHL_SMOOTHED= (0..15)
0 0 0 0 0 0 0 0 0 0 0 0 0 0 0 0
##$SHL_SMOOTHING= (0..15)
0 0 0 0 0 0 0 0 0 0 0 0 0 0 0 0
##$SHL_SPOAL= (0..15)
0 0 0 0 0 0 0 0 0 0 0 0 0 0 0 0
##$SHL_SPOFFS= (0..15)
0 0 0 0 0 0 0 0 0 0 0 0 0 0 0 0
##$SHL_SPOPH= (0..15)
0 0 0 0 0 0 0 0 0 0 0 0 0 0 0 0
##$SHL_STARTAMP= (0..15)
0 0 0 0 0 0 0 0 0 0 0 0 0 0 0 0
##$SHL_SW= (0..15)
0 0 0 0 0 0 0 0 0 0 0 0 0 0 0 0
##$SHL_SWDIR= (0..15)
-1 -1 -1 -1 -1 -1 -1 -1 -1 -1 -1 -1 -1 -1 -1 -1
##$SHL_TANKAPPA= (0..15)
0 0 0 0 0 0 0 0 0 0 0 0 0 0 0 0
##$SHL_TOTROT= (0..15)
90 0 0 0 0 0 0 0 0 0 0 0 0 0 0 0
##$SHL_TRUNCLEV= (0..15)
0 0 0 0 0 0 0 0 0 0 0 0 0 0 0 0
##$SHL_TYPE= (0..15)
<Excitation> <> <> <> <> <> <> <> <> <> <> <> <> <> <> <>
##$SHL_WINDOWSIZE= (0..15)
0 0 0 0 0 0 0 0 0 0 0 0 0 0 0 0
##$SHL_ZETA= (0..15)
0 0 0 0 0 0 0 0 0 0 0 0 0 0 0 0
##NPOINTS= 1250
##XYPOINTS= (XY..XY)
72.804793, 53.555955
72.343546, 55.204673
71.879440, 56.853473
71.412509, 58.502356
70.942788, 60.151322
70.470310, 61.800376
69.995111, 63.449517
69.517224, 65.098748
69.036687, 66.748070
68.553532, 68.397487
68.067797, 70.047000
67.579516, 71.696611
67.088725, 73.346322
66.595461, 74.996136
66.099759, 76.646055
65.601657, 78.296081
65.101189, 79.946217
64.598394, 81.596466
64.093307, 83.246830
63.585967, 84.897313
63.076410, 86.547916
62.564673, 88.198644
62.050795, 89.849499
61.534812, 91.500485
61.016763, 93.151604
60.496686, 94.802861
59.974618, 96.454259
59.450599, 98.105802
58.924666, 99.757493
58.396858, 101.409337
57.867214, 103.061339
57.335772, 104.713501
56.802573, 106.365830
56.267654, 108.018329
55.731055, 109.671003
55.192815, 111.323858
54.652974, 112.976900
54.111572, 114.630133
53.568648, 116.283563
53.024242, 117.937196
52.478394, 119.591039
51.931144, 121.245099
51.382532, 122.899381
50.832598, 124.553894
50.281384, 126.208644
49.728929, 127.863639
49.175273, 129.518888
48.620458, 131.174399
48.064525, 132.830181
47.507513, 134.486243
46.949464, 136.142595
46.390419, 137.799247
45.830419, 139.456210
45.269505, 141.113495
44.707719, 142.771114
44.145101, 144.429080
43.581692, 146.087404
43.017535, 147.746102
42.452671, 149.405187
41.887141, 151.064674
41.320987, 152.724580
40.754250, 154.384921
40.186973, 156.045715
39.619196, 157.706981
39.050962, 159.368738
38.482312, 161.031008
37.913288, 162.693812
37.343932, 164.357174
36.774287, 166.021119
36.204393, 167.685673
35.634293, 169.350864
35.064029, 171.016722
34.493643, 172.683278
33.923177, 174.350566
33.352673, 176.018621
32.782173, 177.687483
32.211720, 179.357190
31.641354, 181.027788
31.071120, 182.699323
30.501058, 184.371844
29.931210, 186.045405
29.361620, 187.720064
28.792329, 189.395882
28.223380, 191.072926
27.654814, 192.751267
27.086674, 194.430984
26.519001, 196.112160
25.951840, 197.794885
25.385231, 199.479258
24.819216, 201.165386
24.253839, 202.853385
23.689142, 204.543382
23.125166, 206.235516
22.561955, 207.929938
21.999551, 209.626814
21.437996, 211.326328
20.877333, 213.028680
20.317604, 214.734095
19.758853, 216.442818
19.201122, 218.155122
18.644454, 219.871314
18.088893, 221.591732
17.534482, 223.316758
16.981264, 225.046820
16.429284, 226.782402
15.878585, 228.524050
15.329213, 230.272385
14.781213, 232.028118
14.234630, 233.792060
13.689512, 235.565149
13.145906, 237.348469
12.603861, 239.143283
12.063426, 240.951069
11.524654, 242.773572
10.987598, 244.612861
10.452316, 246.471413
9.918867, 248.352215
9.387317, 250.258905
8.857735, 252.195957
8.330200, 254.168932
7.804799, 256.184837
7.281634, 258.252617
6.760824, 260.383872
6.242517, 262.593921
5.726895, 264.903402
5.214197, 267.340787
4.704749, 269.946438
4.199006, 272.779448
3.697652, 275.929720
3.201756, 279.540509
2.713121, 283.853328
2.235036, 289.304385
1.774153, 296.748886
1.345695, 308.010105
0.989073, 327.006057
0.801669, 358.531270
0.892722, 33.491557
1.197424, 56.598173
1.595590, 69.994459
2.031187, 78.499328
2.483078, 84.522929
2.942464, 89.172718
3.405172, 92.996402
3.868995, 96.288978
4.332657, 99.221484
4.795365, 101.899278
5.256599, 104.390559
5.715998, 106.741320
6.173302, 108.983655
6.628312, 111.140619
7.080877, 113.229185
7.530873, 115.262124
7.978198, 117.249220
8.422766, 119.198099
8.864502, 121.114784
9.303340, 123.004101
9.739219, 124.869958
10.172087, 126.715553
10.601891, 128.543531
11.028586, 130.356093
11.452127, 132.155092
11.872471, 133.942093
12.289580, 135.718430
12.703413, 137.485247
13.113935, 139.243529
13.521108, 140.994131
13.924898, 142.737796
14.325271, 144.475176
14.722193, 146.206841
15.115631, 147.933296
15.505554, 149.654988
15.891930, 151.372314
16.274728, 153.085627
16.653918, 154.795245
17.029471, 156.501451
17.401356, 158.204501
17.769545, 159.904625
18.134010, 161.602033
18.494722, 163.296913
18.851654, 164.989437
19.204779, 166.679761
19.554069, 168.368030
19.899498, 170.054372
20.241041, 171.738909
20.578670, 173.421750
20.912361, 175.102995
21.242088, 176.782740
21.567828, 178.461068
21.889554, 180.138061
22.207244, 181.813791
22.520873, 183.488326
22.830418, 185.161730
23.135856, 186.834061
23.437163, 188.505375
23.734319, 190.175722
24.027300, 191.845149
24.316084, 193.513702
24.600651, 195.181422
24.880979, 196.848347
25.157047, 198.514514
25.428835, 200.179957
25.696323, 201.844709
25.959490, 203.508798
26.218318, 205.172254
26.472787, 206.835104
26.722878, 208.497371
26.968573, 210.159081
27.209853, 211.820255
27.446701, 213.480914
27.679100, 215.141078
27.907032, 216.800767
28.130479, 218.459997
28.349427, 220.118786
28.563858, 221.777150
28.773757, 223.435103
28.979109, 225.092661
29.179897, 226.749836
29.376108, 228.406642
29.567726, 230.063090
29.754738, 231.719194
29.937130, 233.374962
30.114889, 235.030407
30.288000, 236.685538
30.456453, 238.340365
30.620233, 239.994896
30.779330, 241.649140
30.933731, 243.303107
31.083425, 244.956802
31.228401, 246.610234
31.368648, 248.263410
31.504156, 249.916337
31.634915, 251.569021
31.760915, 253.221468
31.882148, 254.873684
31.998603, 256.525675
32.110273, 258.177446
32.217149, 259.829002
32.319224, 261.480348
32.416490, 263.131488
32.508939, 264.782427
32.596565, 266.433169
32.679362, 268.083718
32.757323, 269.734077
32.830443, 271.384251
32.898716, 273.034243
32.962137, 274.684055
33.020701, 276.333692
33.074405, 277.983155
33.123244, 279.632447
33.167215, 281.281572
33.206313, 282.930531
33.240538, 284.579327
33.269885, 286.227962
33.294354, 287.876437
33.313941, 289.524756
33.328645, 291.172919
33.338466, 292.820928
33.343403, 294.468785
33.343455, 296.116490
33.338623, 297.764046
33.328906, 299.411453
33.314305, 301.058712
33.294821, 302.705825
33.270457, 304.352791
33.241213, 305.999612
33.207091, 307.646288
33.168095, 309.292819
33.124227, 310.939206
33.075490, 312.585449
33.021888, 314.231548
32.963424, 315.877503
32.900104, 317.523314
32.831931, 319.168980
32.758910, 320.814502
32.681048, 322.459878
32.598349, 324.105107
32.510820, 325.750190
32.418467, 327.395125
32.321297, 329.039911
32.219317, 330.684547
32.112535, 332.329032
32.000957, 333.973364
31.884593, 335.617542
31.763451, 337.261563
31.637540, 338.905426
31.506869, 340.549129
31.371448, 342.192670
31.231286, 343.836045
31.086394, 345.479254
30.936783, 347.122292
30.782463, 348.765157
30.623446, 350.407845
30.459743, 352.050354
30.291367, 353.692679
30.118330, 355.334817
29.940644, 356.976764
29.758322, 358.618515
29.571379, 0.260065
29.379827, 1.901411
29.183680, 3.542545
28.982954, 5.183464
28.777662, 6.824161
28.567821, 8.464629
28.353444, 10.104863
28.134549, 11.744855
27.911150, 13.384597
27.683265, 15.024083
27.450910, 16.663302
27.214102, 18.302247
26.972859, 19.940908
26.727198, 21.579274
26.477137, 23.217336
26.222696, 24.855082
25.963891, 26.492499
25.700743, 28.129575
25.433270, 29.766296
25.161493, 31.402647
24.885432, 33.038613
24.605106, 34.674176
24.320536, 36.309321
24.031743, 37.944026
23.738749, 39.578272
23.441574, 41.212036
23.140242, 42.845296
22.834773, 44.478027
22.525191, 46.110201
22.211518, 47.741789
21.893777, 49.372759
21.571992, 51.003079
21.246187, 52.632712
20.916385, 54.261618
20.582610, 55.889754
20.244889, 57.517074
19.903244, 59.143529
19.557702, 60.769062
19.208288, 62.393615
18.855028, 64.017123
18.497948, 65.639514
18.137074, 67.260710
17.772434, 68.880625
17.404054, 70.499166
17.031962, 72.116227
16.656185, 73.731694
16.276751, 75.345440
15.893689, 76.957321
15.507028, 78.567180
15.116795, 80.174840
14.723021, 81.780102
14.325735, 83.382743
13.924967, 84.982511
13.520748, 86.579118
13.113108, 88.172239
12.702079, 89.761502
12.287691, 91.346477
11.869978, 92.926671
11.448972, 94.501509
11.024705, 96.070321
10.597213, 97.632321
10.166529, 99.186577
9.732689, 100.731980
9.295729, 102.267198
8.855687, 103.790618
8.412603, 105.300264
7.966516, 106.793696
7.517471, 108.267860
7.065515, 109.718881
6.610696, 111.141773
6.153072, 112.530008
5.692707, 113.874869
5.229676, 115.164454
4.764071, 116.382074
4.296011, 117.503592
3.825657, 118.492755
3.353244, 119.292547
2.879140, 119.807947
2.403982, 119.868287
1.929008, 119.134639
1.457039, 116.831867
0.996188, 110.774921
0.580382, 92.653056
0.404609, 37.486477
0.693013, 354.356532
1.137406, 341.420012
1.615874, 336.837198
2.106961, 335.109447
2.604849, 334.653556
3.107350, 334.867951
3.613452, 335.477296
4.122614, 336.338442
4.634512, 337.369799
5.148934, 338.521518
5.665731, 339.761455
6.184787, 341.067958
6.706013, 342.425916
7.229332, 343.824465
7.754678, 345.255596
8.281991, 346.713273
8.811217, 348.192864
9.342304, 349.690754
9.875203, 351.204082
10.409868, 352.730551
10.946251, 354.268301
11.484310, 355.815804
12.023999, 357.371796
12.565276, 358.935224
13.108098, 0.505201
13.652422, 2.080975
14.198207, 3.661904
14.745410, 5.247441
15.293990, 6.837109
15.843905, 8.430497
16.395113, 10.027246
16.947573, 11.627043
17.501244, 13.229610
18.056084, 14.834704
18.612051, 16.442109
19.169105, 18.051633
19.727203, 19.663103
20.286305, 21.276366
20.846369, 22.891284
21.407353, 24.507734
21.969216, 26.125602
22.531916, 27.744788
23.095412, 29.365200
23.659663, 30.986753
24.224626, 32.609372
24.790260, 34.232987
25.356523, 35.857533
25.923374, 37.482953
26.490770, 39.109193
27.058671, 40.736203
27.627034, 42.363939
28.195817, 43.992357
28.764979, 45.621419
29.334478, 47.251089
29.904272, 48.881333
30.474319, 50.512121
31.044577, 52.143424
31.615005, 53.775214
32.185560, 55.407468
32.756200, 57.040161
33.326885, 58.673271
33.897571, 60.306779
34.468216, 61.940664
35.038780, 63.574910
35.609220, 65.209499
36.179494, 66.844416
36.749561, 68.479645
37.319378, 70.115172
37.888904, 71.750985
38.458097, 73.387072
39.026915, 75.023419
39.595317, 76.660017
40.163260, 78.296854
40.730704, 79.933921
41.297606, 81.571209
41.863925, 83.208708
42.429620, 84.846410
42.994648, 86.484308
43.558969, 88.122393
44.122541, 89.760658
44.685323, 91.399097
45.247274, 93.037703
45.808352, 94.676470
46.368515, 96.315392
46.927725, 97.954463
47.485938, 99.593678
48.043114, 101.233032
48.599213, 102.872520
49.154193, 104.512138
49.708014, 106.151880
50.260636, 107.791743
50.812017, 109.431722
51.362118, 111.071814
51.910897, 112.712015
52.458316, 114.352321
53.004333, 115.992729
53.548908, 117.633236
54.092003, 119.273838
54.633576, 120.914533
55.173589, 122.555317
55.712001, 124.196189
56.248773, 125.837144
56.783866, 127.478181
57.317241, 129.119297
57.848858, 130.760490
58.378678, 132.401757
58.906664, 134.043096
59.432775, 135.684506
59.956974, 137.325983
60.479221, 138.967527
60.999480, 140.609135
61.517711, 142.250805
62.033876, 143.892537
62.547939, 145.534327
63.059860, 147.176174
63.569603, 148.818077
64.077130, 150.460034
64.582404, 152.102044
65.085388, 153.744105
65.586046, 155.386217
66.084339, 157.028376
66.580233, 158.670584
67.073690, 160.312837
67.564674, 161.955135
68.053150, 163.597476
68.539082, 165.239861
69.022433, 166.882286
69.503169, 168.524752
69.981254, 170.167258
70.456653, 171.809801
70.929332, 173.452382
71.399256, 175.095000
71.866390, 176.737653
72.330700, 178.380341
72.792152, 180.023063
73.250713, 181.665817
73.706348, 183.308604
74.159024, 184.951422
74.608709, 186.594271
75.055368, 188.237150
75.498970, 189.880058
75.939482, 191.522994
76.376871, 193.165958
76.811106, 194.808949
77.242155, 196.451967
77.669986, 198.095011
78.094567, 199.738080
78.515868, 201.381173
78.933858, 203.024291
79.348506, 204.667432
79.759782, 206.310596
80.167655, 207.953783
80.572096, 209.596991
80.973075, 211.240221
81.370563, 212.883472
81.764530, 214.526743
82.154948, 216.170034
82.541788, 217.813345
82.925022, 219.456675
83.304621, 221.100023
83.680559, 222.743390
84.052806, 224.386774
84.421336, 226.030176
84.786123, 227.673595
85.147138, 229.317031
85.504357, 230.960482
85.857752, 232.603950
86.207297, 234.247433
86.552968, 235.890931
86.894738, 237.534444
87.232583, 239.177971
87.566478, 240.821513
87.896399, 242.465068
88.222321, 244.108637
88.544220, 245.752219
88.862073, 247.395814
89.175856, 249.039421
89.485547, 250.683041
89.791123, 252.326673
90.092561, 253.970316
90.389840, 255.613971
90.682937, 257.257637
90.971831, 258.901314
91.256501, 260.545001
91.536926, 262.188699
91.813085, 263.832407
92.084959, 265.476125
92.352527, 267.119853
92.615770, 268.763590
92.874668, 270.407336
93.129203, 272.051092
93.379355, 273.694856
93.625107, 275.338628
93.866440, 276.982409
94.103337, 278.626198
94.335780, 280.269994
94.563753, 281.913799
94.787239, 283.557611
95.006220, 285.201430
95.220682, 286.845256
95.430608, 288.489089
95.635984, 290.132929
95.836794, 291.776775
96.033022, 293.420628
96.224656, 295.064486
96.411681, 296.708351
96.594083, 298.352222
96.771849, 299.996098
96.944966, 301.639979
97.113421, 303.283866
97.277201, 304.927757
97.436296, 306.571654
97.590692, 308.215555
97.740380, 309.859461
97.885347, 311.503372
98.025583, 313.147286
98.161078, 314.791205
98.291823, 316.435128
98.417807, 318.079054
98.539021, 319.722984
98.655456, 321.366918
98.767104, 323.010855
98.873957, 324.654795
98.976006, 326.298738
99.073245, 327.942684
99.165666, 329.586633
99.253262, 331.230584
99.336027, 332.874538
99.413955, 334.518494
99.487041, 336.162452
99.555278, 337.806412
99.618662, 339.450374
99.677188, 341.094338
99.730852, 342.738303
99.779650, 344.382270
99.823579, 346.026238
99.862634, 347.670207
99.896814, 349.314178
99.926116, 350.958149
99.950538, 352.602121
99.970077, 354.246093
99.984732, 355.890066
99.994504, 357.534040
99.999389, 359.178013
99.999389, 0.821987
99.994504, 2.465960
99.984732, 4.109934
99.970077, 5.753907
99.950538, 7.397879
99.926116, 9.041851
99.896814, 10.685822
99.862634, 12.329793
99.823579, 13.973762
99.779650, 15.617730
99.730852, 17.261697
99.677188, 18.905662
99.618662, 20.549626
99.555278, 22.193588
99.487041, 23.837548
99.413955, 25.481506
99.336027, 27.125462
99.253262, 28.769416
99.165666, 30.413367
99.073245, 32.057316
98.976006, 33.701262
98.873957, 35.345205
98.767104, 36.989145
98.655456, 38.633082
98.539021, 40.277016
98.417807, 41.920946
98.291823, 43.564872
98.161078, 45.208795
98.025583, 46.852714
97.885347, 48.496628
97.740380, 50.140539
97.590692, 51.784445
97.436296, 53.428346
97.277201, 55.072243
97.113421, 56.716134
96.944966, 58.360021
96.771849, 60.003902
96.594083, 61.647778
96.411681, 63.291649
96.224656, 64.935514
96.033022, 66.579372
95.836794, 68.223225
95.635984, 69.867071
95.430608, 71.510911
95.220682, 73.154744
95.006220, 74.798570
94.787239, 76.442389
94.563753, 78.086201
94.335780, 79.730006
94.103337, 81.373802
93.866440, 83.017591
93.625107, 84.661372
93.379355, 86.305144
93.129203, 87.948908
92.874668, 89.592664
92.615770, 91.236410
92.352527, 92.880147
92.084959, 94.523875
91.813085, 96.167593
91.536926, 97.811301
91.256501, 99.454999
90.971831, 101.098686
90.682937, 102.742363
90.389840, 104.386029
90.092561, 106.029684
89.791123, 107.673327
89.485547, 109.316959
89.175856, 110.960579
88.862073, 112.604186
88.544220, 114.247781
88.222321, 115.891363
87.896399, 117.534932
87.566478, 119.178487
87.232583, 120.822029
86.894738, 122.465556
86.552968, 124.109069
86.207297, 125.752567
85.857752, 127.396050
85.504357, 129.039518
85.147138, 130.682969
84.786123, 132.326405
84.421336, 133.969824
84.052806, 135.613226
83.680559, 137.256610
83.304621, 138.899977
82.925022, 140.543325
82.541788, 142.186655
82.154948, 143.829966
81.764530, 145.473257
81.370563, 147.116528
80.973075, 148.759779
80.572096, 150.403009
80.167655, 152.046217
79.759782, 153.689404
79.348506, 155.332568
78.933858, 156.975709
78.515868, 158.618827
78.094567, 160.261920
77.669986, 161.904989
77.242155, 163.548033
76.811106, 165.191051
76.376871, 166.834042
75.939482, 168.477006
75.498970, 170.119942
75.055368, 171.762850
74.608709, 173.405729
74.159024, 175.048578
73.706348, 176.691396
73.250713, 178.334183
72.792152, 179.976937
72.330700, 181.619659
71.866390, 183.262347
71.399256, 184.905000
70.929332, 186.547618
70.456653, 188.190199
69.981254, 189.832742
69.503169, 191.475248
69.022433, 193.117714
68.539082, 194.760139
68.053150, 196.402524
67.564674, 198.044865
67.073690, 199.687163
66.580233, 201.329416
66.084339, 202.971624
65.586046, 204.613783
65.085388, 206.255895
64.582404, 207.897956
64.077130, 209.539966
63.569603, 211.181923
63.059860, 212.823826
62.547939, 214.465673
62.033876, 216.107463
61.517711, 217.749195
60.999480, 219.390865
60.479221, 221.032473
59.956974, 222.674017
59.432775, 224.315494
58.906664, 225.956904
58.378678, 227.598243
57.848858, 229.239510
57.317241, 230.880703
56.783866, 232.521819
56.248773, 234.162856
55.712001, 235.803811
55.173589, 237.444683
54.633576, 239.085467
54.092003, 240.726162
53.548908, 242.366764
53.004333, 244.007271
52.458316, 245.647679
51.910897, 247.287985
51.362118, 248.928186
50.812017, 250.568278
50.260636, 252.208257
49.708014, 253.848120
49.154193, 255.487862
48.599213, 257.127480
48.043114, 258.766968
47.485938, 260.406322
46.927725, 262.045537
46.368515, 263.684608
45.808352, 265.323530
45.247274, 266.962297
44.685323, 268.600903
44.122541, 270.239342
43.558969, 271.877607
42.994648, 273.515692
42.429620, 275.153590
41.863925, 276.791292
41.297606, 278.428791
40.730704, 280.066079
40.163260, 281.703146
39.595317, 283.339983
39.026915, 284.976581
38.458097, 286.612928
37.888904, 288.249015
37.319378, 289.884828
36.749561, 291.520355
36.179494, 293.155584
35.609220, 294.790501
35.038780, 296.425090
34.468216, 298.059336
33.897571, 299.693221
33.326885, 301.326729
32.756200, 302.959839
32.185560, 304.592532
31.615005, 306.224786
31.044577, 307.856576
30.474319, 309.487879
29.904272, 311.118667
29.334478, 312.748911
28.764979, 314.378581
28.195817, 316.007643
27.627034, 317.636061
27.058671, 319.263797
26.490770, 320.890807
25.923374, 322.517047
25.356523, 324.142467
24.790260, 325.767013
24.224626, 327.390628
23.659663, 329.013247
23.095412, 330.634800
22.531916, 332.255212
21.969216, 333.874398
21.407353, 335.492266
20.846369, 337.108716
20.286305, 338.723634
19.727203, 340.336897
19.169105, 341.948367
18.612051, 343.557891
18.056084, 345.165296
17.501244, 346.770390
16.947573, 348.372957
16.395113, 349.972754
15.843905, 351.569503
15.293990, 353.162891
14.745410, 354.752559
14.198207, 356.338096
13.652422, 357.919025
13.108098, 359.494799
12.565276, 1.064776
12.023999, 2.628204
11.484310, 4.184196
10.946251, 5.731699
10.409868, 7.269449
9.875203, 8.795918
9.342304, 10.309246
8.811217, 11.807136
8.281991, 13.286727
7.754678, 14.744404
7.229332, 16.175535
6.706013, 17.574084
6.184787, 18.932042
5.665731, 20.238545
5.148934, 21.478482
4.634512, 22.630201
4.122614, 23.661558
3.613452, 24.522704
3.107350, 25.132049
2.604849, 25.346444
2.106961, 24.890553
1.615874, 23.162802
1.137406, 18.579988
0.693013, 5.643468
0.404609, 322.513523
0.580382, 267.346944
0.996188, 249.225079
1.457039, 243.168133
1.929008, 240.865361
2.403982, 240.131713
2.879140, 240.192053
3.353244, 240.707453
3.825657, 241.507245
4.296011, 242.496408
4.764071, 243.617926
5.229676, 244.835546
5.692707, 246.125131
6.153072, 247.469992
6.610696, 248.858227
7.065515, 250.281119
7.517471, 251.732140
7.966516, 253.206304
8.412603, 254.699736
8.855687, 256.209382
9.295729, 257.732802
9.732689, 259.268020
10.166529, 260.813423
10.597213, 262.367679
11.024705, 263.929679
11.448972, 265.498491
11.869978, 267.073329
12.287691, 268.653523
12.702079, 270.238498
13.113108, 271.827761
13.520748, 273.420882
13.924967, 275.017489
14.325735, 276.617257
14.723021, 278.219898
15.116795, 279.825160
15.507028, 281.432820
15.893689, 283.042679
16.276751, 284.654560
16.656185, 286.268306
17.031962, 287.883773
17.404054, 289.500834
17.772434, 291.119375
18.137074, 292.739290
18.497948, 294.360486
18.855028, 295.982877
19.208288, 297.606385
19.557702, 299.230938
19.903244, 300.856471
20.244889, 302.482926
20.582610, 304.110246
20.916385, 305.738382
21.246187, 307.367288
21.571992, 308.996921
21.893777, 310.627241
22.211518, 312.258211
22.525191, 313.889799
22.834773, 315.521973
23.140242, 317.154704
23.441574, 318.787964
23.738749, 320.421728
24.031743, 322.055974
24.320536, 323.690679
24.605106, 325.325824
24.885432, 326.961387
25.161493, 328.597353
25.433270, 330.233704
25.700743, 331.870425
25.963891, 333.507501
26.222696, 335.144918
26.477137, 336.782664
26.727198, 338.420726
26.972859, 340.059092
27.214102, 341.697753
27.450910, 343.336698
27.683265, 344.975917
27.911150, 346.615403
28.134549, 348.255145
28.353444, 349.895137
28.567821, 351.535371
28.777662, 353.175839
28.982954, 354.816536
29.183680, 356.457455
29.379827, 358.098589
29.571379, 359.739935
29.758322, 1.381485
29.940644, 3.023236
30.118330, 4.665183
30.291367, 6.307321
30.459743, 7.949646
30.623446, 9.592155
30.782463, 11.234843
30.936783, 12.877708
31.086394, 14.520746
31.231286, 16.163955
31.371448, 17.807330
31.506869, 19.450871
31.637540, 21.094574
31.763451, 22.738437
31.884593, 24.382458
32.000957, 26.026636
32.112535, 27.670968
32.219317, 29.315453
32.321297, 30.960089
32.418467, 32.604875
32.510820, 34.249810
32.598349, 35.894893
32.681048, 37.540122
32.758910, 39.185498
32.831931, 40.831020
32.900104, 42.476686
32.963424, 44.122497
33.021888, 45.768452
33.075490, 47.414551
33.124227, 49.060794
33.168095, 50.707181
33.207091, 52.353712
33.241213, 54.000388
33.270457, 55.647209
33.294821, 57.294175
33.314305, 58.941288
33.328906, 60.588547
33.338623, 62.235954
33.343455, 63.883510
33.343403, 65.531215
33.338466, 67.179072
33.328645, 68.827081
33.313941, 70.475244
33.294354, 72.123563
33.269885, 73.772038
33.240538, 75.420673
33.206313, 77.069469
33.167215, 78.718428
33.123244, 80.367553
33.074405, 82.016845
33.020701, 83.666308
32.962137, 85.315945
32.898716, 86.965757
32.830443, 88.615749
32.757323, 90.265923
32.679362, 91.916282
32.596565, 93.566831
32.508939, 95.217573
32.416490, 96.868512
32.319224, 98.519652
32.217149, 100.170998
32.110273, 101.822554
31.998603, 103.474325
31.882148, 105.126316
31.760915, 106.778532
31.634915, 108.430979
31.504156, 110.083663
31.368648, 111.736590
31.228401, 113.389766
31.083425, 115.043198
30.933731, 116.696893
30.779330, 118.350860
30.620233, 120.005104
30.456453, 121.659635
30.288000, 123.314462
30.114889, 124.969593
29.937130, 126.625038
29.754738, 128.280806
29.567726, 129.936910
29.376108, 131.593358
29.179897, 133.250164
28.979109, 134.907339
28.773757, 136.564897
28.563858, 138.222850
28.349427, 139.881214
28.130479, 141.540003
27.907032, 143.199233
27.679100, 144.858922
27.446701, 146.519086
27.209853, 148.179745
26.968573, 149.840919
26.722878, 151.502629
26.472787, 153.164896
26.218318, 154.827746
25.959490, 156.491202
25.696323, 158.155291
25.428835, 159.820043
25.157047, 161.485486
24.880979, 163.151653
24.600651, 164.818578
24.316084, 166.486298
24.027300, 168.154851
23.734319, 169.824278
23.437163, 171.494625
23.135856, 173.165939
22.830418, 174.838270
22.520873, 176.511674
22.207244, 178.186209
21.889554, 179.861939
21.567828, 181.538932
21.242088, 183.217260
20.912361, 184.897005
20.578670, 186.578250
20.241041, 188.261091
19.899498, 189.945628
19.554069, 191.631970
19.204779, 193.320239
18.851654, 195.010563
18.494722, 196.703087
18.134010, 198.397967
17.769545, 200.095375
17.401356, 201.795499
17.029471, 203.498549
16.653918, 205.204755
16.274728, 206.914373
15.891930, 208.627686
15.505554, 210.345012
15.115631, 212.066704
14.722193, 213.793159
14.325271, 215.524824
13.924898, 217.262204
13.521108, 219.005869
13.113935, 220.756471
12.703413, 222.514753
12.289580, 224.281570
11.872471, 226.057907
11.452127, 227.844908
11.028586, 229.643907
10.601891, 231.456469
10.172087, 233.284447
9.739219, 235.130042
9.303340, 236.995899
8.864502, 238.885216
8.422766, 240.801901
7.978198, 242.750780
7.530873, 244.737876
7.080877, 246.770815
6.628312, 248.859381
6.173302, 251.016345
5.715998, 253.258680
5.256599, 255.609441
4.795365, 258.100722
4.332657, 260.778516
3.868995, 263.711022
3.405172, 267.003598
2.942464, 270.827282
2.483078, 275.477071
2.031187, 281.500672
1.595590, 290.005541
1.197424, 303.401827
0.892722, 326.508443
0.801669, 1.468730
0.989073, 32.993943
1.345695, 51.989895
1.774153, 63.251114
2.235036, 70.695615
2.713121, 76.146672
3.201756, 80.459491
3.697652, 84.070280
4.199006, 87.220552
4.704749, 90.053562
5.214197, 92.659213
5.726895, 95.096598
6.242517, 97.406079
6.760824, 99.616128
7.281634, 101.747383
7.804799, 103.815163
8.330200, 105.831068
8.857735, 107.804043
9.387317, 109.741095
9.918867, 111.647785
10.452316, 113.528587
10.987598, 115.387139
11.524654, 117.226428
12.063426, 119.048931
12.603861, 120.856717
13.145906, 122.651531
13.689512, 124.434851
14.234630, 126.207940
14.781213, 127.971882
15.329213, 129.727615
15.878585, 131.475950
16.429284, 133.217598
16.981264, 134.953180
17.534482, 136.683242
18.088893, 138.408268
18.644454, 140.128686
19.201122, 141.844878
19.758853, 143.557182
20.317604, 145.265905
20.877333, 146.971320
21.437996, 148.673672
21.999551, 150.373186
22.561955, 152.070062
23.125166, 153.764484
23.689142, 155.456618
24.253839, 157.146615
24.819216, 158.834614
25.385231, 160.520742
25.951840, 162.205115
26.519001, 163.887840
27.086674, 165.569016
27.654814, 167.248733
28.223380, 168.927074
28.792329, 170.604118
29.361620, 172.279936
29.931210, 173.954595
30.501058, 175.628156
31.071120, 177.300677
31.641354, 178.972212
32.211720, 180.642810
32.782173, 182.312517
33.352673, 183.981379
33.923177, 185.649434
34.493643, 187.316722
35.064029, 188.983278
35.634293, 190.649136
36.204393, 192.314327
36.774287, 193.978881
37.343932, 195.642826
37.913288, 197.306188
38.482312, 198.968992
39.050962, 200.631262
39.619196, 202.293019
40.186973, 203.954285
40.754250, 205.615079
41.320987, 207.275420
41.887141, 208.935326
42.452671, 210.594813
43.017535, 212.253898
43.581692, 213.912596
44.145101, 215.570920
44.707719, 217.228886
45.269505, 218.886505
45.830419, 220.543790
46.390419, 222.200753
46.949464, 223.857405
47.507513, 225.513757
48.064525, 227.169819
48.620458, 228.825601
49.175273, 230.481112
49.728929, 232.136361
50.281384, 233.791356
50.832598, 235.446106
51.382532, 237.100619
51.931144, 238.754901
52.478394, 240.408961
53.024242, 242.062804
53.568648, 243.716437
54.111572, 245.369867
54.652974, 247.023100
55.192815, 248.676142
55.731055, 250.328997
56.267654, 251.981671
56.802573, 253.634170
57.335772, 255.286499
57.867214, 256.938661
58.396858, 258.590663
58.924666, 260.242507
59.450599, 261.894198
59.974618, 263.545741
60.496686, 265.197139
61.016763, 266.848396
61.534812, 268.499515
62.050795, 270.150501
62.564673, 271.801356
63.076410, 273.452084
63.585967, 275.102687
64.093307, 276.753170
64.598394, 278.403534
65.101189, 280.053783
65.601657, 281.703919
66.099759, 283.353945
66.595461, 285.003864
67.088725, 286.653678
67.579516, 288.303389
68.067797, 289.953000
68.553532, 291.602513
69.036687, 293.251930
69.517224, 294.901252
69.995111, 296.550483
70.470310, 298.199624
70.942788, 299.848678
71.412509, 301.497644
71.879440, 303.146527
72.343546, 304.795327
72.804793, 306.444045
##END=
