##TITLE= Parameter file, TopSpin 4.3.0
##JCAMPDX= 5.0
##DATATYPE= Parameter Values
##ORIGIN= Bruker BioSpin GmbH
##OWNER= nmrsu
$$ 2024-05-22 17:47:11.605 +0100  nmrsu@4CE1161FJM
$$ C:/Bruker/TopSpin4.3.0/exp/stan/nmr/lists/wave/user/multisupp_aux_d8
$$ process C:\Bruker\TopSpin4.3.0\prog\mod\xwinshape.exe
##MINX= 15.69808300
##MAXX= 99.99953100
##MINY= 0.31693100
##MAXY= 359.68306900
##$SHAPE_ADDPHASE= 0
##$SHAPE_AMP= 99.99953127
##$SHAPE_BWFAC= 0
##$SHAPE_BWFAC50= 0
##$SHAPE_CALCBW= yes
##$SHAPE_CALCINTEG= yes
##$SHAPE_EXMODE= <Excitation>
##$SHAPE_EXPAND= <>
##$SHAPE_EXPANDCF= (0..143)
0 0 0 0 0 0 0 0 0 0 0 0 0 0 0 0 0 0 0 0 0 0 0 0 0 0 0 0 0 0 0 0 0 0 0 0
0 0 0 0 0 0 0 0 0 0 0 0 0 0 0 0 0 0 0 0 0 0 0 0 0 0 0 0 0 0 0 0 0 0 0 0
0 0 0 0 0 0 0 0 0 0 0 0 0 0 0 0 0 0 0 0 0 0 0 0 0 0 0 0 0 0 0 0 0 0 0 0
0 0 0 0 0 0 0 0 0 0 0 0 0 0 0 0 0 0 0 0 0 0 0 0 0 0 0 0 0 0 0 0 0 0 0 0
##$SHAPE_EXPFAC= 0
##$SHAPE_FRACEND= 0
##$SHAPE_FRACORG= 0
##$SHAPE_FRACSTART= 0
##$SHAPE_INTEGFAC= 0
##$SHAPE_KEEPRES= yes
##$SHAPE_LENGTH= 25000.000373
##$SHAPE_MAN= <M>
##$SHAPE_MODE= 4
##$SHAPE_MODFREQ= 0
##$SHAPE_MODPHASE= 0
##$SHAPE_MODSCALE= 0
##$SHAPE_MODSW= 0
##$SHAPE_MODSWDIR= -1
##$SHAPE_NPOINTS= 1250
##$SHAPE_OFFS= <1 4>
##$SHAPE_OFFSCOEFF= (0..95)
-158.43109 0 100 -209.41293 0 100 -226.16322 0 100 -294.67597 0 100 0 0
0 0 0 0 0 0 0 0 0 0 0 0 0 0 0 0 0 0 0 0 0 0 0 0 0 0 0 0 0 0 0 0 0 0 0 0
0 0 0 0 0 0 0 0 0 0 0 0 0 0 0 0 0 0 0 0 0 0 0 0 0 0 0 0 0 0 0 0 0 0 0 0
0 0 0 0 0 0 0 0 0 0
##$SHAPE_PARAMETER= <>
##$SHAPE_REPHFAC= 0
##$SHAPE_RES= 0
##$SHAPE_SCALEFAC= 1.00000469
##$SHAPE_SCALETYPE= 0
##$SHAPE_SPOAL= 0
##$SHAPE_SPOFFS= 0
##$SHAPE_SPOPH= 0
##$SHAPE_TOTROT= 90
##$SHAPE_TYPE= <Excitation>
##$SHAPE_USER_DEF= <>
##$SHAPE_VERSION= 2.1
##$SHL_ADDPHASE= (0..15)
0 0 0 0 0 0 0 0 0 0 0 0 0 0 0 0
##$SHL_ALIGNOFFSET= (0..15)
0 0 0 0 0 0 0 0 0 0 0 0 0 0 0 0
##$SHL_AMP= (0..15)
100 0 0 0 0 0 0 0 0 0 0 0 0 0 0 0
##$SHL_AMPFAC= (0..15)
0 0 0 0 0 0 0 0 0 0 0 0 0 0 0 0
##$SHL_BETA= (0..15)
0 0 0 0 0 0 0 0 0 0 0 0 0 0 0 0
##$SHL_BWFAC= (0..15)
1.116 0 0 0 0 0 0 0 0 0 0 0 0 0 0 0
##$SHL_CALCBW= (0..15)
yes yes yes yes yes yes yes yes yes yes yes yes yes yes yes yes
##$SHL_CALCINTEG= (0..15)
yes yes yes yes yes yes yes yes yes yes yes yes yes yes yes yes
##$SHL_CENTERAMP= (0..15)
0 0 0 0 0 0 0 0 0 0 0 0 0 0 0 0
##$SHL_CYCNUM= (0..15)
0 0 0 0 0 0 0 0 0 0 0 0 0 0 0 0
##$SHL_DIPOLCPL= (0..15)
0 0 0 0 0 0 0 0 0 0 0 0 0 0 0 0
##$SHL_ENDAMP= (0..15)
0 0 0 0 0 0 0 0 0 0 0 0 0 0 0 0
##$SHL_EXMODE= (0..15)
<Excitation> <> <> <> <> <> <> <> <> <> <> <> <> <> <> <>
##$SHL_EXPAND= (0..15)
<> <> <> <> <> <> <> <> <> <> <> <> <> <> <> <>
##$SHL_EXPANDCF0= (0..143)
0 0 0 0 0 0 0 0 0 0 0 0 0 0 0 0 0 0 0 0 0 0 0 0 0 0 0 0 0 0 0 0 0 0 0 0
0 0 0 0 0 0 0 0 0 0 0 0 0 0 0 0 0 0 0 0 0 0 0 0 0 0 0 0 0 0 0 0 0 0 0 0
0 0 0 0 0 0 0 0 0 0 0 0 0 0 0 0 0 0 0 0 0 0 0 0 0 0 0 0 0 0 0 0 0 0 0 0
0 0 0 0 0 0 0 0 0 0 0 0 0 0 0 0 0 0 0 0 0 0 0 0 0 0 0 0 0 0 0 0 0 0 0 0
##$SHL_EXPANDCF1= (0..143)
0 0 0 0 0 0 0 0 0 0 0 0 0 0 0 0 0 0 0 0 0 0 0 0 0 0 0 0 0 0 0 0 0 0 0 0
0 0 0 0 0 0 0 0 0 0 0 0 0 0 0 0 0 0 0 0 0 0 0 0 0 0 0 0 0 0 0 0 0 0 0 0
0 0 0 0 0 0 0 0 0 0 0 0 0 0 0 0 0 0 0 0 0 0 0 0 0 0 0 0 0 0 0 0 0 0 0 0
0 0 0 0 0 0 0 0 0 0 0 0 0 0 0 0 0 0 0 0 0 0 0 0 0 0 0 0 0 0 0 0 0 0 0 0
##$SHL_EXPANDCF10= (0..143)
0 0 0 0 0 0 0 0 0 0 0 0 0 0 0 0 0 0 0 0 0 0 0 0 0 0 0 0 0 0 0 0 0 0 0 0
0 0 0 0 0 0 0 0 0 0 0 0 0 0 0 0 0 0 0 0 0 0 0 0 0 0 0 0 0 0 0 0 0 0 0 0
0 0 0 0 0 0 0 0 0 0 0 0 0 0 0 0 0 0 0 0 0 0 0 0 0 0 0 0 0 0 0 0 0 0 0 0
0 0 0 0 0 0 0 0 0 0 0 0 0 0 0 0 0 0 0 0 0 0 0 0 0 0 0 0 0 0 0 0 0 0 0 0
##$SHL_EXPANDCF11= (0..143)
0 0 0 0 0 0 0 0 0 0 0 0 0 0 0 0 0 0 0 0 0 0 0 0 0 0 0 0 0 0 0 0 0 0 0 0
0 0 0 0 0 0 0 0 0 0 0 0 0 0 0 0 0 0 0 0 0 0 0 0 0 0 0 0 0 0 0 0 0 0 0 0
0 0 0 0 0 0 0 0 0 0 0 0 0 0 0 0 0 0 0 0 0 0 0 0 0 0 0 0 0 0 0 0 0 0 0 0
0 0 0 0 0 0 0 0 0 0 0 0 0 0 0 0 0 0 0 0 0 0 0 0 0 0 0 0 0 0 0 0 0 0 0 0
##$SHL_EXPANDCF12= (0..143)
0 0 0 0 0 0 0 0 0 0 0 0 0 0 0 0 0 0 0 0 0 0 0 0 0 0 0 0 0 0 0 0 0 0 0 0
0 0 0 0 0 0 0 0 0 0 0 0 0 0 0 0 0 0 0 0 0 0 0 0 0 0 0 0 0 0 0 0 0 0 0 0
0 0 0 0 0 0 0 0 0 0 0 0 0 0 0 0 0 0 0 0 0 0 0 0 0 0 0 0 0 0 0 0 0 0 0 0
0 0 0 0 0 0 0 0 0 0 0 0 0 0 0 0 0 0 0 0 0 0 0 0 0 0 0 0 0 0 0 0 0 0 0 0
##$SHL_EXPANDCF13= (0..143)
0 0 0 0 0 0 0 0 0 0 0 0 0 0 0 0 0 0 0 0 0 0 0 0 0 0 0 0 0 0 0 0 0 0 0 0
0 0 0 0 0 0 0 0 0 0 0 0 0 0 0 0 0 0 0 0 0 0 0 0 0 0 0 0 0 0 0 0 0 0 0 0
0 0 0 0 0 0 0 0 0 0 0 0 0 0 0 0 0 0 0 0 0 0 0 0 0 0 0 0 0 0 0 0 0 0 0 0
0 0 0 0 0 0 0 0 0 0 0 0 0 0 0 0 0 0 0 0 0 0 0 0 0 0 0 0 0 0 0 0 0 0 0 0
##$SHL_EXPANDCF14= (0..143)
0 0 0 0 0 0 0 0 0 0 0 0 0 0 0 0 0 0 0 0 0 0 0 0 0 0 0 0 0 0 0 0 0 0 0 0
0 0 0 0 0 0 0 0 0 0 0 0 0 0 0 0 0 0 0 0 0 0 0 0 0 0 0 0 0 0 0 0 0 0 0 0
0 0 0 0 0 0 0 0 0 0 0 0 0 0 0 0 0 0 0 0 0 0 0 0 0 0 0 0 0 0 0 0 0 0 0 0
0 0 0 0 0 0 0 0 0 0 0 0 0 0 0 0 0 0 0 0 0 0 0 0 0 0 0 0 0 0 0 0 0 0 0 0
##$SHL_EXPANDCF15= (0..143)
0 0 0 0 0 0 0 0 0 0 0 0 0 0 0 0 0 0 0 0 0 0 0 0 0 0 0 0 0 0 0 0 0 0 0 0
0 0 0 0 0 0 0 0 0 0 0 0 0 0 0 0 0 0 0 0 0 0 0 0 0 0 0 0 0 0 0 0 0 0 0 0
0 0 0 0 0 0 0 0 0 0 0 0 0 0 0 0 0 0 0 0 0 0 0 0 0 0 0 0 0 0 0 0 0 0 0 0
0 0 0 0 0 0 0 0 0 0 0 0 0 0 0 0 0 0 0 0 0 0 0 0 0 0 0 0 0 0 0 0 0 0 0 0
##$SHL_EXPANDCF2= (0..143)
0 0 0 0 0 0 0 0 0 0 0 0 0 0 0 0 0 0 0 0 0 0 0 0 0 0 0 0 0 0 0 0 0 0 0 0
0 0 0 0 0 0 0 0 0 0 0 0 0 0 0 0 0 0 0 0 0 0 0 0 0 0 0 0 0 0 0 0 0 0 0 0
0 0 0 0 0 0 0 0 0 0 0 0 0 0 0 0 0 0 0 0 0 0 0 0 0 0 0 0 0 0 0 0 0 0 0 0
0 0 0 0 0 0 0 0 0 0 0 0 0 0 0 0 0 0 0 0 0 0 0 0 0 0 0 0 0 0 0 0 0 0 0 0
##$SHL_EXPANDCF3= (0..143)
0 0 0 0 0 0 0 0 0 0 0 0 0 0 0 0 0 0 0 0 0 0 0 0 0 0 0 0 0 0 0 0 0 0 0 0
0 0 0 0 0 0 0 0 0 0 0 0 0 0 0 0 0 0 0 0 0 0 0 0 0 0 0 0 0 0 0 0 0 0 0 0
0 0 0 0 0 0 0 0 0 0 0 0 0 0 0 0 0 0 0 0 0 0 0 0 0 0 0 0 0 0 0 0 0 0 0 0
0 0 0 0 0 0 0 0 0 0 0 0 0 0 0 0 0 0 0 0 0 0 0 0 0 0 0 0 0 0 0 0 0 0 0 0
##$SHL_EXPANDCF4= (0..143)
0 0 0 0 0 0 0 0 0 0 0 0 0 0 0 0 0 0 0 0 0 0 0 0 0 0 0 0 0 0 0 0 0 0 0 0
0 0 0 0 0 0 0 0 0 0 0 0 0 0 0 0 0 0 0 0 0 0 0 0 0 0 0 0 0 0 0 0 0 0 0 0
0 0 0 0 0 0 0 0 0 0 0 0 0 0 0 0 0 0 0 0 0 0 0 0 0 0 0 0 0 0 0 0 0 0 0 0
0 0 0 0 0 0 0 0 0 0 0 0 0 0 0 0 0 0 0 0 0 0 0 0 0 0 0 0 0 0 0 0 0 0 0 0
##$SHL_EXPANDCF5= (0..143)
0 0 0 0 0 0 0 0 0 0 0 0 0 0 0 0 0 0 0 0 0 0 0 0 0 0 0 0 0 0 0 0 0 0 0 0
0 0 0 0 0 0 0 0 0 0 0 0 0 0 0 0 0 0 0 0 0 0 0 0 0 0 0 0 0 0 0 0 0 0 0 0
0 0 0 0 0 0 0 0 0 0 0 0 0 0 0 0 0 0 0 0 0 0 0 0 0 0 0 0 0 0 0 0 0 0 0 0
0 0 0 0 0 0 0 0 0 0 0 0 0 0 0 0 0 0 0 0 0 0 0 0 0 0 0 0 0 0 0 0 0 0 0 0
##$SHL_EXPANDCF6= (0..143)
0 0 0 0 0 0 0 0 0 0 0 0 0 0 0 0 0 0 0 0 0 0 0 0 0 0 0 0 0 0 0 0 0 0 0 0
0 0 0 0 0 0 0 0 0 0 0 0 0 0 0 0 0 0 0 0 0 0 0 0 0 0 0 0 0 0 0 0 0 0 0 0
0 0 0 0 0 0 0 0 0 0 0 0 0 0 0 0 0 0 0 0 0 0 0 0 0 0 0 0 0 0 0 0 0 0 0 0
0 0 0 0 0 0 0 0 0 0 0 0 0 0 0 0 0 0 0 0 0 0 0 0 0 0 0 0 0 0 0 0 0 0 0 0
##$SHL_EXPANDCF7= (0..143)
0 0 0 0 0 0 0 0 0 0 0 0 0 0 0 0 0 0 0 0 0 0 0 0 0 0 0 0 0 0 0 0 0 0 0 0
0 0 0 0 0 0 0 0 0 0 0 0 0 0 0 0 0 0 0 0 0 0 0 0 0 0 0 0 0 0 0 0 0 0 0 0
0 0 0 0 0 0 0 0 0 0 0 0 0 0 0 0 0 0 0 0 0 0 0 0 0 0 0 0 0 0 0 0 0 0 0 0
0 0 0 0 0 0 0 0 0 0 0 0 0 0 0 0 0 0 0 0 0 0 0 0 0 0 0 0 0 0 0 0 0 0 0 0
##$SHL_EXPANDCF8= (0..143)
0 0 0 0 0 0 0 0 0 0 0 0 0 0 0 0 0 0 0 0 0 0 0 0 0 0 0 0 0 0 0 0 0 0 0 0
0 0 0 0 0 0 0 0 0 0 0 0 0 0 0 0 0 0 0 0 0 0 0 0 0 0 0 0 0 0 0 0 0 0 0 0
0 0 0 0 0 0 0 0 0 0 0 0 0 0 0 0 0 0 0 0 0 0 0 0 0 0 0 0 0 0 0 0 0 0 0 0
0 0 0 0 0 0 0 0 0 0 0 0 0 0 0 0 0 0 0 0 0 0 0 0 0 0 0 0 0 0 0 0 0 0 0 0
##$SHL_EXPANDCF9= (0..143)
0 0 0 0 0 0 0 0 0 0 0 0 0 0 0 0 0 0 0 0 0 0 0 0 0 0 0 0 0 0 0 0 0 0 0 0
0 0 0 0 0 0 0 0 0 0 0 0 0 0 0 0 0 0 0 0 0 0 0 0 0 0 0 0 0 0 0 0 0 0 0 0
0 0 0 0 0 0 0 0 0 0 0 0 0 0 0 0 0 0 0 0 0 0 0 0 0 0 0 0 0 0 0 0 0 0 0 0
0 0 0 0 0 0 0 0 0 0 0 0 0 0 0 0 0 0 0 0 0 0 0 0 0 0 0 0 0 0 0 0 0 0 0 0
##$SHL_EXPFAC= (0..15)
0 0 0 0 0 0 0 0 0 0 0 0 0 0 0 0
##$SHL_FRACEND= (0..15)
0 0 0 0 0 0 0 0 0 0 0 0 0 0 0 0
##$SHL_FRACORG= (0..15)
0 0 0 0 0 0 0 0 0 0 0 0 0 0 0 0
##$SHL_FRACSTART= (0..15)
0 0 0 0 0 0 0 0 0 0 0 0 0 0 0 0
##$SHL_FULLHALF= (0..15)
0 0 0 0 0 0 0 0 0 0 0 0 0 0 0 0
##$SHL_FUNCAMP= (0..15)
100 0 0 0 0 0 0 0 0 0 0 0 0 0 0 0
##$SHL_FUNCTION= (0..15)
<Rectangle> <> <> <> <> <> <> <> <> <> <> <> <> <> <> <>
##$SHL_GCO= (0..15)
<> <> <> <> <> <> <> <> <> <> <> <> <> <> <> <>
##$SHL_GCOCOEFFS0= (0..59)
0 0 0 0 0 0 0 0 0 0 0 0 0 0 0 0 0 0 0 0 0 0 0 0 0 0 0 0 0 0 0 0 0 0 0 0
0 0 0 0 0 0 0 0 0 0 0 0 0 0 0 0 0 0 0 0 0 0 0 0
##$SHL_GCOCOEFFS1= (0..59)
0 0 0 0 0 0 0 0 0 0 0 0 0 0 0 0 0 0 0 0 0 0 0 0 0 0 0 0 0 0 0 0 0 0 0 0
0 0 0 0 0 0 0 0 0 0 0 0 0 0 0 0 0 0 0 0 0 0 0 0
##$SHL_GCOCOEFFS10= (0..59)
0 0 0 0 0 0 0 0 0 0 0 0 0 0 0 0 0 0 0 0 0 0 0 0 0 0 0 0 0 0 0 0 0 0 0 0
0 0 0 0 0 0 0 0 0 0 0 0 0 0 0 0 0 0 0 0 0 0 0 0
##$SHL_GCOCOEFFS11= (0..59)
0 0 0 0 0 0 0 0 0 0 0 0 0 0 0 0 0 0 0 0 0 0 0 0 0 0 0 0 0 0 0 0 0 0 0 0
0 0 0 0 0 0 0 0 0 0 0 0 0 0 0 0 0 0 0 0 0 0 0 0
##$SHL_GCOCOEFFS12= (0..59)
0 0 0 0 0 0 0 0 0 0 0 0 0 0 0 0 0 0 0 0 0 0 0 0 0 0 0 0 0 0 0 0 0 0 0 0
0 0 0 0 0 0 0 0 0 0 0 0 0 0 0 0 0 0 0 0 0 0 0 0
##$SHL_GCOCOEFFS13= (0..59)
0 0 0 0 0 0 0 0 0 0 0 0 0 0 0 0 0 0 0 0 0 0 0 0 0 0 0 0 0 0 0 0 0 0 0 0
0 0 0 0 0 0 0 0 0 0 0 0 0 0 0 0 0 0 0 0 0 0 0 0
##$SHL_GCOCOEFFS14= (0..59)
0 0 0 0 0 0 0 0 0 0 0 0 0 0 0 0 0 0 0 0 0 0 0 0 0 0 0 0 0 0 0 0 0 0 0 0
0 0 0 0 0 0 0 0 0 0 0 0 0 0 0 0 0 0 0 0 0 0 0 0
##$SHL_GCOCOEFFS15= (0..59)
0 0 0 0 0 0 0 0 0 0 0 0 0 0 0 0 0 0 0 0 0 0 0 0 0 0 0 0 0 0 0 0 0 0 0 0
0 0 0 0 0 0 0 0 0 0 0 0 0 0 0 0 0 0 0 0 0 0 0 0
##$SHL_GCOCOEFFS2= (0..59)
0 0 0 0 0 0 0 0 0 0 0 0 0 0 0 0 0 0 0 0 0 0 0 0 0 0 0 0 0 0 0 0 0 0 0 0
0 0 0 0 0 0 0 0 0 0 0 0 0 0 0 0 0 0 0 0 0 0 0 0
##$SHL_GCOCOEFFS3= (0..59)
0 0 0 0 0 0 0 0 0 0 0 0 0 0 0 0 0 0 0 0 0 0 0 0 0 0 0 0 0 0 0 0 0 0 0 0
0 0 0 0 0 0 0 0 0 0 0 0 0 0 0 0 0 0 0 0 0 0 0 0
##$SHL_GCOCOEFFS4= (0..59)
0 0 0 0 0 0 0 0 0 0 0 0 0 0 0 0 0 0 0 0 0 0 0 0 0 0 0 0 0 0 0 0 0 0 0 0
0 0 0 0 0 0 0 0 0 0 0 0 0 0 0 0 0 0 0 0 0 0 0 0
##$SHL_GCOCOEFFS5= (0..59)
0 0 0 0 0 0 0 0 0 0 0 0 0 0 0 0 0 0 0 0 0 0 0 0 0 0 0 0 0 0 0 0 0 0 0 0
0 0 0 0 0 0 0 0 0 0 0 0 0 0 0 0 0 0 0 0 0 0 0 0
##$SHL_GCOCOEFFS6= (0..59)
0 0 0 0 0 0 0 0 0 0 0 0 0 0 0 0 0 0 0 0 0 0 0 0 0 0 0 0 0 0 0 0 0 0 0 0
0 0 0 0 0 0 0 0 0 0 0 0 0 0 0 0 0 0 0 0 0 0 0 0
##$SHL_GCOCOEFFS7= (0..59)
0 0 0 0 0 0 0 0 0 0 0 0 0 0 0 0 0 0 0 0 0 0 0 0 0 0 0 0 0 0 0 0 0 0 0 0
0 0 0 0 0 0 0 0 0 0 0 0 0 0 0 0 0 0 0 0 0 0 0 0
##$SHL_GCOCOEFFS8= (0..59)
0 0 0 0 0 0 0 0 0 0 0 0 0 0 0 0 0 0 0 0 0 0 0 0 0 0 0 0 0 0 0 0 0 0 0 0
0 0 0 0 0 0 0 0 0 0 0 0 0 0 0 0 0 0 0 0 0 0 0 0
##$SHL_GCOCOEFFS9= (0..59)
0 0 0 0 0 0 0 0 0 0 0 0 0 0 0 0 0 0 0 0 0 0 0 0 0 0 0 0 0 0 0 0 0 0 0 0
0 0 0 0 0 0 0 0 0 0 0 0 0 0 0 0 0 0 0 0 0 0 0 0
##$SHL_INTEGFAC= (0..15)
1 0 0 0 0 0 0 0 0 0 0 0 0 0 0 0
##$SHL_LB= (0..15)
0 0 0 0 0 0 0 0 0 0 0 0 0 0 0 0
##$SHL_LEFTLIMIT= (0..15)
0 0 0 0 0 0 0 0 0 0 0 0 0 0 0 0
##$SHL_LENGTH= (0..15)
25000.000373 0 0 0 0 0 0 0 0 0 0 0 0 0 0 0
##$SHL_MAN= (0..15)
<> <> <> <> <> <> <> <> <> <> <> <> <> <> <> <>
##$SHL_MEANAMP= (0..15)
0 0 0 0 0 0 0 0 0 0 0 0 0 0 0 0
##$SHL_MODAMP= (0..15)
0 0 0 0 0 0 0 0 0 0 0 0 0 0 0 0
##$SHL_MODE= (0..15)
0 0 0 0 0 0 0 0 0 0 0 0 0 0 0 0
##$SHL_MODFREQ= (0..15)
0 0 0 0 0 0 0 0 0 0 0 0 0 0 0 0
##$SHL_MODPHASE= (0..15)
0 0 0 0 0 0 0 0 0 0 0 0 0 0 0 0
##$SHL_MODSCALE= (0..15)
0 0 0 0 0 0 0 0 0 0 0 0 0 0 0 0
##$SHL_MODSW= (0..15)
0 0 0 0 0 0 0 0 0 0 0 0 0 0 0 0
##$SHL_MODSWDIR= (0..15)
-1 -1 -1 -1 -1 -1 -1 -1 -1 -1 -1 -1 -1 -1 -1 -1
##$SHL_MU= (0..15)
0 0 0 0 0 0 0 0 0 0 0 0 0 0 0 0
##$SHL_NPOINTS= (0..15)
1250 0 0 0 0 0 0 0 0 0 0 0 0 0 0 0
##$SHL_OFFS= (0..15)
<> <> <> <> <> <> <> <> <> <> <> <> <> <> <> <>
##$SHL_OFFSCOEFF0= (0..95)
0 0 0 0 0 0 0 0 0 0 0 0 0 0 0 0 0 0 0 0 0 0 0 0 0 0 0 0 0 0 0 0 0 0 0 0
0 0 0 0 0 0 0 0 0 0 0 0 0 0 0 0 0 0 0 0 0 0 0 0 0 0 0 0 0 0 0 0 0 0 0 0
0 0 0 0 0 0 0 0 0 0 0 0 0 0 0 0 0 0 0 0 0 0 0 0
##$SHL_OFFSCOEFF1= (0..95)
0 0 0 0 0 0 0 0 0 0 0 0 0 0 0 0 0 0 0 0 0 0 0 0 0 0 0 0 0 0 0 0 0 0 0 0
0 0 0 0 0 0 0 0 0 0 0 0 0 0 0 0 0 0 0 0 0 0 0 0 0 0 0 0 0 0 0 0 0 0 0 0
0 0 0 0 0 0 0 0 0 0 0 0 0 0 0 0 0 0 0 0 0 0 0 0
##$SHL_OFFSCOEFF10= (0..95)
0 0 0 0 0 0 0 0 0 0 0 0 0 0 0 0 0 0 0 0 0 0 0 0 0 0 0 0 0 0 0 0 0 0 0 0
0 0 0 0 0 0 0 0 0 0 0 0 0 0 0 0 0 0 0 0 0 0 0 0 0 0 0 0 0 0 0 0 0 0 0 0
0 0 0 0 0 0 0 0 0 0 0 0 0 0 0 0 0 0 0 0 0 0 0 0
##$SHL_OFFSCOEFF11= (0..95)
0 0 0 0 0 0 0 0 0 0 0 0 0 0 0 0 0 0 0 0 0 0 0 0 0 0 0 0 0 0 0 0 0 0 0 0
0 0 0 0 0 0 0 0 0 0 0 0 0 0 0 0 0 0 0 0 0 0 0 0 0 0 0 0 0 0 0 0 0 0 0 0
0 0 0 0 0 0 0 0 0 0 0 0 0 0 0 0 0 0 0 0 0 0 0 0
##$SHL_OFFSCOEFF12= (0..95)
0 0 0 0 0 0 0 0 0 0 0 0 0 0 0 0 0 0 0 0 0 0 0 0 0 0 0 0 0 0 0 0 0 0 0 0
0 0 0 0 0 0 0 0 0 0 0 0 0 0 0 0 0 0 0 0 0 0 0 0 0 0 0 0 0 0 0 0 0 0 0 0
0 0 0 0 0 0 0 0 0 0 0 0 0 0 0 0 0 0 0 0 0 0 0 0
##$SHL_OFFSCOEFF13= (0..95)
0 0 0 0 0 0 0 0 0 0 0 0 0 0 0 0 0 0 0 0 0 0 0 0 0 0 0 0 0 0 0 0 0 0 0 0
0 0 0 0 0 0 0 0 0 0 0 0 0 0 0 0 0 0 0 0 0 0 0 0 0 0 0 0 0 0 0 0 0 0 0 0
0 0 0 0 0 0 0 0 0 0 0 0 0 0 0 0 0 0 0 0 0 0 0 0
##$SHL_OFFSCOEFF14= (0..95)
0 0 0 0 0 0 0 0 0 0 0 0 0 0 0 0 0 0 0 0 0 0 0 0 0 0 0 0 0 0 0 0 0 0 0 0
0 0 0 0 0 0 0 0 0 0 0 0 0 0 0 0 0 0 0 0 0 0 0 0 0 0 0 0 0 0 0 0 0 0 0 0
0 0 0 0 0 0 0 0 0 0 0 0 0 0 0 0 0 0 0 0 0 0 0 0
##$SHL_OFFSCOEFF15= (0..95)
0 0 0 0 0 0 0 0 0 0 0 0 0 0 0 0 0 0 0 0 0 0 0 0 0 0 0 0 0 0 0 0 0 0 0 0
0 0 0 0 0 0 0 0 0 0 0 0 0 0 0 0 0 0 0 0 0 0 0 0 0 0 0 0 0 0 0 0 0 0 0 0
0 0 0 0 0 0 0 0 0 0 0 0 0 0 0 0 0 0 0 0 0 0 0 0
##$SHL_OFFSCOEFF2= (0..95)
0 0 0 0 0 0 0 0 0 0 0 0 0 0 0 0 0 0 0 0 0 0 0 0 0 0 0 0 0 0 0 0 0 0 0 0
0 0 0 0 0 0 0 0 0 0 0 0 0 0 0 0 0 0 0 0 0 0 0 0 0 0 0 0 0 0 0 0 0 0 0 0
0 0 0 0 0 0 0 0 0 0 0 0 0 0 0 0 0 0 0 0 0 0 0 0
##$SHL_OFFSCOEFF3= (0..95)
0 0 0 0 0 0 0 0 0 0 0 0 0 0 0 0 0 0 0 0 0 0 0 0 0 0 0 0 0 0 0 0 0 0 0 0
0 0 0 0 0 0 0 0 0 0 0 0 0 0 0 0 0 0 0 0 0 0 0 0 0 0 0 0 0 0 0 0 0 0 0 0
0 0 0 0 0 0 0 0 0 0 0 0 0 0 0 0 0 0 0 0 0 0 0 0
##$SHL_OFFSCOEFF4= (0..95)
0 0 0 0 0 0 0 0 0 0 0 0 0 0 0 0 0 0 0 0 0 0 0 0 0 0 0 0 0 0 0 0 0 0 0 0
0 0 0 0 0 0 0 0 0 0 0 0 0 0 0 0 0 0 0 0 0 0 0 0 0 0 0 0 0 0 0 0 0 0 0 0
0 0 0 0 0 0 0 0 0 0 0 0 0 0 0 0 0 0 0 0 0 0 0 0
##$SHL_OFFSCOEFF5= (0..95)
0 0 0 0 0 0 0 0 0 0 0 0 0 0 0 0 0 0 0 0 0 0 0 0 0 0 0 0 0 0 0 0 0 0 0 0
0 0 0 0 0 0 0 0 0 0 0 0 0 0 0 0 0 0 0 0 0 0 0 0 0 0 0 0 0 0 0 0 0 0 0 0
0 0 0 0 0 0 0 0 0 0 0 0 0 0 0 0 0 0 0 0 0 0 0 0
##$SHL_OFFSCOEFF6= (0..95)
0 0 0 0 0 0 0 0 0 0 0 0 0 0 0 0 0 0 0 0 0 0 0 0 0 0 0 0 0 0 0 0 0 0 0 0
0 0 0 0 0 0 0 0 0 0 0 0 0 0 0 0 0 0 0 0 0 0 0 0 0 0 0 0 0 0 0 0 0 0 0 0
0 0 0 0 0 0 0 0 0 0 0 0 0 0 0 0 0 0 0 0 0 0 0 0
##$SHL_OFFSCOEFF7= (0..95)
0 0 0 0 0 0 0 0 0 0 0 0 0 0 0 0 0 0 0 0 0 0 0 0 0 0 0 0 0 0 0 0 0 0 0 0
0 0 0 0 0 0 0 0 0 0 0 0 0 0 0 0 0 0 0 0 0 0 0 0 0 0 0 0 0 0 0 0 0 0 0 0
0 0 0 0 0 0 0 0 0 0 0 0 0 0 0 0 0 0 0 0 0 0 0 0
##$SHL_OFFSCOEFF8= (0..95)
0 0 0 0 0 0 0 0 0 0 0 0 0 0 0 0 0 0 0 0 0 0 0 0 0 0 0 0 0 0 0 0 0 0 0 0
0 0 0 0 0 0 0 0 0 0 0 0 0 0 0 0 0 0 0 0 0 0 0 0 0 0 0 0 0 0 0 0 0 0 0 0
0 0 0 0 0 0 0 0 0 0 0 0 0 0 0 0 0 0 0 0 0 0 0 0
##$SHL_OFFSCOEFF9= (0..95)
0 0 0 0 0 0 0 0 0 0 0 0 0 0 0 0 0 0 0 0 0 0 0 0 0 0 0 0 0 0 0 0 0 0 0 0
0 0 0 0 0 0 0 0 0 0 0 0 0 0 0 0 0 0 0 0 0 0 0 0 0 0 0 0 0 0 0 0 0 0 0 0
0 0 0 0 0 0 0 0 0 0 0 0 0 0 0 0 0 0 0 0 0 0 0 0
##$SHL_PHASE= (0..15)
0 0 0 0 0 0 0 0 0 0 0 0 0 0 0 0
##$SHL_PHASEFAC= (0..15)
0 0 0 0 0 0 0 0 0 0 0 0 0 0 0 0
##$SHL_POWERINDEX= (0..15)
0 0 0 0 0 0 0 0 0 0 0 0 0 0 0 0
##$SHL_QUADCOEFF= (0..15)
0 0 0 0 0 0 0 0 0 0 0 0 0 0 0 0
##$SHL_RIGHTLIMIT= (0..15)
0 0 0 0 0 0 0 0 0 0 0 0 0 0 0 0
##$SHL_SCALEFACTOR= (0..15)
1 1 1 1 1 1 1 1 1 1 1 1 1 1 1 1
##$SHL_SF= (0..15)
<> <> <> <> <> <> <> <> <> <> <> <> <> <> <> <>
##$SHL_SFCOEFFS0= (0..200)
0 0 0 0 0 0 0 0 0 0 0 0 0 0 0 0 0 0 0 0 0 0 0 0 0 0 0 0 0 0 0 0 0 0 0 0
0 0 0 0 0 0 0 0 0 0 0 0 0 0 0 0 0 0 0 0 0 0 0 0 0 0 0 0 0 0 0 0 0 0 0 0
0 0 0 0 0 0 0 0 0 0 0 0 0 0 0 0 0 0 0 0 0 0 0 0 0 0 0 0 0 0 0 0 0 0 0 0
0 0 0 0 0 0 0 0 0 0 0 0 0 0 0 0 0 0 0 0 0 0 0 0 0 0 0 0 0 0 0 0 0 0 0 0
0 0 0 0 0 0 0 0 0 0 0 0 0 0 0 0 0 0 0 0 0 0 0 0 0 0 0 0 0 0 0 0 0 0 0 0
0 0 0 0 0 0 0 0 0 0 0 0 0 0 0 0 0 0 0 0 0
##$SHL_SFCOEFFS1= (0..200)
0 0 0 0 0 0 0 0 0 0 0 0 0 0 0 0 0 0 0 0 0 0 0 0 0 0 0 0 0 0 0 0 0 0 0 0
0 0 0 0 0 0 0 0 0 0 0 0 0 0 0 0 0 0 0 0 0 0 0 0 0 0 0 0 0 0 0 0 0 0 0 0
0 0 0 0 0 0 0 0 0 0 0 0 0 0 0 0 0 0 0 0 0 0 0 0 0 0 0 0 0 0 0 0 0 0 0 0
0 0 0 0 0 0 0 0 0 0 0 0 0 0 0 0 0 0 0 0 0 0 0 0 0 0 0 0 0 0 0 0 0 0 0 0
0 0 0 0 0 0 0 0 0 0 0 0 0 0 0 0 0 0 0 0 0 0 0 0 0 0 0 0 0 0 0 0 0 0 0 0
0 0 0 0 0 0 0 0 0 0 0 0 0 0 0 0 0 0 0 0 0
##$SHL_SFCOEFFS10= (0..200)
0 0 0 0 0 0 0 0 0 0 0 0 0 0 0 0 0 0 0 0 0 0 0 0 0 0 0 0 0 0 0 0 0 0 0 0
0 0 0 0 0 0 0 0 0 0 0 0 0 0 0 0 0 0 0 0 0 0 0 0 0 0 0 0 0 0 0 0 0 0 0 0
0 0 0 0 0 0 0 0 0 0 0 0 0 0 0 0 0 0 0 0 0 0 0 0 0 0 0 0 0 0 0 0 0 0 0 0
0 0 0 0 0 0 0 0 0 0 0 0 0 0 0 0 0 0 0 0 0 0 0 0 0 0 0 0 0 0 0 0 0 0 0 0
0 0 0 0 0 0 0 0 0 0 0 0 0 0 0 0 0 0 0 0 0 0 0 0 0 0 0 0 0 0 0 0 0 0 0 0
0 0 0 0 0 0 0 0 0 0 0 0 0 0 0 0 0 0 0 0 0
##$SHL_SFCOEFFS11= (0..200)
0 0 0 0 0 0 0 0 0 0 0 0 0 0 0 0 0 0 0 0 0 0 0 0 0 0 0 0 0 0 0 0 0 0 0 0
0 0 0 0 0 0 0 0 0 0 0 0 0 0 0 0 0 0 0 0 0 0 0 0 0 0 0 0 0 0 0 0 0 0 0 0
0 0 0 0 0 0 0 0 0 0 0 0 0 0 0 0 0 0 0 0 0 0 0 0 0 0 0 0 0 0 0 0 0 0 0 0
0 0 0 0 0 0 0 0 0 0 0 0 0 0 0 0 0 0 0 0 0 0 0 0 0 0 0 0 0 0 0 0 0 0 0 0
0 0 0 0 0 0 0 0 0 0 0 0 0 0 0 0 0 0 0 0 0 0 0 0 0 0 0 0 0 0 0 0 0 0 0 0
0 0 0 0 0 0 0 0 0 0 0 0 0 0 0 0 0 0 0 0 0
##$SHL_SFCOEFFS12= (0..200)
0 0 0 0 0 0 0 0 0 0 0 0 0 0 0 0 0 0 0 0 0 0 0 0 0 0 0 0 0 0 0 0 0 0 0 0
0 0 0 0 0 0 0 0 0 0 0 0 0 0 0 0 0 0 0 0 0 0 0 0 0 0 0 0 0 0 0 0 0 0 0 0
0 0 0 0 0 0 0 0 0 0 0 0 0 0 0 0 0 0 0 0 0 0 0 0 0 0 0 0 0 0 0 0 0 0 0 0
0 0 0 0 0 0 0 0 0 0 0 0 0 0 0 0 0 0 0 0 0 0 0 0 0 0 0 0 0 0 0 0 0 0 0 0
0 0 0 0 0 0 0 0 0 0 0 0 0 0 0 0 0 0 0 0 0 0 0 0 0 0 0 0 0 0 0 0 0 0 0 0
0 0 0 0 0 0 0 0 0 0 0 0 0 0 0 0 0 0 0 0 0
##$SHL_SFCOEFFS13= (0..200)
0 0 0 0 0 0 0 0 0 0 0 0 0 0 0 0 0 0 0 0 0 0 0 0 0 0 0 0 0 0 0 0 0 0 0 0
0 0 0 0 0 0 0 0 0 0 0 0 0 0 0 0 0 0 0 0 0 0 0 0 0 0 0 0 0 0 0 0 0 0 0 0
0 0 0 0 0 0 0 0 0 0 0 0 0 0 0 0 0 0 0 0 0 0 0 0 0 0 0 0 0 0 0 0 0 0 0 0
0 0 0 0 0 0 0 0 0 0 0 0 0 0 0 0 0 0 0 0 0 0 0 0 0 0 0 0 0 0 0 0 0 0 0 0
0 0 0 0 0 0 0 0 0 0 0 0 0 0 0 0 0 0 0 0 0 0 0 0 0 0 0 0 0 0 0 0 0 0 0 0
0 0 0 0 0 0 0 0 0 0 0 0 0 0 0 0 0 0 0 0 0
##$SHL_SFCOEFFS14= (0..200)
0 0 0 0 0 0 0 0 0 0 0 0 0 0 0 0 0 0 0 0 0 0 0 0 0 0 0 0 0 0 0 0 0 0 0 0
0 0 0 0 0 0 0 0 0 0 0 0 0 0 0 0 0 0 0 0 0 0 0 0 0 0 0 0 0 0 0 0 0 0 0 0
0 0 0 0 0 0 0 0 0 0 0 0 0 0 0 0 0 0 0 0 0 0 0 0 0 0 0 0 0 0 0 0 0 0 0 0
0 0 0 0 0 0 0 0 0 0 0 0 0 0 0 0 0 0 0 0 0 0 0 0 0 0 0 0 0 0 0 0 0 0 0 0
0 0 0 0 0 0 0 0 0 0 0 0 0 0 0 0 0 0 0 0 0 0 0 0 0 0 0 0 0 0 0 0 0 0 0 0
0 0 0 0 0 0 0 0 0 0 0 0 0 0 0 0 0 0 0 0 0
##$SHL_SFCOEFFS15= (0..200)
0 0 0 0 0 0 0 0 0 0 0 0 0 0 0 0 0 0 0 0 0 0 0 0 0 0 0 0 0 0 0 0 0 0 0 0
0 0 0 0 0 0 0 0 0 0 0 0 0 0 0 0 0 0 0 0 0 0 0 0 0 0 0 0 0 0 0 0 0 0 0 0
0 0 0 0 0 0 0 0 0 0 0 0 0 0 0 0 0 0 0 0 0 0 0 0 0 0 0 0 0 0 0 0 0 0 0 0
0 0 0 0 0 0 0 0 0 0 0 0 0 0 0 0 0 0 0 0 0 0 0 0 0 0 0 0 0 0 0 0 0 0 0 0
0 0 0 0 0 0 0 0 0 0 0 0 0 0 0 0 0 0 0 0 0 0 0 0 0 0 0 0 0 0 0 0 0 0 0 0
0 0 0 0 0 0 0 0 0 0 0 0 0 0 0 0 0 0 0 0 0
##$SHL_SFCOEFFS2= (0..200)
0 0 0 0 0 0 0 0 0 0 0 0 0 0 0 0 0 0 0 0 0 0 0 0 0 0 0 0 0 0 0 0 0 0 0 0
0 0 0 0 0 0 0 0 0 0 0 0 0 0 0 0 0 0 0 0 0 0 0 0 0 0 0 0 0 0 0 0 0 0 0 0
0 0 0 0 0 0 0 0 0 0 0 0 0 0 0 0 0 0 0 0 0 0 0 0 0 0 0 0 0 0 0 0 0 0 0 0
0 0 0 0 0 0 0 0 0 0 0 0 0 0 0 0 0 0 0 0 0 0 0 0 0 0 0 0 0 0 0 0 0 0 0 0
0 0 0 0 0 0 0 0 0 0 0 0 0 0 0 0 0 0 0 0 0 0 0 0 0 0 0 0 0 0 0 0 0 0 0 0
0 0 0 0 0 0 0 0 0 0 0 0 0 0 0 0 0 0 0 0 0
##$SHL_SFCOEFFS3= (0..200)
0 0 0 0 0 0 0 0 0 0 0 0 0 0 0 0 0 0 0 0 0 0 0 0 0 0 0 0 0 0 0 0 0 0 0 0
0 0 0 0 0 0 0 0 0 0 0 0 0 0 0 0 0 0 0 0 0 0 0 0 0 0 0 0 0 0 0 0 0 0 0 0
0 0 0 0 0 0 0 0 0 0 0 0 0 0 0 0 0 0 0 0 0 0 0 0 0 0 0 0 0 0 0 0 0 0 0 0
0 0 0 0 0 0 0 0 0 0 0 0 0 0 0 0 0 0 0 0 0 0 0 0 0 0 0 0 0 0 0 0 0 0 0 0
0 0 0 0 0 0 0 0 0 0 0 0 0 0 0 0 0 0 0 0 0 0 0 0 0 0 0 0 0 0 0 0 0 0 0 0
0 0 0 0 0 0 0 0 0 0 0 0 0 0 0 0 0 0 0 0 0
##$SHL_SFCOEFFS4= (0..200)
0 0 0 0 0 0 0 0 0 0 0 0 0 0 0 0 0 0 0 0 0 0 0 0 0 0 0 0 0 0 0 0 0 0 0 0
0 0 0 0 0 0 0 0 0 0 0 0 0 0 0 0 0 0 0 0 0 0 0 0 0 0 0 0 0 0 0 0 0 0 0 0
0 0 0 0 0 0 0 0 0 0 0 0 0 0 0 0 0 0 0 0 0 0 0 0 0 0 0 0 0 0 0 0 0 0 0 0
0 0 0 0 0 0 0 0 0 0 0 0 0 0 0 0 0 0 0 0 0 0 0 0 0 0 0 0 0 0 0 0 0 0 0 0
0 0 0 0 0 0 0 0 0 0 0 0 0 0 0 0 0 0 0 0 0 0 0 0 0 0 0 0 0 0 0 0 0 0 0 0
0 0 0 0 0 0 0 0 0 0 0 0 0 0 0 0 0 0 0 0 0
##$SHL_SFCOEFFS5= (0..200)
0 0 0 0 0 0 0 0 0 0 0 0 0 0 0 0 0 0 0 0 0 0 0 0 0 0 0 0 0 0 0 0 0 0 0 0
0 0 0 0 0 0 0 0 0 0 0 0 0 0 0 0 0 0 0 0 0 0 0 0 0 0 0 0 0 0 0 0 0 0 0 0
0 0 0 0 0 0 0 0 0 0 0 0 0 0 0 0 0 0 0 0 0 0 0 0 0 0 0 0 0 0 0 0 0 0 0 0
0 0 0 0 0 0 0 0 0 0 0 0 0 0 0 0 0 0 0 0 0 0 0 0 0 0 0 0 0 0 0 0 0 0 0 0
0 0 0 0 0 0 0 0 0 0 0 0 0 0 0 0 0 0 0 0 0 0 0 0 0 0 0 0 0 0 0 0 0 0 0 0
0 0 0 0 0 0 0 0 0 0 0 0 0 0 0 0 0 0 0 0 0
##$SHL_SFCOEFFS6= (0..200)
0 0 0 0 0 0 0 0 0 0 0 0 0 0 0 0 0 0 0 0 0 0 0 0 0 0 0 0 0 0 0 0 0 0 0 0
0 0 0 0 0 0 0 0 0 0 0 0 0 0 0 0 0 0 0 0 0 0 0 0 0 0 0 0 0 0 0 0 0 0 0 0
0 0 0 0 0 0 0 0 0 0 0 0 0 0 0 0 0 0 0 0 0 0 0 0 0 0 0 0 0 0 0 0 0 0 0 0
0 0 0 0 0 0 0 0 0 0 0 0 0 0 0 0 0 0 0 0 0 0 0 0 0 0 0 0 0 0 0 0 0 0 0 0
0 0 0 0 0 0 0 0 0 0 0 0 0 0 0 0 0 0 0 0 0 0 0 0 0 0 0 0 0 0 0 0 0 0 0 0
0 0 0 0 0 0 0 0 0 0 0 0 0 0 0 0 0 0 0 0 0
##$SHL_SFCOEFFS7= (0..200)
0 0 0 0 0 0 0 0 0 0 0 0 0 0 0 0 0 0 0 0 0 0 0 0 0 0 0 0 0 0 0 0 0 0 0 0
0 0 0 0 0 0 0 0 0 0 0 0 0 0 0 0 0 0 0 0 0 0 0 0 0 0 0 0 0 0 0 0 0 0 0 0
0 0 0 0 0 0 0 0 0 0 0 0 0 0 0 0 0 0 0 0 0 0 0 0 0 0 0 0 0 0 0 0 0 0 0 0
0 0 0 0 0 0 0 0 0 0 0 0 0 0 0 0 0 0 0 0 0 0 0 0 0 0 0 0 0 0 0 0 0 0 0 0
0 0 0 0 0 0 0 0 0 0 0 0 0 0 0 0 0 0 0 0 0 0 0 0 0 0 0 0 0 0 0 0 0 0 0 0
0 0 0 0 0 0 0 0 0 0 0 0 0 0 0 0 0 0 0 0 0
##$SHL_SFCOEFFS8= (0..200)
0 0 0 0 0 0 0 0 0 0 0 0 0 0 0 0 0 0 0 0 0 0 0 0 0 0 0 0 0 0 0 0 0 0 0 0
0 0 0 0 0 0 0 0 0 0 0 0 0 0 0 0 0 0 0 0 0 0 0 0 0 0 0 0 0 0 0 0 0 0 0 0
0 0 0 0 0 0 0 0 0 0 0 0 0 0 0 0 0 0 0 0 0 0 0 0 0 0 0 0 0 0 0 0 0 0 0 0
0 0 0 0 0 0 0 0 0 0 0 0 0 0 0 0 0 0 0 0 0 0 0 0 0 0 0 0 0 0 0 0 0 0 0 0
0 0 0 0 0 0 0 0 0 0 0 0 0 0 0 0 0 0 0 0 0 0 0 0 0 0 0 0 0 0 0 0 0 0 0 0
0 0 0 0 0 0 0 0 0 0 0 0 0 0 0 0 0 0 0 0 0
##$SHL_SFCOEFFS9= (0..200)
0 0 0 0 0 0 0 0 0 0 0 0 0 0 0 0 0 0 0 0 0 0 0 0 0 0 0 0 0 0 0 0 0 0 0 0
0 0 0 0 0 0 0 0 0 0 0 0 0 0 0 0 0 0 0 0 0 0 0 0 0 0 0 0 0 0 0 0 0 0 0 0
0 0 0 0 0 0 0 0 0 0 0 0 0 0 0 0 0 0 0 0 0 0 0 0 0 0 0 0 0 0 0 0 0 0 0 0
0 0 0 0 0 0 0 0 0 0 0 0 0 0 0 0 0 0 0 0 0 0 0 0 0 0 0 0 0 0 0 0 0 0 0 0
0 0 0 0 0 0 0 0 0 0 0 0 0 0 0 0 0 0 0 0 0 0 0 0 0 0 0 0 0 0 0 0 0 0 0 0
0 0 0 0 0 0 0 0 0 0 0 0 0 0 0 0 0 0 0 0 0
##$SHL_SMOOTHED= (0..15)
0 0 0 0 0 0 0 0 0 0 0 0 0 0 0 0
##$SHL_SMOOTHING= (0..15)
0 0 0 0 0 0 0 0 0 0 0 0 0 0 0 0
##$SHL_SPOAL= (0..15)
0 0 0 0 0 0 0 0 0 0 0 0 0 0 0 0
##$SHL_SPOFFS= (0..15)
0 0 0 0 0 0 0 0 0 0 0 0 0 0 0 0
##$SHL_SPOPH= (0..15)
0 0 0 0 0 0 0 0 0 0 0 0 0 0 0 0
##$SHL_STARTAMP= (0..15)
0 0 0 0 0 0 0 0 0 0 0 0 0 0 0 0
##$SHL_SW= (0..15)
0 0 0 0 0 0 0 0 0 0 0 0 0 0 0 0
##$SHL_SWDIR= (0..15)
-1 -1 -1 -1 -1 -1 -1 -1 -1 -1 -1 -1 -1 -1 -1 -1
##$SHL_TANKAPPA= (0..15)
0 0 0 0 0 0 0 0 0 0 0 0 0 0 0 0
##$SHL_TOTROT= (0..15)
90 0 0 0 0 0 0 0 0 0 0 0 0 0 0 0
##$SHL_TRUNCLEV= (0..15)
0 0 0 0 0 0 0 0 0 0 0 0 0 0 0 0
##$SHL_TYPE= (0..15)
<Excitation> <> <> <> <> <> <> <> <> <> <> <> <> <> <> <>
##$SHL_WINDOWSIZE= (0..15)
0 0 0 0 0 0 0 0 0 0 0 0 0 0 0 0
##$SHL_ZETA= (0..15)
0 0 0 0 0 0 0 0 0 0 0 0 0 0 0 0
##NPOINTS= 1250
##XYPOINTS= (XY..XY)
65.222936, 83.988432
64.947037, 85.708536
64.669251, 87.430053
64.389607, 89.153001
64.108136, 90.877396
63.824865, 92.603259
63.539825, 94.330608
63.253045, 96.059461
62.964555, 97.789839
62.674386, 99.521761
62.382568, 101.255248
62.089131, 102.990321
61.794107, 104.727000
61.497527, 106.465308
61.199422, 108.205266
60.899824, 109.946897
60.598765, 111.690223
60.296276, 113.435268
59.992390, 115.182056
59.687139, 116.930611
59.380557, 118.680958
59.072676, 120.433122
58.763529, 122.187128
58.453150, 123.943002
58.141573, 125.700773
57.828831, 127.460465
57.514959, 129.222108
57.199991, 130.985730
56.883961, 132.751358
56.566904, 134.519023
56.248856, 136.288755
55.929851, 138.060583
55.609926, 139.834540
55.289116, 141.610656
54.967456, 143.388963
54.644984, 145.169494
54.321735, 146.952284
53.997746, 148.737365
53.673055, 150.524772
53.347697, 152.314541
53.021712, 154.106707
52.695136, 155.901306
52.368007, 157.698377
52.040363, 159.497957
51.712243, 161.300084
51.383685, 163.104798
51.054729, 164.912138
50.725412, 166.722144
50.395775, 168.534859
50.065857, 170.350325
49.735698, 172.168582
49.405338, 173.989677
49.074817, 175.813651
48.744176, 177.640550
48.413456, 179.470420
48.082697, 181.303307
47.751941, 183.139258
47.421230, 184.978321
47.090606, 186.820543
46.760110, 188.665976
46.429784, 190.514667
46.099673, 192.366669
45.769817, 194.222032
45.440261, 196.080809
45.111048, 197.943053
44.782222, 199.808816
44.453826, 201.678155
44.125904, 203.551123
43.798501, 205.427776
43.471663, 207.308171
43.145432, 209.192365
42.819856, 211.080415
42.494979, 212.972380
42.170847, 214.868319
41.847506, 216.768291
41.525003, 218.672356
41.203383, 220.580576
40.882694, 222.493011
40.562983, 224.409723
40.244297, 226.330773
39.926683, 228.256225
39.610189, 230.186141
39.294864, 232.120584
38.980755, 234.059617
38.667912, 236.003304
38.356382, 237.951709
38.046214, 239.904896
37.737459, 241.862927
37.430164, 243.825867
37.124381, 245.793780
36.820157, 247.766728
36.517545, 249.744775
36.216592, 251.727983
35.917351, 253.716414
35.619871, 255.710130
35.324202, 257.709191
35.030396, 259.713658
34.738502, 261.723589
34.448573, 263.739042
34.160659, 265.760074
33.874811, 267.786740
33.591079, 269.819094
33.309515, 271.857188
33.030171, 273.901071
32.753095, 275.950793
32.478341, 278.006398
32.205958, 280.067932
31.935997, 282.135434
31.668508, 284.208943
31.403542, 286.288494
31.141149, 288.374120
30.881378, 290.465848
30.624280, 292.563704
30.369902, 294.667710
30.118294, 296.777882
29.869504, 298.894233
29.623580, 301.016771
29.380568, 303.145500
29.140516, 305.280418
28.903469, 307.421518
28.669472, 309.568787
28.438571, 311.722207
28.210808, 313.881754
27.986226, 316.047397
27.764866, 318.219098
27.546771, 320.396815
27.331978, 322.580495
27.120527, 324.770080
26.912454, 326.965505
26.707796, 329.166697
26.506586, 331.373575
26.308858, 333.586049
26.114643, 335.804022
25.923971, 338.027388
25.736870, 340.256035
25.553365, 342.489839
25.373483, 344.728669
25.197243, 346.972386
25.024669, 349.220842
24.855777, 351.473879
24.690584, 353.731332
24.529103, 355.993027
24.371347, 358.258781
24.217325, 0.528404
24.067044, 2.801695
23.920507, 5.078448
23.777718, 7.358448
23.638674, 9.641472
23.503373, 11.927289
23.371809, 14.215664
23.243973, 16.506352
23.119854, 18.799104
22.999436, 21.093664
22.882704, 23.389771
22.769637, 25.687158
22.660212, 27.985554
22.554404, 30.284686
22.452185, 32.584275
22.353524, 34.884040
22.258387, 37.183696
22.166737, 39.482960
22.078535, 41.781543
21.993740, 44.079160
21.912306, 46.375521
21.834187, 48.670341
21.759333, 50.963332
21.687691, 53.254211
21.619209, 55.542696
21.553828, 57.828505
21.491491, 60.111364
21.432136, 62.390999
21.375700, 64.667142
21.322119, 66.939528
21.271326, 69.207899
21.223251, 71.472002
21.177827, 73.731589
21.134980, 75.986419
21.094638, 78.236256
21.056727, 80.480875
21.021171, 82.720052
20.987894, 84.953576
20.956819, 87.181239
20.927867, 89.402844
20.900960, 91.618201
20.876018, 93.827126
20.852960, 96.029445
20.831708, 98.224992
20.812179, 100.413606
20.794293, 102.595139
20.777969, 104.769446
20.763126, 106.936392
20.749683, 109.095851
20.737560, 111.247701
20.726675, 113.391832
20.716950, 115.528138
20.708305, 117.656520
20.700660, 119.776888
20.693937, 121.889157
20.688058, 123.993250
20.682947, 126.089094
20.678527, 128.176624
20.674723, 130.255780
20.671461, 132.326508
20.668667, 134.388758
20.666268, 136.442487
20.664194, 138.487653
20.662374, 140.524224
20.660739, 142.552166
20.659221, 144.571454
20.657754, 146.582063
20.656273, 148.583975
20.654713, 150.577170
20.653011, 152.561636
20.651106, 154.537360
20.648939, 156.504333
20.646450, 158.462548
20.643582, 160.412000
20.640279, 162.352683
20.636488, 164.284595
20.632154, 166.207736
20.627227, 168.122103
20.621656, 170.027698
20.615393, 171.924520
20.608390, 173.812570
20.600603, 175.691849
20.591986, 177.562358
20.582498, 179.424095
20.572098, 181.277062
20.560745, 183.121257
20.548401, 184.956677
20.535031, 186.783321
20.520598, 188.601183
20.505071, 190.410259
20.488416, 192.210540
20.470602, 194.002019
20.451603, 195.784684
20.431389, 197.558523
20.409935, 199.323522
20.387217, 201.079663
20.363212, 202.826927
20.337898, 204.565292
20.311258, 206.294735
20.283271, 208.015227
20.253922, 209.726740
20.223197, 211.429239
20.191081, 213.122690
20.157564, 214.807053
20.122635, 216.482285
20.086285, 218.148342
20.048509, 219.805173
20.009301, 221.452725
19.968657, 223.090943
19.926576, 224.719766
19.883059, 226.339129
19.838106, 227.948965
19.791721, 229.549201
19.743910, 231.139762
19.694680, 232.720566
19.644039, 234.291529
19.591998, 235.852562
19.538570, 237.403571
19.483770, 238.944459
19.427614, 240.475123
19.370121, 241.995456
19.311310, 243.505347
19.251205, 245.004679
19.189830, 246.493332
19.127212, 247.971180
19.063380, 249.438092
18.998364, 250.893935
18.932200, 252.338568
18.864921, 253.771848
18.796567, 255.193626
18.727178, 256.603749
18.656796, 258.002058
18.585468, 259.388394
18.513241, 260.762589
18.440166, 262.124474
18.366297, 263.473874
18.291689, 264.810613
18.216403, 266.134510
18.140498, 267.445381
18.064042, 268.743040
17.987100, 270.027297
17.909744, 271.297962
17.832049, 272.554842
17.754091, 273.797744
17.675950, 275.026473
17.597711, 276.240836
17.519460, 277.440639
17.441289, 278.625692
17.363290, 279.795805
17.285561, 280.950791
17.208204, 282.090469
17.131323, 283.214662
17.055025, 284.323200
16.979423, 285.415920
16.904633, 286.492666
16.830771, 287.553296
16.757963, 288.597675
16.686332, 289.625684
16.616010, 290.637217
16.547128, 291.632185
16.479824, 292.610517
16.414237, 293.572159
16.350510, 294.517082
16.288789, 295.445278
16.229223, 296.356765
16.171962, 297.251587
16.117162, 298.129818
16.064978, 298.991563
16.015570, 299.836957
15.969096, 300.666173
15.925718, 301.479417
15.885600, 302.276935
15.848904, 303.059009
15.815794, 303.825963
15.786435, 304.578163
15.760989, 305.316016
15.739618, 306.039970
15.722484, 306.750520
15.709747, 307.448199
15.701561, 308.133586
15.698083, 308.807301
15.699461, 309.470003
15.705844, 310.122393
15.717372, 310.765207
15.734184, 311.399217
15.756411, 312.025230
15.784180, 312.644080
15.817610, 313.256629
15.856815, 313.863762
15.901900, 314.466382
15.952963, 315.065410
16.010097, 315.661777
16.073383, 316.256420
16.142896, 316.850279
16.218701, 317.444292
16.300857, 318.039392
16.389411, 318.636497
16.484405, 319.236515
16.585869, 319.840332
16.693827, 320.448811
16.808292, 321.062790
16.929272, 321.683076
17.056763, 322.310444
17.190757, 322.945632
17.331236, 323.589344
17.478175, 324.242240
17.631544, 324.904942
17.791303, 325.578030
17.957408, 326.262038
18.129810, 326.957460
18.308453, 327.664746
18.493276, 328.384300
18.684214, 329.116487
18.881198, 329.861628
19.084154, 330.620003
19.293005, 331.391853
19.507671, 332.177380
19.728070, 332.976750
19.954117, 333.790091
20.185724, 334.617501
20.422803, 335.459045
20.665263, 336.314757
20.913012, 337.184645
21.165959, 338.068688
21.424010, 338.966844
21.687071, 339.879047
21.955048, 340.805210
22.227849, 341.745228
22.505378, 342.698979
22.787542, 343.666325
23.074248, 344.647114
23.365404, 345.641182
23.660917, 346.648354
23.960697, 347.668446
24.264652, 348.701263
24.572694, 349.746607
24.884734, 350.804270
25.200684, 351.874042
25.520458, 352.955707
25.843971, 354.049045
26.171138, 355.153837
26.501876, 356.269859
26.836104, 357.396888
27.173741, 358.534699
27.514707, 359.683069
27.858925, 0.841773
28.206316, 2.010591
28.556805, 3.189301
28.910318, 4.377685
29.266781, 5.575526
29.626120, 6.782610
29.988266, 7.998727
30.353147, 9.223667
30.720695, 10.457226
31.090841, 11.699202
31.463519, 12.949396
31.838662, 14.207615
32.216206, 15.473666
32.596087, 16.747362
32.978241, 18.028520
33.362606, 19.316959
33.749121, 20.612504
34.137726, 21.914983
34.528361, 23.224226
34.920967, 24.540069
35.315487, 25.862352
35.711864, 27.190917
36.110041, 28.525610
36.509962, 29.866284
36.911573, 31.212790
37.314819, 32.564987
37.719647, 33.922737
38.126005, 35.285902
38.533839, 36.654353
38.943098, 38.027959
39.353731, 39.406596
39.765688, 40.790141
40.178918, 42.178475
40.593372, 43.571483
41.009002, 44.969052
41.425759, 46.371072
41.843595, 47.777435
42.262463, 49.188038
42.682315, 50.602779
43.103106, 52.021559
43.524788, 53.444282
43.947317, 54.870854
44.370647, 56.301185
44.794734, 57.735185
45.219532, 59.172768
45.644998, 60.613850
46.071088, 62.058349
46.497759, 63.506185
46.924967, 64.957281
47.352669, 66.411561
47.780824, 67.868952
48.209389, 69.329382
48.638323, 70.792780
49.067584, 72.259080
49.497130, 73.728215
49.926921, 75.200121
50.356916, 76.674734
50.787075, 78.151995
51.217357, 79.631843
51.647723, 81.114220
52.078134, 82.599070
52.508549, 84.086338
52.938929, 85.575970
53.369237, 87.067914
53.799432, 88.562119
54.229477, 90.058537
54.659334, 91.557117
55.088963, 93.057814
55.518329, 94.560580
55.947392, 96.065373
56.376117, 97.572147
56.804464, 99.080861
57.232399, 100.591472
57.659883, 102.103941
58.086880, 103.618229
58.513355, 105.134295
58.939270, 106.652104
59.364590, 108.171618
59.789279, 109.692802
60.213301, 111.215620
60.636621, 112.740040
61.059204, 114.266027
61.481014, 115.793549
61.902017, 117.322575
62.322179, 118.853074
62.741464, 120.385016
63.159838, 121.918371
63.577267, 123.453111
63.993717, 124.989207
64.409154, 126.526632
64.823545, 128.065360
65.236856, 129.605364
65.649054, 131.146619
66.060105, 132.689099
66.469978, 134.232781
66.878638, 135.777641
67.286053, 137.323655
67.692192, 138.870801
68.097021, 140.419056
68.500509, 141.968398
68.902623, 143.518807
69.303332, 145.070262
69.702604, 146.622741
70.100409, 148.176226
70.496714, 149.730697
70.891488, 151.286135
71.284702, 152.842522
71.676323, 154.399838
72.066322, 155.958066
72.454668, 157.517190
72.841331, 159.077191
73.226281, 160.638053
73.609488, 162.199760
73.990923, 163.762295
74.370555, 165.325644
74.748356, 166.889790
75.124297, 168.454718
75.498349, 170.020415
75.870482, 171.586865
76.240669, 173.154054
76.608880, 174.721969
76.975089, 176.290596
77.339266, 177.859921
77.701384, 179.429932
78.061415, 181.000616
78.419332, 182.571960
78.775108, 184.143952
79.128715, 185.716580
79.480127, 187.289832
79.829317, 188.863697
80.176258, 190.438163
80.520924, 192.013219
80.863290, 193.588854
81.203328, 195.165058
81.541014, 196.741819
81.876321, 198.319129
82.209226, 199.896975
82.539701, 201.475350
82.867724, 203.054242
83.193268, 204.633642
83.516309, 206.213541
83.836823, 207.793929
84.154787, 209.374798
84.470175, 210.956138
84.782965, 212.537942
85.093133, 214.120199
85.400655, 215.702902
85.705509, 217.286042
86.007672, 218.869612
86.307121, 220.453602
86.603834, 222.038006
86.897789, 223.622816
87.188963, 225.208023
87.477335, 226.793621
87.762883, 228.379601
88.045587, 229.965958
88.325424, 231.552682
88.602375, 233.139769
88.876418, 234.727210
89.147533, 236.314999
89.415700, 237.903128
89.680900, 239.491593
89.943111, 241.080385
90.202315, 242.669498
90.458493, 244.258927
90.711625, 245.848665
90.961693, 247.438706
91.208678, 249.029044
91.452562, 250.619673
91.693326, 252.210586
91.930953, 253.801779
92.165426, 255.393246
92.396726, 256.984981
92.624838, 258.576978
92.849743, 260.169232
93.071425, 261.761737
93.289868, 263.354489
93.505056, 264.947482
93.716972, 266.540710
93.925602, 268.134170
94.130929, 269.727855
94.332938, 271.321760
94.531615, 272.915881
94.726945, 274.510214
94.918913, 276.104752
95.107506, 277.699492
95.292709, 279.294428
95.474508, 280.889556
95.652891, 282.484871
95.827844, 284.080370
95.999354, 285.676047
96.167409, 287.271897
96.331995, 288.867917
96.493102, 290.464103
96.650717, 292.060449
96.804828, 293.656951
96.955425, 295.253607
97.102496, 296.850410
97.246030, 298.447357
97.386016, 300.044444
97.522445, 301.641667
97.655307, 303.239022
97.784591, 304.836505
97.910287, 306.434112
98.032388, 308.031838
98.150884, 309.629681
98.265765, 311.227636
98.377024, 312.825699
98.484653, 314.423866
98.588643, 316.022135
98.688987, 317.620500
98.785678, 319.218958
98.878708, 320.817506
98.968071, 322.416140
99.053759, 324.014856
99.135768, 325.613651
99.214090, 327.212520
99.288719, 328.811461
99.359652, 330.410469
99.426881, 332.009542
99.490403, 333.608675
99.550212, 335.207865
99.606305, 336.807108
99.658677, 338.406402
99.707324, 340.005742
99.752243, 341.605125
99.793430, 343.204547
99.830882, 344.804006
99.864597, 346.403497
99.894572, 348.003017
99.920805, 349.602563
99.943294, 351.202131
99.962038, 352.801718
99.977034, 354.401320
99.988282, 356.000934
99.995781, 357.600557
99.999531, 359.200185
99.999531, 0.799815
99.995781, 2.399443
99.988282, 3.999066
99.977034, 5.598680
99.962038, 7.198282
99.943294, 8.797869
99.920805, 10.397437
99.894572, 11.996983
99.864597, 13.596503
99.830882, 15.195994
99.793430, 16.795453
99.752243, 18.394875
99.707324, 19.994258
99.658677, 21.593598
99.606305, 23.192892
99.550212, 24.792135
99.490403, 26.391325
99.426881, 27.990458
99.359652, 29.589531
99.288719, 31.188539
99.214090, 32.787480
99.135768, 34.386349
99.053759, 35.985144
98.968071, 37.583860
98.878708, 39.182494
98.785678, 40.781042
98.688987, 42.379500
98.588643, 43.977865
98.484653, 45.576134
98.377024, 47.174301
98.265765, 48.772364
98.150884, 50.370319
98.032388, 51.968162
97.910287, 53.565888
97.784591, 55.163495
97.655307, 56.760978
97.522445, 58.358333
97.386016, 59.955556
97.246030, 61.552643
97.102496, 63.149590
96.955425, 64.746393
96.804828, 66.343049
96.650717, 67.939551
96.493102, 69.535897
96.331995, 71.132083
96.167409, 72.728103
95.999354, 74.323953
95.827844, 75.919630
95.652891, 77.515129
95.474508, 79.110444
95.292709, 80.705572
95.107506, 82.300508
94.918913, 83.895248
94.726945, 85.489786
94.531615, 87.084119
94.332938, 88.678240
94.130929, 90.272145
93.925602, 91.865830
93.716972, 93.459290
93.505056, 95.052518
93.289868, 96.645511
93.071425, 98.238263
92.849743, 99.830768
92.624838, 101.423022
92.396726, 103.015019
92.165426, 104.606754
91.930953, 106.198221
91.693326, 107.789414
91.452562, 109.380327
91.208678, 110.970956
90.961693, 112.561294
90.711625, 114.151335
90.458493, 115.741073
90.202315, 117.330502
89.943111, 118.919615
89.680900, 120.508407
89.415700, 122.096872
89.147533, 123.685001
88.876418, 125.272790
88.602375, 126.860231
88.325424, 128.447318
88.045587, 130.034042
87.762883, 131.620399
87.477335, 133.206379
87.188963, 134.791977
86.897789, 136.377184
86.603834, 137.961994
86.307121, 139.546398
86.007672, 141.130388
85.705509, 142.713958
85.400655, 144.297098
85.093133, 145.879801
84.782965, 147.462058
84.470175, 149.043862
84.154787, 150.625202
83.836823, 152.206071
83.516309, 153.786459
83.193268, 155.366358
82.867724, 156.945758
82.539701, 158.524650
82.209226, 160.103025
81.876321, 161.680871
81.541014, 163.258181
81.203328, 164.834942
80.863290, 166.411146
80.520924, 167.986781
80.176258, 169.561837
79.829317, 171.136303
79.480127, 172.710168
79.128715, 174.283420
78.775108, 175.856048
78.419332, 177.428040
78.061415, 178.999384
77.701384, 180.570068
77.339266, 182.140079
76.975089, 183.709404
76.608880, 185.278031
76.240669, 186.845946
75.870482, 188.413135
75.498349, 189.979585
75.124297, 191.545282
74.748356, 193.110210
74.370555, 194.674356
73.990923, 196.237705
73.609488, 197.800240
73.226281, 199.361947
72.841331, 200.922809
72.454668, 202.482810
72.066322, 204.041934
71.676323, 205.600162
71.284702, 207.157478
70.891488, 208.713865
70.496714, 210.269303
70.100409, 211.823774
69.702604, 213.377259
69.303332, 214.929738
68.902623, 216.481193
68.500509, 218.031602
68.097021, 219.580944
67.692192, 221.129199
67.286053, 222.676345
66.878638, 224.222359
66.469978, 225.767219
66.060105, 227.310901
65.649054, 228.853381
65.236856, 230.394636
64.823545, 231.934640
64.409154, 233.473368
63.993717, 235.010793
63.577267, 236.546889
63.159838, 238.081629
62.741464, 239.614984
62.322179, 241.146926
61.902017, 242.677425
61.481014, 244.206451
61.059204, 245.733973
60.636621, 247.259960
60.213301, 248.784380
59.789279, 250.307198
59.364590, 251.828382
58.939270, 253.347896
58.513355, 254.865705
58.086880, 256.381771
57.659883, 257.896059
57.232399, 259.408528
56.804464, 260.919139
56.376117, 262.427853
55.947392, 263.934627
55.518329, 265.439420
55.088963, 266.942186
54.659334, 268.442883
54.229477, 269.941463
53.799432, 271.437881
53.369237, 272.932086
52.938929, 274.424030
52.508549, 275.913662
52.078134, 277.400930
51.647723, 278.885780
51.217357, 280.368157
50.787075, 281.848005
50.356916, 283.325266
49.926921, 284.799879
49.497130, 286.271785
49.067584, 287.740920
48.638323, 289.207220
48.209389, 290.670618
47.780824, 292.131048
47.352669, 293.588439
46.924967, 295.042719
46.497759, 296.493815
46.071088, 297.941651
45.644998, 299.386150
45.219532, 300.827232
44.794734, 302.264815
44.370647, 303.698815
43.947317, 305.129146
43.524788, 306.555718
43.103106, 307.978441
42.682315, 309.397221
42.262463, 310.811962
41.843595, 312.222565
41.425759, 313.628928
41.009002, 315.030948
40.593372, 316.428517
40.178918, 317.821525
39.765688, 319.209859
39.353731, 320.593404
38.943098, 321.972041
38.533839, 323.345647
38.126005, 324.714098
37.719647, 326.077263
37.314819, 327.435013
36.911573, 328.787210
36.509962, 330.133716
36.110041, 331.474390
35.711864, 332.809083
35.315487, 334.137648
34.920967, 335.459931
34.528361, 336.775774
34.137726, 338.085017
33.749121, 339.387496
33.362606, 340.683041
32.978241, 341.971480
32.596087, 343.252638
32.216206, 344.526334
31.838662, 345.792385
31.463519, 347.050604
31.090841, 348.300798
30.720695, 349.542774
30.353147, 350.776333
29.988266, 352.001273
29.626120, 353.217390
29.266781, 354.424474
28.910318, 355.622315
28.556805, 356.810699
28.206316, 357.989409
27.858925, 359.158227
27.514707, 0.316931
27.173741, 1.465301
26.836104, 2.603112
26.501876, 3.730141
26.171138, 4.846163
25.843971, 5.950955
25.520458, 7.044293
25.200684, 8.125958
24.884734, 9.195730
24.572694, 10.253393
24.264652, 11.298737
23.960697, 12.331554
23.660917, 13.351646
23.365404, 14.358818
23.074248, 15.352886
22.787542, 16.333675
22.505378, 17.301021
22.227849, 18.254772
21.955048, 19.194790
21.687071, 20.120953
21.424010, 21.033156
21.165959, 21.931312
20.913012, 22.815355
20.665263, 23.685243
20.422803, 24.540955
20.185724, 25.382499
19.954117, 26.209909
19.728070, 27.023250
19.507671, 27.822620
19.293005, 28.608147
19.084154, 29.379997
18.881198, 30.138372
18.684214, 30.883513
18.493276, 31.615700
18.308453, 32.335254
18.129810, 33.042540
17.957408, 33.737962
17.791303, 34.421970
17.631544, 35.095058
17.478175, 35.757760
17.331236, 36.410656
17.190757, 37.054368
17.056763, 37.689556
16.929272, 38.316924
16.808292, 38.937210
16.693827, 39.551189
16.585869, 40.159668
16.484405, 40.763485
16.389411, 41.363503
16.300857, 41.960608
16.218701, 42.555708
16.142896, 43.149721
16.073383, 43.743580
16.010097, 44.338223
15.952963, 44.934590
15.901900, 45.533618
15.856815, 46.136238
15.817610, 46.743371
15.784180, 47.355920
15.756411, 47.974770
15.734184, 48.600783
15.717372, 49.234793
15.705844, 49.877607
15.699461, 50.529997
15.698083, 51.192699
15.701561, 51.866414
15.709747, 52.551801
15.722484, 53.249480
15.739618, 53.960030
15.760989, 54.683984
15.786435, 55.421837
15.815794, 56.174037
15.848904, 56.940991
15.885600, 57.723065
15.925718, 58.520583
15.969096, 59.333827
16.015570, 60.163043
16.064978, 61.008437
16.117162, 61.870182
16.171962, 62.748413
16.229223, 63.643235
16.288789, 64.554722
16.350510, 65.482918
16.414237, 66.427841
16.479824, 67.389483
16.547128, 68.367815
16.616010, 69.362783
16.686332, 70.374316
16.757963, 71.402325
16.830771, 72.446704
16.904633, 73.507334
16.979423, 74.584080
17.055025, 75.676800
17.131323, 76.785338
17.208204, 77.909531
17.285561, 79.049209
17.363290, 80.204195
17.441289, 81.374308
17.519460, 82.559361
17.597711, 83.759164
17.675950, 84.973527
17.754091, 86.202256
17.832049, 87.445158
17.909744, 88.702038
17.987100, 89.972703
18.064042, 91.256960
18.140498, 92.554619
18.216403, 93.865490
18.291689, 95.189387
18.366297, 96.526126
18.440166, 97.875526
18.513241, 99.237411
18.585468, 100.611606
18.656796, 101.997942
18.727178, 103.396251
18.796567, 104.806374
18.864921, 106.228152
18.932200, 107.661432
18.998364, 109.106065
19.063380, 110.561908
19.127212, 112.028820
19.189830, 113.506668
19.251205, 114.995321
19.311310, 116.494653
19.370121, 118.004544
19.427614, 119.524877
19.483770, 121.055541
19.538570, 122.596429
19.591998, 124.147438
19.644039, 125.708471
19.694680, 127.279434
19.743910, 128.860238
19.791721, 130.450799
19.838106, 132.051035
19.883059, 133.660871
19.926576, 135.280234
19.968657, 136.909057
20.009301, 138.547275
20.048509, 140.194827
20.086285, 141.851658
20.122635, 143.517715
20.157564, 145.192947
20.191081, 146.877310
20.223197, 148.570761
20.253922, 150.273260
20.283271, 151.984773
20.311258, 153.705265
20.337898, 155.434708
20.363212, 157.173073
20.387217, 158.920337
20.409935, 160.676478
20.431389, 162.441477
20.451603, 164.215316
20.470602, 165.997981
20.488416, 167.789460
20.505071, 169.589741
20.520598, 171.398817
20.535031, 173.216679
20.548401, 175.043323
20.560745, 176.878743
20.572098, 178.722938
20.582498, 180.575905
20.591986, 182.437642
20.600603, 184.308151
20.608390, 186.187430
20.615393, 188.075480
20.621656, 189.972302
20.627227, 191.877897
20.632154, 193.792264
20.636488, 195.715405
20.640279, 197.647317
20.643582, 199.588000
20.646450, 201.537452
20.648939, 203.495667
20.651106, 205.462640
20.653011, 207.438364
20.654713, 209.422830
20.656273, 211.416025
20.657754, 213.417937
20.659221, 215.428546
20.660739, 217.447834
20.662374, 219.475776
20.664194, 221.512347
20.666268, 223.557513
20.668667, 225.611242
20.671461, 227.673492
20.674723, 229.744220
20.678527, 231.823376
20.682947, 233.910906
20.688058, 236.006750
20.693937, 238.110843
20.700660, 240.223112
20.708305, 242.343480
20.716950, 244.471862
20.726675, 246.608168
20.737560, 248.752299
20.749683, 250.904149
20.763126, 253.063608
20.777969, 255.230554
20.794293, 257.404861
20.812179, 259.586394
20.831708, 261.775008
20.852960, 263.970555
20.876018, 266.172874
20.900960, 268.381799
20.927867, 270.597156
20.956819, 272.818761
20.987894, 275.046424
21.021171, 277.279948
21.056727, 279.519125
21.094638, 281.763744
21.134980, 284.013581
21.177827, 286.268411
21.223251, 288.527998
21.271326, 290.792101
21.322119, 293.060472
21.375700, 295.332858
21.432136, 297.609001
21.491491, 299.888636
21.553828, 302.171495
21.619209, 304.457304
21.687691, 306.745789
21.759333, 309.036668
21.834187, 311.329659
21.912306, 313.624479
21.993740, 315.920840
22.078535, 318.218457
22.166737, 320.517040
22.258387, 322.816304
22.353524, 325.115960
22.452185, 327.415725
22.554404, 329.715314
22.660212, 332.014446
22.769637, 334.312842
22.882704, 336.610229
22.999436, 338.906336
23.119854, 341.200896
23.243973, 343.493648
23.371809, 345.784336
23.503373, 348.072711
23.638674, 350.358528
23.777718, 352.641552
23.920507, 354.921552
24.067044, 357.198305
24.217325, 359.471596
24.371347, 1.741219
24.529103, 4.006973
24.690584, 6.268668
24.855777, 8.526121
25.024669, 10.779158
25.197243, 13.027614
25.373483, 15.271331
25.553365, 17.510161
25.736870, 19.743965
25.923971, 21.972612
26.114643, 24.195978
26.308858, 26.413951
26.506586, 28.626425
26.707796, 30.833303
26.912454, 33.034495
27.120527, 35.229920
27.331978, 37.419505
27.546771, 39.603185
27.764866, 41.780902
27.986226, 43.952603
28.210808, 46.118246
28.438571, 48.277793
28.669472, 50.431213
28.903469, 52.578482
29.140516, 54.719582
29.380568, 56.854500
29.623580, 58.983229
29.869504, 61.105767
30.118294, 63.222118
30.369902, 65.332290
30.624280, 67.436296
30.881378, 69.534152
31.141149, 71.625880
31.403542, 73.711506
31.668508, 75.791057
31.935997, 77.864566
32.205958, 79.932068
32.478341, 81.993602
32.753095, 84.049207
33.030171, 86.098929
33.309515, 88.142812
33.591079, 90.180906
33.874811, 92.213260
34.160659, 94.239926
34.448573, 96.260958
34.738502, 98.276411
35.030396, 100.286342
35.324202, 102.290809
35.619871, 104.289870
35.917351, 106.283586
36.216592, 108.272017
36.517545, 110.255225
36.820157, 112.233272
37.124381, 114.206220
37.430164, 116.174133
37.737459, 118.137073
38.046214, 120.095104
38.356382, 122.048291
38.667912, 123.996696
38.980755, 125.940383
39.294864, 127.879416
39.610189, 129.813859
39.926683, 131.743775
40.244297, 133.669227
40.562983, 135.590277
40.882694, 137.506989
41.203383, 139.419424
41.525003, 141.327644
41.847506, 143.231709
42.170847, 145.131681
42.494979, 147.027620
42.819856, 148.919585
43.145432, 150.807635
43.471663, 152.691829
43.798501, 154.572224
44.125904, 156.448877
44.453826, 158.321845
44.782222, 160.191184
45.111048, 162.056947
45.440261, 163.919191
45.769817, 165.777968
46.099673, 167.633331
46.429784, 169.485333
46.760110, 171.334024
47.090606, 173.179457
47.421230, 175.021679
47.751941, 176.860742
48.082697, 178.696693
48.413456, 180.529580
48.744176, 182.359450
49.074817, 184.186349
49.405338, 186.010323
49.735698, 187.831418
50.065857, 189.649675
50.395775, 191.465141
50.725412, 193.277856
51.054729, 195.087862
51.383685, 196.895202
51.712243, 198.699916
52.040363, 200.502043
52.368007, 202.301623
52.695136, 204.098694
53.021712, 205.893293
53.347697, 207.685459
53.673055, 209.475228
53.997746, 211.262635
54.321735, 213.047716
54.644984, 214.830506
54.967456, 216.611037
55.289116, 218.389344
55.609926, 220.165460
55.929851, 221.939417
56.248856, 223.711245
56.566904, 225.480977
56.883961, 227.248642
57.199991, 229.014270
57.514959, 230.777892
57.828831, 232.539535
58.141573, 234.299227
58.453150, 236.056998
58.763529, 237.812872
59.072676, 239.566878
59.380557, 241.319042
59.687139, 243.069389
59.992390, 244.817944
60.296276, 246.564732
60.598765, 248.309777
60.899824, 250.053103
61.199422, 251.794734
61.497527, 253.534692
61.794107, 255.273000
62.089131, 257.009679
62.382568, 258.744752
62.674386, 260.478239
62.964555, 262.210161
63.253045, 263.940539
63.539825, 265.669392
63.824865, 267.396741
64.108136, 269.122604
64.389607, 270.846999
64.669251, 272.569947
64.947037, 274.291464
65.222936, 276.011568
##END=
