##TITLE= Parameter file, TopSpin 4.3.0
##JCAMPDX= 5.0
##DATATYPE= Parameter Values
##ORIGIN= Bruker BioSpin GmbH
##OWNER= nmrsu
$$ 2024-04-21 17:34:35.717 +0100  nmrsu@4CE1161FJM
$$ C:/Bruker/TopSpin4.3.0/exp/stan/nmr/lists/wave/user/multisupp_aux_d8
$$ process C:\Bruker\TopSpin4.3.0\prog\mod\xwinshape.exe
##MINX= 100.00000000
##MAXX= 100.00000000
##MINY= 0.56852500
##MAXY= 359.43147500
##$SHAPE_ADDPHASE= 0
##$SHAPE_AMP= 100
##$SHAPE_BWFAC= 0
##$SHAPE_BWFAC50= 0
##$SHAPE_CALCBW= yes
##$SHAPE_CALCINTEG= yes
##$SHAPE_EXMODE= <Excitation>
##$SHAPE_EXPAND= <>
##$SHAPE_EXPANDCF= (0..143)
0 0 0 0 0 0 0 0 0 0 0 0 0 0 0 0 0 0 0 0 0 0 0 0 0 0 0 0 0 0 0 0 0 0 0 0
0 0 0 0 0 0 0 0 0 0 0 0 0 0 0 0 0 0 0 0 0 0 0 0 0 0 0 0 0 0 0 0 0 0 0 0
0 0 0 0 0 0 0 0 0 0 0 0 0 0 0 0 0 0 0 0 0 0 0 0 0 0 0 0 0 0 0 0 0 0 0 0
0 0 0 0 0 0 0 0 0 0 0 0 0 0 0 0 0 0 0 0 0 0 0 0 0 0 0 0 0 0 0 0 0 0 0 0
##$SHAPE_EXPFAC= 0
##$SHAPE_FRACEND= 0
##$SHAPE_FRACORG= 0
##$SHAPE_FRACSTART= 0
##$SHAPE_INTEGFAC= 0
##$SHAPE_KEEPRES= yes
##$SHAPE_LENGTH= 25000.000373
##$SHAPE_MAN= <M>
##$SHAPE_MODE= 1
##$SHAPE_MODFREQ= 0
##$SHAPE_MODPHASE= 0
##$SHAPE_MODSCALE= 0
##$SHAPE_MODSW= 0
##$SHAPE_MODSWDIR= -1
##$SHAPE_NPOINTS= 1250
##$SHAPE_OFFS= <1 1>
##$SHAPE_OFFSCOEFF= (0..95)
-233.5565 0 100 0 0 0 0 0 0 0 0 0 0 0 0 0 0 0 0 0 0 0 0 0 0 0 0 0 0 0 0
0 0 0 0 0 0 0 0 0 0 0 0 0 0 0 0 0 0 0 0 0 0 0 0 0 0 0 0 0 0 0 0 0 0 0 0
0 0 0 0 0 0 0 0 0 0 0 0 0 0 0 0 0 0 0 0 0 0 0 0 0 0 0 0 0
##$SHAPE_PARAMETER= <>
##$SHAPE_REPHFAC= 0
##$SHAPE_RES= 0
##$SHAPE_SCALEFAC= 1
##$SHAPE_SCALETYPE= 0
##$SHAPE_SPOAL= 0
##$SHAPE_SPOFFS= 0
##$SHAPE_SPOPH= 0
##$SHAPE_TOTROT= 90
##$SHAPE_TYPE= <Excitation>
##$SHAPE_USER_DEF= <>
##$SHAPE_VERSION= 2.1
##$SHL_ADDPHASE= (0..15)
0 0 0 0 0 0 0 0 0 0 0 0 0 0 0 0
##$SHL_ALIGNOFFSET= (0..15)
0 0 0 0 0 0 0 0 0 0 0 0 0 0 0 0
##$SHL_AMP= (0..15)
100 0 0 0 0 0 0 0 0 0 0 0 0 0 0 0
##$SHL_AMPFAC= (0..15)
0 0 0 0 0 0 0 0 0 0 0 0 0 0 0 0
##$SHL_BETA= (0..15)
0 0 0 0 0 0 0 0 0 0 0 0 0 0 0 0
##$SHL_BWFAC= (0..15)
1.116 0 0 0 0 0 0 0 0 0 0 0 0 0 0 0
##$SHL_CALCBW= (0..15)
yes yes yes yes yes yes yes yes yes yes yes yes yes yes yes yes
##$SHL_CALCINTEG= (0..15)
yes yes yes yes yes yes yes yes yes yes yes yes yes yes yes yes
##$SHL_CENTERAMP= (0..15)
0 0 0 0 0 0 0 0 0 0 0 0 0 0 0 0
##$SHL_CYCNUM= (0..15)
0 0 0 0 0 0 0 0 0 0 0 0 0 0 0 0
##$SHL_DIPOLCPL= (0..15)
0 0 0 0 0 0 0 0 0 0 0 0 0 0 0 0
##$SHL_ENDAMP= (0..15)
0 0 0 0 0 0 0 0 0 0 0 0 0 0 0 0
##$SHL_EXMODE= (0..15)
<Excitation> <> <> <> <> <> <> <> <> <> <> <> <> <> <> <>
##$SHL_EXPAND= (0..15)
<> <> <> <> <> <> <> <> <> <> <> <> <> <> <> <>
##$SHL_EXPANDCF0= (0..143)
0 0 0 0 0 0 0 0 0 0 0 0 0 0 0 0 0 0 0 0 0 0 0 0 0 0 0 0 0 0 0 0 0 0 0 0
0 0 0 0 0 0 0 0 0 0 0 0 0 0 0 0 0 0 0 0 0 0 0 0 0 0 0 0 0 0 0 0 0 0 0 0
0 0 0 0 0 0 0 0 0 0 0 0 0 0 0 0 0 0 0 0 0 0 0 0 0 0 0 0 0 0 0 0 0 0 0 0
0 0 0 0 0 0 0 0 0 0 0 0 0 0 0 0 0 0 0 0 0 0 0 0 0 0 0 0 0 0 0 0 0 0 0 0
##$SHL_EXPANDCF1= (0..143)
0 0 0 0 0 0 0 0 0 0 0 0 0 0 0 0 0 0 0 0 0 0 0 0 0 0 0 0 0 0 0 0 0 0 0 0
0 0 0 0 0 0 0 0 0 0 0 0 0 0 0 0 0 0 0 0 0 0 0 0 0 0 0 0 0 0 0 0 0 0 0 0
0 0 0 0 0 0 0 0 0 0 0 0 0 0 0 0 0 0 0 0 0 0 0 0 0 0 0 0 0 0 0 0 0 0 0 0
0 0 0 0 0 0 0 0 0 0 0 0 0 0 0 0 0 0 0 0 0 0 0 0 0 0 0 0 0 0 0 0 0 0 0 0
##$SHL_EXPANDCF10= (0..143)
0 0 0 0 0 0 0 0 0 0 0 0 0 0 0 0 0 0 0 0 0 0 0 0 0 0 0 0 0 0 0 0 0 0 0 0
0 0 0 0 0 0 0 0 0 0 0 0 0 0 0 0 0 0 0 0 0 0 0 0 0 0 0 0 0 0 0 0 0 0 0 0
0 0 0 0 0 0 0 0 0 0 0 0 0 0 0 0 0 0 0 0 0 0 0 0 0 0 0 0 0 0 0 0 0 0 0 0
0 0 0 0 0 0 0 0 0 0 0 0 0 0 0 0 0 0 0 0 0 0 0 0 0 0 0 0 0 0 0 0 0 0 0 0
##$SHL_EXPANDCF11= (0..143)
0 0 0 0 0 0 0 0 0 0 0 0 0 0 0 0 0 0 0 0 0 0 0 0 0 0 0 0 0 0 0 0 0 0 0 0
0 0 0 0 0 0 0 0 0 0 0 0 0 0 0 0 0 0 0 0 0 0 0 0 0 0 0 0 0 0 0 0 0 0 0 0
0 0 0 0 0 0 0 0 0 0 0 0 0 0 0 0 0 0 0 0 0 0 0 0 0 0 0 0 0 0 0 0 0 0 0 0
0 0 0 0 0 0 0 0 0 0 0 0 0 0 0 0 0 0 0 0 0 0 0 0 0 0 0 0 0 0 0 0 0 0 0 0
##$SHL_EXPANDCF12= (0..143)
0 0 0 0 0 0 0 0 0 0 0 0 0 0 0 0 0 0 0 0 0 0 0 0 0 0 0 0 0 0 0 0 0 0 0 0
0 0 0 0 0 0 0 0 0 0 0 0 0 0 0 0 0 0 0 0 0 0 0 0 0 0 0 0 0 0 0 0 0 0 0 0
0 0 0 0 0 0 0 0 0 0 0 0 0 0 0 0 0 0 0 0 0 0 0 0 0 0 0 0 0 0 0 0 0 0 0 0
0 0 0 0 0 0 0 0 0 0 0 0 0 0 0 0 0 0 0 0 0 0 0 0 0 0 0 0 0 0 0 0 0 0 0 0
##$SHL_EXPANDCF13= (0..143)
0 0 0 0 0 0 0 0 0 0 0 0 0 0 0 0 0 0 0 0 0 0 0 0 0 0 0 0 0 0 0 0 0 0 0 0
0 0 0 0 0 0 0 0 0 0 0 0 0 0 0 0 0 0 0 0 0 0 0 0 0 0 0 0 0 0 0 0 0 0 0 0
0 0 0 0 0 0 0 0 0 0 0 0 0 0 0 0 0 0 0 0 0 0 0 0 0 0 0 0 0 0 0 0 0 0 0 0
0 0 0 0 0 0 0 0 0 0 0 0 0 0 0 0 0 0 0 0 0 0 0 0 0 0 0 0 0 0 0 0 0 0 0 0
##$SHL_EXPANDCF14= (0..143)
0 0 0 0 0 0 0 0 0 0 0 0 0 0 0 0 0 0 0 0 0 0 0 0 0 0 0 0 0 0 0 0 0 0 0 0
0 0 0 0 0 0 0 0 0 0 0 0 0 0 0 0 0 0 0 0 0 0 0 0 0 0 0 0 0 0 0 0 0 0 0 0
0 0 0 0 0 0 0 0 0 0 0 0 0 0 0 0 0 0 0 0 0 0 0 0 0 0 0 0 0 0 0 0 0 0 0 0
0 0 0 0 0 0 0 0 0 0 0 0 0 0 0 0 0 0 0 0 0 0 0 0 0 0 0 0 0 0 0 0 0 0 0 0
##$SHL_EXPANDCF15= (0..143)
0 0 0 0 0 0 0 0 0 0 0 0 0 0 0 0 0 0 0 0 0 0 0 0 0 0 0 0 0 0 0 0 0 0 0 0
0 0 0 0 0 0 0 0 0 0 0 0 0 0 0 0 0 0 0 0 0 0 0 0 0 0 0 0 0 0 0 0 0 0 0 0
0 0 0 0 0 0 0 0 0 0 0 0 0 0 0 0 0 0 0 0 0 0 0 0 0 0 0 0 0 0 0 0 0 0 0 0
0 0 0 0 0 0 0 0 0 0 0 0 0 0 0 0 0 0 0 0 0 0 0 0 0 0 0 0 0 0 0 0 0 0 0 0
##$SHL_EXPANDCF2= (0..143)
0 0 0 0 0 0 0 0 0 0 0 0 0 0 0 0 0 0 0 0 0 0 0 0 0 0 0 0 0 0 0 0 0 0 0 0
0 0 0 0 0 0 0 0 0 0 0 0 0 0 0 0 0 0 0 0 0 0 0 0 0 0 0 0 0 0 0 0 0 0 0 0
0 0 0 0 0 0 0 0 0 0 0 0 0 0 0 0 0 0 0 0 0 0 0 0 0 0 0 0 0 0 0 0 0 0 0 0
0 0 0 0 0 0 0 0 0 0 0 0 0 0 0 0 0 0 0 0 0 0 0 0 0 0 0 0 0 0 0 0 0 0 0 0
##$SHL_EXPANDCF3= (0..143)
0 0 0 0 0 0 0 0 0 0 0 0 0 0 0 0 0 0 0 0 0 0 0 0 0 0 0 0 0 0 0 0 0 0 0 0
0 0 0 0 0 0 0 0 0 0 0 0 0 0 0 0 0 0 0 0 0 0 0 0 0 0 0 0 0 0 0 0 0 0 0 0
0 0 0 0 0 0 0 0 0 0 0 0 0 0 0 0 0 0 0 0 0 0 0 0 0 0 0 0 0 0 0 0 0 0 0 0
0 0 0 0 0 0 0 0 0 0 0 0 0 0 0 0 0 0 0 0 0 0 0 0 0 0 0 0 0 0 0 0 0 0 0 0
##$SHL_EXPANDCF4= (0..143)
0 0 0 0 0 0 0 0 0 0 0 0 0 0 0 0 0 0 0 0 0 0 0 0 0 0 0 0 0 0 0 0 0 0 0 0
0 0 0 0 0 0 0 0 0 0 0 0 0 0 0 0 0 0 0 0 0 0 0 0 0 0 0 0 0 0 0 0 0 0 0 0
0 0 0 0 0 0 0 0 0 0 0 0 0 0 0 0 0 0 0 0 0 0 0 0 0 0 0 0 0 0 0 0 0 0 0 0
0 0 0 0 0 0 0 0 0 0 0 0 0 0 0 0 0 0 0 0 0 0 0 0 0 0 0 0 0 0 0 0 0 0 0 0
##$SHL_EXPANDCF5= (0..143)
0 0 0 0 0 0 0 0 0 0 0 0 0 0 0 0 0 0 0 0 0 0 0 0 0 0 0 0 0 0 0 0 0 0 0 0
0 0 0 0 0 0 0 0 0 0 0 0 0 0 0 0 0 0 0 0 0 0 0 0 0 0 0 0 0 0 0 0 0 0 0 0
0 0 0 0 0 0 0 0 0 0 0 0 0 0 0 0 0 0 0 0 0 0 0 0 0 0 0 0 0 0 0 0 0 0 0 0
0 0 0 0 0 0 0 0 0 0 0 0 0 0 0 0 0 0 0 0 0 0 0 0 0 0 0 0 0 0 0 0 0 0 0 0
##$SHL_EXPANDCF6= (0..143)
0 0 0 0 0 0 0 0 0 0 0 0 0 0 0 0 0 0 0 0 0 0 0 0 0 0 0 0 0 0 0 0 0 0 0 0
0 0 0 0 0 0 0 0 0 0 0 0 0 0 0 0 0 0 0 0 0 0 0 0 0 0 0 0 0 0 0 0 0 0 0 0
0 0 0 0 0 0 0 0 0 0 0 0 0 0 0 0 0 0 0 0 0 0 0 0 0 0 0 0 0 0 0 0 0 0 0 0
0 0 0 0 0 0 0 0 0 0 0 0 0 0 0 0 0 0 0 0 0 0 0 0 0 0 0 0 0 0 0 0 0 0 0 0
##$SHL_EXPANDCF7= (0..143)
0 0 0 0 0 0 0 0 0 0 0 0 0 0 0 0 0 0 0 0 0 0 0 0 0 0 0 0 0 0 0 0 0 0 0 0
0 0 0 0 0 0 0 0 0 0 0 0 0 0 0 0 0 0 0 0 0 0 0 0 0 0 0 0 0 0 0 0 0 0 0 0
0 0 0 0 0 0 0 0 0 0 0 0 0 0 0 0 0 0 0 0 0 0 0 0 0 0 0 0 0 0 0 0 0 0 0 0
0 0 0 0 0 0 0 0 0 0 0 0 0 0 0 0 0 0 0 0 0 0 0 0 0 0 0 0 0 0 0 0 0 0 0 0
##$SHL_EXPANDCF8= (0..143)
0 0 0 0 0 0 0 0 0 0 0 0 0 0 0 0 0 0 0 0 0 0 0 0 0 0 0 0 0 0 0 0 0 0 0 0
0 0 0 0 0 0 0 0 0 0 0 0 0 0 0 0 0 0 0 0 0 0 0 0 0 0 0 0 0 0 0 0 0 0 0 0
0 0 0 0 0 0 0 0 0 0 0 0 0 0 0 0 0 0 0 0 0 0 0 0 0 0 0 0 0 0 0 0 0 0 0 0
0 0 0 0 0 0 0 0 0 0 0 0 0 0 0 0 0 0 0 0 0 0 0 0 0 0 0 0 0 0 0 0 0 0 0 0
##$SHL_EXPANDCF9= (0..143)
0 0 0 0 0 0 0 0 0 0 0 0 0 0 0 0 0 0 0 0 0 0 0 0 0 0 0 0 0 0 0 0 0 0 0 0
0 0 0 0 0 0 0 0 0 0 0 0 0 0 0 0 0 0 0 0 0 0 0 0 0 0 0 0 0 0 0 0 0 0 0 0
0 0 0 0 0 0 0 0 0 0 0 0 0 0 0 0 0 0 0 0 0 0 0 0 0 0 0 0 0 0 0 0 0 0 0 0
0 0 0 0 0 0 0 0 0 0 0 0 0 0 0 0 0 0 0 0 0 0 0 0 0 0 0 0 0 0 0 0 0 0 0 0
##$SHL_EXPFAC= (0..15)
0 0 0 0 0 0 0 0 0 0 0 0 0 0 0 0
##$SHL_FRACEND= (0..15)
0 0 0 0 0 0 0 0 0 0 0 0 0 0 0 0
##$SHL_FRACORG= (0..15)
0 0 0 0 0 0 0 0 0 0 0 0 0 0 0 0
##$SHL_FRACSTART= (0..15)
0 0 0 0 0 0 0 0 0 0 0 0 0 0 0 0
##$SHL_FULLHALF= (0..15)
0 0 0 0 0 0 0 0 0 0 0 0 0 0 0 0
##$SHL_FUNCAMP= (0..15)
100 0 0 0 0 0 0 0 0 0 0 0 0 0 0 0
##$SHL_FUNCTION= (0..15)
<Rectangle> <> <> <> <> <> <> <> <> <> <> <> <> <> <> <>
##$SHL_GCO= (0..15)
<> <> <> <> <> <> <> <> <> <> <> <> <> <> <> <>
##$SHL_GCOCOEFFS0= (0..59)
0 0 0 0 0 0 0 0 0 0 0 0 0 0 0 0 0 0 0 0 0 0 0 0 0 0 0 0 0 0 0 0 0 0 0 0
0 0 0 0 0 0 0 0 0 0 0 0 0 0 0 0 0 0 0 0 0 0 0 0
##$SHL_GCOCOEFFS1= (0..59)
0 0 0 0 0 0 0 0 0 0 0 0 0 0 0 0 0 0 0 0 0 0 0 0 0 0 0 0 0 0 0 0 0 0 0 0
0 0 0 0 0 0 0 0 0 0 0 0 0 0 0 0 0 0 0 0 0 0 0 0
##$SHL_GCOCOEFFS10= (0..59)
0 0 0 0 0 0 0 0 0 0 0 0 0 0 0 0 0 0 0 0 0 0 0 0 0 0 0 0 0 0 0 0 0 0 0 0
0 0 0 0 0 0 0 0 0 0 0 0 0 0 0 0 0 0 0 0 0 0 0 0
##$SHL_GCOCOEFFS11= (0..59)
0 0 0 0 0 0 0 0 0 0 0 0 0 0 0 0 0 0 0 0 0 0 0 0 0 0 0 0 0 0 0 0 0 0 0 0
0 0 0 0 0 0 0 0 0 0 0 0 0 0 0 0 0 0 0 0 0 0 0 0
##$SHL_GCOCOEFFS12= (0..59)
0 0 0 0 0 0 0 0 0 0 0 0 0 0 0 0 0 0 0 0 0 0 0 0 0 0 0 0 0 0 0 0 0 0 0 0
0 0 0 0 0 0 0 0 0 0 0 0 0 0 0 0 0 0 0 0 0 0 0 0
##$SHL_GCOCOEFFS13= (0..59)
0 0 0 0 0 0 0 0 0 0 0 0 0 0 0 0 0 0 0 0 0 0 0 0 0 0 0 0 0 0 0 0 0 0 0 0
0 0 0 0 0 0 0 0 0 0 0 0 0 0 0 0 0 0 0 0 0 0 0 0
##$SHL_GCOCOEFFS14= (0..59)
0 0 0 0 0 0 0 0 0 0 0 0 0 0 0 0 0 0 0 0 0 0 0 0 0 0 0 0 0 0 0 0 0 0 0 0
0 0 0 0 0 0 0 0 0 0 0 0 0 0 0 0 0 0 0 0 0 0 0 0
##$SHL_GCOCOEFFS15= (0..59)
0 0 0 0 0 0 0 0 0 0 0 0 0 0 0 0 0 0 0 0 0 0 0 0 0 0 0 0 0 0 0 0 0 0 0 0
0 0 0 0 0 0 0 0 0 0 0 0 0 0 0 0 0 0 0 0 0 0 0 0
##$SHL_GCOCOEFFS2= (0..59)
0 0 0 0 0 0 0 0 0 0 0 0 0 0 0 0 0 0 0 0 0 0 0 0 0 0 0 0 0 0 0 0 0 0 0 0
0 0 0 0 0 0 0 0 0 0 0 0 0 0 0 0 0 0 0 0 0 0 0 0
##$SHL_GCOCOEFFS3= (0..59)
0 0 0 0 0 0 0 0 0 0 0 0 0 0 0 0 0 0 0 0 0 0 0 0 0 0 0 0 0 0 0 0 0 0 0 0
0 0 0 0 0 0 0 0 0 0 0 0 0 0 0 0 0 0 0 0 0 0 0 0
##$SHL_GCOCOEFFS4= (0..59)
0 0 0 0 0 0 0 0 0 0 0 0 0 0 0 0 0 0 0 0 0 0 0 0 0 0 0 0 0 0 0 0 0 0 0 0
0 0 0 0 0 0 0 0 0 0 0 0 0 0 0 0 0 0 0 0 0 0 0 0
##$SHL_GCOCOEFFS5= (0..59)
0 0 0 0 0 0 0 0 0 0 0 0 0 0 0 0 0 0 0 0 0 0 0 0 0 0 0 0 0 0 0 0 0 0 0 0
0 0 0 0 0 0 0 0 0 0 0 0 0 0 0 0 0 0 0 0 0 0 0 0
##$SHL_GCOCOEFFS6= (0..59)
0 0 0 0 0 0 0 0 0 0 0 0 0 0 0 0 0 0 0 0 0 0 0 0 0 0 0 0 0 0 0 0 0 0 0 0
0 0 0 0 0 0 0 0 0 0 0 0 0 0 0 0 0 0 0 0 0 0 0 0
##$SHL_GCOCOEFFS7= (0..59)
0 0 0 0 0 0 0 0 0 0 0 0 0 0 0 0 0 0 0 0 0 0 0 0 0 0 0 0 0 0 0 0 0 0 0 0
0 0 0 0 0 0 0 0 0 0 0 0 0 0 0 0 0 0 0 0 0 0 0 0
##$SHL_GCOCOEFFS8= (0..59)
0 0 0 0 0 0 0 0 0 0 0 0 0 0 0 0 0 0 0 0 0 0 0 0 0 0 0 0 0 0 0 0 0 0 0 0
0 0 0 0 0 0 0 0 0 0 0 0 0 0 0 0 0 0 0 0 0 0 0 0
##$SHL_GCOCOEFFS9= (0..59)
0 0 0 0 0 0 0 0 0 0 0 0 0 0 0 0 0 0 0 0 0 0 0 0 0 0 0 0 0 0 0 0 0 0 0 0
0 0 0 0 0 0 0 0 0 0 0 0 0 0 0 0 0 0 0 0 0 0 0 0
##$SHL_INTEGFAC= (0..15)
1 0 0 0 0 0 0 0 0 0 0 0 0 0 0 0
##$SHL_LB= (0..15)
0 0 0 0 0 0 0 0 0 0 0 0 0 0 0 0
##$SHL_LEFTLIMIT= (0..15)
0 0 0 0 0 0 0 0 0 0 0 0 0 0 0 0
##$SHL_LENGTH= (0..15)
25000.000373 0 0 0 0 0 0 0 0 0 0 0 0 0 0 0
##$SHL_MAN= (0..15)
<> <> <> <> <> <> <> <> <> <> <> <> <> <> <> <>
##$SHL_MEANAMP= (0..15)
0 0 0 0 0 0 0 0 0 0 0 0 0 0 0 0
##$SHL_MODAMP= (0..15)
0 0 0 0 0 0 0 0 0 0 0 0 0 0 0 0
##$SHL_MODE= (0..15)
0 0 0 0 0 0 0 0 0 0 0 0 0 0 0 0
##$SHL_MODFREQ= (0..15)
0 0 0 0 0 0 0 0 0 0 0 0 0 0 0 0
##$SHL_MODPHASE= (0..15)
0 0 0 0 0 0 0 0 0 0 0 0 0 0 0 0
##$SHL_MODSCALE= (0..15)
0 0 0 0 0 0 0 0 0 0 0 0 0 0 0 0
##$SHL_MODSW= (0..15)
0 0 0 0 0 0 0 0 0 0 0 0 0 0 0 0
##$SHL_MODSWDIR= (0..15)
-1 -1 -1 -1 -1 -1 -1 -1 -1 -1 -1 -1 -1 -1 -1 -1
##$SHL_MU= (0..15)
0 0 0 0 0 0 0 0 0 0 0 0 0 0 0 0
##$SHL_NPOINTS= (0..15)
1250 0 0 0 0 0 0 0 0 0 0 0 0 0 0 0
##$SHL_OFFS= (0..15)
<> <> <> <> <> <> <> <> <> <> <> <> <> <> <> <>
##$SHL_OFFSCOEFF0= (0..95)
0 0 0 0 0 0 0 0 0 0 0 0 0 0 0 0 0 0 0 0 0 0 0 0 0 0 0 0 0 0 0 0 0 0 0 0
0 0 0 0 0 0 0 0 0 0 0 0 0 0 0 0 0 0 0 0 0 0 0 0 0 0 0 0 0 0 0 0 0 0 0 0
0 0 0 0 0 0 0 0 0 0 0 0 0 0 0 0 0 0 0 0 0 0 0 0
##$SHL_OFFSCOEFF1= (0..95)
0 0 0 0 0 0 0 0 0 0 0 0 0 0 0 0 0 0 0 0 0 0 0 0 0 0 0 0 0 0 0 0 0 0 0 0
0 0 0 0 0 0 0 0 0 0 0 0 0 0 0 0 0 0 0 0 0 0 0 0 0 0 0 0 0 0 0 0 0 0 0 0
0 0 0 0 0 0 0 0 0 0 0 0 0 0 0 0 0 0 0 0 0 0 0 0
##$SHL_OFFSCOEFF10= (0..95)
0 0 0 0 0 0 0 0 0 0 0 0 0 0 0 0 0 0 0 0 0 0 0 0 0 0 0 0 0 0 0 0 0 0 0 0
0 0 0 0 0 0 0 0 0 0 0 0 0 0 0 0 0 0 0 0 0 0 0 0 0 0 0 0 0 0 0 0 0 0 0 0
0 0 0 0 0 0 0 0 0 0 0 0 0 0 0 0 0 0 0 0 0 0 0 0
##$SHL_OFFSCOEFF11= (0..95)
0 0 0 0 0 0 0 0 0 0 0 0 0 0 0 0 0 0 0 0 0 0 0 0 0 0 0 0 0 0 0 0 0 0 0 0
0 0 0 0 0 0 0 0 0 0 0 0 0 0 0 0 0 0 0 0 0 0 0 0 0 0 0 0 0 0 0 0 0 0 0 0
0 0 0 0 0 0 0 0 0 0 0 0 0 0 0 0 0 0 0 0 0 0 0 0
##$SHL_OFFSCOEFF12= (0..95)
0 0 0 0 0 0 0 0 0 0 0 0 0 0 0 0 0 0 0 0 0 0 0 0 0 0 0 0 0 0 0 0 0 0 0 0
0 0 0 0 0 0 0 0 0 0 0 0 0 0 0 0 0 0 0 0 0 0 0 0 0 0 0 0 0 0 0 0 0 0 0 0
0 0 0 0 0 0 0 0 0 0 0 0 0 0 0 0 0 0 0 0 0 0 0 0
##$SHL_OFFSCOEFF13= (0..95)
0 0 0 0 0 0 0 0 0 0 0 0 0 0 0 0 0 0 0 0 0 0 0 0 0 0 0 0 0 0 0 0 0 0 0 0
0 0 0 0 0 0 0 0 0 0 0 0 0 0 0 0 0 0 0 0 0 0 0 0 0 0 0 0 0 0 0 0 0 0 0 0
0 0 0 0 0 0 0 0 0 0 0 0 0 0 0 0 0 0 0 0 0 0 0 0
##$SHL_OFFSCOEFF14= (0..95)
0 0 0 0 0 0 0 0 0 0 0 0 0 0 0 0 0 0 0 0 0 0 0 0 0 0 0 0 0 0 0 0 0 0 0 0
0 0 0 0 0 0 0 0 0 0 0 0 0 0 0 0 0 0 0 0 0 0 0 0 0 0 0 0 0 0 0 0 0 0 0 0
0 0 0 0 0 0 0 0 0 0 0 0 0 0 0 0 0 0 0 0 0 0 0 0
##$SHL_OFFSCOEFF15= (0..95)
0 0 0 0 0 0 0 0 0 0 0 0 0 0 0 0 0 0 0 0 0 0 0 0 0 0 0 0 0 0 0 0 0 0 0 0
0 0 0 0 0 0 0 0 0 0 0 0 0 0 0 0 0 0 0 0 0 0 0 0 0 0 0 0 0 0 0 0 0 0 0 0
0 0 0 0 0 0 0 0 0 0 0 0 0 0 0 0 0 0 0 0 0 0 0 0
##$SHL_OFFSCOEFF2= (0..95)
0 0 0 0 0 0 0 0 0 0 0 0 0 0 0 0 0 0 0 0 0 0 0 0 0 0 0 0 0 0 0 0 0 0 0 0
0 0 0 0 0 0 0 0 0 0 0 0 0 0 0 0 0 0 0 0 0 0 0 0 0 0 0 0 0 0 0 0 0 0 0 0
0 0 0 0 0 0 0 0 0 0 0 0 0 0 0 0 0 0 0 0 0 0 0 0
##$SHL_OFFSCOEFF3= (0..95)
0 0 0 0 0 0 0 0 0 0 0 0 0 0 0 0 0 0 0 0 0 0 0 0 0 0 0 0 0 0 0 0 0 0 0 0
0 0 0 0 0 0 0 0 0 0 0 0 0 0 0 0 0 0 0 0 0 0 0 0 0 0 0 0 0 0 0 0 0 0 0 0
0 0 0 0 0 0 0 0 0 0 0 0 0 0 0 0 0 0 0 0 0 0 0 0
##$SHL_OFFSCOEFF4= (0..95)
0 0 0 0 0 0 0 0 0 0 0 0 0 0 0 0 0 0 0 0 0 0 0 0 0 0 0 0 0 0 0 0 0 0 0 0
0 0 0 0 0 0 0 0 0 0 0 0 0 0 0 0 0 0 0 0 0 0 0 0 0 0 0 0 0 0 0 0 0 0 0 0
0 0 0 0 0 0 0 0 0 0 0 0 0 0 0 0 0 0 0 0 0 0 0 0
##$SHL_OFFSCOEFF5= (0..95)
0 0 0 0 0 0 0 0 0 0 0 0 0 0 0 0 0 0 0 0 0 0 0 0 0 0 0 0 0 0 0 0 0 0 0 0
0 0 0 0 0 0 0 0 0 0 0 0 0 0 0 0 0 0 0 0 0 0 0 0 0 0 0 0 0 0 0 0 0 0 0 0
0 0 0 0 0 0 0 0 0 0 0 0 0 0 0 0 0 0 0 0 0 0 0 0
##$SHL_OFFSCOEFF6= (0..95)
0 0 0 0 0 0 0 0 0 0 0 0 0 0 0 0 0 0 0 0 0 0 0 0 0 0 0 0 0 0 0 0 0 0 0 0
0 0 0 0 0 0 0 0 0 0 0 0 0 0 0 0 0 0 0 0 0 0 0 0 0 0 0 0 0 0 0 0 0 0 0 0
0 0 0 0 0 0 0 0 0 0 0 0 0 0 0 0 0 0 0 0 0 0 0 0
##$SHL_OFFSCOEFF7= (0..95)
0 0 0 0 0 0 0 0 0 0 0 0 0 0 0 0 0 0 0 0 0 0 0 0 0 0 0 0 0 0 0 0 0 0 0 0
0 0 0 0 0 0 0 0 0 0 0 0 0 0 0 0 0 0 0 0 0 0 0 0 0 0 0 0 0 0 0 0 0 0 0 0
0 0 0 0 0 0 0 0 0 0 0 0 0 0 0 0 0 0 0 0 0 0 0 0
##$SHL_OFFSCOEFF8= (0..95)
0 0 0 0 0 0 0 0 0 0 0 0 0 0 0 0 0 0 0 0 0 0 0 0 0 0 0 0 0 0 0 0 0 0 0 0
0 0 0 0 0 0 0 0 0 0 0 0 0 0 0 0 0 0 0 0 0 0 0 0 0 0 0 0 0 0 0 0 0 0 0 0
0 0 0 0 0 0 0 0 0 0 0 0 0 0 0 0 0 0 0 0 0 0 0 0
##$SHL_OFFSCOEFF9= (0..95)
0 0 0 0 0 0 0 0 0 0 0 0 0 0 0 0 0 0 0 0 0 0 0 0 0 0 0 0 0 0 0 0 0 0 0 0
0 0 0 0 0 0 0 0 0 0 0 0 0 0 0 0 0 0 0 0 0 0 0 0 0 0 0 0 0 0 0 0 0 0 0 0
0 0 0 0 0 0 0 0 0 0 0 0 0 0 0 0 0 0 0 0 0 0 0 0
##$SHL_PHASE= (0..15)
0 0 0 0 0 0 0 0 0 0 0 0 0 0 0 0
##$SHL_PHASEFAC= (0..15)
0 0 0 0 0 0 0 0 0 0 0 0 0 0 0 0
##$SHL_POWERINDEX= (0..15)
0 0 0 0 0 0 0 0 0 0 0 0 0 0 0 0
##$SHL_QUADCOEFF= (0..15)
0 0 0 0 0 0 0 0 0 0 0 0 0 0 0 0
##$SHL_RIGHTLIMIT= (0..15)
0 0 0 0 0 0 0 0 0 0 0 0 0 0 0 0
##$SHL_SCALEFACTOR= (0..15)
1 1 1 1 1 1 1 1 1 1 1 1 1 1 1 1
##$SHL_SF= (0..15)
<> <> <> <> <> <> <> <> <> <> <> <> <> <> <> <>
##$SHL_SFCOEFFS0= (0..200)
0 0 0 0 0 0 0 0 0 0 0 0 0 0 0 0 0 0 0 0 0 0 0 0 0 0 0 0 0 0 0 0 0 0 0 0
0 0 0 0 0 0 0 0 0 0 0 0 0 0 0 0 0 0 0 0 0 0 0 0 0 0 0 0 0 0 0 0 0 0 0 0
0 0 0 0 0 0 0 0 0 0 0 0 0 0 0 0 0 0 0 0 0 0 0 0 0 0 0 0 0 0 0 0 0 0 0 0
0 0 0 0 0 0 0 0 0 0 0 0 0 0 0 0 0 0 0 0 0 0 0 0 0 0 0 0 0 0 0 0 0 0 0 0
0 0 0 0 0 0 0 0 0 0 0 0 0 0 0 0 0 0 0 0 0 0 0 0 0 0 0 0 0 0 0 0 0 0 0 0
0 0 0 0 0 0 0 0 0 0 0 0 0 0 0 0 0 0 0 0 0
##$SHL_SFCOEFFS1= (0..200)
0 0 0 0 0 0 0 0 0 0 0 0 0 0 0 0 0 0 0 0 0 0 0 0 0 0 0 0 0 0 0 0 0 0 0 0
0 0 0 0 0 0 0 0 0 0 0 0 0 0 0 0 0 0 0 0 0 0 0 0 0 0 0 0 0 0 0 0 0 0 0 0
0 0 0 0 0 0 0 0 0 0 0 0 0 0 0 0 0 0 0 0 0 0 0 0 0 0 0 0 0 0 0 0 0 0 0 0
0 0 0 0 0 0 0 0 0 0 0 0 0 0 0 0 0 0 0 0 0 0 0 0 0 0 0 0 0 0 0 0 0 0 0 0
0 0 0 0 0 0 0 0 0 0 0 0 0 0 0 0 0 0 0 0 0 0 0 0 0 0 0 0 0 0 0 0 0 0 0 0
0 0 0 0 0 0 0 0 0 0 0 0 0 0 0 0 0 0 0 0 0
##$SHL_SFCOEFFS10= (0..200)
0 0 0 0 0 0 0 0 0 0 0 0 0 0 0 0 0 0 0 0 0 0 0 0 0 0 0 0 0 0 0 0 0 0 0 0
0 0 0 0 0 0 0 0 0 0 0 0 0 0 0 0 0 0 0 0 0 0 0 0 0 0 0 0 0 0 0 0 0 0 0 0
0 0 0 0 0 0 0 0 0 0 0 0 0 0 0 0 0 0 0 0 0 0 0 0 0 0 0 0 0 0 0 0 0 0 0 0
0 0 0 0 0 0 0 0 0 0 0 0 0 0 0 0 0 0 0 0 0 0 0 0 0 0 0 0 0 0 0 0 0 0 0 0
0 0 0 0 0 0 0 0 0 0 0 0 0 0 0 0 0 0 0 0 0 0 0 0 0 0 0 0 0 0 0 0 0 0 0 0
0 0 0 0 0 0 0 0 0 0 0 0 0 0 0 0 0 0 0 0 0
##$SHL_SFCOEFFS11= (0..200)
0 0 0 0 0 0 0 0 0 0 0 0 0 0 0 0 0 0 0 0 0 0 0 0 0 0 0 0 0 0 0 0 0 0 0 0
0 0 0 0 0 0 0 0 0 0 0 0 0 0 0 0 0 0 0 0 0 0 0 0 0 0 0 0 0 0 0 0 0 0 0 0
0 0 0 0 0 0 0 0 0 0 0 0 0 0 0 0 0 0 0 0 0 0 0 0 0 0 0 0 0 0 0 0 0 0 0 0
0 0 0 0 0 0 0 0 0 0 0 0 0 0 0 0 0 0 0 0 0 0 0 0 0 0 0 0 0 0 0 0 0 0 0 0
0 0 0 0 0 0 0 0 0 0 0 0 0 0 0 0 0 0 0 0 0 0 0 0 0 0 0 0 0 0 0 0 0 0 0 0
0 0 0 0 0 0 0 0 0 0 0 0 0 0 0 0 0 0 0 0 0
##$SHL_SFCOEFFS12= (0..200)
0 0 0 0 0 0 0 0 0 0 0 0 0 0 0 0 0 0 0 0 0 0 0 0 0 0 0 0 0 0 0 0 0 0 0 0
0 0 0 0 0 0 0 0 0 0 0 0 0 0 0 0 0 0 0 0 0 0 0 0 0 0 0 0 0 0 0 0 0 0 0 0
0 0 0 0 0 0 0 0 0 0 0 0 0 0 0 0 0 0 0 0 0 0 0 0 0 0 0 0 0 0 0 0 0 0 0 0
0 0 0 0 0 0 0 0 0 0 0 0 0 0 0 0 0 0 0 0 0 0 0 0 0 0 0 0 0 0 0 0 0 0 0 0
0 0 0 0 0 0 0 0 0 0 0 0 0 0 0 0 0 0 0 0 0 0 0 0 0 0 0 0 0 0 0 0 0 0 0 0
0 0 0 0 0 0 0 0 0 0 0 0 0 0 0 0 0 0 0 0 0
##$SHL_SFCOEFFS13= (0..200)
0 0 0 0 0 0 0 0 0 0 0 0 0 0 0 0 0 0 0 0 0 0 0 0 0 0 0 0 0 0 0 0 0 0 0 0
0 0 0 0 0 0 0 0 0 0 0 0 0 0 0 0 0 0 0 0 0 0 0 0 0 0 0 0 0 0 0 0 0 0 0 0
0 0 0 0 0 0 0 0 0 0 0 0 0 0 0 0 0 0 0 0 0 0 0 0 0 0 0 0 0 0 0 0 0 0 0 0
0 0 0 0 0 0 0 0 0 0 0 0 0 0 0 0 0 0 0 0 0 0 0 0 0 0 0 0 0 0 0 0 0 0 0 0
0 0 0 0 0 0 0 0 0 0 0 0 0 0 0 0 0 0 0 0 0 0 0 0 0 0 0 0 0 0 0 0 0 0 0 0
0 0 0 0 0 0 0 0 0 0 0 0 0 0 0 0 0 0 0 0 0
##$SHL_SFCOEFFS14= (0..200)
0 0 0 0 0 0 0 0 0 0 0 0 0 0 0 0 0 0 0 0 0 0 0 0 0 0 0 0 0 0 0 0 0 0 0 0
0 0 0 0 0 0 0 0 0 0 0 0 0 0 0 0 0 0 0 0 0 0 0 0 0 0 0 0 0 0 0 0 0 0 0 0
0 0 0 0 0 0 0 0 0 0 0 0 0 0 0 0 0 0 0 0 0 0 0 0 0 0 0 0 0 0 0 0 0 0 0 0
0 0 0 0 0 0 0 0 0 0 0 0 0 0 0 0 0 0 0 0 0 0 0 0 0 0 0 0 0 0 0 0 0 0 0 0
0 0 0 0 0 0 0 0 0 0 0 0 0 0 0 0 0 0 0 0 0 0 0 0 0 0 0 0 0 0 0 0 0 0 0 0
0 0 0 0 0 0 0 0 0 0 0 0 0 0 0 0 0 0 0 0 0
##$SHL_SFCOEFFS15= (0..200)
0 0 0 0 0 0 0 0 0 0 0 0 0 0 0 0 0 0 0 0 0 0 0 0 0 0 0 0 0 0 0 0 0 0 0 0
0 0 0 0 0 0 0 0 0 0 0 0 0 0 0 0 0 0 0 0 0 0 0 0 0 0 0 0 0 0 0 0 0 0 0 0
0 0 0 0 0 0 0 0 0 0 0 0 0 0 0 0 0 0 0 0 0 0 0 0 0 0 0 0 0 0 0 0 0 0 0 0
0 0 0 0 0 0 0 0 0 0 0 0 0 0 0 0 0 0 0 0 0 0 0 0 0 0 0 0 0 0 0 0 0 0 0 0
0 0 0 0 0 0 0 0 0 0 0 0 0 0 0 0 0 0 0 0 0 0 0 0 0 0 0 0 0 0 0 0 0 0 0 0
0 0 0 0 0 0 0 0 0 0 0 0 0 0 0 0 0 0 0 0 0
##$SHL_SFCOEFFS2= (0..200)
0 0 0 0 0 0 0 0 0 0 0 0 0 0 0 0 0 0 0 0 0 0 0 0 0 0 0 0 0 0 0 0 0 0 0 0
0 0 0 0 0 0 0 0 0 0 0 0 0 0 0 0 0 0 0 0 0 0 0 0 0 0 0 0 0 0 0 0 0 0 0 0
0 0 0 0 0 0 0 0 0 0 0 0 0 0 0 0 0 0 0 0 0 0 0 0 0 0 0 0 0 0 0 0 0 0 0 0
0 0 0 0 0 0 0 0 0 0 0 0 0 0 0 0 0 0 0 0 0 0 0 0 0 0 0 0 0 0 0 0 0 0 0 0
0 0 0 0 0 0 0 0 0 0 0 0 0 0 0 0 0 0 0 0 0 0 0 0 0 0 0 0 0 0 0 0 0 0 0 0
0 0 0 0 0 0 0 0 0 0 0 0 0 0 0 0 0 0 0 0 0
##$SHL_SFCOEFFS3= (0..200)
0 0 0 0 0 0 0 0 0 0 0 0 0 0 0 0 0 0 0 0 0 0 0 0 0 0 0 0 0 0 0 0 0 0 0 0
0 0 0 0 0 0 0 0 0 0 0 0 0 0 0 0 0 0 0 0 0 0 0 0 0 0 0 0 0 0 0 0 0 0 0 0
0 0 0 0 0 0 0 0 0 0 0 0 0 0 0 0 0 0 0 0 0 0 0 0 0 0 0 0 0 0 0 0 0 0 0 0
0 0 0 0 0 0 0 0 0 0 0 0 0 0 0 0 0 0 0 0 0 0 0 0 0 0 0 0 0 0 0 0 0 0 0 0
0 0 0 0 0 0 0 0 0 0 0 0 0 0 0 0 0 0 0 0 0 0 0 0 0 0 0 0 0 0 0 0 0 0 0 0
0 0 0 0 0 0 0 0 0 0 0 0 0 0 0 0 0 0 0 0 0
##$SHL_SFCOEFFS4= (0..200)
0 0 0 0 0 0 0 0 0 0 0 0 0 0 0 0 0 0 0 0 0 0 0 0 0 0 0 0 0 0 0 0 0 0 0 0
0 0 0 0 0 0 0 0 0 0 0 0 0 0 0 0 0 0 0 0 0 0 0 0 0 0 0 0 0 0 0 0 0 0 0 0
0 0 0 0 0 0 0 0 0 0 0 0 0 0 0 0 0 0 0 0 0 0 0 0 0 0 0 0 0 0 0 0 0 0 0 0
0 0 0 0 0 0 0 0 0 0 0 0 0 0 0 0 0 0 0 0 0 0 0 0 0 0 0 0 0 0 0 0 0 0 0 0
0 0 0 0 0 0 0 0 0 0 0 0 0 0 0 0 0 0 0 0 0 0 0 0 0 0 0 0 0 0 0 0 0 0 0 0
0 0 0 0 0 0 0 0 0 0 0 0 0 0 0 0 0 0 0 0 0
##$SHL_SFCOEFFS5= (0..200)
0 0 0 0 0 0 0 0 0 0 0 0 0 0 0 0 0 0 0 0 0 0 0 0 0 0 0 0 0 0 0 0 0 0 0 0
0 0 0 0 0 0 0 0 0 0 0 0 0 0 0 0 0 0 0 0 0 0 0 0 0 0 0 0 0 0 0 0 0 0 0 0
0 0 0 0 0 0 0 0 0 0 0 0 0 0 0 0 0 0 0 0 0 0 0 0 0 0 0 0 0 0 0 0 0 0 0 0
0 0 0 0 0 0 0 0 0 0 0 0 0 0 0 0 0 0 0 0 0 0 0 0 0 0 0 0 0 0 0 0 0 0 0 0
0 0 0 0 0 0 0 0 0 0 0 0 0 0 0 0 0 0 0 0 0 0 0 0 0 0 0 0 0 0 0 0 0 0 0 0
0 0 0 0 0 0 0 0 0 0 0 0 0 0 0 0 0 0 0 0 0
##$SHL_SFCOEFFS6= (0..200)
0 0 0 0 0 0 0 0 0 0 0 0 0 0 0 0 0 0 0 0 0 0 0 0 0 0 0 0 0 0 0 0 0 0 0 0
0 0 0 0 0 0 0 0 0 0 0 0 0 0 0 0 0 0 0 0 0 0 0 0 0 0 0 0 0 0 0 0 0 0 0 0
0 0 0 0 0 0 0 0 0 0 0 0 0 0 0 0 0 0 0 0 0 0 0 0 0 0 0 0 0 0 0 0 0 0 0 0
0 0 0 0 0 0 0 0 0 0 0 0 0 0 0 0 0 0 0 0 0 0 0 0 0 0 0 0 0 0 0 0 0 0 0 0
0 0 0 0 0 0 0 0 0 0 0 0 0 0 0 0 0 0 0 0 0 0 0 0 0 0 0 0 0 0 0 0 0 0 0 0
0 0 0 0 0 0 0 0 0 0 0 0 0 0 0 0 0 0 0 0 0
##$SHL_SFCOEFFS7= (0..200)
0 0 0 0 0 0 0 0 0 0 0 0 0 0 0 0 0 0 0 0 0 0 0 0 0 0 0 0 0 0 0 0 0 0 0 0
0 0 0 0 0 0 0 0 0 0 0 0 0 0 0 0 0 0 0 0 0 0 0 0 0 0 0 0 0 0 0 0 0 0 0 0
0 0 0 0 0 0 0 0 0 0 0 0 0 0 0 0 0 0 0 0 0 0 0 0 0 0 0 0 0 0 0 0 0 0 0 0
0 0 0 0 0 0 0 0 0 0 0 0 0 0 0 0 0 0 0 0 0 0 0 0 0 0 0 0 0 0 0 0 0 0 0 0
0 0 0 0 0 0 0 0 0 0 0 0 0 0 0 0 0 0 0 0 0 0 0 0 0 0 0 0 0 0 0 0 0 0 0 0
0 0 0 0 0 0 0 0 0 0 0 0 0 0 0 0 0 0 0 0 0
##$SHL_SFCOEFFS8= (0..200)
0 0 0 0 0 0 0 0 0 0 0 0 0 0 0 0 0 0 0 0 0 0 0 0 0 0 0 0 0 0 0 0 0 0 0 0
0 0 0 0 0 0 0 0 0 0 0 0 0 0 0 0 0 0 0 0 0 0 0 0 0 0 0 0 0 0 0 0 0 0 0 0
0 0 0 0 0 0 0 0 0 0 0 0 0 0 0 0 0 0 0 0 0 0 0 0 0 0 0 0 0 0 0 0 0 0 0 0
0 0 0 0 0 0 0 0 0 0 0 0 0 0 0 0 0 0 0 0 0 0 0 0 0 0 0 0 0 0 0 0 0 0 0 0
0 0 0 0 0 0 0 0 0 0 0 0 0 0 0 0 0 0 0 0 0 0 0 0 0 0 0 0 0 0 0 0 0 0 0 0
0 0 0 0 0 0 0 0 0 0 0 0 0 0 0 0 0 0 0 0 0
##$SHL_SFCOEFFS9= (0..200)
0 0 0 0 0 0 0 0 0 0 0 0 0 0 0 0 0 0 0 0 0 0 0 0 0 0 0 0 0 0 0 0 0 0 0 0
0 0 0 0 0 0 0 0 0 0 0 0 0 0 0 0 0 0 0 0 0 0 0 0 0 0 0 0 0 0 0 0 0 0 0 0
0 0 0 0 0 0 0 0 0 0 0 0 0 0 0 0 0 0 0 0 0 0 0 0 0 0 0 0 0 0 0 0 0 0 0 0
0 0 0 0 0 0 0 0 0 0 0 0 0 0 0 0 0 0 0 0 0 0 0 0 0 0 0 0 0 0 0 0 0 0 0 0
0 0 0 0 0 0 0 0 0 0 0 0 0 0 0 0 0 0 0 0 0 0 0 0 0 0 0 0 0 0 0 0 0 0 0 0
0 0 0 0 0 0 0 0 0 0 0 0 0 0 0 0 0 0 0 0 0
##$SHL_SMOOTHED= (0..15)
0 0 0 0 0 0 0 0 0 0 0 0 0 0 0 0
##$SHL_SMOOTHING= (0..15)
0 0 0 0 0 0 0 0 0 0 0 0 0 0 0 0
##$SHL_SPOAL= (0..15)
0 0 0 0 0 0 0 0 0 0 0 0 0 0 0 0
##$SHL_SPOFFS= (0..15)
0 0 0 0 0 0 0 0 0 0 0 0 0 0 0 0
##$SHL_SPOPH= (0..15)
0 0 0 0 0 0 0 0 0 0 0 0 0 0 0 0
##$SHL_STARTAMP= (0..15)
0 0 0 0 0 0 0 0 0 0 0 0 0 0 0 0
##$SHL_SW= (0..15)
0 0 0 0 0 0 0 0 0 0 0 0 0 0 0 0
##$SHL_SWDIR= (0..15)
-1 -1 -1 -1 -1 -1 -1 -1 -1 -1 -1 -1 -1 -1 -1 -1
##$SHL_TANKAPPA= (0..15)
0 0 0 0 0 0 0 0 0 0 0 0 0 0 0 0
##$SHL_TOTROT= (0..15)
90 0 0 0 0 0 0 0 0 0 0 0 0 0 0 0
##$SHL_TRUNCLEV= (0..15)
0 0 0 0 0 0 0 0 0 0 0 0 0 0 0 0
##$SHL_TYPE= (0..15)
<Excitation> <> <> <> <> <> <> <> <> <> <> <> <> <> <> <>
##$SHL_WINDOWSIZE= (0..15)
0 0 0 0 0 0 0 0 0 0 0 0 0 0 0 0
##$SHL_ZETA= (0..15)
0 0 0 0 0 0 0 0 0 0 0 0 0 0 0 0
##NPOINTS= 1250
##XYPOINTS= (XY..XY)
100.000000, 29.836538
100.000000, 31.518145
100.000000, 33.199751
100.000000, 34.881358
100.000000, 36.562965
100.000000, 38.244572
100.000000, 39.926179
100.000000, 41.607786
100.000000, 43.289392
100.000000, 44.970999
100.000000, 46.652606
100.000000, 48.334213
100.000000, 50.015820
100.000000, 51.697426
100.000000, 53.379033
100.000000, 55.060640
100.000000, 56.742247
100.000000, 58.423854
100.000000, 60.105461
100.000000, 61.787067
100.000000, 63.468674
100.000000, 65.150281
100.000000, 66.831888
100.000000, 68.513495
100.000000, 70.195102
100.000000, 71.876708
100.000000, 73.558315
100.000000, 75.239922
100.000000, 76.921529
100.000000, 78.603136
100.000000, 80.284742
100.000000, 81.966349
100.000000, 83.647956
100.000000, 85.329563
100.000000, 87.011170
100.000000, 88.692777
100.000000, 90.374383
100.000000, 92.055990
100.000000, 93.737597
100.000000, 95.419204
100.000000, 97.100811
100.000000, 98.782418
100.000000, 100.464024
100.000000, 102.145631
100.000000, 103.827238
100.000000, 105.508845
100.000000, 107.190452
100.000000, 108.872059
100.000000, 110.553665
100.000000, 112.235272
100.000000, 113.916879
100.000000, 115.598486
100.000000, 117.280093
100.000000, 118.961699
100.000000, 120.643306
100.000000, 122.324913
100.000000, 124.006520
100.000000, 125.688127
100.000000, 127.369734
100.000000, 129.051340
100.000000, 130.732947
100.000000, 132.414554
100.000000, 134.096161
100.000000, 135.777768
100.000000, 137.459375
100.000000, 139.140981
100.000000, 140.822588
100.000000, 142.504195
100.000000, 144.185802
100.000000, 145.867409
100.000000, 147.549015
100.000000, 149.230622
100.000000, 150.912229
100.000000, 152.593836
100.000000, 154.275443
100.000000, 155.957050
100.000000, 157.638656
100.000000, 159.320263
100.000000, 161.001870
100.000000, 162.683477
100.000000, 164.365084
100.000000, 166.046691
100.000000, 167.728297
100.000000, 169.409904
100.000000, 171.091511
100.000000, 172.773118
100.000000, 174.454725
100.000000, 176.136332
100.000000, 177.817938
100.000000, 179.499545
100.000000, 181.181152
100.000000, 182.862759
100.000000, 184.544366
100.000000, 186.225972
100.000000, 187.907579
100.000000, 189.589186
100.000000, 191.270793
100.000000, 192.952400
100.000000, 194.634007
100.000000, 196.315613
100.000000, 197.997220
100.000000, 199.678827
100.000000, 201.360434
100.000000, 203.042041
100.000000, 204.723648
100.000000, 206.405254
100.000000, 208.086861
100.000000, 209.768468
100.000000, 211.450075
100.000000, 213.131682
100.000000, 214.813288
100.000000, 216.494895
100.000000, 218.176502
100.000000, 219.858109
100.000000, 221.539716
100.000000, 223.221323
100.000000, 224.902929
100.000000, 226.584536
100.000000, 228.266143
100.000000, 229.947750
100.000000, 231.629357
100.000000, 233.310964
100.000000, 234.992570
100.000000, 236.674177
100.000000, 238.355784
100.000000, 240.037391
100.000000, 241.718998
100.000000, 243.400605
100.000000, 245.082211
100.000000, 246.763818
100.000000, 248.445425
100.000000, 250.127032
100.000000, 251.808639
100.000000, 253.490245
100.000000, 255.171852
100.000000, 256.853459
100.000000, 258.535066
100.000000, 260.216673
100.000000, 261.898280
100.000000, 263.579886
100.000000, 265.261493
100.000000, 266.943100
100.000000, 268.624707
100.000000, 270.306314
100.000000, 271.987921
100.000000, 273.669527
100.000000, 275.351134
100.000000, 277.032741
100.000000, 278.714348
100.000000, 280.395955
100.000000, 282.077561
100.000000, 283.759168
100.000000, 285.440775
100.000000, 287.122382
100.000000, 288.803989
100.000000, 290.485596
100.000000, 292.167202
100.000000, 293.848809
100.000000, 295.530416
100.000000, 297.212023
100.000000, 298.893630
100.000000, 300.575237
100.000000, 302.256843
100.000000, 303.938450
100.000000, 305.620057
100.000000, 307.301664
100.000000, 308.983271
100.000000, 310.664878
100.000000, 312.346484
100.000000, 314.028091
100.000000, 315.709698
100.000000, 317.391305
100.000000, 319.072912
100.000000, 320.754518
100.000000, 322.436125
100.000000, 324.117732
100.000000, 325.799339
100.000000, 327.480946
100.000000, 329.162553
100.000000, 330.844159
100.000000, 332.525766
100.000000, 334.207373
100.000000, 335.888980
100.000000, 337.570587
100.000000, 339.252194
100.000000, 340.933800
100.000000, 342.615407
100.000000, 344.297014
100.000000, 345.978621
100.000000, 347.660228
100.000000, 349.341834
100.000000, 351.023441
100.000000, 352.705048
100.000000, 354.386655
100.000000, 356.068262
100.000000, 357.749869
100.000000, 359.431475
100.000000, 1.113082
100.000000, 2.794689
100.000000, 4.476296
100.000000, 6.157903
100.000000, 7.839510
100.000000, 9.521116
100.000000, 11.202723
100.000000, 12.884330
100.000000, 14.565937
100.000000, 16.247544
100.000000, 17.929151
100.000000, 19.610757
100.000000, 21.292364
100.000000, 22.973971
100.000000, 24.655578
100.000000, 26.337185
100.000000, 28.018791
100.000000, 29.700398
100.000000, 31.382005
100.000000, 33.063612
100.000000, 34.745219
100.000000, 36.426826
100.000000, 38.108432
100.000000, 39.790039
100.000000, 41.471646
100.000000, 43.153253
100.000000, 44.834860
100.000000, 46.516467
100.000000, 48.198073
100.000000, 49.879680
100.000000, 51.561287
100.000000, 53.242894
100.000000, 54.924501
100.000000, 56.606108
100.000000, 58.287714
100.000000, 59.969321
100.000000, 61.650928
100.000000, 63.332535
100.000000, 65.014142
100.000000, 66.695748
100.000000, 68.377355
100.000000, 70.058962
100.000000, 71.740569
100.000000, 73.422176
100.000000, 75.103783
100.000000, 76.785389
100.000000, 78.466996
100.000000, 80.148603
100.000000, 81.830210
100.000000, 83.511817
100.000000, 85.193424
100.000000, 86.875030
100.000000, 88.556637
100.000000, 90.238244
100.000000, 91.919851
100.000000, 93.601458
100.000000, 95.283064
100.000000, 96.964671
100.000000, 98.646278
100.000000, 100.327885
100.000000, 102.009492
100.000000, 103.691099
100.000000, 105.372705
100.000000, 107.054312
100.000000, 108.735919
100.000000, 110.417526
100.000000, 112.099133
100.000000, 113.780740
100.000000, 115.462346
100.000000, 117.143953
100.000000, 118.825560
100.000000, 120.507167
100.000000, 122.188774
100.000000, 123.870381
100.000000, 125.551987
100.000000, 127.233594
100.000000, 128.915201
100.000000, 130.596808
100.000000, 132.278415
100.000000, 133.960021
100.000000, 135.641628
100.000000, 137.323235
100.000000, 139.004842
100.000000, 140.686449
100.000000, 142.368056
100.000000, 144.049662
100.000000, 145.731269
100.000000, 147.412876
100.000000, 149.094483
100.000000, 150.776090
100.000000, 152.457697
100.000000, 154.139303
100.000000, 155.820910
100.000000, 157.502517
100.000000, 159.184124
100.000000, 160.865731
100.000000, 162.547337
100.000000, 164.228944
100.000000, 165.910551
100.000000, 167.592158
100.000000, 169.273765
100.000000, 170.955372
100.000000, 172.636978
100.000000, 174.318585
100.000000, 176.000192
100.000000, 177.681799
100.000000, 179.363406
100.000000, 181.045013
100.000000, 182.726619
100.000000, 184.408226
100.000000, 186.089833
100.000000, 187.771440
100.000000, 189.453047
100.000000, 191.134654
100.000000, 192.816260
100.000000, 194.497867
100.000000, 196.179474
100.000000, 197.861081
100.000000, 199.542688
100.000000, 201.224294
100.000000, 202.905901
100.000000, 204.587508
100.000000, 206.269115
100.000000, 207.950722
100.000000, 209.632329
100.000000, 211.313935
100.000000, 212.995542
100.000000, 214.677149
100.000000, 216.358756
100.000000, 218.040363
100.000000, 219.721970
100.000000, 221.403576
100.000000, 223.085183
100.000000, 224.766790
100.000000, 226.448397
100.000000, 228.130004
100.000000, 229.811610
100.000000, 231.493217
100.000000, 233.174824
100.000000, 234.856431
100.000000, 236.538038
100.000000, 238.219645
100.000000, 239.901251
100.000000, 241.582858
100.000000, 243.264465
100.000000, 244.946072
100.000000, 246.627679
100.000000, 248.309286
100.000000, 249.990892
100.000000, 251.672499
100.000000, 253.354106
100.000000, 255.035713
100.000000, 256.717320
100.000000, 258.398927
100.000000, 260.080533
100.000000, 261.762140
100.000000, 263.443747
100.000000, 265.125354
100.000000, 266.806961
100.000000, 268.488567
100.000000, 270.170174
100.000000, 271.851781
100.000000, 273.533388
100.000000, 275.214995
100.000000, 276.896602
100.000000, 278.578208
100.000000, 280.259815
100.000000, 281.941422
100.000000, 283.623029
100.000000, 285.304636
100.000000, 286.986243
100.000000, 288.667849
100.000000, 290.349456
100.000000, 292.031063
100.000000, 293.712670
100.000000, 295.394277
100.000000, 297.075883
100.000000, 298.757490
100.000000, 300.439097
100.000000, 302.120704
100.000000, 303.802311
100.000000, 305.483918
100.000000, 307.165524
100.000000, 308.847131
100.000000, 310.528738
100.000000, 312.210345
100.000000, 313.891952
100.000000, 315.573559
100.000000, 317.255165
100.000000, 318.936772
100.000000, 320.618379
100.000000, 322.299986
100.000000, 323.981593
100.000000, 325.663200
100.000000, 327.344806
100.000000, 329.026413
100.000000, 330.708020
100.000000, 332.389627
100.000000, 334.071234
100.000000, 335.752840
100.000000, 337.434447
100.000000, 339.116054
100.000000, 340.797661
100.000000, 342.479268
100.000000, 344.160875
100.000000, 345.842481
100.000000, 347.524088
100.000000, 349.205695
100.000000, 350.887302
100.000000, 352.568909
100.000000, 354.250516
100.000000, 355.932122
100.000000, 357.613729
100.000000, 359.295336
100.000000, 0.976943
100.000000, 2.658550
100.000000, 4.340156
100.000000, 6.021763
100.000000, 7.703370
100.000000, 9.384977
100.000000, 11.066584
100.000000, 12.748191
100.000000, 14.429797
100.000000, 16.111404
100.000000, 17.793011
100.000000, 19.474618
100.000000, 21.156225
100.000000, 22.837832
100.000000, 24.519438
100.000000, 26.201045
100.000000, 27.882652
100.000000, 29.564259
100.000000, 31.245866
100.000000, 32.927473
100.000000, 34.609079
100.000000, 36.290686
100.000000, 37.972293
100.000000, 39.653900
100.000000, 41.335507
100.000000, 43.017113
100.000000, 44.698720
100.000000, 46.380327
100.000000, 48.061934
100.000000, 49.743541
100.000000, 51.425148
100.000000, 53.106754
100.000000, 54.788361
100.000000, 56.469968
100.000000, 58.151575
100.000000, 59.833182
100.000000, 61.514789
100.000000, 63.196395
100.000000, 64.878002
100.000000, 66.559609
100.000000, 68.241216
100.000000, 69.922823
100.000000, 71.604429
100.000000, 73.286036
100.000000, 74.967643
100.000000, 76.649250
100.000000, 78.330857
100.000000, 80.012464
100.000000, 81.694070
100.000000, 83.375677
100.000000, 85.057284
100.000000, 86.738891
100.000000, 88.420498
100.000000, 90.102105
100.000000, 91.783711
100.000000, 93.465318
100.000000, 95.146925
100.000000, 96.828532
100.000000, 98.510139
100.000000, 100.191746
100.000000, 101.873352
100.000000, 103.554959
100.000000, 105.236566
100.000000, 106.918173
100.000000, 108.599780
100.000000, 110.281386
100.000000, 111.962993
100.000000, 113.644600
100.000000, 115.326207
100.000000, 117.007814
100.000000, 118.689421
100.000000, 120.371027
100.000000, 122.052634
100.000000, 123.734241
100.000000, 125.415848
100.000000, 127.097455
100.000000, 128.779062
100.000000, 130.460668
100.000000, 132.142275
100.000000, 133.823882
100.000000, 135.505489
100.000000, 137.187096
100.000000, 138.868703
100.000000, 140.550309
100.000000, 142.231916
100.000000, 143.913523
100.000000, 145.595130
100.000000, 147.276737
100.000000, 148.958343
100.000000, 150.639950
100.000000, 152.321557
100.000000, 154.003164
100.000000, 155.684771
100.000000, 157.366378
100.000000, 159.047984
100.000000, 160.729591
100.000000, 162.411198
100.000000, 164.092805
100.000000, 165.774412
100.000000, 167.456019
100.000000, 169.137625
100.000000, 170.819232
100.000000, 172.500839
100.000000, 174.182446
100.000000, 175.864053
100.000000, 177.545659
100.000000, 179.227266
100.000000, 180.908873
100.000000, 182.590480
100.000000, 184.272087
100.000000, 185.953694
100.000000, 187.635300
100.000000, 189.316907
100.000000, 190.998514
100.000000, 192.680121
100.000000, 194.361728
100.000000, 196.043335
100.000000, 197.724941
100.000000, 199.406548
100.000000, 201.088155
100.000000, 202.769762
100.000000, 204.451369
100.000000, 206.132976
100.000000, 207.814582
100.000000, 209.496189
100.000000, 211.177796
100.000000, 212.859403
100.000000, 214.541010
100.000000, 216.222616
100.000000, 217.904223
100.000000, 219.585830
100.000000, 221.267437
100.000000, 222.949044
100.000000, 224.630651
100.000000, 226.312257
100.000000, 227.993864
100.000000, 229.675471
100.000000, 231.357078
100.000000, 233.038685
100.000000, 234.720292
100.000000, 236.401898
100.000000, 238.083505
100.000000, 239.765112
100.000000, 241.446719
100.000000, 243.128326
100.000000, 244.809932
100.000000, 246.491539
100.000000, 248.173146
100.000000, 249.854753
100.000000, 251.536360
100.000000, 253.217967
100.000000, 254.899573
100.000000, 256.581180
100.000000, 258.262787
100.000000, 259.944394
100.000000, 261.626001
100.000000, 263.307608
100.000000, 264.989214
100.000000, 266.670821
100.000000, 268.352428
100.000000, 270.034035
100.000000, 271.715642
100.000000, 273.397249
100.000000, 275.078855
100.000000, 276.760462
100.000000, 278.442069
100.000000, 280.123676
100.000000, 281.805283
100.000000, 283.486889
100.000000, 285.168496
100.000000, 286.850103
100.000000, 288.531710
100.000000, 290.213317
100.000000, 291.894924
100.000000, 293.576530
100.000000, 295.258137
100.000000, 296.939744
100.000000, 298.621351
100.000000, 300.302958
100.000000, 301.984565
100.000000, 303.666171
100.000000, 305.347778
100.000000, 307.029385
100.000000, 308.710992
100.000000, 310.392599
100.000000, 312.074205
100.000000, 313.755812
100.000000, 315.437419
100.000000, 317.119026
100.000000, 318.800633
100.000000, 320.482240
100.000000, 322.163846
100.000000, 323.845453
100.000000, 325.527060
100.000000, 327.208667
100.000000, 328.890274
100.000000, 330.571881
100.000000, 332.253487
100.000000, 333.935094
100.000000, 335.616701
100.000000, 337.298308
100.000000, 338.979915
100.000000, 340.661522
100.000000, 342.343128
100.000000, 344.024735
100.000000, 345.706342
100.000000, 347.387949
100.000000, 349.069556
100.000000, 350.751162
100.000000, 352.432769
100.000000, 354.114376
100.000000, 355.795983
100.000000, 357.477590
100.000000, 359.159197
100.000000, 0.840803
100.000000, 2.522410
100.000000, 4.204017
100.000000, 5.885624
100.000000, 7.567231
100.000000, 9.248838
100.000000, 10.930444
100.000000, 12.612051
100.000000, 14.293658
100.000000, 15.975265
100.000000, 17.656872
100.000000, 19.338478
100.000000, 21.020085
100.000000, 22.701692
100.000000, 24.383299
100.000000, 26.064906
100.000000, 27.746513
100.000000, 29.428119
100.000000, 31.109726
100.000000, 32.791333
100.000000, 34.472940
100.000000, 36.154547
100.000000, 37.836154
100.000000, 39.517760
100.000000, 41.199367
100.000000, 42.880974
100.000000, 44.562581
100.000000, 46.244188
100.000000, 47.925795
100.000000, 49.607401
100.000000, 51.289008
100.000000, 52.970615
100.000000, 54.652222
100.000000, 56.333829
100.000000, 58.015435
100.000000, 59.697042
100.000000, 61.378649
100.000000, 63.060256
100.000000, 64.741863
100.000000, 66.423470
100.000000, 68.105076
100.000000, 69.786683
100.000000, 71.468290
100.000000, 73.149897
100.000000, 74.831504
100.000000, 76.513111
100.000000, 78.194717
100.000000, 79.876324
100.000000, 81.557931
100.000000, 83.239538
100.000000, 84.921145
100.000000, 86.602751
100.000000, 88.284358
100.000000, 89.965965
100.000000, 91.647572
100.000000, 93.329179
100.000000, 95.010786
100.000000, 96.692392
100.000000, 98.373999
100.000000, 100.055606
100.000000, 101.737213
100.000000, 103.418820
100.000000, 105.100427
100.000000, 106.782033
100.000000, 108.463640
100.000000, 110.145247
100.000000, 111.826854
100.000000, 113.508461
100.000000, 115.190068
100.000000, 116.871674
100.000000, 118.553281
100.000000, 120.234888
100.000000, 121.916495
100.000000, 123.598102
100.000000, 125.279708
100.000000, 126.961315
100.000000, 128.642922
100.000000, 130.324529
100.000000, 132.006136
100.000000, 133.687743
100.000000, 135.369349
100.000000, 137.050956
100.000000, 138.732563
100.000000, 140.414170
100.000000, 142.095777
100.000000, 143.777384
100.000000, 145.458990
100.000000, 147.140597
100.000000, 148.822204
100.000000, 150.503811
100.000000, 152.185418
100.000000, 153.867024
100.000000, 155.548631
100.000000, 157.230238
100.000000, 158.911845
100.000000, 160.593452
100.000000, 162.275059
100.000000, 163.956665
100.000000, 165.638272
100.000000, 167.319879
100.000000, 169.001486
100.000000, 170.683093
100.000000, 172.364700
100.000000, 174.046306
100.000000, 175.727913
100.000000, 177.409520
100.000000, 179.091127
100.000000, 180.772734
100.000000, 182.454341
100.000000, 184.135947
100.000000, 185.817554
100.000000, 187.499161
100.000000, 189.180768
100.000000, 190.862375
100.000000, 192.543981
100.000000, 194.225588
100.000000, 195.907195
100.000000, 197.588802
100.000000, 199.270409
100.000000, 200.952016
100.000000, 202.633622
100.000000, 204.315229
100.000000, 205.996836
100.000000, 207.678443
100.000000, 209.360050
100.000000, 211.041657
100.000000, 212.723263
100.000000, 214.404870
100.000000, 216.086477
100.000000, 217.768084
100.000000, 219.449691
100.000000, 221.131297
100.000000, 222.812904
100.000000, 224.494511
100.000000, 226.176118
100.000000, 227.857725
100.000000, 229.539332
100.000000, 231.220938
100.000000, 232.902545
100.000000, 234.584152
100.000000, 236.265759
100.000000, 237.947366
100.000000, 239.628973
100.000000, 241.310579
100.000000, 242.992186
100.000000, 244.673793
100.000000, 246.355400
100.000000, 248.037007
100.000000, 249.718614
100.000000, 251.400220
100.000000, 253.081827
100.000000, 254.763434
100.000000, 256.445041
100.000000, 258.126648
100.000000, 259.808254
100.000000, 261.489861
100.000000, 263.171468
100.000000, 264.853075
100.000000, 266.534682
100.000000, 268.216289
100.000000, 269.897895
100.000000, 271.579502
100.000000, 273.261109
100.000000, 274.942716
100.000000, 276.624323
100.000000, 278.305930
100.000000, 279.987536
100.000000, 281.669143
100.000000, 283.350750
100.000000, 285.032357
100.000000, 286.713964
100.000000, 288.395571
100.000000, 290.077177
100.000000, 291.758784
100.000000, 293.440391
100.000000, 295.121998
100.000000, 296.803605
100.000000, 298.485211
100.000000, 300.166818
100.000000, 301.848425
100.000000, 303.530032
100.000000, 305.211639
100.000000, 306.893246
100.000000, 308.574852
100.000000, 310.256459
100.000000, 311.938066
100.000000, 313.619673
100.000000, 315.301280
100.000000, 316.982887
100.000000, 318.664493
100.000000, 320.346100
100.000000, 322.027707
100.000000, 323.709314
100.000000, 325.390921
100.000000, 327.072527
100.000000, 328.754134
100.000000, 330.435741
100.000000, 332.117348
100.000000, 333.798955
100.000000, 335.480562
100.000000, 337.162168
100.000000, 338.843775
100.000000, 340.525382
100.000000, 342.206989
100.000000, 343.888596
100.000000, 345.570203
100.000000, 347.251809
100.000000, 348.933416
100.000000, 350.615023
100.000000, 352.296630
100.000000, 353.978237
100.000000, 355.659844
100.000000, 357.341450
100.000000, 359.023057
100.000000, 0.704664
100.000000, 2.386271
100.000000, 4.067878
100.000000, 5.749484
100.000000, 7.431091
100.000000, 9.112698
100.000000, 10.794305
100.000000, 12.475912
100.000000, 14.157519
100.000000, 15.839125
100.000000, 17.520732
100.000000, 19.202339
100.000000, 20.883946
100.000000, 22.565553
100.000000, 24.247160
100.000000, 25.928766
100.000000, 27.610373
100.000000, 29.291980
100.000000, 30.973587
100.000000, 32.655194
100.000000, 34.336800
100.000000, 36.018407
100.000000, 37.700014
100.000000, 39.381621
100.000000, 41.063228
100.000000, 42.744835
100.000000, 44.426441
100.000000, 46.108048
100.000000, 47.789655
100.000000, 49.471262
100.000000, 51.152869
100.000000, 52.834476
100.000000, 54.516082
100.000000, 56.197689
100.000000, 57.879296
100.000000, 59.560903
100.000000, 61.242510
100.000000, 62.924117
100.000000, 64.605723
100.000000, 66.287330
100.000000, 67.968937
100.000000, 69.650544
100.000000, 71.332151
100.000000, 73.013757
100.000000, 74.695364
100.000000, 76.376971
100.000000, 78.058578
100.000000, 79.740185
100.000000, 81.421792
100.000000, 83.103398
100.000000, 84.785005
100.000000, 86.466612
100.000000, 88.148219
100.000000, 89.829826
100.000000, 91.511433
100.000000, 93.193039
100.000000, 94.874646
100.000000, 96.556253
100.000000, 98.237860
100.000000, 99.919467
100.000000, 101.601073
100.000000, 103.282680
100.000000, 104.964287
100.000000, 106.645894
100.000000, 108.327501
100.000000, 110.009108
100.000000, 111.690714
100.000000, 113.372321
100.000000, 115.053928
100.000000, 116.735535
100.000000, 118.417142
100.000000, 120.098749
100.000000, 121.780355
100.000000, 123.461962
100.000000, 125.143569
100.000000, 126.825176
100.000000, 128.506783
100.000000, 130.188390
100.000000, 131.869996
100.000000, 133.551603
100.000000, 135.233210
100.000000, 136.914817
100.000000, 138.596424
100.000000, 140.278030
100.000000, 141.959637
100.000000, 143.641244
100.000000, 145.322851
100.000000, 147.004458
100.000000, 148.686065
100.000000, 150.367671
100.000000, 152.049278
100.000000, 153.730885
100.000000, 155.412492
100.000000, 157.094099
100.000000, 158.775706
100.000000, 160.457312
100.000000, 162.138919
100.000000, 163.820526
100.000000, 165.502133
100.000000, 167.183740
100.000000, 168.865346
100.000000, 170.546953
100.000000, 172.228560
100.000000, 173.910167
100.000000, 175.591774
100.000000, 177.273381
100.000000, 178.954987
100.000000, 180.636594
100.000000, 182.318201
100.000000, 183.999808
100.000000, 185.681415
100.000000, 187.363022
100.000000, 189.044628
100.000000, 190.726235
100.000000, 192.407842
100.000000, 194.089449
100.000000, 195.771056
100.000000, 197.452663
100.000000, 199.134269
100.000000, 200.815876
100.000000, 202.497483
100.000000, 204.179090
100.000000, 205.860697
100.000000, 207.542303
100.000000, 209.223910
100.000000, 210.905517
100.000000, 212.587124
100.000000, 214.268731
100.000000, 215.950338
100.000000, 217.631944
100.000000, 219.313551
100.000000, 220.995158
100.000000, 222.676765
100.000000, 224.358372
100.000000, 226.039979
100.000000, 227.721585
100.000000, 229.403192
100.000000, 231.084799
100.000000, 232.766406
100.000000, 234.448013
100.000000, 236.129619
100.000000, 237.811226
100.000000, 239.492833
100.000000, 241.174440
100.000000, 242.856047
100.000000, 244.537654
100.000000, 246.219260
100.000000, 247.900867
100.000000, 249.582474
100.000000, 251.264081
100.000000, 252.945688
100.000000, 254.627295
100.000000, 256.308901
100.000000, 257.990508
100.000000, 259.672115
100.000000, 261.353722
100.000000, 263.035329
100.000000, 264.716936
100.000000, 266.398542
100.000000, 268.080149
100.000000, 269.761756
100.000000, 271.443363
100.000000, 273.124970
100.000000, 274.806576
100.000000, 276.488183
100.000000, 278.169790
100.000000, 279.851397
100.000000, 281.533004
100.000000, 283.214611
100.000000, 284.896217
100.000000, 286.577824
100.000000, 288.259431
100.000000, 289.941038
100.000000, 291.622645
100.000000, 293.304252
100.000000, 294.985858
100.000000, 296.667465
100.000000, 298.349072
100.000000, 300.030679
100.000000, 301.712286
100.000000, 303.393892
100.000000, 305.075499
100.000000, 306.757106
100.000000, 308.438713
100.000000, 310.120320
100.000000, 311.801927
100.000000, 313.483533
100.000000, 315.165140
100.000000, 316.846747
100.000000, 318.528354
100.000000, 320.209961
100.000000, 321.891568
100.000000, 323.573174
100.000000, 325.254781
100.000000, 326.936388
100.000000, 328.617995
100.000000, 330.299602
100.000000, 331.981209
100.000000, 333.662815
100.000000, 335.344422
100.000000, 337.026029
100.000000, 338.707636
100.000000, 340.389243
100.000000, 342.070849
100.000000, 343.752456
100.000000, 345.434063
100.000000, 347.115670
100.000000, 348.797277
100.000000, 350.478884
100.000000, 352.160490
100.000000, 353.842097
100.000000, 355.523704
100.000000, 357.205311
100.000000, 358.886918
100.000000, 0.568525
100.000000, 2.250131
100.000000, 3.931738
100.000000, 5.613345
100.000000, 7.294952
100.000000, 8.976559
100.000000, 10.658166
100.000000, 12.339772
100.000000, 14.021379
100.000000, 15.702986
100.000000, 17.384593
100.000000, 19.066200
100.000000, 20.747806
100.000000, 22.429413
100.000000, 24.111020
100.000000, 25.792627
100.000000, 27.474234
100.000000, 29.155841
100.000000, 30.837447
100.000000, 32.519054
100.000000, 34.200661
100.000000, 35.882268
100.000000, 37.563875
100.000000, 39.245482
100.000000, 40.927088
100.000000, 42.608695
100.000000, 44.290302
100.000000, 45.971909
100.000000, 47.653516
100.000000, 49.335122
100.000000, 51.016729
100.000000, 52.698336
100.000000, 54.379943
100.000000, 56.061550
100.000000, 57.743157
100.000000, 59.424763
100.000000, 61.106370
100.000000, 62.787977
100.000000, 64.469584
100.000000, 66.151191
100.000000, 67.832798
100.000000, 69.514404
100.000000, 71.196011
100.000000, 72.877618
100.000000, 74.559225
100.000000, 76.240832
100.000000, 77.922439
100.000000, 79.604045
100.000000, 81.285652
100.000000, 82.967259
100.000000, 84.648866
100.000000, 86.330473
100.000000, 88.012079
100.000000, 89.693686
100.000000, 91.375293
100.000000, 93.056900
100.000000, 94.738507
100.000000, 96.420114
100.000000, 98.101720
100.000000, 99.783327
100.000000, 101.464934
100.000000, 103.146541
100.000000, 104.828148
100.000000, 106.509755
100.000000, 108.191361
100.000000, 109.872968
100.000000, 111.554575
100.000000, 113.236182
100.000000, 114.917789
100.000000, 116.599395
100.000000, 118.281002
100.000000, 119.962609
100.000000, 121.644216
100.000000, 123.325823
100.000000, 125.007430
100.000000, 126.689036
100.000000, 128.370643
100.000000, 130.052250
100.000000, 131.733857
100.000000, 133.415464
100.000000, 135.097071
100.000000, 136.778677
100.000000, 138.460284
100.000000, 140.141891
100.000000, 141.823498
100.000000, 143.505105
100.000000, 145.186712
100.000000, 146.868318
100.000000, 148.549925
100.000000, 150.231532
100.000000, 151.913139
100.000000, 153.594746
100.000000, 155.276352
100.000000, 156.957959
100.000000, 158.639566
100.000000, 160.321173
100.000000, 162.002780
100.000000, 163.684387
100.000000, 165.365993
100.000000, 167.047600
100.000000, 168.729207
100.000000, 170.410814
100.000000, 172.092421
100.000000, 173.774028
100.000000, 175.455634
100.000000, 177.137241
100.000000, 178.818848
100.000000, 180.500455
100.000000, 182.182062
100.000000, 183.863668
100.000000, 185.545275
100.000000, 187.226882
100.000000, 188.908489
100.000000, 190.590096
100.000000, 192.271703
100.000000, 193.953309
100.000000, 195.634916
100.000000, 197.316523
100.000000, 198.998130
100.000000, 200.679737
100.000000, 202.361344
100.000000, 204.042950
100.000000, 205.724557
100.000000, 207.406164
100.000000, 209.087771
100.000000, 210.769378
100.000000, 212.450985
100.000000, 214.132591
100.000000, 215.814198
100.000000, 217.495805
100.000000, 219.177412
100.000000, 220.859019
100.000000, 222.540625
100.000000, 224.222232
100.000000, 225.903839
100.000000, 227.585446
100.000000, 229.267053
100.000000, 230.948660
100.000000, 232.630266
100.000000, 234.311873
100.000000, 235.993480
100.000000, 237.675087
100.000000, 239.356694
100.000000, 241.038301
100.000000, 242.719907
100.000000, 244.401514
100.000000, 246.083121
100.000000, 247.764728
100.000000, 249.446335
100.000000, 251.127941
100.000000, 252.809548
100.000000, 254.491155
100.000000, 256.172762
100.000000, 257.854369
100.000000, 259.535976
100.000000, 261.217582
100.000000, 262.899189
100.000000, 264.580796
100.000000, 266.262403
100.000000, 267.944010
100.000000, 269.625617
100.000000, 271.307223
100.000000, 272.988830
100.000000, 274.670437
100.000000, 276.352044
100.000000, 278.033651
100.000000, 279.715258
100.000000, 281.396864
100.000000, 283.078471
100.000000, 284.760078
100.000000, 286.441685
100.000000, 288.123292
100.000000, 289.804898
100.000000, 291.486505
100.000000, 293.168112
100.000000, 294.849719
100.000000, 296.531326
100.000000, 298.212933
100.000000, 299.894539
100.000000, 301.576146
100.000000, 303.257753
100.000000, 304.939360
100.000000, 306.620967
100.000000, 308.302574
100.000000, 309.984180
100.000000, 311.665787
100.000000, 313.347394
100.000000, 315.029001
100.000000, 316.710608
100.000000, 318.392214
100.000000, 320.073821
100.000000, 321.755428
100.000000, 323.437035
100.000000, 325.118642
100.000000, 326.800249
100.000000, 328.481855
100.000000, 330.163462
##END=
