##TITLE= Parameter file, TopSpin 4.3.0
##JCAMPDX= 5.0
##DATATYPE= Parameter Values
##ORIGIN= Bruker BioSpin GmbH
##OWNER= nmrsu
$$ 2024-04-15 16:44:16.468 +0100  nmrsu@4CE1161FJM
$$ C:/Bruker/TopSpin4.3.0/exp/stan/nmr/lists/wave/user/multisupp_aux_d8
$$ process C:\Bruker\TopSpin4.3.0\prog\mod\xwinshape.exe
##MINX= 14.34005400
##MAXX= 99.99953400
##MINY= 0.11836400
##MAXY= 359.88163600
##$SHAPE_ADDPHASE= 0
##$SHAPE_AMP= 99.99953369
##$SHAPE_BWFAC= 0
##$SHAPE_BWFAC50= 0
##$SHAPE_CALCBW= yes
##$SHAPE_CALCINTEG= yes
##$SHAPE_EXMODE= <Excitation>
##$SHAPE_EXPAND= <>
##$SHAPE_EXPANDCF= (0..143)
0 0 0 0 0 0 0 0 0 0 0 0 0 0 0 0 0 0 0 0 0 0 0 0 0 0 0 0 0 0 0 0 0 0 0 0
0 0 0 0 0 0 0 0 0 0 0 0 0 0 0 0 0 0 0 0 0 0 0 0 0 0 0 0 0 0 0 0 0 0 0 0
0 0 0 0 0 0 0 0 0 0 0 0 0 0 0 0 0 0 0 0 0 0 0 0 0 0 0 0 0 0 0 0 0 0 0 0
0 0 0 0 0 0 0 0 0 0 0 0 0 0 0 0 0 0 0 0 0 0 0 0 0 0 0 0 0 0 0 0 0 0 0 0
##$SHAPE_EXPFAC= 0
##$SHAPE_FRACEND= 0
##$SHAPE_FRACORG= 0
##$SHAPE_FRACSTART= 0
##$SHAPE_INTEGFAC= 0
##$SHAPE_KEEPRES= yes
##$SHAPE_LENGTH= 25000.000373
##$SHAPE_MAN= <M>
##$SHAPE_MODE= 4
##$SHAPE_MODFREQ= 0
##$SHAPE_MODPHASE= 0
##$SHAPE_MODSCALE= 0
##$SHAPE_MODSW= 0
##$SHAPE_MODSWDIR= -1
##$SHAPE_NPOINTS= 1250
##$SHAPE_OFFS= <1 4>
##$SHAPE_OFFSCOEFF= (0..95)
-158.41556 0 100 -211.4209 0 100 -226.13686 0 100 -294.65842 0 100 0 0
0 0 0 0 0 0 0 0 0 0 0 0 0 0 0 0 0 0 0 0 0 0 0 0 0 0 0 0 0 0 0 0 0 0 0 0
0 0 0 0 0 0 0 0 0 0 0 0 0 0 0 0 0 0 0 0 0 0 0 0 0 0 0 0 0 0 0 0 0 0 0 0
0 0 0 0 0 0 0 0 0 0
##$SHAPE_PARAMETER= <>
##$SHAPE_REPHFAC= 0
##$SHAPE_RES= 0
##$SHAPE_SCALEFAC= 1.00000466
##$SHAPE_SCALETYPE= 0
##$SHAPE_SPOAL= 0
##$SHAPE_SPOFFS= 0
##$SHAPE_SPOPH= 0
##$SHAPE_TOTROT= 90
##$SHAPE_TYPE= <Excitation>
##$SHAPE_USER_DEF= <>
##$SHAPE_VERSION= 2.1
##$SHL_ADDPHASE= (0..15)
0 0 0 0 0 0 0 0 0 0 0 0 0 0 0 0
##$SHL_ALIGNOFFSET= (0..15)
0 0 0 0 0 0 0 0 0 0 0 0 0 0 0 0
##$SHL_AMP= (0..15)
100 0 0 0 0 0 0 0 0 0 0 0 0 0 0 0
##$SHL_AMPFAC= (0..15)
0 0 0 0 0 0 0 0 0 0 0 0 0 0 0 0
##$SHL_BETA= (0..15)
0 0 0 0 0 0 0 0 0 0 0 0 0 0 0 0
##$SHL_BWFAC= (0..15)
1.116 0 0 0 0 0 0 0 0 0 0 0 0 0 0 0
##$SHL_CALCBW= (0..15)
yes yes yes yes yes yes yes yes yes yes yes yes yes yes yes yes
##$SHL_CALCINTEG= (0..15)
yes yes yes yes yes yes yes yes yes yes yes yes yes yes yes yes
##$SHL_CENTERAMP= (0..15)
0 0 0 0 0 0 0 0 0 0 0 0 0 0 0 0
##$SHL_CYCNUM= (0..15)
0 0 0 0 0 0 0 0 0 0 0 0 0 0 0 0
##$SHL_DIPOLCPL= (0..15)
0 0 0 0 0 0 0 0 0 0 0 0 0 0 0 0
##$SHL_ENDAMP= (0..15)
0 0 0 0 0 0 0 0 0 0 0 0 0 0 0 0
##$SHL_EXMODE= (0..15)
<Excitation> <> <> <> <> <> <> <> <> <> <> <> <> <> <> <>
##$SHL_EXPAND= (0..15)
<> <> <> <> <> <> <> <> <> <> <> <> <> <> <> <>
##$SHL_EXPANDCF0= (0..143)
0 0 0 0 0 0 0 0 0 0 0 0 0 0 0 0 0 0 0 0 0 0 0 0 0 0 0 0 0 0 0 0 0 0 0 0
0 0 0 0 0 0 0 0 0 0 0 0 0 0 0 0 0 0 0 0 0 0 0 0 0 0 0 0 0 0 0 0 0 0 0 0
0 0 0 0 0 0 0 0 0 0 0 0 0 0 0 0 0 0 0 0 0 0 0 0 0 0 0 0 0 0 0 0 0 0 0 0
0 0 0 0 0 0 0 0 0 0 0 0 0 0 0 0 0 0 0 0 0 0 0 0 0 0 0 0 0 0 0 0 0 0 0 0
##$SHL_EXPANDCF1= (0..143)
0 0 0 0 0 0 0 0 0 0 0 0 0 0 0 0 0 0 0 0 0 0 0 0 0 0 0 0 0 0 0 0 0 0 0 0
0 0 0 0 0 0 0 0 0 0 0 0 0 0 0 0 0 0 0 0 0 0 0 0 0 0 0 0 0 0 0 0 0 0 0 0
0 0 0 0 0 0 0 0 0 0 0 0 0 0 0 0 0 0 0 0 0 0 0 0 0 0 0 0 0 0 0 0 0 0 0 0
0 0 0 0 0 0 0 0 0 0 0 0 0 0 0 0 0 0 0 0 0 0 0 0 0 0 0 0 0 0 0 0 0 0 0 0
##$SHL_EXPANDCF10= (0..143)
0 0 0 0 0 0 0 0 0 0 0 0 0 0 0 0 0 0 0 0 0 0 0 0 0 0 0 0 0 0 0 0 0 0 0 0
0 0 0 0 0 0 0 0 0 0 0 0 0 0 0 0 0 0 0 0 0 0 0 0 0 0 0 0 0 0 0 0 0 0 0 0
0 0 0 0 0 0 0 0 0 0 0 0 0 0 0 0 0 0 0 0 0 0 0 0 0 0 0 0 0 0 0 0 0 0 0 0
0 0 0 0 0 0 0 0 0 0 0 0 0 0 0 0 0 0 0 0 0 0 0 0 0 0 0 0 0 0 0 0 0 0 0 0
##$SHL_EXPANDCF11= (0..143)
0 0 0 0 0 0 0 0 0 0 0 0 0 0 0 0 0 0 0 0 0 0 0 0 0 0 0 0 0 0 0 0 0 0 0 0
0 0 0 0 0 0 0 0 0 0 0 0 0 0 0 0 0 0 0 0 0 0 0 0 0 0 0 0 0 0 0 0 0 0 0 0
0 0 0 0 0 0 0 0 0 0 0 0 0 0 0 0 0 0 0 0 0 0 0 0 0 0 0 0 0 0 0 0 0 0 0 0
0 0 0 0 0 0 0 0 0 0 0 0 0 0 0 0 0 0 0 0 0 0 0 0 0 0 0 0 0 0 0 0 0 0 0 0
##$SHL_EXPANDCF12= (0..143)
0 0 0 0 0 0 0 0 0 0 0 0 0 0 0 0 0 0 0 0 0 0 0 0 0 0 0 0 0 0 0 0 0 0 0 0
0 0 0 0 0 0 0 0 0 0 0 0 0 0 0 0 0 0 0 0 0 0 0 0 0 0 0 0 0 0 0 0 0 0 0 0
0 0 0 0 0 0 0 0 0 0 0 0 0 0 0 0 0 0 0 0 0 0 0 0 0 0 0 0 0 0 0 0 0 0 0 0
0 0 0 0 0 0 0 0 0 0 0 0 0 0 0 0 0 0 0 0 0 0 0 0 0 0 0 0 0 0 0 0 0 0 0 0
##$SHL_EXPANDCF13= (0..143)
0 0 0 0 0 0 0 0 0 0 0 0 0 0 0 0 0 0 0 0 0 0 0 0 0 0 0 0 0 0 0 0 0 0 0 0
0 0 0 0 0 0 0 0 0 0 0 0 0 0 0 0 0 0 0 0 0 0 0 0 0 0 0 0 0 0 0 0 0 0 0 0
0 0 0 0 0 0 0 0 0 0 0 0 0 0 0 0 0 0 0 0 0 0 0 0 0 0 0 0 0 0 0 0 0 0 0 0
0 0 0 0 0 0 0 0 0 0 0 0 0 0 0 0 0 0 0 0 0 0 0 0 0 0 0 0 0 0 0 0 0 0 0 0
##$SHL_EXPANDCF14= (0..143)
0 0 0 0 0 0 0 0 0 0 0 0 0 0 0 0 0 0 0 0 0 0 0 0 0 0 0 0 0 0 0 0 0 0 0 0
0 0 0 0 0 0 0 0 0 0 0 0 0 0 0 0 0 0 0 0 0 0 0 0 0 0 0 0 0 0 0 0 0 0 0 0
0 0 0 0 0 0 0 0 0 0 0 0 0 0 0 0 0 0 0 0 0 0 0 0 0 0 0 0 0 0 0 0 0 0 0 0
0 0 0 0 0 0 0 0 0 0 0 0 0 0 0 0 0 0 0 0 0 0 0 0 0 0 0 0 0 0 0 0 0 0 0 0
##$SHL_EXPANDCF15= (0..143)
0 0 0 0 0 0 0 0 0 0 0 0 0 0 0 0 0 0 0 0 0 0 0 0 0 0 0 0 0 0 0 0 0 0 0 0
0 0 0 0 0 0 0 0 0 0 0 0 0 0 0 0 0 0 0 0 0 0 0 0 0 0 0 0 0 0 0 0 0 0 0 0
0 0 0 0 0 0 0 0 0 0 0 0 0 0 0 0 0 0 0 0 0 0 0 0 0 0 0 0 0 0 0 0 0 0 0 0
0 0 0 0 0 0 0 0 0 0 0 0 0 0 0 0 0 0 0 0 0 0 0 0 0 0 0 0 0 0 0 0 0 0 0 0
##$SHL_EXPANDCF2= (0..143)
0 0 0 0 0 0 0 0 0 0 0 0 0 0 0 0 0 0 0 0 0 0 0 0 0 0 0 0 0 0 0 0 0 0 0 0
0 0 0 0 0 0 0 0 0 0 0 0 0 0 0 0 0 0 0 0 0 0 0 0 0 0 0 0 0 0 0 0 0 0 0 0
0 0 0 0 0 0 0 0 0 0 0 0 0 0 0 0 0 0 0 0 0 0 0 0 0 0 0 0 0 0 0 0 0 0 0 0
0 0 0 0 0 0 0 0 0 0 0 0 0 0 0 0 0 0 0 0 0 0 0 0 0 0 0 0 0 0 0 0 0 0 0 0
##$SHL_EXPANDCF3= (0..143)
0 0 0 0 0 0 0 0 0 0 0 0 0 0 0 0 0 0 0 0 0 0 0 0 0 0 0 0 0 0 0 0 0 0 0 0
0 0 0 0 0 0 0 0 0 0 0 0 0 0 0 0 0 0 0 0 0 0 0 0 0 0 0 0 0 0 0 0 0 0 0 0
0 0 0 0 0 0 0 0 0 0 0 0 0 0 0 0 0 0 0 0 0 0 0 0 0 0 0 0 0 0 0 0 0 0 0 0
0 0 0 0 0 0 0 0 0 0 0 0 0 0 0 0 0 0 0 0 0 0 0 0 0 0 0 0 0 0 0 0 0 0 0 0
##$SHL_EXPANDCF4= (0..143)
0 0 0 0 0 0 0 0 0 0 0 0 0 0 0 0 0 0 0 0 0 0 0 0 0 0 0 0 0 0 0 0 0 0 0 0
0 0 0 0 0 0 0 0 0 0 0 0 0 0 0 0 0 0 0 0 0 0 0 0 0 0 0 0 0 0 0 0 0 0 0 0
0 0 0 0 0 0 0 0 0 0 0 0 0 0 0 0 0 0 0 0 0 0 0 0 0 0 0 0 0 0 0 0 0 0 0 0
0 0 0 0 0 0 0 0 0 0 0 0 0 0 0 0 0 0 0 0 0 0 0 0 0 0 0 0 0 0 0 0 0 0 0 0
##$SHL_EXPANDCF5= (0..143)
0 0 0 0 0 0 0 0 0 0 0 0 0 0 0 0 0 0 0 0 0 0 0 0 0 0 0 0 0 0 0 0 0 0 0 0
0 0 0 0 0 0 0 0 0 0 0 0 0 0 0 0 0 0 0 0 0 0 0 0 0 0 0 0 0 0 0 0 0 0 0 0
0 0 0 0 0 0 0 0 0 0 0 0 0 0 0 0 0 0 0 0 0 0 0 0 0 0 0 0 0 0 0 0 0 0 0 0
0 0 0 0 0 0 0 0 0 0 0 0 0 0 0 0 0 0 0 0 0 0 0 0 0 0 0 0 0 0 0 0 0 0 0 0
##$SHL_EXPANDCF6= (0..143)
0 0 0 0 0 0 0 0 0 0 0 0 0 0 0 0 0 0 0 0 0 0 0 0 0 0 0 0 0 0 0 0 0 0 0 0
0 0 0 0 0 0 0 0 0 0 0 0 0 0 0 0 0 0 0 0 0 0 0 0 0 0 0 0 0 0 0 0 0 0 0 0
0 0 0 0 0 0 0 0 0 0 0 0 0 0 0 0 0 0 0 0 0 0 0 0 0 0 0 0 0 0 0 0 0 0 0 0
0 0 0 0 0 0 0 0 0 0 0 0 0 0 0 0 0 0 0 0 0 0 0 0 0 0 0 0 0 0 0 0 0 0 0 0
##$SHL_EXPANDCF7= (0..143)
0 0 0 0 0 0 0 0 0 0 0 0 0 0 0 0 0 0 0 0 0 0 0 0 0 0 0 0 0 0 0 0 0 0 0 0
0 0 0 0 0 0 0 0 0 0 0 0 0 0 0 0 0 0 0 0 0 0 0 0 0 0 0 0 0 0 0 0 0 0 0 0
0 0 0 0 0 0 0 0 0 0 0 0 0 0 0 0 0 0 0 0 0 0 0 0 0 0 0 0 0 0 0 0 0 0 0 0
0 0 0 0 0 0 0 0 0 0 0 0 0 0 0 0 0 0 0 0 0 0 0 0 0 0 0 0 0 0 0 0 0 0 0 0
##$SHL_EXPANDCF8= (0..143)
0 0 0 0 0 0 0 0 0 0 0 0 0 0 0 0 0 0 0 0 0 0 0 0 0 0 0 0 0 0 0 0 0 0 0 0
0 0 0 0 0 0 0 0 0 0 0 0 0 0 0 0 0 0 0 0 0 0 0 0 0 0 0 0 0 0 0 0 0 0 0 0
0 0 0 0 0 0 0 0 0 0 0 0 0 0 0 0 0 0 0 0 0 0 0 0 0 0 0 0 0 0 0 0 0 0 0 0
0 0 0 0 0 0 0 0 0 0 0 0 0 0 0 0 0 0 0 0 0 0 0 0 0 0 0 0 0 0 0 0 0 0 0 0
##$SHL_EXPANDCF9= (0..143)
0 0 0 0 0 0 0 0 0 0 0 0 0 0 0 0 0 0 0 0 0 0 0 0 0 0 0 0 0 0 0 0 0 0 0 0
0 0 0 0 0 0 0 0 0 0 0 0 0 0 0 0 0 0 0 0 0 0 0 0 0 0 0 0 0 0 0 0 0 0 0 0
0 0 0 0 0 0 0 0 0 0 0 0 0 0 0 0 0 0 0 0 0 0 0 0 0 0 0 0 0 0 0 0 0 0 0 0
0 0 0 0 0 0 0 0 0 0 0 0 0 0 0 0 0 0 0 0 0 0 0 0 0 0 0 0 0 0 0 0 0 0 0 0
##$SHL_EXPFAC= (0..15)
0 0 0 0 0 0 0 0 0 0 0 0 0 0 0 0
##$SHL_FRACEND= (0..15)
0 0 0 0 0 0 0 0 0 0 0 0 0 0 0 0
##$SHL_FRACORG= (0..15)
0 0 0 0 0 0 0 0 0 0 0 0 0 0 0 0
##$SHL_FRACSTART= (0..15)
0 0 0 0 0 0 0 0 0 0 0 0 0 0 0 0
##$SHL_FULLHALF= (0..15)
0 0 0 0 0 0 0 0 0 0 0 0 0 0 0 0
##$SHL_FUNCAMP= (0..15)
100 0 0 0 0 0 0 0 0 0 0 0 0 0 0 0
##$SHL_FUNCTION= (0..15)
<Rectangle> <> <> <> <> <> <> <> <> <> <> <> <> <> <> <>
##$SHL_GCO= (0..15)
<> <> <> <> <> <> <> <> <> <> <> <> <> <> <> <>
##$SHL_GCOCOEFFS0= (0..59)
0 0 0 0 0 0 0 0 0 0 0 0 0 0 0 0 0 0 0 0 0 0 0 0 0 0 0 0 0 0 0 0 0 0 0 0
0 0 0 0 0 0 0 0 0 0 0 0 0 0 0 0 0 0 0 0 0 0 0 0
##$SHL_GCOCOEFFS1= (0..59)
0 0 0 0 0 0 0 0 0 0 0 0 0 0 0 0 0 0 0 0 0 0 0 0 0 0 0 0 0 0 0 0 0 0 0 0
0 0 0 0 0 0 0 0 0 0 0 0 0 0 0 0 0 0 0 0 0 0 0 0
##$SHL_GCOCOEFFS10= (0..59)
0 0 0 0 0 0 0 0 0 0 0 0 0 0 0 0 0 0 0 0 0 0 0 0 0 0 0 0 0 0 0 0 0 0 0 0
0 0 0 0 0 0 0 0 0 0 0 0 0 0 0 0 0 0 0 0 0 0 0 0
##$SHL_GCOCOEFFS11= (0..59)
0 0 0 0 0 0 0 0 0 0 0 0 0 0 0 0 0 0 0 0 0 0 0 0 0 0 0 0 0 0 0 0 0 0 0 0
0 0 0 0 0 0 0 0 0 0 0 0 0 0 0 0 0 0 0 0 0 0 0 0
##$SHL_GCOCOEFFS12= (0..59)
0 0 0 0 0 0 0 0 0 0 0 0 0 0 0 0 0 0 0 0 0 0 0 0 0 0 0 0 0 0 0 0 0 0 0 0
0 0 0 0 0 0 0 0 0 0 0 0 0 0 0 0 0 0 0 0 0 0 0 0
##$SHL_GCOCOEFFS13= (0..59)
0 0 0 0 0 0 0 0 0 0 0 0 0 0 0 0 0 0 0 0 0 0 0 0 0 0 0 0 0 0 0 0 0 0 0 0
0 0 0 0 0 0 0 0 0 0 0 0 0 0 0 0 0 0 0 0 0 0 0 0
##$SHL_GCOCOEFFS14= (0..59)
0 0 0 0 0 0 0 0 0 0 0 0 0 0 0 0 0 0 0 0 0 0 0 0 0 0 0 0 0 0 0 0 0 0 0 0
0 0 0 0 0 0 0 0 0 0 0 0 0 0 0 0 0 0 0 0 0 0 0 0
##$SHL_GCOCOEFFS15= (0..59)
0 0 0 0 0 0 0 0 0 0 0 0 0 0 0 0 0 0 0 0 0 0 0 0 0 0 0 0 0 0 0 0 0 0 0 0
0 0 0 0 0 0 0 0 0 0 0 0 0 0 0 0 0 0 0 0 0 0 0 0
##$SHL_GCOCOEFFS2= (0..59)
0 0 0 0 0 0 0 0 0 0 0 0 0 0 0 0 0 0 0 0 0 0 0 0 0 0 0 0 0 0 0 0 0 0 0 0
0 0 0 0 0 0 0 0 0 0 0 0 0 0 0 0 0 0 0 0 0 0 0 0
##$SHL_GCOCOEFFS3= (0..59)
0 0 0 0 0 0 0 0 0 0 0 0 0 0 0 0 0 0 0 0 0 0 0 0 0 0 0 0 0 0 0 0 0 0 0 0
0 0 0 0 0 0 0 0 0 0 0 0 0 0 0 0 0 0 0 0 0 0 0 0
##$SHL_GCOCOEFFS4= (0..59)
0 0 0 0 0 0 0 0 0 0 0 0 0 0 0 0 0 0 0 0 0 0 0 0 0 0 0 0 0 0 0 0 0 0 0 0
0 0 0 0 0 0 0 0 0 0 0 0 0 0 0 0 0 0 0 0 0 0 0 0
##$SHL_GCOCOEFFS5= (0..59)
0 0 0 0 0 0 0 0 0 0 0 0 0 0 0 0 0 0 0 0 0 0 0 0 0 0 0 0 0 0 0 0 0 0 0 0
0 0 0 0 0 0 0 0 0 0 0 0 0 0 0 0 0 0 0 0 0 0 0 0
##$SHL_GCOCOEFFS6= (0..59)
0 0 0 0 0 0 0 0 0 0 0 0 0 0 0 0 0 0 0 0 0 0 0 0 0 0 0 0 0 0 0 0 0 0 0 0
0 0 0 0 0 0 0 0 0 0 0 0 0 0 0 0 0 0 0 0 0 0 0 0
##$SHL_GCOCOEFFS7= (0..59)
0 0 0 0 0 0 0 0 0 0 0 0 0 0 0 0 0 0 0 0 0 0 0 0 0 0 0 0 0 0 0 0 0 0 0 0
0 0 0 0 0 0 0 0 0 0 0 0 0 0 0 0 0 0 0 0 0 0 0 0
##$SHL_GCOCOEFFS8= (0..59)
0 0 0 0 0 0 0 0 0 0 0 0 0 0 0 0 0 0 0 0 0 0 0 0 0 0 0 0 0 0 0 0 0 0 0 0
0 0 0 0 0 0 0 0 0 0 0 0 0 0 0 0 0 0 0 0 0 0 0 0
##$SHL_GCOCOEFFS9= (0..59)
0 0 0 0 0 0 0 0 0 0 0 0 0 0 0 0 0 0 0 0 0 0 0 0 0 0 0 0 0 0 0 0 0 0 0 0
0 0 0 0 0 0 0 0 0 0 0 0 0 0 0 0 0 0 0 0 0 0 0 0
##$SHL_INTEGFAC= (0..15)
1 0 0 0 0 0 0 0 0 0 0 0 0 0 0 0
##$SHL_LB= (0..15)
0 0 0 0 0 0 0 0 0 0 0 0 0 0 0 0
##$SHL_LEFTLIMIT= (0..15)
0 0 0 0 0 0 0 0 0 0 0 0 0 0 0 0
##$SHL_LENGTH= (0..15)
25000.000373 0 0 0 0 0 0 0 0 0 0 0 0 0 0 0
##$SHL_MAN= (0..15)
<> <> <> <> <> <> <> <> <> <> <> <> <> <> <> <>
##$SHL_MEANAMP= (0..15)
0 0 0 0 0 0 0 0 0 0 0 0 0 0 0 0
##$SHL_MODAMP= (0..15)
0 0 0 0 0 0 0 0 0 0 0 0 0 0 0 0
##$SHL_MODE= (0..15)
0 0 0 0 0 0 0 0 0 0 0 0 0 0 0 0
##$SHL_MODFREQ= (0..15)
0 0 0 0 0 0 0 0 0 0 0 0 0 0 0 0
##$SHL_MODPHASE= (0..15)
0 0 0 0 0 0 0 0 0 0 0 0 0 0 0 0
##$SHL_MODSCALE= (0..15)
0 0 0 0 0 0 0 0 0 0 0 0 0 0 0 0
##$SHL_MODSW= (0..15)
0 0 0 0 0 0 0 0 0 0 0 0 0 0 0 0
##$SHL_MODSWDIR= (0..15)
-1 -1 -1 -1 -1 -1 -1 -1 -1 -1 -1 -1 -1 -1 -1 -1
##$SHL_MU= (0..15)
0 0 0 0 0 0 0 0 0 0 0 0 0 0 0 0
##$SHL_NPOINTS= (0..15)
1250 0 0 0 0 0 0 0 0 0 0 0 0 0 0 0
##$SHL_OFFS= (0..15)
<> <> <> <> <> <> <> <> <> <> <> <> <> <> <> <>
##$SHL_OFFSCOEFF0= (0..95)
0 0 0 0 0 0 0 0 0 0 0 0 0 0 0 0 0 0 0 0 0 0 0 0 0 0 0 0 0 0 0 0 0 0 0 0
0 0 0 0 0 0 0 0 0 0 0 0 0 0 0 0 0 0 0 0 0 0 0 0 0 0 0 0 0 0 0 0 0 0 0 0
0 0 0 0 0 0 0 0 0 0 0 0 0 0 0 0 0 0 0 0 0 0 0 0
##$SHL_OFFSCOEFF1= (0..95)
0 0 0 0 0 0 0 0 0 0 0 0 0 0 0 0 0 0 0 0 0 0 0 0 0 0 0 0 0 0 0 0 0 0 0 0
0 0 0 0 0 0 0 0 0 0 0 0 0 0 0 0 0 0 0 0 0 0 0 0 0 0 0 0 0 0 0 0 0 0 0 0
0 0 0 0 0 0 0 0 0 0 0 0 0 0 0 0 0 0 0 0 0 0 0 0
##$SHL_OFFSCOEFF10= (0..95)
0 0 0 0 0 0 0 0 0 0 0 0 0 0 0 0 0 0 0 0 0 0 0 0 0 0 0 0 0 0 0 0 0 0 0 0
0 0 0 0 0 0 0 0 0 0 0 0 0 0 0 0 0 0 0 0 0 0 0 0 0 0 0 0 0 0 0 0 0 0 0 0
0 0 0 0 0 0 0 0 0 0 0 0 0 0 0 0 0 0 0 0 0 0 0 0
##$SHL_OFFSCOEFF11= (0..95)
0 0 0 0 0 0 0 0 0 0 0 0 0 0 0 0 0 0 0 0 0 0 0 0 0 0 0 0 0 0 0 0 0 0 0 0
0 0 0 0 0 0 0 0 0 0 0 0 0 0 0 0 0 0 0 0 0 0 0 0 0 0 0 0 0 0 0 0 0 0 0 0
0 0 0 0 0 0 0 0 0 0 0 0 0 0 0 0 0 0 0 0 0 0 0 0
##$SHL_OFFSCOEFF12= (0..95)
0 0 0 0 0 0 0 0 0 0 0 0 0 0 0 0 0 0 0 0 0 0 0 0 0 0 0 0 0 0 0 0 0 0 0 0
0 0 0 0 0 0 0 0 0 0 0 0 0 0 0 0 0 0 0 0 0 0 0 0 0 0 0 0 0 0 0 0 0 0 0 0
0 0 0 0 0 0 0 0 0 0 0 0 0 0 0 0 0 0 0 0 0 0 0 0
##$SHL_OFFSCOEFF13= (0..95)
0 0 0 0 0 0 0 0 0 0 0 0 0 0 0 0 0 0 0 0 0 0 0 0 0 0 0 0 0 0 0 0 0 0 0 0
0 0 0 0 0 0 0 0 0 0 0 0 0 0 0 0 0 0 0 0 0 0 0 0 0 0 0 0 0 0 0 0 0 0 0 0
0 0 0 0 0 0 0 0 0 0 0 0 0 0 0 0 0 0 0 0 0 0 0 0
##$SHL_OFFSCOEFF14= (0..95)
0 0 0 0 0 0 0 0 0 0 0 0 0 0 0 0 0 0 0 0 0 0 0 0 0 0 0 0 0 0 0 0 0 0 0 0
0 0 0 0 0 0 0 0 0 0 0 0 0 0 0 0 0 0 0 0 0 0 0 0 0 0 0 0 0 0 0 0 0 0 0 0
0 0 0 0 0 0 0 0 0 0 0 0 0 0 0 0 0 0 0 0 0 0 0 0
##$SHL_OFFSCOEFF15= (0..95)
0 0 0 0 0 0 0 0 0 0 0 0 0 0 0 0 0 0 0 0 0 0 0 0 0 0 0 0 0 0 0 0 0 0 0 0
0 0 0 0 0 0 0 0 0 0 0 0 0 0 0 0 0 0 0 0 0 0 0 0 0 0 0 0 0 0 0 0 0 0 0 0
0 0 0 0 0 0 0 0 0 0 0 0 0 0 0 0 0 0 0 0 0 0 0 0
##$SHL_OFFSCOEFF2= (0..95)
0 0 0 0 0 0 0 0 0 0 0 0 0 0 0 0 0 0 0 0 0 0 0 0 0 0 0 0 0 0 0 0 0 0 0 0
0 0 0 0 0 0 0 0 0 0 0 0 0 0 0 0 0 0 0 0 0 0 0 0 0 0 0 0 0 0 0 0 0 0 0 0
0 0 0 0 0 0 0 0 0 0 0 0 0 0 0 0 0 0 0 0 0 0 0 0
##$SHL_OFFSCOEFF3= (0..95)
0 0 0 0 0 0 0 0 0 0 0 0 0 0 0 0 0 0 0 0 0 0 0 0 0 0 0 0 0 0 0 0 0 0 0 0
0 0 0 0 0 0 0 0 0 0 0 0 0 0 0 0 0 0 0 0 0 0 0 0 0 0 0 0 0 0 0 0 0 0 0 0
0 0 0 0 0 0 0 0 0 0 0 0 0 0 0 0 0 0 0 0 0 0 0 0
##$SHL_OFFSCOEFF4= (0..95)
0 0 0 0 0 0 0 0 0 0 0 0 0 0 0 0 0 0 0 0 0 0 0 0 0 0 0 0 0 0 0 0 0 0 0 0
0 0 0 0 0 0 0 0 0 0 0 0 0 0 0 0 0 0 0 0 0 0 0 0 0 0 0 0 0 0 0 0 0 0 0 0
0 0 0 0 0 0 0 0 0 0 0 0 0 0 0 0 0 0 0 0 0 0 0 0
##$SHL_OFFSCOEFF5= (0..95)
0 0 0 0 0 0 0 0 0 0 0 0 0 0 0 0 0 0 0 0 0 0 0 0 0 0 0 0 0 0 0 0 0 0 0 0
0 0 0 0 0 0 0 0 0 0 0 0 0 0 0 0 0 0 0 0 0 0 0 0 0 0 0 0 0 0 0 0 0 0 0 0
0 0 0 0 0 0 0 0 0 0 0 0 0 0 0 0 0 0 0 0 0 0 0 0
##$SHL_OFFSCOEFF6= (0..95)
0 0 0 0 0 0 0 0 0 0 0 0 0 0 0 0 0 0 0 0 0 0 0 0 0 0 0 0 0 0 0 0 0 0 0 0
0 0 0 0 0 0 0 0 0 0 0 0 0 0 0 0 0 0 0 0 0 0 0 0 0 0 0 0 0 0 0 0 0 0 0 0
0 0 0 0 0 0 0 0 0 0 0 0 0 0 0 0 0 0 0 0 0 0 0 0
##$SHL_OFFSCOEFF7= (0..95)
0 0 0 0 0 0 0 0 0 0 0 0 0 0 0 0 0 0 0 0 0 0 0 0 0 0 0 0 0 0 0 0 0 0 0 0
0 0 0 0 0 0 0 0 0 0 0 0 0 0 0 0 0 0 0 0 0 0 0 0 0 0 0 0 0 0 0 0 0 0 0 0
0 0 0 0 0 0 0 0 0 0 0 0 0 0 0 0 0 0 0 0 0 0 0 0
##$SHL_OFFSCOEFF8= (0..95)
0 0 0 0 0 0 0 0 0 0 0 0 0 0 0 0 0 0 0 0 0 0 0 0 0 0 0 0 0 0 0 0 0 0 0 0
0 0 0 0 0 0 0 0 0 0 0 0 0 0 0 0 0 0 0 0 0 0 0 0 0 0 0 0 0 0 0 0 0 0 0 0
0 0 0 0 0 0 0 0 0 0 0 0 0 0 0 0 0 0 0 0 0 0 0 0
##$SHL_OFFSCOEFF9= (0..95)
0 0 0 0 0 0 0 0 0 0 0 0 0 0 0 0 0 0 0 0 0 0 0 0 0 0 0 0 0 0 0 0 0 0 0 0
0 0 0 0 0 0 0 0 0 0 0 0 0 0 0 0 0 0 0 0 0 0 0 0 0 0 0 0 0 0 0 0 0 0 0 0
0 0 0 0 0 0 0 0 0 0 0 0 0 0 0 0 0 0 0 0 0 0 0 0
##$SHL_PHASE= (0..15)
0 0 0 0 0 0 0 0 0 0 0 0 0 0 0 0
##$SHL_PHASEFAC= (0..15)
0 0 0 0 0 0 0 0 0 0 0 0 0 0 0 0
##$SHL_POWERINDEX= (0..15)
0 0 0 0 0 0 0 0 0 0 0 0 0 0 0 0
##$SHL_QUADCOEFF= (0..15)
0 0 0 0 0 0 0 0 0 0 0 0 0 0 0 0
##$SHL_RIGHTLIMIT= (0..15)
0 0 0 0 0 0 0 0 0 0 0 0 0 0 0 0
##$SHL_SCALEFACTOR= (0..15)
1 1 1 1 1 1 1 1 1 1 1 1 1 1 1 1
##$SHL_SF= (0..15)
<> <> <> <> <> <> <> <> <> <> <> <> <> <> <> <>
##$SHL_SFCOEFFS0= (0..200)
0 0 0 0 0 0 0 0 0 0 0 0 0 0 0 0 0 0 0 0 0 0 0 0 0 0 0 0 0 0 0 0 0 0 0 0
0 0 0 0 0 0 0 0 0 0 0 0 0 0 0 0 0 0 0 0 0 0 0 0 0 0 0 0 0 0 0 0 0 0 0 0
0 0 0 0 0 0 0 0 0 0 0 0 0 0 0 0 0 0 0 0 0 0 0 0 0 0 0 0 0 0 0 0 0 0 0 0
0 0 0 0 0 0 0 0 0 0 0 0 0 0 0 0 0 0 0 0 0 0 0 0 0 0 0 0 0 0 0 0 0 0 0 0
0 0 0 0 0 0 0 0 0 0 0 0 0 0 0 0 0 0 0 0 0 0 0 0 0 0 0 0 0 0 0 0 0 0 0 0
0 0 0 0 0 0 0 0 0 0 0 0 0 0 0 0 0 0 0 0 0
##$SHL_SFCOEFFS1= (0..200)
0 0 0 0 0 0 0 0 0 0 0 0 0 0 0 0 0 0 0 0 0 0 0 0 0 0 0 0 0 0 0 0 0 0 0 0
0 0 0 0 0 0 0 0 0 0 0 0 0 0 0 0 0 0 0 0 0 0 0 0 0 0 0 0 0 0 0 0 0 0 0 0
0 0 0 0 0 0 0 0 0 0 0 0 0 0 0 0 0 0 0 0 0 0 0 0 0 0 0 0 0 0 0 0 0 0 0 0
0 0 0 0 0 0 0 0 0 0 0 0 0 0 0 0 0 0 0 0 0 0 0 0 0 0 0 0 0 0 0 0 0 0 0 0
0 0 0 0 0 0 0 0 0 0 0 0 0 0 0 0 0 0 0 0 0 0 0 0 0 0 0 0 0 0 0 0 0 0 0 0
0 0 0 0 0 0 0 0 0 0 0 0 0 0 0 0 0 0 0 0 0
##$SHL_SFCOEFFS10= (0..200)
0 0 0 0 0 0 0 0 0 0 0 0 0 0 0 0 0 0 0 0 0 0 0 0 0 0 0 0 0 0 0 0 0 0 0 0
0 0 0 0 0 0 0 0 0 0 0 0 0 0 0 0 0 0 0 0 0 0 0 0 0 0 0 0 0 0 0 0 0 0 0 0
0 0 0 0 0 0 0 0 0 0 0 0 0 0 0 0 0 0 0 0 0 0 0 0 0 0 0 0 0 0 0 0 0 0 0 0
0 0 0 0 0 0 0 0 0 0 0 0 0 0 0 0 0 0 0 0 0 0 0 0 0 0 0 0 0 0 0 0 0 0 0 0
0 0 0 0 0 0 0 0 0 0 0 0 0 0 0 0 0 0 0 0 0 0 0 0 0 0 0 0 0 0 0 0 0 0 0 0
0 0 0 0 0 0 0 0 0 0 0 0 0 0 0 0 0 0 0 0 0
##$SHL_SFCOEFFS11= (0..200)
0 0 0 0 0 0 0 0 0 0 0 0 0 0 0 0 0 0 0 0 0 0 0 0 0 0 0 0 0 0 0 0 0 0 0 0
0 0 0 0 0 0 0 0 0 0 0 0 0 0 0 0 0 0 0 0 0 0 0 0 0 0 0 0 0 0 0 0 0 0 0 0
0 0 0 0 0 0 0 0 0 0 0 0 0 0 0 0 0 0 0 0 0 0 0 0 0 0 0 0 0 0 0 0 0 0 0 0
0 0 0 0 0 0 0 0 0 0 0 0 0 0 0 0 0 0 0 0 0 0 0 0 0 0 0 0 0 0 0 0 0 0 0 0
0 0 0 0 0 0 0 0 0 0 0 0 0 0 0 0 0 0 0 0 0 0 0 0 0 0 0 0 0 0 0 0 0 0 0 0
0 0 0 0 0 0 0 0 0 0 0 0 0 0 0 0 0 0 0 0 0
##$SHL_SFCOEFFS12= (0..200)
0 0 0 0 0 0 0 0 0 0 0 0 0 0 0 0 0 0 0 0 0 0 0 0 0 0 0 0 0 0 0 0 0 0 0 0
0 0 0 0 0 0 0 0 0 0 0 0 0 0 0 0 0 0 0 0 0 0 0 0 0 0 0 0 0 0 0 0 0 0 0 0
0 0 0 0 0 0 0 0 0 0 0 0 0 0 0 0 0 0 0 0 0 0 0 0 0 0 0 0 0 0 0 0 0 0 0 0
0 0 0 0 0 0 0 0 0 0 0 0 0 0 0 0 0 0 0 0 0 0 0 0 0 0 0 0 0 0 0 0 0 0 0 0
0 0 0 0 0 0 0 0 0 0 0 0 0 0 0 0 0 0 0 0 0 0 0 0 0 0 0 0 0 0 0 0 0 0 0 0
0 0 0 0 0 0 0 0 0 0 0 0 0 0 0 0 0 0 0 0 0
##$SHL_SFCOEFFS13= (0..200)
0 0 0 0 0 0 0 0 0 0 0 0 0 0 0 0 0 0 0 0 0 0 0 0 0 0 0 0 0 0 0 0 0 0 0 0
0 0 0 0 0 0 0 0 0 0 0 0 0 0 0 0 0 0 0 0 0 0 0 0 0 0 0 0 0 0 0 0 0 0 0 0
0 0 0 0 0 0 0 0 0 0 0 0 0 0 0 0 0 0 0 0 0 0 0 0 0 0 0 0 0 0 0 0 0 0 0 0
0 0 0 0 0 0 0 0 0 0 0 0 0 0 0 0 0 0 0 0 0 0 0 0 0 0 0 0 0 0 0 0 0 0 0 0
0 0 0 0 0 0 0 0 0 0 0 0 0 0 0 0 0 0 0 0 0 0 0 0 0 0 0 0 0 0 0 0 0 0 0 0
0 0 0 0 0 0 0 0 0 0 0 0 0 0 0 0 0 0 0 0 0
##$SHL_SFCOEFFS14= (0..200)
0 0 0 0 0 0 0 0 0 0 0 0 0 0 0 0 0 0 0 0 0 0 0 0 0 0 0 0 0 0 0 0 0 0 0 0
0 0 0 0 0 0 0 0 0 0 0 0 0 0 0 0 0 0 0 0 0 0 0 0 0 0 0 0 0 0 0 0 0 0 0 0
0 0 0 0 0 0 0 0 0 0 0 0 0 0 0 0 0 0 0 0 0 0 0 0 0 0 0 0 0 0 0 0 0 0 0 0
0 0 0 0 0 0 0 0 0 0 0 0 0 0 0 0 0 0 0 0 0 0 0 0 0 0 0 0 0 0 0 0 0 0 0 0
0 0 0 0 0 0 0 0 0 0 0 0 0 0 0 0 0 0 0 0 0 0 0 0 0 0 0 0 0 0 0 0 0 0 0 0
0 0 0 0 0 0 0 0 0 0 0 0 0 0 0 0 0 0 0 0 0
##$SHL_SFCOEFFS15= (0..200)
0 0 0 0 0 0 0 0 0 0 0 0 0 0 0 0 0 0 0 0 0 0 0 0 0 0 0 0 0 0 0 0 0 0 0 0
0 0 0 0 0 0 0 0 0 0 0 0 0 0 0 0 0 0 0 0 0 0 0 0 0 0 0 0 0 0 0 0 0 0 0 0
0 0 0 0 0 0 0 0 0 0 0 0 0 0 0 0 0 0 0 0 0 0 0 0 0 0 0 0 0 0 0 0 0 0 0 0
0 0 0 0 0 0 0 0 0 0 0 0 0 0 0 0 0 0 0 0 0 0 0 0 0 0 0 0 0 0 0 0 0 0 0 0
0 0 0 0 0 0 0 0 0 0 0 0 0 0 0 0 0 0 0 0 0 0 0 0 0 0 0 0 0 0 0 0 0 0 0 0
0 0 0 0 0 0 0 0 0 0 0 0 0 0 0 0 0 0 0 0 0
##$SHL_SFCOEFFS2= (0..200)
0 0 0 0 0 0 0 0 0 0 0 0 0 0 0 0 0 0 0 0 0 0 0 0 0 0 0 0 0 0 0 0 0 0 0 0
0 0 0 0 0 0 0 0 0 0 0 0 0 0 0 0 0 0 0 0 0 0 0 0 0 0 0 0 0 0 0 0 0 0 0 0
0 0 0 0 0 0 0 0 0 0 0 0 0 0 0 0 0 0 0 0 0 0 0 0 0 0 0 0 0 0 0 0 0 0 0 0
0 0 0 0 0 0 0 0 0 0 0 0 0 0 0 0 0 0 0 0 0 0 0 0 0 0 0 0 0 0 0 0 0 0 0 0
0 0 0 0 0 0 0 0 0 0 0 0 0 0 0 0 0 0 0 0 0 0 0 0 0 0 0 0 0 0 0 0 0 0 0 0
0 0 0 0 0 0 0 0 0 0 0 0 0 0 0 0 0 0 0 0 0
##$SHL_SFCOEFFS3= (0..200)
0 0 0 0 0 0 0 0 0 0 0 0 0 0 0 0 0 0 0 0 0 0 0 0 0 0 0 0 0 0 0 0 0 0 0 0
0 0 0 0 0 0 0 0 0 0 0 0 0 0 0 0 0 0 0 0 0 0 0 0 0 0 0 0 0 0 0 0 0 0 0 0
0 0 0 0 0 0 0 0 0 0 0 0 0 0 0 0 0 0 0 0 0 0 0 0 0 0 0 0 0 0 0 0 0 0 0 0
0 0 0 0 0 0 0 0 0 0 0 0 0 0 0 0 0 0 0 0 0 0 0 0 0 0 0 0 0 0 0 0 0 0 0 0
0 0 0 0 0 0 0 0 0 0 0 0 0 0 0 0 0 0 0 0 0 0 0 0 0 0 0 0 0 0 0 0 0 0 0 0
0 0 0 0 0 0 0 0 0 0 0 0 0 0 0 0 0 0 0 0 0
##$SHL_SFCOEFFS4= (0..200)
0 0 0 0 0 0 0 0 0 0 0 0 0 0 0 0 0 0 0 0 0 0 0 0 0 0 0 0 0 0 0 0 0 0 0 0
0 0 0 0 0 0 0 0 0 0 0 0 0 0 0 0 0 0 0 0 0 0 0 0 0 0 0 0 0 0 0 0 0 0 0 0
0 0 0 0 0 0 0 0 0 0 0 0 0 0 0 0 0 0 0 0 0 0 0 0 0 0 0 0 0 0 0 0 0 0 0 0
0 0 0 0 0 0 0 0 0 0 0 0 0 0 0 0 0 0 0 0 0 0 0 0 0 0 0 0 0 0 0 0 0 0 0 0
0 0 0 0 0 0 0 0 0 0 0 0 0 0 0 0 0 0 0 0 0 0 0 0 0 0 0 0 0 0 0 0 0 0 0 0
0 0 0 0 0 0 0 0 0 0 0 0 0 0 0 0 0 0 0 0 0
##$SHL_SFCOEFFS5= (0..200)
0 0 0 0 0 0 0 0 0 0 0 0 0 0 0 0 0 0 0 0 0 0 0 0 0 0 0 0 0 0 0 0 0 0 0 0
0 0 0 0 0 0 0 0 0 0 0 0 0 0 0 0 0 0 0 0 0 0 0 0 0 0 0 0 0 0 0 0 0 0 0 0
0 0 0 0 0 0 0 0 0 0 0 0 0 0 0 0 0 0 0 0 0 0 0 0 0 0 0 0 0 0 0 0 0 0 0 0
0 0 0 0 0 0 0 0 0 0 0 0 0 0 0 0 0 0 0 0 0 0 0 0 0 0 0 0 0 0 0 0 0 0 0 0
0 0 0 0 0 0 0 0 0 0 0 0 0 0 0 0 0 0 0 0 0 0 0 0 0 0 0 0 0 0 0 0 0 0 0 0
0 0 0 0 0 0 0 0 0 0 0 0 0 0 0 0 0 0 0 0 0
##$SHL_SFCOEFFS6= (0..200)
0 0 0 0 0 0 0 0 0 0 0 0 0 0 0 0 0 0 0 0 0 0 0 0 0 0 0 0 0 0 0 0 0 0 0 0
0 0 0 0 0 0 0 0 0 0 0 0 0 0 0 0 0 0 0 0 0 0 0 0 0 0 0 0 0 0 0 0 0 0 0 0
0 0 0 0 0 0 0 0 0 0 0 0 0 0 0 0 0 0 0 0 0 0 0 0 0 0 0 0 0 0 0 0 0 0 0 0
0 0 0 0 0 0 0 0 0 0 0 0 0 0 0 0 0 0 0 0 0 0 0 0 0 0 0 0 0 0 0 0 0 0 0 0
0 0 0 0 0 0 0 0 0 0 0 0 0 0 0 0 0 0 0 0 0 0 0 0 0 0 0 0 0 0 0 0 0 0 0 0
0 0 0 0 0 0 0 0 0 0 0 0 0 0 0 0 0 0 0 0 0
##$SHL_SFCOEFFS7= (0..200)
0 0 0 0 0 0 0 0 0 0 0 0 0 0 0 0 0 0 0 0 0 0 0 0 0 0 0 0 0 0 0 0 0 0 0 0
0 0 0 0 0 0 0 0 0 0 0 0 0 0 0 0 0 0 0 0 0 0 0 0 0 0 0 0 0 0 0 0 0 0 0 0
0 0 0 0 0 0 0 0 0 0 0 0 0 0 0 0 0 0 0 0 0 0 0 0 0 0 0 0 0 0 0 0 0 0 0 0
0 0 0 0 0 0 0 0 0 0 0 0 0 0 0 0 0 0 0 0 0 0 0 0 0 0 0 0 0 0 0 0 0 0 0 0
0 0 0 0 0 0 0 0 0 0 0 0 0 0 0 0 0 0 0 0 0 0 0 0 0 0 0 0 0 0 0 0 0 0 0 0
0 0 0 0 0 0 0 0 0 0 0 0 0 0 0 0 0 0 0 0 0
##$SHL_SFCOEFFS8= (0..200)
0 0 0 0 0 0 0 0 0 0 0 0 0 0 0 0 0 0 0 0 0 0 0 0 0 0 0 0 0 0 0 0 0 0 0 0
0 0 0 0 0 0 0 0 0 0 0 0 0 0 0 0 0 0 0 0 0 0 0 0 0 0 0 0 0 0 0 0 0 0 0 0
0 0 0 0 0 0 0 0 0 0 0 0 0 0 0 0 0 0 0 0 0 0 0 0 0 0 0 0 0 0 0 0 0 0 0 0
0 0 0 0 0 0 0 0 0 0 0 0 0 0 0 0 0 0 0 0 0 0 0 0 0 0 0 0 0 0 0 0 0 0 0 0
0 0 0 0 0 0 0 0 0 0 0 0 0 0 0 0 0 0 0 0 0 0 0 0 0 0 0 0 0 0 0 0 0 0 0 0
0 0 0 0 0 0 0 0 0 0 0 0 0 0 0 0 0 0 0 0 0
##$SHL_SFCOEFFS9= (0..200)
0 0 0 0 0 0 0 0 0 0 0 0 0 0 0 0 0 0 0 0 0 0 0 0 0 0 0 0 0 0 0 0 0 0 0 0
0 0 0 0 0 0 0 0 0 0 0 0 0 0 0 0 0 0 0 0 0 0 0 0 0 0 0 0 0 0 0 0 0 0 0 0
0 0 0 0 0 0 0 0 0 0 0 0 0 0 0 0 0 0 0 0 0 0 0 0 0 0 0 0 0 0 0 0 0 0 0 0
0 0 0 0 0 0 0 0 0 0 0 0 0 0 0 0 0 0 0 0 0 0 0 0 0 0 0 0 0 0 0 0 0 0 0 0
0 0 0 0 0 0 0 0 0 0 0 0 0 0 0 0 0 0 0 0 0 0 0 0 0 0 0 0 0 0 0 0 0 0 0 0
0 0 0 0 0 0 0 0 0 0 0 0 0 0 0 0 0 0 0 0 0
##$SHL_SMOOTHED= (0..15)
0 0 0 0 0 0 0 0 0 0 0 0 0 0 0 0
##$SHL_SMOOTHING= (0..15)
0 0 0 0 0 0 0 0 0 0 0 0 0 0 0 0
##$SHL_SPOAL= (0..15)
0 0 0 0 0 0 0 0 0 0 0 0 0 0 0 0
##$SHL_SPOFFS= (0..15)
0 0 0 0 0 0 0 0 0 0 0 0 0 0 0 0
##$SHL_SPOPH= (0..15)
0 0 0 0 0 0 0 0 0 0 0 0 0 0 0 0
##$SHL_STARTAMP= (0..15)
0 0 0 0 0 0 0 0 0 0 0 0 0 0 0 0
##$SHL_SW= (0..15)
0 0 0 0 0 0 0 0 0 0 0 0 0 0 0 0
##$SHL_SWDIR= (0..15)
-1 -1 -1 -1 -1 -1 -1 -1 -1 -1 -1 -1 -1 -1 -1 -1
##$SHL_TANKAPPA= (0..15)
0 0 0 0 0 0 0 0 0 0 0 0 0 0 0 0
##$SHL_TOTROT= (0..15)
90 0 0 0 0 0 0 0 0 0 0 0 0 0 0 0
##$SHL_TRUNCLEV= (0..15)
0 0 0 0 0 0 0 0 0 0 0 0 0 0 0 0
##$SHL_TYPE= (0..15)
<Excitation> <> <> <> <> <> <> <> <> <> <> <> <> <> <> <>
##$SHL_WINDOWSIZE= (0..15)
0 0 0 0 0 0 0 0 0 0 0 0 0 0 0 0
##$SHL_ZETA= (0..15)
0 0 0 0 0 0 0 0 0 0 0 0 0 0 0 0
##NPOINTS= 1250
##XYPOINTS= (XY..XY)
68.307106, 81.932741
68.017660, 83.637957
67.726263, 85.344391
67.432941, 87.052059
67.137723, 88.760975
66.840637, 90.471154
66.541713, 92.182614
66.240978, 93.895369
65.938462, 95.609436
65.634195, 97.324833
65.328204, 99.041575
65.020521, 100.759682
64.711175, 102.479170
64.400196, 104.200058
64.087615, 105.922365
63.773461, 107.646109
63.457765, 109.371309
63.140560, 111.097987
62.821874, 112.826161
62.501741, 114.555852
62.180191, 116.287082
61.857255, 118.019871
61.532967, 119.754242
61.207358, 121.490217
60.880460, 123.227819
60.552306, 124.967070
60.222928, 126.707994
59.892360, 128.450616
59.560635, 130.194960
59.227786, 131.941051
58.893846, 133.688915
58.558849, 135.438578
58.222829, 137.190067
57.885820, 138.943408
57.547858, 140.698629
57.208975, 142.455759
56.869207, 144.214826
56.528588, 145.975860
56.187155, 147.738890
55.844941, 149.503948
55.501984, 151.271064
55.158318, 153.040269
54.813979, 154.811598
54.469004, 156.585081
54.123428, 158.360753
53.777290, 160.138649
53.430624, 161.918802
53.083468, 163.701250
52.735860, 165.486027
52.387837, 167.273171
52.039436, 169.062719
51.690695, 170.854711
51.341652, 172.649184
50.992345, 174.446180
50.642814, 176.245737
50.293095, 178.047899
49.943229, 179.852706
49.593254, 181.660202
49.243210, 183.470431
48.893136, 185.283436
48.543071, 187.099263
48.193056, 188.917958
47.843131, 190.739568
47.493337, 192.564141
47.143713, 194.391724
46.794301, 196.222369
46.445141, 198.056123
46.096276, 199.893040
45.747746, 201.733169
45.399593, 203.576565
45.051859, 205.423281
44.704586, 207.273371
44.357817, 209.126891
44.011595, 210.983896
43.665961, 212.844445
43.320960, 214.708593
42.976635, 216.576402
42.633029, 218.447929
42.290186, 220.323235
41.948150, 222.202382
41.606965, 224.085432
41.266676, 225.972447
40.927328, 227.863491
40.588966, 229.758629
40.251634, 231.657925
39.915379, 233.561445
39.580245, 235.469256
39.246280, 237.381426
38.913529, 239.298022
38.582038, 241.219112
38.251854, 243.144765
37.923024, 245.075052
37.595595, 247.010041
37.269614, 248.949804
36.945129, 250.894410
36.622187, 252.843932
36.300836, 254.798440
35.981125, 256.758006
35.663101, 258.722701
35.346814, 260.692596
35.032311, 262.667764
34.719641, 264.648276
34.408854, 266.634201
34.099998, 268.625612
33.793123, 270.622577
33.488278, 272.625167
33.185512, 274.633449
32.884875, 276.647492
32.586416, 278.667363
32.290186, 280.693126
31.996233, 282.724846
31.704607, 284.762585
31.415359, 286.806405
31.128537, 288.856364
30.844191, 290.912518
30.562371, 292.974924
30.283125, 295.043632
30.006504, 297.118692
29.732555, 299.200150
29.461328, 301.288049
29.192872, 303.382430
28.927234, 305.483326
28.664461, 307.590771
28.404603, 309.704793
28.147705, 311.825413
27.893814, 313.952651
27.642976, 316.086519
27.395236, 318.227025
27.150639, 320.374171
26.909229, 322.527953
26.671048, 324.688360
26.436141, 326.855376
26.204547, 329.028976
25.976307, 331.209129
25.751461, 333.395797
25.530046, 335.588933
25.312100, 337.788482
25.097659, 339.994381
24.886757, 342.206559
24.679427, 344.424934
24.475701, 346.649418
24.275607, 348.879910
24.079175, 351.116303
23.886431, 353.358478
23.697399, 355.606307
23.512102, 357.859652
23.330560, 0.118364
23.152793, 2.382284
22.978815, 4.651245
22.808642, 6.925067
22.642284, 9.203561
22.479751, 11.486528
22.321051, 13.773758
22.166186, 16.065034
22.015159, 18.360126
21.867969, 20.658795
21.724611, 22.960796
21.585079, 25.265871
21.449364, 27.573757
21.317453, 29.884180
21.189331, 32.196861
21.064979, 34.511512
20.944378, 36.827838
20.827502, 39.145541
20.714325, 41.464313
20.604816, 43.783844
20.498943, 46.103818
20.396670, 48.423918
20.297958, 50.743822
20.202765, 53.063204
20.111046, 55.381740
20.022756, 57.699102
19.937843, 60.014964
19.856255, 62.328999
19.777937, 64.640881
19.702831, 66.950288
19.630877, 69.256897
19.562012, 71.560392
19.496172, 73.860458
19.433290, 76.156786
19.373298, 78.449070
19.316124, 80.737012
19.261696, 83.020319
19.209940, 85.298703
19.160780, 87.571887
19.114139, 89.839597
19.069939, 92.101570
19.028100, 94.357548
18.988541, 96.607285
18.951181, 98.850542
18.915937, 101.087087
18.882727, 103.316699
18.851467, 105.539166
18.822073, 107.754286
18.794461, 109.961864
18.768546, 112.161716
18.744244, 114.353666
18.721470, 116.537548
18.700140, 118.713204
18.680169, 120.880487
18.661476, 123.039257
18.643975, 125.189383
18.627585, 127.330742
18.612223, 129.463219
18.597808, 131.586709
18.584260, 133.701111
18.571498, 135.806334
18.559445, 137.902294
18.548023, 139.988911
18.537155, 142.066116
18.526766, 144.133842
18.516782, 146.192029
18.507129, 148.240624
18.497737, 150.279577
18.488534, 152.308843
18.479453, 154.328383
18.470426, 156.338161
18.461386, 158.338144
18.452269, 160.328303
18.443013, 162.308613
18.433556, 164.279051
18.423838, 166.239597
18.413802, 168.190231
18.403390, 170.130937
18.392548, 172.061700
18.381222, 173.982507
18.369361, 175.893344
18.356916, 177.794199
18.343837, 179.685060
18.330079, 181.565915
18.315596, 183.436752
18.300347, 185.297559
18.284288, 187.148323
18.267382, 188.989030
18.249590, 190.819665
18.230876, 192.640212
18.211206, 194.450652
18.190548, 196.250966
18.168870, 198.041133
18.146145, 199.821129
18.122344, 201.590927
18.097443, 203.350499
18.071418, 205.099814
18.044248, 206.838837
18.015913, 208.567531
17.986394, 210.285856
17.955675, 211.993768
17.923744, 213.691219
17.890586, 215.378158
17.856191, 217.054530
17.820552, 218.720277
17.783661, 220.375336
17.745514, 222.019640
17.706108, 223.653116
17.665442, 225.275690
17.623518, 226.887281
17.580339, 228.487804
17.535910, 230.077169
17.490239, 231.655281
17.443335, 233.222042
17.395211, 234.777346
17.345880, 236.321084
17.295358, 237.853141
17.243665, 239.373398
17.190820, 240.881730
17.136846, 242.378007
17.081770, 243.862093
17.025619, 245.333848
16.968424, 246.793126
16.910218, 248.239777
16.851035, 249.673646
16.790915, 251.094571
16.729898, 252.502387
16.668028, 253.896924
16.605351, 255.278008
16.541917, 256.645459
16.477777, 257.999096
16.412988, 259.338731
16.347607, 260.664175
16.281695, 261.975235
16.215318, 263.271715
16.148544, 264.553417
16.081442, 265.820142
16.014089, 267.071690
15.946562, 268.307859
15.878942, 269.528449
15.811314, 270.733261
15.743767, 271.922098
15.676394, 273.094764
15.609290, 274.251070
15.542554, 275.390829
15.476291, 276.513864
15.410608, 277.620001
15.345615, 278.709078
15.281428, 279.780944
15.218164, 280.835456
15.155947, 281.872490
15.094902, 282.891933
15.035159, 283.893691
14.976851, 284.877690
14.920116, 285.843874
14.865093, 286.792214
14.811926, 287.722704
14.760761, 288.635365
14.711749, 289.530248
14.665042, 290.407436
14.620793, 291.267045
14.579161, 292.109227
14.540304, 292.934173
14.504383, 293.742111
14.471561, 294.533312
14.441999, 295.308090
14.415861, 296.066802
14.393311, 296.809853
14.374512, 297.537691
14.359627, 298.250814
14.348816, 298.949765
14.342240, 299.635135
14.340054, 300.307561
14.342414, 300.967727
14.349469, 301.616359
14.361368, 302.254229
14.378251, 302.882146
14.400257, 303.500960
14.427519, 304.111552
14.460160, 304.714838
14.498303, 305.311760
14.542058, 305.903284
14.591532, 306.490394
14.646822, 307.074089
14.708019, 307.655380
14.775204, 308.235279
14.848450, 308.814800
14.927824, 309.394951
15.013380, 309.976729
15.105166, 310.561118
15.203221, 311.149080
15.307576, 311.741554
15.418250, 312.339451
15.535259, 312.943649
15.658606, 313.554991
15.788288, 314.174281
15.924295, 314.802283
16.066608, 315.439717
16.215202, 316.087258
16.370043, 316.745535
16.531095, 317.415127
16.698312, 318.096570
16.871645, 318.790349
17.051037, 319.496901
17.236428, 320.216618
17.427755, 320.949843
17.624949, 321.696877
17.827938, 322.457974
18.036646, 323.233349
18.250995, 324.023175
18.470906, 324.827586
18.696295, 325.646680
18.927077, 326.480521
19.163167, 327.329139
19.404478, 328.192536
19.650921, 329.070684
19.902407, 329.963530
20.158847, 330.870995
20.420152, 331.792981
20.686231, 332.729369
20.956994, 333.680020
21.232353, 334.644781
21.512219, 335.623483
21.796502, 336.615945
22.085114, 337.621975
22.377969, 338.641370
22.674981, 339.673920
22.976062, 340.719405
23.281130, 341.777603
23.590099, 342.848284
23.902889, 343.931214
24.219416, 345.026159
24.539601, 346.132880
24.863364, 347.251139
25.190628, 348.380694
25.521314, 349.521307
25.855348, 350.672738
26.192654, 351.834750
26.533158, 353.007106
26.876790, 354.189571
27.223476, 355.381915
27.573146, 356.583907
27.925732, 357.795321
28.281166, 359.015935
28.639380, 0.245529
29.000308, 1.483888
29.363886, 2.730798
29.730049, 3.986053
30.098735, 5.249448
30.469881, 6.520782
30.843425, 7.799861
31.219309, 9.086491
31.597472, 10.380487
31.977856, 11.681663
32.360403, 12.989842
32.745056, 14.304847
33.131759, 15.626509
33.520456, 16.954660
33.911094, 18.289138
34.303617, 19.629784
34.697973, 20.976444
35.094109, 22.328967
35.491972, 23.687205
35.891512, 25.051017
36.292678, 26.420262
36.695419, 27.794805
37.099686, 29.174513
37.505430, 30.559259
37.912602, 31.948917
38.321153, 33.343364
38.731037, 34.742483
39.142207, 36.146158
39.554615, 37.554276
39.968215, 38.966729
40.382962, 40.383410
40.798809, 41.804215
41.215714, 43.229045
41.633629, 44.657800
42.052512, 46.090386
42.472319, 47.526711
42.893005, 48.966684
43.314529, 50.410217
43.736846, 51.857225
44.159915, 53.307625
44.583693, 54.761337
45.008138, 56.218282
45.433210, 57.678383
45.858865, 59.141567
46.285064, 60.607760
46.711766, 62.076893
47.138930, 63.548896
47.566516, 65.023704
47.994484, 66.501252
48.422793, 67.981475
48.851406, 69.464313
49.280282, 70.949707
49.709382, 72.437597
50.138667, 73.927927
50.568099, 75.420642
50.997640, 76.915688
51.427251, 78.413012
51.856893, 79.912565
52.286530, 81.414295
52.716124, 82.918156
53.145637, 84.424098
53.575033, 85.932078
54.004273, 87.442049
54.433321, 88.953969
54.862141, 90.467795
55.290695, 91.983486
55.718949, 93.501000
56.146864, 95.020300
56.574406, 96.541346
57.001539, 98.064102
57.428227, 99.588530
57.854433, 101.114596
58.280125, 102.642264
58.705264, 104.171501
59.129818, 105.702274
59.553751, 107.234551
59.977028, 108.768300
60.399616, 110.303491
60.821478, 111.840093
61.242582, 113.378079
61.662893, 114.917419
62.082377, 116.458085
62.501000, 118.000051
62.918730, 119.543290
63.335532, 121.087776
63.751373, 122.633484
64.166220, 124.180389
64.580039, 125.728467
64.992799, 127.277695
65.404467, 128.828050
65.815009, 130.379508
66.224394, 131.932050
66.632590, 133.485652
67.039563, 135.040294
67.445283, 136.595956
67.849717, 138.152617
68.252835, 139.710258
68.654604, 141.268860
69.054993, 142.828404
69.453971, 144.388872
69.851507, 145.950246
70.247571, 147.512508
70.642131, 149.075641
71.035157, 150.639630
71.426620, 152.204456
71.816487, 153.770105
72.204731, 155.336560
72.591320, 156.903806
72.976225, 158.471828
73.359417, 160.040612
73.740866, 161.610143
74.120543, 163.180407
74.498419, 164.751390
74.874465, 166.323078
75.248652, 167.895459
75.620953, 169.468519
75.991338, 171.042245
76.359780, 172.616626
76.726250, 174.191649
77.090720, 175.767302
77.453164, 177.343573
77.813553, 178.920451
78.171860, 180.497924
78.528059, 182.075982
78.882122, 183.654613
79.234022, 185.233808
79.583734, 186.813555
79.931229, 188.393845
80.276484, 189.974667
80.619471, 191.556011
80.960164, 193.137869
81.298538, 194.720229
81.634568, 196.303084
81.968228, 197.886425
82.299494, 199.470241
82.628340, 201.054524
82.954742, 202.639267
83.278675, 204.224459
83.600116, 205.810093
83.919039, 207.396161
84.235422, 208.982655
84.549241, 210.569567
84.860471, 212.156889
85.169091, 213.744613
85.475076, 215.332732
85.778404, 216.921239
86.079053, 218.510126
86.377000, 220.099387
86.672223, 221.689014
86.964699, 223.279001
87.254408, 224.869340
87.541328, 226.460025
87.825436, 228.051050
88.106713, 229.642408
88.385137, 231.234093
88.660687, 232.826098
88.933344, 234.418418
89.203086, 236.011046
89.469894, 237.603977
89.733748, 239.197204
89.994629, 240.790723
90.252517, 242.384526
90.507393, 243.978609
90.759238, 245.572966
91.008033, 247.167592
91.253761, 248.762481
91.496402, 250.357629
91.735940, 251.953029
91.972355, 253.548677
92.205632, 255.144567
92.435752, 256.740696
92.662698, 258.337057
92.886454, 259.933647
93.107004, 261.530459
93.324330, 263.127490
93.538417, 264.724735
93.749249, 266.322189
93.956811, 267.919848
94.161087, 269.517707
94.362062, 271.115762
94.559721, 272.714009
94.754050, 274.312443
94.945034, 275.911059
95.132659, 277.509854
95.316913, 279.108824
95.497779, 280.707964
95.675247, 282.307271
95.849302, 283.906740
96.019932, 285.506367
96.187123, 287.106148
96.350865, 288.706080
96.511144, 290.306159
96.667949, 291.906380
96.821269, 293.506740
96.971092, 295.107236
97.117407, 296.707863
97.260203, 298.308618
97.399470, 299.909498
97.535197, 301.510498
97.667375, 303.111615
97.795994, 304.712845
97.921045, 306.314186
98.042517, 307.915633
98.160403, 309.517183
98.274694, 311.118832
98.385380, 312.720578
98.492455, 314.322417
98.595910, 315.924345
98.695738, 317.526359
98.791931, 319.128456
98.884482, 320.730632
98.973385, 322.332885
99.058632, 323.935211
99.140218, 325.537606
99.218137, 327.140068
99.292383, 328.742593
99.362950, 330.345178
99.429833, 331.947820
99.493028, 333.550516
99.552529, 335.153263
99.608333, 336.756057
99.660435, 338.358895
99.708831, 339.961775
99.753519, 341.564693
99.794494, 343.167646
99.831753, 344.770631
99.865294, 346.373645
99.895115, 347.976685
99.921213, 349.579747
99.943586, 351.182830
99.962233, 352.785929
99.977152, 354.389042
99.988343, 355.992165
99.995803, 357.595296
99.999534, 359.198431
99.999534, 0.801569
99.995803, 2.404704
99.988343, 4.007835
99.977152, 5.610958
99.962233, 7.214071
99.943586, 8.817170
99.921213, 10.420253
99.895115, 12.023315
99.865294, 13.626355
99.831753, 15.229369
99.794494, 16.832354
99.753519, 18.435307
99.708831, 20.038225
99.660435, 21.641105
99.608333, 23.243943
99.552529, 24.846737
99.493028, 26.449484
99.429833, 28.052180
99.362950, 29.654822
99.292383, 31.257407
99.218137, 32.859932
99.140218, 34.462394
99.058632, 36.064789
98.973385, 37.667115
98.884482, 39.269368
98.791931, 40.871544
98.695738, 42.473641
98.595910, 44.075655
98.492455, 45.677583
98.385380, 47.279422
98.274694, 48.881168
98.160403, 50.482817
98.042517, 52.084367
97.921045, 53.685814
97.795994, 55.287155
97.667375, 56.888385
97.535197, 58.489502
97.399470, 60.090502
97.260203, 61.691382
97.117407, 63.292137
96.971092, 64.892764
96.821269, 66.493260
96.667949, 68.093620
96.511144, 69.693841
96.350865, 71.293920
96.187123, 72.893852
96.019932, 74.493633
95.849302, 76.093260
95.675247, 77.692729
95.497779, 79.292036
95.316913, 80.891176
95.132659, 82.490146
94.945034, 84.088941
94.754050, 85.687557
94.559721, 87.285991
94.362062, 88.884238
94.161087, 90.482293
93.956811, 92.080152
93.749249, 93.677811
93.538417, 95.275265
93.324330, 96.872510
93.107004, 98.469541
92.886454, 100.066353
92.662698, 101.662943
92.435752, 103.259304
92.205632, 104.855433
91.972355, 106.451323
91.735940, 108.046971
91.496402, 109.642371
91.253761, 111.237519
91.008033, 112.832408
90.759238, 114.427034
90.507393, 116.021391
90.252517, 117.615474
89.994629, 119.209277
89.733748, 120.802796
89.469894, 122.396023
89.203086, 123.988954
88.933344, 125.581582
88.660687, 127.173902
88.385137, 128.765907
88.106713, 130.357592
87.825436, 131.948950
87.541328, 133.539975
87.254408, 135.130660
86.964699, 136.720999
86.672223, 138.310986
86.377000, 139.900613
86.079053, 141.489874
85.778404, 143.078761
85.475076, 144.667268
85.169091, 146.255387
84.860471, 147.843111
84.549241, 149.430433
84.235422, 151.017345
83.919039, 152.603839
83.600116, 154.189907
83.278675, 155.775541
82.954742, 157.360733
82.628340, 158.945476
82.299494, 160.529759
81.968228, 162.113575
81.634568, 163.696916
81.298538, 165.279771
80.960164, 166.862131
80.619471, 168.443989
80.276484, 170.025333
79.931229, 171.606155
79.583734, 173.186445
79.234022, 174.766192
78.882122, 176.345387
78.528059, 177.924018
78.171860, 179.502076
77.813553, 181.079549
77.453164, 182.656427
77.090720, 184.232698
76.726250, 185.808351
76.359780, 187.383374
75.991338, 188.957755
75.620953, 190.531481
75.248652, 192.104541
74.874465, 193.676922
74.498419, 195.248610
74.120543, 196.819593
73.740866, 198.389857
73.359417, 199.959388
72.976225, 201.528172
72.591320, 203.096194
72.204731, 204.663440
71.816487, 206.229895
71.426620, 207.795544
71.035157, 209.360370
70.642131, 210.924359
70.247571, 212.487492
69.851507, 214.049754
69.453971, 215.611128
69.054993, 217.171596
68.654604, 218.731140
68.252835, 220.289742
67.849717, 221.847383
67.445283, 223.404044
67.039563, 224.959706
66.632590, 226.514348
66.224394, 228.067950
65.815009, 229.620492
65.404467, 231.171950
64.992799, 232.722305
64.580039, 234.271533
64.166220, 235.819611
63.751373, 237.366516
63.335532, 238.912224
62.918730, 240.456710
62.501000, 241.999949
62.082377, 243.541915
61.662893, 245.082581
61.242582, 246.621921
60.821478, 248.159907
60.399616, 249.696509
59.977028, 251.231700
59.553751, 252.765449
59.129818, 254.297726
58.705264, 255.828499
58.280125, 257.357736
57.854433, 258.885404
57.428227, 260.411470
57.001539, 261.935898
56.574406, 263.458654
56.146864, 264.979700
55.718949, 266.499000
55.290695, 268.016514
54.862141, 269.532205
54.433321, 271.046031
54.004273, 272.557951
53.575033, 274.067922
53.145637, 275.575902
52.716124, 277.081844
52.286530, 278.585705
51.856893, 280.087435
51.427251, 281.586988
50.997640, 283.084312
50.568099, 284.579358
50.138667, 286.072073
49.709382, 287.562403
49.280282, 289.050293
48.851406, 290.535687
48.422793, 292.018525
47.994484, 293.498748
47.566516, 294.976296
47.138930, 296.451104
46.711766, 297.923107
46.285064, 299.392240
45.858865, 300.858433
45.433210, 302.321617
45.008138, 303.781718
44.583693, 305.238663
44.159915, 306.692375
43.736846, 308.142775
43.314529, 309.589783
42.893005, 311.033316
42.472319, 312.473289
42.052512, 313.909614
41.633629, 315.342200
41.215714, 316.770955
40.798809, 318.195785
40.382962, 319.616590
39.968215, 321.033271
39.554615, 322.445724
39.142207, 323.853842
38.731037, 325.257517
38.321153, 326.656636
37.912602, 328.051083
37.505430, 329.440741
37.099686, 330.825487
36.695419, 332.205195
36.292678, 333.579738
35.891512, 334.948983
35.491972, 336.312795
35.094109, 337.671033
34.697973, 339.023556
34.303617, 340.370216
33.911094, 341.710862
33.520456, 343.045340
33.131759, 344.373491
32.745056, 345.695153
32.360403, 347.010158
31.977856, 348.318337
31.597472, 349.619513
31.219309, 350.913509
30.843425, 352.200139
30.469881, 353.479218
30.098735, 354.750552
29.730049, 356.013947
29.363886, 357.269202
29.000308, 358.516112
28.639380, 359.754471
28.281166, 0.984065
27.925732, 2.204679
27.573146, 3.416093
27.223476, 4.618085
26.876790, 5.810429
26.533158, 6.992894
26.192654, 8.165250
25.855348, 9.327262
25.521314, 10.478693
25.190628, 11.619306
24.863364, 12.748861
24.539601, 13.867120
24.219416, 14.973841
23.902889, 16.068786
23.590099, 17.151716
23.281130, 18.222397
22.976062, 19.280595
22.674981, 20.326080
22.377969, 21.358630
22.085114, 22.378025
21.796502, 23.384055
21.512219, 24.376517
21.232353, 25.355219
20.956994, 26.319980
20.686231, 27.270631
20.420152, 28.207019
20.158847, 29.129005
19.902407, 30.036470
19.650921, 30.929316
19.404478, 31.807464
19.163167, 32.670861
18.927077, 33.519479
18.696295, 34.353320
18.470906, 35.172414
18.250995, 35.976825
18.036646, 36.766651
17.827938, 37.542026
17.624949, 38.303123
17.427755, 39.050157
17.236428, 39.783382
17.051037, 40.503099
16.871645, 41.209651
16.698312, 41.903430
16.531095, 42.584873
16.370043, 43.254465
16.215202, 43.912742
16.066608, 44.560283
15.924295, 45.197717
15.788288, 45.825719
15.658606, 46.445009
15.535259, 47.056351
15.418250, 47.660549
15.307576, 48.258446
15.203221, 48.850920
15.105166, 49.438882
15.013380, 50.023271
14.927824, 50.605049
14.848450, 51.185200
14.775204, 51.764721
14.708019, 52.344620
14.646822, 52.925911
14.591532, 53.509606
14.542058, 54.096716
14.498303, 54.688240
14.460160, 55.285162
14.427519, 55.888448
14.400257, 56.499040
14.378251, 57.117854
14.361368, 57.745771
14.349469, 58.383641
14.342414, 59.032273
14.340054, 59.692439
14.342240, 60.364865
14.348816, 61.050235
14.359627, 61.749186
14.374512, 62.462309
14.393311, 63.190147
14.415861, 63.933198
14.441999, 64.691910
14.471561, 65.466688
14.504383, 66.257889
14.540304, 67.065827
14.579161, 67.890773
14.620793, 68.732955
14.665042, 69.592564
14.711749, 70.469752
14.760761, 71.364635
14.811926, 72.277296
14.865093, 73.207786
14.920116, 74.156126
14.976851, 75.122310
15.035159, 76.106309
15.094902, 77.108067
15.155947, 78.127510
15.218164, 79.164544
15.281428, 80.219056
15.345615, 81.290922
15.410608, 82.379999
15.476291, 83.486136
15.542554, 84.609171
15.609290, 85.748930
15.676394, 86.905236
15.743767, 88.077902
15.811314, 89.266739
15.878942, 90.471551
15.946562, 91.692141
16.014089, 92.928310
16.081442, 94.179858
16.148544, 95.446583
16.215318, 96.728285
16.281695, 98.024765
16.347607, 99.335825
16.412988, 100.661269
16.477777, 102.000904
16.541917, 103.354541
16.605351, 104.721992
16.668028, 106.103076
16.729898, 107.497613
16.790915, 108.905429
16.851035, 110.326354
16.910218, 111.760223
16.968424, 113.206874
17.025619, 114.666152
17.081770, 116.137907
17.136846, 117.621993
17.190820, 119.118270
17.243665, 120.626602
17.295358, 122.146859
17.345880, 123.678916
17.395211, 125.222654
17.443335, 126.777958
17.490239, 128.344719
17.535910, 129.922831
17.580339, 131.512196
17.623518, 133.112719
17.665442, 134.724310
17.706108, 136.346884
17.745514, 137.980360
17.783661, 139.624664
17.820552, 141.279723
17.856191, 142.945470
17.890586, 144.621842
17.923744, 146.308781
17.955675, 148.006232
17.986394, 149.714144
18.015913, 151.432469
18.044248, 153.161163
18.071418, 154.900186
18.097443, 156.649501
18.122344, 158.409073
18.146145, 160.178871
18.168870, 161.958867
18.190548, 163.749034
18.211206, 165.549348
18.230876, 167.359788
18.249590, 169.180335
18.267382, 171.010970
18.284288, 172.851677
18.300347, 174.702441
18.315596, 176.563248
18.330079, 178.434085
18.343837, 180.314940
18.356916, 182.205801
18.369361, 184.106656
18.381222, 186.017493
18.392548, 187.938300
18.403390, 189.869063
18.413802, 191.809769
18.423838, 193.760403
18.433556, 195.720949
18.443013, 197.691387
18.452269, 199.671697
18.461386, 201.661856
18.470426, 203.661839
18.479453, 205.671617
18.488534, 207.691157
18.497737, 209.720423
18.507129, 211.759376
18.516782, 213.807971
18.526766, 215.866158
18.537155, 217.933884
18.548023, 220.011089
18.559445, 222.097706
18.571498, 224.193666
18.584260, 226.298889
18.597808, 228.413291
18.612223, 230.536781
18.627585, 232.669258
18.643975, 234.810617
18.661476, 236.960743
18.680169, 239.119513
18.700140, 241.286796
18.721470, 243.462452
18.744244, 245.646334
18.768546, 247.838284
18.794461, 250.038136
18.822073, 252.245714
18.851467, 254.460834
18.882727, 256.683301
18.915937, 258.912913
18.951181, 261.149458
18.988541, 263.392715
19.028100, 265.642452
19.069939, 267.898430
19.114139, 270.160403
19.160780, 272.428113
19.209940, 274.701297
19.261696, 276.979681
19.316124, 279.262988
19.373298, 281.550930
19.433290, 283.843214
19.496172, 286.139542
19.562012, 288.439608
19.630877, 290.743103
19.702831, 293.049712
19.777937, 295.359119
19.856255, 297.671001
19.937843, 299.985036
20.022756, 302.300898
20.111046, 304.618260
20.202765, 306.936796
20.297958, 309.256178
20.396670, 311.576082
20.498943, 313.896182
20.604816, 316.216156
20.714325, 318.535687
20.827502, 320.854459
20.944378, 323.172162
21.064979, 325.488488
21.189331, 327.803139
21.317453, 330.115820
21.449364, 332.426243
21.585079, 334.734129
21.724611, 337.039204
21.867969, 339.341205
22.015159, 341.639874
22.166186, 343.934966
22.321051, 346.226242
22.479751, 348.513472
22.642284, 350.796439
22.808642, 353.074933
22.978815, 355.348755
23.152793, 357.617716
23.330560, 359.881636
23.512102, 2.140348
23.697399, 4.393693
23.886431, 6.641522
24.079175, 8.883697
24.275607, 11.120090
24.475701, 13.350582
24.679427, 15.575066
24.886757, 17.793441
25.097659, 20.005619
25.312100, 22.211518
25.530046, 24.411067
25.751461, 26.604203
25.976307, 28.790871
26.204547, 30.971024
26.436141, 33.144624
26.671048, 35.311640
26.909229, 37.472047
27.150639, 39.625829
27.395236, 41.772975
27.642976, 43.913481
27.893814, 46.047349
28.147705, 48.174587
28.404603, 50.295207
28.664461, 52.409229
28.927234, 54.516674
29.192872, 56.617570
29.461328, 58.711951
29.732555, 60.799850
30.006504, 62.881308
30.283125, 64.956368
30.562371, 67.025076
30.844191, 69.087482
31.128537, 71.143636
31.415359, 73.193595
31.704607, 75.237415
31.996233, 77.275154
32.290186, 79.306874
32.586416, 81.332637
32.884875, 83.352508
33.185512, 85.366551
33.488278, 87.374833
33.793123, 89.377423
34.099998, 91.374388
34.408854, 93.365799
34.719641, 95.351724
35.032311, 97.332236
35.346814, 99.307404
35.663101, 101.277299
35.981125, 103.241994
36.300836, 105.201560
36.622187, 107.156068
36.945129, 109.105590
37.269614, 111.050196
37.595595, 112.989959
37.923024, 114.924948
38.251854, 116.855235
38.582038, 118.780888
38.913529, 120.701978
39.246280, 122.618574
39.580245, 124.530744
39.915379, 126.438555
40.251634, 128.342075
40.588966, 130.241371
40.927328, 132.136509
41.266676, 134.027553
41.606965, 135.914568
41.948150, 137.797618
42.290186, 139.676765
42.633029, 141.552071
42.976635, 143.423598
43.320960, 145.291407
43.665961, 147.155555
44.011595, 149.016104
44.357817, 150.873109
44.704586, 152.726629
45.051859, 154.576719
45.399593, 156.423435
45.747746, 158.266831
46.096276, 160.106960
46.445141, 161.943877
46.794301, 163.777631
47.143713, 165.608276
47.493337, 167.435859
47.843131, 169.260432
48.193056, 171.082042
48.543071, 172.900737
48.893136, 174.716564
49.243210, 176.529569
49.593254, 178.339798
49.943229, 180.147294
50.293095, 181.952101
50.642814, 183.754263
50.992345, 185.553820
51.341652, 187.350816
51.690695, 189.145289
52.039436, 190.937281
52.387837, 192.726829
52.735860, 194.513973
53.083468, 196.298750
53.430624, 198.081198
53.777290, 199.861351
54.123428, 201.639247
54.469004, 203.414919
54.813979, 205.188402
55.158318, 206.959731
55.501984, 208.728936
55.844941, 210.496052
56.187155, 212.261110
56.528588, 214.024140
56.869207, 215.785174
57.208975, 217.544241
57.547858, 219.301371
57.885820, 221.056592
58.222829, 222.809933
58.558849, 224.561422
58.893846, 226.311085
59.227786, 228.058949
59.560635, 229.805040
59.892360, 231.549384
60.222928, 233.292006
60.552306, 235.032930
60.880460, 236.772181
61.207358, 238.509783
61.532967, 240.245758
61.857255, 241.980129
62.180191, 243.712918
62.501741, 245.444148
62.821874, 247.173839
63.140560, 248.902013
63.457765, 250.628691
63.773461, 252.353891
64.087615, 254.077635
64.400196, 255.799942
64.711175, 257.520830
65.020521, 259.240318
65.328204, 260.958425
65.634195, 262.675167
65.938462, 264.390564
66.240978, 266.104631
66.541713, 267.817386
66.840637, 269.528846
67.137723, 271.239025
67.432941, 272.947941
67.726263, 274.655609
68.017660, 276.362043
68.307106, 278.067259
##END=
