##TITLE= Parameter file, TopSpin 4.3.0
##JCAMPDX= 5.0
##DATATYPE= Parameter Values
##ORIGIN= Bruker BioSpin GmbH
##OWNER= nmrsu
$$ 2024-04-30 22:00:28.044 +0100  nmrsu@4CE1161FJM
$$ C:/Bruker/TopSpin4.3.0/exp/stan/nmr/lists/wave/user/multisupp_aux_d8
$$ process C:\Bruker\TopSpin4.3.0\prog\mod\xwinshape.exe
##MINX= 0.47070700
##MAXX= 99.99938900
##MINY= 0.11405300
##MAXY= 359.88594700
##$SHAPE_ADDPHASE= 0
##$SHAPE_AMP= 99.99938936
##$SHAPE_BWFAC= 0
##$SHAPE_BWFAC50= 0
##$SHAPE_CALCBW= yes
##$SHAPE_CALCINTEG= yes
##$SHAPE_EXMODE= <Excitation>
##$SHAPE_EXPAND= <>
##$SHAPE_EXPANDCF= (0..143)
0 0 0 0 0 0 0 0 0 0 0 0 0 0 0 0 0 0 0 0 0 0 0 0 0 0 0 0 0 0 0 0 0 0 0 0
0 0 0 0 0 0 0 0 0 0 0 0 0 0 0 0 0 0 0 0 0 0 0 0 0 0 0 0 0 0 0 0 0 0 0 0
0 0 0 0 0 0 0 0 0 0 0 0 0 0 0 0 0 0 0 0 0 0 0 0 0 0 0 0 0 0 0 0 0 0 0 0
0 0 0 0 0 0 0 0 0 0 0 0 0 0 0 0 0 0 0 0 0 0 0 0 0 0 0 0 0 0 0 0 0 0 0 0
##$SHAPE_EXPFAC= 0
##$SHAPE_FRACEND= 0
##$SHAPE_FRACORG= 0
##$SHAPE_FRACSTART= 0
##$SHAPE_INTEGFAC= 0
##$SHAPE_KEEPRES= yes
##$SHAPE_LENGTH= 25000.000373
##$SHAPE_MAN= <M>
##$SHAPE_MODE= 3
##$SHAPE_MODFREQ= 0
##$SHAPE_MODPHASE= 0
##$SHAPE_MODSCALE= 0
##$SHAPE_MODSW= 0
##$SHAPE_MODSWDIR= -1
##$SHAPE_NPOINTS= 1250
##$SHAPE_OFFS= <1 3>
##$SHAPE_OFFSCOEFF= (0..95)
-160.56865 0 100 -228.23498 0 100 -296.80703 0 100 0 0 0 0 0 0 0 0 0 0
0 0 0 0 0 0 0 0 0 0 0 0 0 0 0 0 0 0 0 0 0 0 0 0 0 0 0 0 0 0 0 0 0 0 0 0
0 0 0 0 0 0 0 0 0 0 0 0 0 0 0 0 0 0 0 0 0 0 0 0 0 0 0 0 0 0 0 0 0 0 0 0
0 0 0 0 0
##$SHAPE_PARAMETER= <>
##$SHAPE_REPHFAC= 0
##$SHAPE_RES= 0
##$SHAPE_SCALEFAC= 1.00000611
##$SHAPE_SCALETYPE= 0
##$SHAPE_SPOAL= 0
##$SHAPE_SPOFFS= 0
##$SHAPE_SPOPH= 0
##$SHAPE_TOTROT= 90
##$SHAPE_TYPE= <Excitation>
##$SHAPE_USER_DEF= <>
##$SHAPE_VERSION= 2.1
##$SHL_ADDPHASE= (0..15)
0 0 0 0 0 0 0 0 0 0 0 0 0 0 0 0
##$SHL_ALIGNOFFSET= (0..15)
0 0 0 0 0 0 0 0 0 0 0 0 0 0 0 0
##$SHL_AMP= (0..15)
100 0 0 0 0 0 0 0 0 0 0 0 0 0 0 0
##$SHL_AMPFAC= (0..15)
0 0 0 0 0 0 0 0 0 0 0 0 0 0 0 0
##$SHL_BETA= (0..15)
0 0 0 0 0 0 0 0 0 0 0 0 0 0 0 0
##$SHL_BWFAC= (0..15)
1.116 0 0 0 0 0 0 0 0 0 0 0 0 0 0 0
##$SHL_CALCBW= (0..15)
yes yes yes yes yes yes yes yes yes yes yes yes yes yes yes yes
##$SHL_CALCINTEG= (0..15)
yes yes yes yes yes yes yes yes yes yes yes yes yes yes yes yes
##$SHL_CENTERAMP= (0..15)
0 0 0 0 0 0 0 0 0 0 0 0 0 0 0 0
##$SHL_CYCNUM= (0..15)
0 0 0 0 0 0 0 0 0 0 0 0 0 0 0 0
##$SHL_DIPOLCPL= (0..15)
0 0 0 0 0 0 0 0 0 0 0 0 0 0 0 0
##$SHL_ENDAMP= (0..15)
0 0 0 0 0 0 0 0 0 0 0 0 0 0 0 0
##$SHL_EXMODE= (0..15)
<Excitation> <> <> <> <> <> <> <> <> <> <> <> <> <> <> <>
##$SHL_EXPAND= (0..15)
<> <> <> <> <> <> <> <> <> <> <> <> <> <> <> <>
##$SHL_EXPANDCF0= (0..143)
0 0 0 0 0 0 0 0 0 0 0 0 0 0 0 0 0 0 0 0 0 0 0 0 0 0 0 0 0 0 0 0 0 0 0 0
0 0 0 0 0 0 0 0 0 0 0 0 0 0 0 0 0 0 0 0 0 0 0 0 0 0 0 0 0 0 0 0 0 0 0 0
0 0 0 0 0 0 0 0 0 0 0 0 0 0 0 0 0 0 0 0 0 0 0 0 0 0 0 0 0 0 0 0 0 0 0 0
0 0 0 0 0 0 0 0 0 0 0 0 0 0 0 0 0 0 0 0 0 0 0 0 0 0 0 0 0 0 0 0 0 0 0 0
##$SHL_EXPANDCF1= (0..143)
0 0 0 0 0 0 0 0 0 0 0 0 0 0 0 0 0 0 0 0 0 0 0 0 0 0 0 0 0 0 0 0 0 0 0 0
0 0 0 0 0 0 0 0 0 0 0 0 0 0 0 0 0 0 0 0 0 0 0 0 0 0 0 0 0 0 0 0 0 0 0 0
0 0 0 0 0 0 0 0 0 0 0 0 0 0 0 0 0 0 0 0 0 0 0 0 0 0 0 0 0 0 0 0 0 0 0 0
0 0 0 0 0 0 0 0 0 0 0 0 0 0 0 0 0 0 0 0 0 0 0 0 0 0 0 0 0 0 0 0 0 0 0 0
##$SHL_EXPANDCF10= (0..143)
0 0 0 0 0 0 0 0 0 0 0 0 0 0 0 0 0 0 0 0 0 0 0 0 0 0 0 0 0 0 0 0 0 0 0 0
0 0 0 0 0 0 0 0 0 0 0 0 0 0 0 0 0 0 0 0 0 0 0 0 0 0 0 0 0 0 0 0 0 0 0 0
0 0 0 0 0 0 0 0 0 0 0 0 0 0 0 0 0 0 0 0 0 0 0 0 0 0 0 0 0 0 0 0 0 0 0 0
0 0 0 0 0 0 0 0 0 0 0 0 0 0 0 0 0 0 0 0 0 0 0 0 0 0 0 0 0 0 0 0 0 0 0 0
##$SHL_EXPANDCF11= (0..143)
0 0 0 0 0 0 0 0 0 0 0 0 0 0 0 0 0 0 0 0 0 0 0 0 0 0 0 0 0 0 0 0 0 0 0 0
0 0 0 0 0 0 0 0 0 0 0 0 0 0 0 0 0 0 0 0 0 0 0 0 0 0 0 0 0 0 0 0 0 0 0 0
0 0 0 0 0 0 0 0 0 0 0 0 0 0 0 0 0 0 0 0 0 0 0 0 0 0 0 0 0 0 0 0 0 0 0 0
0 0 0 0 0 0 0 0 0 0 0 0 0 0 0 0 0 0 0 0 0 0 0 0 0 0 0 0 0 0 0 0 0 0 0 0
##$SHL_EXPANDCF12= (0..143)
0 0 0 0 0 0 0 0 0 0 0 0 0 0 0 0 0 0 0 0 0 0 0 0 0 0 0 0 0 0 0 0 0 0 0 0
0 0 0 0 0 0 0 0 0 0 0 0 0 0 0 0 0 0 0 0 0 0 0 0 0 0 0 0 0 0 0 0 0 0 0 0
0 0 0 0 0 0 0 0 0 0 0 0 0 0 0 0 0 0 0 0 0 0 0 0 0 0 0 0 0 0 0 0 0 0 0 0
0 0 0 0 0 0 0 0 0 0 0 0 0 0 0 0 0 0 0 0 0 0 0 0 0 0 0 0 0 0 0 0 0 0 0 0
##$SHL_EXPANDCF13= (0..143)
0 0 0 0 0 0 0 0 0 0 0 0 0 0 0 0 0 0 0 0 0 0 0 0 0 0 0 0 0 0 0 0 0 0 0 0
0 0 0 0 0 0 0 0 0 0 0 0 0 0 0 0 0 0 0 0 0 0 0 0 0 0 0 0 0 0 0 0 0 0 0 0
0 0 0 0 0 0 0 0 0 0 0 0 0 0 0 0 0 0 0 0 0 0 0 0 0 0 0 0 0 0 0 0 0 0 0 0
0 0 0 0 0 0 0 0 0 0 0 0 0 0 0 0 0 0 0 0 0 0 0 0 0 0 0 0 0 0 0 0 0 0 0 0
##$SHL_EXPANDCF14= (0..143)
0 0 0 0 0 0 0 0 0 0 0 0 0 0 0 0 0 0 0 0 0 0 0 0 0 0 0 0 0 0 0 0 0 0 0 0
0 0 0 0 0 0 0 0 0 0 0 0 0 0 0 0 0 0 0 0 0 0 0 0 0 0 0 0 0 0 0 0 0 0 0 0
0 0 0 0 0 0 0 0 0 0 0 0 0 0 0 0 0 0 0 0 0 0 0 0 0 0 0 0 0 0 0 0 0 0 0 0
0 0 0 0 0 0 0 0 0 0 0 0 0 0 0 0 0 0 0 0 0 0 0 0 0 0 0 0 0 0 0 0 0 0 0 0
##$SHL_EXPANDCF15= (0..143)
0 0 0 0 0 0 0 0 0 0 0 0 0 0 0 0 0 0 0 0 0 0 0 0 0 0 0 0 0 0 0 0 0 0 0 0
0 0 0 0 0 0 0 0 0 0 0 0 0 0 0 0 0 0 0 0 0 0 0 0 0 0 0 0 0 0 0 0 0 0 0 0
0 0 0 0 0 0 0 0 0 0 0 0 0 0 0 0 0 0 0 0 0 0 0 0 0 0 0 0 0 0 0 0 0 0 0 0
0 0 0 0 0 0 0 0 0 0 0 0 0 0 0 0 0 0 0 0 0 0 0 0 0 0 0 0 0 0 0 0 0 0 0 0
##$SHL_EXPANDCF2= (0..143)
0 0 0 0 0 0 0 0 0 0 0 0 0 0 0 0 0 0 0 0 0 0 0 0 0 0 0 0 0 0 0 0 0 0 0 0
0 0 0 0 0 0 0 0 0 0 0 0 0 0 0 0 0 0 0 0 0 0 0 0 0 0 0 0 0 0 0 0 0 0 0 0
0 0 0 0 0 0 0 0 0 0 0 0 0 0 0 0 0 0 0 0 0 0 0 0 0 0 0 0 0 0 0 0 0 0 0 0
0 0 0 0 0 0 0 0 0 0 0 0 0 0 0 0 0 0 0 0 0 0 0 0 0 0 0 0 0 0 0 0 0 0 0 0
##$SHL_EXPANDCF3= (0..143)
0 0 0 0 0 0 0 0 0 0 0 0 0 0 0 0 0 0 0 0 0 0 0 0 0 0 0 0 0 0 0 0 0 0 0 0
0 0 0 0 0 0 0 0 0 0 0 0 0 0 0 0 0 0 0 0 0 0 0 0 0 0 0 0 0 0 0 0 0 0 0 0
0 0 0 0 0 0 0 0 0 0 0 0 0 0 0 0 0 0 0 0 0 0 0 0 0 0 0 0 0 0 0 0 0 0 0 0
0 0 0 0 0 0 0 0 0 0 0 0 0 0 0 0 0 0 0 0 0 0 0 0 0 0 0 0 0 0 0 0 0 0 0 0
##$SHL_EXPANDCF4= (0..143)
0 0 0 0 0 0 0 0 0 0 0 0 0 0 0 0 0 0 0 0 0 0 0 0 0 0 0 0 0 0 0 0 0 0 0 0
0 0 0 0 0 0 0 0 0 0 0 0 0 0 0 0 0 0 0 0 0 0 0 0 0 0 0 0 0 0 0 0 0 0 0 0
0 0 0 0 0 0 0 0 0 0 0 0 0 0 0 0 0 0 0 0 0 0 0 0 0 0 0 0 0 0 0 0 0 0 0 0
0 0 0 0 0 0 0 0 0 0 0 0 0 0 0 0 0 0 0 0 0 0 0 0 0 0 0 0 0 0 0 0 0 0 0 0
##$SHL_EXPANDCF5= (0..143)
0 0 0 0 0 0 0 0 0 0 0 0 0 0 0 0 0 0 0 0 0 0 0 0 0 0 0 0 0 0 0 0 0 0 0 0
0 0 0 0 0 0 0 0 0 0 0 0 0 0 0 0 0 0 0 0 0 0 0 0 0 0 0 0 0 0 0 0 0 0 0 0
0 0 0 0 0 0 0 0 0 0 0 0 0 0 0 0 0 0 0 0 0 0 0 0 0 0 0 0 0 0 0 0 0 0 0 0
0 0 0 0 0 0 0 0 0 0 0 0 0 0 0 0 0 0 0 0 0 0 0 0 0 0 0 0 0 0 0 0 0 0 0 0
##$SHL_EXPANDCF6= (0..143)
0 0 0 0 0 0 0 0 0 0 0 0 0 0 0 0 0 0 0 0 0 0 0 0 0 0 0 0 0 0 0 0 0 0 0 0
0 0 0 0 0 0 0 0 0 0 0 0 0 0 0 0 0 0 0 0 0 0 0 0 0 0 0 0 0 0 0 0 0 0 0 0
0 0 0 0 0 0 0 0 0 0 0 0 0 0 0 0 0 0 0 0 0 0 0 0 0 0 0 0 0 0 0 0 0 0 0 0
0 0 0 0 0 0 0 0 0 0 0 0 0 0 0 0 0 0 0 0 0 0 0 0 0 0 0 0 0 0 0 0 0 0 0 0
##$SHL_EXPANDCF7= (0..143)
0 0 0 0 0 0 0 0 0 0 0 0 0 0 0 0 0 0 0 0 0 0 0 0 0 0 0 0 0 0 0 0 0 0 0 0
0 0 0 0 0 0 0 0 0 0 0 0 0 0 0 0 0 0 0 0 0 0 0 0 0 0 0 0 0 0 0 0 0 0 0 0
0 0 0 0 0 0 0 0 0 0 0 0 0 0 0 0 0 0 0 0 0 0 0 0 0 0 0 0 0 0 0 0 0 0 0 0
0 0 0 0 0 0 0 0 0 0 0 0 0 0 0 0 0 0 0 0 0 0 0 0 0 0 0 0 0 0 0 0 0 0 0 0
##$SHL_EXPANDCF8= (0..143)
0 0 0 0 0 0 0 0 0 0 0 0 0 0 0 0 0 0 0 0 0 0 0 0 0 0 0 0 0 0 0 0 0 0 0 0
0 0 0 0 0 0 0 0 0 0 0 0 0 0 0 0 0 0 0 0 0 0 0 0 0 0 0 0 0 0 0 0 0 0 0 0
0 0 0 0 0 0 0 0 0 0 0 0 0 0 0 0 0 0 0 0 0 0 0 0 0 0 0 0 0 0 0 0 0 0 0 0
0 0 0 0 0 0 0 0 0 0 0 0 0 0 0 0 0 0 0 0 0 0 0 0 0 0 0 0 0 0 0 0 0 0 0 0
##$SHL_EXPANDCF9= (0..143)
0 0 0 0 0 0 0 0 0 0 0 0 0 0 0 0 0 0 0 0 0 0 0 0 0 0 0 0 0 0 0 0 0 0 0 0
0 0 0 0 0 0 0 0 0 0 0 0 0 0 0 0 0 0 0 0 0 0 0 0 0 0 0 0 0 0 0 0 0 0 0 0
0 0 0 0 0 0 0 0 0 0 0 0 0 0 0 0 0 0 0 0 0 0 0 0 0 0 0 0 0 0 0 0 0 0 0 0
0 0 0 0 0 0 0 0 0 0 0 0 0 0 0 0 0 0 0 0 0 0 0 0 0 0 0 0 0 0 0 0 0 0 0 0
##$SHL_EXPFAC= (0..15)
0 0 0 0 0 0 0 0 0 0 0 0 0 0 0 0
##$SHL_FRACEND= (0..15)
0 0 0 0 0 0 0 0 0 0 0 0 0 0 0 0
##$SHL_FRACORG= (0..15)
0 0 0 0 0 0 0 0 0 0 0 0 0 0 0 0
##$SHL_FRACSTART= (0..15)
0 0 0 0 0 0 0 0 0 0 0 0 0 0 0 0
##$SHL_FULLHALF= (0..15)
0 0 0 0 0 0 0 0 0 0 0 0 0 0 0 0
##$SHL_FUNCAMP= (0..15)
100 0 0 0 0 0 0 0 0 0 0 0 0 0 0 0
##$SHL_FUNCTION= (0..15)
<Rectangle> <> <> <> <> <> <> <> <> <> <> <> <> <> <> <>
##$SHL_GCO= (0..15)
<> <> <> <> <> <> <> <> <> <> <> <> <> <> <> <>
##$SHL_GCOCOEFFS0= (0..59)
0 0 0 0 0 0 0 0 0 0 0 0 0 0 0 0 0 0 0 0 0 0 0 0 0 0 0 0 0 0 0 0 0 0 0 0
0 0 0 0 0 0 0 0 0 0 0 0 0 0 0 0 0 0 0 0 0 0 0 0
##$SHL_GCOCOEFFS1= (0..59)
0 0 0 0 0 0 0 0 0 0 0 0 0 0 0 0 0 0 0 0 0 0 0 0 0 0 0 0 0 0 0 0 0 0 0 0
0 0 0 0 0 0 0 0 0 0 0 0 0 0 0 0 0 0 0 0 0 0 0 0
##$SHL_GCOCOEFFS10= (0..59)
0 0 0 0 0 0 0 0 0 0 0 0 0 0 0 0 0 0 0 0 0 0 0 0 0 0 0 0 0 0 0 0 0 0 0 0
0 0 0 0 0 0 0 0 0 0 0 0 0 0 0 0 0 0 0 0 0 0 0 0
##$SHL_GCOCOEFFS11= (0..59)
0 0 0 0 0 0 0 0 0 0 0 0 0 0 0 0 0 0 0 0 0 0 0 0 0 0 0 0 0 0 0 0 0 0 0 0
0 0 0 0 0 0 0 0 0 0 0 0 0 0 0 0 0 0 0 0 0 0 0 0
##$SHL_GCOCOEFFS12= (0..59)
0 0 0 0 0 0 0 0 0 0 0 0 0 0 0 0 0 0 0 0 0 0 0 0 0 0 0 0 0 0 0 0 0 0 0 0
0 0 0 0 0 0 0 0 0 0 0 0 0 0 0 0 0 0 0 0 0 0 0 0
##$SHL_GCOCOEFFS13= (0..59)
0 0 0 0 0 0 0 0 0 0 0 0 0 0 0 0 0 0 0 0 0 0 0 0 0 0 0 0 0 0 0 0 0 0 0 0
0 0 0 0 0 0 0 0 0 0 0 0 0 0 0 0 0 0 0 0 0 0 0 0
##$SHL_GCOCOEFFS14= (0..59)
0 0 0 0 0 0 0 0 0 0 0 0 0 0 0 0 0 0 0 0 0 0 0 0 0 0 0 0 0 0 0 0 0 0 0 0
0 0 0 0 0 0 0 0 0 0 0 0 0 0 0 0 0 0 0 0 0 0 0 0
##$SHL_GCOCOEFFS15= (0..59)
0 0 0 0 0 0 0 0 0 0 0 0 0 0 0 0 0 0 0 0 0 0 0 0 0 0 0 0 0 0 0 0 0 0 0 0
0 0 0 0 0 0 0 0 0 0 0 0 0 0 0 0 0 0 0 0 0 0 0 0
##$SHL_GCOCOEFFS2= (0..59)
0 0 0 0 0 0 0 0 0 0 0 0 0 0 0 0 0 0 0 0 0 0 0 0 0 0 0 0 0 0 0 0 0 0 0 0
0 0 0 0 0 0 0 0 0 0 0 0 0 0 0 0 0 0 0 0 0 0 0 0
##$SHL_GCOCOEFFS3= (0..59)
0 0 0 0 0 0 0 0 0 0 0 0 0 0 0 0 0 0 0 0 0 0 0 0 0 0 0 0 0 0 0 0 0 0 0 0
0 0 0 0 0 0 0 0 0 0 0 0 0 0 0 0 0 0 0 0 0 0 0 0
##$SHL_GCOCOEFFS4= (0..59)
0 0 0 0 0 0 0 0 0 0 0 0 0 0 0 0 0 0 0 0 0 0 0 0 0 0 0 0 0 0 0 0 0 0 0 0
0 0 0 0 0 0 0 0 0 0 0 0 0 0 0 0 0 0 0 0 0 0 0 0
##$SHL_GCOCOEFFS5= (0..59)
0 0 0 0 0 0 0 0 0 0 0 0 0 0 0 0 0 0 0 0 0 0 0 0 0 0 0 0 0 0 0 0 0 0 0 0
0 0 0 0 0 0 0 0 0 0 0 0 0 0 0 0 0 0 0 0 0 0 0 0
##$SHL_GCOCOEFFS6= (0..59)
0 0 0 0 0 0 0 0 0 0 0 0 0 0 0 0 0 0 0 0 0 0 0 0 0 0 0 0 0 0 0 0 0 0 0 0
0 0 0 0 0 0 0 0 0 0 0 0 0 0 0 0 0 0 0 0 0 0 0 0
##$SHL_GCOCOEFFS7= (0..59)
0 0 0 0 0 0 0 0 0 0 0 0 0 0 0 0 0 0 0 0 0 0 0 0 0 0 0 0 0 0 0 0 0 0 0 0
0 0 0 0 0 0 0 0 0 0 0 0 0 0 0 0 0 0 0 0 0 0 0 0
##$SHL_GCOCOEFFS8= (0..59)
0 0 0 0 0 0 0 0 0 0 0 0 0 0 0 0 0 0 0 0 0 0 0 0 0 0 0 0 0 0 0 0 0 0 0 0
0 0 0 0 0 0 0 0 0 0 0 0 0 0 0 0 0 0 0 0 0 0 0 0
##$SHL_GCOCOEFFS9= (0..59)
0 0 0 0 0 0 0 0 0 0 0 0 0 0 0 0 0 0 0 0 0 0 0 0 0 0 0 0 0 0 0 0 0 0 0 0
0 0 0 0 0 0 0 0 0 0 0 0 0 0 0 0 0 0 0 0 0 0 0 0
##$SHL_INTEGFAC= (0..15)
1 0 0 0 0 0 0 0 0 0 0 0 0 0 0 0
##$SHL_LB= (0..15)
0 0 0 0 0 0 0 0 0 0 0 0 0 0 0 0
##$SHL_LEFTLIMIT= (0..15)
0 0 0 0 0 0 0 0 0 0 0 0 0 0 0 0
##$SHL_LENGTH= (0..15)
25000.000373 0 0 0 0 0 0 0 0 0 0 0 0 0 0 0
##$SHL_MAN= (0..15)
<> <> <> <> <> <> <> <> <> <> <> <> <> <> <> <>
##$SHL_MEANAMP= (0..15)
0 0 0 0 0 0 0 0 0 0 0 0 0 0 0 0
##$SHL_MODAMP= (0..15)
0 0 0 0 0 0 0 0 0 0 0 0 0 0 0 0
##$SHL_MODE= (0..15)
0 0 0 0 0 0 0 0 0 0 0 0 0 0 0 0
##$SHL_MODFREQ= (0..15)
0 0 0 0 0 0 0 0 0 0 0 0 0 0 0 0
##$SHL_MODPHASE= (0..15)
0 0 0 0 0 0 0 0 0 0 0 0 0 0 0 0
##$SHL_MODSCALE= (0..15)
0 0 0 0 0 0 0 0 0 0 0 0 0 0 0 0
##$SHL_MODSW= (0..15)
0 0 0 0 0 0 0 0 0 0 0 0 0 0 0 0
##$SHL_MODSWDIR= (0..15)
-1 -1 -1 -1 -1 -1 -1 -1 -1 -1 -1 -1 -1 -1 -1 -1
##$SHL_MU= (0..15)
0 0 0 0 0 0 0 0 0 0 0 0 0 0 0 0
##$SHL_NPOINTS= (0..15)
1250 0 0 0 0 0 0 0 0 0 0 0 0 0 0 0
##$SHL_OFFS= (0..15)
<> <> <> <> <> <> <> <> <> <> <> <> <> <> <> <>
##$SHL_OFFSCOEFF0= (0..95)
0 0 0 0 0 0 0 0 0 0 0 0 0 0 0 0 0 0 0 0 0 0 0 0 0 0 0 0 0 0 0 0 0 0 0 0
0 0 0 0 0 0 0 0 0 0 0 0 0 0 0 0 0 0 0 0 0 0 0 0 0 0 0 0 0 0 0 0 0 0 0 0
0 0 0 0 0 0 0 0 0 0 0 0 0 0 0 0 0 0 0 0 0 0 0 0
##$SHL_OFFSCOEFF1= (0..95)
0 0 0 0 0 0 0 0 0 0 0 0 0 0 0 0 0 0 0 0 0 0 0 0 0 0 0 0 0 0 0 0 0 0 0 0
0 0 0 0 0 0 0 0 0 0 0 0 0 0 0 0 0 0 0 0 0 0 0 0 0 0 0 0 0 0 0 0 0 0 0 0
0 0 0 0 0 0 0 0 0 0 0 0 0 0 0 0 0 0 0 0 0 0 0 0
##$SHL_OFFSCOEFF10= (0..95)
0 0 0 0 0 0 0 0 0 0 0 0 0 0 0 0 0 0 0 0 0 0 0 0 0 0 0 0 0 0 0 0 0 0 0 0
0 0 0 0 0 0 0 0 0 0 0 0 0 0 0 0 0 0 0 0 0 0 0 0 0 0 0 0 0 0 0 0 0 0 0 0
0 0 0 0 0 0 0 0 0 0 0 0 0 0 0 0 0 0 0 0 0 0 0 0
##$SHL_OFFSCOEFF11= (0..95)
0 0 0 0 0 0 0 0 0 0 0 0 0 0 0 0 0 0 0 0 0 0 0 0 0 0 0 0 0 0 0 0 0 0 0 0
0 0 0 0 0 0 0 0 0 0 0 0 0 0 0 0 0 0 0 0 0 0 0 0 0 0 0 0 0 0 0 0 0 0 0 0
0 0 0 0 0 0 0 0 0 0 0 0 0 0 0 0 0 0 0 0 0 0 0 0
##$SHL_OFFSCOEFF12= (0..95)
0 0 0 0 0 0 0 0 0 0 0 0 0 0 0 0 0 0 0 0 0 0 0 0 0 0 0 0 0 0 0 0 0 0 0 0
0 0 0 0 0 0 0 0 0 0 0 0 0 0 0 0 0 0 0 0 0 0 0 0 0 0 0 0 0 0 0 0 0 0 0 0
0 0 0 0 0 0 0 0 0 0 0 0 0 0 0 0 0 0 0 0 0 0 0 0
##$SHL_OFFSCOEFF13= (0..95)
0 0 0 0 0 0 0 0 0 0 0 0 0 0 0 0 0 0 0 0 0 0 0 0 0 0 0 0 0 0 0 0 0 0 0 0
0 0 0 0 0 0 0 0 0 0 0 0 0 0 0 0 0 0 0 0 0 0 0 0 0 0 0 0 0 0 0 0 0 0 0 0
0 0 0 0 0 0 0 0 0 0 0 0 0 0 0 0 0 0 0 0 0 0 0 0
##$SHL_OFFSCOEFF14= (0..95)
0 0 0 0 0 0 0 0 0 0 0 0 0 0 0 0 0 0 0 0 0 0 0 0 0 0 0 0 0 0 0 0 0 0 0 0
0 0 0 0 0 0 0 0 0 0 0 0 0 0 0 0 0 0 0 0 0 0 0 0 0 0 0 0 0 0 0 0 0 0 0 0
0 0 0 0 0 0 0 0 0 0 0 0 0 0 0 0 0 0 0 0 0 0 0 0
##$SHL_OFFSCOEFF15= (0..95)
0 0 0 0 0 0 0 0 0 0 0 0 0 0 0 0 0 0 0 0 0 0 0 0 0 0 0 0 0 0 0 0 0 0 0 0
0 0 0 0 0 0 0 0 0 0 0 0 0 0 0 0 0 0 0 0 0 0 0 0 0 0 0 0 0 0 0 0 0 0 0 0
0 0 0 0 0 0 0 0 0 0 0 0 0 0 0 0 0 0 0 0 0 0 0 0
##$SHL_OFFSCOEFF2= (0..95)
0 0 0 0 0 0 0 0 0 0 0 0 0 0 0 0 0 0 0 0 0 0 0 0 0 0 0 0 0 0 0 0 0 0 0 0
0 0 0 0 0 0 0 0 0 0 0 0 0 0 0 0 0 0 0 0 0 0 0 0 0 0 0 0 0 0 0 0 0 0 0 0
0 0 0 0 0 0 0 0 0 0 0 0 0 0 0 0 0 0 0 0 0 0 0 0
##$SHL_OFFSCOEFF3= (0..95)
0 0 0 0 0 0 0 0 0 0 0 0 0 0 0 0 0 0 0 0 0 0 0 0 0 0 0 0 0 0 0 0 0 0 0 0
0 0 0 0 0 0 0 0 0 0 0 0 0 0 0 0 0 0 0 0 0 0 0 0 0 0 0 0 0 0 0 0 0 0 0 0
0 0 0 0 0 0 0 0 0 0 0 0 0 0 0 0 0 0 0 0 0 0 0 0
##$SHL_OFFSCOEFF4= (0..95)
0 0 0 0 0 0 0 0 0 0 0 0 0 0 0 0 0 0 0 0 0 0 0 0 0 0 0 0 0 0 0 0 0 0 0 0
0 0 0 0 0 0 0 0 0 0 0 0 0 0 0 0 0 0 0 0 0 0 0 0 0 0 0 0 0 0 0 0 0 0 0 0
0 0 0 0 0 0 0 0 0 0 0 0 0 0 0 0 0 0 0 0 0 0 0 0
##$SHL_OFFSCOEFF5= (0..95)
0 0 0 0 0 0 0 0 0 0 0 0 0 0 0 0 0 0 0 0 0 0 0 0 0 0 0 0 0 0 0 0 0 0 0 0
0 0 0 0 0 0 0 0 0 0 0 0 0 0 0 0 0 0 0 0 0 0 0 0 0 0 0 0 0 0 0 0 0 0 0 0
0 0 0 0 0 0 0 0 0 0 0 0 0 0 0 0 0 0 0 0 0 0 0 0
##$SHL_OFFSCOEFF6= (0..95)
0 0 0 0 0 0 0 0 0 0 0 0 0 0 0 0 0 0 0 0 0 0 0 0 0 0 0 0 0 0 0 0 0 0 0 0
0 0 0 0 0 0 0 0 0 0 0 0 0 0 0 0 0 0 0 0 0 0 0 0 0 0 0 0 0 0 0 0 0 0 0 0
0 0 0 0 0 0 0 0 0 0 0 0 0 0 0 0 0 0 0 0 0 0 0 0
##$SHL_OFFSCOEFF7= (0..95)
0 0 0 0 0 0 0 0 0 0 0 0 0 0 0 0 0 0 0 0 0 0 0 0 0 0 0 0 0 0 0 0 0 0 0 0
0 0 0 0 0 0 0 0 0 0 0 0 0 0 0 0 0 0 0 0 0 0 0 0 0 0 0 0 0 0 0 0 0 0 0 0
0 0 0 0 0 0 0 0 0 0 0 0 0 0 0 0 0 0 0 0 0 0 0 0
##$SHL_OFFSCOEFF8= (0..95)
0 0 0 0 0 0 0 0 0 0 0 0 0 0 0 0 0 0 0 0 0 0 0 0 0 0 0 0 0 0 0 0 0 0 0 0
0 0 0 0 0 0 0 0 0 0 0 0 0 0 0 0 0 0 0 0 0 0 0 0 0 0 0 0 0 0 0 0 0 0 0 0
0 0 0 0 0 0 0 0 0 0 0 0 0 0 0 0 0 0 0 0 0 0 0 0
##$SHL_OFFSCOEFF9= (0..95)
0 0 0 0 0 0 0 0 0 0 0 0 0 0 0 0 0 0 0 0 0 0 0 0 0 0 0 0 0 0 0 0 0 0 0 0
0 0 0 0 0 0 0 0 0 0 0 0 0 0 0 0 0 0 0 0 0 0 0 0 0 0 0 0 0 0 0 0 0 0 0 0
0 0 0 0 0 0 0 0 0 0 0 0 0 0 0 0 0 0 0 0 0 0 0 0
##$SHL_PHASE= (0..15)
0 0 0 0 0 0 0 0 0 0 0 0 0 0 0 0
##$SHL_PHASEFAC= (0..15)
0 0 0 0 0 0 0 0 0 0 0 0 0 0 0 0
##$SHL_POWERINDEX= (0..15)
0 0 0 0 0 0 0 0 0 0 0 0 0 0 0 0
##$SHL_QUADCOEFF= (0..15)
0 0 0 0 0 0 0 0 0 0 0 0 0 0 0 0
##$SHL_RIGHTLIMIT= (0..15)
0 0 0 0 0 0 0 0 0 0 0 0 0 0 0 0
##$SHL_SCALEFACTOR= (0..15)
1 1 1 1 1 1 1 1 1 1 1 1 1 1 1 1
##$SHL_SF= (0..15)
<> <> <> <> <> <> <> <> <> <> <> <> <> <> <> <>
##$SHL_SFCOEFFS0= (0..200)
0 0 0 0 0 0 0 0 0 0 0 0 0 0 0 0 0 0 0 0 0 0 0 0 0 0 0 0 0 0 0 0 0 0 0 0
0 0 0 0 0 0 0 0 0 0 0 0 0 0 0 0 0 0 0 0 0 0 0 0 0 0 0 0 0 0 0 0 0 0 0 0
0 0 0 0 0 0 0 0 0 0 0 0 0 0 0 0 0 0 0 0 0 0 0 0 0 0 0 0 0 0 0 0 0 0 0 0
0 0 0 0 0 0 0 0 0 0 0 0 0 0 0 0 0 0 0 0 0 0 0 0 0 0 0 0 0 0 0 0 0 0 0 0
0 0 0 0 0 0 0 0 0 0 0 0 0 0 0 0 0 0 0 0 0 0 0 0 0 0 0 0 0 0 0 0 0 0 0 0
0 0 0 0 0 0 0 0 0 0 0 0 0 0 0 0 0 0 0 0 0
##$SHL_SFCOEFFS1= (0..200)
0 0 0 0 0 0 0 0 0 0 0 0 0 0 0 0 0 0 0 0 0 0 0 0 0 0 0 0 0 0 0 0 0 0 0 0
0 0 0 0 0 0 0 0 0 0 0 0 0 0 0 0 0 0 0 0 0 0 0 0 0 0 0 0 0 0 0 0 0 0 0 0
0 0 0 0 0 0 0 0 0 0 0 0 0 0 0 0 0 0 0 0 0 0 0 0 0 0 0 0 0 0 0 0 0 0 0 0
0 0 0 0 0 0 0 0 0 0 0 0 0 0 0 0 0 0 0 0 0 0 0 0 0 0 0 0 0 0 0 0 0 0 0 0
0 0 0 0 0 0 0 0 0 0 0 0 0 0 0 0 0 0 0 0 0 0 0 0 0 0 0 0 0 0 0 0 0 0 0 0
0 0 0 0 0 0 0 0 0 0 0 0 0 0 0 0 0 0 0 0 0
##$SHL_SFCOEFFS10= (0..200)
0 0 0 0 0 0 0 0 0 0 0 0 0 0 0 0 0 0 0 0 0 0 0 0 0 0 0 0 0 0 0 0 0 0 0 0
0 0 0 0 0 0 0 0 0 0 0 0 0 0 0 0 0 0 0 0 0 0 0 0 0 0 0 0 0 0 0 0 0 0 0 0
0 0 0 0 0 0 0 0 0 0 0 0 0 0 0 0 0 0 0 0 0 0 0 0 0 0 0 0 0 0 0 0 0 0 0 0
0 0 0 0 0 0 0 0 0 0 0 0 0 0 0 0 0 0 0 0 0 0 0 0 0 0 0 0 0 0 0 0 0 0 0 0
0 0 0 0 0 0 0 0 0 0 0 0 0 0 0 0 0 0 0 0 0 0 0 0 0 0 0 0 0 0 0 0 0 0 0 0
0 0 0 0 0 0 0 0 0 0 0 0 0 0 0 0 0 0 0 0 0
##$SHL_SFCOEFFS11= (0..200)
0 0 0 0 0 0 0 0 0 0 0 0 0 0 0 0 0 0 0 0 0 0 0 0 0 0 0 0 0 0 0 0 0 0 0 0
0 0 0 0 0 0 0 0 0 0 0 0 0 0 0 0 0 0 0 0 0 0 0 0 0 0 0 0 0 0 0 0 0 0 0 0
0 0 0 0 0 0 0 0 0 0 0 0 0 0 0 0 0 0 0 0 0 0 0 0 0 0 0 0 0 0 0 0 0 0 0 0
0 0 0 0 0 0 0 0 0 0 0 0 0 0 0 0 0 0 0 0 0 0 0 0 0 0 0 0 0 0 0 0 0 0 0 0
0 0 0 0 0 0 0 0 0 0 0 0 0 0 0 0 0 0 0 0 0 0 0 0 0 0 0 0 0 0 0 0 0 0 0 0
0 0 0 0 0 0 0 0 0 0 0 0 0 0 0 0 0 0 0 0 0
##$SHL_SFCOEFFS12= (0..200)
0 0 0 0 0 0 0 0 0 0 0 0 0 0 0 0 0 0 0 0 0 0 0 0 0 0 0 0 0 0 0 0 0 0 0 0
0 0 0 0 0 0 0 0 0 0 0 0 0 0 0 0 0 0 0 0 0 0 0 0 0 0 0 0 0 0 0 0 0 0 0 0
0 0 0 0 0 0 0 0 0 0 0 0 0 0 0 0 0 0 0 0 0 0 0 0 0 0 0 0 0 0 0 0 0 0 0 0
0 0 0 0 0 0 0 0 0 0 0 0 0 0 0 0 0 0 0 0 0 0 0 0 0 0 0 0 0 0 0 0 0 0 0 0
0 0 0 0 0 0 0 0 0 0 0 0 0 0 0 0 0 0 0 0 0 0 0 0 0 0 0 0 0 0 0 0 0 0 0 0
0 0 0 0 0 0 0 0 0 0 0 0 0 0 0 0 0 0 0 0 0
##$SHL_SFCOEFFS13= (0..200)
0 0 0 0 0 0 0 0 0 0 0 0 0 0 0 0 0 0 0 0 0 0 0 0 0 0 0 0 0 0 0 0 0 0 0 0
0 0 0 0 0 0 0 0 0 0 0 0 0 0 0 0 0 0 0 0 0 0 0 0 0 0 0 0 0 0 0 0 0 0 0 0
0 0 0 0 0 0 0 0 0 0 0 0 0 0 0 0 0 0 0 0 0 0 0 0 0 0 0 0 0 0 0 0 0 0 0 0
0 0 0 0 0 0 0 0 0 0 0 0 0 0 0 0 0 0 0 0 0 0 0 0 0 0 0 0 0 0 0 0 0 0 0 0
0 0 0 0 0 0 0 0 0 0 0 0 0 0 0 0 0 0 0 0 0 0 0 0 0 0 0 0 0 0 0 0 0 0 0 0
0 0 0 0 0 0 0 0 0 0 0 0 0 0 0 0 0 0 0 0 0
##$SHL_SFCOEFFS14= (0..200)
0 0 0 0 0 0 0 0 0 0 0 0 0 0 0 0 0 0 0 0 0 0 0 0 0 0 0 0 0 0 0 0 0 0 0 0
0 0 0 0 0 0 0 0 0 0 0 0 0 0 0 0 0 0 0 0 0 0 0 0 0 0 0 0 0 0 0 0 0 0 0 0
0 0 0 0 0 0 0 0 0 0 0 0 0 0 0 0 0 0 0 0 0 0 0 0 0 0 0 0 0 0 0 0 0 0 0 0
0 0 0 0 0 0 0 0 0 0 0 0 0 0 0 0 0 0 0 0 0 0 0 0 0 0 0 0 0 0 0 0 0 0 0 0
0 0 0 0 0 0 0 0 0 0 0 0 0 0 0 0 0 0 0 0 0 0 0 0 0 0 0 0 0 0 0 0 0 0 0 0
0 0 0 0 0 0 0 0 0 0 0 0 0 0 0 0 0 0 0 0 0
##$SHL_SFCOEFFS15= (0..200)
0 0 0 0 0 0 0 0 0 0 0 0 0 0 0 0 0 0 0 0 0 0 0 0 0 0 0 0 0 0 0 0 0 0 0 0
0 0 0 0 0 0 0 0 0 0 0 0 0 0 0 0 0 0 0 0 0 0 0 0 0 0 0 0 0 0 0 0 0 0 0 0
0 0 0 0 0 0 0 0 0 0 0 0 0 0 0 0 0 0 0 0 0 0 0 0 0 0 0 0 0 0 0 0 0 0 0 0
0 0 0 0 0 0 0 0 0 0 0 0 0 0 0 0 0 0 0 0 0 0 0 0 0 0 0 0 0 0 0 0 0 0 0 0
0 0 0 0 0 0 0 0 0 0 0 0 0 0 0 0 0 0 0 0 0 0 0 0 0 0 0 0 0 0 0 0 0 0 0 0
0 0 0 0 0 0 0 0 0 0 0 0 0 0 0 0 0 0 0 0 0
##$SHL_SFCOEFFS2= (0..200)
0 0 0 0 0 0 0 0 0 0 0 0 0 0 0 0 0 0 0 0 0 0 0 0 0 0 0 0 0 0 0 0 0 0 0 0
0 0 0 0 0 0 0 0 0 0 0 0 0 0 0 0 0 0 0 0 0 0 0 0 0 0 0 0 0 0 0 0 0 0 0 0
0 0 0 0 0 0 0 0 0 0 0 0 0 0 0 0 0 0 0 0 0 0 0 0 0 0 0 0 0 0 0 0 0 0 0 0
0 0 0 0 0 0 0 0 0 0 0 0 0 0 0 0 0 0 0 0 0 0 0 0 0 0 0 0 0 0 0 0 0 0 0 0
0 0 0 0 0 0 0 0 0 0 0 0 0 0 0 0 0 0 0 0 0 0 0 0 0 0 0 0 0 0 0 0 0 0 0 0
0 0 0 0 0 0 0 0 0 0 0 0 0 0 0 0 0 0 0 0 0
##$SHL_SFCOEFFS3= (0..200)
0 0 0 0 0 0 0 0 0 0 0 0 0 0 0 0 0 0 0 0 0 0 0 0 0 0 0 0 0 0 0 0 0 0 0 0
0 0 0 0 0 0 0 0 0 0 0 0 0 0 0 0 0 0 0 0 0 0 0 0 0 0 0 0 0 0 0 0 0 0 0 0
0 0 0 0 0 0 0 0 0 0 0 0 0 0 0 0 0 0 0 0 0 0 0 0 0 0 0 0 0 0 0 0 0 0 0 0
0 0 0 0 0 0 0 0 0 0 0 0 0 0 0 0 0 0 0 0 0 0 0 0 0 0 0 0 0 0 0 0 0 0 0 0
0 0 0 0 0 0 0 0 0 0 0 0 0 0 0 0 0 0 0 0 0 0 0 0 0 0 0 0 0 0 0 0 0 0 0 0
0 0 0 0 0 0 0 0 0 0 0 0 0 0 0 0 0 0 0 0 0
##$SHL_SFCOEFFS4= (0..200)
0 0 0 0 0 0 0 0 0 0 0 0 0 0 0 0 0 0 0 0 0 0 0 0 0 0 0 0 0 0 0 0 0 0 0 0
0 0 0 0 0 0 0 0 0 0 0 0 0 0 0 0 0 0 0 0 0 0 0 0 0 0 0 0 0 0 0 0 0 0 0 0
0 0 0 0 0 0 0 0 0 0 0 0 0 0 0 0 0 0 0 0 0 0 0 0 0 0 0 0 0 0 0 0 0 0 0 0
0 0 0 0 0 0 0 0 0 0 0 0 0 0 0 0 0 0 0 0 0 0 0 0 0 0 0 0 0 0 0 0 0 0 0 0
0 0 0 0 0 0 0 0 0 0 0 0 0 0 0 0 0 0 0 0 0 0 0 0 0 0 0 0 0 0 0 0 0 0 0 0
0 0 0 0 0 0 0 0 0 0 0 0 0 0 0 0 0 0 0 0 0
##$SHL_SFCOEFFS5= (0..200)
0 0 0 0 0 0 0 0 0 0 0 0 0 0 0 0 0 0 0 0 0 0 0 0 0 0 0 0 0 0 0 0 0 0 0 0
0 0 0 0 0 0 0 0 0 0 0 0 0 0 0 0 0 0 0 0 0 0 0 0 0 0 0 0 0 0 0 0 0 0 0 0
0 0 0 0 0 0 0 0 0 0 0 0 0 0 0 0 0 0 0 0 0 0 0 0 0 0 0 0 0 0 0 0 0 0 0 0
0 0 0 0 0 0 0 0 0 0 0 0 0 0 0 0 0 0 0 0 0 0 0 0 0 0 0 0 0 0 0 0 0 0 0 0
0 0 0 0 0 0 0 0 0 0 0 0 0 0 0 0 0 0 0 0 0 0 0 0 0 0 0 0 0 0 0 0 0 0 0 0
0 0 0 0 0 0 0 0 0 0 0 0 0 0 0 0 0 0 0 0 0
##$SHL_SFCOEFFS6= (0..200)
0 0 0 0 0 0 0 0 0 0 0 0 0 0 0 0 0 0 0 0 0 0 0 0 0 0 0 0 0 0 0 0 0 0 0 0
0 0 0 0 0 0 0 0 0 0 0 0 0 0 0 0 0 0 0 0 0 0 0 0 0 0 0 0 0 0 0 0 0 0 0 0
0 0 0 0 0 0 0 0 0 0 0 0 0 0 0 0 0 0 0 0 0 0 0 0 0 0 0 0 0 0 0 0 0 0 0 0
0 0 0 0 0 0 0 0 0 0 0 0 0 0 0 0 0 0 0 0 0 0 0 0 0 0 0 0 0 0 0 0 0 0 0 0
0 0 0 0 0 0 0 0 0 0 0 0 0 0 0 0 0 0 0 0 0 0 0 0 0 0 0 0 0 0 0 0 0 0 0 0
0 0 0 0 0 0 0 0 0 0 0 0 0 0 0 0 0 0 0 0 0
##$SHL_SFCOEFFS7= (0..200)
0 0 0 0 0 0 0 0 0 0 0 0 0 0 0 0 0 0 0 0 0 0 0 0 0 0 0 0 0 0 0 0 0 0 0 0
0 0 0 0 0 0 0 0 0 0 0 0 0 0 0 0 0 0 0 0 0 0 0 0 0 0 0 0 0 0 0 0 0 0 0 0
0 0 0 0 0 0 0 0 0 0 0 0 0 0 0 0 0 0 0 0 0 0 0 0 0 0 0 0 0 0 0 0 0 0 0 0
0 0 0 0 0 0 0 0 0 0 0 0 0 0 0 0 0 0 0 0 0 0 0 0 0 0 0 0 0 0 0 0 0 0 0 0
0 0 0 0 0 0 0 0 0 0 0 0 0 0 0 0 0 0 0 0 0 0 0 0 0 0 0 0 0 0 0 0 0 0 0 0
0 0 0 0 0 0 0 0 0 0 0 0 0 0 0 0 0 0 0 0 0
##$SHL_SFCOEFFS8= (0..200)
0 0 0 0 0 0 0 0 0 0 0 0 0 0 0 0 0 0 0 0 0 0 0 0 0 0 0 0 0 0 0 0 0 0 0 0
0 0 0 0 0 0 0 0 0 0 0 0 0 0 0 0 0 0 0 0 0 0 0 0 0 0 0 0 0 0 0 0 0 0 0 0
0 0 0 0 0 0 0 0 0 0 0 0 0 0 0 0 0 0 0 0 0 0 0 0 0 0 0 0 0 0 0 0 0 0 0 0
0 0 0 0 0 0 0 0 0 0 0 0 0 0 0 0 0 0 0 0 0 0 0 0 0 0 0 0 0 0 0 0 0 0 0 0
0 0 0 0 0 0 0 0 0 0 0 0 0 0 0 0 0 0 0 0 0 0 0 0 0 0 0 0 0 0 0 0 0 0 0 0
0 0 0 0 0 0 0 0 0 0 0 0 0 0 0 0 0 0 0 0 0
##$SHL_SFCOEFFS9= (0..200)
0 0 0 0 0 0 0 0 0 0 0 0 0 0 0 0 0 0 0 0 0 0 0 0 0 0 0 0 0 0 0 0 0 0 0 0
0 0 0 0 0 0 0 0 0 0 0 0 0 0 0 0 0 0 0 0 0 0 0 0 0 0 0 0 0 0 0 0 0 0 0 0
0 0 0 0 0 0 0 0 0 0 0 0 0 0 0 0 0 0 0 0 0 0 0 0 0 0 0 0 0 0 0 0 0 0 0 0
0 0 0 0 0 0 0 0 0 0 0 0 0 0 0 0 0 0 0 0 0 0 0 0 0 0 0 0 0 0 0 0 0 0 0 0
0 0 0 0 0 0 0 0 0 0 0 0 0 0 0 0 0 0 0 0 0 0 0 0 0 0 0 0 0 0 0 0 0 0 0 0
0 0 0 0 0 0 0 0 0 0 0 0 0 0 0 0 0 0 0 0 0
##$SHL_SMOOTHED= (0..15)
0 0 0 0 0 0 0 0 0 0 0 0 0 0 0 0
##$SHL_SMOOTHING= (0..15)
0 0 0 0 0 0 0 0 0 0 0 0 0 0 0 0
##$SHL_SPOAL= (0..15)
0 0 0 0 0 0 0 0 0 0 0 0 0 0 0 0
##$SHL_SPOFFS= (0..15)
0 0 0 0 0 0 0 0 0 0 0 0 0 0 0 0
##$SHL_SPOPH= (0..15)
0 0 0 0 0 0 0 0 0 0 0 0 0 0 0 0
##$SHL_STARTAMP= (0..15)
0 0 0 0 0 0 0 0 0 0 0 0 0 0 0 0
##$SHL_SW= (0..15)
0 0 0 0 0 0 0 0 0 0 0 0 0 0 0 0
##$SHL_SWDIR= (0..15)
-1 -1 -1 -1 -1 -1 -1 -1 -1 -1 -1 -1 -1 -1 -1 -1
##$SHL_TANKAPPA= (0..15)
0 0 0 0 0 0 0 0 0 0 0 0 0 0 0 0
##$SHL_TOTROT= (0..15)
90 0 0 0 0 0 0 0 0 0 0 0 0 0 0 0
##$SHL_TRUNCLEV= (0..15)
0 0 0 0 0 0 0 0 0 0 0 0 0 0 0 0
##$SHL_TYPE= (0..15)
<Excitation> <> <> <> <> <> <> <> <> <> <> <> <> <> <> <>
##$SHL_WINDOWSIZE= (0..15)
0 0 0 0 0 0 0 0 0 0 0 0 0 0 0 0
##$SHL_ZETA= (0..15)
0 0 0 0 0 0 0 0 0 0 0 0 0 0 0 0
##NPOINTS= 1250
##XYPOINTS= (XY..XY)
72.781150, 52.660411
72.319833, 54.311410
71.855660, 55.962503
71.388663, 57.613693
70.918878, 59.264981
70.446339, 60.916370
69.971080, 62.567861
69.493137, 64.219457
69.012544, 65.871161
68.529337, 67.522974
68.043550, 69.174898
67.555221, 70.826938
67.064384, 72.479094
66.571076, 74.131370
66.075332, 75.783768
65.577189, 77.436292
65.076684, 79.088944
64.573854, 80.741727
64.068734, 82.394645
63.561363, 84.047701
63.051777, 85.700898
62.540014, 87.354240
62.026111, 89.007730
61.510107, 90.661372
60.992038, 92.315171
60.471943, 93.969130
59.949860, 95.623254
59.425828, 97.277546
58.899884, 98.932012
58.372068, 100.586656
57.842418, 102.241483
57.310973, 103.896499
56.777772, 105.551708
56.242854, 107.207116
55.706258, 108.862728
55.168024, 110.518552
54.628191, 112.174592
54.086799, 113.830856
53.543888, 115.487350
52.999497, 117.144082
52.453666, 118.801057
51.906436, 120.458286
51.357846, 122.115774
50.807938, 123.773530
50.256750, 125.431564
49.704325, 127.089885
49.150702, 128.748500
48.595921, 130.407422
48.040025, 132.066660
47.483052, 133.726224
46.925046, 135.386127
46.366046, 137.046380
45.806093, 138.706996
45.245229, 140.367987
44.683495, 142.029368
44.120932, 143.691153
43.557582, 145.353358
42.993486, 147.015997
42.428685, 148.679089
41.863221, 150.342650
41.297136, 152.006699
40.730471, 153.671257
40.163268, 155.336343
39.595569, 157.001979
39.027415, 158.668189
38.458849, 160.334997
37.889912, 162.002428
37.320646, 163.670511
36.751093, 165.339274
36.181295, 167.008748
35.611295, 168.678965
35.041134, 170.349960
34.470854, 172.021770
33.900497, 173.694434
33.330107, 175.367994
32.759724, 177.042494
32.189391, 178.717982
31.619150, 180.394510
31.049044, 182.072130
30.479114, 183.750903
29.909403, 185.430889
29.339954, 187.112156
28.770809, 188.794777
28.202009, 190.478829
27.633598, 192.164395
27.065618, 193.851567
26.498111, 195.540442
25.931119, 197.231126
25.364686, 198.923734
24.798854, 200.618390
24.233665, 202.315231
23.669163, 204.014404
23.105389, 205.716072
22.542386, 207.420412
21.980198, 209.127617
21.418867, 210.837902
20.858437, 212.551502
20.298951, 214.268677
19.740451, 215.989715
19.182982, 217.714936
18.626588, 219.444695
18.071312, 221.179390
17.517199, 222.919466
16.964293, 224.665424
16.412640, 226.417827
15.862286, 228.177314
15.313276, 229.944611
14.765658, 231.720546
14.219479, 233.506070
13.674789, 235.302274
13.131638, 237.110426
12.590078, 238.932000
12.050163, 240.768722
11.511948, 242.622627
10.975494, 244.496131
10.440862, 246.392123
9.908122, 248.314087
9.377346, 250.266265
8.848617, 252.253869
8.322026, 254.283380
7.797678, 256.362952
7.275698, 258.502987
6.756235, 260.716962
6.239474, 263.022649
5.725649, 265.443948
5.215071, 268.013749
4.708165, 270.778530
4.205534, 273.806032
3.708078, 277.198660
3.217214, 281.118068
2.735307, 285.832882
2.266621, 291.817019
1.819546, 299.962140
1.412306, 312.024764
1.087291, 331.196183
0.930843, 359.885947
1.019922, 30.368981
1.302396, 52.074738
1.681390, 65.667723
2.103631, 74.638955
2.546218, 81.089394
2.998879, 86.085668
3.456534, 90.185664
3.916430, 93.700215
4.376952, 96.813544
4.837089, 99.640855
5.296175, 102.257532
5.753748, 104.714824
6.209476, 107.048713
6.663111, 109.285173
7.114460, 111.443404
7.563370, 113.537894
8.009719, 115.579776
8.453400, 117.577740
8.894326, 119.538669
9.332418, 121.468084
9.767608, 123.370461
10.199834, 125.249470
10.629039, 127.108147
11.055172, 128.949023
11.478182, 130.774229
11.898025, 132.585566
12.314657, 134.384572
12.728037, 136.172564
13.138125, 137.950680
13.544883, 139.719906
13.948274, 141.481098
14.348262, 143.235011
14.744813, 144.982303
15.137893, 146.723558
15.527469, 148.459292
15.913508, 150.189964
16.295979, 151.915984
16.674850, 153.637718
17.050092, 155.355495
17.421674, 157.069610
17.789567, 158.780331
18.153742, 160.487900
18.514170, 162.192535
18.870823, 163.894435
19.223674, 165.593783
19.572696, 167.290743
19.917861, 168.985468
20.259143, 170.678095
20.596516, 172.368753
20.929955, 174.057559
21.259433, 175.744621
21.584927, 177.430038
21.906411, 179.113903
22.223861, 180.796301
22.537253, 182.477311
22.846564, 184.157007
23.151770, 185.835457
23.452849, 187.512723
23.749778, 189.188867
24.042534, 190.863942
24.331096, 192.538000
24.615443, 194.211090
24.895552, 195.883256
25.171404, 197.554541
25.442977, 199.224985
25.710251, 200.894624
25.973207, 202.563494
26.231825, 204.231628
26.486086, 205.899055
26.735970, 207.565807
26.981460, 209.231910
27.222536, 210.897389
27.459182, 212.562270
27.691379, 214.226576
27.919111, 215.890328
28.142361, 217.553547
28.361111, 219.216253
28.575346, 220.878465
28.785050, 222.540199
28.990208, 224.201472
29.190804, 225.862301
29.386823, 227.522701
29.578251, 229.182684
29.765074, 230.842266
29.947278, 232.501459
30.124850, 234.160275
30.297776, 235.818726
30.466043, 237.476822
30.629640, 239.134575
30.788554, 240.791995
30.942773, 242.449090
31.092287, 244.105871
31.237083, 245.762345
31.377151, 247.418521
31.512482, 249.074407
31.643064, 250.730011
31.768889, 252.385339
31.889947, 254.040398
32.006229, 255.695195
32.117726, 257.349735
32.224430, 259.004026
32.326334, 260.658072
32.423430, 262.311879
32.515711, 263.965452
32.603169, 265.618795
32.685799, 267.271913
32.763595, 268.924812
32.836549, 270.577494
32.904658, 272.229963
32.967917, 273.882225
33.026319, 275.534281
33.079862, 277.186135
33.128542, 278.837791
33.172353, 280.489252
33.211294, 282.140520
33.245362, 283.791597
33.274554, 285.442488
33.298867, 287.093193
33.318300, 288.743714
33.332852, 290.394055
33.342522, 292.044217
33.347308, 293.694201
33.347210, 295.344009
33.342229, 296.993643
33.332364, 298.643103
33.317617, 300.292392
33.297988, 301.941509
33.273479, 303.590457
33.244092, 305.239234
33.209828, 306.887843
33.170691, 308.536284
33.126682, 310.184557
33.077806, 311.832662
33.024066, 313.480599
32.965466, 315.128368
32.902010, 316.775969
32.833702, 318.423403
32.760548, 320.070667
32.682553, 321.717761
32.599724, 323.364686
32.512064, 325.011439
32.419583, 326.658020
32.322285, 328.304428
32.220178, 329.950661
32.113270, 331.596717
32.001568, 333.242596
31.885081, 334.888294
31.763818, 336.533811
31.637786, 338.179143
31.506995, 339.824289
31.371456, 341.469246
31.231177, 343.114010
31.086170, 344.758579
30.936444, 346.402950
30.782010, 348.047119
30.622881, 349.691083
30.459068, 351.334837
30.290582, 352.978377
30.117436, 354.621699
29.939644, 356.264798
29.757216, 357.907669
29.570169, 359.550306
29.378514, 1.192704
29.182266, 2.834857
28.981439, 4.476758
28.776048, 6.118400
28.566109, 7.759776
28.351636, 9.400879
28.132646, 11.041700
27.909154, 12.682229
27.681177, 14.322459
27.448732, 15.962380
27.211835, 17.601980
26.970504, 19.241249
26.724757, 20.880175
26.474611, 22.518746
26.220086, 24.156948
25.961200, 25.794768
25.697972, 27.432189
25.430421, 29.069197
25.158567, 30.705773
24.882430, 32.341901
24.602030, 33.977560
24.317388, 35.612729
24.028525, 37.247387
23.735462, 38.881509
23.438221, 40.515070
23.136823, 42.148043
22.831291, 43.780399
22.521647, 45.412105
22.207914, 47.043128
21.890116, 48.673432
21.568275, 50.302977
21.242416, 51.931720
20.912562, 53.559616
20.578738, 55.186615
20.240969, 56.812662
19.899279, 58.437700
19.553694, 60.061664
19.204239, 61.684485
18.850941, 63.306086
18.493825, 64.926385
18.132919, 66.545291
17.768248, 68.162704
17.399841, 69.778513
17.027724, 71.392597
16.651926, 73.004822
16.272474, 74.615039
15.889398, 76.223083
15.502725, 77.828768
15.112486, 79.431888
14.718709, 81.032212
14.321424, 82.629479
13.920663, 84.223394
13.516455, 85.813623
13.108832, 87.399787
12.697825, 88.981450
12.283467, 90.558112
11.865790, 92.129198
11.444828, 93.694036
11.020614, 95.251847
10.593184, 96.801711
10.162574, 98.342542
9.728819, 99.873047
9.291958, 101.391673
8.852032, 102.896536
8.409081, 104.385334
7.963149, 105.855221
7.514284, 107.302633
7.062538, 108.723056
6.607966, 110.110675
6.150633, 111.457882
5.690614, 112.754522
5.228000, 113.986730
4.762903, 115.135081
4.295472, 116.171501
3.825914, 117.053869
3.354534, 117.716049
2.881819, 118.048100
2.408616, 117.853366
1.936577, 116.744108
1.469441, 113.845999
1.017742, 106.774594
0.622446, 87.341098
0.470707, 37.580635
0.738547, 357.776202
1.168876, 343.885596
1.640452, 338.573004
2.127635, 336.385392
2.623042, 335.624412
3.123836, 335.624301
3.628695, 336.075555
4.136913, 336.815804
4.648070, 337.751966
5.161896, 338.826949
5.678201, 340.003832
6.196847, 341.257695
6.717723, 342.571118
7.240742, 343.931558
7.765826, 345.329762
8.292909, 346.758749
8.821930, 348.213159
9.352834, 349.688805
9.885569, 351.182372
10.420084, 352.691200
10.956331, 354.213128
11.494264, 355.746387
12.033837, 357.289510
12.575006, 358.841274
13.117728, 0.400649
13.661958, 1.966763
14.207654, 3.538871
14.754773, 5.116335
15.303273, 6.698603
15.853112, 8.285197
16.404248, 9.875701
16.956639, 11.469749
17.510242, 13.067020
18.065017, 14.667230
18.620922, 16.270128
19.177915, 17.875491
19.735954, 19.483119
20.294998, 21.092833
20.855005, 22.704473
21.415934, 24.317895
21.977742, 25.932968
22.540389, 27.549575
23.103832, 29.167607
23.668031, 30.786969
24.232942, 32.407570
24.798525, 34.029330
25.364737, 35.652175
25.931538, 37.276037
26.498885, 38.900854
27.066736, 40.526567
27.635049, 42.153123
28.203783, 43.780475
28.772896, 45.408576
29.342346, 47.037385
29.912091, 48.666863
30.482089, 50.296974
31.052298, 51.927684
31.622677, 53.558961
32.193183, 55.190778
32.763774, 56.823106
33.334409, 58.455921
33.905046, 60.089197
34.475643, 61.722915
35.046157, 63.357051
35.616547, 64.991587
36.186772, 66.626504
36.756788, 68.261786
37.326556, 69.897415
37.896031, 71.533376
38.465174, 73.169655
39.033941, 74.806239
39.602292, 76.443113
40.170185, 78.080267
40.737577, 79.717689
41.304428, 81.355367
41.870696, 82.993292
42.436339, 84.631453
43.001315, 86.269842
43.565584, 87.908449
44.129104, 89.547266
44.691833, 91.186285
45.253731, 92.825499
45.814756, 94.464900
46.374867, 96.104481
46.934023, 97.744237
47.492183, 99.384160
48.049306, 101.024244
48.605351, 102.664485
49.160277, 104.304877
49.714044, 105.945413
50.266611, 107.586091
50.817938, 109.226904
51.367984, 110.867848
51.916709, 112.508919
52.464073, 114.150113
53.010035, 115.791425
53.554555, 117.432852
54.097595, 119.074391
54.639113, 120.716037
55.179070, 122.357788
55.717426, 123.999640
56.254143, 125.641589
56.789180, 127.283634
57.322499, 128.925771
57.854060, 130.567997
58.383825, 132.210310
58.911754, 133.852707
59.437809, 135.495186
59.961952, 137.137744
60.484143, 138.780379
61.004346, 140.423089
61.522520, 142.065872
62.038630, 143.708725
62.552636, 145.351647
63.064501, 146.994636
63.574188, 148.637689
64.081658, 150.280806
64.586876, 151.923984
65.089804, 153.567222
65.590405, 155.210518
66.088643, 156.853871
66.584480, 158.497279
67.077881, 160.140740
67.568810, 161.784254
68.057230, 163.427818
68.543105, 165.071432
69.026401, 166.715095
69.507081, 168.358804
69.985111, 170.002559
70.460455, 171.646359
70.933079, 173.290203
71.402947, 174.934088
71.870026, 176.578016
72.334282, 178.221983
72.795679, 179.865991
73.254185, 181.510036
73.709766, 183.154119
74.162388, 184.798239
74.612019, 186.442394
75.058624, 188.086584
75.502173, 189.730808
75.942631, 191.375065
76.379967, 193.019355
76.814149, 194.663676
77.245145, 196.308028
77.672923, 197.952410
78.097453, 199.596822
78.518702, 201.241262
78.936640, 202.885731
79.351236, 204.530226
79.762461, 206.174749
80.170283, 207.819298
80.574674, 209.463872
80.975603, 211.108471
81.373041, 212.753095
81.766958, 214.397742
82.157327, 216.042413
82.544118, 217.687106
82.927303, 219.331821
83.306854, 220.976559
83.682743, 222.621317
84.054943, 224.266096
84.423426, 225.910896
84.788166, 227.555715
85.149135, 229.200554
85.506307, 230.845411
85.859656, 232.490287
86.209157, 234.135181
86.554783, 235.780093
86.896509, 237.425022
87.234310, 239.069968
87.568161, 240.714930
87.898038, 242.359908
88.223917, 244.004902
88.545774, 245.649911
88.863585, 247.294936
89.177327, 248.939975
89.486978, 250.585028
89.792513, 252.230095
90.093911, 253.875176
90.391150, 255.520270
90.684208, 257.165378
90.973064, 258.810497
91.257696, 260.455630
91.538083, 262.100774
91.814206, 263.745930
92.086043, 265.391098
92.353575, 267.036277
92.616783, 268.681467
92.875646, 270.326668
93.130146, 271.971879
93.380265, 273.617100
93.625984, 275.262332
93.867284, 276.907573
94.104149, 278.552823
94.336561, 280.198083
94.564503, 281.843351
94.787958, 283.488628
95.006910, 285.133914
95.221342, 286.779208
95.431240, 288.424509
95.636587, 290.069819
95.837370, 291.715136
96.033572, 293.360461
96.225179, 295.005793
96.412178, 296.651131
96.594555, 298.296477
96.772297, 299.941828
96.945390, 301.587187
97.113821, 303.232551
97.277579, 304.877921
97.436652, 306.523297
97.591027, 308.168678
97.740694, 309.814065
97.885641, 311.459457
98.025858, 313.104854
98.161334, 314.750256
98.292061, 316.395662
98.418027, 318.041072
98.539224, 319.686487
98.655643, 321.331906
98.767276, 322.977329
98.874114, 324.622755
98.976149, 326.268186
99.073374, 327.913619
99.165782, 329.559055
99.253366, 331.204495
99.336120, 332.849937
99.414037, 334.495382
99.487112, 336.140830
99.555340, 337.786280
99.618715, 339.431732
99.677233, 341.077186
99.730890, 342.722642
99.779681, 344.368100
99.823603, 346.013559
99.862654, 347.659019
99.896829, 349.304481
99.926126, 350.949944
99.950544, 352.595407
99.970081, 354.240872
99.984735, 355.886336
99.994504, 357.531802
99.999389, 359.177267
99.999389, 0.822733
99.994504, 2.468198
99.984735, 4.113664
99.970081, 5.759128
99.950544, 7.404593
99.926126, 9.050056
99.896829, 10.695519
99.862654, 12.340981
99.823603, 13.986441
99.779681, 15.631900
99.730890, 17.277358
99.677233, 18.922814
99.618715, 20.568268
99.555340, 22.213720
99.487112, 23.859170
99.414037, 25.504618
99.336120, 27.150063
99.253366, 28.795505
99.165782, 30.440945
99.073374, 32.086381
98.976149, 33.731814
98.874114, 35.377245
98.767276, 37.022671
98.655643, 38.668094
98.539224, 40.313513
98.418027, 41.958928
98.292061, 43.604338
98.161334, 45.249744
98.025858, 46.895146
97.885641, 48.540543
97.740694, 50.185935
97.591027, 51.831322
97.436652, 53.476703
97.277579, 55.122079
97.113821, 56.767449
96.945390, 58.412813
96.772297, 60.058172
96.594555, 61.703523
96.412178, 63.348869
96.225179, 64.994207
96.033572, 66.639539
95.837370, 68.284864
95.636587, 69.930181
95.431240, 71.575491
95.221342, 73.220792
95.006910, 74.866086
94.787958, 76.511372
94.564503, 78.156649
94.336561, 79.801917
94.104149, 81.447177
93.867284, 83.092427
93.625984, 84.737668
93.380265, 86.382900
93.130146, 88.028121
92.875646, 89.673332
92.616783, 91.318533
92.353575, 92.963723
92.086043, 94.608902
91.814206, 96.254070
91.538083, 97.899226
91.257696, 99.544370
90.973064, 101.189503
90.684208, 102.834622
90.391150, 104.479730
90.093911, 106.124824
89.792513, 107.769905
89.486978, 109.414972
89.177327, 111.060025
88.863585, 112.705064
88.545774, 114.350089
88.223917, 115.995098
87.898038, 117.640092
87.568161, 119.285070
87.234310, 120.930032
86.896509, 122.574978
86.554783, 124.219907
86.209157, 125.864819
85.859656, 127.509713
85.506307, 129.154589
85.149135, 130.799446
84.788166, 132.444285
84.423426, 134.089104
84.054943, 135.733904
83.682743, 137.378683
83.306854, 139.023441
82.927303, 140.668179
82.544118, 142.312894
82.157327, 143.957587
81.766958, 145.602258
81.373041, 147.246905
80.975603, 148.891529
80.574674, 150.536128
80.170283, 152.180702
79.762461, 153.825251
79.351236, 155.469774
78.936640, 157.114269
78.518702, 158.758738
78.097453, 160.403178
77.672923, 162.047590
77.245145, 163.691972
76.814149, 165.336324
76.379967, 166.980645
75.942631, 168.624935
75.502173, 170.269192
75.058624, 171.913416
74.612019, 173.557606
74.162388, 175.201761
73.709766, 176.845881
73.254185, 178.489964
72.795679, 180.134009
72.334282, 181.778017
71.870026, 183.421984
71.402947, 185.065912
70.933079, 186.709797
70.460455, 188.353641
69.985111, 189.997441
69.507081, 191.641196
69.026401, 193.284905
68.543105, 194.928568
68.057230, 196.572182
67.568810, 198.215746
67.077881, 199.859260
66.584480, 201.502721
66.088643, 203.146129
65.590405, 204.789482
65.089804, 206.432778
64.586876, 208.076016
64.081658, 209.719194
63.574188, 211.362311
63.064501, 213.005364
62.552636, 214.648353
62.038630, 216.291275
61.522520, 217.934128
61.004346, 219.576911
60.484143, 221.219621
59.961952, 222.862256
59.437809, 224.504814
58.911754, 226.147293
58.383825, 227.789690
57.854060, 229.432003
57.322499, 231.074229
56.789180, 232.716366
56.254143, 234.358411
55.717426, 236.000360
55.179070, 237.642212
54.639113, 239.283963
54.097595, 240.925609
53.554555, 242.567148
53.010035, 244.208575
52.464073, 245.849887
51.916709, 247.491081
51.367984, 249.132152
50.817938, 250.773096
50.266611, 252.413909
49.714044, 254.054587
49.160277, 255.695123
48.605351, 257.335515
48.049306, 258.975756
47.492183, 260.615840
46.934023, 262.255763
46.374867, 263.895519
45.814756, 265.535100
45.253731, 267.174501
44.691833, 268.813715
44.129104, 270.452734
43.565584, 272.091551
43.001315, 273.730158
42.436339, 275.368547
41.870696, 277.006708
41.304428, 278.644633
40.737577, 280.282311
40.170185, 281.919733
39.602292, 283.556887
39.033941, 285.193761
38.465174, 286.830345
37.896031, 288.466624
37.326556, 290.102585
36.756788, 291.738214
36.186772, 293.373496
35.616547, 295.008413
35.046157, 296.642949
34.475643, 298.277085
33.905046, 299.910803
33.334409, 301.544079
32.763774, 303.176894
32.193183, 304.809222
31.622677, 306.441039
31.052298, 308.072316
30.482089, 309.703026
29.912091, 311.333137
29.342346, 312.962615
28.772896, 314.591424
28.203783, 316.219525
27.635049, 317.846877
27.066736, 319.473433
26.498885, 321.099146
25.931538, 322.723963
25.364737, 324.347825
24.798525, 325.970670
24.232942, 327.592430
23.668031, 329.213031
23.103832, 330.832393
22.540389, 332.450425
21.977742, 334.067032
21.415934, 335.682105
20.855005, 337.295527
20.294998, 338.907167
19.735954, 340.516881
19.177915, 342.124509
18.620922, 343.729872
18.065017, 345.332770
17.510242, 346.932980
16.956639, 348.530251
16.404248, 350.124299
15.853112, 351.714803
15.303273, 353.301397
14.754773, 354.883665
14.207654, 356.461129
13.661958, 358.033237
13.117728, 359.599351
12.575006, 1.158726
12.033837, 2.710490
11.494264, 4.253613
10.956331, 5.786872
10.420084, 7.308800
9.885569, 8.817628
9.352834, 10.311195
8.821930, 11.786841
8.292909, 13.241251
7.765826, 14.670238
7.240742, 16.068442
6.717723, 17.428882
6.196847, 18.742305
5.678201, 19.996168
5.161896, 21.173051
4.648070, 22.248034
4.136913, 23.184196
3.628695, 23.924445
3.123836, 24.375699
2.623042, 24.375588
2.127635, 23.614608
1.640452, 21.426996
1.168876, 16.114404
0.738547, 2.223798
0.470707, 322.419365
0.622446, 272.658902
1.017742, 253.225406
1.469441, 246.154001
1.936577, 243.255892
2.408616, 242.146634
2.881819, 241.951900
3.354534, 242.283951
3.825914, 242.946131
4.295472, 243.828499
4.762903, 244.864919
5.228000, 246.013270
5.690614, 247.245478
6.150633, 248.542118
6.607966, 249.889325
7.062538, 251.276944
7.514284, 252.697367
7.963149, 254.144779
8.409081, 255.614666
8.852032, 257.103464
9.291958, 258.608327
9.728819, 260.126953
10.162574, 261.657458
10.593184, 263.198289
11.020614, 264.748153
11.444828, 266.305964
11.865790, 267.870802
12.283467, 269.441888
12.697825, 271.018550
13.108832, 272.600213
13.516455, 274.186377
13.920663, 275.776606
14.321424, 277.370521
14.718709, 278.967788
15.112486, 280.568112
15.502725, 282.171232
15.889398, 283.776917
16.272474, 285.384961
16.651926, 286.995178
17.027724, 288.607403
17.399841, 290.221487
17.768248, 291.837296
18.132919, 293.454709
18.493825, 295.073615
18.850941, 296.693914
19.204239, 298.315515
19.553694, 299.938336
19.899279, 301.562300
20.240969, 303.187338
20.578738, 304.813385
20.912562, 306.440384
21.242416, 308.068280
21.568275, 309.697023
21.890116, 311.326568
22.207914, 312.956872
22.521647, 314.587895
22.831291, 316.219601
23.136823, 317.851957
23.438221, 319.484930
23.735462, 321.118491
24.028525, 322.752613
24.317388, 324.387271
24.602030, 326.022440
24.882430, 327.658099
25.158567, 329.294227
25.430421, 330.930803
25.697972, 332.567811
25.961200, 334.205232
26.220086, 335.843052
26.474611, 337.481254
26.724757, 339.119825
26.970504, 340.758751
27.211835, 342.398020
27.448732, 344.037620
27.681177, 345.677541
27.909154, 347.317771
28.132646, 348.958300
28.351636, 350.599121
28.566109, 352.240224
28.776048, 353.881600
28.981439, 355.523242
29.182266, 357.165143
29.378514, 358.807296
29.570169, 0.449694
29.757216, 2.092331
29.939644, 3.735202
30.117436, 5.378301
30.290582, 7.021623
30.459068, 8.665163
30.622881, 10.308917
30.782010, 11.952881
30.936444, 13.597050
31.086170, 15.241421
31.231177, 16.885990
31.371456, 18.530754
31.506995, 20.175711
31.637786, 21.820857
31.763818, 23.466189
31.885081, 25.111706
32.001568, 26.757404
32.113270, 28.403283
32.220178, 30.049339
32.322285, 31.695572
32.419583, 33.341980
32.512064, 34.988561
32.599724, 36.635314
32.682553, 38.282239
32.760548, 39.929333
32.833702, 41.576597
32.902010, 43.224031
32.965466, 44.871632
33.024066, 46.519401
33.077806, 48.167338
33.126682, 49.815443
33.170691, 51.463716
33.209828, 53.112157
33.244092, 54.760766
33.273479, 56.409543
33.297988, 58.058491
33.317617, 59.707608
33.332364, 61.356897
33.342229, 63.006357
33.347210, 64.655991
33.347308, 66.305799
33.342522, 67.955783
33.332852, 69.605945
33.318300, 71.256286
33.298867, 72.906807
33.274554, 74.557512
33.245362, 76.208403
33.211294, 77.859480
33.172353, 79.510748
33.128542, 81.162209
33.079862, 82.813865
33.026319, 84.465719
32.967917, 86.117775
32.904658, 87.770037
32.836549, 89.422506
32.763595, 91.075188
32.685799, 92.728087
32.603169, 94.381205
32.515711, 96.034548
32.423430, 97.688121
32.326334, 99.341928
32.224430, 100.995974
32.117726, 102.650265
32.006229, 104.304805
31.889947, 105.959602
31.768889, 107.614661
31.643064, 109.269989
31.512482, 110.925593
31.377151, 112.581479
31.237083, 114.237655
31.092287, 115.894129
30.942773, 117.550910
30.788554, 119.208005
30.629640, 120.865425
30.466043, 122.523178
30.297776, 124.181274
30.124850, 125.839725
29.947278, 127.498541
29.765074, 129.157734
29.578251, 130.817316
29.386823, 132.477299
29.190804, 134.137699
28.990208, 135.798528
28.785050, 137.459801
28.575346, 139.121535
28.361111, 140.783747
28.142361, 142.446453
27.919111, 144.109672
27.691379, 145.773424
27.459182, 147.437730
27.222536, 149.102611
26.981460, 150.768090
26.735970, 152.434193
26.486086, 154.100945
26.231825, 155.768372
25.973207, 157.436506
25.710251, 159.105376
25.442977, 160.775015
25.171404, 162.445459
24.895552, 164.116744
24.615443, 165.788910
24.331096, 167.462000
24.042534, 169.136058
23.749778, 170.811133
23.452849, 172.487277
23.151770, 174.164543
22.846564, 175.842993
22.537253, 177.522689
22.223861, 179.203699
21.906411, 180.886097
21.584927, 182.569962
21.259433, 184.255379
20.929955, 185.942441
20.596516, 187.631247
20.259143, 189.321905
19.917861, 191.014532
19.572696, 192.709257
19.223674, 194.406217
18.870823, 196.105565
18.514170, 197.807465
18.153742, 199.512100
17.789567, 201.219669
17.421674, 202.930390
17.050092, 204.644505
16.674850, 206.362282
16.295979, 208.084016
15.913508, 209.810036
15.527469, 211.540708
15.137893, 213.276442
14.744813, 215.017697
14.348262, 216.764989
13.948274, 218.518902
13.544883, 220.280094
13.138125, 222.049320
12.728037, 223.827436
12.314657, 225.615428
11.898025, 227.414434
11.478182, 229.225771
11.055172, 231.050977
10.629039, 232.891853
10.199834, 234.750530
9.767608, 236.629539
9.332418, 238.531916
8.894326, 240.461331
8.453400, 242.422260
8.009719, 244.420224
7.563370, 246.462106
7.114460, 248.556596
6.663111, 250.714827
6.209476, 252.951287
5.753748, 255.285176
5.296175, 257.742468
4.837089, 260.359145
4.376952, 263.186456
3.916430, 266.299785
3.456534, 269.814336
2.998879, 273.914332
2.546218, 278.910606
2.103631, 285.361045
1.681390, 294.332277
1.302396, 307.925262
1.019922, 329.631019
0.930843, 0.114053
1.087291, 28.803817
1.412306, 47.975236
1.819546, 60.037860
2.266621, 68.182981
2.735307, 74.167118
3.217214, 78.881932
3.708078, 82.801340
4.205534, 86.193968
4.708165, 89.221470
5.215071, 91.986251
5.725649, 94.556052
6.239474, 96.977351
6.756235, 99.283038
7.275698, 101.497013
7.797678, 103.637048
8.322026, 105.716620
8.848617, 107.746131
9.377346, 109.733735
9.908122, 111.685913
10.440862, 113.607877
10.975494, 115.503869
11.511948, 117.377373
12.050163, 119.231278
12.590078, 121.068000
13.131638, 122.889574
13.674789, 124.697726
14.219479, 126.493930
14.765658, 128.279454
15.313276, 130.055389
15.862286, 131.822686
16.412640, 133.582173
16.964293, 135.334576
17.517199, 137.080534
18.071312, 138.820610
18.626588, 140.555305
19.182982, 142.285064
19.740451, 144.010285
20.298951, 145.731323
20.858437, 147.448498
21.418867, 149.162098
21.980198, 150.872383
22.542386, 152.579588
23.105389, 154.283928
23.669163, 155.985596
24.233665, 157.684769
24.798854, 159.381610
25.364686, 161.076266
25.931119, 162.768874
26.498111, 164.459558
27.065618, 166.148433
27.633598, 167.835605
28.202009, 169.521171
28.770809, 171.205223
29.339954, 172.887844
29.909403, 174.569111
30.479114, 176.249097
31.049044, 177.927870
31.619150, 179.605490
32.189391, 181.282018
32.759724, 182.957506
33.330107, 184.632006
33.900497, 186.305566
34.470854, 187.978230
35.041134, 189.650040
35.611295, 191.321035
36.181295, 192.991252
36.751093, 194.660726
37.320646, 196.329489
37.889912, 197.997572
38.458849, 199.665003
39.027415, 201.331811
39.595569, 202.998021
40.163268, 204.663657
40.730471, 206.328743
41.297136, 207.993301
41.863221, 209.657350
42.428685, 211.320911
42.993486, 212.984003
43.557582, 214.646642
44.120932, 216.308847
44.683495, 217.970632
45.245229, 219.632013
45.806093, 221.293004
46.366046, 222.953620
46.925046, 224.613873
47.483052, 226.273776
48.040025, 227.933340
48.595921, 229.592578
49.150702, 231.251500
49.704325, 232.910115
50.256750, 234.568436
50.807938, 236.226470
51.357846, 237.884226
51.906436, 239.541714
52.453666, 241.198943
52.999497, 242.855918
53.543888, 244.512650
54.086799, 246.169144
54.628191, 247.825408
55.168024, 249.481448
55.706258, 251.137272
56.242854, 252.792884
56.777772, 254.448292
57.310973, 256.103501
57.842418, 257.758517
58.372068, 259.413344
58.899884, 261.067988
59.425828, 262.722454
59.949860, 264.376746
60.471943, 266.030870
60.992038, 267.684829
61.510107, 269.338628
62.026111, 270.992270
62.540014, 272.645760
63.051777, 274.299102
63.561363, 275.952299
64.068734, 277.605355
64.573854, 279.258273
65.076684, 280.911056
65.577189, 282.563708
66.075332, 284.216232
66.571076, 285.868630
67.064384, 287.520906
67.555221, 289.173062
68.043550, 290.825102
68.529337, 292.477026
69.012544, 294.128839
69.493137, 295.780543
69.971080, 297.432139
70.446339, 299.083630
70.918878, 300.735019
71.388663, 302.386307
71.855660, 304.037497
72.319833, 305.688590
72.781150, 307.339589
##END=
