-------------------------------------------------------------
----------------------- !PROPERTIES! ------------------------
-------------------------------------------------------------
# -----------------------------------------------------------
$ PAL_Flags
   description: The PAL Flags
   geom. index: 1
   prop. index: 1
        Diskflag:     2
# -----------------------------------------------------------
$ SCF_Energy
   description: The SCF energy
   geom. index: 1
   prop. index: 1
        SCF Energy:    -1072.6955955667
# -----------------------------------------------------------
$ DFT_Energy
   description: The DFT energy
   geom. index: 1
   prop. index: 1
   Number of Alpha Electrons                 93.0000986335 
   Number of Beta  Electrons                 92.0000947232 
   Total number of  Electrons               185.0001933567 
   Exchange energy                          -75.6128661257 
   Correlation energy                        -4.8768668405 
   Correlation energy NL                      0.0000000000 
   Exchange-Correlation energy              -80.4897329662 
   Embedding correction                       0.0000000000 
   Total DFT Energy (No VdW correction)   -1072.6955955667 
# -----------------------------------------------------------
$ Mayer_Pop
   description: The Mayer population analysis
   geom. index: 1
   prop. index: 1
     Number of atoms                     : 47
     Threshold for printing              : 0.1000000
     Number of bond orders printed       : 53
  NA   - Mulliken gross atomic population
  ZA   - Total nuclear charge
  QA   - Mulliken gross atomic charge
  VA   - Mayer's total valence
  BVA  - Mayer's bonded valence
  FA   - Mayer's free valence
  ATOM       NA         ZA         QA         VA         BVA        FA
  0   0     6.0741     6.0000    -0.0741     3.9237     3.9147     0.0090
  1   0     6.1944     6.0000    -0.1944     3.8465     3.7893     0.0572
  2   0     6.1774     6.0000    -0.1774     3.9074     3.9045     0.0029
  3   0     6.2683     6.0000    -0.2683     3.7905     3.7865     0.0040
  4   0     5.8673     6.0000     0.1327     3.6855     3.6728     0.0127
  5   0     6.3270     6.0000    -0.3270     3.9088     3.8718     0.0370
  6   0     5.8581     6.0000     0.1419     3.6774     3.6648     0.0126
  7   0     6.3260     6.0000    -0.3260     3.9078     3.8708     0.0370
  8   0     6.0748     6.0000    -0.0748     3.9247     3.9157     0.0090
  9   0     6.1931     6.0000    -0.1931     3.8462     3.7890     0.0572
 10   0     6.1794     6.0000    -0.1794     3.9088     3.9059     0.0029
 11   0     6.2772     6.0000    -0.2772     3.7908     3.7868     0.0040
 12   0     5.3141     6.0000     0.6859     2.8853     2.8851     0.0002
 13   0     5.9463     6.0000     0.0537     3.9289     3.9288     0.0001
 14   0     6.1749     6.0000    -0.1749     4.0810     4.0808     0.0002
 15   0     6.2486     6.0000    -0.2486     3.9868     3.9868     0.0000
 16   0     5.6833     6.0000     0.3167     3.7846     3.7846     0.0000
 17   0     6.2442     6.0000    -0.2442     4.0136     4.0135     0.0001
 18   0     6.2264     6.0000    -0.2264     4.0743     4.0743     0.0000
 19   0     7.5054     7.0000    -0.5054     2.9513     2.9513     0.0000
 20   0     5.9496     6.0000     0.0504     3.9357     3.9356     0.0001
 21   0     6.1751     6.0000    -0.1751     4.0805     4.0803     0.0002
 22   0     6.2475     6.0000    -0.2475     3.9853     3.9853     0.0000
 23   0     5.6838     6.0000     0.3162     3.7860     3.7860     0.0000
 24   0     6.2442     6.0000    -0.2442     4.0138     4.0137     0.0001
 25   0     6.2275     6.0000    -0.2275     4.0765     4.0765     0.0000
 26   0     7.5054     7.0000    -0.5054     2.9516     2.9516     0.0000
 27   0     0.9457     1.0000     0.0543     0.9687     0.9687     0.0000
 28   0     0.9513     1.0000     0.0487     0.9739     0.9734     0.0005
 29   0     0.9413     1.0000     0.0587     0.9918     0.9918     0.0000
 30   0     0.9412     1.0000     0.0588     0.9787     0.9784     0.0003
 31   0     0.9411     1.0000     0.0589     0.9786     0.9783     0.0003
 32   0     0.9457     1.0000     0.0543     0.9688     0.9688     0.0000
 33   0     0.9513     1.0000     0.0487     0.9739     0.9734     0.0005
 34   0     0.9405     1.0000     0.0595     0.9914     0.9914     0.0000
 35   0     0.8456     1.0000     0.1544     0.9573     0.9573     0.0000
 36   0     0.9238     1.0000     0.0762     0.9841     0.9841     0.0000
 37   0     0.9270     1.0000     0.0730     0.9835     0.9835     0.0000
 38   0     0.8720     1.0000     0.1280     0.9685     0.9685     0.0000
 39   0     0.7774     1.0000     0.2226     0.9490     0.9490     0.0000
 40   0     0.7790     1.0000     0.2210     0.9492     0.9492     0.0000
 41   0     0.8456     1.0000     0.1544     0.9571     0.9571     0.0000
 42   0     0.9237     1.0000     0.0763     0.9840     0.9840     0.0000
 43   0     0.9268     1.0000     0.0732     0.9835     0.9835     0.0000
 44   0     0.8711     1.0000     0.1289     0.9683     0.9683     0.0000
 45   0     0.7774     1.0000     0.2226     0.9490     0.9490     0.0000
 46   0     0.7790     1.0000     0.2210     0.9492     0.9492     0.0000
      Bond orders larger than 0.1000000
           Atom A     A.N. of A          Atom B    A.N. of B              Bond order
                0             6               1            6                1.369949
                0             6               5            6                1.481009
                0             6              27            1                0.993017
                1             6               2            6                1.283800
                1             6              28            1                1.000480
                2             6               3            6                1.519186
                2             6              29            1                0.975872
                3             6               4            6                1.258947
                3             6              12            6                0.717168
                3             6              20            6                0.128682
                4             6               5            6                1.220956
                4             6               6            6                1.192011
                5             6              30            1                1.007685
                6             6               7            6                1.220538
                6             6              11            6                1.257348
                7             6               8            6                1.480852
                7             6              31            1                1.007650
                8             6               9            6                1.370820
                8             6              32            1                0.992881
                9             6              10            6                1.283390
                9             6              33            1                1.000376
               10             6              11            6                1.519824
               10             6              34            1                0.975264
               11             6              12            6                0.710573
               11             6              13            6                0.127326
               12             6              13            6                0.806762
               12             6              20            6                0.803371
               13             6              14            6                1.418130
               13             6              18            6                1.416290
               14             6              15            6                1.478060
               14             6              35            1                0.946196
               15             6              16            6                1.379739
               15             6              36            1                0.967967
               16             6              17            6                1.376290
               16             6              19            7                0.989746
               17             6              18            6                1.481278
               17             6              37            1                0.967201
               18             6              38            1                0.964940
               19             7              39            1                0.933425
               19             7              40            1                0.933639
               20             6              21            6                1.420399
               20             6              25            6                1.417071
               21             6              22            6                1.477701
               21             6              41            1                0.945902
               22             6              23            6                1.380242
               22             6              42            1                0.967884
               23             6              24            6                1.376308
               23             6              26            7                0.990021
               24             6              25            6                1.482063
               24             6              43            1                0.967095
               25             6              44            1                0.964134
               26             7              45            1                0.933452
               26             7              46            1                0.933618
# -----------------------------------------------------------
$ MP2_Energies
   description: The MP2 energies
   geom. index: 1
   prop. index: 1
        Reference Energy:      -1072.6955955667
        Correlation Energy:       -1.0641364682
        Total MP2 Energy:      -1073.7597320349
# -----------------------------------------------------------
$ VdW_Correction
   description: The Van der Waals Correction
   geom. index: 1
   prop. index: 1
        Van der Waals Correction:       -0.0310808325
# -----------------------------------------------------------
$ Calculation_Info
   description: Details of the calculation
   geom. index: 1
   prop. index: 1
     Multiplicity:                          2
     Charge:                                -1
     number of atoms:                       47
     number of electrons:                   0
     number of frozen core electrons:       1
     number of correlated electrons:        0
     number of basis functions:             957
     number of aux C basis functions:       2352
     number of aux J basis functions:       0
     number of aux JK basis functions:      2389
     number of aux CABS basis functions:    0
     Total Energy                           -1073.790813
# -----------------------------------------------------------
$ SCF_Electric_Properties
   description: The SCF Calculated Electric Properties
   geom. index: 1
   prop. index: 1
       Filename                          : C:/Users/emanuele/Desktop/PlacementEssay/PlacementEssay/backup/ChemspeedPlatformAllVersions/V12/Workflows/DataAnalysisWorkflow/FeatureGeneration/calculationFiles/548388//anionRadical/548388.scfp 
       Do Dipole Moment Calculation      : true 
       Do Quadrupole Moment Calculation  : false 
       Do Polarizability Calculation     : false 
** Dipole moment part of electric properties **
        Magnitude of dipole moment (Debye) :        6.8531665051
        Electronic Contribution:
                  0    
      0      -1.547023
      1       0.065830
      2       0.335779
        Nuclear Contribution:
                  0    
      0       4.175261
      1      -0.233837
      2      -0.913334
        Total Dipole moment:
                  0    
      0       2.628238
      1      -0.168007
      2      -0.577555
# -------------------------------------------------------------
----------------------- !GEOMETRIES! ------------------------
# -------------------------------------------------------------
------------------------ !GEOMETRY! -------------------------
    Number of atoms:    47 
    Geometry Index:     1 
    Coordinates:
               0 C     -3.805866000000   -0.392734000000   -2.165186000000
               1 C     -2.620049000000   -0.558900000000   -2.874388000000
               2 C     -1.390560000000   -0.447403000000   -2.232738000000
               3 C     -1.361745000000   -0.161399000000   -0.882834000000
               4 C     -2.553638000000    0.003353000000   -0.165431000000
               5 C     -3.781438000000   -0.111936000000   -0.805871000000
               6 C     -2.225552000000    0.291740000000    1.226074000000
               7 C     -3.044039000000    0.542713000000    2.320618000000
               8 C     -2.458053000000    0.787259000000    3.555073000000
               9 C     -1.073323000000    0.783699000000    3.693673000000
              10 C     -0.253310000000    0.536881000000    2.597091000000
              11 C     -0.832037000000    0.286349000000    1.369376000000
              12 C     -0.149832000000    0.003465000000    0.032411000000
              13 C      0.707341000000    1.210482000000   -0.335492000000
              14 C      0.193304000000    2.275340000000   -1.068175000000
              15 C      0.943410000000    3.411456000000   -1.317073000000
              16 C      2.245871000000    3.529818000000   -0.829936000000
              17 C      2.766148000000    2.464161000000   -0.091417000000
              18 C      2.006705000000    1.334993000000    0.151470000000
              19 N      3.029740000000    4.639738000000   -1.135788000000
              20 C      0.639227000000   -1.301299000000    0.032674000000
              21 C      0.379192000000   -2.314506000000    0.949435000000
              22 C      1.035074000000   -3.531795000000    0.888539000000
              23 C      1.979317000000   -3.786971000000   -0.106811000000
              24 C      2.242241000000   -2.773801000000   -1.032074000000
              25 C      1.579828000000   -1.562673000000   -0.961472000000
              26 N      2.693500000000   -4.982454000000   -0.130784000000
              27 H     -4.754481000000   -0.485763000000   -2.677595000000
              28 H     -2.654275000000   -0.779737000000   -3.933055000000
              29 H     -0.471819000000   -0.580623000000   -2.787741000000
              30 H     -4.706960000000    0.012998000000   -0.258598000000
              31 H     -4.121642000000    0.549758000000    2.218090000000
              32 H     -3.082650000000    0.984712000000    4.416447000000
              33 H     -0.630551000000    0.977923000000    4.661633000000
              34 H      0.822522000000    0.538386000000    2.708808000000
              35 H     -0.815476000000    2.221876000000   -1.452388000000
              36 H      0.514339000000    4.217409000000   -1.900402000000
              37 H      3.777966000000    2.521429000000    0.292020000000
              38 H      2.443008000000    0.525024000000    0.719492000000
              39 H      2.505134000000    5.477623000000   -1.327224000000
              40 H      3.766021000000    4.822879000000   -0.473787000000
              41 H     -0.352160000000   -2.155545000000    1.729211000000
              42 H      0.814402000000   -4.294191000000    1.626128000000
              43 H      2.977248000000   -2.937214000000   -1.811303000000
              44 H      1.814090000000   -0.796965000000   -1.688073000000
              45 H      2.215745000000   -5.759442000000    0.295801000000
              46 H      3.048087000000   -5.236109000000   -1.038431000000
