##TITLE= Parameter file, TopSpin 4.3.0
##JCAMPDX= 5.0
##DATATYPE= Parameter Values
##ORIGIN= Bruker BioSpin GmbH
##OWNER= nmrsu
$$ 2024-05-09 13:10:51.753 +0100  nmrsu@4CE1161FJM
$$ C:/Bruker/TopSpin4.3.0/exp/stan/nmr/lists/wave/user/multisupp_aux_d8
$$ process C:\Bruker\TopSpin4.3.0\prog\mod\xwinshape.exe
##MINX= 14.07252700
##MAXX= 99.99953400
##MINY= 0.47293600
##MAXY= 359.52706400
##$SHAPE_ADDPHASE= 0
##$SHAPE_AMP= 99.99953413
##$SHAPE_BWFAC= 0
##$SHAPE_BWFAC50= 0
##$SHAPE_CALCBW= yes
##$SHAPE_CALCINTEG= yes
##$SHAPE_EXMODE= <Excitation>
##$SHAPE_EXPAND= <>
##$SHAPE_EXPANDCF= (0..143)
0 0 0 0 0 0 0 0 0 0 0 0 0 0 0 0 0 0 0 0 0 0 0 0 0 0 0 0 0 0 0 0 0 0 0 0
0 0 0 0 0 0 0 0 0 0 0 0 0 0 0 0 0 0 0 0 0 0 0 0 0 0 0 0 0 0 0 0 0 0 0 0
0 0 0 0 0 0 0 0 0 0 0 0 0 0 0 0 0 0 0 0 0 0 0 0 0 0 0 0 0 0 0 0 0 0 0 0
0 0 0 0 0 0 0 0 0 0 0 0 0 0 0 0 0 0 0 0 0 0 0 0 0 0 0 0 0 0 0 0 0 0 0 0
##$SHAPE_EXPFAC= 0
##$SHAPE_FRACEND= 0
##$SHAPE_FRACORG= 0
##$SHAPE_FRACSTART= 0
##$SHAPE_INTEGFAC= 0
##$SHAPE_KEEPRES= yes
##$SHAPE_LENGTH= 25000.000373
##$SHAPE_MAN= <M>
##$SHAPE_MODE= 4
##$SHAPE_MODFREQ= 0
##$SHAPE_MODPHASE= 0
##$SHAPE_MODSCALE= 0
##$SHAPE_MODSW= 0
##$SHAPE_MODSWDIR= -1
##$SHAPE_NPOINTS= 1250
##$SHAPE_OFFS= <1 4>
##$SHAPE_OFFSCOEFF= (0..95)
-160.16992 0 100 -213.55589 0 100 -227.88626 0 100 -296.40919 0 100 0 0
0 0 0 0 0 0 0 0 0 0 0 0 0 0 0 0 0 0 0 0 0 0 0 0 0 0 0 0 0 0 0 0 0 0 0 0
0 0 0 0 0 0 0 0 0 0 0 0 0 0 0 0 0 0 0 0 0 0 0 0 0 0 0 0 0 0 0 0 0 0 0 0
0 0 0 0 0 0 0 0 0 0
##$SHAPE_PARAMETER= <>
##$SHAPE_REPHFAC= 0
##$SHAPE_RES= 0
##$SHAPE_SCALEFAC= 1.00000466
##$SHAPE_SCALETYPE= 0
##$SHAPE_SPOAL= 0
##$SHAPE_SPOFFS= 0
##$SHAPE_SPOPH= 0
##$SHAPE_TOTROT= 90
##$SHAPE_TYPE= <Excitation>
##$SHAPE_USER_DEF= <>
##$SHAPE_VERSION= 2.1
##$SHL_ADDPHASE= (0..15)
0 0 0 0 0 0 0 0 0 0 0 0 0 0 0 0
##$SHL_ALIGNOFFSET= (0..15)
0 0 0 0 0 0 0 0 0 0 0 0 0 0 0 0
##$SHL_AMP= (0..15)
100 0 0 0 0 0 0 0 0 0 0 0 0 0 0 0
##$SHL_AMPFAC= (0..15)
0 0 0 0 0 0 0 0 0 0 0 0 0 0 0 0
##$SHL_BETA= (0..15)
0 0 0 0 0 0 0 0 0 0 0 0 0 0 0 0
##$SHL_BWFAC= (0..15)
1.116 0 0 0 0 0 0 0 0 0 0 0 0 0 0 0
##$SHL_CALCBW= (0..15)
yes yes yes yes yes yes yes yes yes yes yes yes yes yes yes yes
##$SHL_CALCINTEG= (0..15)
yes yes yes yes yes yes yes yes yes yes yes yes yes yes yes yes
##$SHL_CENTERAMP= (0..15)
0 0 0 0 0 0 0 0 0 0 0 0 0 0 0 0
##$SHL_CYCNUM= (0..15)
0 0 0 0 0 0 0 0 0 0 0 0 0 0 0 0
##$SHL_DIPOLCPL= (0..15)
0 0 0 0 0 0 0 0 0 0 0 0 0 0 0 0
##$SHL_ENDAMP= (0..15)
0 0 0 0 0 0 0 0 0 0 0 0 0 0 0 0
##$SHL_EXMODE= (0..15)
<Excitation> <> <> <> <> <> <> <> <> <> <> <> <> <> <> <>
##$SHL_EXPAND= (0..15)
<> <> <> <> <> <> <> <> <> <> <> <> <> <> <> <>
##$SHL_EXPANDCF0= (0..143)
0 0 0 0 0 0 0 0 0 0 0 0 0 0 0 0 0 0 0 0 0 0 0 0 0 0 0 0 0 0 0 0 0 0 0 0
0 0 0 0 0 0 0 0 0 0 0 0 0 0 0 0 0 0 0 0 0 0 0 0 0 0 0 0 0 0 0 0 0 0 0 0
0 0 0 0 0 0 0 0 0 0 0 0 0 0 0 0 0 0 0 0 0 0 0 0 0 0 0 0 0 0 0 0 0 0 0 0
0 0 0 0 0 0 0 0 0 0 0 0 0 0 0 0 0 0 0 0 0 0 0 0 0 0 0 0 0 0 0 0 0 0 0 0
##$SHL_EXPANDCF1= (0..143)
0 0 0 0 0 0 0 0 0 0 0 0 0 0 0 0 0 0 0 0 0 0 0 0 0 0 0 0 0 0 0 0 0 0 0 0
0 0 0 0 0 0 0 0 0 0 0 0 0 0 0 0 0 0 0 0 0 0 0 0 0 0 0 0 0 0 0 0 0 0 0 0
0 0 0 0 0 0 0 0 0 0 0 0 0 0 0 0 0 0 0 0 0 0 0 0 0 0 0 0 0 0 0 0 0 0 0 0
0 0 0 0 0 0 0 0 0 0 0 0 0 0 0 0 0 0 0 0 0 0 0 0 0 0 0 0 0 0 0 0 0 0 0 0
##$SHL_EXPANDCF10= (0..143)
0 0 0 0 0 0 0 0 0 0 0 0 0 0 0 0 0 0 0 0 0 0 0 0 0 0 0 0 0 0 0 0 0 0 0 0
0 0 0 0 0 0 0 0 0 0 0 0 0 0 0 0 0 0 0 0 0 0 0 0 0 0 0 0 0 0 0 0 0 0 0 0
0 0 0 0 0 0 0 0 0 0 0 0 0 0 0 0 0 0 0 0 0 0 0 0 0 0 0 0 0 0 0 0 0 0 0 0
0 0 0 0 0 0 0 0 0 0 0 0 0 0 0 0 0 0 0 0 0 0 0 0 0 0 0 0 0 0 0 0 0 0 0 0
##$SHL_EXPANDCF11= (0..143)
0 0 0 0 0 0 0 0 0 0 0 0 0 0 0 0 0 0 0 0 0 0 0 0 0 0 0 0 0 0 0 0 0 0 0 0
0 0 0 0 0 0 0 0 0 0 0 0 0 0 0 0 0 0 0 0 0 0 0 0 0 0 0 0 0 0 0 0 0 0 0 0
0 0 0 0 0 0 0 0 0 0 0 0 0 0 0 0 0 0 0 0 0 0 0 0 0 0 0 0 0 0 0 0 0 0 0 0
0 0 0 0 0 0 0 0 0 0 0 0 0 0 0 0 0 0 0 0 0 0 0 0 0 0 0 0 0 0 0 0 0 0 0 0
##$SHL_EXPANDCF12= (0..143)
0 0 0 0 0 0 0 0 0 0 0 0 0 0 0 0 0 0 0 0 0 0 0 0 0 0 0 0 0 0 0 0 0 0 0 0
0 0 0 0 0 0 0 0 0 0 0 0 0 0 0 0 0 0 0 0 0 0 0 0 0 0 0 0 0 0 0 0 0 0 0 0
0 0 0 0 0 0 0 0 0 0 0 0 0 0 0 0 0 0 0 0 0 0 0 0 0 0 0 0 0 0 0 0 0 0 0 0
0 0 0 0 0 0 0 0 0 0 0 0 0 0 0 0 0 0 0 0 0 0 0 0 0 0 0 0 0 0 0 0 0 0 0 0
##$SHL_EXPANDCF13= (0..143)
0 0 0 0 0 0 0 0 0 0 0 0 0 0 0 0 0 0 0 0 0 0 0 0 0 0 0 0 0 0 0 0 0 0 0 0
0 0 0 0 0 0 0 0 0 0 0 0 0 0 0 0 0 0 0 0 0 0 0 0 0 0 0 0 0 0 0 0 0 0 0 0
0 0 0 0 0 0 0 0 0 0 0 0 0 0 0 0 0 0 0 0 0 0 0 0 0 0 0 0 0 0 0 0 0 0 0 0
0 0 0 0 0 0 0 0 0 0 0 0 0 0 0 0 0 0 0 0 0 0 0 0 0 0 0 0 0 0 0 0 0 0 0 0
##$SHL_EXPANDCF14= (0..143)
0 0 0 0 0 0 0 0 0 0 0 0 0 0 0 0 0 0 0 0 0 0 0 0 0 0 0 0 0 0 0 0 0 0 0 0
0 0 0 0 0 0 0 0 0 0 0 0 0 0 0 0 0 0 0 0 0 0 0 0 0 0 0 0 0 0 0 0 0 0 0 0
0 0 0 0 0 0 0 0 0 0 0 0 0 0 0 0 0 0 0 0 0 0 0 0 0 0 0 0 0 0 0 0 0 0 0 0
0 0 0 0 0 0 0 0 0 0 0 0 0 0 0 0 0 0 0 0 0 0 0 0 0 0 0 0 0 0 0 0 0 0 0 0
##$SHL_EXPANDCF15= (0..143)
0 0 0 0 0 0 0 0 0 0 0 0 0 0 0 0 0 0 0 0 0 0 0 0 0 0 0 0 0 0 0 0 0 0 0 0
0 0 0 0 0 0 0 0 0 0 0 0 0 0 0 0 0 0 0 0 0 0 0 0 0 0 0 0 0 0 0 0 0 0 0 0
0 0 0 0 0 0 0 0 0 0 0 0 0 0 0 0 0 0 0 0 0 0 0 0 0 0 0 0 0 0 0 0 0 0 0 0
0 0 0 0 0 0 0 0 0 0 0 0 0 0 0 0 0 0 0 0 0 0 0 0 0 0 0 0 0 0 0 0 0 0 0 0
##$SHL_EXPANDCF2= (0..143)
0 0 0 0 0 0 0 0 0 0 0 0 0 0 0 0 0 0 0 0 0 0 0 0 0 0 0 0 0 0 0 0 0 0 0 0
0 0 0 0 0 0 0 0 0 0 0 0 0 0 0 0 0 0 0 0 0 0 0 0 0 0 0 0 0 0 0 0 0 0 0 0
0 0 0 0 0 0 0 0 0 0 0 0 0 0 0 0 0 0 0 0 0 0 0 0 0 0 0 0 0 0 0 0 0 0 0 0
0 0 0 0 0 0 0 0 0 0 0 0 0 0 0 0 0 0 0 0 0 0 0 0 0 0 0 0 0 0 0 0 0 0 0 0
##$SHL_EXPANDCF3= (0..143)
0 0 0 0 0 0 0 0 0 0 0 0 0 0 0 0 0 0 0 0 0 0 0 0 0 0 0 0 0 0 0 0 0 0 0 0
0 0 0 0 0 0 0 0 0 0 0 0 0 0 0 0 0 0 0 0 0 0 0 0 0 0 0 0 0 0 0 0 0 0 0 0
0 0 0 0 0 0 0 0 0 0 0 0 0 0 0 0 0 0 0 0 0 0 0 0 0 0 0 0 0 0 0 0 0 0 0 0
0 0 0 0 0 0 0 0 0 0 0 0 0 0 0 0 0 0 0 0 0 0 0 0 0 0 0 0 0 0 0 0 0 0 0 0
##$SHL_EXPANDCF4= (0..143)
0 0 0 0 0 0 0 0 0 0 0 0 0 0 0 0 0 0 0 0 0 0 0 0 0 0 0 0 0 0 0 0 0 0 0 0
0 0 0 0 0 0 0 0 0 0 0 0 0 0 0 0 0 0 0 0 0 0 0 0 0 0 0 0 0 0 0 0 0 0 0 0
0 0 0 0 0 0 0 0 0 0 0 0 0 0 0 0 0 0 0 0 0 0 0 0 0 0 0 0 0 0 0 0 0 0 0 0
0 0 0 0 0 0 0 0 0 0 0 0 0 0 0 0 0 0 0 0 0 0 0 0 0 0 0 0 0 0 0 0 0 0 0 0
##$SHL_EXPANDCF5= (0..143)
0 0 0 0 0 0 0 0 0 0 0 0 0 0 0 0 0 0 0 0 0 0 0 0 0 0 0 0 0 0 0 0 0 0 0 0
0 0 0 0 0 0 0 0 0 0 0 0 0 0 0 0 0 0 0 0 0 0 0 0 0 0 0 0 0 0 0 0 0 0 0 0
0 0 0 0 0 0 0 0 0 0 0 0 0 0 0 0 0 0 0 0 0 0 0 0 0 0 0 0 0 0 0 0 0 0 0 0
0 0 0 0 0 0 0 0 0 0 0 0 0 0 0 0 0 0 0 0 0 0 0 0 0 0 0 0 0 0 0 0 0 0 0 0
##$SHL_EXPANDCF6= (0..143)
0 0 0 0 0 0 0 0 0 0 0 0 0 0 0 0 0 0 0 0 0 0 0 0 0 0 0 0 0 0 0 0 0 0 0 0
0 0 0 0 0 0 0 0 0 0 0 0 0 0 0 0 0 0 0 0 0 0 0 0 0 0 0 0 0 0 0 0 0 0 0 0
0 0 0 0 0 0 0 0 0 0 0 0 0 0 0 0 0 0 0 0 0 0 0 0 0 0 0 0 0 0 0 0 0 0 0 0
0 0 0 0 0 0 0 0 0 0 0 0 0 0 0 0 0 0 0 0 0 0 0 0 0 0 0 0 0 0 0 0 0 0 0 0
##$SHL_EXPANDCF7= (0..143)
0 0 0 0 0 0 0 0 0 0 0 0 0 0 0 0 0 0 0 0 0 0 0 0 0 0 0 0 0 0 0 0 0 0 0 0
0 0 0 0 0 0 0 0 0 0 0 0 0 0 0 0 0 0 0 0 0 0 0 0 0 0 0 0 0 0 0 0 0 0 0 0
0 0 0 0 0 0 0 0 0 0 0 0 0 0 0 0 0 0 0 0 0 0 0 0 0 0 0 0 0 0 0 0 0 0 0 0
0 0 0 0 0 0 0 0 0 0 0 0 0 0 0 0 0 0 0 0 0 0 0 0 0 0 0 0 0 0 0 0 0 0 0 0
##$SHL_EXPANDCF8= (0..143)
0 0 0 0 0 0 0 0 0 0 0 0 0 0 0 0 0 0 0 0 0 0 0 0 0 0 0 0 0 0 0 0 0 0 0 0
0 0 0 0 0 0 0 0 0 0 0 0 0 0 0 0 0 0 0 0 0 0 0 0 0 0 0 0 0 0 0 0 0 0 0 0
0 0 0 0 0 0 0 0 0 0 0 0 0 0 0 0 0 0 0 0 0 0 0 0 0 0 0 0 0 0 0 0 0 0 0 0
0 0 0 0 0 0 0 0 0 0 0 0 0 0 0 0 0 0 0 0 0 0 0 0 0 0 0 0 0 0 0 0 0 0 0 0
##$SHL_EXPANDCF9= (0..143)
0 0 0 0 0 0 0 0 0 0 0 0 0 0 0 0 0 0 0 0 0 0 0 0 0 0 0 0 0 0 0 0 0 0 0 0
0 0 0 0 0 0 0 0 0 0 0 0 0 0 0 0 0 0 0 0 0 0 0 0 0 0 0 0 0 0 0 0 0 0 0 0
0 0 0 0 0 0 0 0 0 0 0 0 0 0 0 0 0 0 0 0 0 0 0 0 0 0 0 0 0 0 0 0 0 0 0 0
0 0 0 0 0 0 0 0 0 0 0 0 0 0 0 0 0 0 0 0 0 0 0 0 0 0 0 0 0 0 0 0 0 0 0 0
##$SHL_EXPFAC= (0..15)
0 0 0 0 0 0 0 0 0 0 0 0 0 0 0 0
##$SHL_FRACEND= (0..15)
0 0 0 0 0 0 0 0 0 0 0 0 0 0 0 0
##$SHL_FRACORG= (0..15)
0 0 0 0 0 0 0 0 0 0 0 0 0 0 0 0
##$SHL_FRACSTART= (0..15)
0 0 0 0 0 0 0 0 0 0 0 0 0 0 0 0
##$SHL_FULLHALF= (0..15)
0 0 0 0 0 0 0 0 0 0 0 0 0 0 0 0
##$SHL_FUNCAMP= (0..15)
100 0 0 0 0 0 0 0 0 0 0 0 0 0 0 0
##$SHL_FUNCTION= (0..15)
<Rectangle> <> <> <> <> <> <> <> <> <> <> <> <> <> <> <>
##$SHL_GCO= (0..15)
<> <> <> <> <> <> <> <> <> <> <> <> <> <> <> <>
##$SHL_GCOCOEFFS0= (0..59)
0 0 0 0 0 0 0 0 0 0 0 0 0 0 0 0 0 0 0 0 0 0 0 0 0 0 0 0 0 0 0 0 0 0 0 0
0 0 0 0 0 0 0 0 0 0 0 0 0 0 0 0 0 0 0 0 0 0 0 0
##$SHL_GCOCOEFFS1= (0..59)
0 0 0 0 0 0 0 0 0 0 0 0 0 0 0 0 0 0 0 0 0 0 0 0 0 0 0 0 0 0 0 0 0 0 0 0
0 0 0 0 0 0 0 0 0 0 0 0 0 0 0 0 0 0 0 0 0 0 0 0
##$SHL_GCOCOEFFS10= (0..59)
0 0 0 0 0 0 0 0 0 0 0 0 0 0 0 0 0 0 0 0 0 0 0 0 0 0 0 0 0 0 0 0 0 0 0 0
0 0 0 0 0 0 0 0 0 0 0 0 0 0 0 0 0 0 0 0 0 0 0 0
##$SHL_GCOCOEFFS11= (0..59)
0 0 0 0 0 0 0 0 0 0 0 0 0 0 0 0 0 0 0 0 0 0 0 0 0 0 0 0 0 0 0 0 0 0 0 0
0 0 0 0 0 0 0 0 0 0 0 0 0 0 0 0 0 0 0 0 0 0 0 0
##$SHL_GCOCOEFFS12= (0..59)
0 0 0 0 0 0 0 0 0 0 0 0 0 0 0 0 0 0 0 0 0 0 0 0 0 0 0 0 0 0 0 0 0 0 0 0
0 0 0 0 0 0 0 0 0 0 0 0 0 0 0 0 0 0 0 0 0 0 0 0
##$SHL_GCOCOEFFS13= (0..59)
0 0 0 0 0 0 0 0 0 0 0 0 0 0 0 0 0 0 0 0 0 0 0 0 0 0 0 0 0 0 0 0 0 0 0 0
0 0 0 0 0 0 0 0 0 0 0 0 0 0 0 0 0 0 0 0 0 0 0 0
##$SHL_GCOCOEFFS14= (0..59)
0 0 0 0 0 0 0 0 0 0 0 0 0 0 0 0 0 0 0 0 0 0 0 0 0 0 0 0 0 0 0 0 0 0 0 0
0 0 0 0 0 0 0 0 0 0 0 0 0 0 0 0 0 0 0 0 0 0 0 0
##$SHL_GCOCOEFFS15= (0..59)
0 0 0 0 0 0 0 0 0 0 0 0 0 0 0 0 0 0 0 0 0 0 0 0 0 0 0 0 0 0 0 0 0 0 0 0
0 0 0 0 0 0 0 0 0 0 0 0 0 0 0 0 0 0 0 0 0 0 0 0
##$SHL_GCOCOEFFS2= (0..59)
0 0 0 0 0 0 0 0 0 0 0 0 0 0 0 0 0 0 0 0 0 0 0 0 0 0 0 0 0 0 0 0 0 0 0 0
0 0 0 0 0 0 0 0 0 0 0 0 0 0 0 0 0 0 0 0 0 0 0 0
##$SHL_GCOCOEFFS3= (0..59)
0 0 0 0 0 0 0 0 0 0 0 0 0 0 0 0 0 0 0 0 0 0 0 0 0 0 0 0 0 0 0 0 0 0 0 0
0 0 0 0 0 0 0 0 0 0 0 0 0 0 0 0 0 0 0 0 0 0 0 0
##$SHL_GCOCOEFFS4= (0..59)
0 0 0 0 0 0 0 0 0 0 0 0 0 0 0 0 0 0 0 0 0 0 0 0 0 0 0 0 0 0 0 0 0 0 0 0
0 0 0 0 0 0 0 0 0 0 0 0 0 0 0 0 0 0 0 0 0 0 0 0
##$SHL_GCOCOEFFS5= (0..59)
0 0 0 0 0 0 0 0 0 0 0 0 0 0 0 0 0 0 0 0 0 0 0 0 0 0 0 0 0 0 0 0 0 0 0 0
0 0 0 0 0 0 0 0 0 0 0 0 0 0 0 0 0 0 0 0 0 0 0 0
##$SHL_GCOCOEFFS6= (0..59)
0 0 0 0 0 0 0 0 0 0 0 0 0 0 0 0 0 0 0 0 0 0 0 0 0 0 0 0 0 0 0 0 0 0 0 0
0 0 0 0 0 0 0 0 0 0 0 0 0 0 0 0 0 0 0 0 0 0 0 0
##$SHL_GCOCOEFFS7= (0..59)
0 0 0 0 0 0 0 0 0 0 0 0 0 0 0 0 0 0 0 0 0 0 0 0 0 0 0 0 0 0 0 0 0 0 0 0
0 0 0 0 0 0 0 0 0 0 0 0 0 0 0 0 0 0 0 0 0 0 0 0
##$SHL_GCOCOEFFS8= (0..59)
0 0 0 0 0 0 0 0 0 0 0 0 0 0 0 0 0 0 0 0 0 0 0 0 0 0 0 0 0 0 0 0 0 0 0 0
0 0 0 0 0 0 0 0 0 0 0 0 0 0 0 0 0 0 0 0 0 0 0 0
##$SHL_GCOCOEFFS9= (0..59)
0 0 0 0 0 0 0 0 0 0 0 0 0 0 0 0 0 0 0 0 0 0 0 0 0 0 0 0 0 0 0 0 0 0 0 0
0 0 0 0 0 0 0 0 0 0 0 0 0 0 0 0 0 0 0 0 0 0 0 0
##$SHL_INTEGFAC= (0..15)
1 0 0 0 0 0 0 0 0 0 0 0 0 0 0 0
##$SHL_LB= (0..15)
0 0 0 0 0 0 0 0 0 0 0 0 0 0 0 0
##$SHL_LEFTLIMIT= (0..15)
0 0 0 0 0 0 0 0 0 0 0 0 0 0 0 0
##$SHL_LENGTH= (0..15)
25000.000373 0 0 0 0 0 0 0 0 0 0 0 0 0 0 0
##$SHL_MAN= (0..15)
<> <> <> <> <> <> <> <> <> <> <> <> <> <> <> <>
##$SHL_MEANAMP= (0..15)
0 0 0 0 0 0 0 0 0 0 0 0 0 0 0 0
##$SHL_MODAMP= (0..15)
0 0 0 0 0 0 0 0 0 0 0 0 0 0 0 0
##$SHL_MODE= (0..15)
0 0 0 0 0 0 0 0 0 0 0 0 0 0 0 0
##$SHL_MODFREQ= (0..15)
0 0 0 0 0 0 0 0 0 0 0 0 0 0 0 0
##$SHL_MODPHASE= (0..15)
0 0 0 0 0 0 0 0 0 0 0 0 0 0 0 0
##$SHL_MODSCALE= (0..15)
0 0 0 0 0 0 0 0 0 0 0 0 0 0 0 0
##$SHL_MODSW= (0..15)
0 0 0 0 0 0 0 0 0 0 0 0 0 0 0 0
##$SHL_MODSWDIR= (0..15)
-1 -1 -1 -1 -1 -1 -1 -1 -1 -1 -1 -1 -1 -1 -1 -1
##$SHL_MU= (0..15)
0 0 0 0 0 0 0 0 0 0 0 0 0 0 0 0
##$SHL_NPOINTS= (0..15)
1250 0 0 0 0 0 0 0 0 0 0 0 0 0 0 0
##$SHL_OFFS= (0..15)
<> <> <> <> <> <> <> <> <> <> <> <> <> <> <> <>
##$SHL_OFFSCOEFF0= (0..95)
0 0 0 0 0 0 0 0 0 0 0 0 0 0 0 0 0 0 0 0 0 0 0 0 0 0 0 0 0 0 0 0 0 0 0 0
0 0 0 0 0 0 0 0 0 0 0 0 0 0 0 0 0 0 0 0 0 0 0 0 0 0 0 0 0 0 0 0 0 0 0 0
0 0 0 0 0 0 0 0 0 0 0 0 0 0 0 0 0 0 0 0 0 0 0 0
##$SHL_OFFSCOEFF1= (0..95)
0 0 0 0 0 0 0 0 0 0 0 0 0 0 0 0 0 0 0 0 0 0 0 0 0 0 0 0 0 0 0 0 0 0 0 0
0 0 0 0 0 0 0 0 0 0 0 0 0 0 0 0 0 0 0 0 0 0 0 0 0 0 0 0 0 0 0 0 0 0 0 0
0 0 0 0 0 0 0 0 0 0 0 0 0 0 0 0 0 0 0 0 0 0 0 0
##$SHL_OFFSCOEFF10= (0..95)
0 0 0 0 0 0 0 0 0 0 0 0 0 0 0 0 0 0 0 0 0 0 0 0 0 0 0 0 0 0 0 0 0 0 0 0
0 0 0 0 0 0 0 0 0 0 0 0 0 0 0 0 0 0 0 0 0 0 0 0 0 0 0 0 0 0 0 0 0 0 0 0
0 0 0 0 0 0 0 0 0 0 0 0 0 0 0 0 0 0 0 0 0 0 0 0
##$SHL_OFFSCOEFF11= (0..95)
0 0 0 0 0 0 0 0 0 0 0 0 0 0 0 0 0 0 0 0 0 0 0 0 0 0 0 0 0 0 0 0 0 0 0 0
0 0 0 0 0 0 0 0 0 0 0 0 0 0 0 0 0 0 0 0 0 0 0 0 0 0 0 0 0 0 0 0 0 0 0 0
0 0 0 0 0 0 0 0 0 0 0 0 0 0 0 0 0 0 0 0 0 0 0 0
##$SHL_OFFSCOEFF12= (0..95)
0 0 0 0 0 0 0 0 0 0 0 0 0 0 0 0 0 0 0 0 0 0 0 0 0 0 0 0 0 0 0 0 0 0 0 0
0 0 0 0 0 0 0 0 0 0 0 0 0 0 0 0 0 0 0 0 0 0 0 0 0 0 0 0 0 0 0 0 0 0 0 0
0 0 0 0 0 0 0 0 0 0 0 0 0 0 0 0 0 0 0 0 0 0 0 0
##$SHL_OFFSCOEFF13= (0..95)
0 0 0 0 0 0 0 0 0 0 0 0 0 0 0 0 0 0 0 0 0 0 0 0 0 0 0 0 0 0 0 0 0 0 0 0
0 0 0 0 0 0 0 0 0 0 0 0 0 0 0 0 0 0 0 0 0 0 0 0 0 0 0 0 0 0 0 0 0 0 0 0
0 0 0 0 0 0 0 0 0 0 0 0 0 0 0 0 0 0 0 0 0 0 0 0
##$SHL_OFFSCOEFF14= (0..95)
0 0 0 0 0 0 0 0 0 0 0 0 0 0 0 0 0 0 0 0 0 0 0 0 0 0 0 0 0 0 0 0 0 0 0 0
0 0 0 0 0 0 0 0 0 0 0 0 0 0 0 0 0 0 0 0 0 0 0 0 0 0 0 0 0 0 0 0 0 0 0 0
0 0 0 0 0 0 0 0 0 0 0 0 0 0 0 0 0 0 0 0 0 0 0 0
##$SHL_OFFSCOEFF15= (0..95)
0 0 0 0 0 0 0 0 0 0 0 0 0 0 0 0 0 0 0 0 0 0 0 0 0 0 0 0 0 0 0 0 0 0 0 0
0 0 0 0 0 0 0 0 0 0 0 0 0 0 0 0 0 0 0 0 0 0 0 0 0 0 0 0 0 0 0 0 0 0 0 0
0 0 0 0 0 0 0 0 0 0 0 0 0 0 0 0 0 0 0 0 0 0 0 0
##$SHL_OFFSCOEFF2= (0..95)
0 0 0 0 0 0 0 0 0 0 0 0 0 0 0 0 0 0 0 0 0 0 0 0 0 0 0 0 0 0 0 0 0 0 0 0
0 0 0 0 0 0 0 0 0 0 0 0 0 0 0 0 0 0 0 0 0 0 0 0 0 0 0 0 0 0 0 0 0 0 0 0
0 0 0 0 0 0 0 0 0 0 0 0 0 0 0 0 0 0 0 0 0 0 0 0
##$SHL_OFFSCOEFF3= (0..95)
0 0 0 0 0 0 0 0 0 0 0 0 0 0 0 0 0 0 0 0 0 0 0 0 0 0 0 0 0 0 0 0 0 0 0 0
0 0 0 0 0 0 0 0 0 0 0 0 0 0 0 0 0 0 0 0 0 0 0 0 0 0 0 0 0 0 0 0 0 0 0 0
0 0 0 0 0 0 0 0 0 0 0 0 0 0 0 0 0 0 0 0 0 0 0 0
##$SHL_OFFSCOEFF4= (0..95)
0 0 0 0 0 0 0 0 0 0 0 0 0 0 0 0 0 0 0 0 0 0 0 0 0 0 0 0 0 0 0 0 0 0 0 0
0 0 0 0 0 0 0 0 0 0 0 0 0 0 0 0 0 0 0 0 0 0 0 0 0 0 0 0 0 0 0 0 0 0 0 0
0 0 0 0 0 0 0 0 0 0 0 0 0 0 0 0 0 0 0 0 0 0 0 0
##$SHL_OFFSCOEFF5= (0..95)
0 0 0 0 0 0 0 0 0 0 0 0 0 0 0 0 0 0 0 0 0 0 0 0 0 0 0 0 0 0 0 0 0 0 0 0
0 0 0 0 0 0 0 0 0 0 0 0 0 0 0 0 0 0 0 0 0 0 0 0 0 0 0 0 0 0 0 0 0 0 0 0
0 0 0 0 0 0 0 0 0 0 0 0 0 0 0 0 0 0 0 0 0 0 0 0
##$SHL_OFFSCOEFF6= (0..95)
0 0 0 0 0 0 0 0 0 0 0 0 0 0 0 0 0 0 0 0 0 0 0 0 0 0 0 0 0 0 0 0 0 0 0 0
0 0 0 0 0 0 0 0 0 0 0 0 0 0 0 0 0 0 0 0 0 0 0 0 0 0 0 0 0 0 0 0 0 0 0 0
0 0 0 0 0 0 0 0 0 0 0 0 0 0 0 0 0 0 0 0 0 0 0 0
##$SHL_OFFSCOEFF7= (0..95)
0 0 0 0 0 0 0 0 0 0 0 0 0 0 0 0 0 0 0 0 0 0 0 0 0 0 0 0 0 0 0 0 0 0 0 0
0 0 0 0 0 0 0 0 0 0 0 0 0 0 0 0 0 0 0 0 0 0 0 0 0 0 0 0 0 0 0 0 0 0 0 0
0 0 0 0 0 0 0 0 0 0 0 0 0 0 0 0 0 0 0 0 0 0 0 0
##$SHL_OFFSCOEFF8= (0..95)
0 0 0 0 0 0 0 0 0 0 0 0 0 0 0 0 0 0 0 0 0 0 0 0 0 0 0 0 0 0 0 0 0 0 0 0
0 0 0 0 0 0 0 0 0 0 0 0 0 0 0 0 0 0 0 0 0 0 0 0 0 0 0 0 0 0 0 0 0 0 0 0
0 0 0 0 0 0 0 0 0 0 0 0 0 0 0 0 0 0 0 0 0 0 0 0
##$SHL_OFFSCOEFF9= (0..95)
0 0 0 0 0 0 0 0 0 0 0 0 0 0 0 0 0 0 0 0 0 0 0 0 0 0 0 0 0 0 0 0 0 0 0 0
0 0 0 0 0 0 0 0 0 0 0 0 0 0 0 0 0 0 0 0 0 0 0 0 0 0 0 0 0 0 0 0 0 0 0 0
0 0 0 0 0 0 0 0 0 0 0 0 0 0 0 0 0 0 0 0 0 0 0 0
##$SHL_PHASE= (0..15)
0 0 0 0 0 0 0 0 0 0 0 0 0 0 0 0
##$SHL_PHASEFAC= (0..15)
0 0 0 0 0 0 0 0 0 0 0 0 0 0 0 0
##$SHL_POWERINDEX= (0..15)
0 0 0 0 0 0 0 0 0 0 0 0 0 0 0 0
##$SHL_QUADCOEFF= (0..15)
0 0 0 0 0 0 0 0 0 0 0 0 0 0 0 0
##$SHL_RIGHTLIMIT= (0..15)
0 0 0 0 0 0 0 0 0 0 0 0 0 0 0 0
##$SHL_SCALEFACTOR= (0..15)
1 1 1 1 1 1 1 1 1 1 1 1 1 1 1 1
##$SHL_SF= (0..15)
<> <> <> <> <> <> <> <> <> <> <> <> <> <> <> <>
##$SHL_SFCOEFFS0= (0..200)
0 0 0 0 0 0 0 0 0 0 0 0 0 0 0 0 0 0 0 0 0 0 0 0 0 0 0 0 0 0 0 0 0 0 0 0
0 0 0 0 0 0 0 0 0 0 0 0 0 0 0 0 0 0 0 0 0 0 0 0 0 0 0 0 0 0 0 0 0 0 0 0
0 0 0 0 0 0 0 0 0 0 0 0 0 0 0 0 0 0 0 0 0 0 0 0 0 0 0 0 0 0 0 0 0 0 0 0
0 0 0 0 0 0 0 0 0 0 0 0 0 0 0 0 0 0 0 0 0 0 0 0 0 0 0 0 0 0 0 0 0 0 0 0
0 0 0 0 0 0 0 0 0 0 0 0 0 0 0 0 0 0 0 0 0 0 0 0 0 0 0 0 0 0 0 0 0 0 0 0
0 0 0 0 0 0 0 0 0 0 0 0 0 0 0 0 0 0 0 0 0
##$SHL_SFCOEFFS1= (0..200)
0 0 0 0 0 0 0 0 0 0 0 0 0 0 0 0 0 0 0 0 0 0 0 0 0 0 0 0 0 0 0 0 0 0 0 0
0 0 0 0 0 0 0 0 0 0 0 0 0 0 0 0 0 0 0 0 0 0 0 0 0 0 0 0 0 0 0 0 0 0 0 0
0 0 0 0 0 0 0 0 0 0 0 0 0 0 0 0 0 0 0 0 0 0 0 0 0 0 0 0 0 0 0 0 0 0 0 0
0 0 0 0 0 0 0 0 0 0 0 0 0 0 0 0 0 0 0 0 0 0 0 0 0 0 0 0 0 0 0 0 0 0 0 0
0 0 0 0 0 0 0 0 0 0 0 0 0 0 0 0 0 0 0 0 0 0 0 0 0 0 0 0 0 0 0 0 0 0 0 0
0 0 0 0 0 0 0 0 0 0 0 0 0 0 0 0 0 0 0 0 0
##$SHL_SFCOEFFS10= (0..200)
0 0 0 0 0 0 0 0 0 0 0 0 0 0 0 0 0 0 0 0 0 0 0 0 0 0 0 0 0 0 0 0 0 0 0 0
0 0 0 0 0 0 0 0 0 0 0 0 0 0 0 0 0 0 0 0 0 0 0 0 0 0 0 0 0 0 0 0 0 0 0 0
0 0 0 0 0 0 0 0 0 0 0 0 0 0 0 0 0 0 0 0 0 0 0 0 0 0 0 0 0 0 0 0 0 0 0 0
0 0 0 0 0 0 0 0 0 0 0 0 0 0 0 0 0 0 0 0 0 0 0 0 0 0 0 0 0 0 0 0 0 0 0 0
0 0 0 0 0 0 0 0 0 0 0 0 0 0 0 0 0 0 0 0 0 0 0 0 0 0 0 0 0 0 0 0 0 0 0 0
0 0 0 0 0 0 0 0 0 0 0 0 0 0 0 0 0 0 0 0 0
##$SHL_SFCOEFFS11= (0..200)
0 0 0 0 0 0 0 0 0 0 0 0 0 0 0 0 0 0 0 0 0 0 0 0 0 0 0 0 0 0 0 0 0 0 0 0
0 0 0 0 0 0 0 0 0 0 0 0 0 0 0 0 0 0 0 0 0 0 0 0 0 0 0 0 0 0 0 0 0 0 0 0
0 0 0 0 0 0 0 0 0 0 0 0 0 0 0 0 0 0 0 0 0 0 0 0 0 0 0 0 0 0 0 0 0 0 0 0
0 0 0 0 0 0 0 0 0 0 0 0 0 0 0 0 0 0 0 0 0 0 0 0 0 0 0 0 0 0 0 0 0 0 0 0
0 0 0 0 0 0 0 0 0 0 0 0 0 0 0 0 0 0 0 0 0 0 0 0 0 0 0 0 0 0 0 0 0 0 0 0
0 0 0 0 0 0 0 0 0 0 0 0 0 0 0 0 0 0 0 0 0
##$SHL_SFCOEFFS12= (0..200)
0 0 0 0 0 0 0 0 0 0 0 0 0 0 0 0 0 0 0 0 0 0 0 0 0 0 0 0 0 0 0 0 0 0 0 0
0 0 0 0 0 0 0 0 0 0 0 0 0 0 0 0 0 0 0 0 0 0 0 0 0 0 0 0 0 0 0 0 0 0 0 0
0 0 0 0 0 0 0 0 0 0 0 0 0 0 0 0 0 0 0 0 0 0 0 0 0 0 0 0 0 0 0 0 0 0 0 0
0 0 0 0 0 0 0 0 0 0 0 0 0 0 0 0 0 0 0 0 0 0 0 0 0 0 0 0 0 0 0 0 0 0 0 0
0 0 0 0 0 0 0 0 0 0 0 0 0 0 0 0 0 0 0 0 0 0 0 0 0 0 0 0 0 0 0 0 0 0 0 0
0 0 0 0 0 0 0 0 0 0 0 0 0 0 0 0 0 0 0 0 0
##$SHL_SFCOEFFS13= (0..200)
0 0 0 0 0 0 0 0 0 0 0 0 0 0 0 0 0 0 0 0 0 0 0 0 0 0 0 0 0 0 0 0 0 0 0 0
0 0 0 0 0 0 0 0 0 0 0 0 0 0 0 0 0 0 0 0 0 0 0 0 0 0 0 0 0 0 0 0 0 0 0 0
0 0 0 0 0 0 0 0 0 0 0 0 0 0 0 0 0 0 0 0 0 0 0 0 0 0 0 0 0 0 0 0 0 0 0 0
0 0 0 0 0 0 0 0 0 0 0 0 0 0 0 0 0 0 0 0 0 0 0 0 0 0 0 0 0 0 0 0 0 0 0 0
0 0 0 0 0 0 0 0 0 0 0 0 0 0 0 0 0 0 0 0 0 0 0 0 0 0 0 0 0 0 0 0 0 0 0 0
0 0 0 0 0 0 0 0 0 0 0 0 0 0 0 0 0 0 0 0 0
##$SHL_SFCOEFFS14= (0..200)
0 0 0 0 0 0 0 0 0 0 0 0 0 0 0 0 0 0 0 0 0 0 0 0 0 0 0 0 0 0 0 0 0 0 0 0
0 0 0 0 0 0 0 0 0 0 0 0 0 0 0 0 0 0 0 0 0 0 0 0 0 0 0 0 0 0 0 0 0 0 0 0
0 0 0 0 0 0 0 0 0 0 0 0 0 0 0 0 0 0 0 0 0 0 0 0 0 0 0 0 0 0 0 0 0 0 0 0
0 0 0 0 0 0 0 0 0 0 0 0 0 0 0 0 0 0 0 0 0 0 0 0 0 0 0 0 0 0 0 0 0 0 0 0
0 0 0 0 0 0 0 0 0 0 0 0 0 0 0 0 0 0 0 0 0 0 0 0 0 0 0 0 0 0 0 0 0 0 0 0
0 0 0 0 0 0 0 0 0 0 0 0 0 0 0 0 0 0 0 0 0
##$SHL_SFCOEFFS15= (0..200)
0 0 0 0 0 0 0 0 0 0 0 0 0 0 0 0 0 0 0 0 0 0 0 0 0 0 0 0 0 0 0 0 0 0 0 0
0 0 0 0 0 0 0 0 0 0 0 0 0 0 0 0 0 0 0 0 0 0 0 0 0 0 0 0 0 0 0 0 0 0 0 0
0 0 0 0 0 0 0 0 0 0 0 0 0 0 0 0 0 0 0 0 0 0 0 0 0 0 0 0 0 0 0 0 0 0 0 0
0 0 0 0 0 0 0 0 0 0 0 0 0 0 0 0 0 0 0 0 0 0 0 0 0 0 0 0 0 0 0 0 0 0 0 0
0 0 0 0 0 0 0 0 0 0 0 0 0 0 0 0 0 0 0 0 0 0 0 0 0 0 0 0 0 0 0 0 0 0 0 0
0 0 0 0 0 0 0 0 0 0 0 0 0 0 0 0 0 0 0 0 0
##$SHL_SFCOEFFS2= (0..200)
0 0 0 0 0 0 0 0 0 0 0 0 0 0 0 0 0 0 0 0 0 0 0 0 0 0 0 0 0 0 0 0 0 0 0 0
0 0 0 0 0 0 0 0 0 0 0 0 0 0 0 0 0 0 0 0 0 0 0 0 0 0 0 0 0 0 0 0 0 0 0 0
0 0 0 0 0 0 0 0 0 0 0 0 0 0 0 0 0 0 0 0 0 0 0 0 0 0 0 0 0 0 0 0 0 0 0 0
0 0 0 0 0 0 0 0 0 0 0 0 0 0 0 0 0 0 0 0 0 0 0 0 0 0 0 0 0 0 0 0 0 0 0 0
0 0 0 0 0 0 0 0 0 0 0 0 0 0 0 0 0 0 0 0 0 0 0 0 0 0 0 0 0 0 0 0 0 0 0 0
0 0 0 0 0 0 0 0 0 0 0 0 0 0 0 0 0 0 0 0 0
##$SHL_SFCOEFFS3= (0..200)
0 0 0 0 0 0 0 0 0 0 0 0 0 0 0 0 0 0 0 0 0 0 0 0 0 0 0 0 0 0 0 0 0 0 0 0
0 0 0 0 0 0 0 0 0 0 0 0 0 0 0 0 0 0 0 0 0 0 0 0 0 0 0 0 0 0 0 0 0 0 0 0
0 0 0 0 0 0 0 0 0 0 0 0 0 0 0 0 0 0 0 0 0 0 0 0 0 0 0 0 0 0 0 0 0 0 0 0
0 0 0 0 0 0 0 0 0 0 0 0 0 0 0 0 0 0 0 0 0 0 0 0 0 0 0 0 0 0 0 0 0 0 0 0
0 0 0 0 0 0 0 0 0 0 0 0 0 0 0 0 0 0 0 0 0 0 0 0 0 0 0 0 0 0 0 0 0 0 0 0
0 0 0 0 0 0 0 0 0 0 0 0 0 0 0 0 0 0 0 0 0
##$SHL_SFCOEFFS4= (0..200)
0 0 0 0 0 0 0 0 0 0 0 0 0 0 0 0 0 0 0 0 0 0 0 0 0 0 0 0 0 0 0 0 0 0 0 0
0 0 0 0 0 0 0 0 0 0 0 0 0 0 0 0 0 0 0 0 0 0 0 0 0 0 0 0 0 0 0 0 0 0 0 0
0 0 0 0 0 0 0 0 0 0 0 0 0 0 0 0 0 0 0 0 0 0 0 0 0 0 0 0 0 0 0 0 0 0 0 0
0 0 0 0 0 0 0 0 0 0 0 0 0 0 0 0 0 0 0 0 0 0 0 0 0 0 0 0 0 0 0 0 0 0 0 0
0 0 0 0 0 0 0 0 0 0 0 0 0 0 0 0 0 0 0 0 0 0 0 0 0 0 0 0 0 0 0 0 0 0 0 0
0 0 0 0 0 0 0 0 0 0 0 0 0 0 0 0 0 0 0 0 0
##$SHL_SFCOEFFS5= (0..200)
0 0 0 0 0 0 0 0 0 0 0 0 0 0 0 0 0 0 0 0 0 0 0 0 0 0 0 0 0 0 0 0 0 0 0 0
0 0 0 0 0 0 0 0 0 0 0 0 0 0 0 0 0 0 0 0 0 0 0 0 0 0 0 0 0 0 0 0 0 0 0 0
0 0 0 0 0 0 0 0 0 0 0 0 0 0 0 0 0 0 0 0 0 0 0 0 0 0 0 0 0 0 0 0 0 0 0 0
0 0 0 0 0 0 0 0 0 0 0 0 0 0 0 0 0 0 0 0 0 0 0 0 0 0 0 0 0 0 0 0 0 0 0 0
0 0 0 0 0 0 0 0 0 0 0 0 0 0 0 0 0 0 0 0 0 0 0 0 0 0 0 0 0 0 0 0 0 0 0 0
0 0 0 0 0 0 0 0 0 0 0 0 0 0 0 0 0 0 0 0 0
##$SHL_SFCOEFFS6= (0..200)
0 0 0 0 0 0 0 0 0 0 0 0 0 0 0 0 0 0 0 0 0 0 0 0 0 0 0 0 0 0 0 0 0 0 0 0
0 0 0 0 0 0 0 0 0 0 0 0 0 0 0 0 0 0 0 0 0 0 0 0 0 0 0 0 0 0 0 0 0 0 0 0
0 0 0 0 0 0 0 0 0 0 0 0 0 0 0 0 0 0 0 0 0 0 0 0 0 0 0 0 0 0 0 0 0 0 0 0
0 0 0 0 0 0 0 0 0 0 0 0 0 0 0 0 0 0 0 0 0 0 0 0 0 0 0 0 0 0 0 0 0 0 0 0
0 0 0 0 0 0 0 0 0 0 0 0 0 0 0 0 0 0 0 0 0 0 0 0 0 0 0 0 0 0 0 0 0 0 0 0
0 0 0 0 0 0 0 0 0 0 0 0 0 0 0 0 0 0 0 0 0
##$SHL_SFCOEFFS7= (0..200)
0 0 0 0 0 0 0 0 0 0 0 0 0 0 0 0 0 0 0 0 0 0 0 0 0 0 0 0 0 0 0 0 0 0 0 0
0 0 0 0 0 0 0 0 0 0 0 0 0 0 0 0 0 0 0 0 0 0 0 0 0 0 0 0 0 0 0 0 0 0 0 0
0 0 0 0 0 0 0 0 0 0 0 0 0 0 0 0 0 0 0 0 0 0 0 0 0 0 0 0 0 0 0 0 0 0 0 0
0 0 0 0 0 0 0 0 0 0 0 0 0 0 0 0 0 0 0 0 0 0 0 0 0 0 0 0 0 0 0 0 0 0 0 0
0 0 0 0 0 0 0 0 0 0 0 0 0 0 0 0 0 0 0 0 0 0 0 0 0 0 0 0 0 0 0 0 0 0 0 0
0 0 0 0 0 0 0 0 0 0 0 0 0 0 0 0 0 0 0 0 0
##$SHL_SFCOEFFS8= (0..200)
0 0 0 0 0 0 0 0 0 0 0 0 0 0 0 0 0 0 0 0 0 0 0 0 0 0 0 0 0 0 0 0 0 0 0 0
0 0 0 0 0 0 0 0 0 0 0 0 0 0 0 0 0 0 0 0 0 0 0 0 0 0 0 0 0 0 0 0 0 0 0 0
0 0 0 0 0 0 0 0 0 0 0 0 0 0 0 0 0 0 0 0 0 0 0 0 0 0 0 0 0 0 0 0 0 0 0 0
0 0 0 0 0 0 0 0 0 0 0 0 0 0 0 0 0 0 0 0 0 0 0 0 0 0 0 0 0 0 0 0 0 0 0 0
0 0 0 0 0 0 0 0 0 0 0 0 0 0 0 0 0 0 0 0 0 0 0 0 0 0 0 0 0 0 0 0 0 0 0 0
0 0 0 0 0 0 0 0 0 0 0 0 0 0 0 0 0 0 0 0 0
##$SHL_SFCOEFFS9= (0..200)
0 0 0 0 0 0 0 0 0 0 0 0 0 0 0 0 0 0 0 0 0 0 0 0 0 0 0 0 0 0 0 0 0 0 0 0
0 0 0 0 0 0 0 0 0 0 0 0 0 0 0 0 0 0 0 0 0 0 0 0 0 0 0 0 0 0 0 0 0 0 0 0
0 0 0 0 0 0 0 0 0 0 0 0 0 0 0 0 0 0 0 0 0 0 0 0 0 0 0 0 0 0 0 0 0 0 0 0
0 0 0 0 0 0 0 0 0 0 0 0 0 0 0 0 0 0 0 0 0 0 0 0 0 0 0 0 0 0 0 0 0 0 0 0
0 0 0 0 0 0 0 0 0 0 0 0 0 0 0 0 0 0 0 0 0 0 0 0 0 0 0 0 0 0 0 0 0 0 0 0
0 0 0 0 0 0 0 0 0 0 0 0 0 0 0 0 0 0 0 0 0
##$SHL_SMOOTHED= (0..15)
0 0 0 0 0 0 0 0 0 0 0 0 0 0 0 0
##$SHL_SMOOTHING= (0..15)
0 0 0 0 0 0 0 0 0 0 0 0 0 0 0 0
##$SHL_SPOAL= (0..15)
0 0 0 0 0 0 0 0 0 0 0 0 0 0 0 0
##$SHL_SPOFFS= (0..15)
0 0 0 0 0 0 0 0 0 0 0 0 0 0 0 0
##$SHL_SPOPH= (0..15)
0 0 0 0 0 0 0 0 0 0 0 0 0 0 0 0
##$SHL_STARTAMP= (0..15)
0 0 0 0 0 0 0 0 0 0 0 0 0 0 0 0
##$SHL_SW= (0..15)
0 0 0 0 0 0 0 0 0 0 0 0 0 0 0 0
##$SHL_SWDIR= (0..15)
-1 -1 -1 -1 -1 -1 -1 -1 -1 -1 -1 -1 -1 -1 -1 -1
##$SHL_TANKAPPA= (0..15)
0 0 0 0 0 0 0 0 0 0 0 0 0 0 0 0
##$SHL_TOTROT= (0..15)
90 0 0 0 0 0 0 0 0 0 0 0 0 0 0 0
##$SHL_TRUNCLEV= (0..15)
0 0 0 0 0 0 0 0 0 0 0 0 0 0 0 0
##$SHL_TYPE= (0..15)
<Excitation> <> <> <> <> <> <> <> <> <> <> <> <> <> <> <>
##$SHL_WINDOWSIZE= (0..15)
0 0 0 0 0 0 0 0 0 0 0 0 0 0 0 0
##$SHL_ZETA= (0..15)
0 0 0 0 0 0 0 0 0 0 0 0 0 0 0 0
##NPOINTS= 1250
##XYPOINTS= (XY..XY)
68.850548, 73.629870
68.558593, 75.345160
68.264674, 77.061633
67.968822, 78.779303
67.671062, 80.498186
67.371425, 82.218297
67.069937, 83.939651
66.766628, 85.662263
66.461526, 87.386150
66.154662, 89.111327
65.846063, 90.837812
65.535760, 92.565621
65.223781, 94.294772
64.910158, 96.025282
64.594920, 97.757169
64.278097, 99.490452
63.959720, 101.225149
63.639820, 102.961280
63.318427, 104.698864
62.995573, 106.437921
62.671288, 108.178471
62.345605, 109.920535
62.018555, 111.664135
61.690170, 113.409291
61.360482, 115.156026
61.029524, 116.904363
60.697327, 118.654324
60.363924, 120.405933
60.029349, 122.159213
59.693635, 123.914189
59.356814, 125.670886
59.018920, 127.429329
58.679987, 129.189544
58.340049, 130.951557
57.999140, 132.715395
57.657293, 134.481086
57.314544, 136.248658
56.970927, 138.018138
56.626477, 139.789557
56.281229, 141.562944
55.935218, 143.338328
55.588480, 145.115742
55.241050, 146.895216
54.892963, 148.676783
54.544257, 150.460474
54.194967, 152.246325
53.845130, 154.034368
53.494782, 155.824638
53.143961, 157.617171
52.792702, 159.412002
52.441043, 161.209169
52.089023, 163.008708
51.736677, 164.810659
51.384045, 166.615059
51.031164, 168.421949
50.678073, 170.231368
50.324809, 172.043358
49.971412, 173.857962
49.617920, 175.675220
49.264372, 177.495178
48.910808, 179.317879
48.557268, 181.143368
48.203790, 182.971691
47.850414, 184.802896
47.497182, 186.637029
47.144133, 188.474139
46.791307, 190.314275
46.438746, 192.157487
46.086491, 194.003827
45.734582, 195.853347
45.383061, 197.706098
45.031970, 199.562135
44.681350, 201.421512
44.331245, 203.284284
43.981695, 205.150509
43.632744, 207.020242
43.284434, 208.893543
42.936808, 210.770469
42.589911, 212.651082
42.243784, 214.535441
41.898472, 216.423608
41.554018, 218.315647
41.210468, 220.211618
40.867865, 222.111588
40.526253, 224.015621
40.185678, 225.923783
39.846185, 227.836140
39.507820, 229.752759
39.170626, 231.673709
38.834652, 233.599058
38.499941, 235.528876
38.166541, 237.463232
37.834499, 239.402197
37.503860, 241.345843
37.174672, 243.294240
36.846981, 245.247462
36.520835, 247.205580
36.196282, 249.168667
35.873369, 251.136797
35.552144, 253.110042
35.232656, 255.088476
34.914951, 257.072172
34.599080, 259.061204
34.285090, 261.055645
33.973030, 263.055568
33.662949, 265.061044
33.354896, 267.072147
33.048921, 269.088947
32.745071, 271.111515
32.443397, 273.139921
32.143948, 275.174234
31.846773, 277.214520
31.551922, 279.260847
31.259445, 281.313277
30.969389, 283.371875
30.681806, 285.436701
30.396743, 287.507814
30.114251, 289.585269
29.834379, 291.669122
29.557174, 293.759422
29.282687, 295.856217
29.010964, 297.959553
28.742056, 300.069469
28.476008, 302.186004
28.212870, 304.309190
27.952688, 306.439055
27.695508, 308.575625
27.441376, 310.718917
27.190339, 312.868945
26.942442, 315.025718
26.697727, 317.189237
26.456240, 319.359499
26.218022, 321.536492
25.983116, 323.720200
25.751562, 325.910597
25.523401, 328.107651
25.298670, 330.311323
25.077409, 332.521564
24.859653, 334.738318
24.645438, 336.961519
24.434797, 339.191093
24.227762, 341.426957
24.024365, 343.669018
23.824633, 345.917173
23.628596, 348.171310
23.436277, 350.431306
23.247702, 352.697027
23.062891, 354.968332
22.881864, 357.245065
22.704638, 359.527064
22.531229, 1.814152
22.361649, 4.106144
22.195910, 6.402844
22.034018, 8.704047
21.875981, 11.009534
21.721799, 13.319079
21.571474, 15.632446
21.425003, 17.949386
21.282381, 20.269645
21.143599, 22.592957
21.008646, 24.919047
20.877509, 27.247635
20.750171, 29.578429
20.626611, 31.911132
20.506807, 34.245441
20.390733, 36.581045
20.278360, 38.917627
20.169655, 41.254867
20.064585, 43.592439
19.963111, 45.930016
19.865193, 48.267263
19.770787, 50.603849
19.679846, 52.939436
19.592321, 55.273689
19.508160, 57.606272
19.427309, 59.936848
19.349710, 62.265084
19.275304, 64.590648
19.204028, 66.913210
19.135817, 69.232444
19.070607, 71.548030
19.008327, 73.859650
18.948906, 76.166993
18.892274, 78.469755
18.838354, 80.767635
18.787072, 83.060342
18.738349, 85.347592
18.692108, 87.629109
18.648267, 89.904623
18.606747, 92.173875
18.567464, 94.436614
18.530337, 96.692597
18.495281, 98.941593
18.462212, 101.183377
18.431046, 103.417736
18.401697, 105.644465
18.374081, 107.863369
18.348112, 110.074263
18.323704, 112.276971
18.300773, 114.471326
18.279234, 116.657171
18.259003, 118.834359
18.239994, 121.002749
18.222125, 123.162211
18.205313, 125.312624
18.189475, 127.453873
18.174531, 129.585852
18.160399, 131.708464
18.147001, 133.821617
18.134258, 135.925228
18.122093, 138.019220
18.110429, 140.103522
18.099191, 142.178069
18.088307, 144.242803
18.077703, 146.297670
18.067310, 148.342621
18.057056, 150.377612
18.046875, 152.402605
18.036700, 154.417562
18.026466, 156.422451
18.016110, 158.417245
18.005570, 160.401916
17.994785, 162.376441
17.983698, 164.340799
17.972251, 166.294970
17.960390, 168.238936
17.948060, 170.172682
17.935211, 172.096190
17.921792, 174.009447
17.907755, 175.912438
17.893054, 177.805148
17.877644, 179.687562
17.861482, 181.559666
17.844526, 183.421443
17.826739, 185.272877
17.808082, 187.113950
17.788520, 188.944643
17.768018, 190.764934
17.746545, 192.574800
17.724071, 194.374217
17.700566, 196.163157
17.676006, 197.941591
17.650365, 199.709485
17.623620, 201.466806
17.595751, 203.213513
17.566738, 204.949566
17.536565, 206.674920
17.505217, 208.389526
17.472680, 210.093331
17.438943, 211.786280
17.403997, 213.468312
17.367834, 215.139363
17.330450, 216.799364
17.291840, 218.448242
17.252005, 220.085921
17.210944, 221.712316
17.168661, 223.327342
17.125160, 224.930906
17.080450, 226.522912
17.034539, 228.103258
16.987438, 229.671837
16.939163, 231.228537
16.889729, 232.773240
16.839155, 234.305824
16.787460, 235.826161
16.734670, 237.334118
16.680809, 238.829557
16.625906, 240.312334
16.569991, 241.782299
16.513098, 243.239299
16.455264, 244.683175
16.396525, 246.113762
16.336925, 247.530892
16.276508, 248.934391
16.215320, 250.324081
16.153413, 251.699779
16.090838, 253.061300
16.027653, 254.408452
15.963917, 255.741045
15.899692, 257.058880
15.835044, 258.361760
15.770043, 259.649484
15.704761, 260.921851
15.639275, 262.178658
15.573662, 263.419704
15.508008, 264.644786
15.442398, 265.853705
15.376923, 267.046263
15.311677, 268.222269
15.246758, 269.381531
15.182267, 270.523869
15.118311, 271.649106
15.054998, 272.757077
14.992441, 273.847623
14.930758, 274.920600
14.870070, 275.975878
14.810500, 277.013339
14.752178, 278.032884
14.695234, 279.034433
14.639806, 280.017927
14.586031, 280.983330
14.534053, 281.930629
14.484016, 282.859842
14.436069, 283.771014
14.390365, 284.664222
14.347056, 285.539579
14.306300, 286.397231
14.268254, 287.237364
14.233079, 288.060203
14.200937, 288.866015
14.171990, 289.655112
14.146402, 290.427849
14.124336, 291.184628
14.105956, 291.925898
14.091424, 292.652156
14.080903, 293.363948
14.074551, 294.061866
14.072527, 294.746552
14.074985, 295.418693
14.082078, 296.079022
14.093953, 296.728316
14.110754, 297.367395
14.132619, 297.997115
14.159682, 298.618370
14.192070, 299.232087
14.229904, 299.839220
14.273298, 300.440750
14.322359, 301.037674
14.377187, 301.631009
14.437874, 302.221779
14.504501, 302.811015
14.577146, 303.399748
14.655874, 303.989002
14.740742, 304.579793
14.831801, 305.173122
14.929089, 305.769969
15.032640, 306.371290
15.142475, 306.978013
15.258610, 307.591032
15.381050, 308.211207
15.509794, 308.839357
15.644832, 309.476260
15.786147, 310.122649
15.933714, 310.779211
16.087504, 311.446587
16.247478, 312.125368
16.413593, 312.816098
16.585800, 313.519270
16.764044, 314.235330
16.948266, 314.964675
17.138404, 315.707654
17.334389, 316.464573
17.536150, 317.235688
17.743612, 318.021219
17.956700, 318.821338
18.175332, 319.636181
18.399428, 320.465848
18.628903, 321.310401
18.863672, 322.169870
19.103649, 323.044255
19.348747, 323.933526
19.598876, 324.837628
19.853950, 325.756481
20.113878, 326.689981
20.378572, 327.638007
20.647942, 328.600417
20.921901, 329.577053
21.200359, 330.567744
21.483229, 331.572305
21.770424, 332.590538
22.061857, 333.622238
22.357443, 334.667189
22.657096, 335.725169
22.960733, 336.795950
23.268271, 337.879299
23.579628, 338.974979
23.894724, 340.082750
24.213478, 341.202371
24.535811, 342.333598
24.861647, 343.476188
25.190909, 344.629898
25.523522, 345.794486
25.859412, 346.969709
26.198505, 348.155328
26.540731, 349.351107
26.886018, 350.556809
27.234296, 351.772204
27.585497, 352.997062
27.939555, 354.231157
28.296401, 355.474268
28.655971, 356.726176
29.018201, 357.986667
29.383026, 359.255531
29.750385, 0.532561
30.120217, 1.817556
30.492459, 3.110317
30.867054, 4.410651
31.243941, 5.718368
31.623063, 7.033285
32.004362, 8.355219
32.387783, 9.683994
32.773269, 11.019439
33.160765, 12.361385
33.550218, 13.709668
33.941573, 15.064129
34.334779, 16.424612
34.729782, 17.790964
35.126531, 19.163039
35.524975, 20.540692
35.925064, 21.923783
36.326748, 23.312175
36.729977, 24.705735
37.134703, 26.104335
37.540878, 27.507848
37.948454, 28.916151
38.357384, 30.329126
38.767620, 31.746656
39.179118, 33.168629
39.591829, 34.594935
40.005710, 36.025467
40.420716, 37.460121
40.836800, 38.898796
41.253920, 40.341394
41.672031, 41.787820
42.091089, 43.237979
42.511052, 44.691783
42.931877, 46.149143
43.353520, 47.609973
43.775940, 49.074190
44.199095, 50.541714
44.622943, 52.012465
45.047442, 53.486367
45.472552, 54.963346
45.898232, 56.443328
46.324441, 57.926244
46.751139, 59.412025
47.178285, 60.900603
47.605841, 62.391915
48.033766, 63.885896
48.462021, 65.382486
48.890568, 66.881624
49.319366, 68.383252
49.748377, 69.887313
50.177564, 71.393753
50.606887, 72.902516
51.036308, 74.413552
51.465791, 75.926808
51.895296, 77.442235
52.324787, 78.959785
52.754226, 80.479411
53.183576, 82.001067
53.612800, 83.524707
54.041861, 85.050289
54.470723, 86.577770
54.899350, 88.107109
55.327704, 89.638266
55.755751, 91.171200
56.183454, 92.705874
56.610777, 94.242250
57.037684, 95.780293
57.464141, 97.319966
57.890112, 98.861235
58.315562, 100.404066
58.740456, 101.948427
59.164759, 103.494285
59.588436, 105.041608
60.011454, 106.590367
60.433776, 108.140532
60.855371, 109.692073
61.276203, 111.244961
61.696238, 112.799171
62.115443, 114.354673
62.533784, 115.911442
62.951228, 117.469453
63.367741, 119.028679
63.783291, 120.589096
64.197843, 122.150681
64.611367, 123.713410
65.023828, 125.277259
65.435194, 126.842208
65.845433, 128.408232
66.254512, 129.975313
66.662400, 131.543427
67.069065, 133.112556
67.474474, 134.682679
67.878596, 136.253777
68.281400, 137.825830
68.682854, 139.398820
69.082927, 140.972729
69.481588, 142.547538
69.878807, 144.123231
70.274551, 145.699791
70.668792, 147.277200
71.061498, 148.855443
71.452640, 150.434503
71.842187, 152.014366
72.230109, 153.595014
72.616376, 155.176435
73.000960, 156.758612
73.383830, 158.341532
73.764957, 159.925180
74.144312, 161.509543
74.521867, 163.094608
74.897591, 164.680361
75.271458, 166.266789
75.643438, 167.853880
76.013503, 169.441621
76.381625, 171.030000
76.747776, 172.619005
77.111929, 174.208625
77.474055, 175.798848
77.834127, 177.389663
78.192119, 178.981059
78.548003, 180.573025
78.901752, 182.165550
79.253340, 183.758625
79.602740, 185.352239
79.949926, 186.946382
80.294871, 188.541045
80.637550, 190.136217
80.977938, 191.731890
81.316007, 193.328054
81.651734, 194.924700
81.985092, 196.521819
82.316058, 198.119403
82.644605, 199.717442
82.970711, 201.315929
83.294349, 202.914856
83.615496, 204.514213
83.934128, 206.113994
84.250221, 207.714190
84.563752, 209.314794
84.874697, 210.915798
85.183032, 212.517195
85.488736, 214.118977
85.791785, 215.721137
86.092156, 217.323669
86.389828, 218.926565
86.684777, 220.529818
86.976983, 222.133422
87.266423, 223.737370
87.553076, 225.341656
87.836921, 226.946274
88.117936, 228.551216
88.396100, 230.156477
88.671394, 231.762051
88.943796, 233.367932
89.213287, 234.974114
89.479846, 236.580591
89.743453, 238.187358
90.004090, 239.794408
90.261736, 241.401737
90.516373, 243.009339
90.767982, 244.617208
91.016544, 246.225339
91.262041, 247.833727
91.504455, 249.442367
91.743767, 251.051254
91.979960, 252.660383
92.213017, 254.269749
92.442920, 255.879347
92.669653, 257.489172
92.893198, 259.099219
93.113540, 260.709484
93.330661, 262.319963
93.544546, 263.930650
93.755179, 265.541542
93.962545, 267.152633
94.166627, 268.763920
94.367412, 270.375398
94.564885, 271.987063
94.759030, 273.598910
94.949833, 275.210936
95.137281, 276.823137
95.321360, 278.435507
95.502056, 280.048045
95.679355, 281.660744
95.853245, 283.273602
96.023713, 284.886614
96.190746, 286.499777
96.354333, 288.113087
96.514460, 289.726540
96.671116, 291.340132
96.824291, 292.953860
96.973971, 294.567720
97.120147, 296.181708
97.262808, 297.795821
97.401942, 299.410056
97.537541, 301.024408
97.669593, 302.638875
97.798090, 304.253452
97.923022, 305.868137
98.044379, 307.482925
98.162153, 309.097814
98.276335, 310.712801
98.386916, 312.327881
98.493889, 313.943052
98.597246, 315.558310
98.696979, 317.173652
98.793080, 318.789075
98.885544, 320.404575
98.974362, 322.020150
99.059528, 323.635797
99.141036, 325.251511
99.218881, 326.867290
99.293056, 328.483131
99.363556, 330.099030
99.430376, 331.714985
99.493510, 333.330993
99.552955, 334.947050
99.608706, 336.563154
99.660758, 338.179300
99.709108, 339.795487
99.753753, 341.411712
99.794689, 343.027970
99.831913, 344.644260
99.865423, 346.260578
99.895215, 347.876921
99.921288, 349.493287
99.943640, 351.109672
99.962269, 352.726073
99.977174, 354.342487
99.988354, 355.958912
99.995807, 357.575344
99.999534, 359.191781
99.999534, 0.808219
99.995807, 2.424656
99.988354, 4.041088
99.977174, 5.657513
99.962269, 7.273927
99.943640, 8.890328
99.921288, 10.506713
99.895215, 12.123079
99.865423, 13.739422
99.831913, 15.355740
99.794689, 16.972030
99.753753, 18.588288
99.709108, 20.204513
99.660758, 21.820700
99.608706, 23.436846
99.552955, 25.052950
99.493510, 26.669007
99.430376, 28.285015
99.363556, 29.900970
99.293056, 31.516869
99.218881, 33.132710
99.141036, 34.748489
99.059528, 36.364203
98.974362, 37.979850
98.885544, 39.595425
98.793080, 41.210925
98.696979, 42.826348
98.597246, 44.441690
98.493889, 46.056948
98.386916, 47.672119
98.276335, 49.287199
98.162153, 50.902186
98.044379, 52.517075
97.923022, 54.131863
97.798090, 55.746548
97.669593, 57.361125
97.537541, 58.975592
97.401942, 60.589944
97.262808, 62.204179
97.120147, 63.818292
96.973971, 65.432280
96.824291, 67.046140
96.671116, 68.659868
96.514460, 70.273460
96.354333, 71.886913
96.190746, 73.500223
96.023713, 75.113386
95.853245, 76.726398
95.679355, 78.339256
95.502056, 79.951955
95.321360, 81.564493
95.137281, 83.176863
94.949833, 84.789064
94.759030, 86.401090
94.564885, 88.012937
94.367412, 89.624602
94.166627, 91.236080
93.962545, 92.847367
93.755179, 94.458458
93.544546, 96.069350
93.330661, 97.680037
93.113540, 99.290516
92.893198, 100.900781
92.669653, 102.510828
92.442920, 104.120653
92.213017, 105.730251
91.979960, 107.339617
91.743767, 108.948746
91.504455, 110.557633
91.262041, 112.166273
91.016544, 113.774661
90.767982, 115.382792
90.516373, 116.990661
90.261736, 118.598263
90.004090, 120.205592
89.743453, 121.812642
89.479846, 123.419409
89.213287, 125.025886
88.943796, 126.632068
88.671394, 128.237949
88.396100, 129.843523
88.117936, 131.448784
87.836921, 133.053726
87.553076, 134.658344
87.266423, 136.262630
86.976983, 137.866578
86.684777, 139.470182
86.389828, 141.073435
86.092156, 142.676331
85.791785, 144.278863
85.488736, 145.881023
85.183032, 147.482805
84.874697, 149.084202
84.563752, 150.685206
84.250221, 152.285810
83.934128, 153.886006
83.615496, 155.485787
83.294349, 157.085144
82.970711, 158.684071
82.644605, 160.282558
82.316058, 161.880597
81.985092, 163.478181
81.651734, 165.075300
81.316007, 166.671946
80.977938, 168.268110
80.637550, 169.863783
80.294871, 171.458955
79.949926, 173.053618
79.602740, 174.647761
79.253340, 176.241375
78.901752, 177.834450
78.548003, 179.426975
78.192119, 181.018941
77.834127, 182.610337
77.474055, 184.201152
77.111929, 185.791375
76.747776, 187.380995
76.381625, 188.970000
76.013503, 190.558379
75.643438, 192.146120
75.271458, 193.733211
74.897591, 195.319639
74.521867, 196.905392
74.144312, 198.490457
73.764957, 200.074820
73.383830, 201.658468
73.000960, 203.241388
72.616376, 204.823565
72.230109, 206.404986
71.842187, 207.985634
71.452640, 209.565497
71.061498, 211.144557
70.668792, 212.722800
70.274551, 214.300209
69.878807, 215.876769
69.481588, 217.452462
69.082927, 219.027271
68.682854, 220.601180
68.281400, 222.174170
67.878596, 223.746223
67.474474, 225.317321
67.069065, 226.887444
66.662400, 228.456573
66.254512, 230.024687
65.845433, 231.591768
65.435194, 233.157792
65.023828, 234.722741
64.611367, 236.286590
64.197843, 237.849319
63.783291, 239.410904
63.367741, 240.971321
62.951228, 242.530547
62.533784, 244.088558
62.115443, 245.645327
61.696238, 247.200829
61.276203, 248.755039
60.855371, 250.307927
60.433776, 251.859468
60.011454, 253.409633
59.588436, 254.958392
59.164759, 256.505715
58.740456, 258.051573
58.315562, 259.595934
57.890112, 261.138765
57.464141, 262.680034
57.037684, 264.219707
56.610777, 265.757750
56.183454, 267.294126
55.755751, 268.828800
55.327704, 270.361734
54.899350, 271.892891
54.470723, 273.422230
54.041861, 274.949711
53.612800, 276.475293
53.183576, 277.998933
52.754226, 279.520589
52.324787, 281.040215
51.895296, 282.557765
51.465791, 284.073192
51.036308, 285.586448
50.606887, 287.097484
50.177564, 288.606247
49.748377, 290.112687
49.319366, 291.616748
48.890568, 293.118376
48.462021, 294.617514
48.033766, 296.114104
47.605841, 297.608085
47.178285, 299.099397
46.751139, 300.587975
46.324441, 302.073756
45.898232, 303.556672
45.472552, 305.036654
45.047442, 306.513633
44.622943, 307.987535
44.199095, 309.458286
43.775940, 310.925810
43.353520, 312.390027
42.931877, 313.850857
42.511052, 315.308217
42.091089, 316.762021
41.672031, 318.212180
41.253920, 319.658606
40.836800, 321.101204
40.420716, 322.539879
40.005710, 323.974533
39.591829, 325.405065
39.179118, 326.831371
38.767620, 328.253344
38.357384, 329.670874
37.948454, 331.083849
37.540878, 332.492152
37.134703, 333.895665
36.729977, 335.294265
36.326748, 336.687825
35.925064, 338.076217
35.524975, 339.459308
35.126531, 340.836961
34.729782, 342.209036
34.334779, 343.575388
33.941573, 344.935871
33.550218, 346.290332
33.160765, 347.638615
32.773269, 348.980561
32.387783, 350.316006
32.004362, 351.644781
31.623063, 352.966715
31.243941, 354.281632
30.867054, 355.589349
30.492459, 356.889683
30.120217, 358.182444
29.750385, 359.467439
29.383026, 0.744469
29.018201, 2.013333
28.655971, 3.273824
28.296401, 4.525732
27.939555, 5.768843
27.585497, 7.002938
27.234296, 8.227796
26.886018, 9.443191
26.540731, 10.648893
26.198505, 11.844672
25.859412, 13.030291
25.523522, 14.205514
25.190909, 15.370102
24.861647, 16.523812
24.535811, 17.666402
24.213478, 18.797629
23.894724, 19.917250
23.579628, 21.025021
23.268271, 22.120701
22.960733, 23.204050
22.657096, 24.274831
22.357443, 25.332811
22.061857, 26.377762
21.770424, 27.409462
21.483229, 28.427695
21.200359, 29.432256
20.921901, 30.422947
20.647942, 31.399583
20.378572, 32.361993
20.113878, 33.310019
19.853950, 34.243519
19.598876, 35.162372
19.348747, 36.066474
19.103649, 36.955745
18.863672, 37.830130
18.628903, 38.689599
18.399428, 39.534152
18.175332, 40.363819
17.956700, 41.178662
17.743612, 41.978781
17.536150, 42.764312
17.334389, 43.535427
17.138404, 44.292346
16.948266, 45.035325
16.764044, 45.764670
16.585800, 46.480730
16.413593, 47.183902
16.247478, 47.874632
16.087504, 48.553413
15.933714, 49.220789
15.786147, 49.877351
15.644832, 50.523740
15.509794, 51.160643
15.381050, 51.788793
15.258610, 52.408968
15.142475, 53.021987
15.032640, 53.628710
14.929089, 54.230031
14.831801, 54.826878
14.740742, 55.420207
14.655874, 56.010998
14.577146, 56.600252
14.504501, 57.188985
14.437874, 57.778221
14.377187, 58.368991
14.322359, 58.962326
14.273298, 59.559250
14.229904, 60.160780
14.192070, 60.767913
14.159682, 61.381630
14.132619, 62.002885
14.110754, 62.632605
14.093953, 63.271684
14.082078, 63.920978
14.074985, 64.581307
14.072527, 65.253448
14.074551, 65.938134
14.080903, 66.636052
14.091424, 67.347844
14.105956, 68.074102
14.124336, 68.815372
14.146402, 69.572151
14.171990, 70.344888
14.200937, 71.133985
14.233079, 71.939797
14.268254, 72.762636
14.306300, 73.602769
14.347056, 74.460421
14.390365, 75.335778
14.436069, 76.228986
14.484016, 77.140158
14.534053, 78.069371
14.586031, 79.016670
14.639806, 79.982073
14.695234, 80.965567
14.752178, 81.967116
14.810500, 82.986661
14.870070, 84.024122
14.930758, 85.079400
14.992441, 86.152377
15.054998, 87.242923
15.118311, 88.350894
15.182267, 89.476131
15.246758, 90.618469
15.311677, 91.777731
15.376923, 92.953737
15.442398, 94.146295
15.508008, 95.355214
15.573662, 96.580296
15.639275, 97.821342
15.704761, 99.078149
15.770043, 100.350516
15.835044, 101.638240
15.899692, 102.941120
15.963917, 104.258955
16.027653, 105.591548
16.090838, 106.938700
16.153413, 108.300221
16.215320, 109.675919
16.276508, 111.065609
16.336925, 112.469108
16.396525, 113.886238
16.455264, 115.316825
16.513098, 116.760701
16.569991, 118.217701
16.625906, 119.687666
16.680809, 121.170443
16.734670, 122.665882
16.787460, 124.173839
16.839155, 125.694176
16.889729, 127.226760
16.939163, 128.771463
16.987438, 130.328163
17.034539, 131.896742
17.080450, 133.477088
17.125160, 135.069094
17.168661, 136.672658
17.210944, 138.287684
17.252005, 139.914079
17.291840, 141.551758
17.330450, 143.200636
17.367834, 144.860637
17.403997, 146.531688
17.438943, 148.213720
17.472680, 149.906669
17.505217, 151.610474
17.536565, 153.325080
17.566738, 155.050434
17.595751, 156.786487
17.623620, 158.533194
17.650365, 160.290515
17.676006, 162.058409
17.700566, 163.836843
17.724071, 165.625783
17.746545, 167.425200
17.768018, 169.235066
17.788520, 171.055357
17.808082, 172.886050
17.826739, 174.727123
17.844526, 176.578557
17.861482, 178.440334
17.877644, 180.312438
17.893054, 182.194852
17.907755, 184.087562
17.921792, 185.990553
17.935211, 187.903810
17.948060, 189.827318
17.960390, 191.761064
17.972251, 193.705030
17.983698, 195.659201
17.994785, 197.623559
18.005570, 199.598084
18.016110, 201.582755
18.026466, 203.577549
18.036700, 205.582438
18.046875, 207.597395
18.057056, 209.622388
18.067310, 211.657379
18.077703, 213.702330
18.088307, 215.757197
18.099191, 217.821931
18.110429, 219.896478
18.122093, 221.980780
18.134258, 224.074772
18.147001, 226.178383
18.160399, 228.291536
18.174531, 230.414148
18.189475, 232.546127
18.205313, 234.687376
18.222125, 236.837789
18.239994, 238.997251
18.259003, 241.165641
18.279234, 243.342829
18.300773, 245.528674
18.323704, 247.723029
18.348112, 249.925737
18.374081, 252.136631
18.401697, 254.355535
18.431046, 256.582264
18.462212, 258.816623
18.495281, 261.058407
18.530337, 263.307403
18.567464, 265.563386
18.606747, 267.826125
18.648267, 270.095377
18.692108, 272.370891
18.738349, 274.652408
18.787072, 276.939658
18.838354, 279.232365
18.892274, 281.530245
18.948906, 283.833007
19.008327, 286.140350
19.070607, 288.451970
19.135817, 290.767556
19.204028, 293.086790
19.275304, 295.409352
19.349710, 297.734916
19.427309, 300.063152
19.508160, 302.393728
19.592321, 304.726311
19.679846, 307.060564
19.770787, 309.396151
19.865193, 311.732737
19.963111, 314.069984
20.064585, 316.407561
20.169655, 318.745133
20.278360, 321.082373
20.390733, 323.418955
20.506807, 325.754559
20.626611, 328.088868
20.750171, 330.421571
20.877509, 332.752365
21.008646, 335.080953
21.143599, 337.407043
21.282381, 339.730355
21.425003, 342.050614
21.571474, 344.367554
21.721799, 346.680921
21.875981, 348.990466
22.034018, 351.295953
22.195910, 353.597156
22.361649, 355.893856
22.531229, 358.185848
22.704638, 0.472936
22.881864, 2.754935
23.062891, 5.031668
23.247702, 7.302973
23.436277, 9.568694
23.628596, 11.828690
23.824633, 14.082827
24.024365, 16.330982
24.227762, 18.573043
24.434797, 20.808907
24.645438, 23.038481
24.859653, 25.261682
25.077409, 27.478436
25.298670, 29.688677
25.523401, 31.892349
25.751562, 34.089403
25.983116, 36.279800
26.218022, 38.463508
26.456240, 40.640501
26.697727, 42.810763
26.942442, 44.974282
27.190339, 47.131055
27.441376, 49.281083
27.695508, 51.424375
27.952688, 53.560945
28.212870, 55.690810
28.476008, 57.813996
28.742056, 59.930531
29.010964, 62.040447
29.282687, 64.143783
29.557174, 66.240578
29.834379, 68.330878
30.114251, 70.414731
30.396743, 72.492186
30.681806, 74.563299
30.969389, 76.628125
31.259445, 78.686723
31.551922, 80.739153
31.846773, 82.785480
32.143948, 84.825766
32.443397, 86.860079
32.745071, 88.888485
33.048921, 90.911053
33.354896, 92.927853
33.662949, 94.938956
33.973030, 96.944432
34.285090, 98.944355
34.599080, 100.938796
34.914951, 102.927828
35.232656, 104.911524
35.552144, 106.889958
35.873369, 108.863203
36.196282, 110.831333
36.520835, 112.794420
36.846981, 114.752538
37.174672, 116.705760
37.503860, 118.654157
37.834499, 120.597803
38.166541, 122.536768
38.499941, 124.471124
38.834652, 126.400942
39.170626, 128.326291
39.507820, 130.247241
39.846185, 132.163860
40.185678, 134.076217
40.526253, 135.984379
40.867865, 137.888412
41.210468, 139.788382
41.554018, 141.684353
41.898472, 143.576392
42.243784, 145.464559
42.589911, 147.348918
42.936808, 149.229531
43.284434, 151.106457
43.632744, 152.979758
43.981695, 154.849491
44.331245, 156.715716
44.681350, 158.578488
45.031970, 160.437865
45.383061, 162.293902
45.734582, 164.146653
46.086491, 165.996173
46.438746, 167.842513
46.791307, 169.685725
47.144133, 171.525861
47.497182, 173.362971
47.850414, 175.197104
48.203790, 177.028309
48.557268, 178.856632
48.910808, 180.682121
49.264372, 182.504822
49.617920, 184.324780
49.971412, 186.142038
50.324809, 187.956642
50.678073, 189.768632
51.031164, 191.578051
51.384045, 193.384941
51.736677, 195.189341
52.089023, 196.991292
52.441043, 198.790831
52.792702, 200.587998
53.143961, 202.382829
53.494782, 204.175362
53.845130, 205.965632
54.194967, 207.753675
54.544257, 209.539526
54.892963, 211.323217
55.241050, 213.104784
55.588480, 214.884258
55.935218, 216.661672
56.281229, 218.437056
56.626477, 220.210443
56.970927, 221.981862
57.314544, 223.751342
57.657293, 225.518914
57.999140, 227.284605
58.340049, 229.048443
58.679987, 230.810456
59.018920, 232.570671
59.356814, 234.329114
59.693635, 236.085811
60.029349, 237.840787
60.363924, 239.594067
60.697327, 241.345676
61.029524, 243.095637
61.360482, 244.843974
61.690170, 246.590709
62.018555, 248.335865
62.345605, 250.079465
62.671288, 251.821529
62.995573, 253.562079
63.318427, 255.301136
63.639820, 257.038720
63.959720, 258.774851
64.278097, 260.509548
64.594920, 262.242831
64.910158, 263.974718
65.223781, 265.705228
65.535760, 267.434379
65.846063, 269.162188
66.154662, 270.888673
66.461526, 272.613850
66.766628, 274.337737
67.069937, 276.060349
67.371425, 277.781703
67.671062, 279.501814
67.968822, 281.220697
68.264674, 282.938367
68.558593, 284.654840
68.850548, 286.370130
##END=
