##TITLE= Parameter file, TopSpin 4.3.0
##JCAMPDX= 5.0
##DATATYPE= Parameter Values
##ORIGIN= Bruker BioSpin GmbH
##OWNER= nmrsu
$$ 2024-05-23 11:28:53.473 +0100  nmrsu@4CE1161FJM
$$ C:/Bruker/TopSpin4.3.0/exp/stan/nmr/lists/wave/user/multisupp_aux_d8
$$ process C:\Bruker\TopSpin4.3.0\prog\mod\xwinshape.exe
##MINX= 0.39800900
##MAXX= 99.99938900
##MINY= 0.20295300
##MAXY= 359.79704700
##$SHAPE_ADDPHASE= 0
##$SHAPE_AMP= 99.99938933
##$SHAPE_BWFAC= 0
##$SHAPE_BWFAC50= 0
##$SHAPE_CALCBW= yes
##$SHAPE_CALCINTEG= yes
##$SHAPE_EXMODE= <Excitation>
##$SHAPE_EXPAND= <>
##$SHAPE_EXPANDCF= (0..143)
0 0 0 0 0 0 0 0 0 0 0 0 0 0 0 0 0 0 0 0 0 0 0 0 0 0 0 0 0 0 0 0 0 0 0 0
0 0 0 0 0 0 0 0 0 0 0 0 0 0 0 0 0 0 0 0 0 0 0 0 0 0 0 0 0 0 0 0 0 0 0 0
0 0 0 0 0 0 0 0 0 0 0 0 0 0 0 0 0 0 0 0 0 0 0 0 0 0 0 0 0 0 0 0 0 0 0 0
0 0 0 0 0 0 0 0 0 0 0 0 0 0 0 0 0 0 0 0 0 0 0 0 0 0 0 0 0 0 0 0 0 0 0 0
##$SHAPE_EXPFAC= 0
##$SHAPE_FRACEND= 0
##$SHAPE_FRACORG= 0
##$SHAPE_FRACSTART= 0
##$SHAPE_INTEGFAC= 0
##$SHAPE_KEEPRES= yes
##$SHAPE_LENGTH= 25000.000373
##$SHAPE_MAN= <M>
##$SHAPE_MODE= 3
##$SHAPE_MODFREQ= 0
##$SHAPE_MODPHASE= 0
##$SHAPE_MODSCALE= 0
##$SHAPE_MODSW= 0
##$SHAPE_MODSWDIR= -1
##$SHAPE_NPOINTS= 1250
##$SHAPE_OFFS= <1 3>
##$SHAPE_OFFSCOEFF= (0..95)
-153.22449 0 100 -220.96471 0 100 -289.46736 0 100 0 0 0 0 0 0 0 0 0 0
0 0 0 0 0 0 0 0 0 0 0 0 0 0 0 0 0 0 0 0 0 0 0 0 0 0 0 0 0 0 0 0 0 0 0 0
0 0 0 0 0 0 0 0 0 0 0 0 0 0 0 0 0 0 0 0 0 0 0 0 0 0 0 0 0 0 0 0 0 0 0 0
0 0 0 0 0
##$SHAPE_PARAMETER= <>
##$SHAPE_REPHFAC= 0
##$SHAPE_RES= 0
##$SHAPE_SCALEFAC= 1.00000611
##$SHAPE_SCALETYPE= 0
##$SHAPE_SPOAL= 0
##$SHAPE_SPOFFS= 0
##$SHAPE_SPOPH= 0
##$SHAPE_TOTROT= 90
##$SHAPE_TYPE= <Excitation>
##$SHAPE_USER_DEF= <>
##$SHAPE_VERSION= 2.1
##$SHL_ADDPHASE= (0..15)
0 0 0 0 0 0 0 0 0 0 0 0 0 0 0 0
##$SHL_ALIGNOFFSET= (0..15)
0 0 0 0 0 0 0 0 0 0 0 0 0 0 0 0
##$SHL_AMP= (0..15)
100 0 0 0 0 0 0 0 0 0 0 0 0 0 0 0
##$SHL_AMPFAC= (0..15)
0 0 0 0 0 0 0 0 0 0 0 0 0 0 0 0
##$SHL_BETA= (0..15)
0 0 0 0 0 0 0 0 0 0 0 0 0 0 0 0
##$SHL_BWFAC= (0..15)
1.116 0 0 0 0 0 0 0 0 0 0 0 0 0 0 0
##$SHL_CALCBW= (0..15)
yes yes yes yes yes yes yes yes yes yes yes yes yes yes yes yes
##$SHL_CALCINTEG= (0..15)
yes yes yes yes yes yes yes yes yes yes yes yes yes yes yes yes
##$SHL_CENTERAMP= (0..15)
0 0 0 0 0 0 0 0 0 0 0 0 0 0 0 0
##$SHL_CYCNUM= (0..15)
0 0 0 0 0 0 0 0 0 0 0 0 0 0 0 0
##$SHL_DIPOLCPL= (0..15)
0 0 0 0 0 0 0 0 0 0 0 0 0 0 0 0
##$SHL_ENDAMP= (0..15)
0 0 0 0 0 0 0 0 0 0 0 0 0 0 0 0
##$SHL_EXMODE= (0..15)
<Excitation> <> <> <> <> <> <> <> <> <> <> <> <> <> <> <>
##$SHL_EXPAND= (0..15)
<> <> <> <> <> <> <> <> <> <> <> <> <> <> <> <>
##$SHL_EXPANDCF0= (0..143)
0 0 0 0 0 0 0 0 0 0 0 0 0 0 0 0 0 0 0 0 0 0 0 0 0 0 0 0 0 0 0 0 0 0 0 0
0 0 0 0 0 0 0 0 0 0 0 0 0 0 0 0 0 0 0 0 0 0 0 0 0 0 0 0 0 0 0 0 0 0 0 0
0 0 0 0 0 0 0 0 0 0 0 0 0 0 0 0 0 0 0 0 0 0 0 0 0 0 0 0 0 0 0 0 0 0 0 0
0 0 0 0 0 0 0 0 0 0 0 0 0 0 0 0 0 0 0 0 0 0 0 0 0 0 0 0 0 0 0 0 0 0 0 0
##$SHL_EXPANDCF1= (0..143)
0 0 0 0 0 0 0 0 0 0 0 0 0 0 0 0 0 0 0 0 0 0 0 0 0 0 0 0 0 0 0 0 0 0 0 0
0 0 0 0 0 0 0 0 0 0 0 0 0 0 0 0 0 0 0 0 0 0 0 0 0 0 0 0 0 0 0 0 0 0 0 0
0 0 0 0 0 0 0 0 0 0 0 0 0 0 0 0 0 0 0 0 0 0 0 0 0 0 0 0 0 0 0 0 0 0 0 0
0 0 0 0 0 0 0 0 0 0 0 0 0 0 0 0 0 0 0 0 0 0 0 0 0 0 0 0 0 0 0 0 0 0 0 0
##$SHL_EXPANDCF10= (0..143)
0 0 0 0 0 0 0 0 0 0 0 0 0 0 0 0 0 0 0 0 0 0 0 0 0 0 0 0 0 0 0 0 0 0 0 0
0 0 0 0 0 0 0 0 0 0 0 0 0 0 0 0 0 0 0 0 0 0 0 0 0 0 0 0 0 0 0 0 0 0 0 0
0 0 0 0 0 0 0 0 0 0 0 0 0 0 0 0 0 0 0 0 0 0 0 0 0 0 0 0 0 0 0 0 0 0 0 0
0 0 0 0 0 0 0 0 0 0 0 0 0 0 0 0 0 0 0 0 0 0 0 0 0 0 0 0 0 0 0 0 0 0 0 0
##$SHL_EXPANDCF11= (0..143)
0 0 0 0 0 0 0 0 0 0 0 0 0 0 0 0 0 0 0 0 0 0 0 0 0 0 0 0 0 0 0 0 0 0 0 0
0 0 0 0 0 0 0 0 0 0 0 0 0 0 0 0 0 0 0 0 0 0 0 0 0 0 0 0 0 0 0 0 0 0 0 0
0 0 0 0 0 0 0 0 0 0 0 0 0 0 0 0 0 0 0 0 0 0 0 0 0 0 0 0 0 0 0 0 0 0 0 0
0 0 0 0 0 0 0 0 0 0 0 0 0 0 0 0 0 0 0 0 0 0 0 0 0 0 0 0 0 0 0 0 0 0 0 0
##$SHL_EXPANDCF12= (0..143)
0 0 0 0 0 0 0 0 0 0 0 0 0 0 0 0 0 0 0 0 0 0 0 0 0 0 0 0 0 0 0 0 0 0 0 0
0 0 0 0 0 0 0 0 0 0 0 0 0 0 0 0 0 0 0 0 0 0 0 0 0 0 0 0 0 0 0 0 0 0 0 0
0 0 0 0 0 0 0 0 0 0 0 0 0 0 0 0 0 0 0 0 0 0 0 0 0 0 0 0 0 0 0 0 0 0 0 0
0 0 0 0 0 0 0 0 0 0 0 0 0 0 0 0 0 0 0 0 0 0 0 0 0 0 0 0 0 0 0 0 0 0 0 0
##$SHL_EXPANDCF13= (0..143)
0 0 0 0 0 0 0 0 0 0 0 0 0 0 0 0 0 0 0 0 0 0 0 0 0 0 0 0 0 0 0 0 0 0 0 0
0 0 0 0 0 0 0 0 0 0 0 0 0 0 0 0 0 0 0 0 0 0 0 0 0 0 0 0 0 0 0 0 0 0 0 0
0 0 0 0 0 0 0 0 0 0 0 0 0 0 0 0 0 0 0 0 0 0 0 0 0 0 0 0 0 0 0 0 0 0 0 0
0 0 0 0 0 0 0 0 0 0 0 0 0 0 0 0 0 0 0 0 0 0 0 0 0 0 0 0 0 0 0 0 0 0 0 0
##$SHL_EXPANDCF14= (0..143)
0 0 0 0 0 0 0 0 0 0 0 0 0 0 0 0 0 0 0 0 0 0 0 0 0 0 0 0 0 0 0 0 0 0 0 0
0 0 0 0 0 0 0 0 0 0 0 0 0 0 0 0 0 0 0 0 0 0 0 0 0 0 0 0 0 0 0 0 0 0 0 0
0 0 0 0 0 0 0 0 0 0 0 0 0 0 0 0 0 0 0 0 0 0 0 0 0 0 0 0 0 0 0 0 0 0 0 0
0 0 0 0 0 0 0 0 0 0 0 0 0 0 0 0 0 0 0 0 0 0 0 0 0 0 0 0 0 0 0 0 0 0 0 0
##$SHL_EXPANDCF15= (0..143)
0 0 0 0 0 0 0 0 0 0 0 0 0 0 0 0 0 0 0 0 0 0 0 0 0 0 0 0 0 0 0 0 0 0 0 0
0 0 0 0 0 0 0 0 0 0 0 0 0 0 0 0 0 0 0 0 0 0 0 0 0 0 0 0 0 0 0 0 0 0 0 0
0 0 0 0 0 0 0 0 0 0 0 0 0 0 0 0 0 0 0 0 0 0 0 0 0 0 0 0 0 0 0 0 0 0 0 0
0 0 0 0 0 0 0 0 0 0 0 0 0 0 0 0 0 0 0 0 0 0 0 0 0 0 0 0 0 0 0 0 0 0 0 0
##$SHL_EXPANDCF2= (0..143)
0 0 0 0 0 0 0 0 0 0 0 0 0 0 0 0 0 0 0 0 0 0 0 0 0 0 0 0 0 0 0 0 0 0 0 0
0 0 0 0 0 0 0 0 0 0 0 0 0 0 0 0 0 0 0 0 0 0 0 0 0 0 0 0 0 0 0 0 0 0 0 0
0 0 0 0 0 0 0 0 0 0 0 0 0 0 0 0 0 0 0 0 0 0 0 0 0 0 0 0 0 0 0 0 0 0 0 0
0 0 0 0 0 0 0 0 0 0 0 0 0 0 0 0 0 0 0 0 0 0 0 0 0 0 0 0 0 0 0 0 0 0 0 0
##$SHL_EXPANDCF3= (0..143)
0 0 0 0 0 0 0 0 0 0 0 0 0 0 0 0 0 0 0 0 0 0 0 0 0 0 0 0 0 0 0 0 0 0 0 0
0 0 0 0 0 0 0 0 0 0 0 0 0 0 0 0 0 0 0 0 0 0 0 0 0 0 0 0 0 0 0 0 0 0 0 0
0 0 0 0 0 0 0 0 0 0 0 0 0 0 0 0 0 0 0 0 0 0 0 0 0 0 0 0 0 0 0 0 0 0 0 0
0 0 0 0 0 0 0 0 0 0 0 0 0 0 0 0 0 0 0 0 0 0 0 0 0 0 0 0 0 0 0 0 0 0 0 0
##$SHL_EXPANDCF4= (0..143)
0 0 0 0 0 0 0 0 0 0 0 0 0 0 0 0 0 0 0 0 0 0 0 0 0 0 0 0 0 0 0 0 0 0 0 0
0 0 0 0 0 0 0 0 0 0 0 0 0 0 0 0 0 0 0 0 0 0 0 0 0 0 0 0 0 0 0 0 0 0 0 0
0 0 0 0 0 0 0 0 0 0 0 0 0 0 0 0 0 0 0 0 0 0 0 0 0 0 0 0 0 0 0 0 0 0 0 0
0 0 0 0 0 0 0 0 0 0 0 0 0 0 0 0 0 0 0 0 0 0 0 0 0 0 0 0 0 0 0 0 0 0 0 0
##$SHL_EXPANDCF5= (0..143)
0 0 0 0 0 0 0 0 0 0 0 0 0 0 0 0 0 0 0 0 0 0 0 0 0 0 0 0 0 0 0 0 0 0 0 0
0 0 0 0 0 0 0 0 0 0 0 0 0 0 0 0 0 0 0 0 0 0 0 0 0 0 0 0 0 0 0 0 0 0 0 0
0 0 0 0 0 0 0 0 0 0 0 0 0 0 0 0 0 0 0 0 0 0 0 0 0 0 0 0 0 0 0 0 0 0 0 0
0 0 0 0 0 0 0 0 0 0 0 0 0 0 0 0 0 0 0 0 0 0 0 0 0 0 0 0 0 0 0 0 0 0 0 0
##$SHL_EXPANDCF6= (0..143)
0 0 0 0 0 0 0 0 0 0 0 0 0 0 0 0 0 0 0 0 0 0 0 0 0 0 0 0 0 0 0 0 0 0 0 0
0 0 0 0 0 0 0 0 0 0 0 0 0 0 0 0 0 0 0 0 0 0 0 0 0 0 0 0 0 0 0 0 0 0 0 0
0 0 0 0 0 0 0 0 0 0 0 0 0 0 0 0 0 0 0 0 0 0 0 0 0 0 0 0 0 0 0 0 0 0 0 0
0 0 0 0 0 0 0 0 0 0 0 0 0 0 0 0 0 0 0 0 0 0 0 0 0 0 0 0 0 0 0 0 0 0 0 0
##$SHL_EXPANDCF7= (0..143)
0 0 0 0 0 0 0 0 0 0 0 0 0 0 0 0 0 0 0 0 0 0 0 0 0 0 0 0 0 0 0 0 0 0 0 0
0 0 0 0 0 0 0 0 0 0 0 0 0 0 0 0 0 0 0 0 0 0 0 0 0 0 0 0 0 0 0 0 0 0 0 0
0 0 0 0 0 0 0 0 0 0 0 0 0 0 0 0 0 0 0 0 0 0 0 0 0 0 0 0 0 0 0 0 0 0 0 0
0 0 0 0 0 0 0 0 0 0 0 0 0 0 0 0 0 0 0 0 0 0 0 0 0 0 0 0 0 0 0 0 0 0 0 0
##$SHL_EXPANDCF8= (0..143)
0 0 0 0 0 0 0 0 0 0 0 0 0 0 0 0 0 0 0 0 0 0 0 0 0 0 0 0 0 0 0 0 0 0 0 0
0 0 0 0 0 0 0 0 0 0 0 0 0 0 0 0 0 0 0 0 0 0 0 0 0 0 0 0 0 0 0 0 0 0 0 0
0 0 0 0 0 0 0 0 0 0 0 0 0 0 0 0 0 0 0 0 0 0 0 0 0 0 0 0 0 0 0 0 0 0 0 0
0 0 0 0 0 0 0 0 0 0 0 0 0 0 0 0 0 0 0 0 0 0 0 0 0 0 0 0 0 0 0 0 0 0 0 0
##$SHL_EXPANDCF9= (0..143)
0 0 0 0 0 0 0 0 0 0 0 0 0 0 0 0 0 0 0 0 0 0 0 0 0 0 0 0 0 0 0 0 0 0 0 0
0 0 0 0 0 0 0 0 0 0 0 0 0 0 0 0 0 0 0 0 0 0 0 0 0 0 0 0 0 0 0 0 0 0 0 0
0 0 0 0 0 0 0 0 0 0 0 0 0 0 0 0 0 0 0 0 0 0 0 0 0 0 0 0 0 0 0 0 0 0 0 0
0 0 0 0 0 0 0 0 0 0 0 0 0 0 0 0 0 0 0 0 0 0 0 0 0 0 0 0 0 0 0 0 0 0 0 0
##$SHL_EXPFAC= (0..15)
0 0 0 0 0 0 0 0 0 0 0 0 0 0 0 0
##$SHL_FRACEND= (0..15)
0 0 0 0 0 0 0 0 0 0 0 0 0 0 0 0
##$SHL_FRACORG= (0..15)
0 0 0 0 0 0 0 0 0 0 0 0 0 0 0 0
##$SHL_FRACSTART= (0..15)
0 0 0 0 0 0 0 0 0 0 0 0 0 0 0 0
##$SHL_FULLHALF= (0..15)
0 0 0 0 0 0 0 0 0 0 0 0 0 0 0 0
##$SHL_FUNCAMP= (0..15)
100 0 0 0 0 0 0 0 0 0 0 0 0 0 0 0
##$SHL_FUNCTION= (0..15)
<Rectangle> <> <> <> <> <> <> <> <> <> <> <> <> <> <> <>
##$SHL_GCO= (0..15)
<> <> <> <> <> <> <> <> <> <> <> <> <> <> <> <>
##$SHL_GCOCOEFFS0= (0..59)
0 0 0 0 0 0 0 0 0 0 0 0 0 0 0 0 0 0 0 0 0 0 0 0 0 0 0 0 0 0 0 0 0 0 0 0
0 0 0 0 0 0 0 0 0 0 0 0 0 0 0 0 0 0 0 0 0 0 0 0
##$SHL_GCOCOEFFS1= (0..59)
0 0 0 0 0 0 0 0 0 0 0 0 0 0 0 0 0 0 0 0 0 0 0 0 0 0 0 0 0 0 0 0 0 0 0 0
0 0 0 0 0 0 0 0 0 0 0 0 0 0 0 0 0 0 0 0 0 0 0 0
##$SHL_GCOCOEFFS10= (0..59)
0 0 0 0 0 0 0 0 0 0 0 0 0 0 0 0 0 0 0 0 0 0 0 0 0 0 0 0 0 0 0 0 0 0 0 0
0 0 0 0 0 0 0 0 0 0 0 0 0 0 0 0 0 0 0 0 0 0 0 0
##$SHL_GCOCOEFFS11= (0..59)
0 0 0 0 0 0 0 0 0 0 0 0 0 0 0 0 0 0 0 0 0 0 0 0 0 0 0 0 0 0 0 0 0 0 0 0
0 0 0 0 0 0 0 0 0 0 0 0 0 0 0 0 0 0 0 0 0 0 0 0
##$SHL_GCOCOEFFS12= (0..59)
0 0 0 0 0 0 0 0 0 0 0 0 0 0 0 0 0 0 0 0 0 0 0 0 0 0 0 0 0 0 0 0 0 0 0 0
0 0 0 0 0 0 0 0 0 0 0 0 0 0 0 0 0 0 0 0 0 0 0 0
##$SHL_GCOCOEFFS13= (0..59)
0 0 0 0 0 0 0 0 0 0 0 0 0 0 0 0 0 0 0 0 0 0 0 0 0 0 0 0 0 0 0 0 0 0 0 0
0 0 0 0 0 0 0 0 0 0 0 0 0 0 0 0 0 0 0 0 0 0 0 0
##$SHL_GCOCOEFFS14= (0..59)
0 0 0 0 0 0 0 0 0 0 0 0 0 0 0 0 0 0 0 0 0 0 0 0 0 0 0 0 0 0 0 0 0 0 0 0
0 0 0 0 0 0 0 0 0 0 0 0 0 0 0 0 0 0 0 0 0 0 0 0
##$SHL_GCOCOEFFS15= (0..59)
0 0 0 0 0 0 0 0 0 0 0 0 0 0 0 0 0 0 0 0 0 0 0 0 0 0 0 0 0 0 0 0 0 0 0 0
0 0 0 0 0 0 0 0 0 0 0 0 0 0 0 0 0 0 0 0 0 0 0 0
##$SHL_GCOCOEFFS2= (0..59)
0 0 0 0 0 0 0 0 0 0 0 0 0 0 0 0 0 0 0 0 0 0 0 0 0 0 0 0 0 0 0 0 0 0 0 0
0 0 0 0 0 0 0 0 0 0 0 0 0 0 0 0 0 0 0 0 0 0 0 0
##$SHL_GCOCOEFFS3= (0..59)
0 0 0 0 0 0 0 0 0 0 0 0 0 0 0 0 0 0 0 0 0 0 0 0 0 0 0 0 0 0 0 0 0 0 0 0
0 0 0 0 0 0 0 0 0 0 0 0 0 0 0 0 0 0 0 0 0 0 0 0
##$SHL_GCOCOEFFS4= (0..59)
0 0 0 0 0 0 0 0 0 0 0 0 0 0 0 0 0 0 0 0 0 0 0 0 0 0 0 0 0 0 0 0 0 0 0 0
0 0 0 0 0 0 0 0 0 0 0 0 0 0 0 0 0 0 0 0 0 0 0 0
##$SHL_GCOCOEFFS5= (0..59)
0 0 0 0 0 0 0 0 0 0 0 0 0 0 0 0 0 0 0 0 0 0 0 0 0 0 0 0 0 0 0 0 0 0 0 0
0 0 0 0 0 0 0 0 0 0 0 0 0 0 0 0 0 0 0 0 0 0 0 0
##$SHL_GCOCOEFFS6= (0..59)
0 0 0 0 0 0 0 0 0 0 0 0 0 0 0 0 0 0 0 0 0 0 0 0 0 0 0 0 0 0 0 0 0 0 0 0
0 0 0 0 0 0 0 0 0 0 0 0 0 0 0 0 0 0 0 0 0 0 0 0
##$SHL_GCOCOEFFS7= (0..59)
0 0 0 0 0 0 0 0 0 0 0 0 0 0 0 0 0 0 0 0 0 0 0 0 0 0 0 0 0 0 0 0 0 0 0 0
0 0 0 0 0 0 0 0 0 0 0 0 0 0 0 0 0 0 0 0 0 0 0 0
##$SHL_GCOCOEFFS8= (0..59)
0 0 0 0 0 0 0 0 0 0 0 0 0 0 0 0 0 0 0 0 0 0 0 0 0 0 0 0 0 0 0 0 0 0 0 0
0 0 0 0 0 0 0 0 0 0 0 0 0 0 0 0 0 0 0 0 0 0 0 0
##$SHL_GCOCOEFFS9= (0..59)
0 0 0 0 0 0 0 0 0 0 0 0 0 0 0 0 0 0 0 0 0 0 0 0 0 0 0 0 0 0 0 0 0 0 0 0
0 0 0 0 0 0 0 0 0 0 0 0 0 0 0 0 0 0 0 0 0 0 0 0
##$SHL_INTEGFAC= (0..15)
1 0 0 0 0 0 0 0 0 0 0 0 0 0 0 0
##$SHL_LB= (0..15)
0 0 0 0 0 0 0 0 0 0 0 0 0 0 0 0
##$SHL_LEFTLIMIT= (0..15)
0 0 0 0 0 0 0 0 0 0 0 0 0 0 0 0
##$SHL_LENGTH= (0..15)
25000.000373 0 0 0 0 0 0 0 0 0 0 0 0 0 0 0
##$SHL_MAN= (0..15)
<> <> <> <> <> <> <> <> <> <> <> <> <> <> <> <>
##$SHL_MEANAMP= (0..15)
0 0 0 0 0 0 0 0 0 0 0 0 0 0 0 0
##$SHL_MODAMP= (0..15)
0 0 0 0 0 0 0 0 0 0 0 0 0 0 0 0
##$SHL_MODE= (0..15)
0 0 0 0 0 0 0 0 0 0 0 0 0 0 0 0
##$SHL_MODFREQ= (0..15)
0 0 0 0 0 0 0 0 0 0 0 0 0 0 0 0
##$SHL_MODPHASE= (0..15)
0 0 0 0 0 0 0 0 0 0 0 0 0 0 0 0
##$SHL_MODSCALE= (0..15)
0 0 0 0 0 0 0 0 0 0 0 0 0 0 0 0
##$SHL_MODSW= (0..15)
0 0 0 0 0 0 0 0 0 0 0 0 0 0 0 0
##$SHL_MODSWDIR= (0..15)
-1 -1 -1 -1 -1 -1 -1 -1 -1 -1 -1 -1 -1 -1 -1 -1
##$SHL_MU= (0..15)
0 0 0 0 0 0 0 0 0 0 0 0 0 0 0 0
##$SHL_NPOINTS= (0..15)
1250 0 0 0 0 0 0 0 0 0 0 0 0 0 0 0
##$SHL_OFFS= (0..15)
<> <> <> <> <> <> <> <> <> <> <> <> <> <> <> <>
##$SHL_OFFSCOEFF0= (0..95)
0 0 0 0 0 0 0 0 0 0 0 0 0 0 0 0 0 0 0 0 0 0 0 0 0 0 0 0 0 0 0 0 0 0 0 0
0 0 0 0 0 0 0 0 0 0 0 0 0 0 0 0 0 0 0 0 0 0 0 0 0 0 0 0 0 0 0 0 0 0 0 0
0 0 0 0 0 0 0 0 0 0 0 0 0 0 0 0 0 0 0 0 0 0 0 0
##$SHL_OFFSCOEFF1= (0..95)
0 0 0 0 0 0 0 0 0 0 0 0 0 0 0 0 0 0 0 0 0 0 0 0 0 0 0 0 0 0 0 0 0 0 0 0
0 0 0 0 0 0 0 0 0 0 0 0 0 0 0 0 0 0 0 0 0 0 0 0 0 0 0 0 0 0 0 0 0 0 0 0
0 0 0 0 0 0 0 0 0 0 0 0 0 0 0 0 0 0 0 0 0 0 0 0
##$SHL_OFFSCOEFF10= (0..95)
0 0 0 0 0 0 0 0 0 0 0 0 0 0 0 0 0 0 0 0 0 0 0 0 0 0 0 0 0 0 0 0 0 0 0 0
0 0 0 0 0 0 0 0 0 0 0 0 0 0 0 0 0 0 0 0 0 0 0 0 0 0 0 0 0 0 0 0 0 0 0 0
0 0 0 0 0 0 0 0 0 0 0 0 0 0 0 0 0 0 0 0 0 0 0 0
##$SHL_OFFSCOEFF11= (0..95)
0 0 0 0 0 0 0 0 0 0 0 0 0 0 0 0 0 0 0 0 0 0 0 0 0 0 0 0 0 0 0 0 0 0 0 0
0 0 0 0 0 0 0 0 0 0 0 0 0 0 0 0 0 0 0 0 0 0 0 0 0 0 0 0 0 0 0 0 0 0 0 0
0 0 0 0 0 0 0 0 0 0 0 0 0 0 0 0 0 0 0 0 0 0 0 0
##$SHL_OFFSCOEFF12= (0..95)
0 0 0 0 0 0 0 0 0 0 0 0 0 0 0 0 0 0 0 0 0 0 0 0 0 0 0 0 0 0 0 0 0 0 0 0
0 0 0 0 0 0 0 0 0 0 0 0 0 0 0 0 0 0 0 0 0 0 0 0 0 0 0 0 0 0 0 0 0 0 0 0
0 0 0 0 0 0 0 0 0 0 0 0 0 0 0 0 0 0 0 0 0 0 0 0
##$SHL_OFFSCOEFF13= (0..95)
0 0 0 0 0 0 0 0 0 0 0 0 0 0 0 0 0 0 0 0 0 0 0 0 0 0 0 0 0 0 0 0 0 0 0 0
0 0 0 0 0 0 0 0 0 0 0 0 0 0 0 0 0 0 0 0 0 0 0 0 0 0 0 0 0 0 0 0 0 0 0 0
0 0 0 0 0 0 0 0 0 0 0 0 0 0 0 0 0 0 0 0 0 0 0 0
##$SHL_OFFSCOEFF14= (0..95)
0 0 0 0 0 0 0 0 0 0 0 0 0 0 0 0 0 0 0 0 0 0 0 0 0 0 0 0 0 0 0 0 0 0 0 0
0 0 0 0 0 0 0 0 0 0 0 0 0 0 0 0 0 0 0 0 0 0 0 0 0 0 0 0 0 0 0 0 0 0 0 0
0 0 0 0 0 0 0 0 0 0 0 0 0 0 0 0 0 0 0 0 0 0 0 0
##$SHL_OFFSCOEFF15= (0..95)
0 0 0 0 0 0 0 0 0 0 0 0 0 0 0 0 0 0 0 0 0 0 0 0 0 0 0 0 0 0 0 0 0 0 0 0
0 0 0 0 0 0 0 0 0 0 0 0 0 0 0 0 0 0 0 0 0 0 0 0 0 0 0 0 0 0 0 0 0 0 0 0
0 0 0 0 0 0 0 0 0 0 0 0 0 0 0 0 0 0 0 0 0 0 0 0
##$SHL_OFFSCOEFF2= (0..95)
0 0 0 0 0 0 0 0 0 0 0 0 0 0 0 0 0 0 0 0 0 0 0 0 0 0 0 0 0 0 0 0 0 0 0 0
0 0 0 0 0 0 0 0 0 0 0 0 0 0 0 0 0 0 0 0 0 0 0 0 0 0 0 0 0 0 0 0 0 0 0 0
0 0 0 0 0 0 0 0 0 0 0 0 0 0 0 0 0 0 0 0 0 0 0 0
##$SHL_OFFSCOEFF3= (0..95)
0 0 0 0 0 0 0 0 0 0 0 0 0 0 0 0 0 0 0 0 0 0 0 0 0 0 0 0 0 0 0 0 0 0 0 0
0 0 0 0 0 0 0 0 0 0 0 0 0 0 0 0 0 0 0 0 0 0 0 0 0 0 0 0 0 0 0 0 0 0 0 0
0 0 0 0 0 0 0 0 0 0 0 0 0 0 0 0 0 0 0 0 0 0 0 0
##$SHL_OFFSCOEFF4= (0..95)
0 0 0 0 0 0 0 0 0 0 0 0 0 0 0 0 0 0 0 0 0 0 0 0 0 0 0 0 0 0 0 0 0 0 0 0
0 0 0 0 0 0 0 0 0 0 0 0 0 0 0 0 0 0 0 0 0 0 0 0 0 0 0 0 0 0 0 0 0 0 0 0
0 0 0 0 0 0 0 0 0 0 0 0 0 0 0 0 0 0 0 0 0 0 0 0
##$SHL_OFFSCOEFF5= (0..95)
0 0 0 0 0 0 0 0 0 0 0 0 0 0 0 0 0 0 0 0 0 0 0 0 0 0 0 0 0 0 0 0 0 0 0 0
0 0 0 0 0 0 0 0 0 0 0 0 0 0 0 0 0 0 0 0 0 0 0 0 0 0 0 0 0 0 0 0 0 0 0 0
0 0 0 0 0 0 0 0 0 0 0 0 0 0 0 0 0 0 0 0 0 0 0 0
##$SHL_OFFSCOEFF6= (0..95)
0 0 0 0 0 0 0 0 0 0 0 0 0 0 0 0 0 0 0 0 0 0 0 0 0 0 0 0 0 0 0 0 0 0 0 0
0 0 0 0 0 0 0 0 0 0 0 0 0 0 0 0 0 0 0 0 0 0 0 0 0 0 0 0 0 0 0 0 0 0 0 0
0 0 0 0 0 0 0 0 0 0 0 0 0 0 0 0 0 0 0 0 0 0 0 0
##$SHL_OFFSCOEFF7= (0..95)
0 0 0 0 0 0 0 0 0 0 0 0 0 0 0 0 0 0 0 0 0 0 0 0 0 0 0 0 0 0 0 0 0 0 0 0
0 0 0 0 0 0 0 0 0 0 0 0 0 0 0 0 0 0 0 0 0 0 0 0 0 0 0 0 0 0 0 0 0 0 0 0
0 0 0 0 0 0 0 0 0 0 0 0 0 0 0 0 0 0 0 0 0 0 0 0
##$SHL_OFFSCOEFF8= (0..95)
0 0 0 0 0 0 0 0 0 0 0 0 0 0 0 0 0 0 0 0 0 0 0 0 0 0 0 0 0 0 0 0 0 0 0 0
0 0 0 0 0 0 0 0 0 0 0 0 0 0 0 0 0 0 0 0 0 0 0 0 0 0 0 0 0 0 0 0 0 0 0 0
0 0 0 0 0 0 0 0 0 0 0 0 0 0 0 0 0 0 0 0 0 0 0 0
##$SHL_OFFSCOEFF9= (0..95)
0 0 0 0 0 0 0 0 0 0 0 0 0 0 0 0 0 0 0 0 0 0 0 0 0 0 0 0 0 0 0 0 0 0 0 0
0 0 0 0 0 0 0 0 0 0 0 0 0 0 0 0 0 0 0 0 0 0 0 0 0 0 0 0 0 0 0 0 0 0 0 0
0 0 0 0 0 0 0 0 0 0 0 0 0 0 0 0 0 0 0 0 0 0 0 0
##$SHL_PHASE= (0..15)
0 0 0 0 0 0 0 0 0 0 0 0 0 0 0 0
##$SHL_PHASEFAC= (0..15)
0 0 0 0 0 0 0 0 0 0 0 0 0 0 0 0
##$SHL_POWERINDEX= (0..15)
0 0 0 0 0 0 0 0 0 0 0 0 0 0 0 0
##$SHL_QUADCOEFF= (0..15)
0 0 0 0 0 0 0 0 0 0 0 0 0 0 0 0
##$SHL_RIGHTLIMIT= (0..15)
0 0 0 0 0 0 0 0 0 0 0 0 0 0 0 0
##$SHL_SCALEFACTOR= (0..15)
1 1 1 1 1 1 1 1 1 1 1 1 1 1 1 1
##$SHL_SF= (0..15)
<> <> <> <> <> <> <> <> <> <> <> <> <> <> <> <>
##$SHL_SFCOEFFS0= (0..200)
0 0 0 0 0 0 0 0 0 0 0 0 0 0 0 0 0 0 0 0 0 0 0 0 0 0 0 0 0 0 0 0 0 0 0 0
0 0 0 0 0 0 0 0 0 0 0 0 0 0 0 0 0 0 0 0 0 0 0 0 0 0 0 0 0 0 0 0 0 0 0 0
0 0 0 0 0 0 0 0 0 0 0 0 0 0 0 0 0 0 0 0 0 0 0 0 0 0 0 0 0 0 0 0 0 0 0 0
0 0 0 0 0 0 0 0 0 0 0 0 0 0 0 0 0 0 0 0 0 0 0 0 0 0 0 0 0 0 0 0 0 0 0 0
0 0 0 0 0 0 0 0 0 0 0 0 0 0 0 0 0 0 0 0 0 0 0 0 0 0 0 0 0 0 0 0 0 0 0 0
0 0 0 0 0 0 0 0 0 0 0 0 0 0 0 0 0 0 0 0 0
##$SHL_SFCOEFFS1= (0..200)
0 0 0 0 0 0 0 0 0 0 0 0 0 0 0 0 0 0 0 0 0 0 0 0 0 0 0 0 0 0 0 0 0 0 0 0
0 0 0 0 0 0 0 0 0 0 0 0 0 0 0 0 0 0 0 0 0 0 0 0 0 0 0 0 0 0 0 0 0 0 0 0
0 0 0 0 0 0 0 0 0 0 0 0 0 0 0 0 0 0 0 0 0 0 0 0 0 0 0 0 0 0 0 0 0 0 0 0
0 0 0 0 0 0 0 0 0 0 0 0 0 0 0 0 0 0 0 0 0 0 0 0 0 0 0 0 0 0 0 0 0 0 0 0
0 0 0 0 0 0 0 0 0 0 0 0 0 0 0 0 0 0 0 0 0 0 0 0 0 0 0 0 0 0 0 0 0 0 0 0
0 0 0 0 0 0 0 0 0 0 0 0 0 0 0 0 0 0 0 0 0
##$SHL_SFCOEFFS10= (0..200)
0 0 0 0 0 0 0 0 0 0 0 0 0 0 0 0 0 0 0 0 0 0 0 0 0 0 0 0 0 0 0 0 0 0 0 0
0 0 0 0 0 0 0 0 0 0 0 0 0 0 0 0 0 0 0 0 0 0 0 0 0 0 0 0 0 0 0 0 0 0 0 0
0 0 0 0 0 0 0 0 0 0 0 0 0 0 0 0 0 0 0 0 0 0 0 0 0 0 0 0 0 0 0 0 0 0 0 0
0 0 0 0 0 0 0 0 0 0 0 0 0 0 0 0 0 0 0 0 0 0 0 0 0 0 0 0 0 0 0 0 0 0 0 0
0 0 0 0 0 0 0 0 0 0 0 0 0 0 0 0 0 0 0 0 0 0 0 0 0 0 0 0 0 0 0 0 0 0 0 0
0 0 0 0 0 0 0 0 0 0 0 0 0 0 0 0 0 0 0 0 0
##$SHL_SFCOEFFS11= (0..200)
0 0 0 0 0 0 0 0 0 0 0 0 0 0 0 0 0 0 0 0 0 0 0 0 0 0 0 0 0 0 0 0 0 0 0 0
0 0 0 0 0 0 0 0 0 0 0 0 0 0 0 0 0 0 0 0 0 0 0 0 0 0 0 0 0 0 0 0 0 0 0 0
0 0 0 0 0 0 0 0 0 0 0 0 0 0 0 0 0 0 0 0 0 0 0 0 0 0 0 0 0 0 0 0 0 0 0 0
0 0 0 0 0 0 0 0 0 0 0 0 0 0 0 0 0 0 0 0 0 0 0 0 0 0 0 0 0 0 0 0 0 0 0 0
0 0 0 0 0 0 0 0 0 0 0 0 0 0 0 0 0 0 0 0 0 0 0 0 0 0 0 0 0 0 0 0 0 0 0 0
0 0 0 0 0 0 0 0 0 0 0 0 0 0 0 0 0 0 0 0 0
##$SHL_SFCOEFFS12= (0..200)
0 0 0 0 0 0 0 0 0 0 0 0 0 0 0 0 0 0 0 0 0 0 0 0 0 0 0 0 0 0 0 0 0 0 0 0
0 0 0 0 0 0 0 0 0 0 0 0 0 0 0 0 0 0 0 0 0 0 0 0 0 0 0 0 0 0 0 0 0 0 0 0
0 0 0 0 0 0 0 0 0 0 0 0 0 0 0 0 0 0 0 0 0 0 0 0 0 0 0 0 0 0 0 0 0 0 0 0
0 0 0 0 0 0 0 0 0 0 0 0 0 0 0 0 0 0 0 0 0 0 0 0 0 0 0 0 0 0 0 0 0 0 0 0
0 0 0 0 0 0 0 0 0 0 0 0 0 0 0 0 0 0 0 0 0 0 0 0 0 0 0 0 0 0 0 0 0 0 0 0
0 0 0 0 0 0 0 0 0 0 0 0 0 0 0 0 0 0 0 0 0
##$SHL_SFCOEFFS13= (0..200)
0 0 0 0 0 0 0 0 0 0 0 0 0 0 0 0 0 0 0 0 0 0 0 0 0 0 0 0 0 0 0 0 0 0 0 0
0 0 0 0 0 0 0 0 0 0 0 0 0 0 0 0 0 0 0 0 0 0 0 0 0 0 0 0 0 0 0 0 0 0 0 0
0 0 0 0 0 0 0 0 0 0 0 0 0 0 0 0 0 0 0 0 0 0 0 0 0 0 0 0 0 0 0 0 0 0 0 0
0 0 0 0 0 0 0 0 0 0 0 0 0 0 0 0 0 0 0 0 0 0 0 0 0 0 0 0 0 0 0 0 0 0 0 0
0 0 0 0 0 0 0 0 0 0 0 0 0 0 0 0 0 0 0 0 0 0 0 0 0 0 0 0 0 0 0 0 0 0 0 0
0 0 0 0 0 0 0 0 0 0 0 0 0 0 0 0 0 0 0 0 0
##$SHL_SFCOEFFS14= (0..200)
0 0 0 0 0 0 0 0 0 0 0 0 0 0 0 0 0 0 0 0 0 0 0 0 0 0 0 0 0 0 0 0 0 0 0 0
0 0 0 0 0 0 0 0 0 0 0 0 0 0 0 0 0 0 0 0 0 0 0 0 0 0 0 0 0 0 0 0 0 0 0 0
0 0 0 0 0 0 0 0 0 0 0 0 0 0 0 0 0 0 0 0 0 0 0 0 0 0 0 0 0 0 0 0 0 0 0 0
0 0 0 0 0 0 0 0 0 0 0 0 0 0 0 0 0 0 0 0 0 0 0 0 0 0 0 0 0 0 0 0 0 0 0 0
0 0 0 0 0 0 0 0 0 0 0 0 0 0 0 0 0 0 0 0 0 0 0 0 0 0 0 0 0 0 0 0 0 0 0 0
0 0 0 0 0 0 0 0 0 0 0 0 0 0 0 0 0 0 0 0 0
##$SHL_SFCOEFFS15= (0..200)
0 0 0 0 0 0 0 0 0 0 0 0 0 0 0 0 0 0 0 0 0 0 0 0 0 0 0 0 0 0 0 0 0 0 0 0
0 0 0 0 0 0 0 0 0 0 0 0 0 0 0 0 0 0 0 0 0 0 0 0 0 0 0 0 0 0 0 0 0 0 0 0
0 0 0 0 0 0 0 0 0 0 0 0 0 0 0 0 0 0 0 0 0 0 0 0 0 0 0 0 0 0 0 0 0 0 0 0
0 0 0 0 0 0 0 0 0 0 0 0 0 0 0 0 0 0 0 0 0 0 0 0 0 0 0 0 0 0 0 0 0 0 0 0
0 0 0 0 0 0 0 0 0 0 0 0 0 0 0 0 0 0 0 0 0 0 0 0 0 0 0 0 0 0 0 0 0 0 0 0
0 0 0 0 0 0 0 0 0 0 0 0 0 0 0 0 0 0 0 0 0
##$SHL_SFCOEFFS2= (0..200)
0 0 0 0 0 0 0 0 0 0 0 0 0 0 0 0 0 0 0 0 0 0 0 0 0 0 0 0 0 0 0 0 0 0 0 0
0 0 0 0 0 0 0 0 0 0 0 0 0 0 0 0 0 0 0 0 0 0 0 0 0 0 0 0 0 0 0 0 0 0 0 0
0 0 0 0 0 0 0 0 0 0 0 0 0 0 0 0 0 0 0 0 0 0 0 0 0 0 0 0 0 0 0 0 0 0 0 0
0 0 0 0 0 0 0 0 0 0 0 0 0 0 0 0 0 0 0 0 0 0 0 0 0 0 0 0 0 0 0 0 0 0 0 0
0 0 0 0 0 0 0 0 0 0 0 0 0 0 0 0 0 0 0 0 0 0 0 0 0 0 0 0 0 0 0 0 0 0 0 0
0 0 0 0 0 0 0 0 0 0 0 0 0 0 0 0 0 0 0 0 0
##$SHL_SFCOEFFS3= (0..200)
0 0 0 0 0 0 0 0 0 0 0 0 0 0 0 0 0 0 0 0 0 0 0 0 0 0 0 0 0 0 0 0 0 0 0 0
0 0 0 0 0 0 0 0 0 0 0 0 0 0 0 0 0 0 0 0 0 0 0 0 0 0 0 0 0 0 0 0 0 0 0 0
0 0 0 0 0 0 0 0 0 0 0 0 0 0 0 0 0 0 0 0 0 0 0 0 0 0 0 0 0 0 0 0 0 0 0 0
0 0 0 0 0 0 0 0 0 0 0 0 0 0 0 0 0 0 0 0 0 0 0 0 0 0 0 0 0 0 0 0 0 0 0 0
0 0 0 0 0 0 0 0 0 0 0 0 0 0 0 0 0 0 0 0 0 0 0 0 0 0 0 0 0 0 0 0 0 0 0 0
0 0 0 0 0 0 0 0 0 0 0 0 0 0 0 0 0 0 0 0 0
##$SHL_SFCOEFFS4= (0..200)
0 0 0 0 0 0 0 0 0 0 0 0 0 0 0 0 0 0 0 0 0 0 0 0 0 0 0 0 0 0 0 0 0 0 0 0
0 0 0 0 0 0 0 0 0 0 0 0 0 0 0 0 0 0 0 0 0 0 0 0 0 0 0 0 0 0 0 0 0 0 0 0
0 0 0 0 0 0 0 0 0 0 0 0 0 0 0 0 0 0 0 0 0 0 0 0 0 0 0 0 0 0 0 0 0 0 0 0
0 0 0 0 0 0 0 0 0 0 0 0 0 0 0 0 0 0 0 0 0 0 0 0 0 0 0 0 0 0 0 0 0 0 0 0
0 0 0 0 0 0 0 0 0 0 0 0 0 0 0 0 0 0 0 0 0 0 0 0 0 0 0 0 0 0 0 0 0 0 0 0
0 0 0 0 0 0 0 0 0 0 0 0 0 0 0 0 0 0 0 0 0
##$SHL_SFCOEFFS5= (0..200)
0 0 0 0 0 0 0 0 0 0 0 0 0 0 0 0 0 0 0 0 0 0 0 0 0 0 0 0 0 0 0 0 0 0 0 0
0 0 0 0 0 0 0 0 0 0 0 0 0 0 0 0 0 0 0 0 0 0 0 0 0 0 0 0 0 0 0 0 0 0 0 0
0 0 0 0 0 0 0 0 0 0 0 0 0 0 0 0 0 0 0 0 0 0 0 0 0 0 0 0 0 0 0 0 0 0 0 0
0 0 0 0 0 0 0 0 0 0 0 0 0 0 0 0 0 0 0 0 0 0 0 0 0 0 0 0 0 0 0 0 0 0 0 0
0 0 0 0 0 0 0 0 0 0 0 0 0 0 0 0 0 0 0 0 0 0 0 0 0 0 0 0 0 0 0 0 0 0 0 0
0 0 0 0 0 0 0 0 0 0 0 0 0 0 0 0 0 0 0 0 0
##$SHL_SFCOEFFS6= (0..200)
0 0 0 0 0 0 0 0 0 0 0 0 0 0 0 0 0 0 0 0 0 0 0 0 0 0 0 0 0 0 0 0 0 0 0 0
0 0 0 0 0 0 0 0 0 0 0 0 0 0 0 0 0 0 0 0 0 0 0 0 0 0 0 0 0 0 0 0 0 0 0 0
0 0 0 0 0 0 0 0 0 0 0 0 0 0 0 0 0 0 0 0 0 0 0 0 0 0 0 0 0 0 0 0 0 0 0 0
0 0 0 0 0 0 0 0 0 0 0 0 0 0 0 0 0 0 0 0 0 0 0 0 0 0 0 0 0 0 0 0 0 0 0 0
0 0 0 0 0 0 0 0 0 0 0 0 0 0 0 0 0 0 0 0 0 0 0 0 0 0 0 0 0 0 0 0 0 0 0 0
0 0 0 0 0 0 0 0 0 0 0 0 0 0 0 0 0 0 0 0 0
##$SHL_SFCOEFFS7= (0..200)
0 0 0 0 0 0 0 0 0 0 0 0 0 0 0 0 0 0 0 0 0 0 0 0 0 0 0 0 0 0 0 0 0 0 0 0
0 0 0 0 0 0 0 0 0 0 0 0 0 0 0 0 0 0 0 0 0 0 0 0 0 0 0 0 0 0 0 0 0 0 0 0
0 0 0 0 0 0 0 0 0 0 0 0 0 0 0 0 0 0 0 0 0 0 0 0 0 0 0 0 0 0 0 0 0 0 0 0
0 0 0 0 0 0 0 0 0 0 0 0 0 0 0 0 0 0 0 0 0 0 0 0 0 0 0 0 0 0 0 0 0 0 0 0
0 0 0 0 0 0 0 0 0 0 0 0 0 0 0 0 0 0 0 0 0 0 0 0 0 0 0 0 0 0 0 0 0 0 0 0
0 0 0 0 0 0 0 0 0 0 0 0 0 0 0 0 0 0 0 0 0
##$SHL_SFCOEFFS8= (0..200)
0 0 0 0 0 0 0 0 0 0 0 0 0 0 0 0 0 0 0 0 0 0 0 0 0 0 0 0 0 0 0 0 0 0 0 0
0 0 0 0 0 0 0 0 0 0 0 0 0 0 0 0 0 0 0 0 0 0 0 0 0 0 0 0 0 0 0 0 0 0 0 0
0 0 0 0 0 0 0 0 0 0 0 0 0 0 0 0 0 0 0 0 0 0 0 0 0 0 0 0 0 0 0 0 0 0 0 0
0 0 0 0 0 0 0 0 0 0 0 0 0 0 0 0 0 0 0 0 0 0 0 0 0 0 0 0 0 0 0 0 0 0 0 0
0 0 0 0 0 0 0 0 0 0 0 0 0 0 0 0 0 0 0 0 0 0 0 0 0 0 0 0 0 0 0 0 0 0 0 0
0 0 0 0 0 0 0 0 0 0 0 0 0 0 0 0 0 0 0 0 0
##$SHL_SFCOEFFS9= (0..200)
0 0 0 0 0 0 0 0 0 0 0 0 0 0 0 0 0 0 0 0 0 0 0 0 0 0 0 0 0 0 0 0 0 0 0 0
0 0 0 0 0 0 0 0 0 0 0 0 0 0 0 0 0 0 0 0 0 0 0 0 0 0 0 0 0 0 0 0 0 0 0 0
0 0 0 0 0 0 0 0 0 0 0 0 0 0 0 0 0 0 0 0 0 0 0 0 0 0 0 0 0 0 0 0 0 0 0 0
0 0 0 0 0 0 0 0 0 0 0 0 0 0 0 0 0 0 0 0 0 0 0 0 0 0 0 0 0 0 0 0 0 0 0 0
0 0 0 0 0 0 0 0 0 0 0 0 0 0 0 0 0 0 0 0 0 0 0 0 0 0 0 0 0 0 0 0 0 0 0 0
0 0 0 0 0 0 0 0 0 0 0 0 0 0 0 0 0 0 0 0 0
##$SHL_SMOOTHED= (0..15)
0 0 0 0 0 0 0 0 0 0 0 0 0 0 0 0
##$SHL_SMOOTHING= (0..15)
0 0 0 0 0 0 0 0 0 0 0 0 0 0 0 0
##$SHL_SPOAL= (0..15)
0 0 0 0 0 0 0 0 0 0 0 0 0 0 0 0
##$SHL_SPOFFS= (0..15)
0 0 0 0 0 0 0 0 0 0 0 0 0 0 0 0
##$SHL_SPOPH= (0..15)
0 0 0 0 0 0 0 0 0 0 0 0 0 0 0 0
##$SHL_STARTAMP= (0..15)
0 0 0 0 0 0 0 0 0 0 0 0 0 0 0 0
##$SHL_SW= (0..15)
0 0 0 0 0 0 0 0 0 0 0 0 0 0 0 0
##$SHL_SWDIR= (0..15)
-1 -1 -1 -1 -1 -1 -1 -1 -1 -1 -1 -1 -1 -1 -1 -1
##$SHL_TANKAPPA= (0..15)
0 0 0 0 0 0 0 0 0 0 0 0 0 0 0 0
##$SHL_TOTROT= (0..15)
90 0 0 0 0 0 0 0 0 0 0 0 0 0 0 0
##$SHL_TRUNCLEV= (0..15)
0 0 0 0 0 0 0 0 0 0 0 0 0 0 0 0
##$SHL_TYPE= (0..15)
<Excitation> <> <> <> <> <> <> <> <> <> <> <> <> <> <> <>
##$SHL_WINDOWSIZE= (0..15)
0 0 0 0 0 0 0 0 0 0 0 0 0 0 0 0
##$SHL_ZETA= (0..15)
0 0 0 0 0 0 0 0 0 0 0 0 0 0 0 0
##NPOINTS= 1250
##XYPOINTS= (XY..XY)
72.793940, 85.524983
72.332639, 87.122415
71.868480, 88.719926
71.401496, 90.317518
70.931723, 91.915194
70.459195, 93.512953
69.983946, 95.110800
69.506012, 96.708734
69.025426, 98.306759
68.542226, 99.904876
68.056445, 101.503086
67.568120, 103.101394
67.077286, 104.699799
66.583979, 106.298306
66.088236, 107.896915
65.590093, 109.495630
65.089587, 111.094453
64.586753, 112.693386
64.081630, 114.292433
63.574253, 115.891595
63.064661, 117.490877
62.552890, 119.090280
62.038979, 120.689808
61.522964, 122.289465
61.004884, 123.889252
60.484777, 125.489175
59.962680, 127.089236
59.438633, 128.689439
58.912673, 130.289788
58.384839, 131.890287
57.855170, 133.490940
57.323704, 135.091751
56.790481, 136.692726
56.255540, 138.293867
55.718920, 139.895181
55.180661, 141.496672
54.640801, 143.098346
54.099381, 144.700208
53.556439, 146.302264
53.012017, 147.904519
52.466154, 149.506979
51.918890, 151.109653
51.370265, 152.712544
50.820319, 154.315662
50.269093, 155.919013
49.716628, 157.522605
49.162963, 159.126446
48.608140, 160.730543
48.052198, 162.334907
47.495180, 163.939546
46.937125, 165.544469
46.378076, 167.149687
45.818072, 168.755210
45.257155, 170.361049
44.695366, 171.967216
44.132747, 173.573723
43.569339, 175.180583
43.005182, 176.787808
42.440320, 178.395414
41.874792, 180.003415
41.308641, 181.611827
40.741908, 183.220666
40.174636, 184.829950
39.606864, 186.439697
39.038637, 188.049926
38.469994, 189.660659
37.900978, 191.271916
37.331632, 192.883720
36.761996, 194.496097
36.192112, 196.109072
35.622024, 197.722673
35.051772, 199.336928
34.481399, 200.951868
33.910946, 202.567527
33.340456, 204.183939
32.769971, 205.801143
32.199533, 207.419178
31.629184, 209.038087
31.058966, 210.657915
30.488921, 212.278713
29.919092, 213.900531
29.349521, 215.523428
28.780249, 217.147463
28.211319, 218.772701
27.642773, 220.399214
27.074654, 222.027078
26.507003, 223.656374
25.939863, 225.287192
25.373276, 226.919628
24.807284, 228.553788
24.241930, 230.189785
23.677255, 231.827745
23.113303, 233.467804
22.550116, 235.110110
21.987735, 236.754827
21.426204, 238.402135
20.865564, 240.052232
20.305860, 241.705337
19.747132, 243.361692
19.189425, 245.021566
18.632781, 246.685259
18.077243, 248.353105
17.522854, 250.025479
16.969659, 251.702803
16.417700, 253.385551
15.867022, 255.074260
15.317670, 256.769544
14.769688, 258.472098
14.223123, 260.182723
13.678021, 261.902340
13.134429, 263.632017
12.592395, 265.372996
12.051969, 267.126733
11.513203, 268.894945
10.976150, 270.679670
10.440867, 272.483347
9.907412, 274.308920
9.375850, 276.159972
8.846250, 278.040912
8.318689, 279.957226
7.793252, 281.915823
7.270039, 283.925530
6.749168, 285.997800
6.230781, 288.147764
5.715058, 290.395823
5.202231, 292.770146
4.692616, 295.310702
4.186659, 298.076090
3.685024, 301.155601
3.188757, 304.691824
2.699619, 308.925863
2.220841, 314.295044
1.758986, 321.662315
1.329210, 332.886623
0.971337, 352.029094
0.785532, 24.136141
0.883360, 59.479346
1.194156, 82.396266
1.595848, 95.541956
2.033472, 103.854182
2.486615, 109.731119
2.946826, 114.263202
3.410106, 117.987425
3.874339, 121.192467
4.338303, 124.045560
4.801238, 126.649677
5.262643, 129.071464
5.722172, 131.355864
6.179573, 133.534242
6.634657, 135.629130
7.087275, 137.657120
7.537308, 139.630694
7.984656, 141.559420
8.429237, 143.450752
8.870975, 145.310582
9.309808, 147.143628
9.745675, 148.953714
10.178524, 150.743968
10.608305, 152.516977
11.034972, 154.274895
11.458481, 156.019534
11.878790, 157.752426
12.295859, 159.474877
12.709651, 161.188006
13.120128, 162.892777
13.527255, 164.590027
13.930996, 166.280484
14.331317, 167.964785
14.728186, 169.643489
15.121570, 171.317090
15.511436, 172.986025
15.897755, 174.650684
16.280494, 176.311412
16.659624, 177.968520
17.035116, 179.622286
17.406939, 181.272959
17.775065, 182.920767
18.139466, 184.565913
18.500113, 186.208583
18.856979, 187.848944
19.210037, 189.487150
19.559260, 191.123341
19.904622, 192.757646
20.246096, 194.390181
20.583656, 196.021054
20.917277, 197.650365
21.246934, 199.278204
21.572603, 200.904655
21.894258, 202.529798
22.211877, 204.153702
22.525434, 205.776437
22.834906, 207.398062
23.140272, 209.018637
23.441506, 210.638214
23.738589, 212.256843
24.031496, 213.874572
24.320207, 215.491443
24.604700, 217.107498
24.884953, 218.722774
25.160947, 220.337307
25.432660, 221.951130
25.700073, 223.564276
25.963165, 225.176772
26.221918, 226.788648
26.476311, 228.399929
26.726327, 230.010640
26.971946, 231.620804
27.213151, 233.230443
27.449924, 234.839577
27.682246, 236.448226
27.910102, 238.056409
28.133474, 239.664142
28.352346, 241.271443
28.566701, 242.878327
28.776524, 244.484809
28.981800, 246.090902
29.182512, 247.696621
29.378647, 249.301978
29.570190, 250.906985
29.757126, 252.511653
29.939442, 254.115993
30.117125, 255.720016
30.290161, 257.323730
30.458538, 258.927147
30.622243, 260.530274
30.781265, 262.133120
30.935590, 263.735692
31.085209, 265.338000
31.230110, 266.940049
31.370283, 268.541848
31.505716, 270.143402
31.636401, 271.744717
31.762327, 273.345801
31.883485, 274.946658
31.999866, 276.547294
32.111463, 278.147715
32.218265, 279.747925
32.320267, 281.347928
32.417459, 282.947731
32.509835, 284.547335
32.597389, 286.146747
32.680113, 287.745970
32.758002, 289.345006
32.831050, 290.943861
32.899251, 292.542537
32.962600, 294.141037
33.021094, 295.739364
33.074726, 297.337522
33.123495, 298.935513
33.167395, 300.533338
33.206424, 302.131002
33.240578, 303.728505
33.269856, 305.325851
33.294255, 306.923040
33.313774, 308.520075
33.328410, 310.116958
33.338163, 311.713690
33.343032, 313.310272
33.343016, 314.906706
33.338116, 316.502994
33.328332, 318.099135
33.313665, 319.695131
33.294116, 321.290984
33.269685, 322.886693
33.240376, 324.482259
33.206190, 326.077684
33.167129, 327.672966
33.123196, 329.268107
33.074396, 330.863107
33.020730, 332.457966
32.962203, 334.052683
32.898820, 335.647259
32.830585, 337.241693
32.757503, 338.835985
32.679579, 340.430134
32.596820, 342.024140
32.509230, 343.618001
32.416817, 345.211718
32.319587, 346.805289
32.217548, 348.398712
32.110707, 349.991988
31.999071, 351.585113
31.882649, 353.178086
31.761450, 354.770907
31.635482, 356.363572
31.504755, 357.956080
31.369277, 359.548429
31.229060, 1.140616
31.084113, 2.732639
30.934447, 4.324495
30.780073, 5.916181
30.621002, 7.507694
30.457247, 9.099031
30.288818, 10.690187
30.115728, 12.281160
29.937991, 13.871946
29.755618, 15.462539
29.568624, 17.052935
29.377021, 18.643130
29.180825, 20.233119
28.980050, 21.822896
28.774710, 23.412454
28.564820, 25.001789
28.350396, 26.590894
28.131453, 28.179761
27.908008, 29.768383
27.680077, 31.356753
27.447676, 32.944863
27.210823, 34.532703
26.969535, 36.120264
26.723831, 37.707536
26.473726, 39.294510
26.219242, 40.881173
25.960395, 42.467514
25.697204, 44.053519
25.429691, 45.639177
25.157873, 47.224472
24.881770, 48.809388
24.601404, 50.393910
24.316795, 51.978021
24.027964, 53.561700
23.734931, 55.144929
23.437719, 56.727685
23.136349, 58.309947
22.830843, 59.891688
22.521225, 61.472883
22.207516, 63.053504
21.889740, 64.633518
21.567920, 66.212894
21.242080, 67.791595
20.912245, 69.369583
20.578437, 70.946815
20.240682, 72.523247
19.899005, 74.098829
19.553431, 75.673507
19.203986, 77.247223
18.850695, 78.819912
18.493584, 80.391505
18.132680, 81.961925
17.768010, 83.531089
17.399601, 85.098902
17.027480, 86.665264
16.651674, 88.230060
16.272212, 89.793167
15.889123, 91.354443
15.502433, 92.913734
15.112173, 94.470866
14.718372, 96.025644
14.321060, 97.577848
13.920266, 99.127231
13.516020, 100.673511
13.108354, 102.216368
12.697298, 103.755435
12.282885, 105.290292
11.865145, 106.820454
11.444113, 108.345356
11.019820, 109.864340
10.592301, 111.376632
10.161590, 112.881318
9.727722, 114.377307
9.290734, 115.863291
8.850663, 117.337682
8.407548, 118.798540
7.961429, 120.243465
7.512351, 121.669452
7.060358, 123.072692
6.605500, 124.448278
6.147833, 125.789788
5.687421, 127.088641
5.224336, 128.333117
4.758669, 129.506782
4.290536, 130.585847
3.820094, 131.534567
3.347570, 132.296681
2.873324, 132.778332
2.397973, 132.810701
1.922722, 132.057830
1.450320, 129.748724
0.988721, 123.695826
0.571637, 105.452583
0.398009, 49.132650
0.692660, 6.085007
1.139315, 353.399157
1.618720, 348.905727
2.110302, 347.202397
2.608493, 346.741630
3.111197, 346.935872
3.617444, 347.516189
4.126714, 348.342726
4.638696, 349.335746
5.153185, 350.446522
5.670034, 351.643620
6.189134, 352.905868
6.710396, 354.218483
7.233745, 355.570836
7.759115, 356.955090
8.286449, 358.365338
8.815692, 359.797047
9.346793, 1.246678
9.879704, 2.711429
10.414377, 4.189054
10.950768, 5.677728
11.488832, 7.175956
12.028525, 8.682502
12.569804, 10.196334
13.112627, 11.716581
13.656951, 13.242509
14.202735, 14.773489
14.749935, 16.308982
15.298512, 17.848525
15.848422, 19.391713
16.399625, 20.938196
16.952079, 22.487664
17.505743, 24.039849
18.060575, 25.594509
18.616534, 27.151435
19.173579, 28.710437
19.731667, 30.271346
20.290759, 31.834014
20.850812, 33.398304
21.411784, 34.964094
21.973635, 36.531276
22.536322, 38.099749
23.099805, 39.669423
23.664042, 41.240217
24.228990, 42.812055
24.794609, 44.384869
25.360857, 45.958597
25.927692, 47.533181
26.495072, 49.108569
27.062956, 50.684712
27.631302, 52.261566
28.200068, 53.839089
28.769212, 55.417244
29.338692, 56.995994
29.908467, 58.575308
30.478495, 60.155155
31.048733, 61.735506
31.619141, 63.316336
32.189675, 64.897619
32.760295, 66.479333
33.330958, 68.061457
33.901623, 69.643970
34.472247, 71.226853
35.042788, 72.810090
35.613206, 74.393663
36.183457, 75.977558
36.753501, 77.561759
37.323294, 79.146252
37.892797, 80.731026
38.461966, 82.316067
39.030759, 83.901365
39.599136, 85.486907
40.167055, 87.072685
40.734474, 88.658688
41.301350, 90.244908
41.867644, 91.831334
42.433313, 93.417960
42.998315, 95.004778
43.562610, 96.591779
44.126155, 98.178957
44.688910, 99.766305
45.250834, 101.353817
45.811884, 102.941487
46.372021, 104.529309
46.931202, 106.117277
47.489388, 107.705386
48.046536, 109.293632
48.602607, 110.882009
49.157558, 112.470512
49.711351, 114.059139
50.263944, 115.647883
50.815296, 117.236742
51.365368, 118.825711
51.914118, 120.414787
52.461507, 122.003966
53.007495, 123.593245
53.552041, 125.182621
54.095106, 126.772091
54.636649, 128.361651
55.176632, 129.951299
55.715014, 131.541032
56.251756, 133.130848
56.786819, 134.720744
57.320163, 136.310717
57.851750, 137.900765
58.381540, 139.490887
58.909495, 141.081079
59.435576, 142.671341
59.959744, 144.261669
60.481961, 145.852061
61.002188, 147.442517
61.520388, 149.033034
62.036523, 150.623611
62.550555, 152.214245
63.062445, 153.804935
63.572157, 155.395681
64.079653, 156.986479
64.584897, 158.577329
65.087850, 160.168229
65.588476, 161.759178
66.086739, 163.350175
66.582601, 164.941219
67.076027, 166.532307
67.566981, 168.123439
68.055426, 169.714615
68.541326, 171.305832
69.024647, 172.897089
69.505352, 174.488387
69.983406, 176.079722
70.458775, 177.671096
70.931424, 179.262506
71.401317, 180.853952
71.868420, 182.445433
72.332700, 184.036947
72.794122, 185.628495
73.252652, 187.220075
73.708257, 188.811687
74.160903, 190.403330
74.610557, 191.995002
75.057187, 193.586704
75.500759, 195.178435
75.941241, 196.770193
76.378601, 198.361979
76.812806, 199.953791
77.243826, 201.545630
77.671627, 203.137493
78.096179, 204.729382
78.517452, 206.321294
78.935413, 207.913230
79.350032, 209.505190
79.761279, 211.097172
80.169124, 212.689175
80.573537, 214.281201
80.974488, 215.873247
81.371948, 217.465314
81.765887, 219.057401
82.156278, 220.649507
82.543091, 222.241633
82.926297, 223.833777
83.305870, 225.425940
83.681780, 227.018121
84.054001, 228.610318
84.422505, 230.202533
84.787265, 231.794765
85.148255, 233.387013
85.505447, 234.979277
85.858817, 236.571556
86.208337, 238.163851
86.553983, 239.756160
86.895728, 241.348484
87.233549, 242.940822
87.567419, 244.533174
87.897316, 246.125540
88.223214, 247.717918
88.545089, 249.310310
88.862919, 250.902714
89.176679, 252.495131
89.486347, 254.087560
89.791900, 255.680000
90.093316, 257.272452
90.390573, 258.864915
90.683648, 260.457389
90.972520, 262.049874
91.257169, 263.642369
91.537573, 265.234874
91.813712, 266.827390
92.085565, 268.419915
92.353113, 270.012449
92.616336, 271.604993
92.875215, 273.197546
93.129730, 274.790107
93.379864, 276.382677
93.625597, 277.975256
93.866912, 279.567843
94.103791, 281.160437
94.336217, 282.753039
94.564172, 284.345649
94.787641, 285.938266
95.006606, 287.530890
95.221051, 289.123522
95.430962, 290.716160
95.636322, 292.308804
95.837116, 293.901455
96.033330, 295.494112
96.224949, 297.086775
96.411959, 298.679444
96.594347, 300.272118
96.772099, 301.864798
96.945203, 303.457484
97.113645, 305.050174
97.277413, 306.642870
97.436495, 308.235570
97.590879, 309.828275
97.740555, 311.420984
97.885511, 313.013698
98.025737, 314.606416
98.161222, 316.199138
98.291956, 317.791863
98.417930, 319.384593
98.539134, 320.977326
98.655561, 322.570062
98.767200, 324.162802
98.874045, 325.755545
98.976086, 327.348291
99.073317, 328.941039
99.165731, 330.533791
99.253320, 332.126545
99.336079, 333.719301
99.414001, 335.312059
99.487081, 336.904820
99.555313, 338.497582
99.618692, 340.090347
99.677213, 341.683113
99.730873, 343.275880
99.779668, 344.868649
99.823593, 346.461420
99.862645, 348.054191
99.896822, 349.646964
99.926122, 351.239737
99.950541, 352.832511
99.970079, 354.425286
99.984734, 356.018061
99.994504, 357.610836
99.999389, 359.203612
99.999389, 0.796388
99.994504, 2.389164
99.984734, 3.981939
99.970079, 5.574714
99.950541, 7.167489
99.926122, 8.760263
99.896822, 10.353036
99.862645, 11.945809
99.823593, 13.538580
99.779668, 15.131351
99.730873, 16.724120
99.677213, 18.316887
99.618692, 19.909653
99.555313, 21.502418
99.487081, 23.095180
99.414001, 24.687941
99.336079, 26.280699
99.253320, 27.873455
99.165731, 29.466209
99.073317, 31.058961
98.976086, 32.651709
98.874045, 34.244455
98.767200, 35.837198
98.655561, 37.429938
98.539134, 39.022674
98.417930, 40.615407
98.291956, 42.208137
98.161222, 43.800862
98.025737, 45.393584
97.885511, 46.986302
97.740555, 48.579016
97.590879, 50.171725
97.436495, 51.764430
97.277413, 53.357130
97.113645, 54.949826
96.945203, 56.542516
96.772099, 58.135202
96.594347, 59.727882
96.411959, 61.320556
96.224949, 62.913225
96.033330, 64.505888
95.837116, 66.098545
95.636322, 67.691196
95.430962, 69.283840
95.221051, 70.876478
95.006606, 72.469110
94.787641, 74.061734
94.564172, 75.654351
94.336217, 77.246961
94.103791, 78.839563
93.866912, 80.432157
93.625597, 82.024744
93.379864, 83.617323
93.129730, 85.209893
92.875215, 86.802454
92.616336, 88.395007
92.353113, 89.987551
92.085565, 91.580085
91.813712, 93.172610
91.537573, 94.765126
91.257169, 96.357631
90.972520, 97.950126
90.683648, 99.542611
90.390573, 101.135085
90.093316, 102.727548
89.791900, 104.320000
89.486347, 105.912440
89.176679, 107.504869
88.862919, 109.097286
88.545089, 110.689690
88.223214, 112.282082
87.897316, 113.874460
87.567419, 115.466826
87.233549, 117.059178
86.895728, 118.651516
86.553983, 120.243840
86.208337, 121.836149
85.858817, 123.428444
85.505447, 125.020723
85.148255, 126.612987
84.787265, 128.205235
84.422505, 129.797467
84.054001, 131.389682
83.681780, 132.981879
83.305870, 134.574060
82.926297, 136.166223
82.543091, 137.758367
82.156278, 139.350493
81.765887, 140.942599
81.371948, 142.534686
80.974488, 144.126753
80.573537, 145.718799
80.169124, 147.310825
79.761279, 148.902828
79.350032, 150.494810
78.935413, 152.086770
78.517452, 153.678706
78.096179, 155.270618
77.671627, 156.862507
77.243826, 158.454370
76.812806, 160.046209
76.378601, 161.638021
75.941241, 163.229807
75.500759, 164.821565
75.057187, 166.413296
74.610557, 168.004998
74.160903, 169.596670
73.708257, 171.188313
73.252652, 172.779925
72.794122, 174.371505
72.332700, 175.963053
71.868420, 177.554567
71.401317, 179.146048
70.931424, 180.737494
70.458775, 182.328904
69.983406, 183.920278
69.505352, 185.511613
69.024647, 187.102911
68.541326, 188.694168
68.055426, 190.285385
67.566981, 191.876561
67.076027, 193.467693
66.582601, 195.058781
66.086739, 196.649825
65.588476, 198.240822
65.087850, 199.831771
64.584897, 201.422671
64.079653, 203.013521
63.572157, 204.604319
63.062445, 206.195065
62.550555, 207.785755
62.036523, 209.376389
61.520388, 210.966966
61.002188, 212.557483
60.481961, 214.147939
59.959744, 215.738331
59.435576, 217.328659
58.909495, 218.918921
58.381540, 220.509113
57.851750, 222.099235
57.320163, 223.689283
56.786819, 225.279256
56.251756, 226.869152
55.715014, 228.458968
55.176632, 230.048701
54.636649, 231.638349
54.095106, 233.227909
53.552041, 234.817379
53.007495, 236.406755
52.461507, 237.996034
51.914118, 239.585213
51.365368, 241.174289
50.815296, 242.763258
50.263944, 244.352117
49.711351, 245.940861
49.157558, 247.529488
48.602607, 249.117991
48.046536, 250.706368
47.489388, 252.294614
46.931202, 253.882723
46.372021, 255.470691
45.811884, 257.058513
45.250834, 258.646183
44.688910, 260.233695
44.126155, 261.821043
43.562610, 263.408221
42.998315, 264.995222
42.433313, 266.582040
41.867644, 268.168666
41.301350, 269.755092
40.734474, 271.341312
40.167055, 272.927315
39.599136, 274.513093
39.030759, 276.098635
38.461966, 277.683933
37.892797, 279.268974
37.323294, 280.853748
36.753501, 282.438241
36.183457, 284.022442
35.613206, 285.606337
35.042788, 287.189910
34.472247, 288.773147
33.901623, 290.356030
33.330958, 291.938543
32.760295, 293.520667
32.189675, 295.102381
31.619141, 296.683664
31.048733, 298.264494
30.478495, 299.844845
29.908467, 301.424692
29.338692, 303.004006
28.769212, 304.582756
28.200068, 306.160911
27.631302, 307.738434
27.062956, 309.315288
26.495072, 310.891431
25.927692, 312.466819
25.360857, 314.041403
24.794609, 315.615131
24.228990, 317.187945
23.664042, 318.759783
23.099805, 320.330577
22.536322, 321.900251
21.973635, 323.468724
21.411784, 325.035906
20.850812, 326.601696
20.290759, 328.165986
19.731667, 329.728654
19.173579, 331.289563
18.616534, 332.848565
18.060575, 334.405491
17.505743, 335.960151
16.952079, 337.512336
16.399625, 339.061804
15.848422, 340.608287
15.298512, 342.151475
14.749935, 343.691018
14.202735, 345.226511
13.656951, 346.757491
13.112627, 348.283419
12.569804, 349.803666
12.028525, 351.317498
11.488832, 352.824044
10.950768, 354.322272
10.414377, 355.810946
9.879704, 357.288571
9.346793, 358.753322
8.815692, 0.202953
8.286449, 1.634662
7.759115, 3.044910
7.233745, 4.429164
6.710396, 5.781517
6.189134, 7.094132
5.670034, 8.356380
5.153185, 9.553478
4.638696, 10.664254
4.126714, 11.657274
3.617444, 12.483811
3.111197, 13.064128
2.608493, 13.258370
2.110302, 12.797603
1.618720, 11.094273
1.139315, 6.600843
0.692660, 353.914993
0.398009, 310.867350
0.571637, 254.547417
0.988721, 236.304174
1.450320, 230.251276
1.922722, 227.942170
2.397973, 227.189299
2.873324, 227.221668
3.347570, 227.703319
3.820094, 228.465433
4.290536, 229.414153
4.758669, 230.493218
5.224336, 231.666883
5.687421, 232.911359
6.147833, 234.210212
6.605500, 235.551722
7.060358, 236.927308
7.512351, 238.330548
7.961429, 239.756535
8.407548, 241.201460
8.850663, 242.662318
9.290734, 244.136709
9.727722, 245.622693
10.161590, 247.118682
10.592301, 248.623368
11.019820, 250.135660
11.444113, 251.654644
11.865145, 253.179546
12.282885, 254.709708
12.697298, 256.244565
13.108354, 257.783632
13.516020, 259.326489
13.920266, 260.872769
14.321060, 262.422152
14.718372, 263.974356
15.112173, 265.529134
15.502433, 267.086266
15.889123, 268.645557
16.272212, 270.206833
16.651674, 271.769940
17.027480, 273.334736
17.399601, 274.901098
17.768010, 276.468911
18.132680, 278.038075
18.493584, 279.608495
18.850695, 281.180088
19.203986, 282.752777
19.553431, 284.326493
19.899005, 285.901171
20.240682, 287.476753
20.578437, 289.053185
20.912245, 290.630417
21.242080, 292.208405
21.567920, 293.787106
21.889740, 295.366482
22.207516, 296.946496
22.521225, 298.527117
22.830843, 300.108312
23.136349, 301.690053
23.437719, 303.272315
23.734931, 304.855071
24.027964, 306.438300
24.316795, 308.021979
24.601404, 309.606090
24.881770, 311.190612
25.157873, 312.775528
25.429691, 314.360823
25.697204, 315.946481
25.960395, 317.532486
26.219242, 319.118827
26.473726, 320.705490
26.723831, 322.292464
26.969535, 323.879736
27.210823, 325.467297
27.447676, 327.055137
27.680077, 328.643247
27.908008, 330.231617
28.131453, 331.820239
28.350396, 333.409106
28.564820, 334.998211
28.774710, 336.587546
28.980050, 338.177104
29.180825, 339.766881
29.377021, 341.356870
29.568624, 342.947065
29.755618, 344.537461
29.937991, 346.128054
30.115728, 347.718840
30.288818, 349.309813
30.457247, 350.900969
30.621002, 352.492306
30.780073, 354.083819
30.934447, 355.675505
31.084113, 357.267361
31.229060, 358.859384
31.369277, 0.451571
31.504755, 2.043920
31.635482, 3.636428
31.761450, 5.229093
31.882649, 6.821914
31.999071, 8.414887
32.110707, 10.008012
32.217548, 11.601288
32.319587, 13.194711
32.416817, 14.788282
32.509230, 16.381999
32.596820, 17.975860
32.679579, 19.569866
32.757503, 21.164015
32.830585, 22.758307
32.898820, 24.352741
32.962203, 25.947317
33.020730, 27.542034
33.074396, 29.136893
33.123196, 30.731893
33.167129, 32.327034
33.206190, 33.922316
33.240376, 35.517741
33.269685, 37.113307
33.294116, 38.709016
33.313665, 40.304869
33.328332, 41.900865
33.338116, 43.497006
33.343016, 45.093294
33.343032, 46.689728
33.338163, 48.286310
33.328410, 49.883042
33.313774, 51.479925
33.294255, 53.076960
33.269856, 54.674149
33.240578, 56.271495
33.206424, 57.868998
33.167395, 59.466662
33.123495, 61.064487
33.074726, 62.662478
33.021094, 64.260636
32.962600, 65.858963
32.899251, 67.457463
32.831050, 69.056139
32.758002, 70.654994
32.680113, 72.254030
32.597389, 73.853253
32.509835, 75.452665
32.417459, 77.052269
32.320267, 78.652072
32.218265, 80.252075
32.111463, 81.852285
31.999866, 83.452706
31.883485, 85.053342
31.762327, 86.654199
31.636401, 88.255283
31.505716, 89.856598
31.370283, 91.458152
31.230110, 93.059951
31.085209, 94.662000
30.935590, 96.264308
30.781265, 97.866880
30.622243, 99.469726
30.458538, 101.072853
30.290161, 102.676270
30.117125, 104.279984
29.939442, 105.884007
29.757126, 107.488347
29.570190, 109.093015
29.378647, 110.698022
29.182512, 112.303379
28.981800, 113.909098
28.776524, 115.515191
28.566701, 117.121673
28.352346, 118.728557
28.133474, 120.335858
27.910102, 121.943591
27.682246, 123.551774
27.449924, 125.160423
27.213151, 126.769557
26.971946, 128.379196
26.726327, 129.989360
26.476311, 131.600071
26.221918, 133.211352
25.963165, 134.823228
25.700073, 136.435724
25.432660, 138.048870
25.160947, 139.662693
24.884953, 141.277226
24.604700, 142.892502
24.320207, 144.508557
24.031496, 146.125428
23.738589, 147.743157
23.441506, 149.361786
23.140272, 150.981363
22.834906, 152.601938
22.525434, 154.223563
22.211877, 155.846298
21.894258, 157.470202
21.572603, 159.095345
21.246934, 160.721796
20.917277, 162.349635
20.583656, 163.978946
20.246096, 165.609819
19.904622, 167.242354
19.559260, 168.876659
19.210037, 170.512850
18.856979, 172.151056
18.500113, 173.791417
18.139466, 175.434087
17.775065, 177.079233
17.406939, 178.727041
17.035116, 180.377714
16.659624, 182.031480
16.280494, 183.688588
15.897755, 185.349316
15.511436, 187.013975
15.121570, 188.682910
14.728186, 190.356511
14.331317, 192.035215
13.930996, 193.719516
13.527255, 195.409973
13.120128, 197.107223
12.709651, 198.811994
12.295859, 200.525123
11.878790, 202.247574
11.458481, 203.980466
11.034972, 205.725105
10.608305, 207.483023
10.178524, 209.256032
9.745675, 211.046286
9.309808, 212.856372
8.870975, 214.689418
8.429237, 216.549248
7.984656, 218.440580
7.537308, 220.369306
7.087275, 222.342880
6.634657, 224.370870
6.179573, 226.465758
5.722172, 228.644136
5.262643, 230.928536
4.801238, 233.350323
4.338303, 235.954440
3.874339, 238.807533
3.410106, 242.012575
2.946826, 245.736798
2.486615, 250.268881
2.033472, 256.145818
1.595848, 264.458044
1.194156, 277.603734
0.883360, 300.520654
0.785532, 335.863859
0.971337, 7.970906
1.329210, 27.113377
1.758986, 38.337685
2.220841, 45.704956
2.699619, 51.074137
3.188757, 55.308176
3.685024, 58.844399
4.186659, 61.923910
4.692616, 64.689298
5.202231, 67.229854
5.715058, 69.604177
6.230781, 71.852236
6.749168, 74.002200
7.270039, 76.074470
7.793252, 78.084177
8.318689, 80.042774
8.846250, 81.959088
9.375850, 83.840028
9.907412, 85.691080
10.440867, 87.516653
10.976150, 89.320330
11.513203, 91.105055
12.051969, 92.873267
12.592395, 94.627004
13.134429, 96.367983
13.678021, 98.097660
14.223123, 99.817277
14.769688, 101.527902
15.317670, 103.230456
15.867022, 104.925740
16.417700, 106.614449
16.969659, 108.297197
17.522854, 109.974521
18.077243, 111.646895
18.632781, 113.314741
19.189425, 114.978434
19.747132, 116.638308
20.305860, 118.294663
20.865564, 119.947768
21.426204, 121.597865
21.987735, 123.245173
22.550116, 124.889890
23.113303, 126.532196
23.677255, 128.172255
24.241930, 129.810215
24.807284, 131.446212
25.373276, 133.080372
25.939863, 134.712808
26.507003, 136.343626
27.074654, 137.972922
27.642773, 139.600786
28.211319, 141.227299
28.780249, 142.852537
29.349521, 144.476572
29.919092, 146.099469
30.488921, 147.721287
31.058966, 149.342085
31.629184, 150.961913
32.199533, 152.580822
32.769971, 154.198857
33.340456, 155.816061
33.910946, 157.432473
34.481399, 159.048132
35.051772, 160.663072
35.622024, 162.277327
36.192112, 163.890928
36.761996, 165.503903
37.331632, 167.116280
37.900978, 168.728084
38.469994, 170.339341
39.038637, 171.950074
39.606864, 173.560303
40.174636, 175.170050
40.741908, 176.779334
41.308641, 178.388173
41.874792, 179.996585
42.440320, 181.604586
43.005182, 183.212192
43.569339, 184.819417
44.132747, 186.426277
44.695366, 188.032784
45.257155, 189.638951
45.818072, 191.244790
46.378076, 192.850313
46.937125, 194.455531
47.495180, 196.060454
48.052198, 197.665093
48.608140, 199.269457
49.162963, 200.873554
49.716628, 202.477395
50.269093, 204.080987
50.820319, 205.684338
51.370265, 207.287456
51.918890, 208.890347
52.466154, 210.493021
53.012017, 212.095481
53.556439, 213.697736
54.099381, 215.299792
54.640801, 216.901654
55.180661, 218.503328
55.718920, 220.104819
56.255540, 221.706133
56.790481, 223.307274
57.323704, 224.908249
57.855170, 226.509060
58.384839, 228.109713
58.912673, 229.710212
59.438633, 231.310561
59.962680, 232.910764
60.484777, 234.510825
61.004884, 236.110748
61.522964, 237.710535
62.038979, 239.310192
62.552890, 240.909720
63.064661, 242.509123
63.574253, 244.108405
64.081630, 245.707567
64.586753, 247.306614
65.089587, 248.905547
65.590093, 250.504370
66.088236, 252.103085
66.583979, 253.701694
67.077286, 255.300201
67.568120, 256.898606
68.056445, 258.496914
68.542226, 260.095124
69.025426, 261.693241
69.506012, 263.291266
69.983946, 264.889200
70.459195, 266.487047
70.931723, 268.084806
71.401496, 269.682482
71.868480, 271.280074
72.332639, 272.877585
72.793940, 274.475017
##END=
