##TITLE= Parameter file, TopSpin 4.3.0
##JCAMPDX= 5.0
##DATATYPE= Parameter Values
##ORIGIN= Bruker BioSpin GmbH
##OWNER= nmrsu
$$ 2024-05-21 14:49:52.197 +0100  nmrsu@4CE1161FJM
$$ C:/Bruker/TopSpin4.3.0/exp/stan/nmr/lists/wave/user/multisupp_aux_d8
$$ process C:\Bruker\TopSpin4.3.0\prog\mod\xwinshape.exe
##MINX= 0.39697700
##MAXX= 99.99938900
##MINY= 0.08683500
##MAXY= 359.91316500
##$SHAPE_ADDPHASE= 0
##$SHAPE_AMP= 99.99938936
##$SHAPE_BWFAC= 0
##$SHAPE_BWFAC50= 0
##$SHAPE_CALCBW= yes
##$SHAPE_CALCINTEG= yes
##$SHAPE_EXMODE= <Excitation>
##$SHAPE_EXPAND= <>
##$SHAPE_EXPANDCF= (0..143)
0 0 0 0 0 0 0 0 0 0 0 0 0 0 0 0 0 0 0 0 0 0 0 0 0 0 0 0 0 0 0 0 0 0 0 0
0 0 0 0 0 0 0 0 0 0 0 0 0 0 0 0 0 0 0 0 0 0 0 0 0 0 0 0 0 0 0 0 0 0 0 0
0 0 0 0 0 0 0 0 0 0 0 0 0 0 0 0 0 0 0 0 0 0 0 0 0 0 0 0 0 0 0 0 0 0 0 0
0 0 0 0 0 0 0 0 0 0 0 0 0 0 0 0 0 0 0 0 0 0 0 0 0 0 0 0 0 0 0 0 0 0 0 0
##$SHAPE_EXPFAC= 0
##$SHAPE_FRACEND= 0
##$SHAPE_FRACORG= 0
##$SHAPE_FRACSTART= 0
##$SHAPE_INTEGFAC= 0
##$SHAPE_KEEPRES= yes
##$SHAPE_LENGTH= 25000.000373
##$SHAPE_MAN= <M>
##$SHAPE_MODE= 3
##$SHAPE_MODFREQ= 0
##$SHAPE_MODPHASE= 0
##$SHAPE_MODSCALE= 0
##$SHAPE_MODSW= 0
##$SHAPE_MODSWDIR= -1
##$SHAPE_NPOINTS= 1250
##$SHAPE_OFFS= <1 3>
##$SHAPE_OFFSCOEFF= (0..95)
-158.61122 0 100 -226.35136 0 100 -294.85066 0 100 0 0 0 0 0 0 0 0 0 0
0 0 0 0 0 0 0 0 0 0 0 0 0 0 0 0 0 0 0 0 0 0 0 0 0 0 0 0 0 0 0 0 0 0 0 0
0 0 0 0 0 0 0 0 0 0 0 0 0 0 0 0 0 0 0 0 0 0 0 0 0 0 0 0 0 0 0 0 0 0 0 0
0 0 0 0 0
##$SHAPE_PARAMETER= <>
##$SHAPE_REPHFAC= 0
##$SHAPE_RES= 0
##$SHAPE_SCALEFAC= 1.00000611
##$SHAPE_SCALETYPE= 0
##$SHAPE_SPOAL= 0
##$SHAPE_SPOFFS= 0
##$SHAPE_SPOPH= 0
##$SHAPE_TOTROT= 90
##$SHAPE_TYPE= <Excitation>
##$SHAPE_USER_DEF= <>
##$SHAPE_VERSION= 2.1
##$SHL_ADDPHASE= (0..15)
0 0 0 0 0 0 0 0 0 0 0 0 0 0 0 0
##$SHL_ALIGNOFFSET= (0..15)
0 0 0 0 0 0 0 0 0 0 0 0 0 0 0 0
##$SHL_AMP= (0..15)
100 0 0 0 0 0 0 0 0 0 0 0 0 0 0 0
##$SHL_AMPFAC= (0..15)
0 0 0 0 0 0 0 0 0 0 0 0 0 0 0 0
##$SHL_BETA= (0..15)
0 0 0 0 0 0 0 0 0 0 0 0 0 0 0 0
##$SHL_BWFAC= (0..15)
1.116 0 0 0 0 0 0 0 0 0 0 0 0 0 0 0
##$SHL_CALCBW= (0..15)
yes yes yes yes yes yes yes yes yes yes yes yes yes yes yes yes
##$SHL_CALCINTEG= (0..15)
yes yes yes yes yes yes yes yes yes yes yes yes yes yes yes yes
##$SHL_CENTERAMP= (0..15)
0 0 0 0 0 0 0 0 0 0 0 0 0 0 0 0
##$SHL_CYCNUM= (0..15)
0 0 0 0 0 0 0 0 0 0 0 0 0 0 0 0
##$SHL_DIPOLCPL= (0..15)
0 0 0 0 0 0 0 0 0 0 0 0 0 0 0 0
##$SHL_ENDAMP= (0..15)
0 0 0 0 0 0 0 0 0 0 0 0 0 0 0 0
##$SHL_EXMODE= (0..15)
<Excitation> <> <> <> <> <> <> <> <> <> <> <> <> <> <> <>
##$SHL_EXPAND= (0..15)
<> <> <> <> <> <> <> <> <> <> <> <> <> <> <> <>
##$SHL_EXPANDCF0= (0..143)
0 0 0 0 0 0 0 0 0 0 0 0 0 0 0 0 0 0 0 0 0 0 0 0 0 0 0 0 0 0 0 0 0 0 0 0
0 0 0 0 0 0 0 0 0 0 0 0 0 0 0 0 0 0 0 0 0 0 0 0 0 0 0 0 0 0 0 0 0 0 0 0
0 0 0 0 0 0 0 0 0 0 0 0 0 0 0 0 0 0 0 0 0 0 0 0 0 0 0 0 0 0 0 0 0 0 0 0
0 0 0 0 0 0 0 0 0 0 0 0 0 0 0 0 0 0 0 0 0 0 0 0 0 0 0 0 0 0 0 0 0 0 0 0
##$SHL_EXPANDCF1= (0..143)
0 0 0 0 0 0 0 0 0 0 0 0 0 0 0 0 0 0 0 0 0 0 0 0 0 0 0 0 0 0 0 0 0 0 0 0
0 0 0 0 0 0 0 0 0 0 0 0 0 0 0 0 0 0 0 0 0 0 0 0 0 0 0 0 0 0 0 0 0 0 0 0
0 0 0 0 0 0 0 0 0 0 0 0 0 0 0 0 0 0 0 0 0 0 0 0 0 0 0 0 0 0 0 0 0 0 0 0
0 0 0 0 0 0 0 0 0 0 0 0 0 0 0 0 0 0 0 0 0 0 0 0 0 0 0 0 0 0 0 0 0 0 0 0
##$SHL_EXPANDCF10= (0..143)
0 0 0 0 0 0 0 0 0 0 0 0 0 0 0 0 0 0 0 0 0 0 0 0 0 0 0 0 0 0 0 0 0 0 0 0
0 0 0 0 0 0 0 0 0 0 0 0 0 0 0 0 0 0 0 0 0 0 0 0 0 0 0 0 0 0 0 0 0 0 0 0
0 0 0 0 0 0 0 0 0 0 0 0 0 0 0 0 0 0 0 0 0 0 0 0 0 0 0 0 0 0 0 0 0 0 0 0
0 0 0 0 0 0 0 0 0 0 0 0 0 0 0 0 0 0 0 0 0 0 0 0 0 0 0 0 0 0 0 0 0 0 0 0
##$SHL_EXPANDCF11= (0..143)
0 0 0 0 0 0 0 0 0 0 0 0 0 0 0 0 0 0 0 0 0 0 0 0 0 0 0 0 0 0 0 0 0 0 0 0
0 0 0 0 0 0 0 0 0 0 0 0 0 0 0 0 0 0 0 0 0 0 0 0 0 0 0 0 0 0 0 0 0 0 0 0
0 0 0 0 0 0 0 0 0 0 0 0 0 0 0 0 0 0 0 0 0 0 0 0 0 0 0 0 0 0 0 0 0 0 0 0
0 0 0 0 0 0 0 0 0 0 0 0 0 0 0 0 0 0 0 0 0 0 0 0 0 0 0 0 0 0 0 0 0 0 0 0
##$SHL_EXPANDCF12= (0..143)
0 0 0 0 0 0 0 0 0 0 0 0 0 0 0 0 0 0 0 0 0 0 0 0 0 0 0 0 0 0 0 0 0 0 0 0
0 0 0 0 0 0 0 0 0 0 0 0 0 0 0 0 0 0 0 0 0 0 0 0 0 0 0 0 0 0 0 0 0 0 0 0
0 0 0 0 0 0 0 0 0 0 0 0 0 0 0 0 0 0 0 0 0 0 0 0 0 0 0 0 0 0 0 0 0 0 0 0
0 0 0 0 0 0 0 0 0 0 0 0 0 0 0 0 0 0 0 0 0 0 0 0 0 0 0 0 0 0 0 0 0 0 0 0
##$SHL_EXPANDCF13= (0..143)
0 0 0 0 0 0 0 0 0 0 0 0 0 0 0 0 0 0 0 0 0 0 0 0 0 0 0 0 0 0 0 0 0 0 0 0
0 0 0 0 0 0 0 0 0 0 0 0 0 0 0 0 0 0 0 0 0 0 0 0 0 0 0 0 0 0 0 0 0 0 0 0
0 0 0 0 0 0 0 0 0 0 0 0 0 0 0 0 0 0 0 0 0 0 0 0 0 0 0 0 0 0 0 0 0 0 0 0
0 0 0 0 0 0 0 0 0 0 0 0 0 0 0 0 0 0 0 0 0 0 0 0 0 0 0 0 0 0 0 0 0 0 0 0
##$SHL_EXPANDCF14= (0..143)
0 0 0 0 0 0 0 0 0 0 0 0 0 0 0 0 0 0 0 0 0 0 0 0 0 0 0 0 0 0 0 0 0 0 0 0
0 0 0 0 0 0 0 0 0 0 0 0 0 0 0 0 0 0 0 0 0 0 0 0 0 0 0 0 0 0 0 0 0 0 0 0
0 0 0 0 0 0 0 0 0 0 0 0 0 0 0 0 0 0 0 0 0 0 0 0 0 0 0 0 0 0 0 0 0 0 0 0
0 0 0 0 0 0 0 0 0 0 0 0 0 0 0 0 0 0 0 0 0 0 0 0 0 0 0 0 0 0 0 0 0 0 0 0
##$SHL_EXPANDCF15= (0..143)
0 0 0 0 0 0 0 0 0 0 0 0 0 0 0 0 0 0 0 0 0 0 0 0 0 0 0 0 0 0 0 0 0 0 0 0
0 0 0 0 0 0 0 0 0 0 0 0 0 0 0 0 0 0 0 0 0 0 0 0 0 0 0 0 0 0 0 0 0 0 0 0
0 0 0 0 0 0 0 0 0 0 0 0 0 0 0 0 0 0 0 0 0 0 0 0 0 0 0 0 0 0 0 0 0 0 0 0
0 0 0 0 0 0 0 0 0 0 0 0 0 0 0 0 0 0 0 0 0 0 0 0 0 0 0 0 0 0 0 0 0 0 0 0
##$SHL_EXPANDCF2= (0..143)
0 0 0 0 0 0 0 0 0 0 0 0 0 0 0 0 0 0 0 0 0 0 0 0 0 0 0 0 0 0 0 0 0 0 0 0
0 0 0 0 0 0 0 0 0 0 0 0 0 0 0 0 0 0 0 0 0 0 0 0 0 0 0 0 0 0 0 0 0 0 0 0
0 0 0 0 0 0 0 0 0 0 0 0 0 0 0 0 0 0 0 0 0 0 0 0 0 0 0 0 0 0 0 0 0 0 0 0
0 0 0 0 0 0 0 0 0 0 0 0 0 0 0 0 0 0 0 0 0 0 0 0 0 0 0 0 0 0 0 0 0 0 0 0
##$SHL_EXPANDCF3= (0..143)
0 0 0 0 0 0 0 0 0 0 0 0 0 0 0 0 0 0 0 0 0 0 0 0 0 0 0 0 0 0 0 0 0 0 0 0
0 0 0 0 0 0 0 0 0 0 0 0 0 0 0 0 0 0 0 0 0 0 0 0 0 0 0 0 0 0 0 0 0 0 0 0
0 0 0 0 0 0 0 0 0 0 0 0 0 0 0 0 0 0 0 0 0 0 0 0 0 0 0 0 0 0 0 0 0 0 0 0
0 0 0 0 0 0 0 0 0 0 0 0 0 0 0 0 0 0 0 0 0 0 0 0 0 0 0 0 0 0 0 0 0 0 0 0
##$SHL_EXPANDCF4= (0..143)
0 0 0 0 0 0 0 0 0 0 0 0 0 0 0 0 0 0 0 0 0 0 0 0 0 0 0 0 0 0 0 0 0 0 0 0
0 0 0 0 0 0 0 0 0 0 0 0 0 0 0 0 0 0 0 0 0 0 0 0 0 0 0 0 0 0 0 0 0 0 0 0
0 0 0 0 0 0 0 0 0 0 0 0 0 0 0 0 0 0 0 0 0 0 0 0 0 0 0 0 0 0 0 0 0 0 0 0
0 0 0 0 0 0 0 0 0 0 0 0 0 0 0 0 0 0 0 0 0 0 0 0 0 0 0 0 0 0 0 0 0 0 0 0
##$SHL_EXPANDCF5= (0..143)
0 0 0 0 0 0 0 0 0 0 0 0 0 0 0 0 0 0 0 0 0 0 0 0 0 0 0 0 0 0 0 0 0 0 0 0
0 0 0 0 0 0 0 0 0 0 0 0 0 0 0 0 0 0 0 0 0 0 0 0 0 0 0 0 0 0 0 0 0 0 0 0
0 0 0 0 0 0 0 0 0 0 0 0 0 0 0 0 0 0 0 0 0 0 0 0 0 0 0 0 0 0 0 0 0 0 0 0
0 0 0 0 0 0 0 0 0 0 0 0 0 0 0 0 0 0 0 0 0 0 0 0 0 0 0 0 0 0 0 0 0 0 0 0
##$SHL_EXPANDCF6= (0..143)
0 0 0 0 0 0 0 0 0 0 0 0 0 0 0 0 0 0 0 0 0 0 0 0 0 0 0 0 0 0 0 0 0 0 0 0
0 0 0 0 0 0 0 0 0 0 0 0 0 0 0 0 0 0 0 0 0 0 0 0 0 0 0 0 0 0 0 0 0 0 0 0
0 0 0 0 0 0 0 0 0 0 0 0 0 0 0 0 0 0 0 0 0 0 0 0 0 0 0 0 0 0 0 0 0 0 0 0
0 0 0 0 0 0 0 0 0 0 0 0 0 0 0 0 0 0 0 0 0 0 0 0 0 0 0 0 0 0 0 0 0 0 0 0
##$SHL_EXPANDCF7= (0..143)
0 0 0 0 0 0 0 0 0 0 0 0 0 0 0 0 0 0 0 0 0 0 0 0 0 0 0 0 0 0 0 0 0 0 0 0
0 0 0 0 0 0 0 0 0 0 0 0 0 0 0 0 0 0 0 0 0 0 0 0 0 0 0 0 0 0 0 0 0 0 0 0
0 0 0 0 0 0 0 0 0 0 0 0 0 0 0 0 0 0 0 0 0 0 0 0 0 0 0 0 0 0 0 0 0 0 0 0
0 0 0 0 0 0 0 0 0 0 0 0 0 0 0 0 0 0 0 0 0 0 0 0 0 0 0 0 0 0 0 0 0 0 0 0
##$SHL_EXPANDCF8= (0..143)
0 0 0 0 0 0 0 0 0 0 0 0 0 0 0 0 0 0 0 0 0 0 0 0 0 0 0 0 0 0 0 0 0 0 0 0
0 0 0 0 0 0 0 0 0 0 0 0 0 0 0 0 0 0 0 0 0 0 0 0 0 0 0 0 0 0 0 0 0 0 0 0
0 0 0 0 0 0 0 0 0 0 0 0 0 0 0 0 0 0 0 0 0 0 0 0 0 0 0 0 0 0 0 0 0 0 0 0
0 0 0 0 0 0 0 0 0 0 0 0 0 0 0 0 0 0 0 0 0 0 0 0 0 0 0 0 0 0 0 0 0 0 0 0
##$SHL_EXPANDCF9= (0..143)
0 0 0 0 0 0 0 0 0 0 0 0 0 0 0 0 0 0 0 0 0 0 0 0 0 0 0 0 0 0 0 0 0 0 0 0
0 0 0 0 0 0 0 0 0 0 0 0 0 0 0 0 0 0 0 0 0 0 0 0 0 0 0 0 0 0 0 0 0 0 0 0
0 0 0 0 0 0 0 0 0 0 0 0 0 0 0 0 0 0 0 0 0 0 0 0 0 0 0 0 0 0 0 0 0 0 0 0
0 0 0 0 0 0 0 0 0 0 0 0 0 0 0 0 0 0 0 0 0 0 0 0 0 0 0 0 0 0 0 0 0 0 0 0
##$SHL_EXPFAC= (0..15)
0 0 0 0 0 0 0 0 0 0 0 0 0 0 0 0
##$SHL_FRACEND= (0..15)
0 0 0 0 0 0 0 0 0 0 0 0 0 0 0 0
##$SHL_FRACORG= (0..15)
0 0 0 0 0 0 0 0 0 0 0 0 0 0 0 0
##$SHL_FRACSTART= (0..15)
0 0 0 0 0 0 0 0 0 0 0 0 0 0 0 0
##$SHL_FULLHALF= (0..15)
0 0 0 0 0 0 0 0 0 0 0 0 0 0 0 0
##$SHL_FUNCAMP= (0..15)
100 0 0 0 0 0 0 0 0 0 0 0 0 0 0 0
##$SHL_FUNCTION= (0..15)
<Rectangle> <> <> <> <> <> <> <> <> <> <> <> <> <> <> <>
##$SHL_GCO= (0..15)
<> <> <> <> <> <> <> <> <> <> <> <> <> <> <> <>
##$SHL_GCOCOEFFS0= (0..59)
0 0 0 0 0 0 0 0 0 0 0 0 0 0 0 0 0 0 0 0 0 0 0 0 0 0 0 0 0 0 0 0 0 0 0 0
0 0 0 0 0 0 0 0 0 0 0 0 0 0 0 0 0 0 0 0 0 0 0 0
##$SHL_GCOCOEFFS1= (0..59)
0 0 0 0 0 0 0 0 0 0 0 0 0 0 0 0 0 0 0 0 0 0 0 0 0 0 0 0 0 0 0 0 0 0 0 0
0 0 0 0 0 0 0 0 0 0 0 0 0 0 0 0 0 0 0 0 0 0 0 0
##$SHL_GCOCOEFFS10= (0..59)
0 0 0 0 0 0 0 0 0 0 0 0 0 0 0 0 0 0 0 0 0 0 0 0 0 0 0 0 0 0 0 0 0 0 0 0
0 0 0 0 0 0 0 0 0 0 0 0 0 0 0 0 0 0 0 0 0 0 0 0
##$SHL_GCOCOEFFS11= (0..59)
0 0 0 0 0 0 0 0 0 0 0 0 0 0 0 0 0 0 0 0 0 0 0 0 0 0 0 0 0 0 0 0 0 0 0 0
0 0 0 0 0 0 0 0 0 0 0 0 0 0 0 0 0 0 0 0 0 0 0 0
##$SHL_GCOCOEFFS12= (0..59)
0 0 0 0 0 0 0 0 0 0 0 0 0 0 0 0 0 0 0 0 0 0 0 0 0 0 0 0 0 0 0 0 0 0 0 0
0 0 0 0 0 0 0 0 0 0 0 0 0 0 0 0 0 0 0 0 0 0 0 0
##$SHL_GCOCOEFFS13= (0..59)
0 0 0 0 0 0 0 0 0 0 0 0 0 0 0 0 0 0 0 0 0 0 0 0 0 0 0 0 0 0 0 0 0 0 0 0
0 0 0 0 0 0 0 0 0 0 0 0 0 0 0 0 0 0 0 0 0 0 0 0
##$SHL_GCOCOEFFS14= (0..59)
0 0 0 0 0 0 0 0 0 0 0 0 0 0 0 0 0 0 0 0 0 0 0 0 0 0 0 0 0 0 0 0 0 0 0 0
0 0 0 0 0 0 0 0 0 0 0 0 0 0 0 0 0 0 0 0 0 0 0 0
##$SHL_GCOCOEFFS15= (0..59)
0 0 0 0 0 0 0 0 0 0 0 0 0 0 0 0 0 0 0 0 0 0 0 0 0 0 0 0 0 0 0 0 0 0 0 0
0 0 0 0 0 0 0 0 0 0 0 0 0 0 0 0 0 0 0 0 0 0 0 0
##$SHL_GCOCOEFFS2= (0..59)
0 0 0 0 0 0 0 0 0 0 0 0 0 0 0 0 0 0 0 0 0 0 0 0 0 0 0 0 0 0 0 0 0 0 0 0
0 0 0 0 0 0 0 0 0 0 0 0 0 0 0 0 0 0 0 0 0 0 0 0
##$SHL_GCOCOEFFS3= (0..59)
0 0 0 0 0 0 0 0 0 0 0 0 0 0 0 0 0 0 0 0 0 0 0 0 0 0 0 0 0 0 0 0 0 0 0 0
0 0 0 0 0 0 0 0 0 0 0 0 0 0 0 0 0 0 0 0 0 0 0 0
##$SHL_GCOCOEFFS4= (0..59)
0 0 0 0 0 0 0 0 0 0 0 0 0 0 0 0 0 0 0 0 0 0 0 0 0 0 0 0 0 0 0 0 0 0 0 0
0 0 0 0 0 0 0 0 0 0 0 0 0 0 0 0 0 0 0 0 0 0 0 0
##$SHL_GCOCOEFFS5= (0..59)
0 0 0 0 0 0 0 0 0 0 0 0 0 0 0 0 0 0 0 0 0 0 0 0 0 0 0 0 0 0 0 0 0 0 0 0
0 0 0 0 0 0 0 0 0 0 0 0 0 0 0 0 0 0 0 0 0 0 0 0
##$SHL_GCOCOEFFS6= (0..59)
0 0 0 0 0 0 0 0 0 0 0 0 0 0 0 0 0 0 0 0 0 0 0 0 0 0 0 0 0 0 0 0 0 0 0 0
0 0 0 0 0 0 0 0 0 0 0 0 0 0 0 0 0 0 0 0 0 0 0 0
##$SHL_GCOCOEFFS7= (0..59)
0 0 0 0 0 0 0 0 0 0 0 0 0 0 0 0 0 0 0 0 0 0 0 0 0 0 0 0 0 0 0 0 0 0 0 0
0 0 0 0 0 0 0 0 0 0 0 0 0 0 0 0 0 0 0 0 0 0 0 0
##$SHL_GCOCOEFFS8= (0..59)
0 0 0 0 0 0 0 0 0 0 0 0 0 0 0 0 0 0 0 0 0 0 0 0 0 0 0 0 0 0 0 0 0 0 0 0
0 0 0 0 0 0 0 0 0 0 0 0 0 0 0 0 0 0 0 0 0 0 0 0
##$SHL_GCOCOEFFS9= (0..59)
0 0 0 0 0 0 0 0 0 0 0 0 0 0 0 0 0 0 0 0 0 0 0 0 0 0 0 0 0 0 0 0 0 0 0 0
0 0 0 0 0 0 0 0 0 0 0 0 0 0 0 0 0 0 0 0 0 0 0 0
##$SHL_INTEGFAC= (0..15)
1 0 0 0 0 0 0 0 0 0 0 0 0 0 0 0
##$SHL_LB= (0..15)
0 0 0 0 0 0 0 0 0 0 0 0 0 0 0 0
##$SHL_LEFTLIMIT= (0..15)
0 0 0 0 0 0 0 0 0 0 0 0 0 0 0 0
##$SHL_LENGTH= (0..15)
25000.000373 0 0 0 0 0 0 0 0 0 0 0 0 0 0 0
##$SHL_MAN= (0..15)
<> <> <> <> <> <> <> <> <> <> <> <> <> <> <> <>
##$SHL_MEANAMP= (0..15)
0 0 0 0 0 0 0 0 0 0 0 0 0 0 0 0
##$SHL_MODAMP= (0..15)
0 0 0 0 0 0 0 0 0 0 0 0 0 0 0 0
##$SHL_MODE= (0..15)
0 0 0 0 0 0 0 0 0 0 0 0 0 0 0 0
##$SHL_MODFREQ= (0..15)
0 0 0 0 0 0 0 0 0 0 0 0 0 0 0 0
##$SHL_MODPHASE= (0..15)
0 0 0 0 0 0 0 0 0 0 0 0 0 0 0 0
##$SHL_MODSCALE= (0..15)
0 0 0 0 0 0 0 0 0 0 0 0 0 0 0 0
##$SHL_MODSW= (0..15)
0 0 0 0 0 0 0 0 0 0 0 0 0 0 0 0
##$SHL_MODSWDIR= (0..15)
-1 -1 -1 -1 -1 -1 -1 -1 -1 -1 -1 -1 -1 -1 -1 -1
##$SHL_MU= (0..15)
0 0 0 0 0 0 0 0 0 0 0 0 0 0 0 0
##$SHL_NPOINTS= (0..15)
1250 0 0 0 0 0 0 0 0 0 0 0 0 0 0 0
##$SHL_OFFS= (0..15)
<> <> <> <> <> <> <> <> <> <> <> <> <> <> <> <>
##$SHL_OFFSCOEFF0= (0..95)
0 0 0 0 0 0 0 0 0 0 0 0 0 0 0 0 0 0 0 0 0 0 0 0 0 0 0 0 0 0 0 0 0 0 0 0
0 0 0 0 0 0 0 0 0 0 0 0 0 0 0 0 0 0 0 0 0 0 0 0 0 0 0 0 0 0 0 0 0 0 0 0
0 0 0 0 0 0 0 0 0 0 0 0 0 0 0 0 0 0 0 0 0 0 0 0
##$SHL_OFFSCOEFF1= (0..95)
0 0 0 0 0 0 0 0 0 0 0 0 0 0 0 0 0 0 0 0 0 0 0 0 0 0 0 0 0 0 0 0 0 0 0 0
0 0 0 0 0 0 0 0 0 0 0 0 0 0 0 0 0 0 0 0 0 0 0 0 0 0 0 0 0 0 0 0 0 0 0 0
0 0 0 0 0 0 0 0 0 0 0 0 0 0 0 0 0 0 0 0 0 0 0 0
##$SHL_OFFSCOEFF10= (0..95)
0 0 0 0 0 0 0 0 0 0 0 0 0 0 0 0 0 0 0 0 0 0 0 0 0 0 0 0 0 0 0 0 0 0 0 0
0 0 0 0 0 0 0 0 0 0 0 0 0 0 0 0 0 0 0 0 0 0 0 0 0 0 0 0 0 0 0 0 0 0 0 0
0 0 0 0 0 0 0 0 0 0 0 0 0 0 0 0 0 0 0 0 0 0 0 0
##$SHL_OFFSCOEFF11= (0..95)
0 0 0 0 0 0 0 0 0 0 0 0 0 0 0 0 0 0 0 0 0 0 0 0 0 0 0 0 0 0 0 0 0 0 0 0
0 0 0 0 0 0 0 0 0 0 0 0 0 0 0 0 0 0 0 0 0 0 0 0 0 0 0 0 0 0 0 0 0 0 0 0
0 0 0 0 0 0 0 0 0 0 0 0 0 0 0 0 0 0 0 0 0 0 0 0
##$SHL_OFFSCOEFF12= (0..95)
0 0 0 0 0 0 0 0 0 0 0 0 0 0 0 0 0 0 0 0 0 0 0 0 0 0 0 0 0 0 0 0 0 0 0 0
0 0 0 0 0 0 0 0 0 0 0 0 0 0 0 0 0 0 0 0 0 0 0 0 0 0 0 0 0 0 0 0 0 0 0 0
0 0 0 0 0 0 0 0 0 0 0 0 0 0 0 0 0 0 0 0 0 0 0 0
##$SHL_OFFSCOEFF13= (0..95)
0 0 0 0 0 0 0 0 0 0 0 0 0 0 0 0 0 0 0 0 0 0 0 0 0 0 0 0 0 0 0 0 0 0 0 0
0 0 0 0 0 0 0 0 0 0 0 0 0 0 0 0 0 0 0 0 0 0 0 0 0 0 0 0 0 0 0 0 0 0 0 0
0 0 0 0 0 0 0 0 0 0 0 0 0 0 0 0 0 0 0 0 0 0 0 0
##$SHL_OFFSCOEFF14= (0..95)
0 0 0 0 0 0 0 0 0 0 0 0 0 0 0 0 0 0 0 0 0 0 0 0 0 0 0 0 0 0 0 0 0 0 0 0
0 0 0 0 0 0 0 0 0 0 0 0 0 0 0 0 0 0 0 0 0 0 0 0 0 0 0 0 0 0 0 0 0 0 0 0
0 0 0 0 0 0 0 0 0 0 0 0 0 0 0 0 0 0 0 0 0 0 0 0
##$SHL_OFFSCOEFF15= (0..95)
0 0 0 0 0 0 0 0 0 0 0 0 0 0 0 0 0 0 0 0 0 0 0 0 0 0 0 0 0 0 0 0 0 0 0 0
0 0 0 0 0 0 0 0 0 0 0 0 0 0 0 0 0 0 0 0 0 0 0 0 0 0 0 0 0 0 0 0 0 0 0 0
0 0 0 0 0 0 0 0 0 0 0 0 0 0 0 0 0 0 0 0 0 0 0 0
##$SHL_OFFSCOEFF2= (0..95)
0 0 0 0 0 0 0 0 0 0 0 0 0 0 0 0 0 0 0 0 0 0 0 0 0 0 0 0 0 0 0 0 0 0 0 0
0 0 0 0 0 0 0 0 0 0 0 0 0 0 0 0 0 0 0 0 0 0 0 0 0 0 0 0 0 0 0 0 0 0 0 0
0 0 0 0 0 0 0 0 0 0 0 0 0 0 0 0 0 0 0 0 0 0 0 0
##$SHL_OFFSCOEFF3= (0..95)
0 0 0 0 0 0 0 0 0 0 0 0 0 0 0 0 0 0 0 0 0 0 0 0 0 0 0 0 0 0 0 0 0 0 0 0
0 0 0 0 0 0 0 0 0 0 0 0 0 0 0 0 0 0 0 0 0 0 0 0 0 0 0 0 0 0 0 0 0 0 0 0
0 0 0 0 0 0 0 0 0 0 0 0 0 0 0 0 0 0 0 0 0 0 0 0
##$SHL_OFFSCOEFF4= (0..95)
0 0 0 0 0 0 0 0 0 0 0 0 0 0 0 0 0 0 0 0 0 0 0 0 0 0 0 0 0 0 0 0 0 0 0 0
0 0 0 0 0 0 0 0 0 0 0 0 0 0 0 0 0 0 0 0 0 0 0 0 0 0 0 0 0 0 0 0 0 0 0 0
0 0 0 0 0 0 0 0 0 0 0 0 0 0 0 0 0 0 0 0 0 0 0 0
##$SHL_OFFSCOEFF5= (0..95)
0 0 0 0 0 0 0 0 0 0 0 0 0 0 0 0 0 0 0 0 0 0 0 0 0 0 0 0 0 0 0 0 0 0 0 0
0 0 0 0 0 0 0 0 0 0 0 0 0 0 0 0 0 0 0 0 0 0 0 0 0 0 0 0 0 0 0 0 0 0 0 0
0 0 0 0 0 0 0 0 0 0 0 0 0 0 0 0 0 0 0 0 0 0 0 0
##$SHL_OFFSCOEFF6= (0..95)
0 0 0 0 0 0 0 0 0 0 0 0 0 0 0 0 0 0 0 0 0 0 0 0 0 0 0 0 0 0 0 0 0 0 0 0
0 0 0 0 0 0 0 0 0 0 0 0 0 0 0 0 0 0 0 0 0 0 0 0 0 0 0 0 0 0 0 0 0 0 0 0
0 0 0 0 0 0 0 0 0 0 0 0 0 0 0 0 0 0 0 0 0 0 0 0
##$SHL_OFFSCOEFF7= (0..95)
0 0 0 0 0 0 0 0 0 0 0 0 0 0 0 0 0 0 0 0 0 0 0 0 0 0 0 0 0 0 0 0 0 0 0 0
0 0 0 0 0 0 0 0 0 0 0 0 0 0 0 0 0 0 0 0 0 0 0 0 0 0 0 0 0 0 0 0 0 0 0 0
0 0 0 0 0 0 0 0 0 0 0 0 0 0 0 0 0 0 0 0 0 0 0 0
##$SHL_OFFSCOEFF8= (0..95)
0 0 0 0 0 0 0 0 0 0 0 0 0 0 0 0 0 0 0 0 0 0 0 0 0 0 0 0 0 0 0 0 0 0 0 0
0 0 0 0 0 0 0 0 0 0 0 0 0 0 0 0 0 0 0 0 0 0 0 0 0 0 0 0 0 0 0 0 0 0 0 0
0 0 0 0 0 0 0 0 0 0 0 0 0 0 0 0 0 0 0 0 0 0 0 0
##$SHL_OFFSCOEFF9= (0..95)
0 0 0 0 0 0 0 0 0 0 0 0 0 0 0 0 0 0 0 0 0 0 0 0 0 0 0 0 0 0 0 0 0 0 0 0
0 0 0 0 0 0 0 0 0 0 0 0 0 0 0 0 0 0 0 0 0 0 0 0 0 0 0 0 0 0 0 0 0 0 0 0
0 0 0 0 0 0 0 0 0 0 0 0 0 0 0 0 0 0 0 0 0 0 0 0
##$SHL_PHASE= (0..15)
0 0 0 0 0 0 0 0 0 0 0 0 0 0 0 0
##$SHL_PHASEFAC= (0..15)
0 0 0 0 0 0 0 0 0 0 0 0 0 0 0 0
##$SHL_POWERINDEX= (0..15)
0 0 0 0 0 0 0 0 0 0 0 0 0 0 0 0
##$SHL_QUADCOEFF= (0..15)
0 0 0 0 0 0 0 0 0 0 0 0 0 0 0 0
##$SHL_RIGHTLIMIT= (0..15)
0 0 0 0 0 0 0 0 0 0 0 0 0 0 0 0
##$SHL_SCALEFACTOR= (0..15)
1 1 1 1 1 1 1 1 1 1 1 1 1 1 1 1
##$SHL_SF= (0..15)
<> <> <> <> <> <> <> <> <> <> <> <> <> <> <> <>
##$SHL_SFCOEFFS0= (0..200)
0 0 0 0 0 0 0 0 0 0 0 0 0 0 0 0 0 0 0 0 0 0 0 0 0 0 0 0 0 0 0 0 0 0 0 0
0 0 0 0 0 0 0 0 0 0 0 0 0 0 0 0 0 0 0 0 0 0 0 0 0 0 0 0 0 0 0 0 0 0 0 0
0 0 0 0 0 0 0 0 0 0 0 0 0 0 0 0 0 0 0 0 0 0 0 0 0 0 0 0 0 0 0 0 0 0 0 0
0 0 0 0 0 0 0 0 0 0 0 0 0 0 0 0 0 0 0 0 0 0 0 0 0 0 0 0 0 0 0 0 0 0 0 0
0 0 0 0 0 0 0 0 0 0 0 0 0 0 0 0 0 0 0 0 0 0 0 0 0 0 0 0 0 0 0 0 0 0 0 0
0 0 0 0 0 0 0 0 0 0 0 0 0 0 0 0 0 0 0 0 0
##$SHL_SFCOEFFS1= (0..200)
0 0 0 0 0 0 0 0 0 0 0 0 0 0 0 0 0 0 0 0 0 0 0 0 0 0 0 0 0 0 0 0 0 0 0 0
0 0 0 0 0 0 0 0 0 0 0 0 0 0 0 0 0 0 0 0 0 0 0 0 0 0 0 0 0 0 0 0 0 0 0 0
0 0 0 0 0 0 0 0 0 0 0 0 0 0 0 0 0 0 0 0 0 0 0 0 0 0 0 0 0 0 0 0 0 0 0 0
0 0 0 0 0 0 0 0 0 0 0 0 0 0 0 0 0 0 0 0 0 0 0 0 0 0 0 0 0 0 0 0 0 0 0 0
0 0 0 0 0 0 0 0 0 0 0 0 0 0 0 0 0 0 0 0 0 0 0 0 0 0 0 0 0 0 0 0 0 0 0 0
0 0 0 0 0 0 0 0 0 0 0 0 0 0 0 0 0 0 0 0 0
##$SHL_SFCOEFFS10= (0..200)
0 0 0 0 0 0 0 0 0 0 0 0 0 0 0 0 0 0 0 0 0 0 0 0 0 0 0 0 0 0 0 0 0 0 0 0
0 0 0 0 0 0 0 0 0 0 0 0 0 0 0 0 0 0 0 0 0 0 0 0 0 0 0 0 0 0 0 0 0 0 0 0
0 0 0 0 0 0 0 0 0 0 0 0 0 0 0 0 0 0 0 0 0 0 0 0 0 0 0 0 0 0 0 0 0 0 0 0
0 0 0 0 0 0 0 0 0 0 0 0 0 0 0 0 0 0 0 0 0 0 0 0 0 0 0 0 0 0 0 0 0 0 0 0
0 0 0 0 0 0 0 0 0 0 0 0 0 0 0 0 0 0 0 0 0 0 0 0 0 0 0 0 0 0 0 0 0 0 0 0
0 0 0 0 0 0 0 0 0 0 0 0 0 0 0 0 0 0 0 0 0
##$SHL_SFCOEFFS11= (0..200)
0 0 0 0 0 0 0 0 0 0 0 0 0 0 0 0 0 0 0 0 0 0 0 0 0 0 0 0 0 0 0 0 0 0 0 0
0 0 0 0 0 0 0 0 0 0 0 0 0 0 0 0 0 0 0 0 0 0 0 0 0 0 0 0 0 0 0 0 0 0 0 0
0 0 0 0 0 0 0 0 0 0 0 0 0 0 0 0 0 0 0 0 0 0 0 0 0 0 0 0 0 0 0 0 0 0 0 0
0 0 0 0 0 0 0 0 0 0 0 0 0 0 0 0 0 0 0 0 0 0 0 0 0 0 0 0 0 0 0 0 0 0 0 0
0 0 0 0 0 0 0 0 0 0 0 0 0 0 0 0 0 0 0 0 0 0 0 0 0 0 0 0 0 0 0 0 0 0 0 0
0 0 0 0 0 0 0 0 0 0 0 0 0 0 0 0 0 0 0 0 0
##$SHL_SFCOEFFS12= (0..200)
0 0 0 0 0 0 0 0 0 0 0 0 0 0 0 0 0 0 0 0 0 0 0 0 0 0 0 0 0 0 0 0 0 0 0 0
0 0 0 0 0 0 0 0 0 0 0 0 0 0 0 0 0 0 0 0 0 0 0 0 0 0 0 0 0 0 0 0 0 0 0 0
0 0 0 0 0 0 0 0 0 0 0 0 0 0 0 0 0 0 0 0 0 0 0 0 0 0 0 0 0 0 0 0 0 0 0 0
0 0 0 0 0 0 0 0 0 0 0 0 0 0 0 0 0 0 0 0 0 0 0 0 0 0 0 0 0 0 0 0 0 0 0 0
0 0 0 0 0 0 0 0 0 0 0 0 0 0 0 0 0 0 0 0 0 0 0 0 0 0 0 0 0 0 0 0 0 0 0 0
0 0 0 0 0 0 0 0 0 0 0 0 0 0 0 0 0 0 0 0 0
##$SHL_SFCOEFFS13= (0..200)
0 0 0 0 0 0 0 0 0 0 0 0 0 0 0 0 0 0 0 0 0 0 0 0 0 0 0 0 0 0 0 0 0 0 0 0
0 0 0 0 0 0 0 0 0 0 0 0 0 0 0 0 0 0 0 0 0 0 0 0 0 0 0 0 0 0 0 0 0 0 0 0
0 0 0 0 0 0 0 0 0 0 0 0 0 0 0 0 0 0 0 0 0 0 0 0 0 0 0 0 0 0 0 0 0 0 0 0
0 0 0 0 0 0 0 0 0 0 0 0 0 0 0 0 0 0 0 0 0 0 0 0 0 0 0 0 0 0 0 0 0 0 0 0
0 0 0 0 0 0 0 0 0 0 0 0 0 0 0 0 0 0 0 0 0 0 0 0 0 0 0 0 0 0 0 0 0 0 0 0
0 0 0 0 0 0 0 0 0 0 0 0 0 0 0 0 0 0 0 0 0
##$SHL_SFCOEFFS14= (0..200)
0 0 0 0 0 0 0 0 0 0 0 0 0 0 0 0 0 0 0 0 0 0 0 0 0 0 0 0 0 0 0 0 0 0 0 0
0 0 0 0 0 0 0 0 0 0 0 0 0 0 0 0 0 0 0 0 0 0 0 0 0 0 0 0 0 0 0 0 0 0 0 0
0 0 0 0 0 0 0 0 0 0 0 0 0 0 0 0 0 0 0 0 0 0 0 0 0 0 0 0 0 0 0 0 0 0 0 0
0 0 0 0 0 0 0 0 0 0 0 0 0 0 0 0 0 0 0 0 0 0 0 0 0 0 0 0 0 0 0 0 0 0 0 0
0 0 0 0 0 0 0 0 0 0 0 0 0 0 0 0 0 0 0 0 0 0 0 0 0 0 0 0 0 0 0 0 0 0 0 0
0 0 0 0 0 0 0 0 0 0 0 0 0 0 0 0 0 0 0 0 0
##$SHL_SFCOEFFS15= (0..200)
0 0 0 0 0 0 0 0 0 0 0 0 0 0 0 0 0 0 0 0 0 0 0 0 0 0 0 0 0 0 0 0 0 0 0 0
0 0 0 0 0 0 0 0 0 0 0 0 0 0 0 0 0 0 0 0 0 0 0 0 0 0 0 0 0 0 0 0 0 0 0 0
0 0 0 0 0 0 0 0 0 0 0 0 0 0 0 0 0 0 0 0 0 0 0 0 0 0 0 0 0 0 0 0 0 0 0 0
0 0 0 0 0 0 0 0 0 0 0 0 0 0 0 0 0 0 0 0 0 0 0 0 0 0 0 0 0 0 0 0 0 0 0 0
0 0 0 0 0 0 0 0 0 0 0 0 0 0 0 0 0 0 0 0 0 0 0 0 0 0 0 0 0 0 0 0 0 0 0 0
0 0 0 0 0 0 0 0 0 0 0 0 0 0 0 0 0 0 0 0 0
##$SHL_SFCOEFFS2= (0..200)
0 0 0 0 0 0 0 0 0 0 0 0 0 0 0 0 0 0 0 0 0 0 0 0 0 0 0 0 0 0 0 0 0 0 0 0
0 0 0 0 0 0 0 0 0 0 0 0 0 0 0 0 0 0 0 0 0 0 0 0 0 0 0 0 0 0 0 0 0 0 0 0
0 0 0 0 0 0 0 0 0 0 0 0 0 0 0 0 0 0 0 0 0 0 0 0 0 0 0 0 0 0 0 0 0 0 0 0
0 0 0 0 0 0 0 0 0 0 0 0 0 0 0 0 0 0 0 0 0 0 0 0 0 0 0 0 0 0 0 0 0 0 0 0
0 0 0 0 0 0 0 0 0 0 0 0 0 0 0 0 0 0 0 0 0 0 0 0 0 0 0 0 0 0 0 0 0 0 0 0
0 0 0 0 0 0 0 0 0 0 0 0 0 0 0 0 0 0 0 0 0
##$SHL_SFCOEFFS3= (0..200)
0 0 0 0 0 0 0 0 0 0 0 0 0 0 0 0 0 0 0 0 0 0 0 0 0 0 0 0 0 0 0 0 0 0 0 0
0 0 0 0 0 0 0 0 0 0 0 0 0 0 0 0 0 0 0 0 0 0 0 0 0 0 0 0 0 0 0 0 0 0 0 0
0 0 0 0 0 0 0 0 0 0 0 0 0 0 0 0 0 0 0 0 0 0 0 0 0 0 0 0 0 0 0 0 0 0 0 0
0 0 0 0 0 0 0 0 0 0 0 0 0 0 0 0 0 0 0 0 0 0 0 0 0 0 0 0 0 0 0 0 0 0 0 0
0 0 0 0 0 0 0 0 0 0 0 0 0 0 0 0 0 0 0 0 0 0 0 0 0 0 0 0 0 0 0 0 0 0 0 0
0 0 0 0 0 0 0 0 0 0 0 0 0 0 0 0 0 0 0 0 0
##$SHL_SFCOEFFS4= (0..200)
0 0 0 0 0 0 0 0 0 0 0 0 0 0 0 0 0 0 0 0 0 0 0 0 0 0 0 0 0 0 0 0 0 0 0 0
0 0 0 0 0 0 0 0 0 0 0 0 0 0 0 0 0 0 0 0 0 0 0 0 0 0 0 0 0 0 0 0 0 0 0 0
0 0 0 0 0 0 0 0 0 0 0 0 0 0 0 0 0 0 0 0 0 0 0 0 0 0 0 0 0 0 0 0 0 0 0 0
0 0 0 0 0 0 0 0 0 0 0 0 0 0 0 0 0 0 0 0 0 0 0 0 0 0 0 0 0 0 0 0 0 0 0 0
0 0 0 0 0 0 0 0 0 0 0 0 0 0 0 0 0 0 0 0 0 0 0 0 0 0 0 0 0 0 0 0 0 0 0 0
0 0 0 0 0 0 0 0 0 0 0 0 0 0 0 0 0 0 0 0 0
##$SHL_SFCOEFFS5= (0..200)
0 0 0 0 0 0 0 0 0 0 0 0 0 0 0 0 0 0 0 0 0 0 0 0 0 0 0 0 0 0 0 0 0 0 0 0
0 0 0 0 0 0 0 0 0 0 0 0 0 0 0 0 0 0 0 0 0 0 0 0 0 0 0 0 0 0 0 0 0 0 0 0
0 0 0 0 0 0 0 0 0 0 0 0 0 0 0 0 0 0 0 0 0 0 0 0 0 0 0 0 0 0 0 0 0 0 0 0
0 0 0 0 0 0 0 0 0 0 0 0 0 0 0 0 0 0 0 0 0 0 0 0 0 0 0 0 0 0 0 0 0 0 0 0
0 0 0 0 0 0 0 0 0 0 0 0 0 0 0 0 0 0 0 0 0 0 0 0 0 0 0 0 0 0 0 0 0 0 0 0
0 0 0 0 0 0 0 0 0 0 0 0 0 0 0 0 0 0 0 0 0
##$SHL_SFCOEFFS6= (0..200)
0 0 0 0 0 0 0 0 0 0 0 0 0 0 0 0 0 0 0 0 0 0 0 0 0 0 0 0 0 0 0 0 0 0 0 0
0 0 0 0 0 0 0 0 0 0 0 0 0 0 0 0 0 0 0 0 0 0 0 0 0 0 0 0 0 0 0 0 0 0 0 0
0 0 0 0 0 0 0 0 0 0 0 0 0 0 0 0 0 0 0 0 0 0 0 0 0 0 0 0 0 0 0 0 0 0 0 0
0 0 0 0 0 0 0 0 0 0 0 0 0 0 0 0 0 0 0 0 0 0 0 0 0 0 0 0 0 0 0 0 0 0 0 0
0 0 0 0 0 0 0 0 0 0 0 0 0 0 0 0 0 0 0 0 0 0 0 0 0 0 0 0 0 0 0 0 0 0 0 0
0 0 0 0 0 0 0 0 0 0 0 0 0 0 0 0 0 0 0 0 0
##$SHL_SFCOEFFS7= (0..200)
0 0 0 0 0 0 0 0 0 0 0 0 0 0 0 0 0 0 0 0 0 0 0 0 0 0 0 0 0 0 0 0 0 0 0 0
0 0 0 0 0 0 0 0 0 0 0 0 0 0 0 0 0 0 0 0 0 0 0 0 0 0 0 0 0 0 0 0 0 0 0 0
0 0 0 0 0 0 0 0 0 0 0 0 0 0 0 0 0 0 0 0 0 0 0 0 0 0 0 0 0 0 0 0 0 0 0 0
0 0 0 0 0 0 0 0 0 0 0 0 0 0 0 0 0 0 0 0 0 0 0 0 0 0 0 0 0 0 0 0 0 0 0 0
0 0 0 0 0 0 0 0 0 0 0 0 0 0 0 0 0 0 0 0 0 0 0 0 0 0 0 0 0 0 0 0 0 0 0 0
0 0 0 0 0 0 0 0 0 0 0 0 0 0 0 0 0 0 0 0 0
##$SHL_SFCOEFFS8= (0..200)
0 0 0 0 0 0 0 0 0 0 0 0 0 0 0 0 0 0 0 0 0 0 0 0 0 0 0 0 0 0 0 0 0 0 0 0
0 0 0 0 0 0 0 0 0 0 0 0 0 0 0 0 0 0 0 0 0 0 0 0 0 0 0 0 0 0 0 0 0 0 0 0
0 0 0 0 0 0 0 0 0 0 0 0 0 0 0 0 0 0 0 0 0 0 0 0 0 0 0 0 0 0 0 0 0 0 0 0
0 0 0 0 0 0 0 0 0 0 0 0 0 0 0 0 0 0 0 0 0 0 0 0 0 0 0 0 0 0 0 0 0 0 0 0
0 0 0 0 0 0 0 0 0 0 0 0 0 0 0 0 0 0 0 0 0 0 0 0 0 0 0 0 0 0 0 0 0 0 0 0
0 0 0 0 0 0 0 0 0 0 0 0 0 0 0 0 0 0 0 0 0
##$SHL_SFCOEFFS9= (0..200)
0 0 0 0 0 0 0 0 0 0 0 0 0 0 0 0 0 0 0 0 0 0 0 0 0 0 0 0 0 0 0 0 0 0 0 0
0 0 0 0 0 0 0 0 0 0 0 0 0 0 0 0 0 0 0 0 0 0 0 0 0 0 0 0 0 0 0 0 0 0 0 0
0 0 0 0 0 0 0 0 0 0 0 0 0 0 0 0 0 0 0 0 0 0 0 0 0 0 0 0 0 0 0 0 0 0 0 0
0 0 0 0 0 0 0 0 0 0 0 0 0 0 0 0 0 0 0 0 0 0 0 0 0 0 0 0 0 0 0 0 0 0 0 0
0 0 0 0 0 0 0 0 0 0 0 0 0 0 0 0 0 0 0 0 0 0 0 0 0 0 0 0 0 0 0 0 0 0 0 0
0 0 0 0 0 0 0 0 0 0 0 0 0 0 0 0 0 0 0 0 0
##$SHL_SMOOTHED= (0..15)
0 0 0 0 0 0 0 0 0 0 0 0 0 0 0 0
##$SHL_SMOOTHING= (0..15)
0 0 0 0 0 0 0 0 0 0 0 0 0 0 0 0
##$SHL_SPOAL= (0..15)
0 0 0 0 0 0 0 0 0 0 0 0 0 0 0 0
##$SHL_SPOFFS= (0..15)
0 0 0 0 0 0 0 0 0 0 0 0 0 0 0 0
##$SHL_SPOPH= (0..15)
0 0 0 0 0 0 0 0 0 0 0 0 0 0 0 0
##$SHL_STARTAMP= (0..15)
0 0 0 0 0 0 0 0 0 0 0 0 0 0 0 0
##$SHL_SW= (0..15)
0 0 0 0 0 0 0 0 0 0 0 0 0 0 0 0
##$SHL_SWDIR= (0..15)
-1 -1 -1 -1 -1 -1 -1 -1 -1 -1 -1 -1 -1 -1 -1 -1
##$SHL_TANKAPPA= (0..15)
0 0 0 0 0 0 0 0 0 0 0 0 0 0 0 0
##$SHL_TOTROT= (0..15)
90 0 0 0 0 0 0 0 0 0 0 0 0 0 0 0
##$SHL_TRUNCLEV= (0..15)
0 0 0 0 0 0 0 0 0 0 0 0 0 0 0 0
##$SHL_TYPE= (0..15)
<Excitation> <> <> <> <> <> <> <> <> <> <> <> <> <> <> <>
##$SHL_WINDOWSIZE= (0..15)
0 0 0 0 0 0 0 0 0 0 0 0 0 0 0 0
##$SHL_ZETA= (0..15)
0 0 0 0 0 0 0 0 0 0 0 0 0 0 0 0
##NPOINTS= 1250
##XYPOINTS= (XY..XY)
72.786779, 61.308513
72.325443, 62.944702
71.861250, 64.580970
71.394234, 66.217319
70.924429, 67.853751
70.451870, 69.490267
69.976590, 71.126868
69.498625, 72.763558
69.018011, 74.400338
68.534781, 76.037209
68.048972, 77.674174
67.560620, 79.311235
67.069759, 80.948394
66.576427, 82.585654
66.080658, 84.223016
65.582491, 85.860483
65.081960, 87.498057
64.579103, 89.135742
64.073957, 90.773540
63.566558, 92.411453
63.056945, 94.049484
62.545153, 95.687637
62.031222, 97.325914
61.515188, 98.964319
60.997089, 100.602854
60.476964, 102.241524
59.954850, 103.880332
59.430786, 105.519282
58.904810, 107.158376
58.376961, 108.797621
57.847277, 110.437018
57.315798, 112.076573
56.782562, 113.716291
56.247608, 115.356175
55.710976, 116.996231
55.172705, 118.636464
54.632835, 120.276878
54.091404, 121.917480
53.548454, 123.558275
53.004023, 125.199268
52.458152, 126.840466
51.910880, 128.481876
51.362248, 130.123504
50.812296, 131.765357
50.261065, 133.407442
49.708595, 135.049767
49.154926, 136.692340
48.600099, 138.335169
48.044155, 139.978263
47.487134, 141.621630
46.929078, 143.265282
46.370027, 144.909227
45.810023, 146.553476
45.249106, 148.198040
44.687318, 149.842930
44.124701, 151.488159
43.561294, 153.133739
42.997141, 154.779684
42.432281, 156.426008
41.866757, 158.072726
41.300611, 159.719852
40.733883, 161.367405
40.166616, 163.015400
39.598851, 164.663857
39.030630, 166.312794
38.461995, 167.962233
37.892988, 169.612194
37.323649, 171.262701
36.754023, 172.913779
36.184149, 174.565451
35.614071, 176.217747
35.043830, 177.870695
34.473468, 179.524327
33.903027, 181.178674
33.332550, 182.833771
32.762078, 184.489658
32.191653, 186.146372
31.621318, 187.803957
31.051115, 189.462459
30.481085, 191.121926
29.911272, 192.782410
29.341716, 194.443968
28.772461, 196.106661
28.203548, 197.770554
27.635020, 199.435716
27.066919, 201.102224
26.499286, 202.770159
25.932165, 204.439611
25.365598, 206.110676
24.799626, 207.783459
24.234292, 209.458072
23.669638, 211.134642
23.105707, 212.813303
22.542541, 214.494204
21.980182, 216.177507
21.418673, 217.863394
20.858057, 219.552060
20.298375, 221.243724
19.739671, 222.938627
19.181987, 224.637038
18.625367, 226.339256
18.069853, 228.045614
17.515489, 229.756486
16.962318, 231.472291
16.410384, 233.193505
15.859732, 234.920662
15.310405, 236.654373
14.762449, 238.395333
14.215909, 240.144341
13.670832, 241.902316
13.127265, 243.670322
12.585256, 245.449599
12.044856, 247.241601
11.506115, 249.048039
10.969086, 250.870949
10.433827, 252.712765
9.900396, 254.576425
9.368857, 256.465508
8.839279, 258.384415
8.311738, 260.338626
7.786320, 262.335041
7.263125, 264.382480
6.742270, 266.492389
6.223896, 268.679892
5.708182, 270.965392
5.195361, 273.377065
4.685747, 275.954915
4.179785, 278.757621
3.678137, 281.874661
3.181847, 285.449051
2.692678, 289.722896
2.213861, 295.136030
1.751984, 302.558211
1.322299, 313.868523
0.965049, 333.183493
0.781615, 5.571454
0.883238, 40.983271
1.196496, 63.801252
1.599382, 76.886261
2.037616, 85.179405
2.491102, 91.060065
2.951520, 95.608193
3.414930, 99.355538
3.879245, 102.588040
4.343260, 105.471402
4.806225, 108.107696
5.267646, 110.563008
5.727179, 112.881916
6.184575, 115.095537
6.639648, 117.226233
7.092249, 119.290472
7.542261, 121.300647
7.989586, 123.266258
8.434139, 125.194707
8.875848, 127.091848
9.314649, 128.962367
9.750483, 130.810061
10.183297, 132.638041
10.613041, 134.448874
11.039670, 136.244704
11.463140, 138.027330
11.883409, 139.798275
12.300438, 141.558837
12.714188, 143.310129
13.124623, 145.053109
13.531707, 146.788609
13.935404, 148.517352
14.335682, 150.239971
14.732506, 151.957024
15.125844, 153.669002
15.515665, 155.376338
15.901938, 157.079419
16.284631, 158.778591
16.663714, 160.474161
17.039158, 162.166407
17.410934, 163.855576
17.779012, 165.541894
18.143365, 167.225564
18.503964, 168.906769
18.860782, 170.585678
19.213791, 172.262444
19.562965, 173.937204
19.908277, 175.610087
20.249701, 177.281209
20.587212, 178.950678
20.920783, 180.618592
21.250391, 182.285041
21.576009, 183.950110
21.897614, 185.613876
22.215182, 187.276411
22.528689, 188.937781
22.838111, 190.598047
23.143425, 192.257268
23.444609, 193.915496
23.741641, 195.572781
24.034497, 197.229169
24.323157, 198.884705
24.607599, 200.539427
24.887801, 202.193375
25.163743, 203.846583
25.435405, 205.499085
25.702767, 207.150912
25.965808, 208.802094
26.224509, 210.452658
26.478851, 212.102629
26.728815, 213.752033
26.974383, 215.400893
27.215537, 217.049230
27.452258, 218.697066
27.684529, 220.344418
27.912334, 221.991306
28.135654, 223.637747
28.354475, 225.283757
28.568779, 226.929353
28.778551, 228.574548
28.983775, 230.219356
29.184436, 231.863792
29.380520, 233.507868
29.572012, 235.151594
29.758897, 236.794984
29.941163, 238.438048
30.118795, 240.080795
30.291780, 241.723236
30.460106, 243.365380
30.623761, 245.007236
30.782732, 246.648812
30.937007, 248.290116
31.086576, 249.931156
31.231427, 251.571939
31.371550, 253.212472
31.506933, 254.852762
31.637568, 256.492815
31.763444, 258.132637
31.884553, 259.772233
32.000885, 261.411610
32.112433, 263.050772
32.219186, 264.689724
32.321139, 266.328470
32.418282, 267.967017
32.510610, 269.605366
32.598115, 271.243524
32.680792, 272.881493
32.758632, 274.519277
32.831632, 276.156880
32.899786, 277.794305
32.963088, 279.431555
33.021534, 281.068633
33.075120, 282.705542
33.123841, 284.342285
33.167695, 285.978863
33.206677, 287.615281
33.240786, 289.251538
33.270017, 290.887639
33.294371, 292.523584
33.313843, 294.159375
33.328434, 295.795015
33.338142, 297.430505
33.342966, 299.065845
33.342906, 300.701038
33.337962, 302.336085
33.328134, 303.970987
33.313422, 305.605744
33.293829, 307.240358
33.269356, 308.874830
33.240003, 310.509159
33.205774, 312.143347
33.166670, 313.777393
33.122695, 315.411299
33.073852, 317.045064
33.020145, 318.678688
32.961577, 320.312172
32.898153, 321.945515
32.829876, 323.578717
32.756754, 325.211777
32.678789, 326.844695
32.595990, 328.477470
32.508360, 330.110102
32.415908, 331.742590
32.318639, 333.374932
32.216560, 335.007127
32.109680, 336.639175
31.998006, 338.271073
31.881547, 339.902821
31.760309, 341.534416
31.634304, 343.165856
31.503540, 344.797140
31.368025, 346.428266
31.227772, 348.059230
31.082789, 349.690031
30.933087, 351.320665
30.778677, 352.951130
30.619571, 354.581423
30.455781, 356.211541
30.287317, 357.841479
30.114194, 359.471234
29.936422, 1.100802
29.754016, 2.730179
29.566988, 4.359360
29.375353, 5.988341
29.179125, 7.617116
28.978317, 9.245679
28.772945, 10.874026
28.563024, 12.502150
28.348569, 14.130044
28.129595, 15.757702
27.906120, 17.385117
27.678158, 19.012279
27.445728, 20.639183
27.208846, 22.265818
26.967529, 23.892175
26.721795, 25.518245
26.471663, 27.144017
26.217150, 28.769479
25.958275, 30.394621
25.695058, 32.019429
25.427517, 33.643891
25.155673, 35.267991
24.879544, 36.891714
24.599153, 38.515044
24.314518, 40.137964
24.025661, 41.760456
23.732604, 43.382498
23.435367, 45.004070
23.133973, 46.625148
22.828444, 48.245709
22.518802, 49.865725
22.205071, 51.485169
21.887272, 53.104010
21.565430, 54.722214
21.239568, 56.339746
20.909711, 57.956568
20.575882, 59.572638
20.238107, 61.187909
19.896409, 62.802334
19.550815, 64.415859
19.201350, 66.028425
18.848040, 67.639969
18.490910, 69.250421
18.129988, 70.859704
17.765299, 72.467735
17.396872, 74.074421
17.024733, 75.679661
16.648910, 77.283342
16.269432, 78.885339
15.886325, 80.485513
15.499620, 82.083708
15.109344, 83.679753
14.715527, 85.273453
14.318199, 86.864588
13.917390, 88.452912
13.513129, 90.038144
13.105449, 91.619965
12.694379, 93.198011
12.279952, 94.771862
11.862199, 96.341034
11.441153, 97.904964
11.016847, 99.462997
10.589314, 101.014361
10.158590, 102.558144
9.724710, 104.093261
9.287709, 105.618405
8.847626, 107.131994
8.404498, 108.632094
7.958367, 110.116311
7.509276, 111.581649
7.057270, 113.024308
6.602399, 114.439395
6.144719, 115.820502
5.684292, 117.159069
5.221192, 118.443401
4.755508, 119.657091
4.287357, 120.776395
3.816894, 121.765614
3.344347, 122.568544
2.870071, 123.091373
2.394684, 123.165257
1.919385, 122.453866
1.446919, 120.184233
0.985243, 114.157740
0.568256, 95.845705
0.396977, 39.172054
0.694268, 356.388051
1.141639, 343.866198
1.621309, 339.459655
2.113024, 337.818637
2.611292, 337.410229
3.114047, 337.651979
3.620330, 338.277116
4.129626, 339.146845
4.641628, 340.181998
5.156132, 341.334184
5.672993, 342.572179
6.192102, 343.874943
6.713371, 345.227788
7.236725, 346.620149
7.762100, 348.044235
8.289437, 349.494175
8.818682, 350.965460
9.349784, 352.454573
9.882695, 353.958727
10.417368, 355.475688
10.953758, 357.003641
11.491820, 358.541100
12.031511, 0.086835
12.572787, 1.639819
13.115607, 3.199186
13.659927, 4.764205
14.205707, 6.334252
14.752903, 7.908791
15.301474, 9.487359
15.851379, 11.069554
16.402576, 12.655028
16.955024, 14.243473
17.508681, 15.834621
18.063506, 17.428234
18.619458, 19.024101
19.176495, 20.622034
19.734576, 22.221866
20.293659, 23.823447
20.853703, 25.426643
21.414667, 27.031333
21.976508, 28.637407
22.539187, 30.244767
23.102660, 31.853322
23.666886, 33.462992
24.231825, 35.073700
24.797433, 36.685381
25.363670, 38.297971
25.930494, 39.911413
26.497863, 41.525655
27.065735, 43.140650
27.634069, 44.756351
28.202823, 46.372719
28.771955, 47.989715
29.341422, 49.607305
29.911185, 51.225455
30.481199, 52.844135
31.051425, 54.463318
31.621819, 56.082977
32.192340, 57.703088
32.762946, 59.323628
33.333595, 60.944575
33.904245, 62.565910
34.474854, 64.187613
35.045381, 65.809669
35.615784, 67.432059
36.186020, 69.054769
36.756048, 70.677784
37.325827, 72.301090
37.895313, 73.924676
38.464467, 75.548527
39.033244, 77.172634
39.601605, 78.796985
40.169508, 80.421569
40.736910, 82.046379
41.303770, 83.671403
41.870047, 85.296634
42.435698, 86.922063
43.000684, 88.547683
43.564961, 90.173485
44.128489, 91.799464
44.691227, 93.425613
45.253133, 95.051924
45.814166, 96.678392
46.374285, 98.305012
46.933448, 99.931777
47.491615, 101.558683
48.048746, 103.185725
48.604798, 104.812897
49.159731, 106.440196
49.713505, 108.067616
50.266080, 109.695154
50.817413, 111.322806
51.367466, 112.950568
51.916198, 114.578436
52.463568, 116.206407
53.009536, 117.834478
53.554063, 119.462645
54.097109, 121.090905
54.638633, 122.719255
55.178596, 124.347693
55.716959, 125.976216
56.253681, 127.604820
56.788725, 129.233505
57.322049, 130.862267
57.853617, 132.491103
58.383387, 134.120012
58.911322, 135.748992
59.437383, 137.378040
59.961531, 139.007155
60.483728, 140.636334
61.003936, 142.265576
61.522116, 143.894879
62.038231, 145.524241
62.552243, 147.153661
63.064113, 148.783137
63.573805, 150.412667
64.081281, 152.042250
64.586505, 153.671884
65.089438, 155.301569
65.590044, 156.931302
66.088287, 158.561083
66.584129, 160.190910
67.077535, 161.820781
67.568469, 163.450697
68.056894, 165.080655
68.542774, 166.710655
69.026075, 168.340695
69.506760, 169.970775
69.984795, 171.600893
70.460144, 173.231049
70.932772, 174.861241
71.402646, 176.491469
71.869730, 178.121731
72.333990, 179.752027
72.795392, 181.382357
73.253902, 183.012718
73.709488, 184.643111
74.162115, 186.273535
74.611750, 187.903988
75.058360, 189.534471
75.501913, 191.164982
75.942376, 192.795521
76.379716, 194.426087
76.813903, 196.056679
77.244903, 197.687298
77.672686, 199.317941
78.097219, 200.948610
78.518473, 202.579302
78.936415, 204.210018
79.351016, 205.840757
79.762245, 207.471518
80.170071, 209.102301
80.574466, 210.733106
80.975399, 212.363932
81.372841, 213.994778
81.766763, 215.625644
82.157135, 217.256529
82.543931, 218.887434
82.927120, 220.518357
83.306675, 222.149298
83.682568, 223.780257
84.054771, 225.411234
84.423258, 227.042227
84.788002, 228.673237
85.148975, 230.304263
85.506151, 231.935305
85.859504, 233.566363
86.209008, 235.197436
86.554637, 236.828523
86.896367, 238.459625
87.234171, 240.090741
87.568026, 241.721871
87.897907, 243.353014
88.223789, 244.984171
88.545650, 246.615340
88.863464, 248.246522
89.177210, 249.877716
89.486863, 251.508922
89.792402, 253.140140
90.093803, 254.771370
90.391045, 256.402610
90.684106, 258.033861
90.972965, 259.665124
91.257600, 261.296396
91.537991, 262.927679
91.814116, 264.558971
92.085957, 266.190273
92.353492, 267.821585
92.616702, 269.452906
92.875568, 271.084235
93.130071, 272.715574
93.380192, 274.346921
93.625913, 275.978276
93.867217, 277.609640
94.104084, 279.241011
94.336499, 280.872390
94.564443, 282.503777
94.787900, 284.135171
95.006854, 285.766571
95.221289, 287.397979
95.431189, 289.029394
95.636539, 290.660815
95.837323, 292.292242
96.033528, 293.923676
96.225137, 295.555116
96.412139, 297.186561
96.594518, 298.818012
96.772261, 300.449468
96.945356, 302.080930
97.113789, 303.712397
97.277549, 305.343869
97.436623, 306.975345
97.591000, 308.606827
97.740669, 310.238312
97.885617, 311.869802
98.025836, 313.501297
98.161314, 315.132795
98.292042, 316.764297
98.418009, 318.395802
98.539208, 320.027312
98.655628, 321.658824
98.767262, 323.290340
98.874101, 324.921859
98.976138, 326.553381
99.073364, 328.184906
99.165773, 329.816433
99.253358, 331.447963
99.336113, 333.079496
99.414031, 334.711030
99.487107, 336.342567
99.555335, 337.974106
99.618711, 339.605646
99.677230, 341.237188
99.730887, 342.868732
99.779679, 344.500277
99.823601, 346.131823
99.862652, 347.763371
99.896828, 349.394919
99.926126, 351.026469
99.950544, 352.658019
99.970081, 354.289570
99.984734, 355.921121
99.994504, 357.552672
99.999389, 359.184224
99.999389, 0.815776
99.994504, 2.447328
99.984734, 4.078879
99.970081, 5.710430
99.950544, 7.341981
99.926126, 8.973531
99.896828, 10.605081
99.862652, 12.236629
99.823601, 13.868177
99.779679, 15.499723
99.730887, 17.131268
99.677230, 18.762812
99.618711, 20.394354
99.555335, 22.025894
99.487107, 23.657433
99.414031, 25.288970
99.336113, 26.920504
99.253358, 28.552037
99.165773, 30.183567
99.073364, 31.815094
98.976138, 33.446619
98.874101, 35.078141
98.767262, 36.709660
98.655628, 38.341176
98.539208, 39.972688
98.418009, 41.604198
98.292042, 43.235703
98.161314, 44.867205
98.025836, 46.498703
97.885617, 48.130198
97.740669, 49.761688
97.591000, 51.393173
97.436623, 53.024655
97.277549, 54.656131
97.113789, 56.287603
96.945356, 57.919070
96.772261, 59.550532
96.594518, 61.181988
96.412139, 62.813439
96.225137, 64.444884
96.033528, 66.076324
95.837323, 67.707758
95.636539, 69.339185
95.431189, 70.970606
95.221289, 72.602021
95.006854, 74.233429
94.787900, 75.864829
94.564443, 77.496223
94.336499, 79.127610
94.104084, 80.758989
93.867217, 82.390360
93.625913, 84.021724
93.380192, 85.653079
93.130071, 87.284426
92.875568, 88.915765
92.616702, 90.547094
92.353492, 92.178415
92.085957, 93.809727
91.814116, 95.441029
91.537991, 97.072321
91.257600, 98.703604
90.972965, 100.334876
90.684106, 101.966139
90.391045, 103.597390
90.093803, 105.228630
89.792402, 106.859860
89.486863, 108.491078
89.177210, 110.122284
88.863464, 111.753478
88.545650, 113.384660
88.223789, 115.015829
87.897907, 116.646986
87.568026, 118.278129
87.234171, 119.909259
86.896367, 121.540375
86.554637, 123.171477
86.209008, 124.802564
85.859504, 126.433637
85.506151, 128.064695
85.148975, 129.695737
84.788002, 131.326763
84.423258, 132.957773
84.054771, 134.588766
83.682568, 136.219743
83.306675, 137.850702
82.927120, 139.481643
82.543931, 141.112566
82.157135, 142.743471
81.766763, 144.374356
81.372841, 146.005222
80.975399, 147.636068
80.574466, 149.266894
80.170071, 150.897699
79.762245, 152.528482
79.351016, 154.159243
78.936415, 155.789982
78.518473, 157.420698
78.097219, 159.051390
77.672686, 160.682059
77.244903, 162.312702
76.813903, 163.943321
76.379716, 165.573913
75.942376, 167.204479
75.501913, 168.835018
75.058360, 170.465529
74.611750, 172.096012
74.162115, 173.726465
73.709488, 175.356889
73.253902, 176.987282
72.795392, 178.617643
72.333990, 180.247973
71.869730, 181.878269
71.402646, 183.508531
70.932772, 185.138759
70.460144, 186.768951
69.984795, 188.399107
69.506760, 190.029225
69.026075, 191.659305
68.542774, 193.289345
68.056894, 194.919345
67.568469, 196.549303
67.077535, 198.179219
66.584129, 199.809090
66.088287, 201.438917
65.590044, 203.068698
65.089438, 204.698431
64.586505, 206.328116
64.081281, 207.957750
63.573805, 209.587333
63.064113, 211.216863
62.552243, 212.846339
62.038231, 214.475759
61.522116, 216.105121
61.003936, 217.734424
60.483728, 219.363666
59.961531, 220.992845
59.437383, 222.621960
58.911322, 224.251008
58.383387, 225.879988
57.853617, 227.508897
57.322049, 229.137733
56.788725, 230.766495
56.253681, 232.395180
55.716959, 234.023784
55.178596, 235.652307
54.638633, 237.280745
54.097109, 238.909095
53.554063, 240.537355
53.009536, 242.165522
52.463568, 243.793593
51.916198, 245.421564
51.367466, 247.049432
50.817413, 248.677194
50.266080, 250.304846
49.713505, 251.932384
49.159731, 253.559804
48.604798, 255.187103
48.048746, 256.814275
47.491615, 258.441317
46.933448, 260.068223
46.374285, 261.694988
45.814166, 263.321608
45.253133, 264.948076
44.691227, 266.574387
44.128489, 268.200536
43.564961, 269.826515
43.000684, 271.452317
42.435698, 273.077937
41.870047, 274.703366
41.303770, 276.328597
40.736910, 277.953621
40.169508, 279.578431
39.601605, 281.203015
39.033244, 282.827366
38.464467, 284.451473
37.895313, 286.075324
37.325827, 287.698910
36.756048, 289.322216
36.186020, 290.945231
35.615784, 292.567941
35.045381, 294.190331
34.474854, 295.812387
33.904245, 297.434090
33.333595, 299.055425
32.762946, 300.676372
32.192340, 302.296912
31.621819, 303.917023
31.051425, 305.536682
30.481199, 307.155865
29.911185, 308.774545
29.341422, 310.392695
28.771955, 312.010285
28.202823, 313.627281
27.634069, 315.243649
27.065735, 316.859350
26.497863, 318.474345
25.930494, 320.088587
25.363670, 321.702029
24.797433, 323.314619
24.231825, 324.926300
23.666886, 326.537008
23.102660, 328.146678
22.539187, 329.755233
21.976508, 331.362593
21.414667, 332.968667
20.853703, 334.573357
20.293659, 336.176553
19.734576, 337.778134
19.176495, 339.377966
18.619458, 340.975899
18.063506, 342.571766
17.508681, 344.165379
16.955024, 345.756527
16.402576, 347.344972
15.851379, 348.930446
15.301474, 350.512641
14.752903, 352.091209
14.205707, 353.665748
13.659927, 355.235795
13.115607, 356.800814
12.572787, 358.360181
12.031511, 359.913165
11.491820, 1.458900
10.953758, 2.996359
10.417368, 4.524312
9.882695, 6.041273
9.349784, 7.545427
8.818682, 9.034540
8.289437, 10.505825
7.762100, 11.955765
7.236725, 13.379851
6.713371, 14.772212
6.192102, 16.125057
5.672993, 17.427821
5.156132, 18.665816
4.641628, 19.818002
4.129626, 20.853155
3.620330, 21.722884
3.114047, 22.348021
2.611292, 22.589771
2.113024, 22.181363
1.621309, 20.540345
1.141639, 16.133802
0.694268, 3.611949
0.396977, 320.827946
0.568256, 264.154295
0.985243, 245.842260
1.446919, 239.815767
1.919385, 237.546134
2.394684, 236.834743
2.870071, 236.908627
3.344347, 237.431456
3.816894, 238.234386
4.287357, 239.223605
4.755508, 240.342909
5.221192, 241.556599
5.684292, 242.840931
6.144719, 244.179498
6.602399, 245.560605
7.057270, 246.975692
7.509276, 248.418351
7.958367, 249.883689
8.404498, 251.367906
8.847626, 252.868006
9.287709, 254.381595
9.724710, 255.906739
10.158590, 257.441856
10.589314, 258.985639
11.016847, 260.537003
11.441153, 262.095036
11.862199, 263.658966
12.279952, 265.228138
12.694379, 266.801989
13.105449, 268.380035
13.513129, 269.961856
13.917390, 271.547088
14.318199, 273.135412
14.715527, 274.726547
15.109344, 276.320247
15.499620, 277.916292
15.886325, 279.514487
16.269432, 281.114661
16.648910, 282.716658
17.024733, 284.320339
17.396872, 285.925579
17.765299, 287.532265
18.129988, 289.140296
18.490910, 290.749579
18.848040, 292.360031
19.201350, 293.971575
19.550815, 295.584141
19.896409, 297.197666
20.238107, 298.812091
20.575882, 300.427362
20.909711, 302.043432
21.239568, 303.660254
21.565430, 305.277786
21.887272, 306.895990
22.205071, 308.514831
22.518802, 310.134275
22.828444, 311.754291
23.133973, 313.374852
23.435367, 314.995930
23.732604, 316.617502
24.025661, 318.239544
24.314518, 319.862036
24.599153, 321.484956
24.879544, 323.108286
25.155673, 324.732009
25.427517, 326.356109
25.695058, 327.980571
25.958275, 329.605379
26.217150, 331.230521
26.471663, 332.855983
26.721795, 334.481755
26.967529, 336.107825
27.208846, 337.734182
27.445728, 339.360817
27.678158, 340.987721
27.906120, 342.614883
28.129595, 344.242298
28.348569, 345.869956
28.563024, 347.497850
28.772945, 349.125974
28.978317, 350.754321
29.179125, 352.382884
29.375353, 354.011659
29.566988, 355.640640
29.754016, 357.269821
29.936422, 358.899198
30.114194, 0.528766
30.287317, 2.158521
30.455781, 3.788459
30.619571, 5.418577
30.778677, 7.048870
30.933087, 8.679335
31.082789, 10.309969
31.227772, 11.940770
31.368025, 13.571734
31.503540, 15.202860
31.634304, 16.834144
31.760309, 18.465584
31.881547, 20.097179
31.998006, 21.728927
32.109680, 23.360825
32.216560, 24.992873
32.318639, 26.625068
32.415908, 28.257410
32.508360, 29.889898
32.595990, 31.522530
32.678789, 33.155305
32.756754, 34.788223
32.829876, 36.421283
32.898153, 38.054485
32.961577, 39.687828
33.020145, 41.321312
33.073852, 42.954936
33.122695, 44.588701
33.166670, 46.222607
33.205774, 47.856653
33.240003, 49.490841
33.269356, 51.125170
33.293829, 52.759642
33.313422, 54.394256
33.328134, 56.029013
33.337962, 57.663915
33.342906, 59.298962
33.342966, 60.934155
33.338142, 62.569495
33.328434, 64.204985
33.313843, 65.840625
33.294371, 67.476416
33.270017, 69.112361
33.240786, 70.748462
33.206677, 72.384719
33.167695, 74.021137
33.123841, 75.657715
33.075120, 77.294458
33.021534, 78.931367
32.963088, 80.568445
32.899786, 82.205695
32.831632, 83.843120
32.758632, 85.480723
32.680792, 87.118507
32.598115, 88.756476
32.510610, 90.394634
32.418282, 92.032983
32.321139, 93.671530
32.219186, 95.310276
32.112433, 96.949228
32.000885, 98.588390
31.884553, 100.227767
31.763444, 101.867363
31.637568, 103.507185
31.506933, 105.147238
31.371550, 106.787528
31.231427, 108.428061
31.086576, 110.068844
30.937007, 111.709884
30.782732, 113.351188
30.623761, 114.992764
30.460106, 116.634620
30.291780, 118.276764
30.118795, 119.919205
29.941163, 121.561952
29.758897, 123.205016
29.572012, 124.848406
29.380520, 126.492132
29.184436, 128.136208
28.983775, 129.780644
28.778551, 131.425452
28.568779, 133.070647
28.354475, 134.716243
28.135654, 136.362253
27.912334, 138.008694
27.684529, 139.655582
27.452258, 141.302934
27.215537, 142.950770
26.974383, 144.599107
26.728815, 146.247967
26.478851, 147.897371
26.224509, 149.547342
25.965808, 151.197906
25.702767, 152.849088
25.435405, 154.500915
25.163743, 156.153417
24.887801, 157.806625
24.607599, 159.460573
24.323157, 161.115295
24.034497, 162.770831
23.741641, 164.427219
23.444609, 166.084504
23.143425, 167.742732
22.838111, 169.401953
22.528689, 171.062219
22.215182, 172.723589
21.897614, 174.386124
21.576009, 176.049890
21.250391, 177.714959
20.920783, 179.381408
20.587212, 181.049322
20.249701, 182.718791
19.908277, 184.389913
19.562965, 186.062796
19.213791, 187.737556
18.860782, 189.414322
18.503964, 191.093231
18.143365, 192.774436
17.779012, 194.458106
17.410934, 196.144424
17.039158, 197.833593
16.663714, 199.525839
16.284631, 201.221409
15.901938, 202.920581
15.515665, 204.623662
15.125844, 206.330998
14.732506, 208.042976
14.335682, 209.760029
13.935404, 211.482648
13.531707, 213.211391
13.124623, 214.946891
12.714188, 216.689871
12.300438, 218.441163
11.883409, 220.201725
11.463140, 221.972670
11.039670, 223.755296
10.613041, 225.551126
10.183297, 227.361959
9.750483, 229.189939
9.314649, 231.037633
8.875848, 232.908152
8.434139, 234.805293
7.989586, 236.733742
7.542261, 238.699353
7.092249, 240.709528
6.639648, 242.773767
6.184575, 244.904463
5.727179, 247.118084
5.267646, 249.436992
4.806225, 251.892304
4.343260, 254.528598
3.879245, 257.411960
3.414930, 260.644462
2.951520, 264.391807
2.491102, 268.939935
2.037616, 274.820595
1.599382, 283.113739
1.196496, 296.198748
0.883238, 319.016729
0.781615, 354.428546
0.965049, 26.816507
1.322299, 46.131477
1.751984, 57.441789
2.213861, 64.863970
2.692678, 70.277104
3.181847, 74.550949
3.678137, 78.125339
4.179785, 81.242379
4.685747, 84.045085
5.195361, 86.622935
5.708182, 89.034608
6.223896, 91.320108
6.742270, 93.507611
7.263125, 95.617520
7.786320, 97.664959
8.311738, 99.661374
8.839279, 101.615585
9.368857, 103.534492
9.900396, 105.423575
10.433827, 107.287235
10.969086, 109.129051
11.506115, 110.951961
12.044856, 112.758399
12.585256, 114.550401
13.127265, 116.329678
13.670832, 118.097684
14.215909, 119.855659
14.762449, 121.604667
15.310405, 123.345627
15.859732, 125.079338
16.410384, 126.806495
16.962318, 128.527709
17.515489, 130.243514
18.069853, 131.954386
18.625367, 133.660744
19.181987, 135.362962
19.739671, 137.061373
20.298375, 138.756276
20.858057, 140.447940
21.418673, 142.136606
21.980182, 143.822493
22.542541, 145.505796
23.105707, 147.186697
23.669638, 148.865358
24.234292, 150.541928
24.799626, 152.216541
25.365598, 153.889324
25.932165, 155.560389
26.499286, 157.229841
27.066919, 158.897776
27.635020, 160.564284
28.203548, 162.229446
28.772461, 163.893339
29.341716, 165.556032
29.911272, 167.217590
30.481085, 168.878074
31.051115, 170.537541
31.621318, 172.196043
32.191653, 173.853628
32.762078, 175.510342
33.332550, 177.166229
33.903027, 178.821326
34.473468, 180.475673
35.043830, 182.129305
35.614071, 183.782253
36.184149, 185.434549
36.754023, 187.086221
37.323649, 188.737299
37.892988, 190.387806
38.461995, 192.037767
39.030630, 193.687206
39.598851, 195.336143
40.166616, 196.984600
40.733883, 198.632595
41.300611, 200.280148
41.866757, 201.927274
42.432281, 203.573992
42.997141, 205.220316
43.561294, 206.866261
44.124701, 208.511841
44.687318, 210.157070
45.249106, 211.801960
45.810023, 213.446524
46.370027, 215.090773
46.929078, 216.734718
47.487134, 218.378370
48.044155, 220.021737
48.600099, 221.664831
49.154926, 223.307660
49.708595, 224.950233
50.261065, 226.592558
50.812296, 228.234643
51.362248, 229.876496
51.910880, 231.518124
52.458152, 233.159534
53.004023, 234.800732
53.548454, 236.441725
54.091404, 238.082520
54.632835, 239.723122
55.172705, 241.363536
55.710976, 243.003769
56.247608, 244.643825
56.782562, 246.283709
57.315798, 247.923427
57.847277, 249.562982
58.376961, 251.202379
58.904810, 252.841624
59.430786, 254.480718
59.954850, 256.119668
60.476964, 257.758476
60.997089, 259.397146
61.515188, 261.035681
62.031222, 262.674086
62.545153, 264.312363
63.056945, 265.950516
63.566558, 267.588547
64.073957, 269.226460
64.579103, 270.864258
65.081960, 272.501943
65.582491, 274.139517
66.080658, 275.776984
66.576427, 277.414346
67.069759, 279.051606
67.560620, 280.688765
68.048972, 282.325826
68.534781, 283.962791
69.018011, 285.599662
69.498625, 287.236442
69.976590, 288.873132
70.451870, 290.509733
70.924429, 292.146249
71.394234, 293.782681
71.861250, 295.419030
72.325443, 297.055298
72.786779, 298.691487
##END=
