##TITLE= Parameter file, TopSpin 4.3.0
##JCAMPDX= 5.0
##DATATYPE= Parameter Values
##ORIGIN= Bruker BioSpin GmbH
##OWNER= nmrsu
$$ 2024-05-09 12:39:58.508 +0100  nmrsu@4CE1161FJM
$$ C:/Bruker/TopSpin4.3.0/exp/stan/nmr/lists/wave/user/multisupp_aux_d8
$$ process C:\Bruker\TopSpin4.3.0\prog\mod\xwinshape.exe
##MINX= 0.40904700
##MAXX= 99.99938900
##MINY= 0.50197500
##MAXY= 359.49802500
##$SHAPE_ADDPHASE= 0
##$SHAPE_AMP= 99.99938933
##$SHAPE_BWFAC= 0
##$SHAPE_BWFAC50= 0
##$SHAPE_CALCBW= yes
##$SHAPE_CALCINTEG= yes
##$SHAPE_EXMODE= <Excitation>
##$SHAPE_EXPAND= <>
##$SHAPE_EXPANDCF= (0..143)
0 0 0 0 0 0 0 0 0 0 0 0 0 0 0 0 0 0 0 0 0 0 0 0 0 0 0 0 0 0 0 0 0 0 0 0
0 0 0 0 0 0 0 0 0 0 0 0 0 0 0 0 0 0 0 0 0 0 0 0 0 0 0 0 0 0 0 0 0 0 0 0
0 0 0 0 0 0 0 0 0 0 0 0 0 0 0 0 0 0 0 0 0 0 0 0 0 0 0 0 0 0 0 0 0 0 0 0
0 0 0 0 0 0 0 0 0 0 0 0 0 0 0 0 0 0 0 0 0 0 0 0 0 0 0 0 0 0 0 0 0 0 0 0
##$SHAPE_EXPFAC= 0
##$SHAPE_FRACEND= 0
##$SHAPE_FRACORG= 0
##$SHAPE_FRACSTART= 0
##$SHAPE_INTEGFAC= 0
##$SHAPE_KEEPRES= yes
##$SHAPE_LENGTH= 25000.000373
##$SHAPE_MAN= <M>
##$SHAPE_MODE= 3
##$SHAPE_MODFREQ= 0
##$SHAPE_MODPHASE= 0
##$SHAPE_MODSCALE= 0
##$SHAPE_MODSW= 0
##$SHAPE_MODSWDIR= -1
##$SHAPE_NPOINTS= 1250
##$SHAPE_OFFS= <1 3>
##$SHAPE_OFFSCOEFF= (0..95)
-157.42242 0 100 -225.1515 0 100 -293.66489 0 100 0 0 0 0 0 0 0 0 0 0 0
0 0 0 0 0 0 0 0 0 0 0 0 0 0 0 0 0 0 0 0 0 0 0 0 0 0 0 0 0 0 0 0 0 0 0 0
0 0 0 0 0 0 0 0 0 0 0 0 0 0 0 0 0 0 0 0 0 0 0 0 0 0 0 0 0 0 0 0 0 0 0 0
0 0 0 0
##$SHAPE_PARAMETER= <>
##$SHAPE_REPHFAC= 0
##$SHAPE_RES= 0
##$SHAPE_SCALEFAC= 1.00000611
##$SHAPE_SCALETYPE= 0
##$SHAPE_SPOAL= 0
##$SHAPE_SPOFFS= 0
##$SHAPE_SPOPH= 0
##$SHAPE_TOTROT= 90
##$SHAPE_TYPE= <Excitation>
##$SHAPE_USER_DEF= <>
##$SHAPE_VERSION= 2.1
##$SHL_ADDPHASE= (0..15)
0 0 0 0 0 0 0 0 0 0 0 0 0 0 0 0
##$SHL_ALIGNOFFSET= (0..15)
0 0 0 0 0 0 0 0 0 0 0 0 0 0 0 0
##$SHL_AMP= (0..15)
100 0 0 0 0 0 0 0 0 0 0 0 0 0 0 0
##$SHL_AMPFAC= (0..15)
0 0 0 0 0 0 0 0 0 0 0 0 0 0 0 0
##$SHL_BETA= (0..15)
0 0 0 0 0 0 0 0 0 0 0 0 0 0 0 0
##$SHL_BWFAC= (0..15)
1.116 0 0 0 0 0 0 0 0 0 0 0 0 0 0 0
##$SHL_CALCBW= (0..15)
yes yes yes yes yes yes yes yes yes yes yes yes yes yes yes yes
##$SHL_CALCINTEG= (0..15)
yes yes yes yes yes yes yes yes yes yes yes yes yes yes yes yes
##$SHL_CENTERAMP= (0..15)
0 0 0 0 0 0 0 0 0 0 0 0 0 0 0 0
##$SHL_CYCNUM= (0..15)
0 0 0 0 0 0 0 0 0 0 0 0 0 0 0 0
##$SHL_DIPOLCPL= (0..15)
0 0 0 0 0 0 0 0 0 0 0 0 0 0 0 0
##$SHL_ENDAMP= (0..15)
0 0 0 0 0 0 0 0 0 0 0 0 0 0 0 0
##$SHL_EXMODE= (0..15)
<Excitation> <> <> <> <> <> <> <> <> <> <> <> <> <> <> <>
##$SHL_EXPAND= (0..15)
<> <> <> <> <> <> <> <> <> <> <> <> <> <> <> <>
##$SHL_EXPANDCF0= (0..143)
0 0 0 0 0 0 0 0 0 0 0 0 0 0 0 0 0 0 0 0 0 0 0 0 0 0 0 0 0 0 0 0 0 0 0 0
0 0 0 0 0 0 0 0 0 0 0 0 0 0 0 0 0 0 0 0 0 0 0 0 0 0 0 0 0 0 0 0 0 0 0 0
0 0 0 0 0 0 0 0 0 0 0 0 0 0 0 0 0 0 0 0 0 0 0 0 0 0 0 0 0 0 0 0 0 0 0 0
0 0 0 0 0 0 0 0 0 0 0 0 0 0 0 0 0 0 0 0 0 0 0 0 0 0 0 0 0 0 0 0 0 0 0 0
##$SHL_EXPANDCF1= (0..143)
0 0 0 0 0 0 0 0 0 0 0 0 0 0 0 0 0 0 0 0 0 0 0 0 0 0 0 0 0 0 0 0 0 0 0 0
0 0 0 0 0 0 0 0 0 0 0 0 0 0 0 0 0 0 0 0 0 0 0 0 0 0 0 0 0 0 0 0 0 0 0 0
0 0 0 0 0 0 0 0 0 0 0 0 0 0 0 0 0 0 0 0 0 0 0 0 0 0 0 0 0 0 0 0 0 0 0 0
0 0 0 0 0 0 0 0 0 0 0 0 0 0 0 0 0 0 0 0 0 0 0 0 0 0 0 0 0 0 0 0 0 0 0 0
##$SHL_EXPANDCF10= (0..143)
0 0 0 0 0 0 0 0 0 0 0 0 0 0 0 0 0 0 0 0 0 0 0 0 0 0 0 0 0 0 0 0 0 0 0 0
0 0 0 0 0 0 0 0 0 0 0 0 0 0 0 0 0 0 0 0 0 0 0 0 0 0 0 0 0 0 0 0 0 0 0 0
0 0 0 0 0 0 0 0 0 0 0 0 0 0 0 0 0 0 0 0 0 0 0 0 0 0 0 0 0 0 0 0 0 0 0 0
0 0 0 0 0 0 0 0 0 0 0 0 0 0 0 0 0 0 0 0 0 0 0 0 0 0 0 0 0 0 0 0 0 0 0 0
##$SHL_EXPANDCF11= (0..143)
0 0 0 0 0 0 0 0 0 0 0 0 0 0 0 0 0 0 0 0 0 0 0 0 0 0 0 0 0 0 0 0 0 0 0 0
0 0 0 0 0 0 0 0 0 0 0 0 0 0 0 0 0 0 0 0 0 0 0 0 0 0 0 0 0 0 0 0 0 0 0 0
0 0 0 0 0 0 0 0 0 0 0 0 0 0 0 0 0 0 0 0 0 0 0 0 0 0 0 0 0 0 0 0 0 0 0 0
0 0 0 0 0 0 0 0 0 0 0 0 0 0 0 0 0 0 0 0 0 0 0 0 0 0 0 0 0 0 0 0 0 0 0 0
##$SHL_EXPANDCF12= (0..143)
0 0 0 0 0 0 0 0 0 0 0 0 0 0 0 0 0 0 0 0 0 0 0 0 0 0 0 0 0 0 0 0 0 0 0 0
0 0 0 0 0 0 0 0 0 0 0 0 0 0 0 0 0 0 0 0 0 0 0 0 0 0 0 0 0 0 0 0 0 0 0 0
0 0 0 0 0 0 0 0 0 0 0 0 0 0 0 0 0 0 0 0 0 0 0 0 0 0 0 0 0 0 0 0 0 0 0 0
0 0 0 0 0 0 0 0 0 0 0 0 0 0 0 0 0 0 0 0 0 0 0 0 0 0 0 0 0 0 0 0 0 0 0 0
##$SHL_EXPANDCF13= (0..143)
0 0 0 0 0 0 0 0 0 0 0 0 0 0 0 0 0 0 0 0 0 0 0 0 0 0 0 0 0 0 0 0 0 0 0 0
0 0 0 0 0 0 0 0 0 0 0 0 0 0 0 0 0 0 0 0 0 0 0 0 0 0 0 0 0 0 0 0 0 0 0 0
0 0 0 0 0 0 0 0 0 0 0 0 0 0 0 0 0 0 0 0 0 0 0 0 0 0 0 0 0 0 0 0 0 0 0 0
0 0 0 0 0 0 0 0 0 0 0 0 0 0 0 0 0 0 0 0 0 0 0 0 0 0 0 0 0 0 0 0 0 0 0 0
##$SHL_EXPANDCF14= (0..143)
0 0 0 0 0 0 0 0 0 0 0 0 0 0 0 0 0 0 0 0 0 0 0 0 0 0 0 0 0 0 0 0 0 0 0 0
0 0 0 0 0 0 0 0 0 0 0 0 0 0 0 0 0 0 0 0 0 0 0 0 0 0 0 0 0 0 0 0 0 0 0 0
0 0 0 0 0 0 0 0 0 0 0 0 0 0 0 0 0 0 0 0 0 0 0 0 0 0 0 0 0 0 0 0 0 0 0 0
0 0 0 0 0 0 0 0 0 0 0 0 0 0 0 0 0 0 0 0 0 0 0 0 0 0 0 0 0 0 0 0 0 0 0 0
##$SHL_EXPANDCF15= (0..143)
0 0 0 0 0 0 0 0 0 0 0 0 0 0 0 0 0 0 0 0 0 0 0 0 0 0 0 0 0 0 0 0 0 0 0 0
0 0 0 0 0 0 0 0 0 0 0 0 0 0 0 0 0 0 0 0 0 0 0 0 0 0 0 0 0 0 0 0 0 0 0 0
0 0 0 0 0 0 0 0 0 0 0 0 0 0 0 0 0 0 0 0 0 0 0 0 0 0 0 0 0 0 0 0 0 0 0 0
0 0 0 0 0 0 0 0 0 0 0 0 0 0 0 0 0 0 0 0 0 0 0 0 0 0 0 0 0 0 0 0 0 0 0 0
##$SHL_EXPANDCF2= (0..143)
0 0 0 0 0 0 0 0 0 0 0 0 0 0 0 0 0 0 0 0 0 0 0 0 0 0 0 0 0 0 0 0 0 0 0 0
0 0 0 0 0 0 0 0 0 0 0 0 0 0 0 0 0 0 0 0 0 0 0 0 0 0 0 0 0 0 0 0 0 0 0 0
0 0 0 0 0 0 0 0 0 0 0 0 0 0 0 0 0 0 0 0 0 0 0 0 0 0 0 0 0 0 0 0 0 0 0 0
0 0 0 0 0 0 0 0 0 0 0 0 0 0 0 0 0 0 0 0 0 0 0 0 0 0 0 0 0 0 0 0 0 0 0 0
##$SHL_EXPANDCF3= (0..143)
0 0 0 0 0 0 0 0 0 0 0 0 0 0 0 0 0 0 0 0 0 0 0 0 0 0 0 0 0 0 0 0 0 0 0 0
0 0 0 0 0 0 0 0 0 0 0 0 0 0 0 0 0 0 0 0 0 0 0 0 0 0 0 0 0 0 0 0 0 0 0 0
0 0 0 0 0 0 0 0 0 0 0 0 0 0 0 0 0 0 0 0 0 0 0 0 0 0 0 0 0 0 0 0 0 0 0 0
0 0 0 0 0 0 0 0 0 0 0 0 0 0 0 0 0 0 0 0 0 0 0 0 0 0 0 0 0 0 0 0 0 0 0 0
##$SHL_EXPANDCF4= (0..143)
0 0 0 0 0 0 0 0 0 0 0 0 0 0 0 0 0 0 0 0 0 0 0 0 0 0 0 0 0 0 0 0 0 0 0 0
0 0 0 0 0 0 0 0 0 0 0 0 0 0 0 0 0 0 0 0 0 0 0 0 0 0 0 0 0 0 0 0 0 0 0 0
0 0 0 0 0 0 0 0 0 0 0 0 0 0 0 0 0 0 0 0 0 0 0 0 0 0 0 0 0 0 0 0 0 0 0 0
0 0 0 0 0 0 0 0 0 0 0 0 0 0 0 0 0 0 0 0 0 0 0 0 0 0 0 0 0 0 0 0 0 0 0 0
##$SHL_EXPANDCF5= (0..143)
0 0 0 0 0 0 0 0 0 0 0 0 0 0 0 0 0 0 0 0 0 0 0 0 0 0 0 0 0 0 0 0 0 0 0 0
0 0 0 0 0 0 0 0 0 0 0 0 0 0 0 0 0 0 0 0 0 0 0 0 0 0 0 0 0 0 0 0 0 0 0 0
0 0 0 0 0 0 0 0 0 0 0 0 0 0 0 0 0 0 0 0 0 0 0 0 0 0 0 0 0 0 0 0 0 0 0 0
0 0 0 0 0 0 0 0 0 0 0 0 0 0 0 0 0 0 0 0 0 0 0 0 0 0 0 0 0 0 0 0 0 0 0 0
##$SHL_EXPANDCF6= (0..143)
0 0 0 0 0 0 0 0 0 0 0 0 0 0 0 0 0 0 0 0 0 0 0 0 0 0 0 0 0 0 0 0 0 0 0 0
0 0 0 0 0 0 0 0 0 0 0 0 0 0 0 0 0 0 0 0 0 0 0 0 0 0 0 0 0 0 0 0 0 0 0 0
0 0 0 0 0 0 0 0 0 0 0 0 0 0 0 0 0 0 0 0 0 0 0 0 0 0 0 0 0 0 0 0 0 0 0 0
0 0 0 0 0 0 0 0 0 0 0 0 0 0 0 0 0 0 0 0 0 0 0 0 0 0 0 0 0 0 0 0 0 0 0 0
##$SHL_EXPANDCF7= (0..143)
0 0 0 0 0 0 0 0 0 0 0 0 0 0 0 0 0 0 0 0 0 0 0 0 0 0 0 0 0 0 0 0 0 0 0 0
0 0 0 0 0 0 0 0 0 0 0 0 0 0 0 0 0 0 0 0 0 0 0 0 0 0 0 0 0 0 0 0 0 0 0 0
0 0 0 0 0 0 0 0 0 0 0 0 0 0 0 0 0 0 0 0 0 0 0 0 0 0 0 0 0 0 0 0 0 0 0 0
0 0 0 0 0 0 0 0 0 0 0 0 0 0 0 0 0 0 0 0 0 0 0 0 0 0 0 0 0 0 0 0 0 0 0 0
##$SHL_EXPANDCF8= (0..143)
0 0 0 0 0 0 0 0 0 0 0 0 0 0 0 0 0 0 0 0 0 0 0 0 0 0 0 0 0 0 0 0 0 0 0 0
0 0 0 0 0 0 0 0 0 0 0 0 0 0 0 0 0 0 0 0 0 0 0 0 0 0 0 0 0 0 0 0 0 0 0 0
0 0 0 0 0 0 0 0 0 0 0 0 0 0 0 0 0 0 0 0 0 0 0 0 0 0 0 0 0 0 0 0 0 0 0 0
0 0 0 0 0 0 0 0 0 0 0 0 0 0 0 0 0 0 0 0 0 0 0 0 0 0 0 0 0 0 0 0 0 0 0 0
##$SHL_EXPANDCF9= (0..143)
0 0 0 0 0 0 0 0 0 0 0 0 0 0 0 0 0 0 0 0 0 0 0 0 0 0 0 0 0 0 0 0 0 0 0 0
0 0 0 0 0 0 0 0 0 0 0 0 0 0 0 0 0 0 0 0 0 0 0 0 0 0 0 0 0 0 0 0 0 0 0 0
0 0 0 0 0 0 0 0 0 0 0 0 0 0 0 0 0 0 0 0 0 0 0 0 0 0 0 0 0 0 0 0 0 0 0 0
0 0 0 0 0 0 0 0 0 0 0 0 0 0 0 0 0 0 0 0 0 0 0 0 0 0 0 0 0 0 0 0 0 0 0 0
##$SHL_EXPFAC= (0..15)
0 0 0 0 0 0 0 0 0 0 0 0 0 0 0 0
##$SHL_FRACEND= (0..15)
0 0 0 0 0 0 0 0 0 0 0 0 0 0 0 0
##$SHL_FRACORG= (0..15)
0 0 0 0 0 0 0 0 0 0 0 0 0 0 0 0
##$SHL_FRACSTART= (0..15)
0 0 0 0 0 0 0 0 0 0 0 0 0 0 0 0
##$SHL_FULLHALF= (0..15)
0 0 0 0 0 0 0 0 0 0 0 0 0 0 0 0
##$SHL_FUNCAMP= (0..15)
100 0 0 0 0 0 0 0 0 0 0 0 0 0 0 0
##$SHL_FUNCTION= (0..15)
<Rectangle> <> <> <> <> <> <> <> <> <> <> <> <> <> <> <>
##$SHL_GCO= (0..15)
<> <> <> <> <> <> <> <> <> <> <> <> <> <> <> <>
##$SHL_GCOCOEFFS0= (0..59)
0 0 0 0 0 0 0 0 0 0 0 0 0 0 0 0 0 0 0 0 0 0 0 0 0 0 0 0 0 0 0 0 0 0 0 0
0 0 0 0 0 0 0 0 0 0 0 0 0 0 0 0 0 0 0 0 0 0 0 0
##$SHL_GCOCOEFFS1= (0..59)
0 0 0 0 0 0 0 0 0 0 0 0 0 0 0 0 0 0 0 0 0 0 0 0 0 0 0 0 0 0 0 0 0 0 0 0
0 0 0 0 0 0 0 0 0 0 0 0 0 0 0 0 0 0 0 0 0 0 0 0
##$SHL_GCOCOEFFS10= (0..59)
0 0 0 0 0 0 0 0 0 0 0 0 0 0 0 0 0 0 0 0 0 0 0 0 0 0 0 0 0 0 0 0 0 0 0 0
0 0 0 0 0 0 0 0 0 0 0 0 0 0 0 0 0 0 0 0 0 0 0 0
##$SHL_GCOCOEFFS11= (0..59)
0 0 0 0 0 0 0 0 0 0 0 0 0 0 0 0 0 0 0 0 0 0 0 0 0 0 0 0 0 0 0 0 0 0 0 0
0 0 0 0 0 0 0 0 0 0 0 0 0 0 0 0 0 0 0 0 0 0 0 0
##$SHL_GCOCOEFFS12= (0..59)
0 0 0 0 0 0 0 0 0 0 0 0 0 0 0 0 0 0 0 0 0 0 0 0 0 0 0 0 0 0 0 0 0 0 0 0
0 0 0 0 0 0 0 0 0 0 0 0 0 0 0 0 0 0 0 0 0 0 0 0
##$SHL_GCOCOEFFS13= (0..59)
0 0 0 0 0 0 0 0 0 0 0 0 0 0 0 0 0 0 0 0 0 0 0 0 0 0 0 0 0 0 0 0 0 0 0 0
0 0 0 0 0 0 0 0 0 0 0 0 0 0 0 0 0 0 0 0 0 0 0 0
##$SHL_GCOCOEFFS14= (0..59)
0 0 0 0 0 0 0 0 0 0 0 0 0 0 0 0 0 0 0 0 0 0 0 0 0 0 0 0 0 0 0 0 0 0 0 0
0 0 0 0 0 0 0 0 0 0 0 0 0 0 0 0 0 0 0 0 0 0 0 0
##$SHL_GCOCOEFFS15= (0..59)
0 0 0 0 0 0 0 0 0 0 0 0 0 0 0 0 0 0 0 0 0 0 0 0 0 0 0 0 0 0 0 0 0 0 0 0
0 0 0 0 0 0 0 0 0 0 0 0 0 0 0 0 0 0 0 0 0 0 0 0
##$SHL_GCOCOEFFS2= (0..59)
0 0 0 0 0 0 0 0 0 0 0 0 0 0 0 0 0 0 0 0 0 0 0 0 0 0 0 0 0 0 0 0 0 0 0 0
0 0 0 0 0 0 0 0 0 0 0 0 0 0 0 0 0 0 0 0 0 0 0 0
##$SHL_GCOCOEFFS3= (0..59)
0 0 0 0 0 0 0 0 0 0 0 0 0 0 0 0 0 0 0 0 0 0 0 0 0 0 0 0 0 0 0 0 0 0 0 0
0 0 0 0 0 0 0 0 0 0 0 0 0 0 0 0 0 0 0 0 0 0 0 0
##$SHL_GCOCOEFFS4= (0..59)
0 0 0 0 0 0 0 0 0 0 0 0 0 0 0 0 0 0 0 0 0 0 0 0 0 0 0 0 0 0 0 0 0 0 0 0
0 0 0 0 0 0 0 0 0 0 0 0 0 0 0 0 0 0 0 0 0 0 0 0
##$SHL_GCOCOEFFS5= (0..59)
0 0 0 0 0 0 0 0 0 0 0 0 0 0 0 0 0 0 0 0 0 0 0 0 0 0 0 0 0 0 0 0 0 0 0 0
0 0 0 0 0 0 0 0 0 0 0 0 0 0 0 0 0 0 0 0 0 0 0 0
##$SHL_GCOCOEFFS6= (0..59)
0 0 0 0 0 0 0 0 0 0 0 0 0 0 0 0 0 0 0 0 0 0 0 0 0 0 0 0 0 0 0 0 0 0 0 0
0 0 0 0 0 0 0 0 0 0 0 0 0 0 0 0 0 0 0 0 0 0 0 0
##$SHL_GCOCOEFFS7= (0..59)
0 0 0 0 0 0 0 0 0 0 0 0 0 0 0 0 0 0 0 0 0 0 0 0 0 0 0 0 0 0 0 0 0 0 0 0
0 0 0 0 0 0 0 0 0 0 0 0 0 0 0 0 0 0 0 0 0 0 0 0
##$SHL_GCOCOEFFS8= (0..59)
0 0 0 0 0 0 0 0 0 0 0 0 0 0 0 0 0 0 0 0 0 0 0 0 0 0 0 0 0 0 0 0 0 0 0 0
0 0 0 0 0 0 0 0 0 0 0 0 0 0 0 0 0 0 0 0 0 0 0 0
##$SHL_GCOCOEFFS9= (0..59)
0 0 0 0 0 0 0 0 0 0 0 0 0 0 0 0 0 0 0 0 0 0 0 0 0 0 0 0 0 0 0 0 0 0 0 0
0 0 0 0 0 0 0 0 0 0 0 0 0 0 0 0 0 0 0 0 0 0 0 0
##$SHL_INTEGFAC= (0..15)
1 0 0 0 0 0 0 0 0 0 0 0 0 0 0 0
##$SHL_LB= (0..15)
0 0 0 0 0 0 0 0 0 0 0 0 0 0 0 0
##$SHL_LEFTLIMIT= (0..15)
0 0 0 0 0 0 0 0 0 0 0 0 0 0 0 0
##$SHL_LENGTH= (0..15)
25000.000373 0 0 0 0 0 0 0 0 0 0 0 0 0 0 0
##$SHL_MAN= (0..15)
<> <> <> <> <> <> <> <> <> <> <> <> <> <> <> <>
##$SHL_MEANAMP= (0..15)
0 0 0 0 0 0 0 0 0 0 0 0 0 0 0 0
##$SHL_MODAMP= (0..15)
0 0 0 0 0 0 0 0 0 0 0 0 0 0 0 0
##$SHL_MODE= (0..15)
0 0 0 0 0 0 0 0 0 0 0 0 0 0 0 0
##$SHL_MODFREQ= (0..15)
0 0 0 0 0 0 0 0 0 0 0 0 0 0 0 0
##$SHL_MODPHASE= (0..15)
0 0 0 0 0 0 0 0 0 0 0 0 0 0 0 0
##$SHL_MODSCALE= (0..15)
0 0 0 0 0 0 0 0 0 0 0 0 0 0 0 0
##$SHL_MODSW= (0..15)
0 0 0 0 0 0 0 0 0 0 0 0 0 0 0 0
##$SHL_MODSWDIR= (0..15)
-1 -1 -1 -1 -1 -1 -1 -1 -1 -1 -1 -1 -1 -1 -1 -1
##$SHL_MU= (0..15)
0 0 0 0 0 0 0 0 0 0 0 0 0 0 0 0
##$SHL_NPOINTS= (0..15)
1250 0 0 0 0 0 0 0 0 0 0 0 0 0 0 0
##$SHL_OFFS= (0..15)
<> <> <> <> <> <> <> <> <> <> <> <> <> <> <> <>
##$SHL_OFFSCOEFF0= (0..95)
0 0 0 0 0 0 0 0 0 0 0 0 0 0 0 0 0 0 0 0 0 0 0 0 0 0 0 0 0 0 0 0 0 0 0 0
0 0 0 0 0 0 0 0 0 0 0 0 0 0 0 0 0 0 0 0 0 0 0 0 0 0 0 0 0 0 0 0 0 0 0 0
0 0 0 0 0 0 0 0 0 0 0 0 0 0 0 0 0 0 0 0 0 0 0 0
##$SHL_OFFSCOEFF1= (0..95)
0 0 0 0 0 0 0 0 0 0 0 0 0 0 0 0 0 0 0 0 0 0 0 0 0 0 0 0 0 0 0 0 0 0 0 0
0 0 0 0 0 0 0 0 0 0 0 0 0 0 0 0 0 0 0 0 0 0 0 0 0 0 0 0 0 0 0 0 0 0 0 0
0 0 0 0 0 0 0 0 0 0 0 0 0 0 0 0 0 0 0 0 0 0 0 0
##$SHL_OFFSCOEFF10= (0..95)
0 0 0 0 0 0 0 0 0 0 0 0 0 0 0 0 0 0 0 0 0 0 0 0 0 0 0 0 0 0 0 0 0 0 0 0
0 0 0 0 0 0 0 0 0 0 0 0 0 0 0 0 0 0 0 0 0 0 0 0 0 0 0 0 0 0 0 0 0 0 0 0
0 0 0 0 0 0 0 0 0 0 0 0 0 0 0 0 0 0 0 0 0 0 0 0
##$SHL_OFFSCOEFF11= (0..95)
0 0 0 0 0 0 0 0 0 0 0 0 0 0 0 0 0 0 0 0 0 0 0 0 0 0 0 0 0 0 0 0 0 0 0 0
0 0 0 0 0 0 0 0 0 0 0 0 0 0 0 0 0 0 0 0 0 0 0 0 0 0 0 0 0 0 0 0 0 0 0 0
0 0 0 0 0 0 0 0 0 0 0 0 0 0 0 0 0 0 0 0 0 0 0 0
##$SHL_OFFSCOEFF12= (0..95)
0 0 0 0 0 0 0 0 0 0 0 0 0 0 0 0 0 0 0 0 0 0 0 0 0 0 0 0 0 0 0 0 0 0 0 0
0 0 0 0 0 0 0 0 0 0 0 0 0 0 0 0 0 0 0 0 0 0 0 0 0 0 0 0 0 0 0 0 0 0 0 0
0 0 0 0 0 0 0 0 0 0 0 0 0 0 0 0 0 0 0 0 0 0 0 0
##$SHL_OFFSCOEFF13= (0..95)
0 0 0 0 0 0 0 0 0 0 0 0 0 0 0 0 0 0 0 0 0 0 0 0 0 0 0 0 0 0 0 0 0 0 0 0
0 0 0 0 0 0 0 0 0 0 0 0 0 0 0 0 0 0 0 0 0 0 0 0 0 0 0 0 0 0 0 0 0 0 0 0
0 0 0 0 0 0 0 0 0 0 0 0 0 0 0 0 0 0 0 0 0 0 0 0
##$SHL_OFFSCOEFF14= (0..95)
0 0 0 0 0 0 0 0 0 0 0 0 0 0 0 0 0 0 0 0 0 0 0 0 0 0 0 0 0 0 0 0 0 0 0 0
0 0 0 0 0 0 0 0 0 0 0 0 0 0 0 0 0 0 0 0 0 0 0 0 0 0 0 0 0 0 0 0 0 0 0 0
0 0 0 0 0 0 0 0 0 0 0 0 0 0 0 0 0 0 0 0 0 0 0 0
##$SHL_OFFSCOEFF15= (0..95)
0 0 0 0 0 0 0 0 0 0 0 0 0 0 0 0 0 0 0 0 0 0 0 0 0 0 0 0 0 0 0 0 0 0 0 0
0 0 0 0 0 0 0 0 0 0 0 0 0 0 0 0 0 0 0 0 0 0 0 0 0 0 0 0 0 0 0 0 0 0 0 0
0 0 0 0 0 0 0 0 0 0 0 0 0 0 0 0 0 0 0 0 0 0 0 0
##$SHL_OFFSCOEFF2= (0..95)
0 0 0 0 0 0 0 0 0 0 0 0 0 0 0 0 0 0 0 0 0 0 0 0 0 0 0 0 0 0 0 0 0 0 0 0
0 0 0 0 0 0 0 0 0 0 0 0 0 0 0 0 0 0 0 0 0 0 0 0 0 0 0 0 0 0 0 0 0 0 0 0
0 0 0 0 0 0 0 0 0 0 0 0 0 0 0 0 0 0 0 0 0 0 0 0
##$SHL_OFFSCOEFF3= (0..95)
0 0 0 0 0 0 0 0 0 0 0 0 0 0 0 0 0 0 0 0 0 0 0 0 0 0 0 0 0 0 0 0 0 0 0 0
0 0 0 0 0 0 0 0 0 0 0 0 0 0 0 0 0 0 0 0 0 0 0 0 0 0 0 0 0 0 0 0 0 0 0 0
0 0 0 0 0 0 0 0 0 0 0 0 0 0 0 0 0 0 0 0 0 0 0 0
##$SHL_OFFSCOEFF4= (0..95)
0 0 0 0 0 0 0 0 0 0 0 0 0 0 0 0 0 0 0 0 0 0 0 0 0 0 0 0 0 0 0 0 0 0 0 0
0 0 0 0 0 0 0 0 0 0 0 0 0 0 0 0 0 0 0 0 0 0 0 0 0 0 0 0 0 0 0 0 0 0 0 0
0 0 0 0 0 0 0 0 0 0 0 0 0 0 0 0 0 0 0 0 0 0 0 0
##$SHL_OFFSCOEFF5= (0..95)
0 0 0 0 0 0 0 0 0 0 0 0 0 0 0 0 0 0 0 0 0 0 0 0 0 0 0 0 0 0 0 0 0 0 0 0
0 0 0 0 0 0 0 0 0 0 0 0 0 0 0 0 0 0 0 0 0 0 0 0 0 0 0 0 0 0 0 0 0 0 0 0
0 0 0 0 0 0 0 0 0 0 0 0 0 0 0 0 0 0 0 0 0 0 0 0
##$SHL_OFFSCOEFF6= (0..95)
0 0 0 0 0 0 0 0 0 0 0 0 0 0 0 0 0 0 0 0 0 0 0 0 0 0 0 0 0 0 0 0 0 0 0 0
0 0 0 0 0 0 0 0 0 0 0 0 0 0 0 0 0 0 0 0 0 0 0 0 0 0 0 0 0 0 0 0 0 0 0 0
0 0 0 0 0 0 0 0 0 0 0 0 0 0 0 0 0 0 0 0 0 0 0 0
##$SHL_OFFSCOEFF7= (0..95)
0 0 0 0 0 0 0 0 0 0 0 0 0 0 0 0 0 0 0 0 0 0 0 0 0 0 0 0 0 0 0 0 0 0 0 0
0 0 0 0 0 0 0 0 0 0 0 0 0 0 0 0 0 0 0 0 0 0 0 0 0 0 0 0 0 0 0 0 0 0 0 0
0 0 0 0 0 0 0 0 0 0 0 0 0 0 0 0 0 0 0 0 0 0 0 0
##$SHL_OFFSCOEFF8= (0..95)
0 0 0 0 0 0 0 0 0 0 0 0 0 0 0 0 0 0 0 0 0 0 0 0 0 0 0 0 0 0 0 0 0 0 0 0
0 0 0 0 0 0 0 0 0 0 0 0 0 0 0 0 0 0 0 0 0 0 0 0 0 0 0 0 0 0 0 0 0 0 0 0
0 0 0 0 0 0 0 0 0 0 0 0 0 0 0 0 0 0 0 0 0 0 0 0
##$SHL_OFFSCOEFF9= (0..95)
0 0 0 0 0 0 0 0 0 0 0 0 0 0 0 0 0 0 0 0 0 0 0 0 0 0 0 0 0 0 0 0 0 0 0 0
0 0 0 0 0 0 0 0 0 0 0 0 0 0 0 0 0 0 0 0 0 0 0 0 0 0 0 0 0 0 0 0 0 0 0 0
0 0 0 0 0 0 0 0 0 0 0 0 0 0 0 0 0 0 0 0 0 0 0 0
##$SHL_PHASE= (0..15)
0 0 0 0 0 0 0 0 0 0 0 0 0 0 0 0
##$SHL_PHASEFAC= (0..15)
0 0 0 0 0 0 0 0 0 0 0 0 0 0 0 0
##$SHL_POWERINDEX= (0..15)
0 0 0 0 0 0 0 0 0 0 0 0 0 0 0 0
##$SHL_QUADCOEFF= (0..15)
0 0 0 0 0 0 0 0 0 0 0 0 0 0 0 0
##$SHL_RIGHTLIMIT= (0..15)
0 0 0 0 0 0 0 0 0 0 0 0 0 0 0 0
##$SHL_SCALEFACTOR= (0..15)
1 1 1 1 1 1 1 1 1 1 1 1 1 1 1 1
##$SHL_SF= (0..15)
<> <> <> <> <> <> <> <> <> <> <> <> <> <> <> <>
##$SHL_SFCOEFFS0= (0..200)
0 0 0 0 0 0 0 0 0 0 0 0 0 0 0 0 0 0 0 0 0 0 0 0 0 0 0 0 0 0 0 0 0 0 0 0
0 0 0 0 0 0 0 0 0 0 0 0 0 0 0 0 0 0 0 0 0 0 0 0 0 0 0 0 0 0 0 0 0 0 0 0
0 0 0 0 0 0 0 0 0 0 0 0 0 0 0 0 0 0 0 0 0 0 0 0 0 0 0 0 0 0 0 0 0 0 0 0
0 0 0 0 0 0 0 0 0 0 0 0 0 0 0 0 0 0 0 0 0 0 0 0 0 0 0 0 0 0 0 0 0 0 0 0
0 0 0 0 0 0 0 0 0 0 0 0 0 0 0 0 0 0 0 0 0 0 0 0 0 0 0 0 0 0 0 0 0 0 0 0
0 0 0 0 0 0 0 0 0 0 0 0 0 0 0 0 0 0 0 0 0
##$SHL_SFCOEFFS1= (0..200)
0 0 0 0 0 0 0 0 0 0 0 0 0 0 0 0 0 0 0 0 0 0 0 0 0 0 0 0 0 0 0 0 0 0 0 0
0 0 0 0 0 0 0 0 0 0 0 0 0 0 0 0 0 0 0 0 0 0 0 0 0 0 0 0 0 0 0 0 0 0 0 0
0 0 0 0 0 0 0 0 0 0 0 0 0 0 0 0 0 0 0 0 0 0 0 0 0 0 0 0 0 0 0 0 0 0 0 0
0 0 0 0 0 0 0 0 0 0 0 0 0 0 0 0 0 0 0 0 0 0 0 0 0 0 0 0 0 0 0 0 0 0 0 0
0 0 0 0 0 0 0 0 0 0 0 0 0 0 0 0 0 0 0 0 0 0 0 0 0 0 0 0 0 0 0 0 0 0 0 0
0 0 0 0 0 0 0 0 0 0 0 0 0 0 0 0 0 0 0 0 0
##$SHL_SFCOEFFS10= (0..200)
0 0 0 0 0 0 0 0 0 0 0 0 0 0 0 0 0 0 0 0 0 0 0 0 0 0 0 0 0 0 0 0 0 0 0 0
0 0 0 0 0 0 0 0 0 0 0 0 0 0 0 0 0 0 0 0 0 0 0 0 0 0 0 0 0 0 0 0 0 0 0 0
0 0 0 0 0 0 0 0 0 0 0 0 0 0 0 0 0 0 0 0 0 0 0 0 0 0 0 0 0 0 0 0 0 0 0 0
0 0 0 0 0 0 0 0 0 0 0 0 0 0 0 0 0 0 0 0 0 0 0 0 0 0 0 0 0 0 0 0 0 0 0 0
0 0 0 0 0 0 0 0 0 0 0 0 0 0 0 0 0 0 0 0 0 0 0 0 0 0 0 0 0 0 0 0 0 0 0 0
0 0 0 0 0 0 0 0 0 0 0 0 0 0 0 0 0 0 0 0 0
##$SHL_SFCOEFFS11= (0..200)
0 0 0 0 0 0 0 0 0 0 0 0 0 0 0 0 0 0 0 0 0 0 0 0 0 0 0 0 0 0 0 0 0 0 0 0
0 0 0 0 0 0 0 0 0 0 0 0 0 0 0 0 0 0 0 0 0 0 0 0 0 0 0 0 0 0 0 0 0 0 0 0
0 0 0 0 0 0 0 0 0 0 0 0 0 0 0 0 0 0 0 0 0 0 0 0 0 0 0 0 0 0 0 0 0 0 0 0
0 0 0 0 0 0 0 0 0 0 0 0 0 0 0 0 0 0 0 0 0 0 0 0 0 0 0 0 0 0 0 0 0 0 0 0
0 0 0 0 0 0 0 0 0 0 0 0 0 0 0 0 0 0 0 0 0 0 0 0 0 0 0 0 0 0 0 0 0 0 0 0
0 0 0 0 0 0 0 0 0 0 0 0 0 0 0 0 0 0 0 0 0
##$SHL_SFCOEFFS12= (0..200)
0 0 0 0 0 0 0 0 0 0 0 0 0 0 0 0 0 0 0 0 0 0 0 0 0 0 0 0 0 0 0 0 0 0 0 0
0 0 0 0 0 0 0 0 0 0 0 0 0 0 0 0 0 0 0 0 0 0 0 0 0 0 0 0 0 0 0 0 0 0 0 0
0 0 0 0 0 0 0 0 0 0 0 0 0 0 0 0 0 0 0 0 0 0 0 0 0 0 0 0 0 0 0 0 0 0 0 0
0 0 0 0 0 0 0 0 0 0 0 0 0 0 0 0 0 0 0 0 0 0 0 0 0 0 0 0 0 0 0 0 0 0 0 0
0 0 0 0 0 0 0 0 0 0 0 0 0 0 0 0 0 0 0 0 0 0 0 0 0 0 0 0 0 0 0 0 0 0 0 0
0 0 0 0 0 0 0 0 0 0 0 0 0 0 0 0 0 0 0 0 0
##$SHL_SFCOEFFS13= (0..200)
0 0 0 0 0 0 0 0 0 0 0 0 0 0 0 0 0 0 0 0 0 0 0 0 0 0 0 0 0 0 0 0 0 0 0 0
0 0 0 0 0 0 0 0 0 0 0 0 0 0 0 0 0 0 0 0 0 0 0 0 0 0 0 0 0 0 0 0 0 0 0 0
0 0 0 0 0 0 0 0 0 0 0 0 0 0 0 0 0 0 0 0 0 0 0 0 0 0 0 0 0 0 0 0 0 0 0 0
0 0 0 0 0 0 0 0 0 0 0 0 0 0 0 0 0 0 0 0 0 0 0 0 0 0 0 0 0 0 0 0 0 0 0 0
0 0 0 0 0 0 0 0 0 0 0 0 0 0 0 0 0 0 0 0 0 0 0 0 0 0 0 0 0 0 0 0 0 0 0 0
0 0 0 0 0 0 0 0 0 0 0 0 0 0 0 0 0 0 0 0 0
##$SHL_SFCOEFFS14= (0..200)
0 0 0 0 0 0 0 0 0 0 0 0 0 0 0 0 0 0 0 0 0 0 0 0 0 0 0 0 0 0 0 0 0 0 0 0
0 0 0 0 0 0 0 0 0 0 0 0 0 0 0 0 0 0 0 0 0 0 0 0 0 0 0 0 0 0 0 0 0 0 0 0
0 0 0 0 0 0 0 0 0 0 0 0 0 0 0 0 0 0 0 0 0 0 0 0 0 0 0 0 0 0 0 0 0 0 0 0
0 0 0 0 0 0 0 0 0 0 0 0 0 0 0 0 0 0 0 0 0 0 0 0 0 0 0 0 0 0 0 0 0 0 0 0
0 0 0 0 0 0 0 0 0 0 0 0 0 0 0 0 0 0 0 0 0 0 0 0 0 0 0 0 0 0 0 0 0 0 0 0
0 0 0 0 0 0 0 0 0 0 0 0 0 0 0 0 0 0 0 0 0
##$SHL_SFCOEFFS15= (0..200)
0 0 0 0 0 0 0 0 0 0 0 0 0 0 0 0 0 0 0 0 0 0 0 0 0 0 0 0 0 0 0 0 0 0 0 0
0 0 0 0 0 0 0 0 0 0 0 0 0 0 0 0 0 0 0 0 0 0 0 0 0 0 0 0 0 0 0 0 0 0 0 0
0 0 0 0 0 0 0 0 0 0 0 0 0 0 0 0 0 0 0 0 0 0 0 0 0 0 0 0 0 0 0 0 0 0 0 0
0 0 0 0 0 0 0 0 0 0 0 0 0 0 0 0 0 0 0 0 0 0 0 0 0 0 0 0 0 0 0 0 0 0 0 0
0 0 0 0 0 0 0 0 0 0 0 0 0 0 0 0 0 0 0 0 0 0 0 0 0 0 0 0 0 0 0 0 0 0 0 0
0 0 0 0 0 0 0 0 0 0 0 0 0 0 0 0 0 0 0 0 0
##$SHL_SFCOEFFS2= (0..200)
0 0 0 0 0 0 0 0 0 0 0 0 0 0 0 0 0 0 0 0 0 0 0 0 0 0 0 0 0 0 0 0 0 0 0 0
0 0 0 0 0 0 0 0 0 0 0 0 0 0 0 0 0 0 0 0 0 0 0 0 0 0 0 0 0 0 0 0 0 0 0 0
0 0 0 0 0 0 0 0 0 0 0 0 0 0 0 0 0 0 0 0 0 0 0 0 0 0 0 0 0 0 0 0 0 0 0 0
0 0 0 0 0 0 0 0 0 0 0 0 0 0 0 0 0 0 0 0 0 0 0 0 0 0 0 0 0 0 0 0 0 0 0 0
0 0 0 0 0 0 0 0 0 0 0 0 0 0 0 0 0 0 0 0 0 0 0 0 0 0 0 0 0 0 0 0 0 0 0 0
0 0 0 0 0 0 0 0 0 0 0 0 0 0 0 0 0 0 0 0 0
##$SHL_SFCOEFFS3= (0..200)
0 0 0 0 0 0 0 0 0 0 0 0 0 0 0 0 0 0 0 0 0 0 0 0 0 0 0 0 0 0 0 0 0 0 0 0
0 0 0 0 0 0 0 0 0 0 0 0 0 0 0 0 0 0 0 0 0 0 0 0 0 0 0 0 0 0 0 0 0 0 0 0
0 0 0 0 0 0 0 0 0 0 0 0 0 0 0 0 0 0 0 0 0 0 0 0 0 0 0 0 0 0 0 0 0 0 0 0
0 0 0 0 0 0 0 0 0 0 0 0 0 0 0 0 0 0 0 0 0 0 0 0 0 0 0 0 0 0 0 0 0 0 0 0
0 0 0 0 0 0 0 0 0 0 0 0 0 0 0 0 0 0 0 0 0 0 0 0 0 0 0 0 0 0 0 0 0 0 0 0
0 0 0 0 0 0 0 0 0 0 0 0 0 0 0 0 0 0 0 0 0
##$SHL_SFCOEFFS4= (0..200)
0 0 0 0 0 0 0 0 0 0 0 0 0 0 0 0 0 0 0 0 0 0 0 0 0 0 0 0 0 0 0 0 0 0 0 0
0 0 0 0 0 0 0 0 0 0 0 0 0 0 0 0 0 0 0 0 0 0 0 0 0 0 0 0 0 0 0 0 0 0 0 0
0 0 0 0 0 0 0 0 0 0 0 0 0 0 0 0 0 0 0 0 0 0 0 0 0 0 0 0 0 0 0 0 0 0 0 0
0 0 0 0 0 0 0 0 0 0 0 0 0 0 0 0 0 0 0 0 0 0 0 0 0 0 0 0 0 0 0 0 0 0 0 0
0 0 0 0 0 0 0 0 0 0 0 0 0 0 0 0 0 0 0 0 0 0 0 0 0 0 0 0 0 0 0 0 0 0 0 0
0 0 0 0 0 0 0 0 0 0 0 0 0 0 0 0 0 0 0 0 0
##$SHL_SFCOEFFS5= (0..200)
0 0 0 0 0 0 0 0 0 0 0 0 0 0 0 0 0 0 0 0 0 0 0 0 0 0 0 0 0 0 0 0 0 0 0 0
0 0 0 0 0 0 0 0 0 0 0 0 0 0 0 0 0 0 0 0 0 0 0 0 0 0 0 0 0 0 0 0 0 0 0 0
0 0 0 0 0 0 0 0 0 0 0 0 0 0 0 0 0 0 0 0 0 0 0 0 0 0 0 0 0 0 0 0 0 0 0 0
0 0 0 0 0 0 0 0 0 0 0 0 0 0 0 0 0 0 0 0 0 0 0 0 0 0 0 0 0 0 0 0 0 0 0 0
0 0 0 0 0 0 0 0 0 0 0 0 0 0 0 0 0 0 0 0 0 0 0 0 0 0 0 0 0 0 0 0 0 0 0 0
0 0 0 0 0 0 0 0 0 0 0 0 0 0 0 0 0 0 0 0 0
##$SHL_SFCOEFFS6= (0..200)
0 0 0 0 0 0 0 0 0 0 0 0 0 0 0 0 0 0 0 0 0 0 0 0 0 0 0 0 0 0 0 0 0 0 0 0
0 0 0 0 0 0 0 0 0 0 0 0 0 0 0 0 0 0 0 0 0 0 0 0 0 0 0 0 0 0 0 0 0 0 0 0
0 0 0 0 0 0 0 0 0 0 0 0 0 0 0 0 0 0 0 0 0 0 0 0 0 0 0 0 0 0 0 0 0 0 0 0
0 0 0 0 0 0 0 0 0 0 0 0 0 0 0 0 0 0 0 0 0 0 0 0 0 0 0 0 0 0 0 0 0 0 0 0
0 0 0 0 0 0 0 0 0 0 0 0 0 0 0 0 0 0 0 0 0 0 0 0 0 0 0 0 0 0 0 0 0 0 0 0
0 0 0 0 0 0 0 0 0 0 0 0 0 0 0 0 0 0 0 0 0
##$SHL_SFCOEFFS7= (0..200)
0 0 0 0 0 0 0 0 0 0 0 0 0 0 0 0 0 0 0 0 0 0 0 0 0 0 0 0 0 0 0 0 0 0 0 0
0 0 0 0 0 0 0 0 0 0 0 0 0 0 0 0 0 0 0 0 0 0 0 0 0 0 0 0 0 0 0 0 0 0 0 0
0 0 0 0 0 0 0 0 0 0 0 0 0 0 0 0 0 0 0 0 0 0 0 0 0 0 0 0 0 0 0 0 0 0 0 0
0 0 0 0 0 0 0 0 0 0 0 0 0 0 0 0 0 0 0 0 0 0 0 0 0 0 0 0 0 0 0 0 0 0 0 0
0 0 0 0 0 0 0 0 0 0 0 0 0 0 0 0 0 0 0 0 0 0 0 0 0 0 0 0 0 0 0 0 0 0 0 0
0 0 0 0 0 0 0 0 0 0 0 0 0 0 0 0 0 0 0 0 0
##$SHL_SFCOEFFS8= (0..200)
0 0 0 0 0 0 0 0 0 0 0 0 0 0 0 0 0 0 0 0 0 0 0 0 0 0 0 0 0 0 0 0 0 0 0 0
0 0 0 0 0 0 0 0 0 0 0 0 0 0 0 0 0 0 0 0 0 0 0 0 0 0 0 0 0 0 0 0 0 0 0 0
0 0 0 0 0 0 0 0 0 0 0 0 0 0 0 0 0 0 0 0 0 0 0 0 0 0 0 0 0 0 0 0 0 0 0 0
0 0 0 0 0 0 0 0 0 0 0 0 0 0 0 0 0 0 0 0 0 0 0 0 0 0 0 0 0 0 0 0 0 0 0 0
0 0 0 0 0 0 0 0 0 0 0 0 0 0 0 0 0 0 0 0 0 0 0 0 0 0 0 0 0 0 0 0 0 0 0 0
0 0 0 0 0 0 0 0 0 0 0 0 0 0 0 0 0 0 0 0 0
##$SHL_SFCOEFFS9= (0..200)
0 0 0 0 0 0 0 0 0 0 0 0 0 0 0 0 0 0 0 0 0 0 0 0 0 0 0 0 0 0 0 0 0 0 0 0
0 0 0 0 0 0 0 0 0 0 0 0 0 0 0 0 0 0 0 0 0 0 0 0 0 0 0 0 0 0 0 0 0 0 0 0
0 0 0 0 0 0 0 0 0 0 0 0 0 0 0 0 0 0 0 0 0 0 0 0 0 0 0 0 0 0 0 0 0 0 0 0
0 0 0 0 0 0 0 0 0 0 0 0 0 0 0 0 0 0 0 0 0 0 0 0 0 0 0 0 0 0 0 0 0 0 0 0
0 0 0 0 0 0 0 0 0 0 0 0 0 0 0 0 0 0 0 0 0 0 0 0 0 0 0 0 0 0 0 0 0 0 0 0
0 0 0 0 0 0 0 0 0 0 0 0 0 0 0 0 0 0 0 0 0
##$SHL_SMOOTHED= (0..15)
0 0 0 0 0 0 0 0 0 0 0 0 0 0 0 0
##$SHL_SMOOTHING= (0..15)
0 0 0 0 0 0 0 0 0 0 0 0 0 0 0 0
##$SHL_SPOAL= (0..15)
0 0 0 0 0 0 0 0 0 0 0 0 0 0 0 0
##$SHL_SPOFFS= (0..15)
0 0 0 0 0 0 0 0 0 0 0 0 0 0 0 0
##$SHL_SPOPH= (0..15)
0 0 0 0 0 0 0 0 0 0 0 0 0 0 0 0
##$SHL_STARTAMP= (0..15)
0 0 0 0 0 0 0 0 0 0 0 0 0 0 0 0
##$SHL_SW= (0..15)
0 0 0 0 0 0 0 0 0 0 0 0 0 0 0 0
##$SHL_SWDIR= (0..15)
-1 -1 -1 -1 -1 -1 -1 -1 -1 -1 -1 -1 -1 -1 -1 -1
##$SHL_TANKAPPA= (0..15)
0 0 0 0 0 0 0 0 0 0 0 0 0 0 0 0
##$SHL_TOTROT= (0..15)
90 0 0 0 0 0 0 0 0 0 0 0 0 0 0 0
##$SHL_TRUNCLEV= (0..15)
0 0 0 0 0 0 0 0 0 0 0 0 0 0 0 0
##$SHL_TYPE= (0..15)
<Excitation> <> <> <> <> <> <> <> <> <> <> <> <> <> <> <>
##$SHL_WINDOWSIZE= (0..15)
0 0 0 0 0 0 0 0 0 0 0 0 0 0 0 0
##$SHL_ZETA= (0..15)
0 0 0 0 0 0 0 0 0 0 0 0 0 0 0 0
##NPOINTS= 1250
##XYPOINTS= (XY..XY)
72.792626, 66.672841
72.331325, 68.300604
71.867166, 69.928449
71.400183, 71.556377
70.930410, 73.184390
70.457883, 74.812491
69.982635, 76.440680
69.504701, 78.068960
69.024116, 79.697333
68.540917, 81.325801
68.055137, 82.954365
67.566813, 84.583029
67.075981, 86.211794
66.582676, 87.840662
66.086934, 89.469636
65.588793, 91.098719
65.088288, 92.727913
64.585457, 94.357221
64.080335, 95.986645
63.572961, 97.616189
63.063371, 99.245855
62.551603, 100.875646
62.037694, 102.505565
61.521682, 104.135617
61.003605, 105.765804
60.483500, 107.396129
59.961407, 109.026597
59.437362, 110.657211
58.911406, 112.287975
58.383575, 113.918893
57.853910, 115.549970
57.322448, 117.181209
56.789229, 118.812616
56.254292, 120.444196
55.717677, 122.075953
55.179421, 123.707892
54.639566, 125.340019
54.098150, 126.972339
53.555214, 128.604859
53.010797, 130.237584
52.464939, 131.870520
51.917680, 133.503675
51.369060, 135.137055
50.819120, 136.770667
50.267900, 138.404520
49.715440, 140.038620
49.161782, 141.672976
48.606964, 143.307596
48.051030, 144.942490
47.494018, 146.577667
46.935970, 148.213137
46.376928, 149.848910
45.816931, 151.484997
45.256022, 153.121409
44.694240, 154.758158
44.131629, 156.395257
43.568229, 158.032719
43.004081, 159.670558
42.439226, 161.308787
41.873707, 162.947423
41.307565, 164.586482
40.740842, 166.225980
40.173578, 167.865936
39.605817, 169.506368
39.037599, 171.147296
38.468967, 172.788742
37.899961, 174.430728
37.330625, 176.073277
36.761001, 177.716415
36.191129, 179.360168
35.621052, 181.004564
35.050812, 182.649634
34.480451, 184.295409
33.910011, 185.941923
33.339534, 187.589212
32.769062, 189.237315
32.198638, 190.886274
31.628303, 192.536131
31.058100, 194.186935
30.488071, 195.838735
29.918257, 197.491586
29.348701, 199.145545
28.779446, 200.800676
28.210533, 202.457045
27.642005, 204.114726
27.073904, 205.773795
26.506272, 207.434338
25.939152, 209.096447
25.372585, 210.760221
24.806614, 212.425767
24.241282, 214.093205
23.676630, 215.762661
23.112701, 217.434275
22.549538, 219.108202
21.987183, 220.784609
21.425679, 222.463682
20.865067, 224.145624
20.305391, 225.830660
19.746694, 227.519039
19.189019, 229.211038
18.632408, 230.906966
18.076905, 232.607166
17.522554, 234.312024
16.969397, 236.021973
16.417479, 237.737502
15.866845, 239.459163
15.317539, 241.187587
14.769607, 242.923489
14.223094, 244.667693
13.678048, 246.421146
13.134516, 248.184946
12.592547, 249.960371
12.052191, 251.748918
11.513501, 253.552352
10.976530, 255.372769
10.441336, 257.212676
9.907980, 259.075099
9.376527, 260.963722
8.847047, 262.883078
8.319620, 264.838803
7.794335, 266.837998
7.271294, 268.889728
6.750619, 271.005759
6.232460, 273.201626
5.717002, 275.498270
5.204491, 277.924587
4.695256, 280.521559
4.189768, 283.349212
3.688723, 286.498909
3.193220, 290.116300
2.705111, 294.447043
2.227777, 299.934921
1.768062, 307.449543
1.341622, 318.839579
0.988818, 338.033091
0.807727, 9.588923
0.903750, 44.118311
1.209754, 66.898020
1.607876, 80.165566
2.043174, 88.616960
2.494754, 94.611912
2.953863, 99.241520
3.416329, 103.047895
3.879938, 106.323982
4.343409, 109.240035
4.805945, 111.901120
5.267021, 114.375342
5.726274, 116.708678
6.183439, 118.933243
6.638319, 121.072123
7.090759, 123.142327
7.540635, 125.156656
7.987844, 127.124925
8.432300, 129.054784
8.873926, 130.952280
9.312657, 132.822258
9.748431, 134.668643
10.181195, 136.494648
10.610897, 138.302930
11.037491, 140.095701
11.460933, 141.874824
11.881179, 143.641873
12.298190, 145.398189
12.711926, 147.144922
13.122352, 148.883063
13.529429, 150.613471
13.933124, 152.336896
14.333402, 154.053991
14.730229, 155.765331
15.123573, 157.471426
15.513402, 159.172723
15.899684, 160.869622
16.282389, 162.562480
16.661486, 164.251615
17.036945, 165.937314
17.408738, 167.619833
17.776835, 169.299405
18.141207, 170.976240
18.501827, 172.650528
18.858666, 174.322443
19.211699, 175.992141
19.560897, 177.659767
19.906234, 179.325453
20.247684, 180.989320
20.585221, 182.651477
20.918820, 184.312027
21.248456, 185.971064
21.574103, 187.628674
21.895738, 189.284937
22.213336, 190.939928
22.526873, 192.593715
22.836327, 194.246361
23.141673, 195.897927
23.442889, 197.548467
23.739953, 199.198032
24.032843, 200.846671
24.321536, 202.494428
24.606012, 204.141345
24.886249, 205.787461
25.162226, 207.432813
25.433923, 209.077435
25.701320, 210.721360
25.964397, 212.364618
26.223134, 214.007237
26.477512, 215.649244
26.727513, 217.290665
26.973117, 218.931523
27.214307, 220.571842
27.451066, 222.211641
27.683374, 223.850941
27.911216, 225.489762
28.134574, 227.128121
28.353433, 228.766034
28.567774, 230.403519
28.777584, 232.040590
28.982847, 233.677262
29.183546, 235.313549
29.379668, 236.949463
29.571198, 238.585017
29.758122, 240.220222
29.940426, 241.855091
30.118096, 243.489632
30.291121, 245.123858
30.459486, 246.757776
30.623179, 248.391396
30.782188, 250.024728
30.936503, 251.657778
31.086110, 253.290556
31.231000, 254.923068
31.371161, 256.555322
31.506583, 258.187324
31.637257, 259.819082
31.763172, 261.450600
31.884319, 263.081886
32.000690, 264.712945
32.112276, 266.343782
32.219068, 267.974401
32.321059, 269.604809
32.418241, 271.235010
32.510607, 272.865008
32.598151, 274.494807
32.680865, 276.124411
32.758744, 277.753825
32.831782, 279.383051
32.899973, 281.012093
32.963313, 282.640954
33.021797, 284.269638
33.075420, 285.898147
33.124179, 287.526484
33.168070, 289.154652
33.207090, 290.782652
33.241235, 292.410489
33.270504, 294.038162
33.294894, 295.665675
33.314404, 297.293030
33.329031, 298.920227
33.338775, 300.547270
33.343636, 302.174158
33.343612, 303.800895
33.338703, 305.427480
33.328911, 307.053915
33.314236, 308.680201
33.294678, 310.306339
33.270239, 311.932329
33.240922, 313.558173
33.206728, 315.183870
33.167659, 316.809422
33.123719, 318.434828
33.074910, 320.060089
33.021237, 321.685204
32.962703, 323.310174
32.899312, 324.934999
32.831070, 326.559678
32.757980, 328.184210
32.680049, 329.808596
32.597282, 331.432834
32.509686, 333.056925
32.417266, 334.680866
32.320029, 336.304656
32.217983, 337.928296
32.111135, 339.551782
31.999492, 341.175115
31.883064, 342.798291
31.761858, 344.421310
31.635884, 346.044170
31.505150, 347.666867
31.369666, 349.289401
31.229443, 350.911769
31.084490, 352.533967
30.934818, 354.155994
30.780438, 355.777846
30.621362, 357.399520
30.457600, 359.021013
30.289166, 0.642320
30.116070, 2.263439
29.938327, 3.884364
29.755949, 5.505092
29.568950, 7.125617
29.377342, 8.745936
29.181141, 10.366042
28.980361, 11.985929
28.775016, 13.605593
28.565121, 15.225027
28.350692, 16.844223
28.131745, 18.463175
27.908295, 20.081876
27.680359, 21.700317
27.447954, 23.318490
27.211097, 24.936385
26.969805, 26.553994
26.724097, 28.171306
26.473989, 29.788310
26.219500, 31.404995
25.960649, 33.021349
25.697456, 34.637358
25.429938, 36.253008
25.158117, 37.868286
24.882012, 39.483174
24.601643, 41.097657
24.317031, 42.711715
24.028196, 44.325331
23.735161, 45.938483
23.437946, 47.551150
23.136574, 49.163307
22.831067, 50.774929
22.521446, 52.385989
22.207735, 53.996458
21.889958, 55.606304
21.568137, 57.215493
21.242296, 58.823987
20.912459, 60.431748
20.578650, 62.038732
20.240895, 63.644893
19.899217, 65.250178
19.553643, 66.854535
19.204198, 68.457901
18.850907, 70.060211
18.493797, 71.661394
18.132894, 73.261371
17.768225, 74.860054
17.399817, 76.457349
17.027698, 78.053150
16.651894, 79.647342
16.272435, 81.239795
15.889348, 82.830365
15.502662, 84.418893
15.112406, 86.005201
14.718610, 87.589086
14.321302, 89.170325
13.920514, 90.748661
13.516274, 92.323805
13.108615, 93.895428
12.697567, 95.463154
12.283163, 97.026549
11.865433, 98.585113
11.444411, 100.138268
11.020130, 101.685335
10.592625, 103.225519
10.161928, 104.757880
9.728077, 106.281295
9.291108, 107.794419
8.851058, 109.295620
8.407967, 110.782902
7.961875, 112.253797
7.512827, 113.705214
7.060870, 115.133238
6.606053, 116.532823
6.148434, 117.897364
5.688078, 119.218043
5.225060, 120.482811
4.759474, 121.674776
4.291441, 122.769494
3.821124, 123.730244
3.348763, 124.499248
2.874733, 124.980168
2.399687, 124.999873
1.924893, 124.214284
1.453243, 121.835817
0.993072, 115.642838
0.579251, 97.207837
0.409047, 42.017550
0.699167, 359.472003
1.143350, 346.589794
1.621611, 341.984551
2.112559, 340.226383
2.610350, 339.740610
3.112781, 339.926659
3.618830, 340.509042
4.127951, 341.344323
4.639816, 342.350661
5.154210, 343.478018
5.670982, 344.694108
6.190018, 345.977172
6.711225, 347.312021
7.234527, 348.687729
7.759857, 350.096239
8.287155, 351.531480
8.816367, 352.988791
9.347440, 354.464533
9.880326, 355.955825
10.414977, 357.460356
10.951348, 358.976252
11.489394, 0.501975
12.029070, 2.036252
12.570334, 3.578022
13.113143, 5.126392
13.657454, 6.680603
14.203226, 8.240012
14.750415, 9.804063
15.298981, 11.372279
15.848882, 12.944245
16.400076, 14.519599
16.952522, 16.098024
17.506177, 17.679243
18.061002, 19.263010
18.616954, 20.849105
19.173992, 22.437337
19.732074, 24.027531
20.291159, 25.619533
20.851206, 27.213204
21.412173, 28.808419
21.974018, 30.405064
22.536701, 32.003038
23.100179, 33.602248
23.664411, 35.202609
24.229355, 36.804044
24.794969, 38.406483
25.361213, 40.009862
25.928044, 41.614122
26.495420, 43.219209
27.063300, 44.825073
27.631642, 46.431668
28.200404, 48.038951
28.769545, 49.646884
29.339022, 51.255429
29.908793, 52.864555
30.478818, 54.474228
31.049053, 56.084420
31.619457, 57.695105
32.189989, 59.306256
32.760606, 60.917850
33.331266, 62.529866
33.901927, 64.142282
34.472548, 65.755079
35.043087, 67.368240
35.613502, 68.981747
36.183750, 70.595584
36.753791, 72.209736
37.323582, 73.824190
37.893082, 75.438931
38.462248, 77.053948
39.031039, 78.669229
39.599414, 80.284761
40.167330, 81.900536
40.734746, 83.516542
41.301620, 85.132771
41.867911, 86.749213
42.433577, 88.365860
42.998577, 89.982703
43.562869, 91.599736
44.126412, 93.216951
44.689165, 94.834341
45.251086, 96.451900
45.812134, 98.069621
46.372268, 99.687498
46.931447, 101.305525
47.489630, 102.923698
48.046776, 104.542011
48.602845, 106.160459
49.157794, 107.779038
49.711585, 109.397742
50.264175, 111.016568
50.815525, 112.635512
51.365594, 114.254569
51.914342, 115.873737
52.461729, 117.493010
53.007715, 119.112386
53.552258, 120.731862
54.095321, 122.351434
54.636862, 123.971100
55.176842, 125.590856
55.715222, 127.210699
56.251962, 128.830627
56.787023, 130.450638
57.320365, 132.070728
57.851949, 133.690896
58.381737, 135.311139
58.909689, 136.931454
59.435768, 138.551841
59.959934, 140.172296
60.482148, 141.792818
61.002374, 143.413404
61.520572, 145.034054
62.036704, 146.654765
62.550733, 148.275535
63.062622, 149.896363
63.572332, 151.517247
64.079826, 153.138186
64.585067, 154.759178
65.088018, 156.380222
65.588642, 158.001317
66.086902, 159.622460
66.582763, 161.243651
67.076186, 162.864888
67.567138, 164.486171
68.055581, 166.107498
68.541479, 167.728867
69.024797, 169.350279
69.505500, 170.971731
69.983553, 172.593223
70.458919, 174.214754
70.931565, 175.836322
71.401456, 177.457927
71.868558, 179.079568
72.332835, 180.701244
72.794255, 182.322954
73.252783, 183.944697
73.708386, 185.566473
74.161030, 187.188281
74.610682, 188.810119
75.057310, 190.431987
75.500880, 192.053885
75.941360, 193.675812
76.378718, 195.297767
76.812921, 196.919749
77.243938, 198.541758
77.671738, 200.163793
78.096288, 201.785853
78.517558, 203.407938
78.935518, 205.030048
79.350135, 206.652181
79.761380, 208.274337
80.169223, 209.896517
80.573634, 211.518718
80.974583, 213.140941
81.372041, 214.763184
81.765979, 216.385449
82.156368, 218.007734
82.543178, 219.630038
82.926383, 221.252362
83.305954, 222.874704
83.681862, 224.497065
84.054081, 226.119444
84.422584, 227.741840
84.787342, 229.364254
85.148330, 230.986684
85.505521, 232.609130
85.858888, 234.231593
86.208407, 235.854071
86.554051, 237.476564
86.895795, 239.099073
87.233614, 240.721596
87.567483, 242.344133
87.897377, 243.966684
88.223274, 245.589249
88.545148, 247.211827
88.862976, 248.834418
89.176734, 250.457021
89.486401, 252.079638
89.791953, 253.702266
90.093367, 255.324906
90.390622, 256.947557
90.683696, 258.570220
90.972567, 260.192894
91.257214, 261.815578
91.537617, 263.438273
91.813754, 265.060979
92.085606, 266.683694
92.353153, 268.306419
92.616375, 269.929153
92.875252, 271.551897
93.129766, 273.174650
93.379898, 274.797412
93.625630, 276.420182
93.866944, 278.042960
94.103822, 279.665747
94.336246, 281.288542
94.564201, 282.911344
94.787668, 284.534154
95.006632, 286.156972
95.221076, 287.779796
95.430985, 289.402627
95.636344, 291.025465
95.837137, 292.648310
96.033350, 294.271161
96.224968, 295.894018
96.411978, 297.516882
96.594365, 299.139751
96.772116, 300.762625
96.945219, 302.385505
97.113660, 304.008391
97.277427, 305.631281
97.436508, 307.254177
97.590892, 308.877077
97.740567, 310.499982
97.885522, 312.122891
98.025747, 313.745805
98.161231, 315.368723
98.291965, 316.991644
98.417938, 318.614570
98.539142, 320.237499
98.655568, 321.860432
98.767207, 323.483368
98.874050, 325.106307
98.976091, 326.729250
99.073322, 328.352195
99.165735, 329.975143
99.253324, 331.598093
99.336083, 333.221047
99.414004, 334.844002
99.487084, 336.466959
99.555315, 338.089919
99.618694, 339.712880
99.677215, 341.335844
99.730875, 342.958808
99.779669, 344.581775
99.823594, 346.204742
99.862646, 347.827711
99.896823, 349.450681
99.926122, 351.073651
99.950542, 352.696623
99.970079, 354.319595
99.984734, 355.942567
99.994504, 357.565540
99.999389, 359.188513
99.999389, 0.811487
99.994504, 2.434460
99.984734, 4.057433
99.970079, 5.680405
99.950542, 7.303377
99.926122, 8.926349
99.896823, 10.549319
99.862646, 12.172289
99.823594, 13.795258
99.779669, 15.418225
99.730875, 17.041192
99.677215, 18.664156
99.618694, 20.287120
99.555315, 21.910081
99.487084, 23.533041
99.414004, 25.155998
99.336083, 26.778953
99.253324, 28.401907
99.165735, 30.024857
99.073322, 31.647805
98.976091, 33.270750
98.874050, 34.893693
98.767207, 36.516632
98.655568, 38.139568
98.539142, 39.762501
98.417938, 41.385430
98.291965, 43.008356
98.161231, 44.631277
98.025747, 46.254195
97.885522, 47.877109
97.740567, 49.500018
97.590892, 51.122923
97.436508, 52.745823
97.277427, 54.368719
97.113660, 55.991609
96.945219, 57.614495
96.772116, 59.237375
96.594365, 60.860249
96.411978, 62.483118
96.224968, 64.105982
96.033350, 65.728839
95.837137, 67.351690
95.636344, 68.974535
95.430985, 70.597373
95.221076, 72.220204
95.006632, 73.843028
94.787668, 75.465846
94.564201, 77.088656
94.336246, 78.711458
94.103822, 80.334253
93.866944, 81.957040
93.625630, 83.579818
93.379898, 85.202588
93.129766, 86.825350
92.875252, 88.448103
92.616375, 90.070847
92.353153, 91.693581
92.085606, 93.316306
91.813754, 94.939021
91.537617, 96.561727
91.257214, 98.184422
90.972567, 99.807106
90.683696, 101.429780
90.390622, 103.052443
90.093367, 104.675094
89.791953, 106.297734
89.486401, 107.920362
89.176734, 109.542979
88.862976, 111.165582
88.545148, 112.788173
88.223274, 114.410751
87.897377, 116.033316
87.567483, 117.655867
87.233614, 119.278404
86.895795, 120.900927
86.554051, 122.523436
86.208407, 124.145929
85.858888, 125.768407
85.505521, 127.390870
85.148330, 129.013316
84.787342, 130.635746
84.422584, 132.258160
84.054081, 133.880556
83.681862, 135.502935
83.305954, 137.125296
82.926383, 138.747638
82.543178, 140.369962
82.156368, 141.992266
81.765979, 143.614551
81.372041, 145.236816
80.974583, 146.859059
80.573634, 148.481282
80.169223, 150.103483
79.761380, 151.725663
79.350135, 153.347819
78.935518, 154.969952
78.517558, 156.592062
78.096288, 158.214147
77.671738, 159.836207
77.243938, 161.458242
76.812921, 163.080251
76.378718, 164.702233
75.941360, 166.324188
75.500880, 167.946115
75.057310, 169.568013
74.610682, 171.189881
74.161030, 172.811719
73.708386, 174.433527
73.252783, 176.055303
72.794255, 177.677046
72.332835, 179.298756
71.868558, 180.920432
71.401456, 182.542073
70.931565, 184.163678
70.458919, 185.785246
69.983553, 187.406777
69.505500, 189.028269
69.024797, 190.649721
68.541479, 192.271133
68.055581, 193.892502
67.567138, 195.513829
67.076186, 197.135112
66.582763, 198.756349
66.086902, 200.377540
65.588642, 201.998683
65.088018, 203.619778
64.585067, 205.240822
64.079826, 206.861814
63.572332, 208.482753
63.062622, 210.103637
62.550733, 211.724465
62.036704, 213.345235
61.520572, 214.965946
61.002374, 216.586596
60.482148, 218.207182
59.959934, 219.827704
59.435768, 221.448159
58.909689, 223.068546
58.381737, 224.688861
57.851949, 226.309104
57.320365, 227.929272
56.787023, 229.549362
56.251962, 231.169373
55.715222, 232.789301
55.176842, 234.409144
54.636862, 236.028900
54.095321, 237.648566
53.552258, 239.268138
53.007715, 240.887614
52.461729, 242.506990
51.914342, 244.126263
51.365594, 245.745431
50.815525, 247.364488
50.264175, 248.983432
49.711585, 250.602258
49.157794, 252.220962
48.602845, 253.839541
48.046776, 255.457989
47.489630, 257.076302
46.931447, 258.694475
46.372268, 260.312502
45.812134, 261.930379
45.251086, 263.548100
44.689165, 265.165659
44.126412, 266.783049
43.562869, 268.400264
42.998577, 270.017297
42.433577, 271.634140
41.867911, 273.250787
41.301620, 274.867229
40.734746, 276.483458
40.167330, 278.099464
39.599414, 279.715239
39.031039, 281.330771
38.462248, 282.946052
37.893082, 284.561069
37.323582, 286.175810
36.753791, 287.790264
36.183750, 289.404416
35.613502, 291.018253
35.043087, 292.631760
34.472548, 294.244921
33.901927, 295.857718
33.331266, 297.470134
32.760606, 299.082150
32.189989, 300.693744
31.619457, 302.304895
31.049053, 303.915580
30.478818, 305.525772
29.908793, 307.135445
29.339022, 308.744571
28.769545, 310.353116
28.200404, 311.961049
27.631642, 313.568332
27.063300, 315.174927
26.495420, 316.780791
25.928044, 318.385878
25.361213, 319.990138
24.794969, 321.593517
24.229355, 323.195956
23.664411, 324.797391
23.100179, 326.397752
22.536701, 327.996962
21.974018, 329.594936
21.412173, 331.191581
20.851206, 332.786796
20.291159, 334.380467
19.732074, 335.972469
19.173992, 337.562663
18.616954, 339.150895
18.061002, 340.736990
17.506177, 342.320757
16.952522, 343.901976
16.400076, 345.480401
15.848882, 347.055755
15.298981, 348.627721
14.750415, 350.195937
14.203226, 351.759988
13.657454, 353.319397
13.113143, 354.873608
12.570334, 356.421978
12.029070, 357.963748
11.489394, 359.498025
10.951348, 1.023748
10.414977, 2.539644
9.880326, 4.044175
9.347440, 5.535467
8.816367, 7.011209
8.287155, 8.468520
7.759857, 9.903761
7.234527, 11.312271
6.711225, 12.687979
6.190018, 14.022828
5.670982, 15.305892
5.154210, 16.521982
4.639816, 17.649339
4.127951, 18.655677
3.618830, 19.490958
3.112781, 20.073341
2.610350, 20.259390
2.112559, 19.773617
1.621611, 18.015449
1.143350, 13.410206
0.699167, 0.527997
0.409047, 317.982450
0.579251, 262.792163
0.993072, 244.357162
1.453243, 238.164183
1.924893, 235.785716
2.399687, 235.000127
2.874733, 235.019832
3.348763, 235.500752
3.821124, 236.269756
4.291441, 237.230506
4.759474, 238.325224
5.225060, 239.517189
5.688078, 240.781957
6.148434, 242.102636
6.606053, 243.467177
7.060870, 244.866762
7.512827, 246.294786
7.961875, 247.746203
8.407967, 249.217098
8.851058, 250.704380
9.291108, 252.205581
9.728077, 253.718705
10.161928, 255.242120
10.592625, 256.774481
11.020130, 258.314665
11.444411, 259.861732
11.865433, 261.414887
12.283163, 262.973451
12.697567, 264.536846
13.108615, 266.104572
13.516274, 267.676195
13.920514, 269.251339
14.321302, 270.829675
14.718610, 272.410914
15.112406, 273.994799
15.502662, 275.581107
15.889348, 277.169635
16.272435, 278.760205
16.651894, 280.352658
17.027698, 281.946850
17.399817, 283.542651
17.768225, 285.139946
18.132894, 286.738629
18.493797, 288.338606
18.850907, 289.939789
19.204198, 291.542099
19.553643, 293.145465
19.899217, 294.749822
20.240895, 296.355107
20.578650, 297.961268
20.912459, 299.568252
21.242296, 301.176013
21.568137, 302.784507
21.889958, 304.393696
22.207735, 306.003542
22.521446, 307.614011
22.831067, 309.225071
23.136574, 310.836693
23.437946, 312.448850
23.735161, 314.061517
24.028196, 315.674669
24.317031, 317.288285
24.601643, 318.902343
24.882012, 320.516826
25.158117, 322.131714
25.429938, 323.746992
25.697456, 325.362642
25.960649, 326.978651
26.219500, 328.595005
26.473989, 330.211690
26.724097, 331.828694
26.969805, 333.446006
27.211097, 335.063615
27.447954, 336.681510
27.680359, 338.299683
27.908295, 339.918124
28.131745, 341.536825
28.350692, 343.155777
28.565121, 344.774973
28.775016, 346.394407
28.980361, 348.014071
29.181141, 349.633958
29.377342, 351.254064
29.568950, 352.874383
29.755949, 354.494908
29.938327, 356.115636
30.116070, 357.736561
30.289166, 359.357680
30.457600, 0.978987
30.621362, 2.600480
30.780438, 4.222154
30.934818, 5.844006
31.084490, 7.466033
31.229443, 9.088231
31.369666, 10.710599
31.505150, 12.333133
31.635884, 13.955830
31.761858, 15.578690
31.883064, 17.201709
31.999492, 18.824885
32.111135, 20.448218
32.217983, 22.071704
32.320029, 23.695344
32.417266, 25.319134
32.509686, 26.943075
32.597282, 28.567166
32.680049, 30.191404
32.757980, 31.815790
32.831070, 33.440322
32.899312, 35.065001
32.962703, 36.689826
33.021237, 38.314796
33.074910, 39.939911
33.123719, 41.565172
33.167659, 43.190578
33.206728, 44.816130
33.240922, 46.441827
33.270239, 48.067671
33.294678, 49.693661
33.314236, 51.319799
33.328911, 52.946085
33.338703, 54.572520
33.343612, 56.199105
33.343636, 57.825842
33.338775, 59.452730
33.329031, 61.079773
33.314404, 62.706970
33.294894, 64.334325
33.270504, 65.961838
33.241235, 67.589511
33.207090, 69.217348
33.168070, 70.845348
33.124179, 72.473516
33.075420, 74.101853
33.021797, 75.730362
32.963313, 77.359046
32.899973, 78.987907
32.831782, 80.616949
32.758744, 82.246175
32.680865, 83.875589
32.598151, 85.505193
32.510607, 87.134992
32.418241, 88.764990
32.321059, 90.395191
32.219068, 92.025599
32.112276, 93.656218
32.000690, 95.287055
31.884319, 96.918114
31.763172, 98.549400
31.637257, 100.180918
31.506583, 101.812676
31.371161, 103.444678
31.231000, 105.076932
31.086110, 106.709444
30.936503, 108.342222
30.782188, 109.975272
30.623179, 111.608604
30.459486, 113.242224
30.291121, 114.876142
30.118096, 116.510368
29.940426, 118.144909
29.758122, 119.779778
29.571198, 121.414983
29.379668, 123.050537
29.183546, 124.686451
28.982847, 126.322738
28.777584, 127.959410
28.567774, 129.596481
28.353433, 131.233966
28.134574, 132.871879
27.911216, 134.510238
27.683374, 136.149059
27.451066, 137.788359
27.214307, 139.428158
26.973117, 141.068477
26.727513, 142.709335
26.477512, 144.350756
26.223134, 145.992763
25.964397, 147.635382
25.701320, 149.278640
25.433923, 150.922565
25.162226, 152.567187
24.886249, 154.212539
24.606012, 155.858655
24.321536, 157.505572
24.032843, 159.153329
23.739953, 160.801968
23.442889, 162.451533
23.141673, 164.102073
22.836327, 165.753639
22.526873, 167.406285
22.213336, 169.060072
21.895738, 170.715063
21.574103, 172.371326
21.248456, 174.028936
20.918820, 175.687973
20.585221, 177.348523
20.247684, 179.010680
19.906234, 180.674547
19.560897, 182.340233
19.211699, 184.007859
18.858666, 185.677557
18.501827, 187.349472
18.141207, 189.023760
17.776835, 190.700595
17.408738, 192.380167
17.036945, 194.062686
16.661486, 195.748385
16.282389, 197.437520
15.899684, 199.130378
15.513402, 200.827277
15.123573, 202.528574
14.730229, 204.234669
14.333402, 205.946009
13.933124, 207.663104
13.529429, 209.386529
13.122352, 211.116937
12.711926, 212.855078
12.298190, 214.601811
11.881179, 216.358127
11.460933, 218.125176
11.037491, 219.904299
10.610897, 221.697070
10.181195, 223.505352
9.748431, 225.331357
9.312657, 227.177742
8.873926, 229.047720
8.432300, 230.945216
7.987844, 232.875075
7.540635, 234.843344
7.090759, 236.857673
6.638319, 238.927877
6.183439, 241.066757
5.726274, 243.291322
5.267021, 245.624658
4.805945, 248.098880
4.343409, 250.759965
3.879938, 253.676018
3.416329, 256.952105
2.953863, 260.758480
2.494754, 265.388088
2.043174, 271.383040
1.607876, 279.834434
1.209754, 293.101980
0.903750, 315.881689
0.807727, 350.411077
0.988818, 21.966909
1.341622, 41.160421
1.768062, 52.550457
2.227777, 60.065079
2.705111, 65.552957
3.193220, 69.883700
3.688723, 73.501091
4.189768, 76.650788
4.695256, 79.478441
5.204491, 82.075413
5.717002, 84.501730
6.232460, 86.798374
6.750619, 88.994241
7.271294, 91.110272
7.794335, 93.162002
8.319620, 95.161197
8.847047, 97.116922
9.376527, 99.036278
9.907980, 100.924901
10.441336, 102.787324
10.976530, 104.627231
11.513501, 106.447648
12.052191, 108.251082
12.592547, 110.039629
13.134516, 111.815054
13.678048, 113.578854
14.223094, 115.332307
14.769607, 117.076511
15.317539, 118.812413
15.866845, 120.540837
16.417479, 122.262498
16.969397, 123.978027
17.522554, 125.687976
18.076905, 127.392834
18.632408, 129.093034
19.189019, 130.788962
19.746694, 132.480961
20.305391, 134.169340
20.865067, 135.854376
21.425679, 137.536318
21.987183, 139.215391
22.549538, 140.891798
23.112701, 142.565725
23.676630, 144.237339
24.241282, 145.906795
24.806614, 147.574233
25.372585, 149.239779
25.939152, 150.903553
26.506272, 152.565662
27.073904, 154.226205
27.642005, 155.885274
28.210533, 157.542955
28.779446, 159.199324
29.348701, 160.854455
29.918257, 162.508414
30.488071, 164.161265
31.058100, 165.813065
31.628303, 167.463869
32.198638, 169.113726
32.769062, 170.762685
33.339534, 172.410788
33.910011, 174.058077
34.480451, 175.704591
35.050812, 177.350366
35.621052, 178.995436
36.191129, 180.639832
36.761001, 182.283585
37.330625, 183.926723
37.899961, 185.569272
38.468967, 187.211258
39.037599, 188.852704
39.605817, 190.493632
40.173578, 192.134064
40.740842, 193.774020
41.307565, 195.413518
41.873707, 197.052577
42.439226, 198.691213
43.004081, 200.329442
43.568229, 201.967281
44.131629, 203.604743
44.694240, 205.241842
45.256022, 206.878591
45.816931, 208.515003
46.376928, 210.151090
46.935970, 211.786863
47.494018, 213.422333
48.051030, 215.057510
48.606964, 216.692404
49.161782, 218.327024
49.715440, 219.961380
50.267900, 221.595480
50.819120, 223.229333
51.369060, 224.862945
51.917680, 226.496325
52.464939, 228.129480
53.010797, 229.762416
53.555214, 231.395141
54.098150, 233.027661
54.639566, 234.659981
55.179421, 236.292108
55.717677, 237.924047
56.254292, 239.555804
56.789229, 241.187384
57.322448, 242.818791
57.853910, 244.450030
58.383575, 246.081107
58.911406, 247.712025
59.437362, 249.342789
59.961407, 250.973403
60.483500, 252.603871
61.003605, 254.234196
61.521682, 255.864383
62.037694, 257.494435
62.551603, 259.124354
63.063371, 260.754145
63.572961, 262.383811
64.080335, 264.013355
64.585457, 265.642779
65.088288, 267.272087
65.588793, 268.901281
66.086934, 270.530364
66.582676, 272.159338
67.075981, 273.788206
67.566813, 275.416971
68.055137, 277.045635
68.540917, 278.674199
69.024116, 280.302667
69.504701, 281.931040
69.982635, 283.559320
70.457883, 285.187509
70.930410, 286.815610
71.400183, 288.443623
71.867166, 290.071551
72.331325, 291.699396
72.792626, 293.327159
##END=
