##TITLE= Parameter file, TopSpin 4.3.0
##JCAMPDX= 5.0
##DATATYPE= Parameter Values
##ORIGIN= Bruker BioSpin GmbH
##OWNER= nmrsu
$$ 2024-04-15 15:51:54.915 +0100  nmrsu@4CE1161FJM
$$ C:/Bruker/TopSpin4.3.0/exp/stan/nmr/lists/wave/user/multisupp_aux_d8
$$ process C:\Bruker\TopSpin4.3.0\prog\mod\xwinshape.exe
##MINX= 0.52269100
##MAXX= 99.99938900
##MINY= 0.05214900
##MAXY= 359.94785100
##$SHAPE_ADDPHASE= 0
##$SHAPE_AMP= 99.99938932
##$SHAPE_BWFAC= 0
##$SHAPE_BWFAC50= 0
##$SHAPE_CALCBW= yes
##$SHAPE_CALCINTEG= yes
##$SHAPE_EXMODE= <Excitation>
##$SHAPE_EXPAND= <>
##$SHAPE_EXPANDCF= (0..143)
0 0 0 0 0 0 0 0 0 0 0 0 0 0 0 0 0 0 0 0 0 0 0 0 0 0 0 0 0 0 0 0 0 0 0 0
0 0 0 0 0 0 0 0 0 0 0 0 0 0 0 0 0 0 0 0 0 0 0 0 0 0 0 0 0 0 0 0 0 0 0 0
0 0 0 0 0 0 0 0 0 0 0 0 0 0 0 0 0 0 0 0 0 0 0 0 0 0 0 0 0 0 0 0 0 0 0 0
0 0 0 0 0 0 0 0 0 0 0 0 0 0 0 0 0 0 0 0 0 0 0 0 0 0 0 0 0 0 0 0 0 0 0 0
##$SHAPE_EXPFAC= 0
##$SHAPE_FRACEND= 0
##$SHAPE_FRACORG= 0
##$SHAPE_FRACSTART= 0
##$SHAPE_INTEGFAC= 0
##$SHAPE_KEEPRES= yes
##$SHAPE_LENGTH= 25000.000373
##$SHAPE_MAN= <M>
##$SHAPE_MODE= 3
##$SHAPE_MODFREQ= 0
##$SHAPE_MODPHASE= 0
##$SHAPE_MODSCALE= 0
##$SHAPE_MODSW= 0
##$SHAPE_MODSWDIR= -1
##$SHAPE_NPOINTS= 1250
##$SHAPE_OFFS= <1 3>
##$SHAPE_OFFSCOEFF= (0..95)
-161.17058 0 100 -228.78716 0 100 -297.41386 0 100 0 0 0 0 0 0 0 0 0 0
0 0 0 0 0 0 0 0 0 0 0 0 0 0 0 0 0 0 0 0 0 0 0 0 0 0 0 0 0 0 0 0 0 0 0 0
0 0 0 0 0 0 0 0 0 0 0 0 0 0 0 0 0 0 0 0 0 0 0 0 0 0 0 0 0 0 0 0 0 0 0 0
0 0 0 0 0
##$SHAPE_PARAMETER= <>
##$SHAPE_REPHFAC= 0
##$SHAPE_RES= 0
##$SHAPE_SCALEFAC= 1.00000611
##$SHAPE_SCALETYPE= 0
##$SHAPE_SPOAL= 0
##$SHAPE_SPOFFS= 0
##$SHAPE_SPOPH= 0
##$SHAPE_TOTROT= 90
##$SHAPE_TYPE= <Excitation>
##$SHAPE_USER_DEF= <>
##$SHAPE_VERSION= 2.1
##$SHL_ADDPHASE= (0..15)
0 0 0 0 0 0 0 0 0 0 0 0 0 0 0 0
##$SHL_ALIGNOFFSET= (0..15)
0 0 0 0 0 0 0 0 0 0 0 0 0 0 0 0
##$SHL_AMP= (0..15)
100 0 0 0 0 0 0 0 0 0 0 0 0 0 0 0
##$SHL_AMPFAC= (0..15)
0 0 0 0 0 0 0 0 0 0 0 0 0 0 0 0
##$SHL_BETA= (0..15)
0 0 0 0 0 0 0 0 0 0 0 0 0 0 0 0
##$SHL_BWFAC= (0..15)
1.116 0 0 0 0 0 0 0 0 0 0 0 0 0 0 0
##$SHL_CALCBW= (0..15)
yes yes yes yes yes yes yes yes yes yes yes yes yes yes yes yes
##$SHL_CALCINTEG= (0..15)
yes yes yes yes yes yes yes yes yes yes yes yes yes yes yes yes
##$SHL_CENTERAMP= (0..15)
0 0 0 0 0 0 0 0 0 0 0 0 0 0 0 0
##$SHL_CYCNUM= (0..15)
0 0 0 0 0 0 0 0 0 0 0 0 0 0 0 0
##$SHL_DIPOLCPL= (0..15)
0 0 0 0 0 0 0 0 0 0 0 0 0 0 0 0
##$SHL_ENDAMP= (0..15)
0 0 0 0 0 0 0 0 0 0 0 0 0 0 0 0
##$SHL_EXMODE= (0..15)
<Excitation> <> <> <> <> <> <> <> <> <> <> <> <> <> <> <>
##$SHL_EXPAND= (0..15)
<> <> <> <> <> <> <> <> <> <> <> <> <> <> <> <>
##$SHL_EXPANDCF0= (0..143)
0 0 0 0 0 0 0 0 0 0 0 0 0 0 0 0 0 0 0 0 0 0 0 0 0 0 0 0 0 0 0 0 0 0 0 0
0 0 0 0 0 0 0 0 0 0 0 0 0 0 0 0 0 0 0 0 0 0 0 0 0 0 0 0 0 0 0 0 0 0 0 0
0 0 0 0 0 0 0 0 0 0 0 0 0 0 0 0 0 0 0 0 0 0 0 0 0 0 0 0 0 0 0 0 0 0 0 0
0 0 0 0 0 0 0 0 0 0 0 0 0 0 0 0 0 0 0 0 0 0 0 0 0 0 0 0 0 0 0 0 0 0 0 0
##$SHL_EXPANDCF1= (0..143)
0 0 0 0 0 0 0 0 0 0 0 0 0 0 0 0 0 0 0 0 0 0 0 0 0 0 0 0 0 0 0 0 0 0 0 0
0 0 0 0 0 0 0 0 0 0 0 0 0 0 0 0 0 0 0 0 0 0 0 0 0 0 0 0 0 0 0 0 0 0 0 0
0 0 0 0 0 0 0 0 0 0 0 0 0 0 0 0 0 0 0 0 0 0 0 0 0 0 0 0 0 0 0 0 0 0 0 0
0 0 0 0 0 0 0 0 0 0 0 0 0 0 0 0 0 0 0 0 0 0 0 0 0 0 0 0 0 0 0 0 0 0 0 0
##$SHL_EXPANDCF10= (0..143)
0 0 0 0 0 0 0 0 0 0 0 0 0 0 0 0 0 0 0 0 0 0 0 0 0 0 0 0 0 0 0 0 0 0 0 0
0 0 0 0 0 0 0 0 0 0 0 0 0 0 0 0 0 0 0 0 0 0 0 0 0 0 0 0 0 0 0 0 0 0 0 0
0 0 0 0 0 0 0 0 0 0 0 0 0 0 0 0 0 0 0 0 0 0 0 0 0 0 0 0 0 0 0 0 0 0 0 0
0 0 0 0 0 0 0 0 0 0 0 0 0 0 0 0 0 0 0 0 0 0 0 0 0 0 0 0 0 0 0 0 0 0 0 0
##$SHL_EXPANDCF11= (0..143)
0 0 0 0 0 0 0 0 0 0 0 0 0 0 0 0 0 0 0 0 0 0 0 0 0 0 0 0 0 0 0 0 0 0 0 0
0 0 0 0 0 0 0 0 0 0 0 0 0 0 0 0 0 0 0 0 0 0 0 0 0 0 0 0 0 0 0 0 0 0 0 0
0 0 0 0 0 0 0 0 0 0 0 0 0 0 0 0 0 0 0 0 0 0 0 0 0 0 0 0 0 0 0 0 0 0 0 0
0 0 0 0 0 0 0 0 0 0 0 0 0 0 0 0 0 0 0 0 0 0 0 0 0 0 0 0 0 0 0 0 0 0 0 0
##$SHL_EXPANDCF12= (0..143)
0 0 0 0 0 0 0 0 0 0 0 0 0 0 0 0 0 0 0 0 0 0 0 0 0 0 0 0 0 0 0 0 0 0 0 0
0 0 0 0 0 0 0 0 0 0 0 0 0 0 0 0 0 0 0 0 0 0 0 0 0 0 0 0 0 0 0 0 0 0 0 0
0 0 0 0 0 0 0 0 0 0 0 0 0 0 0 0 0 0 0 0 0 0 0 0 0 0 0 0 0 0 0 0 0 0 0 0
0 0 0 0 0 0 0 0 0 0 0 0 0 0 0 0 0 0 0 0 0 0 0 0 0 0 0 0 0 0 0 0 0 0 0 0
##$SHL_EXPANDCF13= (0..143)
0 0 0 0 0 0 0 0 0 0 0 0 0 0 0 0 0 0 0 0 0 0 0 0 0 0 0 0 0 0 0 0 0 0 0 0
0 0 0 0 0 0 0 0 0 0 0 0 0 0 0 0 0 0 0 0 0 0 0 0 0 0 0 0 0 0 0 0 0 0 0 0
0 0 0 0 0 0 0 0 0 0 0 0 0 0 0 0 0 0 0 0 0 0 0 0 0 0 0 0 0 0 0 0 0 0 0 0
0 0 0 0 0 0 0 0 0 0 0 0 0 0 0 0 0 0 0 0 0 0 0 0 0 0 0 0 0 0 0 0 0 0 0 0
##$SHL_EXPANDCF14= (0..143)
0 0 0 0 0 0 0 0 0 0 0 0 0 0 0 0 0 0 0 0 0 0 0 0 0 0 0 0 0 0 0 0 0 0 0 0
0 0 0 0 0 0 0 0 0 0 0 0 0 0 0 0 0 0 0 0 0 0 0 0 0 0 0 0 0 0 0 0 0 0 0 0
0 0 0 0 0 0 0 0 0 0 0 0 0 0 0 0 0 0 0 0 0 0 0 0 0 0 0 0 0 0 0 0 0 0 0 0
0 0 0 0 0 0 0 0 0 0 0 0 0 0 0 0 0 0 0 0 0 0 0 0 0 0 0 0 0 0 0 0 0 0 0 0
##$SHL_EXPANDCF15= (0..143)
0 0 0 0 0 0 0 0 0 0 0 0 0 0 0 0 0 0 0 0 0 0 0 0 0 0 0 0 0 0 0 0 0 0 0 0
0 0 0 0 0 0 0 0 0 0 0 0 0 0 0 0 0 0 0 0 0 0 0 0 0 0 0 0 0 0 0 0 0 0 0 0
0 0 0 0 0 0 0 0 0 0 0 0 0 0 0 0 0 0 0 0 0 0 0 0 0 0 0 0 0 0 0 0 0 0 0 0
0 0 0 0 0 0 0 0 0 0 0 0 0 0 0 0 0 0 0 0 0 0 0 0 0 0 0 0 0 0 0 0 0 0 0 0
##$SHL_EXPANDCF2= (0..143)
0 0 0 0 0 0 0 0 0 0 0 0 0 0 0 0 0 0 0 0 0 0 0 0 0 0 0 0 0 0 0 0 0 0 0 0
0 0 0 0 0 0 0 0 0 0 0 0 0 0 0 0 0 0 0 0 0 0 0 0 0 0 0 0 0 0 0 0 0 0 0 0
0 0 0 0 0 0 0 0 0 0 0 0 0 0 0 0 0 0 0 0 0 0 0 0 0 0 0 0 0 0 0 0 0 0 0 0
0 0 0 0 0 0 0 0 0 0 0 0 0 0 0 0 0 0 0 0 0 0 0 0 0 0 0 0 0 0 0 0 0 0 0 0
##$SHL_EXPANDCF3= (0..143)
0 0 0 0 0 0 0 0 0 0 0 0 0 0 0 0 0 0 0 0 0 0 0 0 0 0 0 0 0 0 0 0 0 0 0 0
0 0 0 0 0 0 0 0 0 0 0 0 0 0 0 0 0 0 0 0 0 0 0 0 0 0 0 0 0 0 0 0 0 0 0 0
0 0 0 0 0 0 0 0 0 0 0 0 0 0 0 0 0 0 0 0 0 0 0 0 0 0 0 0 0 0 0 0 0 0 0 0
0 0 0 0 0 0 0 0 0 0 0 0 0 0 0 0 0 0 0 0 0 0 0 0 0 0 0 0 0 0 0 0 0 0 0 0
##$SHL_EXPANDCF4= (0..143)
0 0 0 0 0 0 0 0 0 0 0 0 0 0 0 0 0 0 0 0 0 0 0 0 0 0 0 0 0 0 0 0 0 0 0 0
0 0 0 0 0 0 0 0 0 0 0 0 0 0 0 0 0 0 0 0 0 0 0 0 0 0 0 0 0 0 0 0 0 0 0 0
0 0 0 0 0 0 0 0 0 0 0 0 0 0 0 0 0 0 0 0 0 0 0 0 0 0 0 0 0 0 0 0 0 0 0 0
0 0 0 0 0 0 0 0 0 0 0 0 0 0 0 0 0 0 0 0 0 0 0 0 0 0 0 0 0 0 0 0 0 0 0 0
##$SHL_EXPANDCF5= (0..143)
0 0 0 0 0 0 0 0 0 0 0 0 0 0 0 0 0 0 0 0 0 0 0 0 0 0 0 0 0 0 0 0 0 0 0 0
0 0 0 0 0 0 0 0 0 0 0 0 0 0 0 0 0 0 0 0 0 0 0 0 0 0 0 0 0 0 0 0 0 0 0 0
0 0 0 0 0 0 0 0 0 0 0 0 0 0 0 0 0 0 0 0 0 0 0 0 0 0 0 0 0 0 0 0 0 0 0 0
0 0 0 0 0 0 0 0 0 0 0 0 0 0 0 0 0 0 0 0 0 0 0 0 0 0 0 0 0 0 0 0 0 0 0 0
##$SHL_EXPANDCF6= (0..143)
0 0 0 0 0 0 0 0 0 0 0 0 0 0 0 0 0 0 0 0 0 0 0 0 0 0 0 0 0 0 0 0 0 0 0 0
0 0 0 0 0 0 0 0 0 0 0 0 0 0 0 0 0 0 0 0 0 0 0 0 0 0 0 0 0 0 0 0 0 0 0 0
0 0 0 0 0 0 0 0 0 0 0 0 0 0 0 0 0 0 0 0 0 0 0 0 0 0 0 0 0 0 0 0 0 0 0 0
0 0 0 0 0 0 0 0 0 0 0 0 0 0 0 0 0 0 0 0 0 0 0 0 0 0 0 0 0 0 0 0 0 0 0 0
##$SHL_EXPANDCF7= (0..143)
0 0 0 0 0 0 0 0 0 0 0 0 0 0 0 0 0 0 0 0 0 0 0 0 0 0 0 0 0 0 0 0 0 0 0 0
0 0 0 0 0 0 0 0 0 0 0 0 0 0 0 0 0 0 0 0 0 0 0 0 0 0 0 0 0 0 0 0 0 0 0 0
0 0 0 0 0 0 0 0 0 0 0 0 0 0 0 0 0 0 0 0 0 0 0 0 0 0 0 0 0 0 0 0 0 0 0 0
0 0 0 0 0 0 0 0 0 0 0 0 0 0 0 0 0 0 0 0 0 0 0 0 0 0 0 0 0 0 0 0 0 0 0 0
##$SHL_EXPANDCF8= (0..143)
0 0 0 0 0 0 0 0 0 0 0 0 0 0 0 0 0 0 0 0 0 0 0 0 0 0 0 0 0 0 0 0 0 0 0 0
0 0 0 0 0 0 0 0 0 0 0 0 0 0 0 0 0 0 0 0 0 0 0 0 0 0 0 0 0 0 0 0 0 0 0 0
0 0 0 0 0 0 0 0 0 0 0 0 0 0 0 0 0 0 0 0 0 0 0 0 0 0 0 0 0 0 0 0 0 0 0 0
0 0 0 0 0 0 0 0 0 0 0 0 0 0 0 0 0 0 0 0 0 0 0 0 0 0 0 0 0 0 0 0 0 0 0 0
##$SHL_EXPANDCF9= (0..143)
0 0 0 0 0 0 0 0 0 0 0 0 0 0 0 0 0 0 0 0 0 0 0 0 0 0 0 0 0 0 0 0 0 0 0 0
0 0 0 0 0 0 0 0 0 0 0 0 0 0 0 0 0 0 0 0 0 0 0 0 0 0 0 0 0 0 0 0 0 0 0 0
0 0 0 0 0 0 0 0 0 0 0 0 0 0 0 0 0 0 0 0 0 0 0 0 0 0 0 0 0 0 0 0 0 0 0 0
0 0 0 0 0 0 0 0 0 0 0 0 0 0 0 0 0 0 0 0 0 0 0 0 0 0 0 0 0 0 0 0 0 0 0 0
##$SHL_EXPFAC= (0..15)
0 0 0 0 0 0 0 0 0 0 0 0 0 0 0 0
##$SHL_FRACEND= (0..15)
0 0 0 0 0 0 0 0 0 0 0 0 0 0 0 0
##$SHL_FRACORG= (0..15)
0 0 0 0 0 0 0 0 0 0 0 0 0 0 0 0
##$SHL_FRACSTART= (0..15)
0 0 0 0 0 0 0 0 0 0 0 0 0 0 0 0
##$SHL_FULLHALF= (0..15)
0 0 0 0 0 0 0 0 0 0 0 0 0 0 0 0
##$SHL_FUNCAMP= (0..15)
100 0 0 0 0 0 0 0 0 0 0 0 0 0 0 0
##$SHL_FUNCTION= (0..15)
<Rectangle> <> <> <> <> <> <> <> <> <> <> <> <> <> <> <>
##$SHL_GCO= (0..15)
<> <> <> <> <> <> <> <> <> <> <> <> <> <> <> <>
##$SHL_GCOCOEFFS0= (0..59)
0 0 0 0 0 0 0 0 0 0 0 0 0 0 0 0 0 0 0 0 0 0 0 0 0 0 0 0 0 0 0 0 0 0 0 0
0 0 0 0 0 0 0 0 0 0 0 0 0 0 0 0 0 0 0 0 0 0 0 0
##$SHL_GCOCOEFFS1= (0..59)
0 0 0 0 0 0 0 0 0 0 0 0 0 0 0 0 0 0 0 0 0 0 0 0 0 0 0 0 0 0 0 0 0 0 0 0
0 0 0 0 0 0 0 0 0 0 0 0 0 0 0 0 0 0 0 0 0 0 0 0
##$SHL_GCOCOEFFS10= (0..59)
0 0 0 0 0 0 0 0 0 0 0 0 0 0 0 0 0 0 0 0 0 0 0 0 0 0 0 0 0 0 0 0 0 0 0 0
0 0 0 0 0 0 0 0 0 0 0 0 0 0 0 0 0 0 0 0 0 0 0 0
##$SHL_GCOCOEFFS11= (0..59)
0 0 0 0 0 0 0 0 0 0 0 0 0 0 0 0 0 0 0 0 0 0 0 0 0 0 0 0 0 0 0 0 0 0 0 0
0 0 0 0 0 0 0 0 0 0 0 0 0 0 0 0 0 0 0 0 0 0 0 0
##$SHL_GCOCOEFFS12= (0..59)
0 0 0 0 0 0 0 0 0 0 0 0 0 0 0 0 0 0 0 0 0 0 0 0 0 0 0 0 0 0 0 0 0 0 0 0
0 0 0 0 0 0 0 0 0 0 0 0 0 0 0 0 0 0 0 0 0 0 0 0
##$SHL_GCOCOEFFS13= (0..59)
0 0 0 0 0 0 0 0 0 0 0 0 0 0 0 0 0 0 0 0 0 0 0 0 0 0 0 0 0 0 0 0 0 0 0 0
0 0 0 0 0 0 0 0 0 0 0 0 0 0 0 0 0 0 0 0 0 0 0 0
##$SHL_GCOCOEFFS14= (0..59)
0 0 0 0 0 0 0 0 0 0 0 0 0 0 0 0 0 0 0 0 0 0 0 0 0 0 0 0 0 0 0 0 0 0 0 0
0 0 0 0 0 0 0 0 0 0 0 0 0 0 0 0 0 0 0 0 0 0 0 0
##$SHL_GCOCOEFFS15= (0..59)
0 0 0 0 0 0 0 0 0 0 0 0 0 0 0 0 0 0 0 0 0 0 0 0 0 0 0 0 0 0 0 0 0 0 0 0
0 0 0 0 0 0 0 0 0 0 0 0 0 0 0 0 0 0 0 0 0 0 0 0
##$SHL_GCOCOEFFS2= (0..59)
0 0 0 0 0 0 0 0 0 0 0 0 0 0 0 0 0 0 0 0 0 0 0 0 0 0 0 0 0 0 0 0 0 0 0 0
0 0 0 0 0 0 0 0 0 0 0 0 0 0 0 0 0 0 0 0 0 0 0 0
##$SHL_GCOCOEFFS3= (0..59)
0 0 0 0 0 0 0 0 0 0 0 0 0 0 0 0 0 0 0 0 0 0 0 0 0 0 0 0 0 0 0 0 0 0 0 0
0 0 0 0 0 0 0 0 0 0 0 0 0 0 0 0 0 0 0 0 0 0 0 0
##$SHL_GCOCOEFFS4= (0..59)
0 0 0 0 0 0 0 0 0 0 0 0 0 0 0 0 0 0 0 0 0 0 0 0 0 0 0 0 0 0 0 0 0 0 0 0
0 0 0 0 0 0 0 0 0 0 0 0 0 0 0 0 0 0 0 0 0 0 0 0
##$SHL_GCOCOEFFS5= (0..59)
0 0 0 0 0 0 0 0 0 0 0 0 0 0 0 0 0 0 0 0 0 0 0 0 0 0 0 0 0 0 0 0 0 0 0 0
0 0 0 0 0 0 0 0 0 0 0 0 0 0 0 0 0 0 0 0 0 0 0 0
##$SHL_GCOCOEFFS6= (0..59)
0 0 0 0 0 0 0 0 0 0 0 0 0 0 0 0 0 0 0 0 0 0 0 0 0 0 0 0 0 0 0 0 0 0 0 0
0 0 0 0 0 0 0 0 0 0 0 0 0 0 0 0 0 0 0 0 0 0 0 0
##$SHL_GCOCOEFFS7= (0..59)
0 0 0 0 0 0 0 0 0 0 0 0 0 0 0 0 0 0 0 0 0 0 0 0 0 0 0 0 0 0 0 0 0 0 0 0
0 0 0 0 0 0 0 0 0 0 0 0 0 0 0 0 0 0 0 0 0 0 0 0
##$SHL_GCOCOEFFS8= (0..59)
0 0 0 0 0 0 0 0 0 0 0 0 0 0 0 0 0 0 0 0 0 0 0 0 0 0 0 0 0 0 0 0 0 0 0 0
0 0 0 0 0 0 0 0 0 0 0 0 0 0 0 0 0 0 0 0 0 0 0 0
##$SHL_GCOCOEFFS9= (0..59)
0 0 0 0 0 0 0 0 0 0 0 0 0 0 0 0 0 0 0 0 0 0 0 0 0 0 0 0 0 0 0 0 0 0 0 0
0 0 0 0 0 0 0 0 0 0 0 0 0 0 0 0 0 0 0 0 0 0 0 0
##$SHL_INTEGFAC= (0..15)
1 0 0 0 0 0 0 0 0 0 0 0 0 0 0 0
##$SHL_LB= (0..15)
0 0 0 0 0 0 0 0 0 0 0 0 0 0 0 0
##$SHL_LEFTLIMIT= (0..15)
0 0 0 0 0 0 0 0 0 0 0 0 0 0 0 0
##$SHL_LENGTH= (0..15)
25000.000373 0 0 0 0 0 0 0 0 0 0 0 0 0 0 0
##$SHL_MAN= (0..15)
<> <> <> <> <> <> <> <> <> <> <> <> <> <> <> <>
##$SHL_MEANAMP= (0..15)
0 0 0 0 0 0 0 0 0 0 0 0 0 0 0 0
##$SHL_MODAMP= (0..15)
0 0 0 0 0 0 0 0 0 0 0 0 0 0 0 0
##$SHL_MODE= (0..15)
0 0 0 0 0 0 0 0 0 0 0 0 0 0 0 0
##$SHL_MODFREQ= (0..15)
0 0 0 0 0 0 0 0 0 0 0 0 0 0 0 0
##$SHL_MODPHASE= (0..15)
0 0 0 0 0 0 0 0 0 0 0 0 0 0 0 0
##$SHL_MODSCALE= (0..15)
0 0 0 0 0 0 0 0 0 0 0 0 0 0 0 0
##$SHL_MODSW= (0..15)
0 0 0 0 0 0 0 0 0 0 0 0 0 0 0 0
##$SHL_MODSWDIR= (0..15)
-1 -1 -1 -1 -1 -1 -1 -1 -1 -1 -1 -1 -1 -1 -1 -1
##$SHL_MU= (0..15)
0 0 0 0 0 0 0 0 0 0 0 0 0 0 0 0
##$SHL_NPOINTS= (0..15)
1250 0 0 0 0 0 0 0 0 0 0 0 0 0 0 0
##$SHL_OFFS= (0..15)
<> <> <> <> <> <> <> <> <> <> <> <> <> <> <> <>
##$SHL_OFFSCOEFF0= (0..95)
0 0 0 0 0 0 0 0 0 0 0 0 0 0 0 0 0 0 0 0 0 0 0 0 0 0 0 0 0 0 0 0 0 0 0 0
0 0 0 0 0 0 0 0 0 0 0 0 0 0 0 0 0 0 0 0 0 0 0 0 0 0 0 0 0 0 0 0 0 0 0 0
0 0 0 0 0 0 0 0 0 0 0 0 0 0 0 0 0 0 0 0 0 0 0 0
##$SHL_OFFSCOEFF1= (0..95)
0 0 0 0 0 0 0 0 0 0 0 0 0 0 0 0 0 0 0 0 0 0 0 0 0 0 0 0 0 0 0 0 0 0 0 0
0 0 0 0 0 0 0 0 0 0 0 0 0 0 0 0 0 0 0 0 0 0 0 0 0 0 0 0 0 0 0 0 0 0 0 0
0 0 0 0 0 0 0 0 0 0 0 0 0 0 0 0 0 0 0 0 0 0 0 0
##$SHL_OFFSCOEFF10= (0..95)
0 0 0 0 0 0 0 0 0 0 0 0 0 0 0 0 0 0 0 0 0 0 0 0 0 0 0 0 0 0 0 0 0 0 0 0
0 0 0 0 0 0 0 0 0 0 0 0 0 0 0 0 0 0 0 0 0 0 0 0 0 0 0 0 0 0 0 0 0 0 0 0
0 0 0 0 0 0 0 0 0 0 0 0 0 0 0 0 0 0 0 0 0 0 0 0
##$SHL_OFFSCOEFF11= (0..95)
0 0 0 0 0 0 0 0 0 0 0 0 0 0 0 0 0 0 0 0 0 0 0 0 0 0 0 0 0 0 0 0 0 0 0 0
0 0 0 0 0 0 0 0 0 0 0 0 0 0 0 0 0 0 0 0 0 0 0 0 0 0 0 0 0 0 0 0 0 0 0 0
0 0 0 0 0 0 0 0 0 0 0 0 0 0 0 0 0 0 0 0 0 0 0 0
##$SHL_OFFSCOEFF12= (0..95)
0 0 0 0 0 0 0 0 0 0 0 0 0 0 0 0 0 0 0 0 0 0 0 0 0 0 0 0 0 0 0 0 0 0 0 0
0 0 0 0 0 0 0 0 0 0 0 0 0 0 0 0 0 0 0 0 0 0 0 0 0 0 0 0 0 0 0 0 0 0 0 0
0 0 0 0 0 0 0 0 0 0 0 0 0 0 0 0 0 0 0 0 0 0 0 0
##$SHL_OFFSCOEFF13= (0..95)
0 0 0 0 0 0 0 0 0 0 0 0 0 0 0 0 0 0 0 0 0 0 0 0 0 0 0 0 0 0 0 0 0 0 0 0
0 0 0 0 0 0 0 0 0 0 0 0 0 0 0 0 0 0 0 0 0 0 0 0 0 0 0 0 0 0 0 0 0 0 0 0
0 0 0 0 0 0 0 0 0 0 0 0 0 0 0 0 0 0 0 0 0 0 0 0
##$SHL_OFFSCOEFF14= (0..95)
0 0 0 0 0 0 0 0 0 0 0 0 0 0 0 0 0 0 0 0 0 0 0 0 0 0 0 0 0 0 0 0 0 0 0 0
0 0 0 0 0 0 0 0 0 0 0 0 0 0 0 0 0 0 0 0 0 0 0 0 0 0 0 0 0 0 0 0 0 0 0 0
0 0 0 0 0 0 0 0 0 0 0 0 0 0 0 0 0 0 0 0 0 0 0 0
##$SHL_OFFSCOEFF15= (0..95)
0 0 0 0 0 0 0 0 0 0 0 0 0 0 0 0 0 0 0 0 0 0 0 0 0 0 0 0 0 0 0 0 0 0 0 0
0 0 0 0 0 0 0 0 0 0 0 0 0 0 0 0 0 0 0 0 0 0 0 0 0 0 0 0 0 0 0 0 0 0 0 0
0 0 0 0 0 0 0 0 0 0 0 0 0 0 0 0 0 0 0 0 0 0 0 0
##$SHL_OFFSCOEFF2= (0..95)
0 0 0 0 0 0 0 0 0 0 0 0 0 0 0 0 0 0 0 0 0 0 0 0 0 0 0 0 0 0 0 0 0 0 0 0
0 0 0 0 0 0 0 0 0 0 0 0 0 0 0 0 0 0 0 0 0 0 0 0 0 0 0 0 0 0 0 0 0 0 0 0
0 0 0 0 0 0 0 0 0 0 0 0 0 0 0 0 0 0 0 0 0 0 0 0
##$SHL_OFFSCOEFF3= (0..95)
0 0 0 0 0 0 0 0 0 0 0 0 0 0 0 0 0 0 0 0 0 0 0 0 0 0 0 0 0 0 0 0 0 0 0 0
0 0 0 0 0 0 0 0 0 0 0 0 0 0 0 0 0 0 0 0 0 0 0 0 0 0 0 0 0 0 0 0 0 0 0 0
0 0 0 0 0 0 0 0 0 0 0 0 0 0 0 0 0 0 0 0 0 0 0 0
##$SHL_OFFSCOEFF4= (0..95)
0 0 0 0 0 0 0 0 0 0 0 0 0 0 0 0 0 0 0 0 0 0 0 0 0 0 0 0 0 0 0 0 0 0 0 0
0 0 0 0 0 0 0 0 0 0 0 0 0 0 0 0 0 0 0 0 0 0 0 0 0 0 0 0 0 0 0 0 0 0 0 0
0 0 0 0 0 0 0 0 0 0 0 0 0 0 0 0 0 0 0 0 0 0 0 0
##$SHL_OFFSCOEFF5= (0..95)
0 0 0 0 0 0 0 0 0 0 0 0 0 0 0 0 0 0 0 0 0 0 0 0 0 0 0 0 0 0 0 0 0 0 0 0
0 0 0 0 0 0 0 0 0 0 0 0 0 0 0 0 0 0 0 0 0 0 0 0 0 0 0 0 0 0 0 0 0 0 0 0
0 0 0 0 0 0 0 0 0 0 0 0 0 0 0 0 0 0 0 0 0 0 0 0
##$SHL_OFFSCOEFF6= (0..95)
0 0 0 0 0 0 0 0 0 0 0 0 0 0 0 0 0 0 0 0 0 0 0 0 0 0 0 0 0 0 0 0 0 0 0 0
0 0 0 0 0 0 0 0 0 0 0 0 0 0 0 0 0 0 0 0 0 0 0 0 0 0 0 0 0 0 0 0 0 0 0 0
0 0 0 0 0 0 0 0 0 0 0 0 0 0 0 0 0 0 0 0 0 0 0 0
##$SHL_OFFSCOEFF7= (0..95)
0 0 0 0 0 0 0 0 0 0 0 0 0 0 0 0 0 0 0 0 0 0 0 0 0 0 0 0 0 0 0 0 0 0 0 0
0 0 0 0 0 0 0 0 0 0 0 0 0 0 0 0 0 0 0 0 0 0 0 0 0 0 0 0 0 0 0 0 0 0 0 0
0 0 0 0 0 0 0 0 0 0 0 0 0 0 0 0 0 0 0 0 0 0 0 0
##$SHL_OFFSCOEFF8= (0..95)
0 0 0 0 0 0 0 0 0 0 0 0 0 0 0 0 0 0 0 0 0 0 0 0 0 0 0 0 0 0 0 0 0 0 0 0
0 0 0 0 0 0 0 0 0 0 0 0 0 0 0 0 0 0 0 0 0 0 0 0 0 0 0 0 0 0 0 0 0 0 0 0
0 0 0 0 0 0 0 0 0 0 0 0 0 0 0 0 0 0 0 0 0 0 0 0
##$SHL_OFFSCOEFF9= (0..95)
0 0 0 0 0 0 0 0 0 0 0 0 0 0 0 0 0 0 0 0 0 0 0 0 0 0 0 0 0 0 0 0 0 0 0 0
0 0 0 0 0 0 0 0 0 0 0 0 0 0 0 0 0 0 0 0 0 0 0 0 0 0 0 0 0 0 0 0 0 0 0 0
0 0 0 0 0 0 0 0 0 0 0 0 0 0 0 0 0 0 0 0 0 0 0 0
##$SHL_PHASE= (0..15)
0 0 0 0 0 0 0 0 0 0 0 0 0 0 0 0
##$SHL_PHASEFAC= (0..15)
0 0 0 0 0 0 0 0 0 0 0 0 0 0 0 0
##$SHL_POWERINDEX= (0..15)
0 0 0 0 0 0 0 0 0 0 0 0 0 0 0 0
##$SHL_QUADCOEFF= (0..15)
0 0 0 0 0 0 0 0 0 0 0 0 0 0 0 0
##$SHL_RIGHTLIMIT= (0..15)
0 0 0 0 0 0 0 0 0 0 0 0 0 0 0 0
##$SHL_SCALEFACTOR= (0..15)
1 1 1 1 1 1 1 1 1 1 1 1 1 1 1 1
##$SHL_SF= (0..15)
<> <> <> <> <> <> <> <> <> <> <> <> <> <> <> <>
##$SHL_SFCOEFFS0= (0..200)
0 0 0 0 0 0 0 0 0 0 0 0 0 0 0 0 0 0 0 0 0 0 0 0 0 0 0 0 0 0 0 0 0 0 0 0
0 0 0 0 0 0 0 0 0 0 0 0 0 0 0 0 0 0 0 0 0 0 0 0 0 0 0 0 0 0 0 0 0 0 0 0
0 0 0 0 0 0 0 0 0 0 0 0 0 0 0 0 0 0 0 0 0 0 0 0 0 0 0 0 0 0 0 0 0 0 0 0
0 0 0 0 0 0 0 0 0 0 0 0 0 0 0 0 0 0 0 0 0 0 0 0 0 0 0 0 0 0 0 0 0 0 0 0
0 0 0 0 0 0 0 0 0 0 0 0 0 0 0 0 0 0 0 0 0 0 0 0 0 0 0 0 0 0 0 0 0 0 0 0
0 0 0 0 0 0 0 0 0 0 0 0 0 0 0 0 0 0 0 0 0
##$SHL_SFCOEFFS1= (0..200)
0 0 0 0 0 0 0 0 0 0 0 0 0 0 0 0 0 0 0 0 0 0 0 0 0 0 0 0 0 0 0 0 0 0 0 0
0 0 0 0 0 0 0 0 0 0 0 0 0 0 0 0 0 0 0 0 0 0 0 0 0 0 0 0 0 0 0 0 0 0 0 0
0 0 0 0 0 0 0 0 0 0 0 0 0 0 0 0 0 0 0 0 0 0 0 0 0 0 0 0 0 0 0 0 0 0 0 0
0 0 0 0 0 0 0 0 0 0 0 0 0 0 0 0 0 0 0 0 0 0 0 0 0 0 0 0 0 0 0 0 0 0 0 0
0 0 0 0 0 0 0 0 0 0 0 0 0 0 0 0 0 0 0 0 0 0 0 0 0 0 0 0 0 0 0 0 0 0 0 0
0 0 0 0 0 0 0 0 0 0 0 0 0 0 0 0 0 0 0 0 0
##$SHL_SFCOEFFS10= (0..200)
0 0 0 0 0 0 0 0 0 0 0 0 0 0 0 0 0 0 0 0 0 0 0 0 0 0 0 0 0 0 0 0 0 0 0 0
0 0 0 0 0 0 0 0 0 0 0 0 0 0 0 0 0 0 0 0 0 0 0 0 0 0 0 0 0 0 0 0 0 0 0 0
0 0 0 0 0 0 0 0 0 0 0 0 0 0 0 0 0 0 0 0 0 0 0 0 0 0 0 0 0 0 0 0 0 0 0 0
0 0 0 0 0 0 0 0 0 0 0 0 0 0 0 0 0 0 0 0 0 0 0 0 0 0 0 0 0 0 0 0 0 0 0 0
0 0 0 0 0 0 0 0 0 0 0 0 0 0 0 0 0 0 0 0 0 0 0 0 0 0 0 0 0 0 0 0 0 0 0 0
0 0 0 0 0 0 0 0 0 0 0 0 0 0 0 0 0 0 0 0 0
##$SHL_SFCOEFFS11= (0..200)
0 0 0 0 0 0 0 0 0 0 0 0 0 0 0 0 0 0 0 0 0 0 0 0 0 0 0 0 0 0 0 0 0 0 0 0
0 0 0 0 0 0 0 0 0 0 0 0 0 0 0 0 0 0 0 0 0 0 0 0 0 0 0 0 0 0 0 0 0 0 0 0
0 0 0 0 0 0 0 0 0 0 0 0 0 0 0 0 0 0 0 0 0 0 0 0 0 0 0 0 0 0 0 0 0 0 0 0
0 0 0 0 0 0 0 0 0 0 0 0 0 0 0 0 0 0 0 0 0 0 0 0 0 0 0 0 0 0 0 0 0 0 0 0
0 0 0 0 0 0 0 0 0 0 0 0 0 0 0 0 0 0 0 0 0 0 0 0 0 0 0 0 0 0 0 0 0 0 0 0
0 0 0 0 0 0 0 0 0 0 0 0 0 0 0 0 0 0 0 0 0
##$SHL_SFCOEFFS12= (0..200)
0 0 0 0 0 0 0 0 0 0 0 0 0 0 0 0 0 0 0 0 0 0 0 0 0 0 0 0 0 0 0 0 0 0 0 0
0 0 0 0 0 0 0 0 0 0 0 0 0 0 0 0 0 0 0 0 0 0 0 0 0 0 0 0 0 0 0 0 0 0 0 0
0 0 0 0 0 0 0 0 0 0 0 0 0 0 0 0 0 0 0 0 0 0 0 0 0 0 0 0 0 0 0 0 0 0 0 0
0 0 0 0 0 0 0 0 0 0 0 0 0 0 0 0 0 0 0 0 0 0 0 0 0 0 0 0 0 0 0 0 0 0 0 0
0 0 0 0 0 0 0 0 0 0 0 0 0 0 0 0 0 0 0 0 0 0 0 0 0 0 0 0 0 0 0 0 0 0 0 0
0 0 0 0 0 0 0 0 0 0 0 0 0 0 0 0 0 0 0 0 0
##$SHL_SFCOEFFS13= (0..200)
0 0 0 0 0 0 0 0 0 0 0 0 0 0 0 0 0 0 0 0 0 0 0 0 0 0 0 0 0 0 0 0 0 0 0 0
0 0 0 0 0 0 0 0 0 0 0 0 0 0 0 0 0 0 0 0 0 0 0 0 0 0 0 0 0 0 0 0 0 0 0 0
0 0 0 0 0 0 0 0 0 0 0 0 0 0 0 0 0 0 0 0 0 0 0 0 0 0 0 0 0 0 0 0 0 0 0 0
0 0 0 0 0 0 0 0 0 0 0 0 0 0 0 0 0 0 0 0 0 0 0 0 0 0 0 0 0 0 0 0 0 0 0 0
0 0 0 0 0 0 0 0 0 0 0 0 0 0 0 0 0 0 0 0 0 0 0 0 0 0 0 0 0 0 0 0 0 0 0 0
0 0 0 0 0 0 0 0 0 0 0 0 0 0 0 0 0 0 0 0 0
##$SHL_SFCOEFFS14= (0..200)
0 0 0 0 0 0 0 0 0 0 0 0 0 0 0 0 0 0 0 0 0 0 0 0 0 0 0 0 0 0 0 0 0 0 0 0
0 0 0 0 0 0 0 0 0 0 0 0 0 0 0 0 0 0 0 0 0 0 0 0 0 0 0 0 0 0 0 0 0 0 0 0
0 0 0 0 0 0 0 0 0 0 0 0 0 0 0 0 0 0 0 0 0 0 0 0 0 0 0 0 0 0 0 0 0 0 0 0
0 0 0 0 0 0 0 0 0 0 0 0 0 0 0 0 0 0 0 0 0 0 0 0 0 0 0 0 0 0 0 0 0 0 0 0
0 0 0 0 0 0 0 0 0 0 0 0 0 0 0 0 0 0 0 0 0 0 0 0 0 0 0 0 0 0 0 0 0 0 0 0
0 0 0 0 0 0 0 0 0 0 0 0 0 0 0 0 0 0 0 0 0
##$SHL_SFCOEFFS15= (0..200)
0 0 0 0 0 0 0 0 0 0 0 0 0 0 0 0 0 0 0 0 0 0 0 0 0 0 0 0 0 0 0 0 0 0 0 0
0 0 0 0 0 0 0 0 0 0 0 0 0 0 0 0 0 0 0 0 0 0 0 0 0 0 0 0 0 0 0 0 0 0 0 0
0 0 0 0 0 0 0 0 0 0 0 0 0 0 0 0 0 0 0 0 0 0 0 0 0 0 0 0 0 0 0 0 0 0 0 0
0 0 0 0 0 0 0 0 0 0 0 0 0 0 0 0 0 0 0 0 0 0 0 0 0 0 0 0 0 0 0 0 0 0 0 0
0 0 0 0 0 0 0 0 0 0 0 0 0 0 0 0 0 0 0 0 0 0 0 0 0 0 0 0 0 0 0 0 0 0 0 0
0 0 0 0 0 0 0 0 0 0 0 0 0 0 0 0 0 0 0 0 0
##$SHL_SFCOEFFS2= (0..200)
0 0 0 0 0 0 0 0 0 0 0 0 0 0 0 0 0 0 0 0 0 0 0 0 0 0 0 0 0 0 0 0 0 0 0 0
0 0 0 0 0 0 0 0 0 0 0 0 0 0 0 0 0 0 0 0 0 0 0 0 0 0 0 0 0 0 0 0 0 0 0 0
0 0 0 0 0 0 0 0 0 0 0 0 0 0 0 0 0 0 0 0 0 0 0 0 0 0 0 0 0 0 0 0 0 0 0 0
0 0 0 0 0 0 0 0 0 0 0 0 0 0 0 0 0 0 0 0 0 0 0 0 0 0 0 0 0 0 0 0 0 0 0 0
0 0 0 0 0 0 0 0 0 0 0 0 0 0 0 0 0 0 0 0 0 0 0 0 0 0 0 0 0 0 0 0 0 0 0 0
0 0 0 0 0 0 0 0 0 0 0 0 0 0 0 0 0 0 0 0 0
##$SHL_SFCOEFFS3= (0..200)
0 0 0 0 0 0 0 0 0 0 0 0 0 0 0 0 0 0 0 0 0 0 0 0 0 0 0 0 0 0 0 0 0 0 0 0
0 0 0 0 0 0 0 0 0 0 0 0 0 0 0 0 0 0 0 0 0 0 0 0 0 0 0 0 0 0 0 0 0 0 0 0
0 0 0 0 0 0 0 0 0 0 0 0 0 0 0 0 0 0 0 0 0 0 0 0 0 0 0 0 0 0 0 0 0 0 0 0
0 0 0 0 0 0 0 0 0 0 0 0 0 0 0 0 0 0 0 0 0 0 0 0 0 0 0 0 0 0 0 0 0 0 0 0
0 0 0 0 0 0 0 0 0 0 0 0 0 0 0 0 0 0 0 0 0 0 0 0 0 0 0 0 0 0 0 0 0 0 0 0
0 0 0 0 0 0 0 0 0 0 0 0 0 0 0 0 0 0 0 0 0
##$SHL_SFCOEFFS4= (0..200)
0 0 0 0 0 0 0 0 0 0 0 0 0 0 0 0 0 0 0 0 0 0 0 0 0 0 0 0 0 0 0 0 0 0 0 0
0 0 0 0 0 0 0 0 0 0 0 0 0 0 0 0 0 0 0 0 0 0 0 0 0 0 0 0 0 0 0 0 0 0 0 0
0 0 0 0 0 0 0 0 0 0 0 0 0 0 0 0 0 0 0 0 0 0 0 0 0 0 0 0 0 0 0 0 0 0 0 0
0 0 0 0 0 0 0 0 0 0 0 0 0 0 0 0 0 0 0 0 0 0 0 0 0 0 0 0 0 0 0 0 0 0 0 0
0 0 0 0 0 0 0 0 0 0 0 0 0 0 0 0 0 0 0 0 0 0 0 0 0 0 0 0 0 0 0 0 0 0 0 0
0 0 0 0 0 0 0 0 0 0 0 0 0 0 0 0 0 0 0 0 0
##$SHL_SFCOEFFS5= (0..200)
0 0 0 0 0 0 0 0 0 0 0 0 0 0 0 0 0 0 0 0 0 0 0 0 0 0 0 0 0 0 0 0 0 0 0 0
0 0 0 0 0 0 0 0 0 0 0 0 0 0 0 0 0 0 0 0 0 0 0 0 0 0 0 0 0 0 0 0 0 0 0 0
0 0 0 0 0 0 0 0 0 0 0 0 0 0 0 0 0 0 0 0 0 0 0 0 0 0 0 0 0 0 0 0 0 0 0 0
0 0 0 0 0 0 0 0 0 0 0 0 0 0 0 0 0 0 0 0 0 0 0 0 0 0 0 0 0 0 0 0 0 0 0 0
0 0 0 0 0 0 0 0 0 0 0 0 0 0 0 0 0 0 0 0 0 0 0 0 0 0 0 0 0 0 0 0 0 0 0 0
0 0 0 0 0 0 0 0 0 0 0 0 0 0 0 0 0 0 0 0 0
##$SHL_SFCOEFFS6= (0..200)
0 0 0 0 0 0 0 0 0 0 0 0 0 0 0 0 0 0 0 0 0 0 0 0 0 0 0 0 0 0 0 0 0 0 0 0
0 0 0 0 0 0 0 0 0 0 0 0 0 0 0 0 0 0 0 0 0 0 0 0 0 0 0 0 0 0 0 0 0 0 0 0
0 0 0 0 0 0 0 0 0 0 0 0 0 0 0 0 0 0 0 0 0 0 0 0 0 0 0 0 0 0 0 0 0 0 0 0
0 0 0 0 0 0 0 0 0 0 0 0 0 0 0 0 0 0 0 0 0 0 0 0 0 0 0 0 0 0 0 0 0 0 0 0
0 0 0 0 0 0 0 0 0 0 0 0 0 0 0 0 0 0 0 0 0 0 0 0 0 0 0 0 0 0 0 0 0 0 0 0
0 0 0 0 0 0 0 0 0 0 0 0 0 0 0 0 0 0 0 0 0
##$SHL_SFCOEFFS7= (0..200)
0 0 0 0 0 0 0 0 0 0 0 0 0 0 0 0 0 0 0 0 0 0 0 0 0 0 0 0 0 0 0 0 0 0 0 0
0 0 0 0 0 0 0 0 0 0 0 0 0 0 0 0 0 0 0 0 0 0 0 0 0 0 0 0 0 0 0 0 0 0 0 0
0 0 0 0 0 0 0 0 0 0 0 0 0 0 0 0 0 0 0 0 0 0 0 0 0 0 0 0 0 0 0 0 0 0 0 0
0 0 0 0 0 0 0 0 0 0 0 0 0 0 0 0 0 0 0 0 0 0 0 0 0 0 0 0 0 0 0 0 0 0 0 0
0 0 0 0 0 0 0 0 0 0 0 0 0 0 0 0 0 0 0 0 0 0 0 0 0 0 0 0 0 0 0 0 0 0 0 0
0 0 0 0 0 0 0 0 0 0 0 0 0 0 0 0 0 0 0 0 0
##$SHL_SFCOEFFS8= (0..200)
0 0 0 0 0 0 0 0 0 0 0 0 0 0 0 0 0 0 0 0 0 0 0 0 0 0 0 0 0 0 0 0 0 0 0 0
0 0 0 0 0 0 0 0 0 0 0 0 0 0 0 0 0 0 0 0 0 0 0 0 0 0 0 0 0 0 0 0 0 0 0 0
0 0 0 0 0 0 0 0 0 0 0 0 0 0 0 0 0 0 0 0 0 0 0 0 0 0 0 0 0 0 0 0 0 0 0 0
0 0 0 0 0 0 0 0 0 0 0 0 0 0 0 0 0 0 0 0 0 0 0 0 0 0 0 0 0 0 0 0 0 0 0 0
0 0 0 0 0 0 0 0 0 0 0 0 0 0 0 0 0 0 0 0 0 0 0 0 0 0 0 0 0 0 0 0 0 0 0 0
0 0 0 0 0 0 0 0 0 0 0 0 0 0 0 0 0 0 0 0 0
##$SHL_SFCOEFFS9= (0..200)
0 0 0 0 0 0 0 0 0 0 0 0 0 0 0 0 0 0 0 0 0 0 0 0 0 0 0 0 0 0 0 0 0 0 0 0
0 0 0 0 0 0 0 0 0 0 0 0 0 0 0 0 0 0 0 0 0 0 0 0 0 0 0 0 0 0 0 0 0 0 0 0
0 0 0 0 0 0 0 0 0 0 0 0 0 0 0 0 0 0 0 0 0 0 0 0 0 0 0 0 0 0 0 0 0 0 0 0
0 0 0 0 0 0 0 0 0 0 0 0 0 0 0 0 0 0 0 0 0 0 0 0 0 0 0 0 0 0 0 0 0 0 0 0
0 0 0 0 0 0 0 0 0 0 0 0 0 0 0 0 0 0 0 0 0 0 0 0 0 0 0 0 0 0 0 0 0 0 0 0
0 0 0 0 0 0 0 0 0 0 0 0 0 0 0 0 0 0 0 0 0
##$SHL_SMOOTHED= (0..15)
0 0 0 0 0 0 0 0 0 0 0 0 0 0 0 0
##$SHL_SMOOTHING= (0..15)
0 0 0 0 0 0 0 0 0 0 0 0 0 0 0 0
##$SHL_SPOAL= (0..15)
0 0 0 0 0 0 0 0 0 0 0 0 0 0 0 0
##$SHL_SPOFFS= (0..15)
0 0 0 0 0 0 0 0 0 0 0 0 0 0 0 0
##$SHL_SPOPH= (0..15)
0 0 0 0 0 0 0 0 0 0 0 0 0 0 0 0
##$SHL_STARTAMP= (0..15)
0 0 0 0 0 0 0 0 0 0 0 0 0 0 0 0
##$SHL_SW= (0..15)
0 0 0 0 0 0 0 0 0 0 0 0 0 0 0 0
##$SHL_SWDIR= (0..15)
-1 -1 -1 -1 -1 -1 -1 -1 -1 -1 -1 -1 -1 -1 -1 -1
##$SHL_TANKAPPA= (0..15)
0 0 0 0 0 0 0 0 0 0 0 0 0 0 0 0
##$SHL_TOTROT= (0..15)
90 0 0 0 0 0 0 0 0 0 0 0 0 0 0 0
##$SHL_TRUNCLEV= (0..15)
0 0 0 0 0 0 0 0 0 0 0 0 0 0 0 0
##$SHL_TYPE= (0..15)
<Excitation> <> <> <> <> <> <> <> <> <> <> <> <> <> <> <>
##$SHL_WINDOWSIZE= (0..15)
0 0 0 0 0 0 0 0 0 0 0 0 0 0 0 0
##$SHL_ZETA= (0..15)
0 0 0 0 0 0 0 0 0 0 0 0 0 0 0 0
##NPOINTS= 1250
##XYPOINTS= (XY..XY)
72.788697, 50.050206
72.327452, 51.706067
71.863349, 53.362033
71.396423, 55.018106
70.926707, 56.674289
70.454237, 58.330585
69.979046, 59.986994
69.501169, 61.643521
69.020643, 63.300167
68.537501, 64.956935
68.051780, 66.613828
67.563514, 68.270849
67.072741, 69.928000
66.579495, 71.585284
66.083813, 73.242705
65.585731, 74.900266
65.085286, 76.557969
64.582515, 78.215819
64.077455, 79.873819
63.570141, 81.531973
63.060613, 83.190284
62.548907, 84.848757
62.035060, 86.507395
61.519111, 88.166203
61.001097, 89.825185
60.481056, 91.484346
59.959026, 93.143690
59.435047, 94.803222
58.909155, 96.462948
58.381390, 98.122872
57.851791, 99.783000
57.320396, 101.443338
56.787244, 103.103892
56.252375, 104.764668
55.715828, 106.425671
55.177642, 108.086910
54.637857, 109.748391
54.096511, 111.410121
53.553646, 113.072107
53.009301, 114.734358
52.463516, 116.396881
51.916331, 118.059685
51.367786, 119.722780
50.817921, 121.386173
50.266777, 123.049876
49.714395, 124.713897
49.160815, 126.378249
48.606077, 128.042940
48.050222, 129.707984
47.493292, 131.373393
46.935327, 133.039178
46.376369, 134.705354
45.816457, 136.371934
45.255634, 138.038933
44.693941, 139.706366
44.131419, 141.374249
43.568109, 143.042599
43.004054, 144.711434
42.439293, 146.380773
41.873870, 148.050636
41.307826, 149.721042
40.741201, 151.392014
40.174039, 153.063576
39.606381, 154.735751
39.038269, 156.408564
38.469744, 158.082045
37.900849, 159.756220
37.331625, 161.431120
36.762115, 163.106779
36.192361, 164.783229
35.622404, 166.460508
35.052288, 168.138653
34.482053, 169.817707
33.911743, 171.497712
33.341399, 173.178715
32.771064, 174.860765
32.200780, 176.543917
31.630590, 178.228226
31.060535, 179.913752
30.490659, 181.600561
29.921003, 183.288723
29.351610, 184.978312
28.782523, 186.669408
28.213784, 188.362098
27.645435, 190.056475
27.077520, 191.752640
26.510080, 193.450702
25.943159, 195.150778
25.376799, 196.852996
24.811043, 198.557496
24.245934, 200.264427
23.681515, 201.973956
23.117829, 203.686263
22.554918, 205.401543
21.992828, 207.120014
21.431599, 208.841913
20.871277, 210.567502
20.311905, 212.297069
19.753527, 214.030936
19.196187, 215.769457
18.639929, 217.513028
18.084799, 219.262090
17.530842, 221.017139
16.978103, 222.778729
16.426628, 224.547489
15.876465, 226.324126
15.327661, 228.109446
14.780265, 229.904369
14.234327, 231.709949
13.689898, 233.527398
13.147030, 235.358120
12.605778, 237.203750
12.066200, 239.066201
11.528355, 240.947725
10.992308, 242.850997
10.458127, 244.779213
9.925886, 246.736224
9.395668, 248.726715
8.867564, 250.756438
8.341677, 252.832536
7.818130, 254.963985
7.297065, 257.162221
6.778658, 259.442030
6.263124, 261.822869
5.750744, 264.330832
5.241888, 267.001706
4.737064, 269.885838
4.236993, 273.056186
3.742752, 276.622188
3.256021, 280.754726
2.779586, 285.733312
2.318374, 292.039294
1.881822, 300.543460
1.489446, 312.848026
1.183004, 331.517638
1.037953, 357.874979
1.115715, 25.693535
1.376460, 46.666803
1.737651, 60.520508
2.147487, 69.917336
2.581447, 76.746055
3.027912, 82.047050
3.480958, 86.389253
3.937316, 90.098069
4.395050, 93.369569
4.852942, 96.327722
5.310186, 99.054267
5.766224, 101.605084
6.220657, 104.019569
6.673186, 106.326247
7.123582, 108.546255
7.571665, 110.695576
8.017289, 112.786508
8.460332, 114.828665
8.900693, 116.829670
9.338283, 118.795639
9.773024, 120.731540
10.204847, 122.641443
10.633690, 124.528720
11.059495, 126.396184
11.482210, 128.246202
11.901785, 130.080776
12.318174, 131.901618
12.731332, 133.710192
13.141218, 135.507765
13.547792, 137.295432
13.951016, 139.074149
14.350851, 140.844753
14.747262, 142.607980
15.140215, 144.364478
15.529674, 146.114823
15.915607, 147.859526
16.297981, 149.599043
16.676764, 151.333783
17.051926, 153.064111
17.423435, 154.790358
17.791262, 156.512821
18.155377, 158.231768
18.515752, 159.947445
18.872357, 161.660073
19.225165, 163.369855
19.574149, 165.076975
19.919281, 166.781602
20.260534, 168.483890
20.597882, 170.183983
20.931299, 171.882010
21.260760, 173.578092
21.586239, 175.272341
21.907712, 176.964858
22.225154, 178.655740
22.538541, 180.345074
22.847849, 182.032943
23.153055, 183.719421
23.454136, 185.404581
23.751069, 187.088487
24.043832, 188.771203
24.332403, 190.452784
24.616760, 192.133285
24.896882, 193.812757
25.172748, 195.491245
25.444337, 197.168795
25.711629, 198.845448
25.974604, 200.521244
26.233242, 202.196217
26.487524, 203.870404
26.737432, 205.543837
26.982946, 207.216545
27.224048, 208.888559
27.460720, 210.559906
27.692945, 212.230611
27.920706, 213.900698
28.143985, 215.570191
28.362766, 217.239112
28.577033, 218.907481
28.786769, 220.575318
28.991960, 222.242641
29.192590, 223.909468
29.388644, 225.575816
29.580108, 227.241701
29.766967, 228.907137
29.949208, 230.572140
30.126816, 232.236722
30.299780, 233.900897
30.468086, 235.564677
30.631722, 237.228073
30.790675, 238.891098
30.944934, 240.553762
31.094488, 242.216074
31.239325, 243.878044
31.379435, 245.539682
31.514807, 247.200997
31.645431, 248.861996
31.771298, 250.522688
31.892398, 252.183081
32.008723, 253.843180
32.120263, 255.502995
32.227011, 257.162530
32.328958, 258.821792
32.426098, 260.480788
32.518422, 262.139523
32.605925, 263.798001
32.688599, 265.456230
32.766439, 267.114212
32.839438, 268.771953
32.907592, 270.429458
32.970895, 272.086730
33.029343, 273.743773
33.082931, 275.400591
33.131655, 277.057188
33.175512, 278.713567
33.214498, 280.369732
33.248611, 282.025684
33.277848, 283.681427
33.302206, 285.336963
33.321685, 286.992296
33.336282, 288.647426
33.345997, 290.302357
33.350828, 291.957089
33.350776, 293.611626
33.345839, 295.265967
33.336020, 296.920116
33.321318, 298.574073
33.301734, 300.227839
33.277270, 301.881416
33.247927, 303.534803
33.213708, 305.188002
33.174615, 306.841014
33.130651, 308.493838
33.081820, 310.146475
33.028124, 311.798925
32.969568, 313.451188
32.906155, 315.103264
32.837892, 316.755152
32.764782, 318.406851
32.686830, 320.058362
32.604044, 321.709683
32.516428, 323.360813
32.423989, 325.011751
32.326734, 326.662496
32.224670, 328.313045
32.117805, 329.963399
32.006146, 331.613553
31.889701, 333.263507
31.768479, 334.913258
31.642490, 336.562804
31.511741, 338.212142
31.376243, 339.861269
31.236005, 341.510181
31.091039, 343.158876
30.941354, 344.807350
30.786961, 346.455599
30.627873, 348.103619
30.464100, 349.751405
30.295654, 351.398953
30.122549, 353.046257
29.944795, 354.693313
29.762408, 356.340115
29.575399, 357.986656
29.383784, 359.632931
29.187575, 1.278932
28.986787, 2.924653
28.781435, 4.570085
28.571534, 6.215220
28.357100, 7.860051
28.138148, 9.504567
27.914694, 11.148759
27.686755, 12.792617
27.454347, 14.436130
27.217487, 16.079286
26.976194, 17.722073
26.730484, 19.364477
26.480376, 21.006486
26.225888, 22.648084
25.967039, 24.289255
25.703848, 25.929982
25.436334, 27.570249
25.164517, 29.210035
24.888417, 30.849320
24.608054, 32.488084
24.323449, 34.126301
24.034622, 35.763949
23.741596, 37.401000
23.444392, 39.037425
23.143031, 40.673195
22.837536, 42.308277
22.527930, 43.942636
22.214235, 45.576234
21.896474, 47.209029
21.574671, 48.840979
21.248850, 50.472037
20.919035, 52.102150
20.585250, 53.731263
20.247520, 55.359316
19.905871, 56.986245
19.560326, 58.611977
19.210913, 60.236435
18.857656, 61.859535
18.500583, 63.481185
18.139721, 65.101282
17.775095, 66.719716
17.406733, 68.336364
17.034663, 69.951090
16.658913, 71.563746
16.279511, 73.174165
15.896485, 74.782164
15.509866, 76.387536
15.119681, 77.990051
14.725962, 79.589453
14.328737, 81.185451
13.928038, 82.777717
13.523896, 84.365880
13.116342, 85.949516
12.705409, 87.528141
12.291128, 89.101201
11.873534, 90.668054
11.452660, 92.227954
11.028541, 93.780034
10.601212, 95.323272
10.170712, 96.856461
9.737077, 98.378164
9.300347, 99.886655
8.860564, 101.379844
8.417772, 102.855173
7.972017, 104.309483
7.523350, 105.738822
7.071827, 107.138181
6.617511, 108.501119
6.160472, 109.819207
5.700795, 111.081207
5.238584, 112.271789
4.773971, 113.369505
4.307131, 114.343398
3.838309, 115.147125
3.367874, 115.708117
2.896411, 115.906212
2.424946, 115.527723
1.955467, 114.155262
1.492428, 110.863220
1.048056, 103.213396
0.666770, 83.541780
0.522691, 38.072738
0.769139, 0.052149
1.186111, 345.283034
1.651097, 339.331423
2.134552, 336.747021
2.627596, 335.726145
3.126768, 335.545492
3.630451, 335.865240
4.137777, 336.506101
4.648238, 337.364946
5.161505, 338.378392
5.677353, 339.505388
6.195618, 340.718200
6.716174, 341.997426
7.238918, 343.329095
7.763767, 344.702888
8.290645, 346.111025
8.819488, 347.547527
9.350234, 349.007724
9.882829, 350.487919
10.417220, 351.985142
10.953356, 353.496984
11.491191, 355.021470
12.030675, 356.556964
12.571765, 358.102101
13.114415, 359.655731
13.658580, 1.216882
14.204218, 2.784722
14.751285, 4.358538
15.299737, 5.937716
15.849533, 7.521721
16.400630, 9.110089
16.952986, 10.702412
17.506559, 12.298331
18.061306, 13.897531
18.617186, 15.499730
19.174156, 17.104679
19.732176, 18.712155
20.291203, 20.321960
20.851195, 21.933914
21.412111, 23.547855
21.973909, 25.163639
22.536547, 26.781134
23.099983, 28.400221
23.664176, 30.020790
24.229083, 31.642742
24.794663, 33.265988
25.360875, 34.890444
25.927675, 36.516034
26.495023, 38.142690
27.062877, 39.770346
27.631194, 41.398943
28.199933, 43.028427
28.769052, 44.658748
29.338508, 46.289858
29.908261, 47.921714
30.478268, 49.554277
31.048486, 51.187508
31.618875, 52.821372
32.189392, 54.455838
32.759996, 56.090875
33.330643, 57.726454
33.901293, 59.362548
34.471904, 60.999134
35.042433, 62.636188
35.612838, 64.273688
36.183078, 65.911613
36.753112, 67.549944
37.322896, 69.188663
37.892389, 70.827753
38.461549, 72.467197
39.030336, 74.106981
39.598706, 75.747090
40.166618, 77.387510
40.734030, 79.028229
41.300901, 80.669234
41.867190, 82.310514
42.432854, 83.952058
42.997852, 85.593856
43.562143, 87.235897
44.125685, 88.878173
44.688437, 90.520674
45.250358, 92.163392
45.811407, 93.806319
46.371541, 95.449447
46.930721, 97.092770
47.488905, 98.736279
48.046053, 100.379969
48.602123, 102.023833
49.157074, 103.667864
49.710867, 105.312058
50.263460, 106.956409
50.814812, 108.600911
51.364885, 110.245560
51.913636, 111.890350
52.461026, 113.535276
53.007015, 115.180336
53.551562, 116.825523
54.094629, 118.470835
54.636174, 120.116266
55.176159, 121.761814
55.714543, 123.407475
56.251287, 125.053246
56.786353, 126.699122
57.319700, 128.345101
57.851289, 129.991179
58.381082, 131.637355
58.909040, 133.283624
59.435124, 134.929984
59.959295, 136.576433
60.481515, 138.222968
61.001746, 139.869586
61.519950, 141.516285
62.036088, 143.163063
62.550123, 144.809918
63.062018, 146.456847
63.571734, 148.103848
64.079234, 149.750920
64.584481, 151.398061
65.087438, 153.045268
65.588069, 154.692540
66.086336, 156.339875
66.582203, 157.987271
67.075633, 159.634728
67.566591, 161.282242
68.055040, 162.929814
68.540945, 164.577440
69.024270, 166.225121
69.504980, 167.872854
69.983039, 169.520638
70.458412, 171.168472
70.931065, 172.816354
71.400963, 174.464284
71.868071, 176.112260
72.332356, 177.760282
72.793782, 179.408347
73.252317, 181.056455
73.707927, 182.704604
74.160578, 184.352795
74.610237, 186.001025
75.056872, 187.649294
75.500448, 189.297601
75.940935, 190.945945
76.378300, 192.594325
76.812510, 194.242741
77.243534, 195.891191
77.671341, 197.539674
78.095898, 199.188190
78.517175, 200.836739
78.935141, 202.485318
79.349765, 204.133928
79.761017, 205.782568
80.168867, 207.431237
80.573284, 209.079935
80.974240, 210.728661
81.371705, 212.377413
81.765649, 214.026192
82.156044, 215.674998
82.542862, 217.323828
82.926073, 218.972684
83.305650, 220.621563
83.681565, 222.270466
84.053790, 223.919393
84.422299, 225.568341
84.787064, 227.217312
85.148058, 228.866305
85.505255, 230.515319
85.858629, 232.164353
86.208153, 233.813407
86.553803, 235.462481
86.895553, 237.111574
87.233378, 238.760686
87.567253, 240.409817
87.897153, 242.058965
88.223055, 243.708131
88.544935, 245.357314
88.862769, 247.006513
89.176533, 248.655729
89.486205, 250.304961
89.791762, 251.954209
90.093182, 253.603472
90.390443, 255.252749
90.683522, 256.902041
90.972398, 258.551348
91.257051, 260.200668
91.537458, 261.850002
91.813601, 263.499348
92.085458, 265.148708
92.353009, 266.798080
92.616236, 268.447465
92.875118, 270.096861
93.129637, 271.746269
93.379774, 273.395689
93.625510, 275.045119
93.866828, 276.694560
94.103711, 278.344012
94.336139, 279.993474
94.564098, 281.642946
94.787569, 283.292428
95.006537, 284.941919
95.220986, 286.591419
95.430899, 288.240928
95.636262, 289.890446
95.837058, 291.539973
96.033275, 293.189507
96.224897, 294.839050
96.411910, 296.488600
96.594300, 298.138158
96.772055, 299.787723
96.945161, 301.437295
97.113605, 303.086874
97.277375, 304.736459
97.436459, 306.386051
97.590846, 308.035649
97.740524, 309.685253
97.885482, 311.334862
98.025709, 312.984478
98.161196, 314.634098
98.291932, 316.283724
98.417908, 317.933354
98.539114, 319.582990
98.655542, 321.232629
98.767183, 322.882273
98.874029, 324.531922
98.976072, 326.181574
99.073304, 327.831230
99.165719, 329.480889
99.253310, 331.130552
99.336070, 332.780218
99.413993, 334.429887
99.487074, 336.079559
99.555307, 337.729233
99.618686, 339.378910
99.677209, 341.028589
99.730870, 342.678270
99.779665, 344.327953
99.823590, 345.977637
99.862643, 347.627324
99.896821, 349.277011
99.926121, 350.926700
99.950541, 352.576389
99.970079, 354.226080
99.984733, 355.875771
99.994504, 357.525462
99.999389, 359.175154
99.999389, 0.824846
99.994504, 2.474538
99.984733, 4.124229
99.970079, 5.773920
99.950541, 7.423611
99.926121, 9.073300
99.896821, 10.722989
99.862643, 12.372676
99.823590, 14.022363
99.779665, 15.672047
99.730870, 17.321730
99.677209, 18.971411
99.618686, 20.621090
99.555307, 22.270767
99.487074, 23.920441
99.413993, 25.570113
99.336070, 27.219782
99.253310, 28.869448
99.165719, 30.519111
99.073304, 32.168770
98.976072, 33.818426
98.874029, 35.468078
98.767183, 37.117727
98.655542, 38.767371
98.539114, 40.417010
98.417908, 42.066646
98.291932, 43.716276
98.161196, 45.365902
98.025709, 47.015522
97.885482, 48.665138
97.740524, 50.314747
97.590846, 51.964351
97.436459, 53.613949
97.277375, 55.263541
97.113605, 56.913126
96.945161, 58.562705
96.772055, 60.212277
96.594300, 61.861842
96.411910, 63.511400
96.224897, 65.160950
96.033275, 66.810493
95.837058, 68.460027
95.636262, 70.109554
95.430899, 71.759072
95.220986, 73.408581
95.006537, 75.058081
94.787569, 76.707572
94.564098, 78.357054
94.336139, 80.006526
94.103711, 81.655988
93.866828, 83.305440
93.625510, 84.954881
93.379774, 86.604311
93.129637, 88.253731
92.875118, 89.903139
92.616236, 91.552535
92.353009, 93.201920
92.085458, 94.851292
91.813601, 96.500652
91.537458, 98.149998
91.257051, 99.799332
90.972398, 101.448652
90.683522, 103.097959
90.390443, 104.747251
90.093182, 106.396528
89.791762, 108.045791
89.486205, 109.695039
89.176533, 111.344271
88.862769, 112.993487
88.544935, 114.642686
88.223055, 116.291869
87.897153, 117.941035
87.567253, 119.590183
87.233378, 121.239314
86.895553, 122.888426
86.553803, 124.537519
86.208153, 126.186593
85.858629, 127.835647
85.505255, 129.484681
85.148058, 131.133695
84.787064, 132.782688
84.422299, 134.431659
84.053790, 136.080607
83.681565, 137.729534
83.305650, 139.378437
82.926073, 141.027316
82.542862, 142.676172
82.156044, 144.325002
81.765649, 145.973808
81.371705, 147.622587
80.974240, 149.271339
80.573284, 150.920065
80.168867, 152.568763
79.761017, 154.217432
79.349765, 155.866072
78.935141, 157.514682
78.517175, 159.163261
78.095898, 160.811810
77.671341, 162.460326
77.243534, 164.108809
76.812510, 165.757259
76.378300, 167.405675
75.940935, 169.054055
75.500448, 170.702399
75.056872, 172.350706
74.610237, 173.998975
74.160578, 175.647205
73.707927, 177.295396
73.252317, 178.943545
72.793782, 180.591653
72.332356, 182.239718
71.868071, 183.887740
71.400963, 185.535716
70.931065, 187.183646
70.458412, 188.831528
69.983039, 190.479362
69.504980, 192.127146
69.024270, 193.774879
68.540945, 195.422560
68.055040, 197.070186
67.566591, 198.717758
67.075633, 200.365272
66.582203, 202.012729
66.086336, 203.660125
65.588069, 205.307460
65.087438, 206.954732
64.584481, 208.601939
64.079234, 210.249080
63.571734, 211.896152
63.062018, 213.543153
62.550123, 215.190082
62.036088, 216.836937
61.519950, 218.483715
61.001746, 220.130414
60.481515, 221.777032
59.959295, 223.423567
59.435124, 225.070016
58.909040, 226.716376
58.381082, 228.362645
57.851289, 230.008821
57.319700, 231.654899
56.786353, 233.300878
56.251287, 234.946754
55.714543, 236.592525
55.176159, 238.238186
54.636174, 239.883734
54.094629, 241.529165
53.551562, 243.174477
53.007015, 244.819664
52.461026, 246.464724
51.913636, 248.109650
51.364885, 249.754440
50.814812, 251.399089
50.263460, 253.043591
49.710867, 254.687942
49.157074, 256.332136
48.602123, 257.976167
48.046053, 259.620031
47.488905, 261.263721
46.930721, 262.907230
46.371541, 264.550553
45.811407, 266.193681
45.250358, 267.836608
44.688437, 269.479326
44.125685, 271.121827
43.562143, 272.764103
42.997852, 274.406144
42.432854, 276.047942
41.867190, 277.689486
41.300901, 279.330766
40.734030, 280.971771
40.166618, 282.612490
39.598706, 284.252910
39.030336, 285.893019
38.461549, 287.532803
37.892389, 289.172247
37.322896, 290.811337
36.753112, 292.450056
36.183078, 294.088387
35.612838, 295.726312
35.042433, 297.363812
34.471904, 299.000866
33.901293, 300.637452
33.330643, 302.273546
32.759996, 303.909125
32.189392, 305.544162
31.618875, 307.178628
31.048486, 308.812492
30.478268, 310.445723
29.908261, 312.078286
29.338508, 313.710142
28.769052, 315.341252
28.199933, 316.971573
27.631194, 318.601057
27.062877, 320.229654
26.495023, 321.857310
25.927675, 323.483966
25.360875, 325.109556
24.794663, 326.734012
24.229083, 328.357258
23.664176, 329.979210
23.099983, 331.599779
22.536547, 333.218866
21.973909, 334.836361
21.412111, 336.452145
20.851195, 338.066086
20.291203, 339.678040
19.732176, 341.287845
19.174156, 342.895321
18.617186, 344.500270
18.061306, 346.102469
17.506559, 347.701669
16.952986, 349.297588
16.400630, 350.889911
15.849533, 352.478279
15.299737, 354.062284
14.751285, 355.641462
14.204218, 357.215278
13.658580, 358.783118
13.114415, 0.344269
12.571765, 1.897899
12.030675, 3.443036
11.491191, 4.978530
10.953356, 6.503016
10.417220, 8.014858
9.882829, 9.512081
9.350234, 10.992276
8.819488, 12.452473
8.290645, 13.888975
7.763767, 15.297112
7.238918, 16.670905
6.716174, 18.002574
6.195618, 19.281800
5.677353, 20.494612
5.161505, 21.621608
4.648238, 22.635054
4.137777, 23.493899
3.630451, 24.134760
3.126768, 24.454508
2.627596, 24.273855
2.134552, 23.252979
1.651097, 20.668577
1.186111, 14.716966
0.769139, 359.947851
0.522691, 321.927262
0.666770, 276.458220
1.048056, 256.786604
1.492428, 249.136780
1.955467, 245.844738
2.424946, 244.472277
2.896411, 244.093788
3.367874, 244.291883
3.838309, 244.852875
4.307131, 245.656602
4.773971, 246.630495
5.238584, 247.728211
5.700795, 248.918793
6.160472, 250.180793
6.617511, 251.498881
7.071827, 252.861819
7.523350, 254.261178
7.972017, 255.690517
8.417772, 257.144827
8.860564, 258.620156
9.300347, 260.113345
9.737077, 261.621836
10.170712, 263.143539
10.601212, 264.676728
11.028541, 266.219966
11.452660, 267.772046
11.873534, 269.331946
12.291128, 270.898799
12.705409, 272.471859
13.116342, 274.050484
13.523896, 275.634120
13.928038, 277.222283
14.328737, 278.814549
14.725962, 280.410547
15.119681, 282.009949
15.509866, 283.612464
15.896485, 285.217836
16.279511, 286.825835
16.658913, 288.436254
17.034663, 290.048910
17.406733, 291.663636
17.775095, 293.280284
18.139721, 294.898718
18.500583, 296.518815
18.857656, 298.140465
19.210913, 299.763565
19.560326, 301.388023
19.905871, 303.013755
20.247520, 304.640684
20.585250, 306.268737
20.919035, 307.897850
21.248850, 309.527963
21.574671, 311.159021
21.896474, 312.790971
22.214235, 314.423766
22.527930, 316.057364
22.837536, 317.691723
23.143031, 319.326805
23.444392, 320.962575
23.741596, 322.599000
24.034622, 324.236051
24.323449, 325.873699
24.608054, 327.511916
24.888417, 329.150680
25.164517, 330.789965
25.436334, 332.429751
25.703848, 334.070018
25.967039, 335.710745
26.225888, 337.351916
26.480376, 338.993514
26.730484, 340.635523
26.976194, 342.277927
27.217487, 343.920714
27.454347, 345.563870
27.686755, 347.207383
27.914694, 348.851241
28.138148, 350.495433
28.357100, 352.139949
28.571534, 353.784780
28.781435, 355.429915
28.986787, 357.075347
29.187575, 358.721068
29.383784, 0.367069
29.575399, 2.013344
29.762408, 3.659885
29.944795, 5.306687
30.122549, 6.953743
30.295654, 8.601047
30.464100, 10.248595
30.627873, 11.896381
30.786961, 13.544401
30.941354, 15.192650
31.091039, 16.841124
31.236005, 18.489819
31.376243, 20.138731
31.511741, 21.787858
31.642490, 23.437196
31.768479, 25.086742
31.889701, 26.736493
32.006146, 28.386447
32.117805, 30.036601
32.224670, 31.686955
32.326734, 33.337504
32.423989, 34.988249
32.516428, 36.639187
32.604044, 38.290317
32.686830, 39.941638
32.764782, 41.593149
32.837892, 43.244848
32.906155, 44.896736
32.969568, 46.548812
33.028124, 48.201075
33.081820, 49.853525
33.130651, 51.506162
33.174615, 53.158986
33.213708, 54.811998
33.247927, 56.465197
33.277270, 58.118584
33.301734, 59.772161
33.321318, 61.425927
33.336020, 63.079884
33.345839, 64.734033
33.350776, 66.388374
33.350828, 68.042911
33.345997, 69.697643
33.336282, 71.352574
33.321685, 73.007704
33.302206, 74.663037
33.277848, 76.318573
33.248611, 77.974316
33.214498, 79.630268
33.175512, 81.286433
33.131655, 82.942812
33.082931, 84.599409
33.029343, 86.256227
32.970895, 87.913270
32.907592, 89.570542
32.839438, 91.228047
32.766439, 92.885788
32.688599, 94.543770
32.605925, 96.201999
32.518422, 97.860477
32.426098, 99.519212
32.328958, 101.178208
32.227011, 102.837470
32.120263, 104.497005
32.008723, 106.156820
31.892398, 107.816919
31.771298, 109.477312
31.645431, 111.138004
31.514807, 112.799003
31.379435, 114.460318
31.239325, 116.121956
31.094488, 117.783926
30.944934, 119.446238
30.790675, 121.108902
30.631722, 122.771927
30.468086, 124.435323
30.299780, 126.099103
30.126816, 127.763278
29.949208, 129.427860
29.766967, 131.092863
29.580108, 132.758299
29.388644, 134.424184
29.192590, 136.090532
28.991960, 137.757359
28.786769, 139.424682
28.577033, 141.092519
28.362766, 142.760888
28.143985, 144.429809
27.920706, 146.099302
27.692945, 147.769389
27.460720, 149.440094
27.224048, 151.111441
26.982946, 152.783455
26.737432, 154.456163
26.487524, 156.129596
26.233242, 157.803783
25.974604, 159.478756
25.711629, 161.154552
25.444337, 162.831205
25.172748, 164.508755
24.896882, 166.187243
24.616760, 167.866715
24.332403, 169.547216
24.043832, 171.228797
23.751069, 172.911513
23.454136, 174.595419
23.153055, 176.280579
22.847849, 177.967057
22.538541, 179.654926
22.225154, 181.344260
21.907712, 183.035142
21.586239, 184.727659
21.260760, 186.421908
20.931299, 188.117990
20.597882, 189.816017
20.260534, 191.516110
19.919281, 193.218398
19.574149, 194.923025
19.225165, 196.630145
18.872357, 198.339927
18.515752, 200.052555
18.155377, 201.768232
17.791262, 203.487179
17.423435, 205.209642
17.051926, 206.935889
16.676764, 208.666217
16.297981, 210.400957
15.915607, 212.140474
15.529674, 213.885177
15.140215, 215.635522
14.747262, 217.392020
14.350851, 219.155247
13.951016, 220.925851
13.547792, 222.704568
13.141218, 224.492235
12.731332, 226.289808
12.318174, 228.098382
11.901785, 229.919224
11.482210, 231.753798
11.059495, 233.603816
10.633690, 235.471280
10.204847, 237.358557
9.773024, 239.268460
9.338283, 241.204361
8.900693, 243.170330
8.460332, 245.171335
8.017289, 247.213492
7.571665, 249.304424
7.123582, 251.453745
6.673186, 253.673753
6.220657, 255.980431
5.766224, 258.394916
5.310186, 260.945733
4.852942, 263.672278
4.395050, 266.630431
3.937316, 269.901931
3.480958, 273.610747
3.027912, 277.952950
2.581447, 283.253945
2.147487, 290.082664
1.737651, 299.479492
1.376460, 313.333197
1.115715, 334.306465
1.037953, 2.125021
1.183004, 28.482362
1.489446, 47.151974
1.881822, 59.456540
2.318374, 67.960706
2.779586, 74.266688
3.256021, 79.245274
3.742752, 83.377812
4.236993, 86.943814
4.737064, 90.114162
5.241888, 92.998294
5.750744, 95.669168
6.263124, 98.177131
6.778658, 100.557970
7.297065, 102.837779
7.818130, 105.036015
8.341677, 107.167464
8.867564, 109.243562
9.395668, 111.273285
9.925886, 113.263776
10.458127, 115.220787
10.992308, 117.149003
11.528355, 119.052275
12.066200, 120.933799
12.605778, 122.796250
13.147030, 124.641880
13.689898, 126.472602
14.234327, 128.290051
14.780265, 130.095631
15.327661, 131.890554
15.876465, 133.675874
16.426628, 135.452511
16.978103, 137.221271
17.530842, 138.982861
18.084799, 140.737910
18.639929, 142.486972
19.196187, 144.230543
19.753527, 145.969064
20.311905, 147.702931
20.871277, 149.432498
21.431599, 151.158087
21.992828, 152.879986
22.554918, 154.598457
23.117829, 156.313737
23.681515, 158.026044
24.245934, 159.735573
24.811043, 161.442504
25.376799, 163.147004
25.943159, 164.849222
26.510080, 166.549298
27.077520, 168.247360
27.645435, 169.943525
28.213784, 171.637902
28.782523, 173.330592
29.351610, 175.021688
29.921003, 176.711277
30.490659, 178.399439
31.060535, 180.086248
31.630590, 181.771774
32.200780, 183.456083
32.771064, 185.139235
33.341399, 186.821285
33.911743, 188.502288
34.482053, 190.182293
35.052288, 191.861347
35.622404, 193.539492
36.192361, 195.216771
36.762115, 196.893221
37.331625, 198.568880
37.900849, 200.243780
38.469744, 201.917955
39.038269, 203.591436
39.606381, 205.264249
40.174039, 206.936424
40.741201, 208.607986
41.307826, 210.278958
41.873870, 211.949364
42.439293, 213.619227
43.004054, 215.288566
43.568109, 216.957401
44.131419, 218.625751
44.693941, 220.293634
45.255634, 221.961067
45.816457, 223.628066
46.376369, 225.294646
46.935327, 226.960822
47.493292, 228.626607
48.050222, 230.292016
48.606077, 231.957060
49.160815, 233.621751
49.714395, 235.286103
50.266777, 236.950124
50.817921, 238.613827
51.367786, 240.277220
51.916331, 241.940315
52.463516, 243.603119
53.009301, 245.265642
53.553646, 246.927893
54.096511, 248.589879
54.637857, 250.251609
55.177642, 251.913090
55.715828, 253.574329
56.252375, 255.235332
56.787244, 256.896108
57.320396, 258.556662
57.851791, 260.217000
58.381390, 261.877128
58.909155, 263.537052
59.435047, 265.196778
59.959026, 266.856310
60.481056, 268.515654
61.001097, 270.174815
61.519111, 271.833797
62.035060, 273.492605
62.548907, 275.151243
63.060613, 276.809716
63.570141, 278.468027
64.077455, 280.126181
64.582515, 281.784181
65.085286, 283.442031
65.585731, 285.099734
66.083813, 286.757295
66.579495, 288.414716
67.072741, 290.072000
67.563514, 291.729151
68.051780, 293.386172
68.537501, 295.043065
69.020643, 296.699833
69.501169, 298.356479
69.979046, 300.013006
70.454237, 301.669415
70.926707, 303.325711
71.396423, 304.981894
71.863349, 306.637967
72.327452, 308.293933
72.788697, 309.949794
##END=
