##TITLE= Parameter file, TopSpin 4.3.0
##JCAMPDX= 5.0
##DATATYPE= Parameter Values
##ORIGIN= Bruker BioSpin GmbH
##OWNER= nmrsu
$$ 2024-02-28 12:50:57.140 +0000  nmrsu@4CE1161FJM
$$ C:/Bruker/TopSpin4.3.0/exp/stan/nmr/lists/wave/user/multisupp_aux_d8
$$ process C:\Bruker\TopSpin4.3.0\prog\mod\xwinshape.exe
##MINX= 0.41485900
##MAXX= 99.99938900
##MINY= 0.01230700
##MAXY= 359.98769300
##$SHAPE_ADDPHASE= 0
##$SHAPE_AMP= 99.99938932
##$SHAPE_BWFAC= 0
##$SHAPE_BWFAC50= 0
##$SHAPE_CALCBW= yes
##$SHAPE_CALCINTEG= yes
##$SHAPE_EXMODE= <Excitation>
##$SHAPE_EXPAND= <>
##$SHAPE_EXPANDCF= (0..143)
0 0 0 0 0 0 0 0 0 0 0 0 0 0 0 0 0 0 0 0 0 0 0 0 0 0 0 0 0 0 0 0 0 0 0 0
0 0 0 0 0 0 0 0 0 0 0 0 0 0 0 0 0 0 0 0 0 0 0 0 0 0 0 0 0 0 0 0 0 0 0 0
0 0 0 0 0 0 0 0 0 0 0 0 0 0 0 0 0 0 0 0 0 0 0 0 0 0 0 0 0 0 0 0 0 0 0 0
0 0 0 0 0 0 0 0 0 0 0 0 0 0 0 0 0 0 0 0 0 0 0 0 0 0 0 0 0 0 0 0 0 0 0 0
##$SHAPE_EXPFAC= 0
##$SHAPE_FRACEND= 0
##$SHAPE_FRACORG= 0
##$SHAPE_FRACSTART= 0
##$SHAPE_INTEGFAC= 0
##$SHAPE_KEEPRES= yes
##$SHAPE_LENGTH= 25000.000373
##$SHAPE_MAN= <M>
##$SHAPE_MODE= 3
##$SHAPE_MODFREQ= 0
##$SHAPE_MODPHASE= 0
##$SHAPE_MODSCALE= 0
##$SHAPE_MODSW= 0
##$SHAPE_MODSWDIR= -1
##$SHAPE_NPOINTS= 1250
##$SHAPE_OFFS= <1 3>
##$SHAPE_OFFSCOEFF= (0..95)
-146.0865 0 100 -213.81014 0 100 -282.33002 0 100 0 0 0 0 0 0 0 0 0 0 0
0 0 0 0 0 0 0 0 0 0 0 0 0 0 0 0 0 0 0 0 0 0 0 0 0 0 0 0 0 0 0 0 0 0 0 0
0 0 0 0 0 0 0 0 0 0 0 0 0 0 0 0 0 0 0 0 0 0 0 0 0 0 0 0 0 0 0 0 0 0 0 0
0 0 0 0
##$SHAPE_PARAMETER= <>
##$SHAPE_REPHFAC= 0
##$SHAPE_RES= 0
##$SHAPE_SCALEFAC= 1.00000611
##$SHAPE_SCALETYPE= 0
##$SHAPE_SPOAL= 0
##$SHAPE_SPOFFS= 0
##$SHAPE_SPOPH= 0
##$SHAPE_TOTROT= 90
##$SHAPE_TYPE= <Excitation>
##$SHAPE_USER_DEF= <>
##$SHAPE_VERSION= 2.1
##$SHL_ADDPHASE= (0..15)
0 0 0 0 0 0 0 0 0 0 0 0 0 0 0 0
##$SHL_ALIGNOFFSET= (0..15)
0 0 0 0 0 0 0 0 0 0 0 0 0 0 0 0
##$SHL_AMP= (0..15)
100 0 0 0 0 0 0 0 0 0 0 0 0 0 0 0
##$SHL_AMPFAC= (0..15)
0 0 0 0 0 0 0 0 0 0 0 0 0 0 0 0
##$SHL_BETA= (0..15)
0 0 0 0 0 0 0 0 0 0 0 0 0 0 0 0
##$SHL_BWFAC= (0..15)
1.116 0 0 0 0 0 0 0 0 0 0 0 0 0 0 0
##$SHL_CALCBW= (0..15)
yes yes yes yes yes yes yes yes yes yes yes yes yes yes yes yes
##$SHL_CALCINTEG= (0..15)
yes yes yes yes yes yes yes yes yes yes yes yes yes yes yes yes
##$SHL_CENTERAMP= (0..15)
0 0 0 0 0 0 0 0 0 0 0 0 0 0 0 0
##$SHL_CYCNUM= (0..15)
0 0 0 0 0 0 0 0 0 0 0 0 0 0 0 0
##$SHL_DIPOLCPL= (0..15)
0 0 0 0 0 0 0 0 0 0 0 0 0 0 0 0
##$SHL_ENDAMP= (0..15)
0 0 0 0 0 0 0 0 0 0 0 0 0 0 0 0
##$SHL_EXMODE= (0..15)
<Excitation> <> <> <> <> <> <> <> <> <> <> <> <> <> <> <>
##$SHL_EXPAND= (0..15)
<> <> <> <> <> <> <> <> <> <> <> <> <> <> <> <>
##$SHL_EXPANDCF0= (0..143)
0 0 0 0 0 0 0 0 0 0 0 0 0 0 0 0 0 0 0 0 0 0 0 0 0 0 0 0 0 0 0 0 0 0 0 0
0 0 0 0 0 0 0 0 0 0 0 0 0 0 0 0 0 0 0 0 0 0 0 0 0 0 0 0 0 0 0 0 0 0 0 0
0 0 0 0 0 0 0 0 0 0 0 0 0 0 0 0 0 0 0 0 0 0 0 0 0 0 0 0 0 0 0 0 0 0 0 0
0 0 0 0 0 0 0 0 0 0 0 0 0 0 0 0 0 0 0 0 0 0 0 0 0 0 0 0 0 0 0 0 0 0 0 0
##$SHL_EXPANDCF1= (0..143)
0 0 0 0 0 0 0 0 0 0 0 0 0 0 0 0 0 0 0 0 0 0 0 0 0 0 0 0 0 0 0 0 0 0 0 0
0 0 0 0 0 0 0 0 0 0 0 0 0 0 0 0 0 0 0 0 0 0 0 0 0 0 0 0 0 0 0 0 0 0 0 0
0 0 0 0 0 0 0 0 0 0 0 0 0 0 0 0 0 0 0 0 0 0 0 0 0 0 0 0 0 0 0 0 0 0 0 0
0 0 0 0 0 0 0 0 0 0 0 0 0 0 0 0 0 0 0 0 0 0 0 0 0 0 0 0 0 0 0 0 0 0 0 0
##$SHL_EXPANDCF10= (0..143)
0 0 0 0 0 0 0 0 0 0 0 0 0 0 0 0 0 0 0 0 0 0 0 0 0 0 0 0 0 0 0 0 0 0 0 0
0 0 0 0 0 0 0 0 0 0 0 0 0 0 0 0 0 0 0 0 0 0 0 0 0 0 0 0 0 0 0 0 0 0 0 0
0 0 0 0 0 0 0 0 0 0 0 0 0 0 0 0 0 0 0 0 0 0 0 0 0 0 0 0 0 0 0 0 0 0 0 0
0 0 0 0 0 0 0 0 0 0 0 0 0 0 0 0 0 0 0 0 0 0 0 0 0 0 0 0 0 0 0 0 0 0 0 0
##$SHL_EXPANDCF11= (0..143)
0 0 0 0 0 0 0 0 0 0 0 0 0 0 0 0 0 0 0 0 0 0 0 0 0 0 0 0 0 0 0 0 0 0 0 0
0 0 0 0 0 0 0 0 0 0 0 0 0 0 0 0 0 0 0 0 0 0 0 0 0 0 0 0 0 0 0 0 0 0 0 0
0 0 0 0 0 0 0 0 0 0 0 0 0 0 0 0 0 0 0 0 0 0 0 0 0 0 0 0 0 0 0 0 0 0 0 0
0 0 0 0 0 0 0 0 0 0 0 0 0 0 0 0 0 0 0 0 0 0 0 0 0 0 0 0 0 0 0 0 0 0 0 0
##$SHL_EXPANDCF12= (0..143)
0 0 0 0 0 0 0 0 0 0 0 0 0 0 0 0 0 0 0 0 0 0 0 0 0 0 0 0 0 0 0 0 0 0 0 0
0 0 0 0 0 0 0 0 0 0 0 0 0 0 0 0 0 0 0 0 0 0 0 0 0 0 0 0 0 0 0 0 0 0 0 0
0 0 0 0 0 0 0 0 0 0 0 0 0 0 0 0 0 0 0 0 0 0 0 0 0 0 0 0 0 0 0 0 0 0 0 0
0 0 0 0 0 0 0 0 0 0 0 0 0 0 0 0 0 0 0 0 0 0 0 0 0 0 0 0 0 0 0 0 0 0 0 0
##$SHL_EXPANDCF13= (0..143)
0 0 0 0 0 0 0 0 0 0 0 0 0 0 0 0 0 0 0 0 0 0 0 0 0 0 0 0 0 0 0 0 0 0 0 0
0 0 0 0 0 0 0 0 0 0 0 0 0 0 0 0 0 0 0 0 0 0 0 0 0 0 0 0 0 0 0 0 0 0 0 0
0 0 0 0 0 0 0 0 0 0 0 0 0 0 0 0 0 0 0 0 0 0 0 0 0 0 0 0 0 0 0 0 0 0 0 0
0 0 0 0 0 0 0 0 0 0 0 0 0 0 0 0 0 0 0 0 0 0 0 0 0 0 0 0 0 0 0 0 0 0 0 0
##$SHL_EXPANDCF14= (0..143)
0 0 0 0 0 0 0 0 0 0 0 0 0 0 0 0 0 0 0 0 0 0 0 0 0 0 0 0 0 0 0 0 0 0 0 0
0 0 0 0 0 0 0 0 0 0 0 0 0 0 0 0 0 0 0 0 0 0 0 0 0 0 0 0 0 0 0 0 0 0 0 0
0 0 0 0 0 0 0 0 0 0 0 0 0 0 0 0 0 0 0 0 0 0 0 0 0 0 0 0 0 0 0 0 0 0 0 0
0 0 0 0 0 0 0 0 0 0 0 0 0 0 0 0 0 0 0 0 0 0 0 0 0 0 0 0 0 0 0 0 0 0 0 0
##$SHL_EXPANDCF15= (0..143)
0 0 0 0 0 0 0 0 0 0 0 0 0 0 0 0 0 0 0 0 0 0 0 0 0 0 0 0 0 0 0 0 0 0 0 0
0 0 0 0 0 0 0 0 0 0 0 0 0 0 0 0 0 0 0 0 0 0 0 0 0 0 0 0 0 0 0 0 0 0 0 0
0 0 0 0 0 0 0 0 0 0 0 0 0 0 0 0 0 0 0 0 0 0 0 0 0 0 0 0 0 0 0 0 0 0 0 0
0 0 0 0 0 0 0 0 0 0 0 0 0 0 0 0 0 0 0 0 0 0 0 0 0 0 0 0 0 0 0 0 0 0 0 0
##$SHL_EXPANDCF2= (0..143)
0 0 0 0 0 0 0 0 0 0 0 0 0 0 0 0 0 0 0 0 0 0 0 0 0 0 0 0 0 0 0 0 0 0 0 0
0 0 0 0 0 0 0 0 0 0 0 0 0 0 0 0 0 0 0 0 0 0 0 0 0 0 0 0 0 0 0 0 0 0 0 0
0 0 0 0 0 0 0 0 0 0 0 0 0 0 0 0 0 0 0 0 0 0 0 0 0 0 0 0 0 0 0 0 0 0 0 0
0 0 0 0 0 0 0 0 0 0 0 0 0 0 0 0 0 0 0 0 0 0 0 0 0 0 0 0 0 0 0 0 0 0 0 0
##$SHL_EXPANDCF3= (0..143)
0 0 0 0 0 0 0 0 0 0 0 0 0 0 0 0 0 0 0 0 0 0 0 0 0 0 0 0 0 0 0 0 0 0 0 0
0 0 0 0 0 0 0 0 0 0 0 0 0 0 0 0 0 0 0 0 0 0 0 0 0 0 0 0 0 0 0 0 0 0 0 0
0 0 0 0 0 0 0 0 0 0 0 0 0 0 0 0 0 0 0 0 0 0 0 0 0 0 0 0 0 0 0 0 0 0 0 0
0 0 0 0 0 0 0 0 0 0 0 0 0 0 0 0 0 0 0 0 0 0 0 0 0 0 0 0 0 0 0 0 0 0 0 0
##$SHL_EXPANDCF4= (0..143)
0 0 0 0 0 0 0 0 0 0 0 0 0 0 0 0 0 0 0 0 0 0 0 0 0 0 0 0 0 0 0 0 0 0 0 0
0 0 0 0 0 0 0 0 0 0 0 0 0 0 0 0 0 0 0 0 0 0 0 0 0 0 0 0 0 0 0 0 0 0 0 0
0 0 0 0 0 0 0 0 0 0 0 0 0 0 0 0 0 0 0 0 0 0 0 0 0 0 0 0 0 0 0 0 0 0 0 0
0 0 0 0 0 0 0 0 0 0 0 0 0 0 0 0 0 0 0 0 0 0 0 0 0 0 0 0 0 0 0 0 0 0 0 0
##$SHL_EXPANDCF5= (0..143)
0 0 0 0 0 0 0 0 0 0 0 0 0 0 0 0 0 0 0 0 0 0 0 0 0 0 0 0 0 0 0 0 0 0 0 0
0 0 0 0 0 0 0 0 0 0 0 0 0 0 0 0 0 0 0 0 0 0 0 0 0 0 0 0 0 0 0 0 0 0 0 0
0 0 0 0 0 0 0 0 0 0 0 0 0 0 0 0 0 0 0 0 0 0 0 0 0 0 0 0 0 0 0 0 0 0 0 0
0 0 0 0 0 0 0 0 0 0 0 0 0 0 0 0 0 0 0 0 0 0 0 0 0 0 0 0 0 0 0 0 0 0 0 0
##$SHL_EXPANDCF6= (0..143)
0 0 0 0 0 0 0 0 0 0 0 0 0 0 0 0 0 0 0 0 0 0 0 0 0 0 0 0 0 0 0 0 0 0 0 0
0 0 0 0 0 0 0 0 0 0 0 0 0 0 0 0 0 0 0 0 0 0 0 0 0 0 0 0 0 0 0 0 0 0 0 0
0 0 0 0 0 0 0 0 0 0 0 0 0 0 0 0 0 0 0 0 0 0 0 0 0 0 0 0 0 0 0 0 0 0 0 0
0 0 0 0 0 0 0 0 0 0 0 0 0 0 0 0 0 0 0 0 0 0 0 0 0 0 0 0 0 0 0 0 0 0 0 0
##$SHL_EXPANDCF7= (0..143)
0 0 0 0 0 0 0 0 0 0 0 0 0 0 0 0 0 0 0 0 0 0 0 0 0 0 0 0 0 0 0 0 0 0 0 0
0 0 0 0 0 0 0 0 0 0 0 0 0 0 0 0 0 0 0 0 0 0 0 0 0 0 0 0 0 0 0 0 0 0 0 0
0 0 0 0 0 0 0 0 0 0 0 0 0 0 0 0 0 0 0 0 0 0 0 0 0 0 0 0 0 0 0 0 0 0 0 0
0 0 0 0 0 0 0 0 0 0 0 0 0 0 0 0 0 0 0 0 0 0 0 0 0 0 0 0 0 0 0 0 0 0 0 0
##$SHL_EXPANDCF8= (0..143)
0 0 0 0 0 0 0 0 0 0 0 0 0 0 0 0 0 0 0 0 0 0 0 0 0 0 0 0 0 0 0 0 0 0 0 0
0 0 0 0 0 0 0 0 0 0 0 0 0 0 0 0 0 0 0 0 0 0 0 0 0 0 0 0 0 0 0 0 0 0 0 0
0 0 0 0 0 0 0 0 0 0 0 0 0 0 0 0 0 0 0 0 0 0 0 0 0 0 0 0 0 0 0 0 0 0 0 0
0 0 0 0 0 0 0 0 0 0 0 0 0 0 0 0 0 0 0 0 0 0 0 0 0 0 0 0 0 0 0 0 0 0 0 0
##$SHL_EXPANDCF9= (0..143)
0 0 0 0 0 0 0 0 0 0 0 0 0 0 0 0 0 0 0 0 0 0 0 0 0 0 0 0 0 0 0 0 0 0 0 0
0 0 0 0 0 0 0 0 0 0 0 0 0 0 0 0 0 0 0 0 0 0 0 0 0 0 0 0 0 0 0 0 0 0 0 0
0 0 0 0 0 0 0 0 0 0 0 0 0 0 0 0 0 0 0 0 0 0 0 0 0 0 0 0 0 0 0 0 0 0 0 0
0 0 0 0 0 0 0 0 0 0 0 0 0 0 0 0 0 0 0 0 0 0 0 0 0 0 0 0 0 0 0 0 0 0 0 0
##$SHL_EXPFAC= (0..15)
0 0 0 0 0 0 0 0 0 0 0 0 0 0 0 0
##$SHL_FRACEND= (0..15)
0 0 0 0 0 0 0 0 0 0 0 0 0 0 0 0
##$SHL_FRACORG= (0..15)
0 0 0 0 0 0 0 0 0 0 0 0 0 0 0 0
##$SHL_FRACSTART= (0..15)
0 0 0 0 0 0 0 0 0 0 0 0 0 0 0 0
##$SHL_FULLHALF= (0..15)
0 0 0 0 0 0 0 0 0 0 0 0 0 0 0 0
##$SHL_FUNCAMP= (0..15)
100 0 0 0 0 0 0 0 0 0 0 0 0 0 0 0
##$SHL_FUNCTION= (0..15)
<Rectangle> <> <> <> <> <> <> <> <> <> <> <> <> <> <> <>
##$SHL_GCO= (0..15)
<> <> <> <> <> <> <> <> <> <> <> <> <> <> <> <>
##$SHL_GCOCOEFFS0= (0..59)
0 0 0 0 0 0 0 0 0 0 0 0 0 0 0 0 0 0 0 0 0 0 0 0 0 0 0 0 0 0 0 0 0 0 0 0
0 0 0 0 0 0 0 0 0 0 0 0 0 0 0 0 0 0 0 0 0 0 0 0
##$SHL_GCOCOEFFS1= (0..59)
0 0 0 0 0 0 0 0 0 0 0 0 0 0 0 0 0 0 0 0 0 0 0 0 0 0 0 0 0 0 0 0 0 0 0 0
0 0 0 0 0 0 0 0 0 0 0 0 0 0 0 0 0 0 0 0 0 0 0 0
##$SHL_GCOCOEFFS10= (0..59)
0 0 0 0 0 0 0 0 0 0 0 0 0 0 0 0 0 0 0 0 0 0 0 0 0 0 0 0 0 0 0 0 0 0 0 0
0 0 0 0 0 0 0 0 0 0 0 0 0 0 0 0 0 0 0 0 0 0 0 0
##$SHL_GCOCOEFFS11= (0..59)
0 0 0 0 0 0 0 0 0 0 0 0 0 0 0 0 0 0 0 0 0 0 0 0 0 0 0 0 0 0 0 0 0 0 0 0
0 0 0 0 0 0 0 0 0 0 0 0 0 0 0 0 0 0 0 0 0 0 0 0
##$SHL_GCOCOEFFS12= (0..59)
0 0 0 0 0 0 0 0 0 0 0 0 0 0 0 0 0 0 0 0 0 0 0 0 0 0 0 0 0 0 0 0 0 0 0 0
0 0 0 0 0 0 0 0 0 0 0 0 0 0 0 0 0 0 0 0 0 0 0 0
##$SHL_GCOCOEFFS13= (0..59)
0 0 0 0 0 0 0 0 0 0 0 0 0 0 0 0 0 0 0 0 0 0 0 0 0 0 0 0 0 0 0 0 0 0 0 0
0 0 0 0 0 0 0 0 0 0 0 0 0 0 0 0 0 0 0 0 0 0 0 0
##$SHL_GCOCOEFFS14= (0..59)
0 0 0 0 0 0 0 0 0 0 0 0 0 0 0 0 0 0 0 0 0 0 0 0 0 0 0 0 0 0 0 0 0 0 0 0
0 0 0 0 0 0 0 0 0 0 0 0 0 0 0 0 0 0 0 0 0 0 0 0
##$SHL_GCOCOEFFS15= (0..59)
0 0 0 0 0 0 0 0 0 0 0 0 0 0 0 0 0 0 0 0 0 0 0 0 0 0 0 0 0 0 0 0 0 0 0 0
0 0 0 0 0 0 0 0 0 0 0 0 0 0 0 0 0 0 0 0 0 0 0 0
##$SHL_GCOCOEFFS2= (0..59)
0 0 0 0 0 0 0 0 0 0 0 0 0 0 0 0 0 0 0 0 0 0 0 0 0 0 0 0 0 0 0 0 0 0 0 0
0 0 0 0 0 0 0 0 0 0 0 0 0 0 0 0 0 0 0 0 0 0 0 0
##$SHL_GCOCOEFFS3= (0..59)
0 0 0 0 0 0 0 0 0 0 0 0 0 0 0 0 0 0 0 0 0 0 0 0 0 0 0 0 0 0 0 0 0 0 0 0
0 0 0 0 0 0 0 0 0 0 0 0 0 0 0 0 0 0 0 0 0 0 0 0
##$SHL_GCOCOEFFS4= (0..59)
0 0 0 0 0 0 0 0 0 0 0 0 0 0 0 0 0 0 0 0 0 0 0 0 0 0 0 0 0 0 0 0 0 0 0 0
0 0 0 0 0 0 0 0 0 0 0 0 0 0 0 0 0 0 0 0 0 0 0 0
##$SHL_GCOCOEFFS5= (0..59)
0 0 0 0 0 0 0 0 0 0 0 0 0 0 0 0 0 0 0 0 0 0 0 0 0 0 0 0 0 0 0 0 0 0 0 0
0 0 0 0 0 0 0 0 0 0 0 0 0 0 0 0 0 0 0 0 0 0 0 0
##$SHL_GCOCOEFFS6= (0..59)
0 0 0 0 0 0 0 0 0 0 0 0 0 0 0 0 0 0 0 0 0 0 0 0 0 0 0 0 0 0 0 0 0 0 0 0
0 0 0 0 0 0 0 0 0 0 0 0 0 0 0 0 0 0 0 0 0 0 0 0
##$SHL_GCOCOEFFS7= (0..59)
0 0 0 0 0 0 0 0 0 0 0 0 0 0 0 0 0 0 0 0 0 0 0 0 0 0 0 0 0 0 0 0 0 0 0 0
0 0 0 0 0 0 0 0 0 0 0 0 0 0 0 0 0 0 0 0 0 0 0 0
##$SHL_GCOCOEFFS8= (0..59)
0 0 0 0 0 0 0 0 0 0 0 0 0 0 0 0 0 0 0 0 0 0 0 0 0 0 0 0 0 0 0 0 0 0 0 0
0 0 0 0 0 0 0 0 0 0 0 0 0 0 0 0 0 0 0 0 0 0 0 0
##$SHL_GCOCOEFFS9= (0..59)
0 0 0 0 0 0 0 0 0 0 0 0 0 0 0 0 0 0 0 0 0 0 0 0 0 0 0 0 0 0 0 0 0 0 0 0
0 0 0 0 0 0 0 0 0 0 0 0 0 0 0 0 0 0 0 0 0 0 0 0
##$SHL_INTEGFAC= (0..15)
1 0 0 0 0 0 0 0 0 0 0 0 0 0 0 0
##$SHL_LB= (0..15)
0 0 0 0 0 0 0 0 0 0 0 0 0 0 0 0
##$SHL_LEFTLIMIT= (0..15)
0 0 0 0 0 0 0 0 0 0 0 0 0 0 0 0
##$SHL_LENGTH= (0..15)
25000.000373 0 0 0 0 0 0 0 0 0 0 0 0 0 0 0
##$SHL_MAN= (0..15)
<> <> <> <> <> <> <> <> <> <> <> <> <> <> <> <>
##$SHL_MEANAMP= (0..15)
0 0 0 0 0 0 0 0 0 0 0 0 0 0 0 0
##$SHL_MODAMP= (0..15)
0 0 0 0 0 0 0 0 0 0 0 0 0 0 0 0
##$SHL_MODE= (0..15)
0 0 0 0 0 0 0 0 0 0 0 0 0 0 0 0
##$SHL_MODFREQ= (0..15)
0 0 0 0 0 0 0 0 0 0 0 0 0 0 0 0
##$SHL_MODPHASE= (0..15)
0 0 0 0 0 0 0 0 0 0 0 0 0 0 0 0
##$SHL_MODSCALE= (0..15)
0 0 0 0 0 0 0 0 0 0 0 0 0 0 0 0
##$SHL_MODSW= (0..15)
0 0 0 0 0 0 0 0 0 0 0 0 0 0 0 0
##$SHL_MODSWDIR= (0..15)
-1 -1 -1 -1 -1 -1 -1 -1 -1 -1 -1 -1 -1 -1 -1 -1
##$SHL_MU= (0..15)
0 0 0 0 0 0 0 0 0 0 0 0 0 0 0 0
##$SHL_NPOINTS= (0..15)
1250 0 0 0 0 0 0 0 0 0 0 0 0 0 0 0
##$SHL_OFFS= (0..15)
<> <> <> <> <> <> <> <> <> <> <> <> <> <> <> <>
##$SHL_OFFSCOEFF0= (0..95)
0 0 0 0 0 0 0 0 0 0 0 0 0 0 0 0 0 0 0 0 0 0 0 0 0 0 0 0 0 0 0 0 0 0 0 0
0 0 0 0 0 0 0 0 0 0 0 0 0 0 0 0 0 0 0 0 0 0 0 0 0 0 0 0 0 0 0 0 0 0 0 0
0 0 0 0 0 0 0 0 0 0 0 0 0 0 0 0 0 0 0 0 0 0 0 0
##$SHL_OFFSCOEFF1= (0..95)
0 0 0 0 0 0 0 0 0 0 0 0 0 0 0 0 0 0 0 0 0 0 0 0 0 0 0 0 0 0 0 0 0 0 0 0
0 0 0 0 0 0 0 0 0 0 0 0 0 0 0 0 0 0 0 0 0 0 0 0 0 0 0 0 0 0 0 0 0 0 0 0
0 0 0 0 0 0 0 0 0 0 0 0 0 0 0 0 0 0 0 0 0 0 0 0
##$SHL_OFFSCOEFF10= (0..95)
0 0 0 0 0 0 0 0 0 0 0 0 0 0 0 0 0 0 0 0 0 0 0 0 0 0 0 0 0 0 0 0 0 0 0 0
0 0 0 0 0 0 0 0 0 0 0 0 0 0 0 0 0 0 0 0 0 0 0 0 0 0 0 0 0 0 0 0 0 0 0 0
0 0 0 0 0 0 0 0 0 0 0 0 0 0 0 0 0 0 0 0 0 0 0 0
##$SHL_OFFSCOEFF11= (0..95)
0 0 0 0 0 0 0 0 0 0 0 0 0 0 0 0 0 0 0 0 0 0 0 0 0 0 0 0 0 0 0 0 0 0 0 0
0 0 0 0 0 0 0 0 0 0 0 0 0 0 0 0 0 0 0 0 0 0 0 0 0 0 0 0 0 0 0 0 0 0 0 0
0 0 0 0 0 0 0 0 0 0 0 0 0 0 0 0 0 0 0 0 0 0 0 0
##$SHL_OFFSCOEFF12= (0..95)
0 0 0 0 0 0 0 0 0 0 0 0 0 0 0 0 0 0 0 0 0 0 0 0 0 0 0 0 0 0 0 0 0 0 0 0
0 0 0 0 0 0 0 0 0 0 0 0 0 0 0 0 0 0 0 0 0 0 0 0 0 0 0 0 0 0 0 0 0 0 0 0
0 0 0 0 0 0 0 0 0 0 0 0 0 0 0 0 0 0 0 0 0 0 0 0
##$SHL_OFFSCOEFF13= (0..95)
0 0 0 0 0 0 0 0 0 0 0 0 0 0 0 0 0 0 0 0 0 0 0 0 0 0 0 0 0 0 0 0 0 0 0 0
0 0 0 0 0 0 0 0 0 0 0 0 0 0 0 0 0 0 0 0 0 0 0 0 0 0 0 0 0 0 0 0 0 0 0 0
0 0 0 0 0 0 0 0 0 0 0 0 0 0 0 0 0 0 0 0 0 0 0 0
##$SHL_OFFSCOEFF14= (0..95)
0 0 0 0 0 0 0 0 0 0 0 0 0 0 0 0 0 0 0 0 0 0 0 0 0 0 0 0 0 0 0 0 0 0 0 0
0 0 0 0 0 0 0 0 0 0 0 0 0 0 0 0 0 0 0 0 0 0 0 0 0 0 0 0 0 0 0 0 0 0 0 0
0 0 0 0 0 0 0 0 0 0 0 0 0 0 0 0 0 0 0 0 0 0 0 0
##$SHL_OFFSCOEFF15= (0..95)
0 0 0 0 0 0 0 0 0 0 0 0 0 0 0 0 0 0 0 0 0 0 0 0 0 0 0 0 0 0 0 0 0 0 0 0
0 0 0 0 0 0 0 0 0 0 0 0 0 0 0 0 0 0 0 0 0 0 0 0 0 0 0 0 0 0 0 0 0 0 0 0
0 0 0 0 0 0 0 0 0 0 0 0 0 0 0 0 0 0 0 0 0 0 0 0
##$SHL_OFFSCOEFF2= (0..95)
0 0 0 0 0 0 0 0 0 0 0 0 0 0 0 0 0 0 0 0 0 0 0 0 0 0 0 0 0 0 0 0 0 0 0 0
0 0 0 0 0 0 0 0 0 0 0 0 0 0 0 0 0 0 0 0 0 0 0 0 0 0 0 0 0 0 0 0 0 0 0 0
0 0 0 0 0 0 0 0 0 0 0 0 0 0 0 0 0 0 0 0 0 0 0 0
##$SHL_OFFSCOEFF3= (0..95)
0 0 0 0 0 0 0 0 0 0 0 0 0 0 0 0 0 0 0 0 0 0 0 0 0 0 0 0 0 0 0 0 0 0 0 0
0 0 0 0 0 0 0 0 0 0 0 0 0 0 0 0 0 0 0 0 0 0 0 0 0 0 0 0 0 0 0 0 0 0 0 0
0 0 0 0 0 0 0 0 0 0 0 0 0 0 0 0 0 0 0 0 0 0 0 0
##$SHL_OFFSCOEFF4= (0..95)
0 0 0 0 0 0 0 0 0 0 0 0 0 0 0 0 0 0 0 0 0 0 0 0 0 0 0 0 0 0 0 0 0 0 0 0
0 0 0 0 0 0 0 0 0 0 0 0 0 0 0 0 0 0 0 0 0 0 0 0 0 0 0 0 0 0 0 0 0 0 0 0
0 0 0 0 0 0 0 0 0 0 0 0 0 0 0 0 0 0 0 0 0 0 0 0
##$SHL_OFFSCOEFF5= (0..95)
0 0 0 0 0 0 0 0 0 0 0 0 0 0 0 0 0 0 0 0 0 0 0 0 0 0 0 0 0 0 0 0 0 0 0 0
0 0 0 0 0 0 0 0 0 0 0 0 0 0 0 0 0 0 0 0 0 0 0 0 0 0 0 0 0 0 0 0 0 0 0 0
0 0 0 0 0 0 0 0 0 0 0 0 0 0 0 0 0 0 0 0 0 0 0 0
##$SHL_OFFSCOEFF6= (0..95)
0 0 0 0 0 0 0 0 0 0 0 0 0 0 0 0 0 0 0 0 0 0 0 0 0 0 0 0 0 0 0 0 0 0 0 0
0 0 0 0 0 0 0 0 0 0 0 0 0 0 0 0 0 0 0 0 0 0 0 0 0 0 0 0 0 0 0 0 0 0 0 0
0 0 0 0 0 0 0 0 0 0 0 0 0 0 0 0 0 0 0 0 0 0 0 0
##$SHL_OFFSCOEFF7= (0..95)
0 0 0 0 0 0 0 0 0 0 0 0 0 0 0 0 0 0 0 0 0 0 0 0 0 0 0 0 0 0 0 0 0 0 0 0
0 0 0 0 0 0 0 0 0 0 0 0 0 0 0 0 0 0 0 0 0 0 0 0 0 0 0 0 0 0 0 0 0 0 0 0
0 0 0 0 0 0 0 0 0 0 0 0 0 0 0 0 0 0 0 0 0 0 0 0
##$SHL_OFFSCOEFF8= (0..95)
0 0 0 0 0 0 0 0 0 0 0 0 0 0 0 0 0 0 0 0 0 0 0 0 0 0 0 0 0 0 0 0 0 0 0 0
0 0 0 0 0 0 0 0 0 0 0 0 0 0 0 0 0 0 0 0 0 0 0 0 0 0 0 0 0 0 0 0 0 0 0 0
0 0 0 0 0 0 0 0 0 0 0 0 0 0 0 0 0 0 0 0 0 0 0 0
##$SHL_OFFSCOEFF9= (0..95)
0 0 0 0 0 0 0 0 0 0 0 0 0 0 0 0 0 0 0 0 0 0 0 0 0 0 0 0 0 0 0 0 0 0 0 0
0 0 0 0 0 0 0 0 0 0 0 0 0 0 0 0 0 0 0 0 0 0 0 0 0 0 0 0 0 0 0 0 0 0 0 0
0 0 0 0 0 0 0 0 0 0 0 0 0 0 0 0 0 0 0 0 0 0 0 0
##$SHL_PHASE= (0..15)
0 0 0 0 0 0 0 0 0 0 0 0 0 0 0 0
##$SHL_PHASEFAC= (0..15)
0 0 0 0 0 0 0 0 0 0 0 0 0 0 0 0
##$SHL_POWERINDEX= (0..15)
0 0 0 0 0 0 0 0 0 0 0 0 0 0 0 0
##$SHL_QUADCOEFF= (0..15)
0 0 0 0 0 0 0 0 0 0 0 0 0 0 0 0
##$SHL_RIGHTLIMIT= (0..15)
0 0 0 0 0 0 0 0 0 0 0 0 0 0 0 0
##$SHL_SCALEFACTOR= (0..15)
1 1 1 1 1 1 1 1 1 1 1 1 1 1 1 1
##$SHL_SF= (0..15)
<> <> <> <> <> <> <> <> <> <> <> <> <> <> <> <>
##$SHL_SFCOEFFS0= (0..200)
0 0 0 0 0 0 0 0 0 0 0 0 0 0 0 0 0 0 0 0 0 0 0 0 0 0 0 0 0 0 0 0 0 0 0 0
0 0 0 0 0 0 0 0 0 0 0 0 0 0 0 0 0 0 0 0 0 0 0 0 0 0 0 0 0 0 0 0 0 0 0 0
0 0 0 0 0 0 0 0 0 0 0 0 0 0 0 0 0 0 0 0 0 0 0 0 0 0 0 0 0 0 0 0 0 0 0 0
0 0 0 0 0 0 0 0 0 0 0 0 0 0 0 0 0 0 0 0 0 0 0 0 0 0 0 0 0 0 0 0 0 0 0 0
0 0 0 0 0 0 0 0 0 0 0 0 0 0 0 0 0 0 0 0 0 0 0 0 0 0 0 0 0 0 0 0 0 0 0 0
0 0 0 0 0 0 0 0 0 0 0 0 0 0 0 0 0 0 0 0 0
##$SHL_SFCOEFFS1= (0..200)
0 0 0 0 0 0 0 0 0 0 0 0 0 0 0 0 0 0 0 0 0 0 0 0 0 0 0 0 0 0 0 0 0 0 0 0
0 0 0 0 0 0 0 0 0 0 0 0 0 0 0 0 0 0 0 0 0 0 0 0 0 0 0 0 0 0 0 0 0 0 0 0
0 0 0 0 0 0 0 0 0 0 0 0 0 0 0 0 0 0 0 0 0 0 0 0 0 0 0 0 0 0 0 0 0 0 0 0
0 0 0 0 0 0 0 0 0 0 0 0 0 0 0 0 0 0 0 0 0 0 0 0 0 0 0 0 0 0 0 0 0 0 0 0
0 0 0 0 0 0 0 0 0 0 0 0 0 0 0 0 0 0 0 0 0 0 0 0 0 0 0 0 0 0 0 0 0 0 0 0
0 0 0 0 0 0 0 0 0 0 0 0 0 0 0 0 0 0 0 0 0
##$SHL_SFCOEFFS10= (0..200)
0 0 0 0 0 0 0 0 0 0 0 0 0 0 0 0 0 0 0 0 0 0 0 0 0 0 0 0 0 0 0 0 0 0 0 0
0 0 0 0 0 0 0 0 0 0 0 0 0 0 0 0 0 0 0 0 0 0 0 0 0 0 0 0 0 0 0 0 0 0 0 0
0 0 0 0 0 0 0 0 0 0 0 0 0 0 0 0 0 0 0 0 0 0 0 0 0 0 0 0 0 0 0 0 0 0 0 0
0 0 0 0 0 0 0 0 0 0 0 0 0 0 0 0 0 0 0 0 0 0 0 0 0 0 0 0 0 0 0 0 0 0 0 0
0 0 0 0 0 0 0 0 0 0 0 0 0 0 0 0 0 0 0 0 0 0 0 0 0 0 0 0 0 0 0 0 0 0 0 0
0 0 0 0 0 0 0 0 0 0 0 0 0 0 0 0 0 0 0 0 0
##$SHL_SFCOEFFS11= (0..200)
0 0 0 0 0 0 0 0 0 0 0 0 0 0 0 0 0 0 0 0 0 0 0 0 0 0 0 0 0 0 0 0 0 0 0 0
0 0 0 0 0 0 0 0 0 0 0 0 0 0 0 0 0 0 0 0 0 0 0 0 0 0 0 0 0 0 0 0 0 0 0 0
0 0 0 0 0 0 0 0 0 0 0 0 0 0 0 0 0 0 0 0 0 0 0 0 0 0 0 0 0 0 0 0 0 0 0 0
0 0 0 0 0 0 0 0 0 0 0 0 0 0 0 0 0 0 0 0 0 0 0 0 0 0 0 0 0 0 0 0 0 0 0 0
0 0 0 0 0 0 0 0 0 0 0 0 0 0 0 0 0 0 0 0 0 0 0 0 0 0 0 0 0 0 0 0 0 0 0 0
0 0 0 0 0 0 0 0 0 0 0 0 0 0 0 0 0 0 0 0 0
##$SHL_SFCOEFFS12= (0..200)
0 0 0 0 0 0 0 0 0 0 0 0 0 0 0 0 0 0 0 0 0 0 0 0 0 0 0 0 0 0 0 0 0 0 0 0
0 0 0 0 0 0 0 0 0 0 0 0 0 0 0 0 0 0 0 0 0 0 0 0 0 0 0 0 0 0 0 0 0 0 0 0
0 0 0 0 0 0 0 0 0 0 0 0 0 0 0 0 0 0 0 0 0 0 0 0 0 0 0 0 0 0 0 0 0 0 0 0
0 0 0 0 0 0 0 0 0 0 0 0 0 0 0 0 0 0 0 0 0 0 0 0 0 0 0 0 0 0 0 0 0 0 0 0
0 0 0 0 0 0 0 0 0 0 0 0 0 0 0 0 0 0 0 0 0 0 0 0 0 0 0 0 0 0 0 0 0 0 0 0
0 0 0 0 0 0 0 0 0 0 0 0 0 0 0 0 0 0 0 0 0
##$SHL_SFCOEFFS13= (0..200)
0 0 0 0 0 0 0 0 0 0 0 0 0 0 0 0 0 0 0 0 0 0 0 0 0 0 0 0 0 0 0 0 0 0 0 0
0 0 0 0 0 0 0 0 0 0 0 0 0 0 0 0 0 0 0 0 0 0 0 0 0 0 0 0 0 0 0 0 0 0 0 0
0 0 0 0 0 0 0 0 0 0 0 0 0 0 0 0 0 0 0 0 0 0 0 0 0 0 0 0 0 0 0 0 0 0 0 0
0 0 0 0 0 0 0 0 0 0 0 0 0 0 0 0 0 0 0 0 0 0 0 0 0 0 0 0 0 0 0 0 0 0 0 0
0 0 0 0 0 0 0 0 0 0 0 0 0 0 0 0 0 0 0 0 0 0 0 0 0 0 0 0 0 0 0 0 0 0 0 0
0 0 0 0 0 0 0 0 0 0 0 0 0 0 0 0 0 0 0 0 0
##$SHL_SFCOEFFS14= (0..200)
0 0 0 0 0 0 0 0 0 0 0 0 0 0 0 0 0 0 0 0 0 0 0 0 0 0 0 0 0 0 0 0 0 0 0 0
0 0 0 0 0 0 0 0 0 0 0 0 0 0 0 0 0 0 0 0 0 0 0 0 0 0 0 0 0 0 0 0 0 0 0 0
0 0 0 0 0 0 0 0 0 0 0 0 0 0 0 0 0 0 0 0 0 0 0 0 0 0 0 0 0 0 0 0 0 0 0 0
0 0 0 0 0 0 0 0 0 0 0 0 0 0 0 0 0 0 0 0 0 0 0 0 0 0 0 0 0 0 0 0 0 0 0 0
0 0 0 0 0 0 0 0 0 0 0 0 0 0 0 0 0 0 0 0 0 0 0 0 0 0 0 0 0 0 0 0 0 0 0 0
0 0 0 0 0 0 0 0 0 0 0 0 0 0 0 0 0 0 0 0 0
##$SHL_SFCOEFFS15= (0..200)
0 0 0 0 0 0 0 0 0 0 0 0 0 0 0 0 0 0 0 0 0 0 0 0 0 0 0 0 0 0 0 0 0 0 0 0
0 0 0 0 0 0 0 0 0 0 0 0 0 0 0 0 0 0 0 0 0 0 0 0 0 0 0 0 0 0 0 0 0 0 0 0
0 0 0 0 0 0 0 0 0 0 0 0 0 0 0 0 0 0 0 0 0 0 0 0 0 0 0 0 0 0 0 0 0 0 0 0
0 0 0 0 0 0 0 0 0 0 0 0 0 0 0 0 0 0 0 0 0 0 0 0 0 0 0 0 0 0 0 0 0 0 0 0
0 0 0 0 0 0 0 0 0 0 0 0 0 0 0 0 0 0 0 0 0 0 0 0 0 0 0 0 0 0 0 0 0 0 0 0
0 0 0 0 0 0 0 0 0 0 0 0 0 0 0 0 0 0 0 0 0
##$SHL_SFCOEFFS2= (0..200)
0 0 0 0 0 0 0 0 0 0 0 0 0 0 0 0 0 0 0 0 0 0 0 0 0 0 0 0 0 0 0 0 0 0 0 0
0 0 0 0 0 0 0 0 0 0 0 0 0 0 0 0 0 0 0 0 0 0 0 0 0 0 0 0 0 0 0 0 0 0 0 0
0 0 0 0 0 0 0 0 0 0 0 0 0 0 0 0 0 0 0 0 0 0 0 0 0 0 0 0 0 0 0 0 0 0 0 0
0 0 0 0 0 0 0 0 0 0 0 0 0 0 0 0 0 0 0 0 0 0 0 0 0 0 0 0 0 0 0 0 0 0 0 0
0 0 0 0 0 0 0 0 0 0 0 0 0 0 0 0 0 0 0 0 0 0 0 0 0 0 0 0 0 0 0 0 0 0 0 0
0 0 0 0 0 0 0 0 0 0 0 0 0 0 0 0 0 0 0 0 0
##$SHL_SFCOEFFS3= (0..200)
0 0 0 0 0 0 0 0 0 0 0 0 0 0 0 0 0 0 0 0 0 0 0 0 0 0 0 0 0 0 0 0 0 0 0 0
0 0 0 0 0 0 0 0 0 0 0 0 0 0 0 0 0 0 0 0 0 0 0 0 0 0 0 0 0 0 0 0 0 0 0 0
0 0 0 0 0 0 0 0 0 0 0 0 0 0 0 0 0 0 0 0 0 0 0 0 0 0 0 0 0 0 0 0 0 0 0 0
0 0 0 0 0 0 0 0 0 0 0 0 0 0 0 0 0 0 0 0 0 0 0 0 0 0 0 0 0 0 0 0 0 0 0 0
0 0 0 0 0 0 0 0 0 0 0 0 0 0 0 0 0 0 0 0 0 0 0 0 0 0 0 0 0 0 0 0 0 0 0 0
0 0 0 0 0 0 0 0 0 0 0 0 0 0 0 0 0 0 0 0 0
##$SHL_SFCOEFFS4= (0..200)
0 0 0 0 0 0 0 0 0 0 0 0 0 0 0 0 0 0 0 0 0 0 0 0 0 0 0 0 0 0 0 0 0 0 0 0
0 0 0 0 0 0 0 0 0 0 0 0 0 0 0 0 0 0 0 0 0 0 0 0 0 0 0 0 0 0 0 0 0 0 0 0
0 0 0 0 0 0 0 0 0 0 0 0 0 0 0 0 0 0 0 0 0 0 0 0 0 0 0 0 0 0 0 0 0 0 0 0
0 0 0 0 0 0 0 0 0 0 0 0 0 0 0 0 0 0 0 0 0 0 0 0 0 0 0 0 0 0 0 0 0 0 0 0
0 0 0 0 0 0 0 0 0 0 0 0 0 0 0 0 0 0 0 0 0 0 0 0 0 0 0 0 0 0 0 0 0 0 0 0
0 0 0 0 0 0 0 0 0 0 0 0 0 0 0 0 0 0 0 0 0
##$SHL_SFCOEFFS5= (0..200)
0 0 0 0 0 0 0 0 0 0 0 0 0 0 0 0 0 0 0 0 0 0 0 0 0 0 0 0 0 0 0 0 0 0 0 0
0 0 0 0 0 0 0 0 0 0 0 0 0 0 0 0 0 0 0 0 0 0 0 0 0 0 0 0 0 0 0 0 0 0 0 0
0 0 0 0 0 0 0 0 0 0 0 0 0 0 0 0 0 0 0 0 0 0 0 0 0 0 0 0 0 0 0 0 0 0 0 0
0 0 0 0 0 0 0 0 0 0 0 0 0 0 0 0 0 0 0 0 0 0 0 0 0 0 0 0 0 0 0 0 0 0 0 0
0 0 0 0 0 0 0 0 0 0 0 0 0 0 0 0 0 0 0 0 0 0 0 0 0 0 0 0 0 0 0 0 0 0 0 0
0 0 0 0 0 0 0 0 0 0 0 0 0 0 0 0 0 0 0 0 0
##$SHL_SFCOEFFS6= (0..200)
0 0 0 0 0 0 0 0 0 0 0 0 0 0 0 0 0 0 0 0 0 0 0 0 0 0 0 0 0 0 0 0 0 0 0 0
0 0 0 0 0 0 0 0 0 0 0 0 0 0 0 0 0 0 0 0 0 0 0 0 0 0 0 0 0 0 0 0 0 0 0 0
0 0 0 0 0 0 0 0 0 0 0 0 0 0 0 0 0 0 0 0 0 0 0 0 0 0 0 0 0 0 0 0 0 0 0 0
0 0 0 0 0 0 0 0 0 0 0 0 0 0 0 0 0 0 0 0 0 0 0 0 0 0 0 0 0 0 0 0 0 0 0 0
0 0 0 0 0 0 0 0 0 0 0 0 0 0 0 0 0 0 0 0 0 0 0 0 0 0 0 0 0 0 0 0 0 0 0 0
0 0 0 0 0 0 0 0 0 0 0 0 0 0 0 0 0 0 0 0 0
##$SHL_SFCOEFFS7= (0..200)
0 0 0 0 0 0 0 0 0 0 0 0 0 0 0 0 0 0 0 0 0 0 0 0 0 0 0 0 0 0 0 0 0 0 0 0
0 0 0 0 0 0 0 0 0 0 0 0 0 0 0 0 0 0 0 0 0 0 0 0 0 0 0 0 0 0 0 0 0 0 0 0
0 0 0 0 0 0 0 0 0 0 0 0 0 0 0 0 0 0 0 0 0 0 0 0 0 0 0 0 0 0 0 0 0 0 0 0
0 0 0 0 0 0 0 0 0 0 0 0 0 0 0 0 0 0 0 0 0 0 0 0 0 0 0 0 0 0 0 0 0 0 0 0
0 0 0 0 0 0 0 0 0 0 0 0 0 0 0 0 0 0 0 0 0 0 0 0 0 0 0 0 0 0 0 0 0 0 0 0
0 0 0 0 0 0 0 0 0 0 0 0 0 0 0 0 0 0 0 0 0
##$SHL_SFCOEFFS8= (0..200)
0 0 0 0 0 0 0 0 0 0 0 0 0 0 0 0 0 0 0 0 0 0 0 0 0 0 0 0 0 0 0 0 0 0 0 0
0 0 0 0 0 0 0 0 0 0 0 0 0 0 0 0 0 0 0 0 0 0 0 0 0 0 0 0 0 0 0 0 0 0 0 0
0 0 0 0 0 0 0 0 0 0 0 0 0 0 0 0 0 0 0 0 0 0 0 0 0 0 0 0 0 0 0 0 0 0 0 0
0 0 0 0 0 0 0 0 0 0 0 0 0 0 0 0 0 0 0 0 0 0 0 0 0 0 0 0 0 0 0 0 0 0 0 0
0 0 0 0 0 0 0 0 0 0 0 0 0 0 0 0 0 0 0 0 0 0 0 0 0 0 0 0 0 0 0 0 0 0 0 0
0 0 0 0 0 0 0 0 0 0 0 0 0 0 0 0 0 0 0 0 0
##$SHL_SFCOEFFS9= (0..200)
0 0 0 0 0 0 0 0 0 0 0 0 0 0 0 0 0 0 0 0 0 0 0 0 0 0 0 0 0 0 0 0 0 0 0 0
0 0 0 0 0 0 0 0 0 0 0 0 0 0 0 0 0 0 0 0 0 0 0 0 0 0 0 0 0 0 0 0 0 0 0 0
0 0 0 0 0 0 0 0 0 0 0 0 0 0 0 0 0 0 0 0 0 0 0 0 0 0 0 0 0 0 0 0 0 0 0 0
0 0 0 0 0 0 0 0 0 0 0 0 0 0 0 0 0 0 0 0 0 0 0 0 0 0 0 0 0 0 0 0 0 0 0 0
0 0 0 0 0 0 0 0 0 0 0 0 0 0 0 0 0 0 0 0 0 0 0 0 0 0 0 0 0 0 0 0 0 0 0 0
0 0 0 0 0 0 0 0 0 0 0 0 0 0 0 0 0 0 0 0 0
##$SHL_SMOOTHED= (0..15)
0 0 0 0 0 0 0 0 0 0 0 0 0 0 0 0
##$SHL_SMOOTHING= (0..15)
0 0 0 0 0 0 0 0 0 0 0 0 0 0 0 0
##$SHL_SPOAL= (0..15)
0 0 0 0 0 0 0 0 0 0 0 0 0 0 0 0
##$SHL_SPOFFS= (0..15)
0 0 0 0 0 0 0 0 0 0 0 0 0 0 0 0
##$SHL_SPOPH= (0..15)
0 0 0 0 0 0 0 0 0 0 0 0 0 0 0 0
##$SHL_STARTAMP= (0..15)
0 0 0 0 0 0 0 0 0 0 0 0 0 0 0 0
##$SHL_SW= (0..15)
0 0 0 0 0 0 0 0 0 0 0 0 0 0 0 0
##$SHL_SWDIR= (0..15)
-1 -1 -1 -1 -1 -1 -1 -1 -1 -1 -1 -1 -1 -1 -1 -1
##$SHL_TANKAPPA= (0..15)
0 0 0 0 0 0 0 0 0 0 0 0 0 0 0 0
##$SHL_TOTROT= (0..15)
90 0 0 0 0 0 0 0 0 0 0 0 0 0 0 0
##$SHL_TRUNCLEV= (0..15)
0 0 0 0 0 0 0 0 0 0 0 0 0 0 0 0
##$SHL_TYPE= (0..15)
<Excitation> <> <> <> <> <> <> <> <> <> <> <> <> <> <> <>
##$SHL_WINDOWSIZE= (0..15)
0 0 0 0 0 0 0 0 0 0 0 0 0 0 0 0
##$SHL_ZETA= (0..15)
0 0 0 0 0 0 0 0 0 0 0 0 0 0 0 0
##NPOINTS= 1250
##XYPOINTS= (XY..XY)
72.794578, 117.653567
72.333289, 119.199773
71.869142, 120.746063
71.402171, 122.292437
70.932410, 123.838897
70.459894, 125.385446
69.984658, 126.932085
69.506735, 128.478816
69.026162, 130.025642
68.542974, 131.572563
68.057205, 133.119583
67.568891, 134.666704
67.078069, 136.213927
66.584775, 137.761256
66.089043, 139.308692
65.590912, 140.856238
65.090417, 142.403897
64.587595, 143.951671
64.082483, 145.499564
63.575117, 147.047578
63.065536, 148.595715
62.553777, 150.143981
62.039877, 151.692376
61.523873, 153.240905
61.005804, 154.789572
60.485708, 156.338379
59.963622, 157.887331
59.439585, 159.436432
58.913636, 160.985684
58.385813, 162.535094
57.856155, 164.084664
57.324700, 165.634399
56.791488, 167.184305
56.256558, 168.734385
55.719949, 170.284645
55.181700, 171.835091
54.641851, 173.385727
54.100441, 174.936560
53.557510, 176.487594
53.013099, 178.038837
52.467246, 179.590295
51.919993, 181.141975
51.371378, 182.693883
50.821443, 184.246027
50.270228, 185.798415
49.717773, 187.351054
49.164119, 188.903952
48.609306, 190.457120
48.053376, 192.010565
47.496368, 193.564297
46.938325, 195.118327
46.379286, 196.672664
45.819293, 198.227319
45.258387, 199.782305
44.696610, 201.337633
44.134002, 202.893316
43.570605, 204.449368
43.006460, 206.005802
42.441608, 207.562632
41.876092, 209.119875
41.309953, 210.677548
40.743232, 212.235666
40.175972, 213.794249
39.608213, 215.353315
39.039997, 216.912885
38.471367, 218.472981
37.902365, 220.033624
37.333031, 221.594839
36.763408, 223.156652
36.193539, 224.719089
35.623464, 226.282179
35.053226, 227.845953
34.482867, 229.410442
33.912429, 230.975682
33.341954, 232.541708
32.771485, 234.108561
32.201062, 235.676282
31.630730, 237.244915
31.060528, 238.814508
30.490501, 240.385113
29.920690, 241.956784
29.351136, 243.529581
28.781883, 245.103567
28.212973, 246.678809
27.644447, 248.255382
27.076349, 249.833365
26.508720, 251.412844
25.941602, 252.993911
25.375038, 254.576669
24.809071, 256.161225
24.243742, 257.747701
23.679094, 259.336225
23.115170, 260.926941
22.552011, 262.520003
21.989661, 264.115582
21.428161, 265.713866
20.867556, 267.315062
20.307886, 268.919397
19.749196, 270.527126
19.191528, 272.138529
18.634925, 273.753918
18.079431, 275.373643
17.525089, 276.998094
16.971943, 278.627712
16.420037, 280.262991
15.869416, 281.904494
15.320124, 283.552857
14.772207, 285.208810
14.225712, 286.873185
13.680684, 288.546945
13.137173, 290.231204
12.595227, 291.927256
12.054897, 293.636620
11.516236, 295.361087
10.979298, 297.102782
10.444140, 298.864247
9.910825, 300.648551
9.379418, 302.459429
8.849991, 304.301474
8.322624, 306.180401
7.797408, 308.103405
7.274447, 310.079673
6.753865, 312.121124
6.235815, 314.243491
5.720487, 316.467977
5.208132, 318.823829
4.699088, 321.352505
4.193836, 324.114689
3.693091, 327.202670
3.197979, 330.763402
2.710395, 335.044324
2.233794, 340.491284
1.775146, 347.974244
1.350310, 359.328697
0.999734, 18.398495
0.820048, 49.512233
0.913893, 83.548432
1.216698, 106.207240
1.612625, 119.469448
2.046540, 127.911754
2.497214, 133.880094
2.955693, 138.469000
3.417703, 142.224747
3.880968, 145.443266
4.344172, 148.296806
4.806497, 150.891766
5.267401, 153.297162
5.726513, 155.559605
6.183561, 157.711666
6.638342, 159.776762
7.090699, 161.772150
7.540503, 163.710821
7.987651, 165.602735
8.432054, 167.455655
8.873634, 169.275720
9.312325, 171.067849
9.748065, 172.836024
10.180798, 174.583508
10.610475, 176.312998
11.037046, 178.026741
11.460467, 179.726626
11.880696, 181.414252
12.297693, 183.090980
12.711417, 184.757979
13.121831, 186.416255
13.528900, 188.066680
13.932587, 189.710013
14.332859, 191.346920
14.729682, 192.977985
15.123022, 194.603722
15.512849, 196.224589
15.899130, 197.840991
16.281834, 199.453289
16.660931, 201.061808
17.036392, 202.666838
17.408186, 204.268639
17.776285, 205.867448
18.140661, 207.463477
18.501284, 209.056921
18.858128, 210.647955
19.211165, 212.236739
19.560369, 213.823419
19.905712, 215.408129
20.247168, 216.990992
20.584712, 218.572119
20.918318, 220.151614
21.247961, 221.729573
21.573616, 223.306084
21.895258, 224.881227
22.212865, 226.455078
22.526410, 228.027706
22.835873, 229.599177
23.141228, 231.169551
23.442453, 232.738883
23.739527, 234.307225
24.032426, 235.874627
24.321130, 237.441134
24.605615, 239.006787
24.885862, 240.571628
25.161850, 242.135693
25.433557, 243.699016
25.700965, 245.261632
25.964052, 246.823571
26.222800, 248.384861
26.477190, 249.945529
26.727202, 251.505603
26.972817, 253.065105
27.214019, 254.624059
27.450789, 256.182486
27.683109, 257.740407
27.910963, 259.297840
28.134333, 260.854805
28.353203, 262.411317
28.567557, 263.967395
28.777379, 265.523052
28.982653, 267.078304
29.183365, 268.633164
29.379499, 270.187647
29.571041, 271.741764
29.757977, 273.295527
29.940293, 274.848948
30.117976, 276.402037
30.291013, 277.954805
30.459390, 279.507261
30.623096, 281.059415
30.782118, 282.611275
30.936445, 284.162850
31.086065, 285.714148
31.230967, 287.265177
31.371141, 288.815944
31.506576, 290.366455
31.637262, 291.916717
31.763190, 293.466737
31.884350, 295.016521
32.000733, 296.566074
32.112331, 298.115401
32.219136, 299.664509
32.321140, 301.213401
32.418334, 302.762083
32.510713, 304.310559
32.598269, 305.858833
32.680996, 307.406909
32.758887, 308.954792
32.831938, 310.502484
32.900142, 312.049990
32.963494, 313.597312
33.021990, 315.144454
33.075626, 316.691418
33.124397, 318.238208
33.168301, 319.784826
33.207333, 321.331275
33.241490, 322.877556
33.270772, 324.423672
33.295174, 325.969626
33.314695, 327.515418
33.329335, 329.061051
33.339091, 330.606527
33.343964, 332.151846
33.343952, 333.697011
33.339055, 335.242022
33.329275, 336.786881
33.314611, 338.331588
33.295065, 339.876145
33.270639, 341.420553
33.241333, 342.964811
33.207150, 344.508922
33.168093, 346.052884
33.124164, 347.596698
33.075367, 349.140365
33.021705, 350.683884
32.963183, 352.227256
32.899803, 353.770480
32.831572, 355.313556
32.758494, 356.856483
32.680574, 358.399262
32.597818, 359.941890
32.510232, 1.484369
32.417823, 3.026696
32.320597, 4.568870
32.218562, 6.110891
32.111725, 7.652756
32.000093, 9.194465
31.883675, 10.736016
31.762480, 12.277407
31.636516, 13.818636
31.505792, 15.359701
31.370319, 16.900600
31.230106, 18.441329
31.085163, 19.981887
30.935501, 21.522271
30.781131, 23.062477
30.622065, 24.602503
30.458313, 26.142344
30.289888, 27.681998
30.116802, 29.221459
29.939069, 30.760725
29.756700, 32.299790
29.569710, 33.838650
29.378112, 35.377299
29.181920, 36.915733
28.981149, 38.453945
28.775813, 39.991930
28.565928, 41.529681
28.351508, 43.067192
28.132569, 44.604454
27.909128, 46.141461
27.681202, 47.678205
27.448805, 49.214676
27.211957, 50.750866
26.970674, 52.286765
26.724973, 53.822363
26.474873, 55.357648
26.220393, 56.892609
25.961551, 58.427234
25.698365, 59.961509
25.430856, 61.495420
25.159043, 63.028952
24.882945, 64.562089
24.602584, 66.094815
24.317980, 67.627110
24.029154, 69.158956
23.736126, 70.690331
23.438919, 72.221213
23.137554, 73.751578
22.832054, 75.281400
22.522441, 76.810651
22.208738, 78.339302
21.890968, 79.867321
21.569154, 81.394673
21.243320, 82.921320
20.913491, 84.447223
20.579689, 85.972337
20.241941, 87.496615
19.900271, 89.020005
19.554704, 90.542451
19.205266, 92.063893
18.851982, 93.584263
18.494879, 95.103489
18.133984, 96.621490
17.769322, 98.138178
17.400922, 99.653458
17.028810, 101.167221
16.653014, 102.679350
16.273562, 104.189715
15.890482, 105.698169
15.503804, 107.204550
15.113556, 108.708677
14.719768, 110.210346
14.322468, 111.709328
13.921688, 113.205365
13.517457, 114.698162
13.109807, 116.187385
12.698768, 117.672653
12.284373, 119.153526
11.866653, 120.629496
11.445641, 122.099976
11.021371, 123.564278
10.593877, 125.021595
10.163193, 126.470972
9.729355, 127.911272
9.292400, 129.341128
8.852365, 130.758885
8.409290, 132.162518
7.963217, 133.549523
7.514189, 134.916766
7.062254, 136.260272
6.607463, 137.574927
6.149873, 138.854030
5.689550, 140.088636
5.226571, 141.266531
4.761032, 142.370586
4.293055, 143.376024
3.822809, 144.245630
3.350538, 144.920865
2.876629, 145.304175
2.401749, 145.220345
1.927200, 144.321523
1.455949, 141.812931
0.996515, 135.461145
0.584255, 116.881158
0.414859, 62.268867
0.701844, 19.799570
1.144533, 6.683246
1.622123, 1.909876
2.112703, 0.019936
2.610265, 359.420537
3.112539, 359.502946
3.618476, 359.987693
4.127511, 0.729205
4.639310, 1.644403
5.153651, 2.682486
5.670380, 3.810672
6.189380, 5.006866
6.710557, 6.255646
7.233833, 7.545916
7.759141, 8.869495
8.286421, 10.220218
8.815616, 11.593351
9.346675, 12.985200
9.879548, 14.392839
10.414188, 15.813922
10.950549, 17.246544
11.488586, 18.689144
12.028255, 20.140431
12.569513, 21.599326
13.112316, 23.064922
13.656622, 24.536451
14.202389, 26.013255
14.749574, 27.494775
15.298137, 28.980522
15.848035, 30.470077
16.399226, 31.963073
16.951670, 33.459187
17.505324, 34.958138
18.060147, 36.459675
18.616098, 37.963577
19.173136, 39.469648
19.731217, 40.977711
20.290303, 42.487610
20.850350, 43.999204
21.411317, 45.512365
21.973163, 47.026979
22.535846, 48.542941
23.099326, 50.060158
23.663559, 51.578544
24.228504, 53.098021
24.794120, 54.618517
25.360366, 56.139968
25.927199, 57.662313
26.494577, 59.185497
27.062459, 60.709470
27.630804, 62.234186
28.199569, 63.759600
28.768712, 65.285674
29.338192, 66.812370
29.907966, 68.339655
30.477994, 69.867496
31.048232, 71.395864
31.618640, 72.924732
32.189175, 74.454074
32.759795, 75.983865
33.330459, 77.514084
33.901124, 79.044710
34.471749, 80.575723
35.042292, 82.107105
35.612710, 83.638838
36.182963, 85.170906
36.753008, 86.703295
37.322803, 88.235989
37.892307, 89.768976
38.461478, 91.302242
39.030273, 92.835776
39.598653, 94.369566
40.166573, 95.903602
40.733994, 97.437872
41.300873, 98.972369
41.867169, 100.507082
42.432840, 102.042004
42.997845, 103.577125
43.562142, 105.112438
44.125690, 106.647936
44.688448, 108.183612
45.250374, 109.719459
45.811428, 111.255470
46.371567, 112.791640
46.930752, 114.327963
47.488940, 115.864434
48.046091, 117.401047
48.602165, 118.937797
49.157120, 120.474679
49.710916, 122.011689
50.263512, 123.548823
50.814868, 125.086076
51.364943, 126.623444
51.913697, 128.160924
52.461089, 129.698512
53.007080, 131.236205
53.551630, 132.773998
54.094698, 134.311889
54.636245, 135.849875
55.176232, 137.387953
55.714617, 138.926119
56.251363, 140.464372
56.786430, 142.002708
57.319778, 143.541125
57.851368, 145.079621
58.381162, 146.618193
58.909121, 148.156839
59.435205, 149.695557
59.959377, 151.234345
60.481598, 152.773200
61.001830, 154.312121
61.520034, 155.851106
62.036172, 157.390153
62.550208, 158.929261
63.062102, 160.468427
63.571818, 162.007650
64.079318, 163.546929
64.584566, 165.086262
65.087523, 166.625647
65.588153, 168.165084
66.086420, 169.704570
66.582286, 171.244104
67.075716, 172.783686
67.566674, 174.323314
68.055123, 175.862987
68.541027, 177.402703
69.024352, 178.942461
69.505061, 180.482261
69.983120, 182.022101
70.458492, 183.561981
70.931145, 185.101898
71.401042, 186.641854
71.868149, 188.181845
72.332433, 189.721872
72.793859, 191.261934
73.252393, 192.802029
73.708002, 194.342158
74.160652, 195.882318
74.610310, 197.422510
75.056944, 198.962733
75.500520, 200.502985
75.941006, 202.043267
76.378370, 203.583577
76.812579, 205.123914
77.243602, 206.664279
77.671408, 208.204671
78.095964, 209.745088
78.517240, 211.285531
78.935205, 212.825998
79.349828, 214.366489
79.761079, 215.907004
80.168927, 217.447542
80.573344, 218.988102
80.974299, 220.528684
81.371762, 222.069288
81.765706, 223.609913
82.156100, 225.150558
82.542916, 226.691223
82.926126, 228.231907
83.305702, 229.772611
83.681616, 231.313333
84.053841, 232.854074
84.422348, 234.394832
84.787112, 235.935608
85.148105, 237.476401
85.505301, 239.017210
85.858674, 240.558036
86.208198, 242.098877
86.553847, 243.639734
86.895596, 245.180606
87.233419, 246.721493
87.567293, 248.262395
87.897193, 249.803310
88.223094, 251.344240
88.544973, 252.885182
88.862805, 254.426138
89.176569, 255.967107
89.486240, 257.508089
89.791796, 259.049083
90.093215, 260.590088
90.390474, 262.131106
90.683552, 263.672135
90.972428, 265.213175
91.257080, 266.754226
91.537486, 268.295287
91.813628, 269.836359
92.085484, 271.377442
92.353035, 272.918534
92.616260, 274.459635
92.875142, 276.000746
93.129660, 277.541867
93.379796, 279.082996
93.625531, 280.624134
93.866849, 282.165280
94.103730, 283.706435
94.336158, 285.247598
94.564116, 286.788769
94.787587, 288.329947
95.006554, 289.871133
95.221002, 291.412326
95.430914, 292.953526
95.636276, 294.494733
95.837073, 296.035946
96.033288, 297.577166
96.224910, 299.118392
96.411922, 300.659625
96.594312, 302.200863
96.772066, 303.742107
96.945171, 305.283357
97.113615, 306.824612
97.277384, 308.365872
97.436468, 309.907137
97.590854, 311.448407
97.740532, 312.989681
97.885489, 314.530961
98.025716, 316.072244
98.161202, 317.613532
98.291938, 319.154824
98.417913, 320.696119
98.539119, 322.237419
98.655547, 323.778722
98.767187, 325.320028
98.874033, 326.861338
98.976075, 328.402650
99.073307, 329.943966
99.165722, 331.485285
99.253313, 333.026606
99.336072, 334.567929
99.413995, 336.109255
99.487075, 337.650583
99.555308, 339.191914
99.618688, 340.733246
99.677210, 342.274580
99.730870, 343.815915
99.779665, 345.357252
99.823591, 346.898590
99.862644, 348.439930
99.896821, 349.981270
99.926121, 351.522612
99.950541, 353.063954
99.970079, 354.605297
99.984734, 356.146640
99.994504, 357.687984
99.999389, 359.229328
99.999389, 0.770672
99.994504, 2.312016
99.984734, 3.853360
99.970079, 5.394703
99.950541, 6.936046
99.926121, 8.477388
99.896821, 10.018730
99.862644, 11.560070
99.823591, 13.101410
99.779665, 14.642748
99.730870, 16.184085
99.677210, 17.725420
99.618688, 19.266754
99.555308, 20.808086
99.487075, 22.349417
99.413995, 23.890745
99.336072, 25.432071
99.253313, 26.973394
99.165722, 28.514715
99.073307, 30.056034
98.976075, 31.597350
98.874033, 33.138662
98.767187, 34.679972
98.655547, 36.221278
98.539119, 37.762581
98.417913, 39.303881
98.291938, 40.845176
98.161202, 42.386468
98.025716, 43.927756
97.885489, 45.469039
97.740532, 47.010319
97.590854, 48.551593
97.436468, 50.092863
97.277384, 51.634128
97.113615, 53.175388
96.945171, 54.716643
96.772066, 56.257893
96.594312, 57.799137
96.411922, 59.340375
96.224910, 60.881608
96.033288, 62.422834
95.837073, 63.964054
95.636276, 65.505267
95.430914, 67.046474
95.221002, 68.587674
95.006554, 70.128867
94.787587, 71.670053
94.564116, 73.211231
94.336158, 74.752402
94.103730, 76.293565
93.866849, 77.834720
93.625531, 79.375866
93.379796, 80.917004
93.129660, 82.458133
92.875142, 83.999254
92.616260, 85.540365
92.353035, 87.081466
92.085484, 88.622558
91.813628, 90.163641
91.537486, 91.704713
91.257080, 93.245774
90.972428, 94.786825
90.683552, 96.327865
90.390474, 97.868894
90.093215, 99.409912
89.791796, 100.950917
89.486240, 102.491911
89.176569, 104.032893
88.862805, 105.573862
88.544973, 107.114818
88.223094, 108.655760
87.897193, 110.196690
87.567293, 111.737605
87.233419, 113.278507
86.895596, 114.819394
86.553847, 116.360266
86.208198, 117.901123
85.858674, 119.441964
85.505301, 120.982790
85.148105, 122.523599
84.787112, 124.064392
84.422348, 125.605168
84.053841, 127.145926
83.681616, 128.686667
83.305702, 130.227389
82.926126, 131.768093
82.542916, 133.308777
82.156100, 134.849442
81.765706, 136.390087
81.371762, 137.930712
80.974299, 139.471316
80.573344, 141.011898
80.168927, 142.552458
79.761079, 144.092996
79.349828, 145.633511
78.935205, 147.174002
78.517240, 148.714469
78.095964, 150.254912
77.671408, 151.795329
77.243602, 153.335721
76.812579, 154.876086
76.378370, 156.416423
75.941006, 157.956733
75.500520, 159.497015
75.056944, 161.037267
74.610310, 162.577490
74.160652, 164.117682
73.708002, 165.657842
73.252393, 167.197971
72.793859, 168.738066
72.332433, 170.278128
71.868149, 171.818155
71.401042, 173.358146
70.931145, 174.898102
70.458492, 176.438019
69.983120, 177.977899
69.505061, 179.517739
69.024352, 181.057539
68.541027, 182.597297
68.055123, 184.137013
67.566674, 185.676686
67.075716, 187.216314
66.582286, 188.755896
66.086420, 190.295430
65.588153, 191.834916
65.087523, 193.374353
64.584566, 194.913738
64.079318, 196.453071
63.571818, 197.992350
63.062102, 199.531573
62.550208, 201.070739
62.036172, 202.609847
61.520034, 204.148894
61.001830, 205.687879
60.481598, 207.226800
59.959377, 208.765655
59.435205, 210.304443
58.909121, 211.843161
58.381162, 213.381807
57.851368, 214.920379
57.319778, 216.458875
56.786430, 217.997292
56.251363, 219.535628
55.714617, 221.073881
55.176232, 222.612047
54.636245, 224.150125
54.094698, 225.688111
53.551630, 227.226002
53.007080, 228.763795
52.461089, 230.301488
51.913697, 231.839076
51.364943, 233.376556
50.814868, 234.913924
50.263512, 236.451177
49.710916, 237.988311
49.157120, 239.525321
48.602165, 241.062203
48.046091, 242.598953
47.488940, 244.135566
46.930752, 245.672037
46.371567, 247.208360
45.811428, 248.744530
45.250374, 250.280541
44.688448, 251.816388
44.125690, 253.352064
43.562142, 254.887562
42.997845, 256.422875
42.432840, 257.957996
41.867169, 259.492918
41.300873, 261.027631
40.733994, 262.562128
40.166573, 264.096398
39.598653, 265.630434
39.030273, 267.164224
38.461478, 268.697758
37.892307, 270.231024
37.322803, 271.764011
36.753008, 273.296705
36.182963, 274.829094
35.612710, 276.361162
35.042292, 277.892895
34.471749, 279.424277
33.901124, 280.955290
33.330459, 282.485916
32.759795, 284.016135
32.189175, 285.545926
31.618640, 287.075268
31.048232, 288.604136
30.477994, 290.132504
29.907966, 291.660345
29.338192, 293.187630
28.768712, 294.714326
28.199569, 296.240400
27.630804, 297.765814
27.062459, 299.290530
26.494577, 300.814503
25.927199, 302.337687
25.360366, 303.860032
24.794120, 305.381483
24.228504, 306.901979
23.663559, 308.421456
23.099326, 309.939842
22.535846, 311.457059
21.973163, 312.973021
21.411317, 314.487635
20.850350, 316.000796
20.290303, 317.512390
19.731217, 319.022289
19.173136, 320.530352
18.616098, 322.036423
18.060147, 323.540325
17.505324, 325.041862
16.951670, 326.540813
16.399226, 328.036927
15.848035, 329.529923
15.298137, 331.019478
14.749574, 332.505225
14.202389, 333.986745
13.656622, 335.463549
13.112316, 336.935078
12.569513, 338.400674
12.028255, 339.859569
11.488586, 341.310856
10.950549, 342.753456
10.414188, 344.186078
9.879548, 345.607161
9.346675, 347.014800
8.815616, 348.406649
8.286421, 349.779782
7.759141, 351.130505
7.233833, 352.454084
6.710557, 353.744354
6.189380, 354.993134
5.670380, 356.189328
5.153651, 357.317514
4.639310, 358.355597
4.127511, 359.270795
3.618476, 0.012307
3.112539, 0.497054
2.610265, 0.579463
2.112703, 359.980064
1.622123, 358.090124
1.144533, 353.316754
0.701844, 340.200430
0.414859, 297.731133
0.584255, 243.118842
0.996515, 224.538855
1.455949, 218.187069
1.927200, 215.678477
2.401749, 214.779655
2.876629, 214.695825
3.350538, 215.079135
3.822809, 215.754370
4.293055, 216.623976
4.761032, 217.629414
5.226571, 218.733469
5.689550, 219.911364
6.149873, 221.145970
6.607463, 222.425073
7.062254, 223.739728
7.514189, 225.083234
7.963217, 226.450477
8.409290, 227.837482
8.852365, 229.241115
9.292400, 230.658872
9.729355, 232.088728
10.163193, 233.529028
10.593877, 234.978405
11.021371, 236.435722
11.445641, 237.900024
11.866653, 239.370504
12.284373, 240.846474
12.698768, 242.327347
13.109807, 243.812615
13.517457, 245.301838
13.921688, 246.794635
14.322468, 248.290672
14.719768, 249.789654
15.113556, 251.291323
15.503804, 252.795450
15.890482, 254.301831
16.273562, 255.810285
16.653014, 257.320650
17.028810, 258.832779
17.400922, 260.346542
17.769322, 261.861822
18.133984, 263.378510
18.494879, 264.896511
18.851982, 266.415737
19.205266, 267.936107
19.554704, 269.457549
19.900271, 270.979995
20.241941, 272.503385
20.579689, 274.027663
20.913491, 275.552777
21.243320, 277.078680
21.569154, 278.605327
21.890968, 280.132679
22.208738, 281.660698
22.522441, 283.189349
22.832054, 284.718600
23.137554, 286.248422
23.438919, 287.778787
23.736126, 289.309669
24.029154, 290.841044
24.317980, 292.372890
24.602584, 293.905185
24.882945, 295.437911
25.159043, 296.971048
25.430856, 298.504580
25.698365, 300.038491
25.961551, 301.572766
26.220393, 303.107391
26.474873, 304.642352
26.724973, 306.177637
26.970674, 307.713235
27.211957, 309.249134
27.448805, 310.785324
27.681202, 312.321795
27.909128, 313.858539
28.132569, 315.395546
28.351508, 316.932808
28.565928, 318.470319
28.775813, 320.008070
28.981149, 321.546055
29.181920, 323.084267
29.378112, 324.622701
29.569710, 326.161350
29.756700, 327.700210
29.939069, 329.239275
30.116802, 330.778541
30.289888, 332.318002
30.458313, 333.857656
30.622065, 335.397497
30.781131, 336.937523
30.935501, 338.477729
31.085163, 340.018113
31.230106, 341.558671
31.370319, 343.099400
31.505792, 344.640299
31.636516, 346.181364
31.762480, 347.722593
31.883675, 349.263984
32.000093, 350.805535
32.111725, 352.347244
32.218562, 353.889109
32.320597, 355.431130
32.417823, 356.973304
32.510232, 358.515631
32.597818, 0.058110
32.680574, 1.600738
32.758494, 3.143517
32.831572, 4.686444
32.899803, 6.229520
32.963183, 7.772744
33.021705, 9.316116
33.075367, 10.859635
33.124164, 12.403302
33.168093, 13.947116
33.207150, 15.491078
33.241333, 17.035189
33.270639, 18.579447
33.295065, 20.123855
33.314611, 21.668412
33.329275, 23.213119
33.339055, 24.757978
33.343952, 26.302989
33.343964, 27.848154
33.339091, 29.393473
33.329335, 30.938949
33.314695, 32.484582
33.295174, 34.030374
33.270772, 35.576328
33.241490, 37.122444
33.207333, 38.668725
33.168301, 40.215174
33.124397, 41.761792
33.075626, 43.308582
33.021990, 44.855546
32.963494, 46.402688
32.900142, 47.950010
32.831938, 49.497516
32.758887, 51.045208
32.680996, 52.593091
32.598269, 54.141167
32.510713, 55.689441
32.418334, 57.237917
32.321140, 58.786599
32.219136, 60.335491
32.112331, 61.884599
32.000733, 63.433926
31.884350, 64.983479
31.763190, 66.533263
31.637262, 68.083283
31.506576, 69.633545
31.371141, 71.184056
31.230967, 72.734823
31.086065, 74.285852
30.936445, 75.837150
30.782118, 77.388725
30.623096, 78.940585
30.459390, 80.492739
30.291013, 82.045195
30.117976, 83.597963
29.940293, 85.151052
29.757977, 86.704473
29.571041, 88.258236
29.379499, 89.812353
29.183365, 91.366836
28.982653, 92.921696
28.777379, 94.476948
28.567557, 96.032605
28.353203, 97.588683
28.134333, 99.145195
27.910963, 100.702160
27.683109, 102.259593
27.450789, 103.817514
27.214019, 105.375941
26.972817, 106.934895
26.727202, 108.494397
26.477190, 110.054471
26.222800, 111.615139
25.964052, 113.176429
25.700965, 114.738368
25.433557, 116.300984
25.161850, 117.864307
24.885862, 119.428372
24.605615, 120.993213
24.321130, 122.558866
24.032426, 124.125373
23.739527, 125.692775
23.442453, 127.261117
23.141228, 128.830449
22.835873, 130.400823
22.526410, 131.972294
22.212865, 133.544922
21.895258, 135.118773
21.573616, 136.693916
21.247961, 138.270427
20.918318, 139.848386
20.584712, 141.427881
20.247168, 143.009008
19.905712, 144.591871
19.560369, 146.176581
19.211165, 147.763261
18.858128, 149.352045
18.501284, 150.943079
18.140661, 152.536523
17.776285, 154.132552
17.408186, 155.731361
17.036392, 157.333162
16.660931, 158.938192
16.281834, 160.546711
15.899130, 162.159009
15.512849, 163.775411
15.123022, 165.396278
14.729682, 167.022015
14.332859, 168.653080
13.932587, 170.289987
13.528900, 171.933320
13.121831, 173.583745
12.711417, 175.242021
12.297693, 176.909020
11.880696, 178.585748
11.460467, 180.273374
11.037046, 181.973259
10.610475, 183.687002
10.180798, 185.416492
9.748065, 187.163976
9.312325, 188.932151
8.873634, 190.724280
8.432054, 192.544345
7.987651, 194.397265
7.540503, 196.289179
7.090699, 198.227850
6.638342, 200.223238
6.183561, 202.288334
5.726513, 204.440395
5.267401, 206.702838
4.806497, 209.108234
4.344172, 211.703194
3.880968, 214.556734
3.417703, 217.775253
2.955693, 221.531000
2.497214, 226.119906
2.046540, 232.088246
1.612625, 240.530552
1.216698, 253.792760
0.913893, 276.451568
0.820048, 310.487767
0.999734, 341.601505
1.350310, 0.671303
1.775146, 12.025756
2.233794, 19.508716
2.710395, 24.955676
3.197979, 29.236598
3.693091, 32.797330
4.193836, 35.885311
4.699088, 38.647495
5.208132, 41.176171
5.720487, 43.532023
6.235815, 45.756509
6.753865, 47.878876
7.274447, 49.920327
7.797408, 51.896595
8.322624, 53.819599
8.849991, 55.698526
9.379418, 57.540571
9.910825, 59.351449
10.444140, 61.135753
10.979298, 62.897218
11.516236, 64.638913
12.054897, 66.363380
12.595227, 68.072744
13.137173, 69.768796
13.680684, 71.453055
14.225712, 73.126815
14.772207, 74.791190
15.320124, 76.447143
15.869416, 78.095506
16.420037, 79.737009
16.971943, 81.372288
17.525089, 83.001906
18.079431, 84.626357
18.634925, 86.246082
19.191528, 87.861471
19.749196, 89.472874
20.307886, 91.080603
20.867556, 92.684938
21.428161, 94.286134
21.989661, 95.884418
22.552011, 97.479997
23.115170, 99.073059
23.679094, 100.663775
24.243742, 102.252299
24.809071, 103.838775
25.375038, 105.423331
25.941602, 107.006089
26.508720, 108.587156
27.076349, 110.166635
27.644447, 111.744618
28.212973, 113.321191
28.781883, 114.896433
29.351136, 116.470419
29.920690, 118.043216
30.490501, 119.614887
31.060528, 121.185492
31.630730, 122.755085
32.201062, 124.323718
32.771485, 125.891439
33.341954, 127.458292
33.912429, 129.024318
34.482867, 130.589558
35.053226, 132.154047
35.623464, 133.717821
36.193539, 135.280911
36.763408, 136.843348
37.333031, 138.405161
37.902365, 139.966376
38.471367, 141.527019
39.039997, 143.087115
39.608213, 144.646685
40.175972, 146.205751
40.743232, 147.764334
41.309953, 149.322452
41.876092, 150.880125
42.441608, 152.437368
43.006460, 153.994198
43.570605, 155.550632
44.134002, 157.106684
44.696610, 158.662367
45.258387, 160.217695
45.819293, 161.772681
46.379286, 163.327336
46.938325, 164.881673
47.496368, 166.435703
48.053376, 167.989435
48.609306, 169.542880
49.164119, 171.096048
49.717773, 172.648946
50.270228, 174.201585
50.821443, 175.753973
51.371378, 177.306117
51.919993, 178.858025
52.467246, 180.409705
53.013099, 181.961163
53.557510, 183.512406
54.100441, 185.063440
54.641851, 186.614273
55.181700, 188.164909
55.719949, 189.715355
56.256558, 191.265615
56.791488, 192.815695
57.324700, 194.365601
57.856155, 195.915336
58.385813, 197.464906
58.913636, 199.014316
59.439585, 200.563568
59.963622, 202.112669
60.485708, 203.661621
61.005804, 205.210428
61.523873, 206.759095
62.039877, 208.307624
62.553777, 209.856019
63.065536, 211.404285
63.575117, 212.952422
64.082483, 214.500436
64.587595, 216.048329
65.090417, 217.596103
65.590912, 219.143762
66.089043, 220.691308
66.584775, 222.238744
67.078069, 223.786073
67.568891, 225.333296
68.057205, 226.880417
68.542974, 228.427437
69.026162, 229.974358
69.506735, 231.521184
69.984658, 233.067915
70.459894, 234.614554
70.932410, 236.161103
71.402171, 237.707563
71.869142, 239.253937
72.333289, 240.800227
72.794578, 242.346433
##END=
