##TITLE= Parameter file, TopSpin 4.3.0
##JCAMPDX= 5.0
##DATATYPE= Parameter Values
##ORIGIN= Bruker BioSpin GmbH
##OWNER= nmrsu
$$ 2024-03-04 10:36:14.719 +0000  nmrsu@4CE1161FJM
$$ C:/Bruker/TopSpin4.3.0/exp/stan/nmr/lists/wave/user/multisupp_aux_d8
$$ process C:\Bruker\TopSpin4.3.0\prog\mod\xwinshape.exe
##MINX= 2.19132200
##MAXX= 99.99938900
##MINY= 0.17612900
##MAXY= 359.82387100
##$SHAPE_ADDPHASE= 0
##$SHAPE_AMP= 99.99938923
##$SHAPE_BWFAC= 0
##$SHAPE_BWFAC50= 0
##$SHAPE_CALCBW= yes
##$SHAPE_CALCINTEG= yes
##$SHAPE_EXMODE= <Excitation>
##$SHAPE_EXPAND= <>
##$SHAPE_EXPANDCF= (0..143)
0 0 0 0 0 0 0 0 0 0 0 0 0 0 0 0 0 0 0 0 0 0 0 0 0 0 0 0 0 0 0 0 0 0 0 0
0 0 0 0 0 0 0 0 0 0 0 0 0 0 0 0 0 0 0 0 0 0 0 0 0 0 0 0 0 0 0 0 0 0 0 0
0 0 0 0 0 0 0 0 0 0 0 0 0 0 0 0 0 0 0 0 0 0 0 0 0 0 0 0 0 0 0 0 0 0 0 0
0 0 0 0 0 0 0 0 0 0 0 0 0 0 0 0 0 0 0 0 0 0 0 0 0 0 0 0 0 0 0 0 0 0 0 0
##$SHAPE_EXPFAC= 0
##$SHAPE_FRACEND= 0
##$SHAPE_FRACORG= 0
##$SHAPE_FRACSTART= 0
##$SHAPE_INTEGFAC= 0
##$SHAPE_KEEPRES= yes
##$SHAPE_LENGTH= 25000.000373
##$SHAPE_MAN= <M>
##$SHAPE_MODE= 3
##$SHAPE_MODFREQ= 0
##$SHAPE_MODPHASE= 0
##$SHAPE_MODSCALE= 0
##$SHAPE_MODSW= 0
##$SHAPE_MODSWDIR= -1
##$SHAPE_NPOINTS= 1250
##$SHAPE_OFFS= <1 3>
##$SHAPE_OFFSCOEFF= (0..95)
-150.59447 0 100 -220.85132 0 100 -286.82596 0 100 0 0 0 0 0 0 0 0 0 0
0 0 0 0 0 0 0 0 0 0 0 0 0 0 0 0 0 0 0 0 0 0 0 0 0 0 0 0 0 0 0 0 0 0 0 0
0 0 0 0 0 0 0 0 0 0 0 0 0 0 0 0 0 0 0 0 0 0 0 0 0 0 0 0 0 0 0 0 0 0 0 0
0 0 0 0 0
##$SHAPE_PARAMETER= <>
##$SHAPE_REPHFAC= 0
##$SHAPE_RES= 0
##$SHAPE_SCALEFAC= 1.00000611
##$SHAPE_SCALETYPE= 0
##$SHAPE_SPOAL= 0
##$SHAPE_SPOFFS= 0
##$SHAPE_SPOPH= 0
##$SHAPE_TOTROT= 90
##$SHAPE_TYPE= <Excitation>
##$SHAPE_USER_DEF= <>
##$SHAPE_VERSION= 2.1
##$SHL_ADDPHASE= (0..15)
0 0 0 0 0 0 0 0 0 0 0 0 0 0 0 0
##$SHL_ALIGNOFFSET= (0..15)
0 0 0 0 0 0 0 0 0 0 0 0 0 0 0 0
##$SHL_AMP= (0..15)
100 0 0 0 0 0 0 0 0 0 0 0 0 0 0 0
##$SHL_AMPFAC= (0..15)
0 0 0 0 0 0 0 0 0 0 0 0 0 0 0 0
##$SHL_BETA= (0..15)
0 0 0 0 0 0 0 0 0 0 0 0 0 0 0 0
##$SHL_BWFAC= (0..15)
1.116 0 0 0 0 0 0 0 0 0 0 0 0 0 0 0
##$SHL_CALCBW= (0..15)
yes yes yes yes yes yes yes yes yes yes yes yes yes yes yes yes
##$SHL_CALCINTEG= (0..15)
yes yes yes yes yes yes yes yes yes yes yes yes yes yes yes yes
##$SHL_CENTERAMP= (0..15)
0 0 0 0 0 0 0 0 0 0 0 0 0 0 0 0
##$SHL_CYCNUM= (0..15)
0 0 0 0 0 0 0 0 0 0 0 0 0 0 0 0
##$SHL_DIPOLCPL= (0..15)
0 0 0 0 0 0 0 0 0 0 0 0 0 0 0 0
##$SHL_ENDAMP= (0..15)
0 0 0 0 0 0 0 0 0 0 0 0 0 0 0 0
##$SHL_EXMODE= (0..15)
<Excitation> <> <> <> <> <> <> <> <> <> <> <> <> <> <> <>
##$SHL_EXPAND= (0..15)
<> <> <> <> <> <> <> <> <> <> <> <> <> <> <> <>
##$SHL_EXPANDCF0= (0..143)
0 0 0 0 0 0 0 0 0 0 0 0 0 0 0 0 0 0 0 0 0 0 0 0 0 0 0 0 0 0 0 0 0 0 0 0
0 0 0 0 0 0 0 0 0 0 0 0 0 0 0 0 0 0 0 0 0 0 0 0 0 0 0 0 0 0 0 0 0 0 0 0
0 0 0 0 0 0 0 0 0 0 0 0 0 0 0 0 0 0 0 0 0 0 0 0 0 0 0 0 0 0 0 0 0 0 0 0
0 0 0 0 0 0 0 0 0 0 0 0 0 0 0 0 0 0 0 0 0 0 0 0 0 0 0 0 0 0 0 0 0 0 0 0
##$SHL_EXPANDCF1= (0..143)
0 0 0 0 0 0 0 0 0 0 0 0 0 0 0 0 0 0 0 0 0 0 0 0 0 0 0 0 0 0 0 0 0 0 0 0
0 0 0 0 0 0 0 0 0 0 0 0 0 0 0 0 0 0 0 0 0 0 0 0 0 0 0 0 0 0 0 0 0 0 0 0
0 0 0 0 0 0 0 0 0 0 0 0 0 0 0 0 0 0 0 0 0 0 0 0 0 0 0 0 0 0 0 0 0 0 0 0
0 0 0 0 0 0 0 0 0 0 0 0 0 0 0 0 0 0 0 0 0 0 0 0 0 0 0 0 0 0 0 0 0 0 0 0
##$SHL_EXPANDCF10= (0..143)
0 0 0 0 0 0 0 0 0 0 0 0 0 0 0 0 0 0 0 0 0 0 0 0 0 0 0 0 0 0 0 0 0 0 0 0
0 0 0 0 0 0 0 0 0 0 0 0 0 0 0 0 0 0 0 0 0 0 0 0 0 0 0 0 0 0 0 0 0 0 0 0
0 0 0 0 0 0 0 0 0 0 0 0 0 0 0 0 0 0 0 0 0 0 0 0 0 0 0 0 0 0 0 0 0 0 0 0
0 0 0 0 0 0 0 0 0 0 0 0 0 0 0 0 0 0 0 0 0 0 0 0 0 0 0 0 0 0 0 0 0 0 0 0
##$SHL_EXPANDCF11= (0..143)
0 0 0 0 0 0 0 0 0 0 0 0 0 0 0 0 0 0 0 0 0 0 0 0 0 0 0 0 0 0 0 0 0 0 0 0
0 0 0 0 0 0 0 0 0 0 0 0 0 0 0 0 0 0 0 0 0 0 0 0 0 0 0 0 0 0 0 0 0 0 0 0
0 0 0 0 0 0 0 0 0 0 0 0 0 0 0 0 0 0 0 0 0 0 0 0 0 0 0 0 0 0 0 0 0 0 0 0
0 0 0 0 0 0 0 0 0 0 0 0 0 0 0 0 0 0 0 0 0 0 0 0 0 0 0 0 0 0 0 0 0 0 0 0
##$SHL_EXPANDCF12= (0..143)
0 0 0 0 0 0 0 0 0 0 0 0 0 0 0 0 0 0 0 0 0 0 0 0 0 0 0 0 0 0 0 0 0 0 0 0
0 0 0 0 0 0 0 0 0 0 0 0 0 0 0 0 0 0 0 0 0 0 0 0 0 0 0 0 0 0 0 0 0 0 0 0
0 0 0 0 0 0 0 0 0 0 0 0 0 0 0 0 0 0 0 0 0 0 0 0 0 0 0 0 0 0 0 0 0 0 0 0
0 0 0 0 0 0 0 0 0 0 0 0 0 0 0 0 0 0 0 0 0 0 0 0 0 0 0 0 0 0 0 0 0 0 0 0
##$SHL_EXPANDCF13= (0..143)
0 0 0 0 0 0 0 0 0 0 0 0 0 0 0 0 0 0 0 0 0 0 0 0 0 0 0 0 0 0 0 0 0 0 0 0
0 0 0 0 0 0 0 0 0 0 0 0 0 0 0 0 0 0 0 0 0 0 0 0 0 0 0 0 0 0 0 0 0 0 0 0
0 0 0 0 0 0 0 0 0 0 0 0 0 0 0 0 0 0 0 0 0 0 0 0 0 0 0 0 0 0 0 0 0 0 0 0
0 0 0 0 0 0 0 0 0 0 0 0 0 0 0 0 0 0 0 0 0 0 0 0 0 0 0 0 0 0 0 0 0 0 0 0
##$SHL_EXPANDCF14= (0..143)
0 0 0 0 0 0 0 0 0 0 0 0 0 0 0 0 0 0 0 0 0 0 0 0 0 0 0 0 0 0 0 0 0 0 0 0
0 0 0 0 0 0 0 0 0 0 0 0 0 0 0 0 0 0 0 0 0 0 0 0 0 0 0 0 0 0 0 0 0 0 0 0
0 0 0 0 0 0 0 0 0 0 0 0 0 0 0 0 0 0 0 0 0 0 0 0 0 0 0 0 0 0 0 0 0 0 0 0
0 0 0 0 0 0 0 0 0 0 0 0 0 0 0 0 0 0 0 0 0 0 0 0 0 0 0 0 0 0 0 0 0 0 0 0
##$SHL_EXPANDCF15= (0..143)
0 0 0 0 0 0 0 0 0 0 0 0 0 0 0 0 0 0 0 0 0 0 0 0 0 0 0 0 0 0 0 0 0 0 0 0
0 0 0 0 0 0 0 0 0 0 0 0 0 0 0 0 0 0 0 0 0 0 0 0 0 0 0 0 0 0 0 0 0 0 0 0
0 0 0 0 0 0 0 0 0 0 0 0 0 0 0 0 0 0 0 0 0 0 0 0 0 0 0 0 0 0 0 0 0 0 0 0
0 0 0 0 0 0 0 0 0 0 0 0 0 0 0 0 0 0 0 0 0 0 0 0 0 0 0 0 0 0 0 0 0 0 0 0
##$SHL_EXPANDCF2= (0..143)
0 0 0 0 0 0 0 0 0 0 0 0 0 0 0 0 0 0 0 0 0 0 0 0 0 0 0 0 0 0 0 0 0 0 0 0
0 0 0 0 0 0 0 0 0 0 0 0 0 0 0 0 0 0 0 0 0 0 0 0 0 0 0 0 0 0 0 0 0 0 0 0
0 0 0 0 0 0 0 0 0 0 0 0 0 0 0 0 0 0 0 0 0 0 0 0 0 0 0 0 0 0 0 0 0 0 0 0
0 0 0 0 0 0 0 0 0 0 0 0 0 0 0 0 0 0 0 0 0 0 0 0 0 0 0 0 0 0 0 0 0 0 0 0
##$SHL_EXPANDCF3= (0..143)
0 0 0 0 0 0 0 0 0 0 0 0 0 0 0 0 0 0 0 0 0 0 0 0 0 0 0 0 0 0 0 0 0 0 0 0
0 0 0 0 0 0 0 0 0 0 0 0 0 0 0 0 0 0 0 0 0 0 0 0 0 0 0 0 0 0 0 0 0 0 0 0
0 0 0 0 0 0 0 0 0 0 0 0 0 0 0 0 0 0 0 0 0 0 0 0 0 0 0 0 0 0 0 0 0 0 0 0
0 0 0 0 0 0 0 0 0 0 0 0 0 0 0 0 0 0 0 0 0 0 0 0 0 0 0 0 0 0 0 0 0 0 0 0
##$SHL_EXPANDCF4= (0..143)
0 0 0 0 0 0 0 0 0 0 0 0 0 0 0 0 0 0 0 0 0 0 0 0 0 0 0 0 0 0 0 0 0 0 0 0
0 0 0 0 0 0 0 0 0 0 0 0 0 0 0 0 0 0 0 0 0 0 0 0 0 0 0 0 0 0 0 0 0 0 0 0
0 0 0 0 0 0 0 0 0 0 0 0 0 0 0 0 0 0 0 0 0 0 0 0 0 0 0 0 0 0 0 0 0 0 0 0
0 0 0 0 0 0 0 0 0 0 0 0 0 0 0 0 0 0 0 0 0 0 0 0 0 0 0 0 0 0 0 0 0 0 0 0
##$SHL_EXPANDCF5= (0..143)
0 0 0 0 0 0 0 0 0 0 0 0 0 0 0 0 0 0 0 0 0 0 0 0 0 0 0 0 0 0 0 0 0 0 0 0
0 0 0 0 0 0 0 0 0 0 0 0 0 0 0 0 0 0 0 0 0 0 0 0 0 0 0 0 0 0 0 0 0 0 0 0
0 0 0 0 0 0 0 0 0 0 0 0 0 0 0 0 0 0 0 0 0 0 0 0 0 0 0 0 0 0 0 0 0 0 0 0
0 0 0 0 0 0 0 0 0 0 0 0 0 0 0 0 0 0 0 0 0 0 0 0 0 0 0 0 0 0 0 0 0 0 0 0
##$SHL_EXPANDCF6= (0..143)
0 0 0 0 0 0 0 0 0 0 0 0 0 0 0 0 0 0 0 0 0 0 0 0 0 0 0 0 0 0 0 0 0 0 0 0
0 0 0 0 0 0 0 0 0 0 0 0 0 0 0 0 0 0 0 0 0 0 0 0 0 0 0 0 0 0 0 0 0 0 0 0
0 0 0 0 0 0 0 0 0 0 0 0 0 0 0 0 0 0 0 0 0 0 0 0 0 0 0 0 0 0 0 0 0 0 0 0
0 0 0 0 0 0 0 0 0 0 0 0 0 0 0 0 0 0 0 0 0 0 0 0 0 0 0 0 0 0 0 0 0 0 0 0
##$SHL_EXPANDCF7= (0..143)
0 0 0 0 0 0 0 0 0 0 0 0 0 0 0 0 0 0 0 0 0 0 0 0 0 0 0 0 0 0 0 0 0 0 0 0
0 0 0 0 0 0 0 0 0 0 0 0 0 0 0 0 0 0 0 0 0 0 0 0 0 0 0 0 0 0 0 0 0 0 0 0
0 0 0 0 0 0 0 0 0 0 0 0 0 0 0 0 0 0 0 0 0 0 0 0 0 0 0 0 0 0 0 0 0 0 0 0
0 0 0 0 0 0 0 0 0 0 0 0 0 0 0 0 0 0 0 0 0 0 0 0 0 0 0 0 0 0 0 0 0 0 0 0
##$SHL_EXPANDCF8= (0..143)
0 0 0 0 0 0 0 0 0 0 0 0 0 0 0 0 0 0 0 0 0 0 0 0 0 0 0 0 0 0 0 0 0 0 0 0
0 0 0 0 0 0 0 0 0 0 0 0 0 0 0 0 0 0 0 0 0 0 0 0 0 0 0 0 0 0 0 0 0 0 0 0
0 0 0 0 0 0 0 0 0 0 0 0 0 0 0 0 0 0 0 0 0 0 0 0 0 0 0 0 0 0 0 0 0 0 0 0
0 0 0 0 0 0 0 0 0 0 0 0 0 0 0 0 0 0 0 0 0 0 0 0 0 0 0 0 0 0 0 0 0 0 0 0
##$SHL_EXPANDCF9= (0..143)
0 0 0 0 0 0 0 0 0 0 0 0 0 0 0 0 0 0 0 0 0 0 0 0 0 0 0 0 0 0 0 0 0 0 0 0
0 0 0 0 0 0 0 0 0 0 0 0 0 0 0 0 0 0 0 0 0 0 0 0 0 0 0 0 0 0 0 0 0 0 0 0
0 0 0 0 0 0 0 0 0 0 0 0 0 0 0 0 0 0 0 0 0 0 0 0 0 0 0 0 0 0 0 0 0 0 0 0
0 0 0 0 0 0 0 0 0 0 0 0 0 0 0 0 0 0 0 0 0 0 0 0 0 0 0 0 0 0 0 0 0 0 0 0
##$SHL_EXPFAC= (0..15)
0 0 0 0 0 0 0 0 0 0 0 0 0 0 0 0
##$SHL_FRACEND= (0..15)
0 0 0 0 0 0 0 0 0 0 0 0 0 0 0 0
##$SHL_FRACORG= (0..15)
0 0 0 0 0 0 0 0 0 0 0 0 0 0 0 0
##$SHL_FRACSTART= (0..15)
0 0 0 0 0 0 0 0 0 0 0 0 0 0 0 0
##$SHL_FULLHALF= (0..15)
0 0 0 0 0 0 0 0 0 0 0 0 0 0 0 0
##$SHL_FUNCAMP= (0..15)
100 0 0 0 0 0 0 0 0 0 0 0 0 0 0 0
##$SHL_FUNCTION= (0..15)
<Rectangle> <> <> <> <> <> <> <> <> <> <> <> <> <> <> <>
##$SHL_GCO= (0..15)
<> <> <> <> <> <> <> <> <> <> <> <> <> <> <> <>
##$SHL_GCOCOEFFS0= (0..59)
0 0 0 0 0 0 0 0 0 0 0 0 0 0 0 0 0 0 0 0 0 0 0 0 0 0 0 0 0 0 0 0 0 0 0 0
0 0 0 0 0 0 0 0 0 0 0 0 0 0 0 0 0 0 0 0 0 0 0 0
##$SHL_GCOCOEFFS1= (0..59)
0 0 0 0 0 0 0 0 0 0 0 0 0 0 0 0 0 0 0 0 0 0 0 0 0 0 0 0 0 0 0 0 0 0 0 0
0 0 0 0 0 0 0 0 0 0 0 0 0 0 0 0 0 0 0 0 0 0 0 0
##$SHL_GCOCOEFFS10= (0..59)
0 0 0 0 0 0 0 0 0 0 0 0 0 0 0 0 0 0 0 0 0 0 0 0 0 0 0 0 0 0 0 0 0 0 0 0
0 0 0 0 0 0 0 0 0 0 0 0 0 0 0 0 0 0 0 0 0 0 0 0
##$SHL_GCOCOEFFS11= (0..59)
0 0 0 0 0 0 0 0 0 0 0 0 0 0 0 0 0 0 0 0 0 0 0 0 0 0 0 0 0 0 0 0 0 0 0 0
0 0 0 0 0 0 0 0 0 0 0 0 0 0 0 0 0 0 0 0 0 0 0 0
##$SHL_GCOCOEFFS12= (0..59)
0 0 0 0 0 0 0 0 0 0 0 0 0 0 0 0 0 0 0 0 0 0 0 0 0 0 0 0 0 0 0 0 0 0 0 0
0 0 0 0 0 0 0 0 0 0 0 0 0 0 0 0 0 0 0 0 0 0 0 0
##$SHL_GCOCOEFFS13= (0..59)
0 0 0 0 0 0 0 0 0 0 0 0 0 0 0 0 0 0 0 0 0 0 0 0 0 0 0 0 0 0 0 0 0 0 0 0
0 0 0 0 0 0 0 0 0 0 0 0 0 0 0 0 0 0 0 0 0 0 0 0
##$SHL_GCOCOEFFS14= (0..59)
0 0 0 0 0 0 0 0 0 0 0 0 0 0 0 0 0 0 0 0 0 0 0 0 0 0 0 0 0 0 0 0 0 0 0 0
0 0 0 0 0 0 0 0 0 0 0 0 0 0 0 0 0 0 0 0 0 0 0 0
##$SHL_GCOCOEFFS15= (0..59)
0 0 0 0 0 0 0 0 0 0 0 0 0 0 0 0 0 0 0 0 0 0 0 0 0 0 0 0 0 0 0 0 0 0 0 0
0 0 0 0 0 0 0 0 0 0 0 0 0 0 0 0 0 0 0 0 0 0 0 0
##$SHL_GCOCOEFFS2= (0..59)
0 0 0 0 0 0 0 0 0 0 0 0 0 0 0 0 0 0 0 0 0 0 0 0 0 0 0 0 0 0 0 0 0 0 0 0
0 0 0 0 0 0 0 0 0 0 0 0 0 0 0 0 0 0 0 0 0 0 0 0
##$SHL_GCOCOEFFS3= (0..59)
0 0 0 0 0 0 0 0 0 0 0 0 0 0 0 0 0 0 0 0 0 0 0 0 0 0 0 0 0 0 0 0 0 0 0 0
0 0 0 0 0 0 0 0 0 0 0 0 0 0 0 0 0 0 0 0 0 0 0 0
##$SHL_GCOCOEFFS4= (0..59)
0 0 0 0 0 0 0 0 0 0 0 0 0 0 0 0 0 0 0 0 0 0 0 0 0 0 0 0 0 0 0 0 0 0 0 0
0 0 0 0 0 0 0 0 0 0 0 0 0 0 0 0 0 0 0 0 0 0 0 0
##$SHL_GCOCOEFFS5= (0..59)
0 0 0 0 0 0 0 0 0 0 0 0 0 0 0 0 0 0 0 0 0 0 0 0 0 0 0 0 0 0 0 0 0 0 0 0
0 0 0 0 0 0 0 0 0 0 0 0 0 0 0 0 0 0 0 0 0 0 0 0
##$SHL_GCOCOEFFS6= (0..59)
0 0 0 0 0 0 0 0 0 0 0 0 0 0 0 0 0 0 0 0 0 0 0 0 0 0 0 0 0 0 0 0 0 0 0 0
0 0 0 0 0 0 0 0 0 0 0 0 0 0 0 0 0 0 0 0 0 0 0 0
##$SHL_GCOCOEFFS7= (0..59)
0 0 0 0 0 0 0 0 0 0 0 0 0 0 0 0 0 0 0 0 0 0 0 0 0 0 0 0 0 0 0 0 0 0 0 0
0 0 0 0 0 0 0 0 0 0 0 0 0 0 0 0 0 0 0 0 0 0 0 0
##$SHL_GCOCOEFFS8= (0..59)
0 0 0 0 0 0 0 0 0 0 0 0 0 0 0 0 0 0 0 0 0 0 0 0 0 0 0 0 0 0 0 0 0 0 0 0
0 0 0 0 0 0 0 0 0 0 0 0 0 0 0 0 0 0 0 0 0 0 0 0
##$SHL_GCOCOEFFS9= (0..59)
0 0 0 0 0 0 0 0 0 0 0 0 0 0 0 0 0 0 0 0 0 0 0 0 0 0 0 0 0 0 0 0 0 0 0 0
0 0 0 0 0 0 0 0 0 0 0 0 0 0 0 0 0 0 0 0 0 0 0 0
##$SHL_INTEGFAC= (0..15)
1 0 0 0 0 0 0 0 0 0 0 0 0 0 0 0
##$SHL_LB= (0..15)
0 0 0 0 0 0 0 0 0 0 0 0 0 0 0 0
##$SHL_LEFTLIMIT= (0..15)
0 0 0 0 0 0 0 0 0 0 0 0 0 0 0 0
##$SHL_LENGTH= (0..15)
25000.000373 0 0 0 0 0 0 0 0 0 0 0 0 0 0 0
##$SHL_MAN= (0..15)
<> <> <> <> <> <> <> <> <> <> <> <> <> <> <> <>
##$SHL_MEANAMP= (0..15)
0 0 0 0 0 0 0 0 0 0 0 0 0 0 0 0
##$SHL_MODAMP= (0..15)
0 0 0 0 0 0 0 0 0 0 0 0 0 0 0 0
##$SHL_MODE= (0..15)
0 0 0 0 0 0 0 0 0 0 0 0 0 0 0 0
##$SHL_MODFREQ= (0..15)
0 0 0 0 0 0 0 0 0 0 0 0 0 0 0 0
##$SHL_MODPHASE= (0..15)
0 0 0 0 0 0 0 0 0 0 0 0 0 0 0 0
##$SHL_MODSCALE= (0..15)
0 0 0 0 0 0 0 0 0 0 0 0 0 0 0 0
##$SHL_MODSW= (0..15)
0 0 0 0 0 0 0 0 0 0 0 0 0 0 0 0
##$SHL_MODSWDIR= (0..15)
-1 -1 -1 -1 -1 -1 -1 -1 -1 -1 -1 -1 -1 -1 -1 -1
##$SHL_MU= (0..15)
0 0 0 0 0 0 0 0 0 0 0 0 0 0 0 0
##$SHL_NPOINTS= (0..15)
1250 0 0 0 0 0 0 0 0 0 0 0 0 0 0 0
##$SHL_OFFS= (0..15)
<> <> <> <> <> <> <> <> <> <> <> <> <> <> <> <>
##$SHL_OFFSCOEFF0= (0..95)
0 0 0 0 0 0 0 0 0 0 0 0 0 0 0 0 0 0 0 0 0 0 0 0 0 0 0 0 0 0 0 0 0 0 0 0
0 0 0 0 0 0 0 0 0 0 0 0 0 0 0 0 0 0 0 0 0 0 0 0 0 0 0 0 0 0 0 0 0 0 0 0
0 0 0 0 0 0 0 0 0 0 0 0 0 0 0 0 0 0 0 0 0 0 0 0
##$SHL_OFFSCOEFF1= (0..95)
0 0 0 0 0 0 0 0 0 0 0 0 0 0 0 0 0 0 0 0 0 0 0 0 0 0 0 0 0 0 0 0 0 0 0 0
0 0 0 0 0 0 0 0 0 0 0 0 0 0 0 0 0 0 0 0 0 0 0 0 0 0 0 0 0 0 0 0 0 0 0 0
0 0 0 0 0 0 0 0 0 0 0 0 0 0 0 0 0 0 0 0 0 0 0 0
##$SHL_OFFSCOEFF10= (0..95)
0 0 0 0 0 0 0 0 0 0 0 0 0 0 0 0 0 0 0 0 0 0 0 0 0 0 0 0 0 0 0 0 0 0 0 0
0 0 0 0 0 0 0 0 0 0 0 0 0 0 0 0 0 0 0 0 0 0 0 0 0 0 0 0 0 0 0 0 0 0 0 0
0 0 0 0 0 0 0 0 0 0 0 0 0 0 0 0 0 0 0 0 0 0 0 0
##$SHL_OFFSCOEFF11= (0..95)
0 0 0 0 0 0 0 0 0 0 0 0 0 0 0 0 0 0 0 0 0 0 0 0 0 0 0 0 0 0 0 0 0 0 0 0
0 0 0 0 0 0 0 0 0 0 0 0 0 0 0 0 0 0 0 0 0 0 0 0 0 0 0 0 0 0 0 0 0 0 0 0
0 0 0 0 0 0 0 0 0 0 0 0 0 0 0 0 0 0 0 0 0 0 0 0
##$SHL_OFFSCOEFF12= (0..95)
0 0 0 0 0 0 0 0 0 0 0 0 0 0 0 0 0 0 0 0 0 0 0 0 0 0 0 0 0 0 0 0 0 0 0 0
0 0 0 0 0 0 0 0 0 0 0 0 0 0 0 0 0 0 0 0 0 0 0 0 0 0 0 0 0 0 0 0 0 0 0 0
0 0 0 0 0 0 0 0 0 0 0 0 0 0 0 0 0 0 0 0 0 0 0 0
##$SHL_OFFSCOEFF13= (0..95)
0 0 0 0 0 0 0 0 0 0 0 0 0 0 0 0 0 0 0 0 0 0 0 0 0 0 0 0 0 0 0 0 0 0 0 0
0 0 0 0 0 0 0 0 0 0 0 0 0 0 0 0 0 0 0 0 0 0 0 0 0 0 0 0 0 0 0 0 0 0 0 0
0 0 0 0 0 0 0 0 0 0 0 0 0 0 0 0 0 0 0 0 0 0 0 0
##$SHL_OFFSCOEFF14= (0..95)
0 0 0 0 0 0 0 0 0 0 0 0 0 0 0 0 0 0 0 0 0 0 0 0 0 0 0 0 0 0 0 0 0 0 0 0
0 0 0 0 0 0 0 0 0 0 0 0 0 0 0 0 0 0 0 0 0 0 0 0 0 0 0 0 0 0 0 0 0 0 0 0
0 0 0 0 0 0 0 0 0 0 0 0 0 0 0 0 0 0 0 0 0 0 0 0
##$SHL_OFFSCOEFF15= (0..95)
0 0 0 0 0 0 0 0 0 0 0 0 0 0 0 0 0 0 0 0 0 0 0 0 0 0 0 0 0 0 0 0 0 0 0 0
0 0 0 0 0 0 0 0 0 0 0 0 0 0 0 0 0 0 0 0 0 0 0 0 0 0 0 0 0 0 0 0 0 0 0 0
0 0 0 0 0 0 0 0 0 0 0 0 0 0 0 0 0 0 0 0 0 0 0 0
##$SHL_OFFSCOEFF2= (0..95)
0 0 0 0 0 0 0 0 0 0 0 0 0 0 0 0 0 0 0 0 0 0 0 0 0 0 0 0 0 0 0 0 0 0 0 0
0 0 0 0 0 0 0 0 0 0 0 0 0 0 0 0 0 0 0 0 0 0 0 0 0 0 0 0 0 0 0 0 0 0 0 0
0 0 0 0 0 0 0 0 0 0 0 0 0 0 0 0 0 0 0 0 0 0 0 0
##$SHL_OFFSCOEFF3= (0..95)
0 0 0 0 0 0 0 0 0 0 0 0 0 0 0 0 0 0 0 0 0 0 0 0 0 0 0 0 0 0 0 0 0 0 0 0
0 0 0 0 0 0 0 0 0 0 0 0 0 0 0 0 0 0 0 0 0 0 0 0 0 0 0 0 0 0 0 0 0 0 0 0
0 0 0 0 0 0 0 0 0 0 0 0 0 0 0 0 0 0 0 0 0 0 0 0
##$SHL_OFFSCOEFF4= (0..95)
0 0 0 0 0 0 0 0 0 0 0 0 0 0 0 0 0 0 0 0 0 0 0 0 0 0 0 0 0 0 0 0 0 0 0 0
0 0 0 0 0 0 0 0 0 0 0 0 0 0 0 0 0 0 0 0 0 0 0 0 0 0 0 0 0 0 0 0 0 0 0 0
0 0 0 0 0 0 0 0 0 0 0 0 0 0 0 0 0 0 0 0 0 0 0 0
##$SHL_OFFSCOEFF5= (0..95)
0 0 0 0 0 0 0 0 0 0 0 0 0 0 0 0 0 0 0 0 0 0 0 0 0 0 0 0 0 0 0 0 0 0 0 0
0 0 0 0 0 0 0 0 0 0 0 0 0 0 0 0 0 0 0 0 0 0 0 0 0 0 0 0 0 0 0 0 0 0 0 0
0 0 0 0 0 0 0 0 0 0 0 0 0 0 0 0 0 0 0 0 0 0 0 0
##$SHL_OFFSCOEFF6= (0..95)
0 0 0 0 0 0 0 0 0 0 0 0 0 0 0 0 0 0 0 0 0 0 0 0 0 0 0 0 0 0 0 0 0 0 0 0
0 0 0 0 0 0 0 0 0 0 0 0 0 0 0 0 0 0 0 0 0 0 0 0 0 0 0 0 0 0 0 0 0 0 0 0
0 0 0 0 0 0 0 0 0 0 0 0 0 0 0 0 0 0 0 0 0 0 0 0
##$SHL_OFFSCOEFF7= (0..95)
0 0 0 0 0 0 0 0 0 0 0 0 0 0 0 0 0 0 0 0 0 0 0 0 0 0 0 0 0 0 0 0 0 0 0 0
0 0 0 0 0 0 0 0 0 0 0 0 0 0 0 0 0 0 0 0 0 0 0 0 0 0 0 0 0 0 0 0 0 0 0 0
0 0 0 0 0 0 0 0 0 0 0 0 0 0 0 0 0 0 0 0 0 0 0 0
##$SHL_OFFSCOEFF8= (0..95)
0 0 0 0 0 0 0 0 0 0 0 0 0 0 0 0 0 0 0 0 0 0 0 0 0 0 0 0 0 0 0 0 0 0 0 0
0 0 0 0 0 0 0 0 0 0 0 0 0 0 0 0 0 0 0 0 0 0 0 0 0 0 0 0 0 0 0 0 0 0 0 0
0 0 0 0 0 0 0 0 0 0 0 0 0 0 0 0 0 0 0 0 0 0 0 0
##$SHL_OFFSCOEFF9= (0..95)
0 0 0 0 0 0 0 0 0 0 0 0 0 0 0 0 0 0 0 0 0 0 0 0 0 0 0 0 0 0 0 0 0 0 0 0
0 0 0 0 0 0 0 0 0 0 0 0 0 0 0 0 0 0 0 0 0 0 0 0 0 0 0 0 0 0 0 0 0 0 0 0
0 0 0 0 0 0 0 0 0 0 0 0 0 0 0 0 0 0 0 0 0 0 0 0
##$SHL_PHASE= (0..15)
0 0 0 0 0 0 0 0 0 0 0 0 0 0 0 0
##$SHL_PHASEFAC= (0..15)
0 0 0 0 0 0 0 0 0 0 0 0 0 0 0 0
##$SHL_POWERINDEX= (0..15)
0 0 0 0 0 0 0 0 0 0 0 0 0 0 0 0
##$SHL_QUADCOEFF= (0..15)
0 0 0 0 0 0 0 0 0 0 0 0 0 0 0 0
##$SHL_RIGHTLIMIT= (0..15)
0 0 0 0 0 0 0 0 0 0 0 0 0 0 0 0
##$SHL_SCALEFACTOR= (0..15)
1 1 1 1 1 1 1 1 1 1 1 1 1 1 1 1
##$SHL_SF= (0..15)
<> <> <> <> <> <> <> <> <> <> <> <> <> <> <> <>
##$SHL_SFCOEFFS0= (0..200)
0 0 0 0 0 0 0 0 0 0 0 0 0 0 0 0 0 0 0 0 0 0 0 0 0 0 0 0 0 0 0 0 0 0 0 0
0 0 0 0 0 0 0 0 0 0 0 0 0 0 0 0 0 0 0 0 0 0 0 0 0 0 0 0 0 0 0 0 0 0 0 0
0 0 0 0 0 0 0 0 0 0 0 0 0 0 0 0 0 0 0 0 0 0 0 0 0 0 0 0 0 0 0 0 0 0 0 0
0 0 0 0 0 0 0 0 0 0 0 0 0 0 0 0 0 0 0 0 0 0 0 0 0 0 0 0 0 0 0 0 0 0 0 0
0 0 0 0 0 0 0 0 0 0 0 0 0 0 0 0 0 0 0 0 0 0 0 0 0 0 0 0 0 0 0 0 0 0 0 0
0 0 0 0 0 0 0 0 0 0 0 0 0 0 0 0 0 0 0 0 0
##$SHL_SFCOEFFS1= (0..200)
0 0 0 0 0 0 0 0 0 0 0 0 0 0 0 0 0 0 0 0 0 0 0 0 0 0 0 0 0 0 0 0 0 0 0 0
0 0 0 0 0 0 0 0 0 0 0 0 0 0 0 0 0 0 0 0 0 0 0 0 0 0 0 0 0 0 0 0 0 0 0 0
0 0 0 0 0 0 0 0 0 0 0 0 0 0 0 0 0 0 0 0 0 0 0 0 0 0 0 0 0 0 0 0 0 0 0 0
0 0 0 0 0 0 0 0 0 0 0 0 0 0 0 0 0 0 0 0 0 0 0 0 0 0 0 0 0 0 0 0 0 0 0 0
0 0 0 0 0 0 0 0 0 0 0 0 0 0 0 0 0 0 0 0 0 0 0 0 0 0 0 0 0 0 0 0 0 0 0 0
0 0 0 0 0 0 0 0 0 0 0 0 0 0 0 0 0 0 0 0 0
##$SHL_SFCOEFFS10= (0..200)
0 0 0 0 0 0 0 0 0 0 0 0 0 0 0 0 0 0 0 0 0 0 0 0 0 0 0 0 0 0 0 0 0 0 0 0
0 0 0 0 0 0 0 0 0 0 0 0 0 0 0 0 0 0 0 0 0 0 0 0 0 0 0 0 0 0 0 0 0 0 0 0
0 0 0 0 0 0 0 0 0 0 0 0 0 0 0 0 0 0 0 0 0 0 0 0 0 0 0 0 0 0 0 0 0 0 0 0
0 0 0 0 0 0 0 0 0 0 0 0 0 0 0 0 0 0 0 0 0 0 0 0 0 0 0 0 0 0 0 0 0 0 0 0
0 0 0 0 0 0 0 0 0 0 0 0 0 0 0 0 0 0 0 0 0 0 0 0 0 0 0 0 0 0 0 0 0 0 0 0
0 0 0 0 0 0 0 0 0 0 0 0 0 0 0 0 0 0 0 0 0
##$SHL_SFCOEFFS11= (0..200)
0 0 0 0 0 0 0 0 0 0 0 0 0 0 0 0 0 0 0 0 0 0 0 0 0 0 0 0 0 0 0 0 0 0 0 0
0 0 0 0 0 0 0 0 0 0 0 0 0 0 0 0 0 0 0 0 0 0 0 0 0 0 0 0 0 0 0 0 0 0 0 0
0 0 0 0 0 0 0 0 0 0 0 0 0 0 0 0 0 0 0 0 0 0 0 0 0 0 0 0 0 0 0 0 0 0 0 0
0 0 0 0 0 0 0 0 0 0 0 0 0 0 0 0 0 0 0 0 0 0 0 0 0 0 0 0 0 0 0 0 0 0 0 0
0 0 0 0 0 0 0 0 0 0 0 0 0 0 0 0 0 0 0 0 0 0 0 0 0 0 0 0 0 0 0 0 0 0 0 0
0 0 0 0 0 0 0 0 0 0 0 0 0 0 0 0 0 0 0 0 0
##$SHL_SFCOEFFS12= (0..200)
0 0 0 0 0 0 0 0 0 0 0 0 0 0 0 0 0 0 0 0 0 0 0 0 0 0 0 0 0 0 0 0 0 0 0 0
0 0 0 0 0 0 0 0 0 0 0 0 0 0 0 0 0 0 0 0 0 0 0 0 0 0 0 0 0 0 0 0 0 0 0 0
0 0 0 0 0 0 0 0 0 0 0 0 0 0 0 0 0 0 0 0 0 0 0 0 0 0 0 0 0 0 0 0 0 0 0 0
0 0 0 0 0 0 0 0 0 0 0 0 0 0 0 0 0 0 0 0 0 0 0 0 0 0 0 0 0 0 0 0 0 0 0 0
0 0 0 0 0 0 0 0 0 0 0 0 0 0 0 0 0 0 0 0 0 0 0 0 0 0 0 0 0 0 0 0 0 0 0 0
0 0 0 0 0 0 0 0 0 0 0 0 0 0 0 0 0 0 0 0 0
##$SHL_SFCOEFFS13= (0..200)
0 0 0 0 0 0 0 0 0 0 0 0 0 0 0 0 0 0 0 0 0 0 0 0 0 0 0 0 0 0 0 0 0 0 0 0
0 0 0 0 0 0 0 0 0 0 0 0 0 0 0 0 0 0 0 0 0 0 0 0 0 0 0 0 0 0 0 0 0 0 0 0
0 0 0 0 0 0 0 0 0 0 0 0 0 0 0 0 0 0 0 0 0 0 0 0 0 0 0 0 0 0 0 0 0 0 0 0
0 0 0 0 0 0 0 0 0 0 0 0 0 0 0 0 0 0 0 0 0 0 0 0 0 0 0 0 0 0 0 0 0 0 0 0
0 0 0 0 0 0 0 0 0 0 0 0 0 0 0 0 0 0 0 0 0 0 0 0 0 0 0 0 0 0 0 0 0 0 0 0
0 0 0 0 0 0 0 0 0 0 0 0 0 0 0 0 0 0 0 0 0
##$SHL_SFCOEFFS14= (0..200)
0 0 0 0 0 0 0 0 0 0 0 0 0 0 0 0 0 0 0 0 0 0 0 0 0 0 0 0 0 0 0 0 0 0 0 0
0 0 0 0 0 0 0 0 0 0 0 0 0 0 0 0 0 0 0 0 0 0 0 0 0 0 0 0 0 0 0 0 0 0 0 0
0 0 0 0 0 0 0 0 0 0 0 0 0 0 0 0 0 0 0 0 0 0 0 0 0 0 0 0 0 0 0 0 0 0 0 0
0 0 0 0 0 0 0 0 0 0 0 0 0 0 0 0 0 0 0 0 0 0 0 0 0 0 0 0 0 0 0 0 0 0 0 0
0 0 0 0 0 0 0 0 0 0 0 0 0 0 0 0 0 0 0 0 0 0 0 0 0 0 0 0 0 0 0 0 0 0 0 0
0 0 0 0 0 0 0 0 0 0 0 0 0 0 0 0 0 0 0 0 0
##$SHL_SFCOEFFS15= (0..200)
0 0 0 0 0 0 0 0 0 0 0 0 0 0 0 0 0 0 0 0 0 0 0 0 0 0 0 0 0 0 0 0 0 0 0 0
0 0 0 0 0 0 0 0 0 0 0 0 0 0 0 0 0 0 0 0 0 0 0 0 0 0 0 0 0 0 0 0 0 0 0 0
0 0 0 0 0 0 0 0 0 0 0 0 0 0 0 0 0 0 0 0 0 0 0 0 0 0 0 0 0 0 0 0 0 0 0 0
0 0 0 0 0 0 0 0 0 0 0 0 0 0 0 0 0 0 0 0 0 0 0 0 0 0 0 0 0 0 0 0 0 0 0 0
0 0 0 0 0 0 0 0 0 0 0 0 0 0 0 0 0 0 0 0 0 0 0 0 0 0 0 0 0 0 0 0 0 0 0 0
0 0 0 0 0 0 0 0 0 0 0 0 0 0 0 0 0 0 0 0 0
##$SHL_SFCOEFFS2= (0..200)
0 0 0 0 0 0 0 0 0 0 0 0 0 0 0 0 0 0 0 0 0 0 0 0 0 0 0 0 0 0 0 0 0 0 0 0
0 0 0 0 0 0 0 0 0 0 0 0 0 0 0 0 0 0 0 0 0 0 0 0 0 0 0 0 0 0 0 0 0 0 0 0
0 0 0 0 0 0 0 0 0 0 0 0 0 0 0 0 0 0 0 0 0 0 0 0 0 0 0 0 0 0 0 0 0 0 0 0
0 0 0 0 0 0 0 0 0 0 0 0 0 0 0 0 0 0 0 0 0 0 0 0 0 0 0 0 0 0 0 0 0 0 0 0
0 0 0 0 0 0 0 0 0 0 0 0 0 0 0 0 0 0 0 0 0 0 0 0 0 0 0 0 0 0 0 0 0 0 0 0
0 0 0 0 0 0 0 0 0 0 0 0 0 0 0 0 0 0 0 0 0
##$SHL_SFCOEFFS3= (0..200)
0 0 0 0 0 0 0 0 0 0 0 0 0 0 0 0 0 0 0 0 0 0 0 0 0 0 0 0 0 0 0 0 0 0 0 0
0 0 0 0 0 0 0 0 0 0 0 0 0 0 0 0 0 0 0 0 0 0 0 0 0 0 0 0 0 0 0 0 0 0 0 0
0 0 0 0 0 0 0 0 0 0 0 0 0 0 0 0 0 0 0 0 0 0 0 0 0 0 0 0 0 0 0 0 0 0 0 0
0 0 0 0 0 0 0 0 0 0 0 0 0 0 0 0 0 0 0 0 0 0 0 0 0 0 0 0 0 0 0 0 0 0 0 0
0 0 0 0 0 0 0 0 0 0 0 0 0 0 0 0 0 0 0 0 0 0 0 0 0 0 0 0 0 0 0 0 0 0 0 0
0 0 0 0 0 0 0 0 0 0 0 0 0 0 0 0 0 0 0 0 0
##$SHL_SFCOEFFS4= (0..200)
0 0 0 0 0 0 0 0 0 0 0 0 0 0 0 0 0 0 0 0 0 0 0 0 0 0 0 0 0 0 0 0 0 0 0 0
0 0 0 0 0 0 0 0 0 0 0 0 0 0 0 0 0 0 0 0 0 0 0 0 0 0 0 0 0 0 0 0 0 0 0 0
0 0 0 0 0 0 0 0 0 0 0 0 0 0 0 0 0 0 0 0 0 0 0 0 0 0 0 0 0 0 0 0 0 0 0 0
0 0 0 0 0 0 0 0 0 0 0 0 0 0 0 0 0 0 0 0 0 0 0 0 0 0 0 0 0 0 0 0 0 0 0 0
0 0 0 0 0 0 0 0 0 0 0 0 0 0 0 0 0 0 0 0 0 0 0 0 0 0 0 0 0 0 0 0 0 0 0 0
0 0 0 0 0 0 0 0 0 0 0 0 0 0 0 0 0 0 0 0 0
##$SHL_SFCOEFFS5= (0..200)
0 0 0 0 0 0 0 0 0 0 0 0 0 0 0 0 0 0 0 0 0 0 0 0 0 0 0 0 0 0 0 0 0 0 0 0
0 0 0 0 0 0 0 0 0 0 0 0 0 0 0 0 0 0 0 0 0 0 0 0 0 0 0 0 0 0 0 0 0 0 0 0
0 0 0 0 0 0 0 0 0 0 0 0 0 0 0 0 0 0 0 0 0 0 0 0 0 0 0 0 0 0 0 0 0 0 0 0
0 0 0 0 0 0 0 0 0 0 0 0 0 0 0 0 0 0 0 0 0 0 0 0 0 0 0 0 0 0 0 0 0 0 0 0
0 0 0 0 0 0 0 0 0 0 0 0 0 0 0 0 0 0 0 0 0 0 0 0 0 0 0 0 0 0 0 0 0 0 0 0
0 0 0 0 0 0 0 0 0 0 0 0 0 0 0 0 0 0 0 0 0
##$SHL_SFCOEFFS6= (0..200)
0 0 0 0 0 0 0 0 0 0 0 0 0 0 0 0 0 0 0 0 0 0 0 0 0 0 0 0 0 0 0 0 0 0 0 0
0 0 0 0 0 0 0 0 0 0 0 0 0 0 0 0 0 0 0 0 0 0 0 0 0 0 0 0 0 0 0 0 0 0 0 0
0 0 0 0 0 0 0 0 0 0 0 0 0 0 0 0 0 0 0 0 0 0 0 0 0 0 0 0 0 0 0 0 0 0 0 0
0 0 0 0 0 0 0 0 0 0 0 0 0 0 0 0 0 0 0 0 0 0 0 0 0 0 0 0 0 0 0 0 0 0 0 0
0 0 0 0 0 0 0 0 0 0 0 0 0 0 0 0 0 0 0 0 0 0 0 0 0 0 0 0 0 0 0 0 0 0 0 0
0 0 0 0 0 0 0 0 0 0 0 0 0 0 0 0 0 0 0 0 0
##$SHL_SFCOEFFS7= (0..200)
0 0 0 0 0 0 0 0 0 0 0 0 0 0 0 0 0 0 0 0 0 0 0 0 0 0 0 0 0 0 0 0 0 0 0 0
0 0 0 0 0 0 0 0 0 0 0 0 0 0 0 0 0 0 0 0 0 0 0 0 0 0 0 0 0 0 0 0 0 0 0 0
0 0 0 0 0 0 0 0 0 0 0 0 0 0 0 0 0 0 0 0 0 0 0 0 0 0 0 0 0 0 0 0 0 0 0 0
0 0 0 0 0 0 0 0 0 0 0 0 0 0 0 0 0 0 0 0 0 0 0 0 0 0 0 0 0 0 0 0 0 0 0 0
0 0 0 0 0 0 0 0 0 0 0 0 0 0 0 0 0 0 0 0 0 0 0 0 0 0 0 0 0 0 0 0 0 0 0 0
0 0 0 0 0 0 0 0 0 0 0 0 0 0 0 0 0 0 0 0 0
##$SHL_SFCOEFFS8= (0..200)
0 0 0 0 0 0 0 0 0 0 0 0 0 0 0 0 0 0 0 0 0 0 0 0 0 0 0 0 0 0 0 0 0 0 0 0
0 0 0 0 0 0 0 0 0 0 0 0 0 0 0 0 0 0 0 0 0 0 0 0 0 0 0 0 0 0 0 0 0 0 0 0
0 0 0 0 0 0 0 0 0 0 0 0 0 0 0 0 0 0 0 0 0 0 0 0 0 0 0 0 0 0 0 0 0 0 0 0
0 0 0 0 0 0 0 0 0 0 0 0 0 0 0 0 0 0 0 0 0 0 0 0 0 0 0 0 0 0 0 0 0 0 0 0
0 0 0 0 0 0 0 0 0 0 0 0 0 0 0 0 0 0 0 0 0 0 0 0 0 0 0 0 0 0 0 0 0 0 0 0
0 0 0 0 0 0 0 0 0 0 0 0 0 0 0 0 0 0 0 0 0
##$SHL_SFCOEFFS9= (0..200)
0 0 0 0 0 0 0 0 0 0 0 0 0 0 0 0 0 0 0 0 0 0 0 0 0 0 0 0 0 0 0 0 0 0 0 0
0 0 0 0 0 0 0 0 0 0 0 0 0 0 0 0 0 0 0 0 0 0 0 0 0 0 0 0 0 0 0 0 0 0 0 0
0 0 0 0 0 0 0 0 0 0 0 0 0 0 0 0 0 0 0 0 0 0 0 0 0 0 0 0 0 0 0 0 0 0 0 0
0 0 0 0 0 0 0 0 0 0 0 0 0 0 0 0 0 0 0 0 0 0 0 0 0 0 0 0 0 0 0 0 0 0 0 0
0 0 0 0 0 0 0 0 0 0 0 0 0 0 0 0 0 0 0 0 0 0 0 0 0 0 0 0 0 0 0 0 0 0 0 0
0 0 0 0 0 0 0 0 0 0 0 0 0 0 0 0 0 0 0 0 0
##$SHL_SMOOTHED= (0..15)
0 0 0 0 0 0 0 0 0 0 0 0 0 0 0 0
##$SHL_SMOOTHING= (0..15)
0 0 0 0 0 0 0 0 0 0 0 0 0 0 0 0
##$SHL_SPOAL= (0..15)
0 0 0 0 0 0 0 0 0 0 0 0 0 0 0 0
##$SHL_SPOFFS= (0..15)
0 0 0 0 0 0 0 0 0 0 0 0 0 0 0 0
##$SHL_SPOPH= (0..15)
0 0 0 0 0 0 0 0 0 0 0 0 0 0 0 0
##$SHL_STARTAMP= (0..15)
0 0 0 0 0 0 0 0 0 0 0 0 0 0 0 0
##$SHL_SW= (0..15)
0 0 0 0 0 0 0 0 0 0 0 0 0 0 0 0
##$SHL_SWDIR= (0..15)
-1 -1 -1 -1 -1 -1 -1 -1 -1 -1 -1 -1 -1 -1 -1 -1
##$SHL_TANKAPPA= (0..15)
0 0 0 0 0 0 0 0 0 0 0 0 0 0 0 0
##$SHL_TOTROT= (0..15)
90 0 0 0 0 0 0 0 0 0 0 0 0 0 0 0
##$SHL_TRUNCLEV= (0..15)
0 0 0 0 0 0 0 0 0 0 0 0 0 0 0 0
##$SHL_TYPE= (0..15)
<Excitation> <> <> <> <> <> <> <> <> <> <> <> <> <> <> <>
##$SHL_WINDOWSIZE= (0..15)
0 0 0 0 0 0 0 0 0 0 0 0 0 0 0 0
##$SHL_ZETA= (0..15)
0 0 0 0 0 0 0 0 0 0 0 0 0 0 0 0
##NPOINTS= 1250
##XYPOINTS= (XY..XY)
72.523151, 92.182903
72.063854, 93.736514
71.601717, 95.289678
71.136774, 96.842385
70.669060, 98.394625
70.198609, 99.946389
69.725457, 101.497666
69.249639, 103.048447
68.771190, 104.598720
68.290147, 106.148474
67.806544, 107.697698
67.320418, 109.246380
66.831805, 110.794508
66.340741, 112.342068
65.847264, 113.889048
65.351410, 115.435435
64.853215, 116.981214
64.352719, 118.526370
63.849957, 120.070889
63.344967, 121.614755
62.837787, 123.157953
62.328456, 124.700464
61.817011, 126.242272
61.303490, 127.783360
60.787933, 129.323708
60.270378, 130.863297
59.750863, 132.402107
59.229428, 133.940118
58.706112, 135.477308
58.180955, 137.013654
57.653995, 138.549134
57.125273, 140.083723
56.594829, 141.617397
56.062703, 143.150129
55.528934, 144.681891
54.993564, 146.212657
54.456633, 147.742397
53.918181, 149.271080
53.378250, 150.798674
52.836881, 152.325146
52.294114, 153.850463
51.749991, 155.374587
51.204555, 156.897482
50.657845, 158.419108
50.109905, 159.939424
49.560776, 161.458389
49.010501, 162.975956
48.459122, 164.492080
47.906681, 166.006712
47.353221, 167.519801
46.798786, 169.031294
46.243417, 170.541134
45.687158, 172.049263
45.130054, 173.555620
44.572146, 175.060141
44.013479, 176.562757
43.454098, 178.063398
42.894045, 179.561989
42.333367, 181.058452
41.772106, 182.552704
41.210308, 184.044658
40.648018, 185.534224
40.085281, 187.021304
39.522142, 188.505797
38.958648, 189.987595
38.394845, 191.466586
37.830778, 192.942649
37.266494, 194.415658
36.702041, 195.885478
36.137465, 197.351968
35.572814, 198.814976
35.008136, 200.274343
34.443480, 201.729899
33.878893, 203.181463
33.314427, 204.628843
32.750129, 206.071835
32.186051, 207.510221
31.622243, 208.943768
31.058757, 210.372227
30.495644, 211.795333
29.932959, 213.212801
29.370754, 214.624326
28.809083, 216.029582
28.248003, 217.428217
27.687570, 218.819853
27.127841, 220.204084
26.568875, 221.580471
26.010732, 222.948540
25.453474, 224.307780
24.897164, 225.657636
24.341867, 226.997506
23.787651, 228.326739
23.234584, 229.644623
22.682739, 230.950385
22.132190, 232.243179
21.583015, 233.522082
21.035295, 234.786081
20.489116, 236.034067
19.944567, 237.264815
19.401742, 238.476981
18.860743, 239.669076
18.321676, 240.839453
17.784655, 241.986286
17.249803, 243.107542
16.717252, 244.200955
16.187145, 245.263994
15.659640, 246.293820
15.134906, 247.287241
14.613132, 248.240665
14.094527, 249.150026
13.579323, 250.010720
13.067780, 250.817509
12.560191, 251.564423
12.056887, 252.244632
11.558247, 252.850301
11.064703, 253.372418
10.576757, 253.800591
10.094989, 254.122803
9.620076, 254.325140
9.152814, 254.391471
8.694143, 254.303087
8.245177, 254.038326
7.807244, 253.572182
7.381934, 252.875980
6.971148, 251.917179
6.577166, 250.659489
6.202710, 249.063528
5.851011, 247.088404
5.525850, 244.694707
5.231574, 241.849460
4.973015, 238.533400
4.755309, 234.750360
4.583549, 230.537248
4.462276, 225.971483
4.394881, 221.171555
4.383044, 216.287398
4.426401, 211.481103
4.522562, 206.903513
4.667473, 202.674638
4.856002, 198.873588
5.082552, 195.538786
5.341571, 192.675199
5.627886, 190.264301
5.936888, 188.273507
6.264587, 186.663555
6.607593, 185.393544
6.963061, 184.423994
7.328620, 183.718472
7.702296, 183.244284
8.082446, 182.972601
8.467701, 182.878277
8.856916, 182.939524
9.249129, 183.137521
9.643527, 183.456042
10.039422, 183.881090
10.436223, 184.400579
10.833427, 185.004056
11.230597, 185.682459
11.627355, 186.427908
12.023371, 187.233538
12.418355, 188.093347
12.812051, 189.002069
13.204232, 189.955077
13.594695, 190.948287
13.983261, 191.978086
14.369764, 193.041271
14.754058, 194.134990
15.136007, 195.256699
15.515490, 196.404123
15.892395, 197.575221
16.266616, 198.768159
16.638060, 199.981285
17.006637, 201.213105
17.372265, 202.462267
17.734866, 203.727546
18.094369, 205.007826
18.450705, 206.302092
18.803811, 207.609418
19.153625, 208.928956
19.500091, 210.259930
19.843154, 211.601629
20.182763, 212.953397
20.518867, 214.314632
20.851420, 215.684779
21.180376, 217.063324
21.505692, 218.449794
21.827325, 219.843749
22.145237, 221.244782
22.459387, 222.652515
22.769739, 224.066597
23.076256, 225.486700
23.378904, 226.912520
23.677649, 228.343771
23.972457, 229.780190
24.263298, 231.221527
24.550140, 232.667551
24.832953, 234.118043
25.111707, 235.572799
25.386376, 237.031629
25.656931, 238.494352
25.923345, 239.960799
26.185592, 241.430810
26.443647, 242.904237
26.697485, 244.380937
26.947082, 245.860778
27.192413, 247.343634
27.433457, 248.829386
27.670191, 250.317922
27.902593, 251.809136
28.130641, 253.302926
28.354316, 254.799199
28.573596, 256.297864
28.788463, 257.798835
28.998896, 259.302032
29.204877, 260.807377
29.406388, 262.314798
29.603412, 263.824224
29.795930, 265.335591
29.983926, 266.848836
30.167384, 268.363898
30.346287, 269.880722
30.520621, 271.399253
30.690370, 272.919439
30.855519, 274.441233
31.016055, 275.964587
31.171963, 277.489456
31.323231, 279.015799
31.469845, 280.543575
31.611793, 282.072746
31.749063, 283.603275
31.881643, 285.135126
32.009522, 286.668267
32.132688, 288.202667
32.251133, 289.738293
32.364844, 291.275118
32.473814, 292.813115
32.578033, 294.352256
32.677491, 295.892517
32.772180, 297.433873
32.862093, 298.976303
32.947221, 300.519785
33.027558, 302.064297
33.103096, 303.609821
33.173829, 305.156338
33.239750, 306.703830
33.300855, 308.252281
33.357138, 309.801674
33.408594, 311.351995
33.455217, 312.903230
33.497005, 314.455365
33.533954, 316.008388
33.566059, 317.562286
33.593318, 319.117049
33.615728, 320.672666
33.633287, 322.229128
33.645993, 323.786426
33.653845, 325.344551
33.656842, 326.903496
33.654982, 328.463253
33.648265, 330.023817
33.636692, 331.585181
33.620262, 333.147341
33.598978, 334.710293
33.572838, 336.274031
33.541846, 337.838554
33.506003, 339.403858
33.465312, 340.969942
33.419774, 342.536804
33.369394, 344.104443
33.314173, 345.672859
33.254118, 347.242053
33.189230, 348.812026
33.119515, 350.382780
33.044978, 351.954316
32.965624, 353.526638
32.881459, 355.099750
32.792488, 356.673656
32.698719, 358.248361
32.600157, 359.823871
32.496810, 1.400192
32.388685, 2.977331
32.275791, 4.555297
32.158135, 6.134098
32.035726, 7.713744
31.908573, 9.294246
31.776685, 10.875613
31.640073, 12.457860
31.498746, 14.040998
31.352714, 15.625042
31.201989, 17.210007
31.046581, 18.795909
30.886502, 20.382764
30.721764, 21.970593
30.552380, 23.559413
30.378362, 25.149247
30.199722, 26.740115
30.016475, 28.332042
29.828635, 29.925052
29.636214, 31.519172
29.439228, 33.114430
29.237692, 34.710856
29.031621, 36.308482
28.821030, 37.907341
28.605936, 39.507468
28.386355, 41.108902
28.162303, 42.711682
27.933798, 44.315851
27.700858, 45.921453
27.463499, 47.528538
27.221741, 49.137155
26.975602, 50.747358
26.725101, 52.359205
26.470258, 53.972756
26.211092, 55.588076
25.947623, 57.205234
25.679873, 58.824303
25.407863, 60.445361
25.131613, 62.068492
24.851145, 63.693784
24.566483, 65.321332
24.277649, 66.951237
23.984665, 68.583608
23.687556, 70.218560
23.386346, 71.856218
23.081059, 73.496714
22.771720, 75.140192
22.458356, 76.786805
22.140992, 78.436719
21.819654, 80.090111
21.494371, 81.747174
21.165170, 83.408115
20.832078, 85.073158
20.495127, 86.742546
20.154345, 88.416543
19.809762, 90.095435
19.461411, 91.779533
19.109322, 93.469177
18.753530, 95.164736
18.394069, 96.866618
18.030972, 98.575265
17.664277, 100.291167
17.294020, 102.014859
16.920241, 103.746936
16.542979, 105.488051
16.162277, 107.238933
15.778178, 109.000387
15.390728, 110.773314
14.999975, 112.558720
14.605970, 114.357732
14.208766, 116.171619
13.808421, 118.001813
13.404995, 119.849935
12.998556, 121.717831
12.589174, 123.607605
12.176926, 125.521672
11.761898, 127.462815
11.344184, 129.434254
10.923889, 131.439737
10.501131, 133.483652
10.076042, 135.571164
9.648778, 137.708394
9.219515, 139.902647
8.788460, 142.162703
8.355861, 144.499204
7.922013, 146.925157
7.487275, 149.456608
7.052090, 152.113550
6.617013, 154.921158
6.182748, 157.911488
5.750207, 161.125845
5.320590, 164.618083
4.895505, 168.459247
4.477151, 172.744032
4.068597, 177.599530
3.674195, 183.196297
3.300221, 189.759812
2.955757, 197.574726
2.653776, 206.960476
2.411871, 218.173873
2.251173, 231.191874
2.191322, 245.444335
2.242039, 259.813070
2.397809, 273.120704
2.641441, 284.681683
2.952432, 294.389956
3.312892, 302.470825
3.709330, 309.242619
4.132198, 314.999652
4.574881, 319.978433
5.032782, 324.358833
5.502668, 328.275068
5.982224, 331.827069
6.469760, 335.089691
6.964018, 338.119562
7.464043, 340.960015
7.969098, 343.644611
8.478601, 346.199649
8.992090, 348.645972
9.509187, 351.000277
10.029581, 353.276076
10.553012, 355.484404
11.079261, 357.634353
11.608138, 359.733476
12.139479, 1.788094
12.673139, 3.803535
13.208989, 5.784318
13.746915, 7.734301
14.286811, 9.656795
14.828582, 11.554658
15.372139, 13.430369
15.917400, 15.286086
16.464288, 17.123701
17.012731, 18.944875
17.562658, 20.751073
18.114006, 22.543592
18.666709, 24.323586
19.220709, 26.092084
19.775946, 27.850004
20.332364, 29.598170
20.889907, 31.337326
21.448521, 33.068139
22.008154, 34.791215
22.568753, 36.507101
23.130269, 38.216296
23.692650, 39.919253
24.255848, 41.616386
24.819815, 43.308072
25.384501, 44.994659
25.949859, 46.676463
26.515842, 48.353778
27.082404, 50.026872
27.649498, 51.695994
28.217078, 53.361372
28.785098, 55.023219
29.353512, 56.681731
29.922277, 58.337091
30.491346, 59.989469
31.060674, 61.639021
31.630218, 63.285895
32.199933, 64.930228
32.769774, 66.572147
33.339698, 68.211772
33.909660, 69.849215
34.479616, 71.484581
35.049524, 73.117968
35.619339, 74.749468
36.189018, 76.379168
36.758518, 78.007150
37.327795, 79.633490
37.896806, 81.258260
38.465509, 82.881529
39.033860, 84.503362
39.601816, 86.123818
40.169335, 87.742956
40.736375, 89.360829
41.302892, 90.977490
41.868844, 92.592986
42.434188, 94.207365
42.998883, 95.820670
43.562887, 97.432943
44.126157, 99.044224
44.688650, 100.654549
45.250326, 102.263955
45.811143, 103.872475
46.371058, 105.480143
46.930031, 107.086989
47.488019, 108.693043
48.044981, 110.298332
48.600876, 111.902884
49.155663, 113.506724
49.709300, 115.109877
50.261746, 116.712366
50.812962, 118.314213
51.362905, 119.915440
51.911535, 121.516068
52.458811, 123.116115
53.004694, 124.715602
53.549143, 126.314545
54.092117, 127.912962
54.633576, 129.510870
55.173481, 131.108285
55.711791, 132.705222
56.248468, 134.301696
56.783470, 135.897720
57.316760, 137.493309
57.848297, 139.088476
58.378042, 140.683232
58.905957, 142.277591
59.432002, 143.871563
59.956139, 145.465161
60.478328, 147.058394
60.998533, 148.651274
61.516714, 150.243810
62.032833, 151.836012
62.546852, 153.427890
63.058733, 155.019452
63.568439, 156.610707
64.075933, 158.201663
64.581176, 159.792329
65.084132, 161.382713
65.584764, 162.972822
66.083034, 164.562663
66.578907, 166.152244
67.072346, 167.741571
67.563314, 169.330651
68.051776, 170.919491
68.537695, 172.508096
69.021037, 174.096473
69.501764, 175.684628
69.979843, 177.272566
70.455238, 178.860293
70.927913, 180.447814
71.397835, 182.035134
71.864969, 183.622258
72.329280, 185.209191
72.790735, 186.795939
73.249299, 188.382504
73.704939, 189.968892
74.157621, 191.555108
74.607312, 193.141155
75.053980, 194.727037
75.497590, 196.312758
75.938112, 197.898323
76.375512, 199.483735
76.809758, 201.068997
77.240819, 202.654114
77.668663, 204.239088
78.093258, 205.823923
78.514573, 207.408622
78.932577, 208.993188
79.347241, 210.577625
79.758532, 212.161935
80.166422, 213.746122
80.570880, 215.330188
80.971876, 216.914136
81.369381, 218.497969
81.763366, 220.081689
82.153802, 221.665299
82.540661, 223.248802
82.923913, 224.832200
83.303532, 226.415495
83.679488, 227.998690
84.051755, 229.581787
84.420304, 231.164788
84.785110, 232.747696
85.146146, 234.330512
85.503384, 235.913239
85.856799, 237.495878
86.206364, 239.078432
86.552055, 240.660903
86.893845, 242.243293
87.231711, 243.825602
87.565626, 245.407834
87.895566, 246.989990
88.221508, 248.572072
88.543427, 250.154081
88.861300, 251.736019
89.175103, 253.317888
89.484814, 254.899690
89.790409, 256.481425
90.091867, 258.063096
90.389164, 259.644704
90.682281, 261.226250
90.971194, 262.807737
91.255883, 264.389164
91.536326, 265.970535
91.812504, 267.551849
92.084396, 269.133109
92.351982, 270.714316
92.615243, 272.295471
92.874159, 273.876576
93.128711, 275.457631
93.378880, 277.038638
93.624649, 278.619598
93.865999, 280.200512
94.102913, 281.781382
94.335372, 283.362208
94.563361, 284.942993
94.786862, 286.523736
95.005859, 288.104439
95.220336, 289.685103
95.430278, 291.265729
95.635668, 292.846319
95.836492, 294.426872
96.032734, 296.007391
96.224382, 297.587876
96.411420, 299.168329
96.593835, 300.748749
96.771614, 302.329139
96.944743, 303.909499
97.113210, 305.489831
97.277003, 307.070134
97.436108, 308.650410
97.590516, 310.230660
97.740214, 311.810885
97.885192, 313.391086
98.025439, 314.971263
98.160944, 316.551418
98.291698, 318.131550
98.417691, 319.711662
98.538914, 321.291755
98.655357, 322.871828
98.767014, 324.451882
98.873874, 326.031919
98.975931, 327.611940
99.073177, 329.191945
99.165605, 330.771934
99.253207, 332.351910
99.335979, 333.931872
99.413912, 335.511821
99.487003, 337.091759
99.555245, 338.671685
99.618634, 340.251601
99.677164, 341.831508
99.730832, 343.411406
99.779634, 344.991296
99.823566, 346.571179
99.862624, 348.151055
99.896807, 349.730926
99.926111, 351.310792
99.950534, 352.890654
99.970075, 354.470512
99.984731, 356.050367
99.994503, 357.630221
99.999389, 359.210074
99.999389, 0.789926
99.994503, 2.369779
99.984731, 3.949633
99.970075, 5.529488
99.950534, 7.109346
99.926111, 8.689208
99.896807, 10.269074
99.862624, 11.848945
99.823566, 13.428821
99.779634, 15.008704
99.730832, 16.588594
99.677164, 18.168492
99.618634, 19.748399
99.555245, 21.328315
99.487003, 22.908241
99.413912, 24.488179
99.335979, 26.068128
99.253207, 27.648090
99.165605, 29.228066
99.073177, 30.808055
98.975931, 32.388060
98.873874, 33.968081
98.767014, 35.548118
98.655357, 37.128172
98.538914, 38.708245
98.417691, 40.288338
98.291698, 41.868450
98.160944, 43.448582
98.025439, 45.028737
97.885192, 46.608914
97.740214, 48.189115
97.590516, 49.769340
97.436108, 51.349590
97.277003, 52.929866
97.113210, 54.510169
96.944743, 56.090501
96.771614, 57.670861
96.593835, 59.251251
96.411420, 60.831671
96.224382, 62.412124
96.032734, 63.992609
95.836492, 65.573128
95.635668, 67.153681
95.430278, 68.734271
95.220336, 70.314897
95.005859, 71.895561
94.786862, 73.476264
94.563361, 75.057007
94.335372, 76.637792
94.102913, 78.218618
93.865999, 79.799488
93.624649, 81.380402
93.378880, 82.961362
93.128711, 84.542369
92.874159, 86.123424
92.615243, 87.704529
92.351982, 89.285684
92.084396, 90.866891
91.812504, 92.448151
91.536326, 94.029465
91.255883, 95.610836
90.971194, 97.192263
90.682281, 98.773750
90.389164, 100.355296
90.091867, 101.936904
89.790409, 103.518575
89.484814, 105.100310
89.175103, 106.682112
88.861300, 108.263981
88.543427, 109.845919
88.221508, 111.427928
87.895566, 113.010010
87.565626, 114.592166
87.231711, 116.174398
86.893845, 117.756707
86.552055, 119.339097
86.206364, 120.921568
85.856799, 122.504122
85.503384, 124.086761
85.146146, 125.669488
84.785110, 127.252304
84.420304, 128.835212
84.051755, 130.418213
83.679488, 132.001310
83.303532, 133.584505
82.923913, 135.167800
82.540661, 136.751198
82.153802, 138.334701
81.763366, 139.918311
81.369381, 141.502031
80.971876, 143.085864
80.570880, 144.669812
80.166422, 146.253878
79.758532, 147.838065
79.347241, 149.422375
78.932577, 151.006812
78.514573, 152.591378
78.093258, 154.176077
77.668663, 155.760912
77.240819, 157.345886
76.809758, 158.931003
76.375512, 160.516265
75.938112, 162.101677
75.497590, 163.687242
75.053980, 165.272963
74.607312, 166.858845
74.157621, 168.444892
73.704939, 170.031108
73.249299, 171.617496
72.790735, 173.204061
72.329280, 174.790809
71.864969, 176.377742
71.397835, 177.964866
70.927913, 179.552186
70.455238, 181.139707
69.979843, 182.727434
69.501764, 184.315372
69.021037, 185.903527
68.537695, 187.491904
68.051776, 189.080509
67.563314, 190.669349
67.072346, 192.258429
66.578907, 193.847756
66.083034, 195.437337
65.584764, 197.027178
65.084132, 198.617287
64.581176, 200.207671
64.075933, 201.798337
63.568439, 203.389293
63.058733, 204.980548
62.546852, 206.572110
62.032833, 208.163988
61.516714, 209.756190
60.998533, 211.348726
60.478328, 212.941606
59.956139, 214.534839
59.432002, 216.128437
58.905957, 217.722409
58.378042, 219.316768
57.848297, 220.911524
57.316760, 222.506691
56.783470, 224.102280
56.248468, 225.698304
55.711791, 227.294778
55.173481, 228.891715
54.633576, 230.489130
54.092117, 232.087038
53.549143, 233.685455
53.004694, 235.284398
52.458811, 236.883885
51.911535, 238.483932
51.362905, 240.084560
50.812962, 241.685787
50.261746, 243.287634
49.709300, 244.890123
49.155663, 246.493276
48.600876, 248.097116
48.044981, 249.701668
47.488019, 251.306957
46.930031, 252.913011
46.371058, 254.519857
45.811143, 256.127525
45.250326, 257.736045
44.688650, 259.345451
44.126157, 260.955776
43.562887, 262.567057
42.998883, 264.179330
42.434188, 265.792635
41.868844, 267.407014
41.302892, 269.022510
40.736375, 270.639171
40.169335, 272.257044
39.601816, 273.876182
39.033860, 275.496638
38.465509, 277.118471
37.896806, 278.741740
37.327795, 280.366510
36.758518, 281.992850
36.189018, 283.620832
35.619339, 285.250532
35.049524, 286.882032
34.479616, 288.515419
33.909660, 290.150785
33.339698, 291.788228
32.769774, 293.427853
32.199933, 295.069772
31.630218, 296.714105
31.060674, 298.360979
30.491346, 300.010531
29.922277, 301.662909
29.353512, 303.318269
28.785098, 304.976781
28.217078, 306.638628
27.649498, 308.304006
27.082404, 309.973128
26.515842, 311.646222
25.949859, 313.323537
25.384501, 315.005341
24.819815, 316.691928
24.255848, 318.383614
23.692650, 320.080747
23.130269, 321.783704
22.568753, 323.492899
22.008154, 325.208785
21.448521, 326.931861
20.889907, 328.662674
20.332364, 330.401830
19.775946, 332.149996
19.220709, 333.907916
18.666709, 335.676414
18.114006, 337.456408
17.562658, 339.248927
17.012731, 341.055125
16.464288, 342.876299
15.917400, 344.713914
15.372139, 346.569631
14.828582, 348.445342
14.286811, 350.343205
13.746915, 352.265699
13.208989, 354.215682
12.673139, 356.196465
12.139479, 358.211906
11.608138, 0.266524
11.079261, 2.365647
10.553012, 4.515596
10.029581, 6.723924
9.509187, 8.999723
8.992090, 11.354028
8.478601, 13.800351
7.969098, 16.355389
7.464043, 19.039985
6.964018, 21.880438
6.469760, 24.910309
5.982224, 28.172931
5.502668, 31.724932
5.032782, 35.641167
4.574881, 40.021567
4.132198, 45.000348
3.709330, 50.757381
3.312892, 57.529175
2.952432, 65.610044
2.641441, 75.318317
2.397809, 86.879296
2.242039, 100.186930
2.191322, 114.555665
2.251173, 128.808126
2.411871, 141.826127
2.653776, 153.039524
2.955757, 162.425274
3.300221, 170.240188
3.674195, 176.803703
4.068597, 182.400470
4.477151, 187.255968
4.895505, 191.540753
5.320590, 195.381917
5.750207, 198.874155
6.182748, 202.088512
6.617013, 205.078842
7.052090, 207.886450
7.487275, 210.543392
7.922013, 213.074843
8.355861, 215.500796
8.788460, 217.837297
9.219515, 220.097353
9.648778, 222.291606
10.076042, 224.428836
10.501131, 226.516348
10.923889, 228.560263
11.344184, 230.565746
11.761898, 232.537185
12.176926, 234.478328
12.589174, 236.392395
12.998556, 238.282169
13.404995, 240.150065
13.808421, 241.998187
14.208766, 243.828381
14.605970, 245.642268
14.999975, 247.441280
15.390728, 249.226686
15.778178, 250.999613
16.162277, 252.761067
16.542979, 254.511949
16.920241, 256.253064
17.294020, 257.985141
17.664277, 259.708833
18.030972, 261.424735
18.394069, 263.133382
18.753530, 264.835264
19.109322, 266.530823
19.461411, 268.220467
19.809762, 269.904565
20.154345, 271.583457
20.495127, 273.257454
20.832078, 274.926842
21.165170, 276.591885
21.494371, 278.252826
21.819654, 279.909889
22.140992, 281.563281
22.458356, 283.213195
22.771720, 284.859808
23.081059, 286.503286
23.386346, 288.143782
23.687556, 289.781440
23.984665, 291.416392
24.277649, 293.048763
24.566483, 294.678668
24.851145, 296.306216
25.131613, 297.931508
25.407863, 299.554639
25.679873, 301.175697
25.947623, 302.794766
26.211092, 304.411924
26.470258, 306.027244
26.725101, 307.640795
26.975602, 309.252642
27.221741, 310.862845
27.463499, 312.471462
27.700858, 314.078547
27.933798, 315.684149
28.162303, 317.288318
28.386355, 318.891098
28.605936, 320.492532
28.821030, 322.092659
29.031621, 323.691518
29.237692, 325.289144
29.439228, 326.885570
29.636214, 328.480828
29.828635, 330.074948
30.016475, 331.667958
30.199722, 333.259885
30.378362, 334.850753
30.552380, 336.440587
30.721764, 338.029407
30.886502, 339.617236
31.046581, 341.204091
31.201989, 342.789993
31.352714, 344.374958
31.498746, 345.959002
31.640073, 347.542140
31.776685, 349.124387
31.908573, 350.705754
32.035726, 352.286256
32.158135, 353.865902
32.275791, 355.444703
32.388685, 357.022669
32.496810, 358.599808
32.600157, 0.176129
32.698719, 1.751639
32.792488, 3.326344
32.881459, 4.900250
32.965624, 6.473362
33.044978, 8.045684
33.119515, 9.617220
33.189230, 11.187974
33.254118, 12.757947
33.314173, 14.327141
33.369394, 15.895557
33.419774, 17.463196
33.465312, 19.030058
33.506003, 20.596142
33.541846, 22.161446
33.572838, 23.725969
33.598978, 25.289707
33.620262, 26.852659
33.636692, 28.414819
33.648265, 29.976183
33.654982, 31.536747
33.656842, 33.096504
33.653845, 34.655449
33.645993, 36.213574
33.633287, 37.770872
33.615728, 39.327334
33.593318, 40.882951
33.566059, 42.437714
33.533954, 43.991612
33.497005, 45.544635
33.455217, 47.096770
33.408594, 48.648005
33.357138, 50.198326
33.300855, 51.747719
33.239750, 53.296170
33.173829, 54.843662
33.103096, 56.390179
33.027558, 57.935703
32.947221, 59.480215
32.862093, 61.023697
32.772180, 62.566127
32.677491, 64.107483
32.578033, 65.647744
32.473814, 67.186885
32.364844, 68.724882
32.251133, 70.261707
32.132688, 71.797333
32.009522, 73.331733
31.881643, 74.864874
31.749063, 76.396725
31.611793, 77.927254
31.469845, 79.456425
31.323231, 80.984201
31.171963, 82.510544
31.016055, 84.035413
30.855519, 85.558767
30.690370, 87.080561
30.520621, 88.600747
30.346287, 90.119278
30.167384, 91.636102
29.983926, 93.151164
29.795930, 94.664409
29.603412, 96.175776
29.406388, 97.685202
29.204877, 99.192623
28.998896, 100.697968
28.788463, 102.201165
28.573596, 103.702136
28.354316, 105.200801
28.130641, 106.697074
27.902593, 108.190864
27.670191, 109.682078
27.433457, 111.170614
27.192413, 112.656366
26.947082, 114.139222
26.697485, 115.619063
26.443647, 117.095763
26.185592, 118.569190
25.923345, 120.039201
25.656931, 121.505648
25.386376, 122.968371
25.111707, 124.427201
24.832953, 125.881957
24.550140, 127.332449
24.263298, 128.778473
23.972457, 130.219810
23.677649, 131.656229
23.378904, 133.087480
23.076256, 134.513300
22.769739, 135.933403
22.459387, 137.347485
22.145237, 138.755218
21.827325, 140.156251
21.505692, 141.550206
21.180376, 142.936676
20.851420, 144.315221
20.518867, 145.685368
20.182763, 147.046603
19.843154, 148.398371
19.500091, 149.740070
19.153625, 151.071044
18.803811, 152.390582
18.450705, 153.697908
18.094369, 154.992174
17.734866, 156.272454
17.372265, 157.537733
17.006637, 158.786895
16.638060, 160.018715
16.266616, 161.231841
15.892395, 162.424779
15.515490, 163.595877
15.136007, 164.743301
14.754058, 165.865010
14.369764, 166.958729
13.983261, 168.021914
13.594695, 169.051713
13.204232, 170.044923
12.812051, 170.997931
12.418355, 171.906653
12.023371, 172.766462
11.627355, 173.572092
11.230597, 174.317541
10.833427, 174.995944
10.436223, 175.599421
10.039422, 176.118910
9.643527, 176.543958
9.249129, 176.862479
8.856916, 177.060476
8.467701, 177.121723
8.082446, 177.027399
7.702296, 176.755716
7.328620, 176.281528
6.963061, 175.576006
6.607593, 174.606456
6.264587, 173.336445
5.936888, 171.726493
5.627886, 169.735699
5.341571, 167.324801
5.082552, 164.461214
4.856002, 161.126412
4.667473, 157.325362
4.522562, 153.096487
4.426401, 148.518897
4.383044, 143.712602
4.394881, 138.828445
4.462276, 134.028517
4.583549, 129.462752
4.755309, 125.249640
4.973015, 121.466600
5.231574, 118.150540
5.525850, 115.305293
5.851011, 112.911596
6.202710, 110.936472
6.577166, 109.340511
6.971148, 108.082821
7.381934, 107.124020
7.807244, 106.427818
8.245177, 105.961674
8.694143, 105.696913
9.152814, 105.608529
9.620076, 105.674860
10.094989, 105.877197
10.576757, 106.199409
11.064703, 106.627582
11.558247, 107.149699
12.056887, 107.755368
12.560191, 108.435577
13.067780, 109.182491
13.579323, 109.989280
14.094527, 110.849974
14.613132, 111.759335
15.134906, 112.712759
15.659640, 113.706180
16.187145, 114.736006
16.717252, 115.799045
17.249803, 116.892458
17.784655, 118.013714
18.321676, 119.160547
18.860743, 120.330924
19.401742, 121.523019
19.944567, 122.735185
20.489116, 123.965933
21.035295, 125.213919
21.583015, 126.477918
22.132190, 127.756821
22.682739, 129.049615
23.234584, 130.355377
23.787651, 131.673261
24.341867, 133.002494
24.897164, 134.342364
25.453474, 135.692220
26.010732, 137.051460
26.568875, 138.419529
27.127841, 139.795916
27.687570, 141.180147
28.248003, 142.571783
28.809083, 143.970418
29.370754, 145.375674
29.932959, 146.787199
30.495644, 148.204667
31.058757, 149.627773
31.622243, 151.056232
32.186051, 152.489779
32.750129, 153.928165
33.314427, 155.371157
33.878893, 156.818537
34.443480, 158.270101
35.008136, 159.725657
35.572814, 161.185024
36.137465, 162.648032
36.702041, 164.114522
37.266494, 165.584342
37.830778, 167.057351
38.394845, 168.533414
38.958648, 170.012405
39.522142, 171.494203
40.085281, 172.978696
40.648018, 174.465776
41.210308, 175.955342
41.772106, 177.447296
42.333367, 178.941548
42.894045, 180.438011
43.454098, 181.936602
44.013479, 183.437243
44.572146, 184.939859
45.130054, 186.444380
45.687158, 187.950737
46.243417, 189.458866
46.798786, 190.968706
47.353221, 192.480199
47.906681, 193.993288
48.459122, 195.507920
49.010501, 197.024044
49.560776, 198.541611
50.109905, 200.060576
50.657845, 201.580892
51.204555, 203.102518
51.749991, 204.625413
52.294114, 206.149537
52.836881, 207.674854
53.378250, 209.201326
53.918181, 210.728920
54.456633, 212.257603
54.993564, 213.787343
55.528934, 215.318109
56.062703, 216.849871
56.594829, 218.382603
57.125273, 219.916277
57.653995, 221.450866
58.180955, 222.986346
58.706112, 224.522692
59.229428, 226.059882
59.750863, 227.597893
60.270378, 229.136703
60.787933, 230.676292
61.303490, 232.216640
61.817011, 233.757728
62.328456, 235.299536
62.837787, 236.842047
63.344967, 238.385245
63.849957, 239.929111
64.352719, 241.473630
64.853215, 243.018786
65.351410, 244.564565
65.847264, 246.110952
66.340741, 247.657932
66.831805, 249.205492
67.320418, 250.753620
67.806544, 252.302302
68.290147, 253.851526
68.771190, 255.401280
69.249639, 256.951553
69.725457, 258.502334
70.198609, 260.053611
70.669060, 261.605375
71.136774, 263.157615
71.601717, 264.710322
72.063854, 266.263486
72.523151, 267.817097
##END=
