##TITLE= Parameter file, TopSpin 4.3.0
##JCAMPDX= 5.0
##DATATYPE= Parameter Values
##ORIGIN= Bruker BioSpin GmbH
##OWNER= nmrsu
$$ 2024-05-28 12:52:58.900 +0100  nmrsu@4CE1161FJM
$$ C:/Bruker/TopSpin4.3.0/exp/stan/nmr/lists/wave/user/multisupp_aux_d8
$$ process C:\Bruker\TopSpin4.3.0\prog\mod\xwinshape.exe
##MINX= 2.23709500
##MAXX= 99.99938900
##MINY= 0.24306000
##MAXY= 359.75694000
##$SHAPE_ADDPHASE= 0
##$SHAPE_AMP= 99.99938913
##$SHAPE_BWFAC= 0
##$SHAPE_BWFAC50= 0
##$SHAPE_CALCBW= yes
##$SHAPE_CALCINTEG= yes
##$SHAPE_EXMODE= <Excitation>
##$SHAPE_EXPAND= <>
##$SHAPE_EXPANDCF= (0..143)
0 0 0 0 0 0 0 0 0 0 0 0 0 0 0 0 0 0 0 0 0 0 0 0 0 0 0 0 0 0 0 0 0 0 0 0
0 0 0 0 0 0 0 0 0 0 0 0 0 0 0 0 0 0 0 0 0 0 0 0 0 0 0 0 0 0 0 0 0 0 0 0
0 0 0 0 0 0 0 0 0 0 0 0 0 0 0 0 0 0 0 0 0 0 0 0 0 0 0 0 0 0 0 0 0 0 0 0
0 0 0 0 0 0 0 0 0 0 0 0 0 0 0 0 0 0 0 0 0 0 0 0 0 0 0 0 0 0 0 0 0 0 0 0
##$SHAPE_EXPFAC= 0
##$SHAPE_FRACEND= 0
##$SHAPE_FRACORG= 0
##$SHAPE_FRACSTART= 0
##$SHAPE_INTEGFAC= 0
##$SHAPE_KEEPRES= yes
##$SHAPE_LENGTH= 25000.000373
##$SHAPE_MAN= <M>
##$SHAPE_MODE= 3
##$SHAPE_MODFREQ= 0
##$SHAPE_MODPHASE= 0
##$SHAPE_MODSCALE= 0
##$SHAPE_MODSW= 0
##$SHAPE_MODSWDIR= -1
##$SHAPE_NPOINTS= 1250
##$SHAPE_OFFS= <1 3>
##$SHAPE_OFFSCOEFF= (0..95)
-144.75891 0 100 -215.06583 0 100 -281.00083 0 100 0 0 0 0 0 0 0 0 0 0
0 0 0 0 0 0 0 0 0 0 0 0 0 0 0 0 0 0 0 0 0 0 0 0 0 0 0 0 0 0 0 0 0 0 0 0
0 0 0 0 0 0 0 0 0 0 0 0 0 0 0 0 0 0 0 0 0 0 0 0 0 0 0 0 0 0 0 0 0 0 0 0
0 0 0 0 0
##$SHAPE_PARAMETER= <>
##$SHAPE_REPHFAC= 0
##$SHAPE_RES= 0
##$SHAPE_SCALEFAC= 1.00000611
##$SHAPE_SCALETYPE= 0
##$SHAPE_SPOAL= 0
##$SHAPE_SPOFFS= 0
##$SHAPE_SPOPH= 0
##$SHAPE_TOTROT= 90
##$SHAPE_TYPE= <Excitation>
##$SHAPE_USER_DEF= <>
##$SHAPE_VERSION= 2.1
##$SHL_ADDPHASE= (0..15)
0 0 0 0 0 0 0 0 0 0 0 0 0 0 0 0
##$SHL_ALIGNOFFSET= (0..15)
0 0 0 0 0 0 0 0 0 0 0 0 0 0 0 0
##$SHL_AMP= (0..15)
100 0 0 0 0 0 0 0 0 0 0 0 0 0 0 0
##$SHL_AMPFAC= (0..15)
0 0 0 0 0 0 0 0 0 0 0 0 0 0 0 0
##$SHL_BETA= (0..15)
0 0 0 0 0 0 0 0 0 0 0 0 0 0 0 0
##$SHL_BWFAC= (0..15)
1.116 0 0 0 0 0 0 0 0 0 0 0 0 0 0 0
##$SHL_CALCBW= (0..15)
yes yes yes yes yes yes yes yes yes yes yes yes yes yes yes yes
##$SHL_CALCINTEG= (0..15)
yes yes yes yes yes yes yes yes yes yes yes yes yes yes yes yes
##$SHL_CENTERAMP= (0..15)
0 0 0 0 0 0 0 0 0 0 0 0 0 0 0 0
##$SHL_CYCNUM= (0..15)
0 0 0 0 0 0 0 0 0 0 0 0 0 0 0 0
##$SHL_DIPOLCPL= (0..15)
0 0 0 0 0 0 0 0 0 0 0 0 0 0 0 0
##$SHL_ENDAMP= (0..15)
0 0 0 0 0 0 0 0 0 0 0 0 0 0 0 0
##$SHL_EXMODE= (0..15)
<Excitation> <> <> <> <> <> <> <> <> <> <> <> <> <> <> <>
##$SHL_EXPAND= (0..15)
<> <> <> <> <> <> <> <> <> <> <> <> <> <> <> <>
##$SHL_EXPANDCF0= (0..143)
0 0 0 0 0 0 0 0 0 0 0 0 0 0 0 0 0 0 0 0 0 0 0 0 0 0 0 0 0 0 0 0 0 0 0 0
0 0 0 0 0 0 0 0 0 0 0 0 0 0 0 0 0 0 0 0 0 0 0 0 0 0 0 0 0 0 0 0 0 0 0 0
0 0 0 0 0 0 0 0 0 0 0 0 0 0 0 0 0 0 0 0 0 0 0 0 0 0 0 0 0 0 0 0 0 0 0 0
0 0 0 0 0 0 0 0 0 0 0 0 0 0 0 0 0 0 0 0 0 0 0 0 0 0 0 0 0 0 0 0 0 0 0 0
##$SHL_EXPANDCF1= (0..143)
0 0 0 0 0 0 0 0 0 0 0 0 0 0 0 0 0 0 0 0 0 0 0 0 0 0 0 0 0 0 0 0 0 0 0 0
0 0 0 0 0 0 0 0 0 0 0 0 0 0 0 0 0 0 0 0 0 0 0 0 0 0 0 0 0 0 0 0 0 0 0 0
0 0 0 0 0 0 0 0 0 0 0 0 0 0 0 0 0 0 0 0 0 0 0 0 0 0 0 0 0 0 0 0 0 0 0 0
0 0 0 0 0 0 0 0 0 0 0 0 0 0 0 0 0 0 0 0 0 0 0 0 0 0 0 0 0 0 0 0 0 0 0 0
##$SHL_EXPANDCF10= (0..143)
0 0 0 0 0 0 0 0 0 0 0 0 0 0 0 0 0 0 0 0 0 0 0 0 0 0 0 0 0 0 0 0 0 0 0 0
0 0 0 0 0 0 0 0 0 0 0 0 0 0 0 0 0 0 0 0 0 0 0 0 0 0 0 0 0 0 0 0 0 0 0 0
0 0 0 0 0 0 0 0 0 0 0 0 0 0 0 0 0 0 0 0 0 0 0 0 0 0 0 0 0 0 0 0 0 0 0 0
0 0 0 0 0 0 0 0 0 0 0 0 0 0 0 0 0 0 0 0 0 0 0 0 0 0 0 0 0 0 0 0 0 0 0 0
##$SHL_EXPANDCF11= (0..143)
0 0 0 0 0 0 0 0 0 0 0 0 0 0 0 0 0 0 0 0 0 0 0 0 0 0 0 0 0 0 0 0 0 0 0 0
0 0 0 0 0 0 0 0 0 0 0 0 0 0 0 0 0 0 0 0 0 0 0 0 0 0 0 0 0 0 0 0 0 0 0 0
0 0 0 0 0 0 0 0 0 0 0 0 0 0 0 0 0 0 0 0 0 0 0 0 0 0 0 0 0 0 0 0 0 0 0 0
0 0 0 0 0 0 0 0 0 0 0 0 0 0 0 0 0 0 0 0 0 0 0 0 0 0 0 0 0 0 0 0 0 0 0 0
##$SHL_EXPANDCF12= (0..143)
0 0 0 0 0 0 0 0 0 0 0 0 0 0 0 0 0 0 0 0 0 0 0 0 0 0 0 0 0 0 0 0 0 0 0 0
0 0 0 0 0 0 0 0 0 0 0 0 0 0 0 0 0 0 0 0 0 0 0 0 0 0 0 0 0 0 0 0 0 0 0 0
0 0 0 0 0 0 0 0 0 0 0 0 0 0 0 0 0 0 0 0 0 0 0 0 0 0 0 0 0 0 0 0 0 0 0 0
0 0 0 0 0 0 0 0 0 0 0 0 0 0 0 0 0 0 0 0 0 0 0 0 0 0 0 0 0 0 0 0 0 0 0 0
##$SHL_EXPANDCF13= (0..143)
0 0 0 0 0 0 0 0 0 0 0 0 0 0 0 0 0 0 0 0 0 0 0 0 0 0 0 0 0 0 0 0 0 0 0 0
0 0 0 0 0 0 0 0 0 0 0 0 0 0 0 0 0 0 0 0 0 0 0 0 0 0 0 0 0 0 0 0 0 0 0 0
0 0 0 0 0 0 0 0 0 0 0 0 0 0 0 0 0 0 0 0 0 0 0 0 0 0 0 0 0 0 0 0 0 0 0 0
0 0 0 0 0 0 0 0 0 0 0 0 0 0 0 0 0 0 0 0 0 0 0 0 0 0 0 0 0 0 0 0 0 0 0 0
##$SHL_EXPANDCF14= (0..143)
0 0 0 0 0 0 0 0 0 0 0 0 0 0 0 0 0 0 0 0 0 0 0 0 0 0 0 0 0 0 0 0 0 0 0 0
0 0 0 0 0 0 0 0 0 0 0 0 0 0 0 0 0 0 0 0 0 0 0 0 0 0 0 0 0 0 0 0 0 0 0 0
0 0 0 0 0 0 0 0 0 0 0 0 0 0 0 0 0 0 0 0 0 0 0 0 0 0 0 0 0 0 0 0 0 0 0 0
0 0 0 0 0 0 0 0 0 0 0 0 0 0 0 0 0 0 0 0 0 0 0 0 0 0 0 0 0 0 0 0 0 0 0 0
##$SHL_EXPANDCF15= (0..143)
0 0 0 0 0 0 0 0 0 0 0 0 0 0 0 0 0 0 0 0 0 0 0 0 0 0 0 0 0 0 0 0 0 0 0 0
0 0 0 0 0 0 0 0 0 0 0 0 0 0 0 0 0 0 0 0 0 0 0 0 0 0 0 0 0 0 0 0 0 0 0 0
0 0 0 0 0 0 0 0 0 0 0 0 0 0 0 0 0 0 0 0 0 0 0 0 0 0 0 0 0 0 0 0 0 0 0 0
0 0 0 0 0 0 0 0 0 0 0 0 0 0 0 0 0 0 0 0 0 0 0 0 0 0 0 0 0 0 0 0 0 0 0 0
##$SHL_EXPANDCF2= (0..143)
0 0 0 0 0 0 0 0 0 0 0 0 0 0 0 0 0 0 0 0 0 0 0 0 0 0 0 0 0 0 0 0 0 0 0 0
0 0 0 0 0 0 0 0 0 0 0 0 0 0 0 0 0 0 0 0 0 0 0 0 0 0 0 0 0 0 0 0 0 0 0 0
0 0 0 0 0 0 0 0 0 0 0 0 0 0 0 0 0 0 0 0 0 0 0 0 0 0 0 0 0 0 0 0 0 0 0 0
0 0 0 0 0 0 0 0 0 0 0 0 0 0 0 0 0 0 0 0 0 0 0 0 0 0 0 0 0 0 0 0 0 0 0 0
##$SHL_EXPANDCF3= (0..143)
0 0 0 0 0 0 0 0 0 0 0 0 0 0 0 0 0 0 0 0 0 0 0 0 0 0 0 0 0 0 0 0 0 0 0 0
0 0 0 0 0 0 0 0 0 0 0 0 0 0 0 0 0 0 0 0 0 0 0 0 0 0 0 0 0 0 0 0 0 0 0 0
0 0 0 0 0 0 0 0 0 0 0 0 0 0 0 0 0 0 0 0 0 0 0 0 0 0 0 0 0 0 0 0 0 0 0 0
0 0 0 0 0 0 0 0 0 0 0 0 0 0 0 0 0 0 0 0 0 0 0 0 0 0 0 0 0 0 0 0 0 0 0 0
##$SHL_EXPANDCF4= (0..143)
0 0 0 0 0 0 0 0 0 0 0 0 0 0 0 0 0 0 0 0 0 0 0 0 0 0 0 0 0 0 0 0 0 0 0 0
0 0 0 0 0 0 0 0 0 0 0 0 0 0 0 0 0 0 0 0 0 0 0 0 0 0 0 0 0 0 0 0 0 0 0 0
0 0 0 0 0 0 0 0 0 0 0 0 0 0 0 0 0 0 0 0 0 0 0 0 0 0 0 0 0 0 0 0 0 0 0 0
0 0 0 0 0 0 0 0 0 0 0 0 0 0 0 0 0 0 0 0 0 0 0 0 0 0 0 0 0 0 0 0 0 0 0 0
##$SHL_EXPANDCF5= (0..143)
0 0 0 0 0 0 0 0 0 0 0 0 0 0 0 0 0 0 0 0 0 0 0 0 0 0 0 0 0 0 0 0 0 0 0 0
0 0 0 0 0 0 0 0 0 0 0 0 0 0 0 0 0 0 0 0 0 0 0 0 0 0 0 0 0 0 0 0 0 0 0 0
0 0 0 0 0 0 0 0 0 0 0 0 0 0 0 0 0 0 0 0 0 0 0 0 0 0 0 0 0 0 0 0 0 0 0 0
0 0 0 0 0 0 0 0 0 0 0 0 0 0 0 0 0 0 0 0 0 0 0 0 0 0 0 0 0 0 0 0 0 0 0 0
##$SHL_EXPANDCF6= (0..143)
0 0 0 0 0 0 0 0 0 0 0 0 0 0 0 0 0 0 0 0 0 0 0 0 0 0 0 0 0 0 0 0 0 0 0 0
0 0 0 0 0 0 0 0 0 0 0 0 0 0 0 0 0 0 0 0 0 0 0 0 0 0 0 0 0 0 0 0 0 0 0 0
0 0 0 0 0 0 0 0 0 0 0 0 0 0 0 0 0 0 0 0 0 0 0 0 0 0 0 0 0 0 0 0 0 0 0 0
0 0 0 0 0 0 0 0 0 0 0 0 0 0 0 0 0 0 0 0 0 0 0 0 0 0 0 0 0 0 0 0 0 0 0 0
##$SHL_EXPANDCF7= (0..143)
0 0 0 0 0 0 0 0 0 0 0 0 0 0 0 0 0 0 0 0 0 0 0 0 0 0 0 0 0 0 0 0 0 0 0 0
0 0 0 0 0 0 0 0 0 0 0 0 0 0 0 0 0 0 0 0 0 0 0 0 0 0 0 0 0 0 0 0 0 0 0 0
0 0 0 0 0 0 0 0 0 0 0 0 0 0 0 0 0 0 0 0 0 0 0 0 0 0 0 0 0 0 0 0 0 0 0 0
0 0 0 0 0 0 0 0 0 0 0 0 0 0 0 0 0 0 0 0 0 0 0 0 0 0 0 0 0 0 0 0 0 0 0 0
##$SHL_EXPANDCF8= (0..143)
0 0 0 0 0 0 0 0 0 0 0 0 0 0 0 0 0 0 0 0 0 0 0 0 0 0 0 0 0 0 0 0 0 0 0 0
0 0 0 0 0 0 0 0 0 0 0 0 0 0 0 0 0 0 0 0 0 0 0 0 0 0 0 0 0 0 0 0 0 0 0 0
0 0 0 0 0 0 0 0 0 0 0 0 0 0 0 0 0 0 0 0 0 0 0 0 0 0 0 0 0 0 0 0 0 0 0 0
0 0 0 0 0 0 0 0 0 0 0 0 0 0 0 0 0 0 0 0 0 0 0 0 0 0 0 0 0 0 0 0 0 0 0 0
##$SHL_EXPANDCF9= (0..143)
0 0 0 0 0 0 0 0 0 0 0 0 0 0 0 0 0 0 0 0 0 0 0 0 0 0 0 0 0 0 0 0 0 0 0 0
0 0 0 0 0 0 0 0 0 0 0 0 0 0 0 0 0 0 0 0 0 0 0 0 0 0 0 0 0 0 0 0 0 0 0 0
0 0 0 0 0 0 0 0 0 0 0 0 0 0 0 0 0 0 0 0 0 0 0 0 0 0 0 0 0 0 0 0 0 0 0 0
0 0 0 0 0 0 0 0 0 0 0 0 0 0 0 0 0 0 0 0 0 0 0 0 0 0 0 0 0 0 0 0 0 0 0 0
##$SHL_EXPFAC= (0..15)
0 0 0 0 0 0 0 0 0 0 0 0 0 0 0 0
##$SHL_FRACEND= (0..15)
0 0 0 0 0 0 0 0 0 0 0 0 0 0 0 0
##$SHL_FRACORG= (0..15)
0 0 0 0 0 0 0 0 0 0 0 0 0 0 0 0
##$SHL_FRACSTART= (0..15)
0 0 0 0 0 0 0 0 0 0 0 0 0 0 0 0
##$SHL_FULLHALF= (0..15)
0 0 0 0 0 0 0 0 0 0 0 0 0 0 0 0
##$SHL_FUNCAMP= (0..15)
100 0 0 0 0 0 0 0 0 0 0 0 0 0 0 0
##$SHL_FUNCTION= (0..15)
<Rectangle> <> <> <> <> <> <> <> <> <> <> <> <> <> <> <>
##$SHL_GCO= (0..15)
<> <> <> <> <> <> <> <> <> <> <> <> <> <> <> <>
##$SHL_GCOCOEFFS0= (0..59)
0 0 0 0 0 0 0 0 0 0 0 0 0 0 0 0 0 0 0 0 0 0 0 0 0 0 0 0 0 0 0 0 0 0 0 0
0 0 0 0 0 0 0 0 0 0 0 0 0 0 0 0 0 0 0 0 0 0 0 0
##$SHL_GCOCOEFFS1= (0..59)
0 0 0 0 0 0 0 0 0 0 0 0 0 0 0 0 0 0 0 0 0 0 0 0 0 0 0 0 0 0 0 0 0 0 0 0
0 0 0 0 0 0 0 0 0 0 0 0 0 0 0 0 0 0 0 0 0 0 0 0
##$SHL_GCOCOEFFS10= (0..59)
0 0 0 0 0 0 0 0 0 0 0 0 0 0 0 0 0 0 0 0 0 0 0 0 0 0 0 0 0 0 0 0 0 0 0 0
0 0 0 0 0 0 0 0 0 0 0 0 0 0 0 0 0 0 0 0 0 0 0 0
##$SHL_GCOCOEFFS11= (0..59)
0 0 0 0 0 0 0 0 0 0 0 0 0 0 0 0 0 0 0 0 0 0 0 0 0 0 0 0 0 0 0 0 0 0 0 0
0 0 0 0 0 0 0 0 0 0 0 0 0 0 0 0 0 0 0 0 0 0 0 0
##$SHL_GCOCOEFFS12= (0..59)
0 0 0 0 0 0 0 0 0 0 0 0 0 0 0 0 0 0 0 0 0 0 0 0 0 0 0 0 0 0 0 0 0 0 0 0
0 0 0 0 0 0 0 0 0 0 0 0 0 0 0 0 0 0 0 0 0 0 0 0
##$SHL_GCOCOEFFS13= (0..59)
0 0 0 0 0 0 0 0 0 0 0 0 0 0 0 0 0 0 0 0 0 0 0 0 0 0 0 0 0 0 0 0 0 0 0 0
0 0 0 0 0 0 0 0 0 0 0 0 0 0 0 0 0 0 0 0 0 0 0 0
##$SHL_GCOCOEFFS14= (0..59)
0 0 0 0 0 0 0 0 0 0 0 0 0 0 0 0 0 0 0 0 0 0 0 0 0 0 0 0 0 0 0 0 0 0 0 0
0 0 0 0 0 0 0 0 0 0 0 0 0 0 0 0 0 0 0 0 0 0 0 0
##$SHL_GCOCOEFFS15= (0..59)
0 0 0 0 0 0 0 0 0 0 0 0 0 0 0 0 0 0 0 0 0 0 0 0 0 0 0 0 0 0 0 0 0 0 0 0
0 0 0 0 0 0 0 0 0 0 0 0 0 0 0 0 0 0 0 0 0 0 0 0
##$SHL_GCOCOEFFS2= (0..59)
0 0 0 0 0 0 0 0 0 0 0 0 0 0 0 0 0 0 0 0 0 0 0 0 0 0 0 0 0 0 0 0 0 0 0 0
0 0 0 0 0 0 0 0 0 0 0 0 0 0 0 0 0 0 0 0 0 0 0 0
##$SHL_GCOCOEFFS3= (0..59)
0 0 0 0 0 0 0 0 0 0 0 0 0 0 0 0 0 0 0 0 0 0 0 0 0 0 0 0 0 0 0 0 0 0 0 0
0 0 0 0 0 0 0 0 0 0 0 0 0 0 0 0 0 0 0 0 0 0 0 0
##$SHL_GCOCOEFFS4= (0..59)
0 0 0 0 0 0 0 0 0 0 0 0 0 0 0 0 0 0 0 0 0 0 0 0 0 0 0 0 0 0 0 0 0 0 0 0
0 0 0 0 0 0 0 0 0 0 0 0 0 0 0 0 0 0 0 0 0 0 0 0
##$SHL_GCOCOEFFS5= (0..59)
0 0 0 0 0 0 0 0 0 0 0 0 0 0 0 0 0 0 0 0 0 0 0 0 0 0 0 0 0 0 0 0 0 0 0 0
0 0 0 0 0 0 0 0 0 0 0 0 0 0 0 0 0 0 0 0 0 0 0 0
##$SHL_GCOCOEFFS6= (0..59)
0 0 0 0 0 0 0 0 0 0 0 0 0 0 0 0 0 0 0 0 0 0 0 0 0 0 0 0 0 0 0 0 0 0 0 0
0 0 0 0 0 0 0 0 0 0 0 0 0 0 0 0 0 0 0 0 0 0 0 0
##$SHL_GCOCOEFFS7= (0..59)
0 0 0 0 0 0 0 0 0 0 0 0 0 0 0 0 0 0 0 0 0 0 0 0 0 0 0 0 0 0 0 0 0 0 0 0
0 0 0 0 0 0 0 0 0 0 0 0 0 0 0 0 0 0 0 0 0 0 0 0
##$SHL_GCOCOEFFS8= (0..59)
0 0 0 0 0 0 0 0 0 0 0 0 0 0 0 0 0 0 0 0 0 0 0 0 0 0 0 0 0 0 0 0 0 0 0 0
0 0 0 0 0 0 0 0 0 0 0 0 0 0 0 0 0 0 0 0 0 0 0 0
##$SHL_GCOCOEFFS9= (0..59)
0 0 0 0 0 0 0 0 0 0 0 0 0 0 0 0 0 0 0 0 0 0 0 0 0 0 0 0 0 0 0 0 0 0 0 0
0 0 0 0 0 0 0 0 0 0 0 0 0 0 0 0 0 0 0 0 0 0 0 0
##$SHL_INTEGFAC= (0..15)
1 0 0 0 0 0 0 0 0 0 0 0 0 0 0 0
##$SHL_LB= (0..15)
0 0 0 0 0 0 0 0 0 0 0 0 0 0 0 0
##$SHL_LEFTLIMIT= (0..15)
0 0 0 0 0 0 0 0 0 0 0 0 0 0 0 0
##$SHL_LENGTH= (0..15)
25000.000373 0 0 0 0 0 0 0 0 0 0 0 0 0 0 0
##$SHL_MAN= (0..15)
<> <> <> <> <> <> <> <> <> <> <> <> <> <> <> <>
##$SHL_MEANAMP= (0..15)
0 0 0 0 0 0 0 0 0 0 0 0 0 0 0 0
##$SHL_MODAMP= (0..15)
0 0 0 0 0 0 0 0 0 0 0 0 0 0 0 0
##$SHL_MODE= (0..15)
0 0 0 0 0 0 0 0 0 0 0 0 0 0 0 0
##$SHL_MODFREQ= (0..15)
0 0 0 0 0 0 0 0 0 0 0 0 0 0 0 0
##$SHL_MODPHASE= (0..15)
0 0 0 0 0 0 0 0 0 0 0 0 0 0 0 0
##$SHL_MODSCALE= (0..15)
0 0 0 0 0 0 0 0 0 0 0 0 0 0 0 0
##$SHL_MODSW= (0..15)
0 0 0 0 0 0 0 0 0 0 0 0 0 0 0 0
##$SHL_MODSWDIR= (0..15)
-1 -1 -1 -1 -1 -1 -1 -1 -1 -1 -1 -1 -1 -1 -1 -1
##$SHL_MU= (0..15)
0 0 0 0 0 0 0 0 0 0 0 0 0 0 0 0
##$SHL_NPOINTS= (0..15)
1250 0 0 0 0 0 0 0 0 0 0 0 0 0 0 0
##$SHL_OFFS= (0..15)
<> <> <> <> <> <> <> <> <> <> <> <> <> <> <> <>
##$SHL_OFFSCOEFF0= (0..95)
0 0 0 0 0 0 0 0 0 0 0 0 0 0 0 0 0 0 0 0 0 0 0 0 0 0 0 0 0 0 0 0 0 0 0 0
0 0 0 0 0 0 0 0 0 0 0 0 0 0 0 0 0 0 0 0 0 0 0 0 0 0 0 0 0 0 0 0 0 0 0 0
0 0 0 0 0 0 0 0 0 0 0 0 0 0 0 0 0 0 0 0 0 0 0 0
##$SHL_OFFSCOEFF1= (0..95)
0 0 0 0 0 0 0 0 0 0 0 0 0 0 0 0 0 0 0 0 0 0 0 0 0 0 0 0 0 0 0 0 0 0 0 0
0 0 0 0 0 0 0 0 0 0 0 0 0 0 0 0 0 0 0 0 0 0 0 0 0 0 0 0 0 0 0 0 0 0 0 0
0 0 0 0 0 0 0 0 0 0 0 0 0 0 0 0 0 0 0 0 0 0 0 0
##$SHL_OFFSCOEFF10= (0..95)
0 0 0 0 0 0 0 0 0 0 0 0 0 0 0 0 0 0 0 0 0 0 0 0 0 0 0 0 0 0 0 0 0 0 0 0
0 0 0 0 0 0 0 0 0 0 0 0 0 0 0 0 0 0 0 0 0 0 0 0 0 0 0 0 0 0 0 0 0 0 0 0
0 0 0 0 0 0 0 0 0 0 0 0 0 0 0 0 0 0 0 0 0 0 0 0
##$SHL_OFFSCOEFF11= (0..95)
0 0 0 0 0 0 0 0 0 0 0 0 0 0 0 0 0 0 0 0 0 0 0 0 0 0 0 0 0 0 0 0 0 0 0 0
0 0 0 0 0 0 0 0 0 0 0 0 0 0 0 0 0 0 0 0 0 0 0 0 0 0 0 0 0 0 0 0 0 0 0 0
0 0 0 0 0 0 0 0 0 0 0 0 0 0 0 0 0 0 0 0 0 0 0 0
##$SHL_OFFSCOEFF12= (0..95)
0 0 0 0 0 0 0 0 0 0 0 0 0 0 0 0 0 0 0 0 0 0 0 0 0 0 0 0 0 0 0 0 0 0 0 0
0 0 0 0 0 0 0 0 0 0 0 0 0 0 0 0 0 0 0 0 0 0 0 0 0 0 0 0 0 0 0 0 0 0 0 0
0 0 0 0 0 0 0 0 0 0 0 0 0 0 0 0 0 0 0 0 0 0 0 0
##$SHL_OFFSCOEFF13= (0..95)
0 0 0 0 0 0 0 0 0 0 0 0 0 0 0 0 0 0 0 0 0 0 0 0 0 0 0 0 0 0 0 0 0 0 0 0
0 0 0 0 0 0 0 0 0 0 0 0 0 0 0 0 0 0 0 0 0 0 0 0 0 0 0 0 0 0 0 0 0 0 0 0
0 0 0 0 0 0 0 0 0 0 0 0 0 0 0 0 0 0 0 0 0 0 0 0
##$SHL_OFFSCOEFF14= (0..95)
0 0 0 0 0 0 0 0 0 0 0 0 0 0 0 0 0 0 0 0 0 0 0 0 0 0 0 0 0 0 0 0 0 0 0 0
0 0 0 0 0 0 0 0 0 0 0 0 0 0 0 0 0 0 0 0 0 0 0 0 0 0 0 0 0 0 0 0 0 0 0 0
0 0 0 0 0 0 0 0 0 0 0 0 0 0 0 0 0 0 0 0 0 0 0 0
##$SHL_OFFSCOEFF15= (0..95)
0 0 0 0 0 0 0 0 0 0 0 0 0 0 0 0 0 0 0 0 0 0 0 0 0 0 0 0 0 0 0 0 0 0 0 0
0 0 0 0 0 0 0 0 0 0 0 0 0 0 0 0 0 0 0 0 0 0 0 0 0 0 0 0 0 0 0 0 0 0 0 0
0 0 0 0 0 0 0 0 0 0 0 0 0 0 0 0 0 0 0 0 0 0 0 0
##$SHL_OFFSCOEFF2= (0..95)
0 0 0 0 0 0 0 0 0 0 0 0 0 0 0 0 0 0 0 0 0 0 0 0 0 0 0 0 0 0 0 0 0 0 0 0
0 0 0 0 0 0 0 0 0 0 0 0 0 0 0 0 0 0 0 0 0 0 0 0 0 0 0 0 0 0 0 0 0 0 0 0
0 0 0 0 0 0 0 0 0 0 0 0 0 0 0 0 0 0 0 0 0 0 0 0
##$SHL_OFFSCOEFF3= (0..95)
0 0 0 0 0 0 0 0 0 0 0 0 0 0 0 0 0 0 0 0 0 0 0 0 0 0 0 0 0 0 0 0 0 0 0 0
0 0 0 0 0 0 0 0 0 0 0 0 0 0 0 0 0 0 0 0 0 0 0 0 0 0 0 0 0 0 0 0 0 0 0 0
0 0 0 0 0 0 0 0 0 0 0 0 0 0 0 0 0 0 0 0 0 0 0 0
##$SHL_OFFSCOEFF4= (0..95)
0 0 0 0 0 0 0 0 0 0 0 0 0 0 0 0 0 0 0 0 0 0 0 0 0 0 0 0 0 0 0 0 0 0 0 0
0 0 0 0 0 0 0 0 0 0 0 0 0 0 0 0 0 0 0 0 0 0 0 0 0 0 0 0 0 0 0 0 0 0 0 0
0 0 0 0 0 0 0 0 0 0 0 0 0 0 0 0 0 0 0 0 0 0 0 0
##$SHL_OFFSCOEFF5= (0..95)
0 0 0 0 0 0 0 0 0 0 0 0 0 0 0 0 0 0 0 0 0 0 0 0 0 0 0 0 0 0 0 0 0 0 0 0
0 0 0 0 0 0 0 0 0 0 0 0 0 0 0 0 0 0 0 0 0 0 0 0 0 0 0 0 0 0 0 0 0 0 0 0
0 0 0 0 0 0 0 0 0 0 0 0 0 0 0 0 0 0 0 0 0 0 0 0
##$SHL_OFFSCOEFF6= (0..95)
0 0 0 0 0 0 0 0 0 0 0 0 0 0 0 0 0 0 0 0 0 0 0 0 0 0 0 0 0 0 0 0 0 0 0 0
0 0 0 0 0 0 0 0 0 0 0 0 0 0 0 0 0 0 0 0 0 0 0 0 0 0 0 0 0 0 0 0 0 0 0 0
0 0 0 0 0 0 0 0 0 0 0 0 0 0 0 0 0 0 0 0 0 0 0 0
##$SHL_OFFSCOEFF7= (0..95)
0 0 0 0 0 0 0 0 0 0 0 0 0 0 0 0 0 0 0 0 0 0 0 0 0 0 0 0 0 0 0 0 0 0 0 0
0 0 0 0 0 0 0 0 0 0 0 0 0 0 0 0 0 0 0 0 0 0 0 0 0 0 0 0 0 0 0 0 0 0 0 0
0 0 0 0 0 0 0 0 0 0 0 0 0 0 0 0 0 0 0 0 0 0 0 0
##$SHL_OFFSCOEFF8= (0..95)
0 0 0 0 0 0 0 0 0 0 0 0 0 0 0 0 0 0 0 0 0 0 0 0 0 0 0 0 0 0 0 0 0 0 0 0
0 0 0 0 0 0 0 0 0 0 0 0 0 0 0 0 0 0 0 0 0 0 0 0 0 0 0 0 0 0 0 0 0 0 0 0
0 0 0 0 0 0 0 0 0 0 0 0 0 0 0 0 0 0 0 0 0 0 0 0
##$SHL_OFFSCOEFF9= (0..95)
0 0 0 0 0 0 0 0 0 0 0 0 0 0 0 0 0 0 0 0 0 0 0 0 0 0 0 0 0 0 0 0 0 0 0 0
0 0 0 0 0 0 0 0 0 0 0 0 0 0 0 0 0 0 0 0 0 0 0 0 0 0 0 0 0 0 0 0 0 0 0 0
0 0 0 0 0 0 0 0 0 0 0 0 0 0 0 0 0 0 0 0 0 0 0 0
##$SHL_PHASE= (0..15)
0 0 0 0 0 0 0 0 0 0 0 0 0 0 0 0
##$SHL_PHASEFAC= (0..15)
0 0 0 0 0 0 0 0 0 0 0 0 0 0 0 0
##$SHL_POWERINDEX= (0..15)
0 0 0 0 0 0 0 0 0 0 0 0 0 0 0 0
##$SHL_QUADCOEFF= (0..15)
0 0 0 0 0 0 0 0 0 0 0 0 0 0 0 0
##$SHL_RIGHTLIMIT= (0..15)
0 0 0 0 0 0 0 0 0 0 0 0 0 0 0 0
##$SHL_SCALEFACTOR= (0..15)
1 1 1 1 1 1 1 1 1 1 1 1 1 1 1 1
##$SHL_SF= (0..15)
<> <> <> <> <> <> <> <> <> <> <> <> <> <> <> <>
##$SHL_SFCOEFFS0= (0..200)
0 0 0 0 0 0 0 0 0 0 0 0 0 0 0 0 0 0 0 0 0 0 0 0 0 0 0 0 0 0 0 0 0 0 0 0
0 0 0 0 0 0 0 0 0 0 0 0 0 0 0 0 0 0 0 0 0 0 0 0 0 0 0 0 0 0 0 0 0 0 0 0
0 0 0 0 0 0 0 0 0 0 0 0 0 0 0 0 0 0 0 0 0 0 0 0 0 0 0 0 0 0 0 0 0 0 0 0
0 0 0 0 0 0 0 0 0 0 0 0 0 0 0 0 0 0 0 0 0 0 0 0 0 0 0 0 0 0 0 0 0 0 0 0
0 0 0 0 0 0 0 0 0 0 0 0 0 0 0 0 0 0 0 0 0 0 0 0 0 0 0 0 0 0 0 0 0 0 0 0
0 0 0 0 0 0 0 0 0 0 0 0 0 0 0 0 0 0 0 0 0
##$SHL_SFCOEFFS1= (0..200)
0 0 0 0 0 0 0 0 0 0 0 0 0 0 0 0 0 0 0 0 0 0 0 0 0 0 0 0 0 0 0 0 0 0 0 0
0 0 0 0 0 0 0 0 0 0 0 0 0 0 0 0 0 0 0 0 0 0 0 0 0 0 0 0 0 0 0 0 0 0 0 0
0 0 0 0 0 0 0 0 0 0 0 0 0 0 0 0 0 0 0 0 0 0 0 0 0 0 0 0 0 0 0 0 0 0 0 0
0 0 0 0 0 0 0 0 0 0 0 0 0 0 0 0 0 0 0 0 0 0 0 0 0 0 0 0 0 0 0 0 0 0 0 0
0 0 0 0 0 0 0 0 0 0 0 0 0 0 0 0 0 0 0 0 0 0 0 0 0 0 0 0 0 0 0 0 0 0 0 0
0 0 0 0 0 0 0 0 0 0 0 0 0 0 0 0 0 0 0 0 0
##$SHL_SFCOEFFS10= (0..200)
0 0 0 0 0 0 0 0 0 0 0 0 0 0 0 0 0 0 0 0 0 0 0 0 0 0 0 0 0 0 0 0 0 0 0 0
0 0 0 0 0 0 0 0 0 0 0 0 0 0 0 0 0 0 0 0 0 0 0 0 0 0 0 0 0 0 0 0 0 0 0 0
0 0 0 0 0 0 0 0 0 0 0 0 0 0 0 0 0 0 0 0 0 0 0 0 0 0 0 0 0 0 0 0 0 0 0 0
0 0 0 0 0 0 0 0 0 0 0 0 0 0 0 0 0 0 0 0 0 0 0 0 0 0 0 0 0 0 0 0 0 0 0 0
0 0 0 0 0 0 0 0 0 0 0 0 0 0 0 0 0 0 0 0 0 0 0 0 0 0 0 0 0 0 0 0 0 0 0 0
0 0 0 0 0 0 0 0 0 0 0 0 0 0 0 0 0 0 0 0 0
##$SHL_SFCOEFFS11= (0..200)
0 0 0 0 0 0 0 0 0 0 0 0 0 0 0 0 0 0 0 0 0 0 0 0 0 0 0 0 0 0 0 0 0 0 0 0
0 0 0 0 0 0 0 0 0 0 0 0 0 0 0 0 0 0 0 0 0 0 0 0 0 0 0 0 0 0 0 0 0 0 0 0
0 0 0 0 0 0 0 0 0 0 0 0 0 0 0 0 0 0 0 0 0 0 0 0 0 0 0 0 0 0 0 0 0 0 0 0
0 0 0 0 0 0 0 0 0 0 0 0 0 0 0 0 0 0 0 0 0 0 0 0 0 0 0 0 0 0 0 0 0 0 0 0
0 0 0 0 0 0 0 0 0 0 0 0 0 0 0 0 0 0 0 0 0 0 0 0 0 0 0 0 0 0 0 0 0 0 0 0
0 0 0 0 0 0 0 0 0 0 0 0 0 0 0 0 0 0 0 0 0
##$SHL_SFCOEFFS12= (0..200)
0 0 0 0 0 0 0 0 0 0 0 0 0 0 0 0 0 0 0 0 0 0 0 0 0 0 0 0 0 0 0 0 0 0 0 0
0 0 0 0 0 0 0 0 0 0 0 0 0 0 0 0 0 0 0 0 0 0 0 0 0 0 0 0 0 0 0 0 0 0 0 0
0 0 0 0 0 0 0 0 0 0 0 0 0 0 0 0 0 0 0 0 0 0 0 0 0 0 0 0 0 0 0 0 0 0 0 0
0 0 0 0 0 0 0 0 0 0 0 0 0 0 0 0 0 0 0 0 0 0 0 0 0 0 0 0 0 0 0 0 0 0 0 0
0 0 0 0 0 0 0 0 0 0 0 0 0 0 0 0 0 0 0 0 0 0 0 0 0 0 0 0 0 0 0 0 0 0 0 0
0 0 0 0 0 0 0 0 0 0 0 0 0 0 0 0 0 0 0 0 0
##$SHL_SFCOEFFS13= (0..200)
0 0 0 0 0 0 0 0 0 0 0 0 0 0 0 0 0 0 0 0 0 0 0 0 0 0 0 0 0 0 0 0 0 0 0 0
0 0 0 0 0 0 0 0 0 0 0 0 0 0 0 0 0 0 0 0 0 0 0 0 0 0 0 0 0 0 0 0 0 0 0 0
0 0 0 0 0 0 0 0 0 0 0 0 0 0 0 0 0 0 0 0 0 0 0 0 0 0 0 0 0 0 0 0 0 0 0 0
0 0 0 0 0 0 0 0 0 0 0 0 0 0 0 0 0 0 0 0 0 0 0 0 0 0 0 0 0 0 0 0 0 0 0 0
0 0 0 0 0 0 0 0 0 0 0 0 0 0 0 0 0 0 0 0 0 0 0 0 0 0 0 0 0 0 0 0 0 0 0 0
0 0 0 0 0 0 0 0 0 0 0 0 0 0 0 0 0 0 0 0 0
##$SHL_SFCOEFFS14= (0..200)
0 0 0 0 0 0 0 0 0 0 0 0 0 0 0 0 0 0 0 0 0 0 0 0 0 0 0 0 0 0 0 0 0 0 0 0
0 0 0 0 0 0 0 0 0 0 0 0 0 0 0 0 0 0 0 0 0 0 0 0 0 0 0 0 0 0 0 0 0 0 0 0
0 0 0 0 0 0 0 0 0 0 0 0 0 0 0 0 0 0 0 0 0 0 0 0 0 0 0 0 0 0 0 0 0 0 0 0
0 0 0 0 0 0 0 0 0 0 0 0 0 0 0 0 0 0 0 0 0 0 0 0 0 0 0 0 0 0 0 0 0 0 0 0
0 0 0 0 0 0 0 0 0 0 0 0 0 0 0 0 0 0 0 0 0 0 0 0 0 0 0 0 0 0 0 0 0 0 0 0
0 0 0 0 0 0 0 0 0 0 0 0 0 0 0 0 0 0 0 0 0
##$SHL_SFCOEFFS15= (0..200)
0 0 0 0 0 0 0 0 0 0 0 0 0 0 0 0 0 0 0 0 0 0 0 0 0 0 0 0 0 0 0 0 0 0 0 0
0 0 0 0 0 0 0 0 0 0 0 0 0 0 0 0 0 0 0 0 0 0 0 0 0 0 0 0 0 0 0 0 0 0 0 0
0 0 0 0 0 0 0 0 0 0 0 0 0 0 0 0 0 0 0 0 0 0 0 0 0 0 0 0 0 0 0 0 0 0 0 0
0 0 0 0 0 0 0 0 0 0 0 0 0 0 0 0 0 0 0 0 0 0 0 0 0 0 0 0 0 0 0 0 0 0 0 0
0 0 0 0 0 0 0 0 0 0 0 0 0 0 0 0 0 0 0 0 0 0 0 0 0 0 0 0 0 0 0 0 0 0 0 0
0 0 0 0 0 0 0 0 0 0 0 0 0 0 0 0 0 0 0 0 0
##$SHL_SFCOEFFS2= (0..200)
0 0 0 0 0 0 0 0 0 0 0 0 0 0 0 0 0 0 0 0 0 0 0 0 0 0 0 0 0 0 0 0 0 0 0 0
0 0 0 0 0 0 0 0 0 0 0 0 0 0 0 0 0 0 0 0 0 0 0 0 0 0 0 0 0 0 0 0 0 0 0 0
0 0 0 0 0 0 0 0 0 0 0 0 0 0 0 0 0 0 0 0 0 0 0 0 0 0 0 0 0 0 0 0 0 0 0 0
0 0 0 0 0 0 0 0 0 0 0 0 0 0 0 0 0 0 0 0 0 0 0 0 0 0 0 0 0 0 0 0 0 0 0 0
0 0 0 0 0 0 0 0 0 0 0 0 0 0 0 0 0 0 0 0 0 0 0 0 0 0 0 0 0 0 0 0 0 0 0 0
0 0 0 0 0 0 0 0 0 0 0 0 0 0 0 0 0 0 0 0 0
##$SHL_SFCOEFFS3= (0..200)
0 0 0 0 0 0 0 0 0 0 0 0 0 0 0 0 0 0 0 0 0 0 0 0 0 0 0 0 0 0 0 0 0 0 0 0
0 0 0 0 0 0 0 0 0 0 0 0 0 0 0 0 0 0 0 0 0 0 0 0 0 0 0 0 0 0 0 0 0 0 0 0
0 0 0 0 0 0 0 0 0 0 0 0 0 0 0 0 0 0 0 0 0 0 0 0 0 0 0 0 0 0 0 0 0 0 0 0
0 0 0 0 0 0 0 0 0 0 0 0 0 0 0 0 0 0 0 0 0 0 0 0 0 0 0 0 0 0 0 0 0 0 0 0
0 0 0 0 0 0 0 0 0 0 0 0 0 0 0 0 0 0 0 0 0 0 0 0 0 0 0 0 0 0 0 0 0 0 0 0
0 0 0 0 0 0 0 0 0 0 0 0 0 0 0 0 0 0 0 0 0
##$SHL_SFCOEFFS4= (0..200)
0 0 0 0 0 0 0 0 0 0 0 0 0 0 0 0 0 0 0 0 0 0 0 0 0 0 0 0 0 0 0 0 0 0 0 0
0 0 0 0 0 0 0 0 0 0 0 0 0 0 0 0 0 0 0 0 0 0 0 0 0 0 0 0 0 0 0 0 0 0 0 0
0 0 0 0 0 0 0 0 0 0 0 0 0 0 0 0 0 0 0 0 0 0 0 0 0 0 0 0 0 0 0 0 0 0 0 0
0 0 0 0 0 0 0 0 0 0 0 0 0 0 0 0 0 0 0 0 0 0 0 0 0 0 0 0 0 0 0 0 0 0 0 0
0 0 0 0 0 0 0 0 0 0 0 0 0 0 0 0 0 0 0 0 0 0 0 0 0 0 0 0 0 0 0 0 0 0 0 0
0 0 0 0 0 0 0 0 0 0 0 0 0 0 0 0 0 0 0 0 0
##$SHL_SFCOEFFS5= (0..200)
0 0 0 0 0 0 0 0 0 0 0 0 0 0 0 0 0 0 0 0 0 0 0 0 0 0 0 0 0 0 0 0 0 0 0 0
0 0 0 0 0 0 0 0 0 0 0 0 0 0 0 0 0 0 0 0 0 0 0 0 0 0 0 0 0 0 0 0 0 0 0 0
0 0 0 0 0 0 0 0 0 0 0 0 0 0 0 0 0 0 0 0 0 0 0 0 0 0 0 0 0 0 0 0 0 0 0 0
0 0 0 0 0 0 0 0 0 0 0 0 0 0 0 0 0 0 0 0 0 0 0 0 0 0 0 0 0 0 0 0 0 0 0 0
0 0 0 0 0 0 0 0 0 0 0 0 0 0 0 0 0 0 0 0 0 0 0 0 0 0 0 0 0 0 0 0 0 0 0 0
0 0 0 0 0 0 0 0 0 0 0 0 0 0 0 0 0 0 0 0 0
##$SHL_SFCOEFFS6= (0..200)
0 0 0 0 0 0 0 0 0 0 0 0 0 0 0 0 0 0 0 0 0 0 0 0 0 0 0 0 0 0 0 0 0 0 0 0
0 0 0 0 0 0 0 0 0 0 0 0 0 0 0 0 0 0 0 0 0 0 0 0 0 0 0 0 0 0 0 0 0 0 0 0
0 0 0 0 0 0 0 0 0 0 0 0 0 0 0 0 0 0 0 0 0 0 0 0 0 0 0 0 0 0 0 0 0 0 0 0
0 0 0 0 0 0 0 0 0 0 0 0 0 0 0 0 0 0 0 0 0 0 0 0 0 0 0 0 0 0 0 0 0 0 0 0
0 0 0 0 0 0 0 0 0 0 0 0 0 0 0 0 0 0 0 0 0 0 0 0 0 0 0 0 0 0 0 0 0 0 0 0
0 0 0 0 0 0 0 0 0 0 0 0 0 0 0 0 0 0 0 0 0
##$SHL_SFCOEFFS7= (0..200)
0 0 0 0 0 0 0 0 0 0 0 0 0 0 0 0 0 0 0 0 0 0 0 0 0 0 0 0 0 0 0 0 0 0 0 0
0 0 0 0 0 0 0 0 0 0 0 0 0 0 0 0 0 0 0 0 0 0 0 0 0 0 0 0 0 0 0 0 0 0 0 0
0 0 0 0 0 0 0 0 0 0 0 0 0 0 0 0 0 0 0 0 0 0 0 0 0 0 0 0 0 0 0 0 0 0 0 0
0 0 0 0 0 0 0 0 0 0 0 0 0 0 0 0 0 0 0 0 0 0 0 0 0 0 0 0 0 0 0 0 0 0 0 0
0 0 0 0 0 0 0 0 0 0 0 0 0 0 0 0 0 0 0 0 0 0 0 0 0 0 0 0 0 0 0 0 0 0 0 0
0 0 0 0 0 0 0 0 0 0 0 0 0 0 0 0 0 0 0 0 0
##$SHL_SFCOEFFS8= (0..200)
0 0 0 0 0 0 0 0 0 0 0 0 0 0 0 0 0 0 0 0 0 0 0 0 0 0 0 0 0 0 0 0 0 0 0 0
0 0 0 0 0 0 0 0 0 0 0 0 0 0 0 0 0 0 0 0 0 0 0 0 0 0 0 0 0 0 0 0 0 0 0 0
0 0 0 0 0 0 0 0 0 0 0 0 0 0 0 0 0 0 0 0 0 0 0 0 0 0 0 0 0 0 0 0 0 0 0 0
0 0 0 0 0 0 0 0 0 0 0 0 0 0 0 0 0 0 0 0 0 0 0 0 0 0 0 0 0 0 0 0 0 0 0 0
0 0 0 0 0 0 0 0 0 0 0 0 0 0 0 0 0 0 0 0 0 0 0 0 0 0 0 0 0 0 0 0 0 0 0 0
0 0 0 0 0 0 0 0 0 0 0 0 0 0 0 0 0 0 0 0 0
##$SHL_SFCOEFFS9= (0..200)
0 0 0 0 0 0 0 0 0 0 0 0 0 0 0 0 0 0 0 0 0 0 0 0 0 0 0 0 0 0 0 0 0 0 0 0
0 0 0 0 0 0 0 0 0 0 0 0 0 0 0 0 0 0 0 0 0 0 0 0 0 0 0 0 0 0 0 0 0 0 0 0
0 0 0 0 0 0 0 0 0 0 0 0 0 0 0 0 0 0 0 0 0 0 0 0 0 0 0 0 0 0 0 0 0 0 0 0
0 0 0 0 0 0 0 0 0 0 0 0 0 0 0 0 0 0 0 0 0 0 0 0 0 0 0 0 0 0 0 0 0 0 0 0
0 0 0 0 0 0 0 0 0 0 0 0 0 0 0 0 0 0 0 0 0 0 0 0 0 0 0 0 0 0 0 0 0 0 0 0
0 0 0 0 0 0 0 0 0 0 0 0 0 0 0 0 0 0 0 0 0
##$SHL_SMOOTHED= (0..15)
0 0 0 0 0 0 0 0 0 0 0 0 0 0 0 0
##$SHL_SMOOTHING= (0..15)
0 0 0 0 0 0 0 0 0 0 0 0 0 0 0 0
##$SHL_SPOAL= (0..15)
0 0 0 0 0 0 0 0 0 0 0 0 0 0 0 0
##$SHL_SPOFFS= (0..15)
0 0 0 0 0 0 0 0 0 0 0 0 0 0 0 0
##$SHL_SPOPH= (0..15)
0 0 0 0 0 0 0 0 0 0 0 0 0 0 0 0
##$SHL_STARTAMP= (0..15)
0 0 0 0 0 0 0 0 0 0 0 0 0 0 0 0
##$SHL_SW= (0..15)
0 0 0 0 0 0 0 0 0 0 0 0 0 0 0 0
##$SHL_SWDIR= (0..15)
-1 -1 -1 -1 -1 -1 -1 -1 -1 -1 -1 -1 -1 -1 -1 -1
##$SHL_TANKAPPA= (0..15)
0 0 0 0 0 0 0 0 0 0 0 0 0 0 0 0
##$SHL_TOTROT= (0..15)
90 0 0 0 0 0 0 0 0 0 0 0 0 0 0 0
##$SHL_TRUNCLEV= (0..15)
0 0 0 0 0 0 0 0 0 0 0 0 0 0 0 0
##$SHL_TYPE= (0..15)
<Excitation> <> <> <> <> <> <> <> <> <> <> <> <> <> <> <>
##$SHL_WINDOWSIZE= (0..15)
0 0 0 0 0 0 0 0 0 0 0 0 0 0 0 0
##$SHL_ZETA= (0..15)
0 0 0 0 0 0 0 0 0 0 0 0 0 0 0 0
##NPOINTS= 1250
##XYPOINTS= (XY..XY)
72.534292, 118.307516
72.075188, 119.818725
71.613243, 121.329478
71.148490, 122.839765
70.680965, 124.349575
70.210703, 125.858900
69.737737, 127.367729
69.262105, 128.876050
68.783840, 130.383854
68.302979, 131.891129
67.819557, 133.397863
67.333611, 134.904044
66.845177, 136.409660
66.354291, 137.914697
65.860990, 139.419142
65.365311, 140.922982
64.867292, 142.426202
64.366968, 143.928787
63.864378, 145.430722
63.359559, 146.931991
62.852549, 148.432578
62.343386, 149.932466
61.832109, 151.431636
61.318755, 152.930071
60.803363, 154.427752
60.285973, 155.924659
59.766622, 157.420772
59.245350, 158.916070
58.722197, 160.410530
58.197201, 161.904130
57.670402, 163.396846
57.141841, 164.888655
56.611556, 166.379529
56.079588, 167.869443
55.545978, 169.358369
55.010766, 170.846279
54.473992, 172.333142
53.935697, 173.818927
53.395922, 175.303602
52.854709, 176.787134
52.312098, 178.269487
51.768132, 179.750625
51.222850, 181.230509
50.676297, 182.709100
50.128512, 184.186355
49.579539, 185.662232
49.029420, 187.136685
48.478196, 188.609666
47.925912, 190.081127
47.372609, 191.551014
46.818330, 193.019274
46.263119, 194.485850
45.707019, 195.950682
45.150074, 197.413708
44.592326, 198.874861
44.033821, 200.334074
43.474601, 201.791273
42.914712, 203.246383
42.354198, 204.699325
41.793104, 206.150013
41.231473, 207.598360
40.669353, 209.044273
40.106788, 210.487653
39.543823, 211.928397
38.980505, 213.366396
38.416880, 214.801534
37.852994, 216.233689
37.288894, 217.662732
36.724627, 219.088528
36.160242, 220.510930
35.595784, 221.929787
35.031304, 223.344934
34.466849, 224.756200
33.902468, 226.163401
33.338212, 227.566341
32.774129, 228.964813
32.210272, 230.358594
31.646690, 231.747448
31.083436, 233.131122
30.520562, 234.509347
29.958122, 235.881833
29.396169, 237.248270
28.834759, 238.608326
28.273948, 239.961645
27.713792, 241.307842
27.154351, 242.646504
26.595682, 243.977186
26.037847, 245.299408
25.480909, 246.612649
24.924931, 247.916347
24.369980, 249.209892
23.816124, 250.492621
23.263432, 251.763814
22.711978, 253.022687
22.161838, 254.268383
21.613092, 255.499967
21.065820, 256.716411
20.520111, 257.916593
19.976056, 259.099274
19.433752, 260.263093
18.893300, 261.406544
18.354809, 262.527964
17.818398, 263.625505
17.284190, 264.697117
16.752322, 265.740512
16.222939, 266.753136
15.696202, 267.732128
15.172286, 268.674276
14.651384, 269.575962
14.133709, 270.433100
13.619499, 271.241066
13.109020, 271.994606
12.602572, 272.687737
12.100494, 273.313626
11.603173, 273.864445
11.111051, 274.331207
10.624638, 274.703566
10.144527, 274.969589
9.671406, 275.115489
9.206085, 275.125329
8.749514, 274.980684
8.302822, 274.660299
7.867348, 274.139745
7.444688, 273.391145
7.036748, 272.383051
6.645802, 271.080639
6.274552, 269.446440
5.926187, 267.441974
5.604422, 265.030714
5.313493, 262.182858
5.058085, 258.882182
4.843139, 255.134674
4.673523, 250.977505
4.553555, 246.485465
4.486443, 241.771098
4.473780, 236.975713
4.515229, 232.251868
4.608542, 227.742175
4.749886, 223.561360
4.934379, 219.786682
5.156657, 216.457546
5.411357, 213.581651
5.693448, 211.143909
5.998412, 209.115151
6.322311, 207.459112
6.661781, 206.137332
7.013983, 205.112218
7.376538, 204.348750
7.747459, 203.815256
8.125086, 203.483636
8.508032, 203.329250
8.895133, 203.330651
9.285408, 203.469249
9.678029, 203.728957
10.072291, 204.095864
10.467592, 204.557926
10.863413, 205.104706
11.259308, 205.727136
11.654888, 206.417321
12.049814, 207.168371
12.443788, 207.974252
12.836548, 208.829669
13.227859, 209.729959
13.617514, 210.671006
14.005326, 211.649165
14.391128, 212.661200
14.774767, 213.704229
15.156106, 214.775681
15.535018, 215.873253
15.911389, 216.994880
16.285111, 218.138705
16.656087, 219.303051
17.024226, 220.486406
17.389443, 221.687399
17.751659, 222.904787
18.110800, 224.137437
18.466798, 225.384320
18.819585, 226.644494
19.169101, 227.917099
19.515287, 229.201347
19.858088, 230.496513
20.197450, 231.801934
20.533323, 233.116996
20.865659, 234.441134
21.194412, 235.773828
21.519537, 237.114594
21.840992, 238.462986
22.158737, 239.818590
22.472731, 241.181021
22.782938, 242.549921
23.089319, 243.924958
23.391840, 245.305820
23.690467, 246.692220
23.985166, 248.083886
24.275905, 249.480565
24.562653, 250.882022
24.845379, 252.288034
25.124054, 253.698394
25.398650, 255.112906
25.669138, 256.531388
25.935491, 257.953667
26.197683, 259.379581
26.455688, 260.808977
26.709481, 262.241711
26.959038, 263.677649
27.204335, 265.116660
27.445348, 266.558625
27.682056, 268.003430
27.914436, 269.450965
28.142467, 270.901129
28.366127, 272.353824
28.585398, 273.808959
28.800257, 275.266446
29.010687, 276.726204
29.216668, 278.188153
29.418182, 279.652219
29.615212, 281.118332
29.807739, 282.586423
29.995747, 284.056430
30.179219, 285.528292
30.358139, 287.001950
30.532492, 288.477349
30.702262, 289.954438
30.867435, 291.433166
31.027997, 292.913486
31.183934, 294.395352
31.335231, 295.878721
31.481877, 297.363553
31.623859, 298.849807
31.761164, 300.337447
31.893781, 301.826436
32.021699, 303.316741
32.144906, 304.808330
32.263392, 306.301171
32.377147, 307.795234
32.486161, 309.290493
32.590425, 310.786919
32.689930, 312.284488
32.784668, 313.783176
32.874630, 315.282958
32.959809, 316.783813
33.040197, 318.285720
33.115788, 319.788659
33.186574, 321.292611
33.252550, 322.797558
33.313711, 324.303483
33.370049, 325.810370
33.421562, 327.318203
33.468243, 328.826969
33.510089, 330.336653
33.547097, 331.847243
33.579262, 333.358726
33.606581, 334.871091
33.629052, 336.384328
33.646672, 337.898427
33.659441, 339.413379
33.667355, 340.929174
33.670414, 342.445806
33.668618, 343.963267
33.661965, 345.481551
33.650456, 347.000652
33.634091, 348.520564
33.612870, 350.041283
33.586796, 351.562806
33.555870, 353.085129
33.520092, 354.608249
33.479467, 356.132164
33.433995, 357.656873
33.383681, 359.182375
33.328528, 0.708669
33.268538, 2.235757
33.203718, 3.763640
33.134070, 5.292319
33.059600, 6.821796
32.980314, 8.352075
32.896216, 9.883160
32.807313, 11.415054
32.713611, 12.947763
32.615117, 14.481294
32.511837, 16.015652
32.403781, 17.550844
32.290954, 19.086880
32.173366, 20.623767
32.051025, 22.161516
31.923941, 23.700138
31.792121, 25.239643
31.655577, 26.780044
31.514318, 28.321354
31.368354, 29.863588
31.217697, 31.406761
31.062358, 32.950890
30.902348, 34.495992
30.737678, 36.042085
30.568363, 37.589190
30.394413, 39.137327
30.215842, 40.686520
30.032664, 42.236792
29.844892, 43.788169
29.652540, 45.340677
29.455623, 46.894346
29.254156, 48.449205
29.048154, 50.005287
28.837633, 51.562626
28.622608, 53.121258
28.403097, 54.681222
28.179115, 56.242559
27.950680, 57.805311
27.717810, 59.369524
27.480522, 60.935248
27.238835, 62.502534
26.992768, 64.071436
26.742339, 65.642013
26.487568, 67.214327
26.228475, 68.788444
25.965080, 70.364434
25.697404, 71.942371
25.425468, 73.522336
25.149293, 75.104411
24.868902, 76.688689
24.584316, 78.275266
24.295560, 79.864243
24.002655, 81.455733
23.705626, 83.049852
23.404496, 84.646727
23.099292, 86.246494
22.790037, 87.849297
22.476757, 89.455294
22.159480, 91.064652
21.838230, 92.677553
21.513037, 94.294191
21.183928, 95.914779
20.850931, 97.539543
20.514076, 99.168731
20.173393, 100.802611
19.828913, 102.441474
19.480666, 104.085637
19.128686, 105.735444
18.773006, 107.391272
18.413659, 109.053534
18.050682, 110.722680
17.684111, 112.399207
17.313983, 114.083661
16.940338, 115.776643
16.563216, 117.478819
16.182660, 119.190927
15.798714, 120.913786
15.411424, 122.648310
15.020840, 124.395520
14.627012, 126.156559
14.229996, 127.932715
13.829849, 129.725440
13.426634, 131.536378
13.020419, 133.367398
12.611275, 135.220633
12.199282, 137.098530
11.784528, 139.003904
11.367107, 140.940015
10.947129, 142.910654
10.524712, 144.920255
10.099996, 146.974038
9.673136, 149.078181
9.244314, 151.240054
8.813745, 153.468509
8.381680, 155.774259
7.948424, 158.170390
7.514343, 160.673021
7.079893, 163.302208
6.645640, 166.083159
6.212306, 169.047913
5.780820, 172.237650
5.352405, 175.705906
4.928696, 179.523062
4.511920, 183.782523
4.105170, 188.608986
3.712817, 194.168670
3.341119, 200.679463
2.999066, 208.413446
2.699382, 217.671568
2.459161, 228.690225
2.298765, 241.440033
2.237095, 255.383336
2.283765, 269.472025
2.434021, 282.586496
2.671760, 294.047552
2.977256, 303.720876
3.332950, 311.800646
3.725391, 318.584368
4.144947, 324.355302
4.584886, 329.344950
5.040503, 333.731332
5.508474, 337.648304
5.986410, 341.196074
6.472564, 344.450010
6.965635, 347.467298
7.464631, 350.291801
7.968788, 352.957550
8.477504, 355.491250
8.990298, 357.914090
9.506778, 0.243060
10.026623, 2.491916
10.549563, 4.671903
11.075371, 6.792289
11.603850, 8.860775
12.134831, 10.883811
12.668166, 12.866831
13.203721, 14.814449
13.741378, 16.730602
14.281029, 18.618673
14.822577, 20.481579
15.365930, 22.321851
15.911005, 24.141695
16.457723, 25.943042
17.006009, 27.727590
17.555794, 29.496834
18.107010, 31.252102
18.659595, 32.994571
19.213486, 34.725292
19.768623, 36.445204
20.324950, 38.155150
20.882411, 39.855888
21.440950, 41.548101
22.000515, 43.232408
22.561053, 44.909368
23.122514, 46.579490
23.684846, 48.243239
24.248001, 49.901036
24.811928, 51.553268
25.376580, 53.200288
25.941909, 54.842423
26.507868, 56.479970
27.074409, 58.113204
27.641486, 59.742379
28.209052, 61.367729
28.777063, 62.989471
29.345471, 64.607807
29.914232, 66.222921
30.483300, 67.834988
31.052632, 69.444168
31.622181, 71.050612
32.191903, 72.654459
32.761754, 74.255841
33.331691, 75.854879
33.901667, 77.451687
34.471641, 79.046373
35.041568, 80.639038
35.611404, 82.229775
36.181106, 83.818672
36.750631, 85.405815
37.319934, 86.991279
37.888974, 88.575141
38.457707, 90.157469
39.026089, 91.738329
39.594079, 93.317783
40.161632, 94.895890
40.728707, 96.472706
41.295261, 98.048283
41.861252, 99.622670
42.426636, 101.195916
42.991372, 102.768065
43.555418, 104.339160
44.118730, 105.909240
44.681269, 107.478345
45.242990, 109.046511
45.803853, 110.613772
46.363815, 112.180163
46.922836, 113.745714
47.480873, 115.310455
48.037885, 116.874416
48.593830, 118.437624
49.148668, 120.000104
49.702358, 121.561883
50.254857, 123.122983
50.806126, 124.683428
51.356123, 126.243239
51.904808, 127.802438
52.452140, 129.361044
52.998079, 130.919078
53.542584, 132.476556
54.085616, 134.033498
54.627133, 135.589919
55.167096, 137.145837
55.705465, 138.701266
56.242200, 140.256222
56.777263, 141.810720
57.310612, 143.364772
57.842209, 144.918393
58.372016, 146.471596
58.899991, 148.024392
59.426098, 149.576794
59.950296, 151.128812
60.472548, 152.680459
60.992815, 154.231745
61.511058, 155.782679
62.027240, 157.333273
62.541322, 158.883535
63.053266, 160.433474
63.563036, 161.983100
64.070593, 163.532422
64.575899, 165.081446
65.078919, 166.630183
65.579615, 168.178638
66.077949, 169.726820
66.573886, 171.274737
67.067389, 172.822394
67.558422, 174.369799
68.046948, 175.916958
68.532931, 177.463878
69.016337, 179.010565
69.497129, 180.557025
69.975272, 182.103264
70.450730, 183.649286
70.923470, 185.195099
71.393456, 186.740706
71.860654, 188.286114
72.325029, 189.831326
72.786547, 191.376349
73.245175, 192.921186
73.700878, 194.465841
74.153624, 196.010321
74.603379, 197.554628
75.050109, 199.098767
75.493783, 200.642742
75.934367, 202.186557
76.371829, 203.730215
76.806138, 205.273721
77.237261, 206.817078
77.665166, 208.360290
78.089823, 209.903359
78.511199, 211.446290
78.929265, 212.989086
79.343989, 214.531749
79.755341, 216.074282
80.163291, 217.616690
80.567808, 219.158974
80.968864, 220.701138
81.366428, 222.243184
81.760472, 223.785116
82.150967, 225.326935
82.537884, 226.868644
82.921194, 228.410246
83.300869, 229.951743
83.676883, 231.493137
84.049206, 233.034432
84.417812, 234.575629
84.782673, 236.116730
85.143764, 237.657738
85.501057, 239.198655
85.854526, 240.739483
86.204146, 242.280223
86.549890, 243.820878
86.891733, 245.361451
87.229651, 246.901941
87.563617, 248.442353
87.893609, 249.982687
88.219602, 251.522945
88.541571, 253.063128
88.859494, 254.603240
89.173347, 256.143281
89.483106, 257.683253
89.788749, 259.223157
90.090255, 260.762995
90.387600, 262.302770
90.680762, 263.842481
90.969721, 265.382131
91.254455, 266.921721
91.534944, 268.461253
91.811166, 270.000727
92.083101, 271.540146
92.350730, 273.079511
92.614033, 274.618823
92.872991, 276.158083
93.127584, 277.697292
93.377794, 279.236453
93.623602, 280.775565
93.864991, 282.314631
94.101943, 283.853652
94.334440, 285.392628
94.562466, 286.931561
94.786003, 288.470452
95.005036, 290.009302
95.219548, 291.548113
95.429523, 293.086884
95.634947, 294.625619
95.835804, 296.164316
96.032079, 297.702978
96.223757, 299.241606
96.410826, 300.780200
96.593271, 302.318762
96.771079, 303.857293
96.944237, 305.395793
97.112731, 306.934263
97.276551, 308.472705
97.435683, 310.011119
97.590116, 311.549507
97.739839, 313.087869
97.884841, 314.626206
98.025111, 316.164519
98.160638, 317.702810
98.291414, 319.241078
98.417428, 320.779324
98.538670, 322.317551
98.655134, 323.855757
98.766808, 325.393946
98.873687, 326.932116
98.975760, 328.470269
99.073022, 330.008406
99.165465, 331.546528
99.253083, 333.084635
99.335868, 334.622729
99.413815, 336.160809
99.486918, 337.698878
99.555171, 339.236935
99.618570, 340.774982
99.677111, 342.313019
99.730788, 343.851047
99.779597, 345.389067
99.823536, 346.927079
99.862601, 348.465085
99.896790, 350.003086
99.926098, 351.541081
99.950526, 353.079072
99.970070, 354.617060
99.984729, 356.155045
99.994502, 357.693027
99.999389, 359.231009
99.999389, 0.768991
99.994502, 2.306973
99.984729, 3.844955
99.970070, 5.382940
99.950526, 6.920928
99.926098, 8.458919
99.896790, 9.996914
99.862601, 11.534915
99.823536, 13.072921
99.779597, 14.610933
99.730788, 16.148953
99.677111, 17.686981
99.618570, 19.225018
99.555171, 20.763065
99.486918, 22.301122
99.413815, 23.839191
99.335868, 25.377271
99.253083, 26.915365
99.165465, 28.453472
99.073022, 29.991594
98.975760, 31.529731
98.873687, 33.067884
98.766808, 34.606054
98.655134, 36.144243
98.538670, 37.682449
98.417428, 39.220676
98.291414, 40.758922
98.160638, 42.297190
98.025111, 43.835481
97.884841, 45.373794
97.739839, 46.912131
97.590116, 48.450493
97.435683, 49.988881
97.276551, 51.527295
97.112731, 53.065737
96.944237, 54.604207
96.771079, 56.142707
96.593271, 57.681238
96.410826, 59.219800
96.223757, 60.758394
96.032079, 62.297022
95.835804, 63.835684
95.634947, 65.374381
95.429523, 66.913116
95.219548, 68.451887
95.005036, 69.990698
94.786003, 71.529548
94.562466, 73.068439
94.334440, 74.607372
94.101943, 76.146348
93.864991, 77.685369
93.623602, 79.224435
93.377794, 80.763547
93.127584, 82.302708
92.872991, 83.841917
92.614033, 85.381177
92.350730, 86.920489
92.083101, 88.459854
91.811166, 89.999273
91.534944, 91.538747
91.254455, 93.078279
90.969721, 94.617869
90.680762, 96.157519
90.387600, 97.697230
90.090255, 99.237005
89.788749, 100.776843
89.483106, 102.316747
89.173347, 103.856719
88.859494, 105.396760
88.541571, 106.936872
88.219602, 108.477055
87.893609, 110.017313
87.563617, 111.557647
87.229651, 113.098059
86.891733, 114.638549
86.549890, 116.179122
86.204146, 117.719777
85.854526, 119.260517
85.501057, 120.801345
85.143764, 122.342262
84.782673, 123.883270
84.417812, 125.424371
84.049206, 126.965568
83.676883, 128.506863
83.300869, 130.048257
82.921194, 131.589754
82.537884, 133.131356
82.150967, 134.673065
81.760472, 136.214884
81.366428, 137.756816
80.968864, 139.298862
80.567808, 140.841026
80.163291, 142.383310
79.755341, 143.925718
79.343989, 145.468251
78.929265, 147.010914
78.511199, 148.553710
78.089823, 150.096641
77.665166, 151.639710
77.237261, 153.182922
76.806138, 154.726279
76.371829, 156.269785
75.934367, 157.813443
75.493783, 159.357258
75.050109, 160.901233
74.603379, 162.445372
74.153624, 163.989679
73.700878, 165.534159
73.245175, 167.078814
72.786547, 168.623651
72.325029, 170.168674
71.860654, 171.713886
71.393456, 173.259294
70.923470, 174.804901
70.450730, 176.350714
69.975272, 177.896736
69.497129, 179.442975
69.016337, 180.989435
68.532931, 182.536122
68.046948, 184.083042
67.558422, 185.630201
67.067389, 187.177606
66.573886, 188.725263
66.077949, 190.273180
65.579615, 191.821362
65.078919, 193.369817
64.575899, 194.918554
64.070593, 196.467578
63.563036, 198.016900
63.053266, 199.566526
62.541322, 201.116465
62.027240, 202.666727
61.511058, 204.217321
60.992815, 205.768255
60.472548, 207.319541
59.950296, 208.871188
59.426098, 210.423206
58.899991, 211.975608
58.372016, 213.528404
57.842209, 215.081607
57.310612, 216.635228
56.777263, 218.189280
56.242200, 219.743778
55.705465, 221.298734
55.167096, 222.854163
54.627133, 224.410081
54.085616, 225.966502
53.542584, 227.523444
52.998079, 229.080922
52.452140, 230.638956
51.904808, 232.197562
51.356123, 233.756761
50.806126, 235.316572
50.254857, 236.877017
49.702358, 238.438117
49.148668, 239.999896
48.593830, 241.562376
48.037885, 243.125584
47.480873, 244.689545
46.922836, 246.254286
46.363815, 247.819837
45.803853, 249.386228
45.242990, 250.953489
44.681269, 252.521655
44.118730, 254.090760
43.555418, 255.660840
42.991372, 257.231935
42.426636, 258.804084
41.861252, 260.377330
41.295261, 261.951717
40.728707, 263.527294
40.161632, 265.104110
39.594079, 266.682217
39.026089, 268.261671
38.457707, 269.842531
37.888974, 271.424859
37.319934, 273.008721
36.750631, 274.594185
36.181106, 276.181328
35.611404, 277.770225
35.041568, 279.360962
34.471641, 280.953627
33.901667, 282.548313
33.331691, 284.145121
32.761754, 285.744159
32.191903, 287.345541
31.622181, 288.949388
31.052632, 290.555832
30.483300, 292.165012
29.914232, 293.777079
29.345471, 295.392193
28.777063, 297.010529
28.209052, 298.632271
27.641486, 300.257621
27.074409, 301.886796
26.507868, 303.520030
25.941909, 305.157577
25.376580, 306.799712
24.811928, 308.446732
24.248001, 310.098964
23.684846, 311.756761
23.122514, 313.420510
22.561053, 315.090632
22.000515, 316.767592
21.440950, 318.451899
20.882411, 320.144112
20.324950, 321.844850
19.768623, 323.554796
19.213486, 325.274708
18.659595, 327.005429
18.107010, 328.747898
17.555794, 330.503166
17.006009, 332.272410
16.457723, 334.056958
15.911005, 335.858305
15.365930, 337.678149
14.822577, 339.518421
14.281029, 341.381327
13.741378, 343.269398
13.203721, 345.185551
12.668166, 347.133169
12.134831, 349.116189
11.603850, 351.139225
11.075371, 353.207711
10.549563, 355.328097
10.026623, 357.508084
9.506778, 359.756940
8.990298, 2.085910
8.477504, 4.508750
7.968788, 7.042450
7.464631, 9.708199
6.965635, 12.532702
6.472564, 15.549990
5.986410, 18.803926
5.508474, 22.351696
5.040503, 26.268668
4.584886, 30.655050
4.144947, 35.644698
3.725391, 41.415632
3.332950, 48.199354
2.977256, 56.279124
2.671760, 65.952448
2.434021, 77.413504
2.283765, 90.527975
2.237095, 104.616664
2.298765, 118.559967
2.459161, 131.309775
2.699382, 142.328432
2.999066, 151.586554
3.341119, 159.320537
3.712817, 165.831330
4.105170, 171.391014
4.511920, 176.217477
4.928696, 180.476938
5.352405, 184.294094
5.780820, 187.762350
6.212306, 190.952087
6.645640, 193.916841
7.079893, 196.697792
7.514343, 199.326979
7.948424, 201.829610
8.381680, 204.225741
8.813745, 206.531491
9.244314, 208.759946
9.673136, 210.921819
10.099996, 213.025962
10.524712, 215.079745
10.947129, 217.089346
11.367107, 219.059985
11.784528, 220.996096
12.199282, 222.901470
12.611275, 224.779367
13.020419, 226.632602
13.426634, 228.463622
13.829849, 230.274560
14.229996, 232.067285
14.627012, 233.843441
15.020840, 235.604480
15.411424, 237.351690
15.798714, 239.086214
16.182660, 240.809073
16.563216, 242.521181
16.940338, 244.223357
17.313983, 245.916339
17.684111, 247.600793
18.050682, 249.277320
18.413659, 250.946466
18.773006, 252.608728
19.128686, 254.264556
19.480666, 255.914363
19.828913, 257.558526
20.173393, 259.197389
20.514076, 260.831269
20.850931, 262.460457
21.183928, 264.085221
21.513037, 265.705809
21.838230, 267.322447
22.159480, 268.935348
22.476757, 270.544706
22.790037, 272.150703
23.099292, 273.753506
23.404496, 275.353273
23.705626, 276.950148
24.002655, 278.544267
24.295560, 280.135757
24.584316, 281.724734
24.868902, 283.311311
25.149293, 284.895589
25.425468, 286.477664
25.697404, 288.057629
25.965080, 289.635566
26.228475, 291.211556
26.487568, 292.785673
26.742339, 294.357987
26.992768, 295.928564
27.238835, 297.497466
27.480522, 299.064752
27.717810, 300.630476
27.950680, 302.194689
28.179115, 303.757441
28.403097, 305.318778
28.622608, 306.878742
28.837633, 308.437374
29.048154, 309.994713
29.254156, 311.550795
29.455623, 313.105654
29.652540, 314.659323
29.844892, 316.211831
30.032664, 317.763208
30.215842, 319.313480
30.394413, 320.862673
30.568363, 322.410810
30.737678, 323.957915
30.902348, 325.504008
31.062358, 327.049110
31.217697, 328.593239
31.368354, 330.136412
31.514318, 331.678646
31.655577, 333.219956
31.792121, 334.760357
31.923941, 336.299862
32.051025, 337.838484
32.173366, 339.376233
32.290954, 340.913120
32.403781, 342.449156
32.511837, 343.984348
32.615117, 345.518706
32.713611, 347.052237
32.807313, 348.584946
32.896216, 350.116840
32.980314, 351.647925
33.059600, 353.178204
33.134070, 354.707681
33.203718, 356.236360
33.268538, 357.764243
33.328528, 359.291331
33.383681, 0.817625
33.433995, 2.343127
33.479467, 3.867836
33.520092, 5.391751
33.555870, 6.914871
33.586796, 8.437194
33.612870, 9.958717
33.634091, 11.479436
33.650456, 12.999348
33.661965, 14.518449
33.668618, 16.036733
33.670414, 17.554194
33.667355, 19.070826
33.659441, 20.586621
33.646672, 22.101573
33.629052, 23.615672
33.606581, 25.128909
33.579262, 26.641274
33.547097, 28.152757
33.510089, 29.663347
33.468243, 31.173031
33.421562, 32.681797
33.370049, 34.189630
33.313711, 35.696517
33.252550, 37.202442
33.186574, 38.707389
33.115788, 40.211341
33.040197, 41.714280
32.959809, 43.216187
32.874630, 44.717042
32.784668, 46.216824
32.689930, 47.715512
32.590425, 49.213081
32.486161, 50.709507
32.377147, 52.204766
32.263392, 53.698829
32.144906, 55.191670
32.021699, 56.683259
31.893781, 58.173564
31.761164, 59.662553
31.623859, 61.150193
31.481877, 62.636447
31.335231, 64.121279
31.183934, 65.604648
31.027997, 67.086514
30.867435, 68.566834
30.702262, 70.045562
30.532492, 71.522651
30.358139, 72.998050
30.179219, 74.471708
29.995747, 75.943570
29.807739, 77.413577
29.615212, 78.881668
29.418182, 80.347781
29.216668, 81.811847
29.010687, 83.273796
28.800257, 84.733554
28.585398, 86.191041
28.366127, 87.646176
28.142467, 89.098871
27.914436, 90.549035
27.682056, 91.996570
27.445348, 93.441375
27.204335, 94.883340
26.959038, 96.322351
26.709481, 97.758289
26.455688, 99.191023
26.197683, 100.620419
25.935491, 102.046333
25.669138, 103.468612
25.398650, 104.887094
25.124054, 106.301606
24.845379, 107.711966
24.562653, 109.117978
24.275905, 110.519435
23.985166, 111.916114
23.690467, 113.307780
23.391840, 114.694180
23.089319, 116.075042
22.782938, 117.450079
22.472731, 118.818979
22.158737, 120.181410
21.840992, 121.537014
21.519537, 122.885406
21.194412, 124.226172
20.865659, 125.558866
20.533323, 126.883004
20.197450, 128.198066
19.858088, 129.503487
19.515287, 130.798653
19.169101, 132.082901
18.819585, 133.355506
18.466798, 134.615680
18.110800, 135.862563
17.751659, 137.095213
17.389443, 138.312601
17.024226, 139.513594
16.656087, 140.696949
16.285111, 141.861295
15.911389, 143.005120
15.535018, 144.126747
15.156106, 145.224319
14.774767, 146.295771
14.391128, 147.338800
14.005326, 148.350835
13.617514, 149.328994
13.227859, 150.270041
12.836548, 151.170331
12.443788, 152.025748
12.049814, 152.831629
11.654888, 153.582679
11.259308, 154.272864
10.863413, 154.895294
10.467592, 155.442074
10.072291, 155.904136
9.678029, 156.271043
9.285408, 156.530751
8.895133, 156.669349
8.508032, 156.670750
8.125086, 156.516364
7.747459, 156.184744
7.376538, 155.651250
7.013983, 154.887782
6.661781, 153.862668
6.322311, 152.540888
5.998412, 150.884849
5.693448, 148.856091
5.411357, 146.418349
5.156657, 143.542454
4.934379, 140.213318
4.749886, 136.438640
4.608542, 132.257825
4.515229, 127.748132
4.473780, 123.024287
4.486443, 118.228902
4.553555, 113.514535
4.673523, 109.022495
4.843139, 104.865326
5.058085, 101.117818
5.313493, 97.817142
5.604422, 94.969286
5.926187, 92.558026
6.274552, 90.553560
6.645802, 88.919361
7.036748, 87.616949
7.444688, 86.608855
7.867348, 85.860255
8.302822, 85.339701
8.749514, 85.019316
9.206085, 84.874671
9.671406, 84.884511
10.144527, 85.030411
10.624638, 85.296434
11.111051, 85.668793
11.603173, 86.135555
12.100494, 86.686374
12.602572, 87.312263
13.109020, 88.005394
13.619499, 88.758934
14.133709, 89.566900
14.651384, 90.424038
15.172286, 91.325724
15.696202, 92.267872
16.222939, 93.246864
16.752322, 94.259488
17.284190, 95.302883
17.818398, 96.374495
18.354809, 97.472036
18.893300, 98.593456
19.433752, 99.736907
19.976056, 100.900726
20.520111, 102.083407
21.065820, 103.283589
21.613092, 104.500033
22.161838, 105.731617
22.711978, 106.977313
23.263432, 108.236186
23.816124, 109.507379
24.369980, 110.790108
24.924931, 112.083653
25.480909, 113.387351
26.037847, 114.700592
26.595682, 116.022814
27.154351, 117.353496
27.713792, 118.692158
28.273948, 120.038355
28.834759, 121.391674
29.396169, 122.751730
29.958122, 124.118167
30.520562, 125.490653
31.083436, 126.868878
31.646690, 128.252552
32.210272, 129.641406
32.774129, 131.035187
33.338212, 132.433659
33.902468, 133.836599
34.466849, 135.243800
35.031304, 136.655066
35.595784, 138.070213
36.160242, 139.489070
36.724627, 140.911472
37.288894, 142.337268
37.852994, 143.766311
38.416880, 145.198466
38.980505, 146.633604
39.543823, 148.071603
40.106788, 149.512347
40.669353, 150.955727
41.231473, 152.401640
41.793104, 153.849987
42.354198, 155.300675
42.914712, 156.753617
43.474601, 158.208727
44.033821, 159.665926
44.592326, 161.125139
45.150074, 162.586292
45.707019, 164.049318
46.263119, 165.514150
46.818330, 166.980726
47.372609, 168.448986
47.925912, 169.918873
48.478196, 171.390334
49.029420, 172.863315
49.579539, 174.337768
50.128512, 175.813645
50.676297, 177.290900
51.222850, 178.769491
51.768132, 180.249375
52.312098, 181.730513
52.854709, 183.212866
53.395922, 184.696398
53.935697, 186.181073
54.473992, 187.666858
55.010766, 189.153721
55.545978, 190.641631
56.079588, 192.130557
56.611556, 193.620471
57.141841, 195.111345
57.670402, 196.603154
58.197201, 198.095870
58.722197, 199.589470
59.245350, 201.083930
59.766622, 202.579228
60.285973, 204.075341
60.803363, 205.572248
61.318755, 207.069929
61.832109, 208.568364
62.343386, 210.067534
62.852549, 211.567422
63.359559, 213.068009
63.864378, 214.569278
64.366968, 216.071213
64.867292, 217.573798
65.365311, 219.077018
65.860990, 220.580858
66.354291, 222.085303
66.845177, 223.590340
67.333611, 225.095956
67.819557, 226.602137
68.302979, 228.108871
68.783840, 229.616146
69.262105, 231.123950
69.737737, 232.632271
70.210703, 234.141100
70.680965, 235.650425
71.148490, 237.160235
71.613243, 238.670522
72.075188, 240.181275
72.534292, 241.692484
##END=
