##TITLE= Parameter file, TopSpin 4.3.0
##JCAMPDX= 5.0
##DATATYPE= Parameter Values
##ORIGIN= Bruker BioSpin GmbH
##OWNER= nmrsu
$$ 2024-05-23 11:23:42.770 +0100  nmrsu@4CE1161FJM
$$ C:/Bruker/TopSpin4.3.0/exp/stan/nmr/lists/wave/user/multisupp_aux_d8
$$ process C:\Bruker\TopSpin4.3.0\prog\mod\xwinshape.exe
##MINX= 0.41107900
##MAXX= 99.99666500
##MINY= 0.54502600
##MAXY= 359.45497400
##$SHAPE_ADDPHASE= 0
##$SHAPE_AMP= 99.99666547
##$SHAPE_BWFAC= 0
##$SHAPE_BWFAC50= 0
##$SHAPE_CALCBW= yes
##$SHAPE_CALCINTEG= yes
##$SHAPE_EXMODE= <Excitation>
##$SHAPE_EXPAND= <>
##$SHAPE_EXPANDCF= (0..143)
0 0 0 0 0 0 0 0 0 0 0 0 0 0 0 0 0 0 0 0 0 0 0 0 0 0 0 0 0 0 0 0 0 0 0 0
0 0 0 0 0 0 0 0 0 0 0 0 0 0 0 0 0 0 0 0 0 0 0 0 0 0 0 0 0 0 0 0 0 0 0 0
0 0 0 0 0 0 0 0 0 0 0 0 0 0 0 0 0 0 0 0 0 0 0 0 0 0 0 0 0 0 0 0 0 0 0 0
0 0 0 0 0 0 0 0 0 0 0 0 0 0 0 0 0 0 0 0 0 0 0 0 0 0 0 0 0 0 0 0 0 0 0 0
##$SHAPE_EXPFAC= 0
##$SHAPE_FRACEND= 0
##$SHAPE_FRACORG= 0
##$SHAPE_FRACSTART= 0
##$SHAPE_INTEGFAC= 0
##$SHAPE_KEEPRES= yes
##$SHAPE_LENGTH= 25000.000373
##$SHAPE_MAN= <M>
##$SHAPE_MODE= 4
##$SHAPE_MODFREQ= 0
##$SHAPE_MODPHASE= 0
##$SHAPE_MODSCALE= 0
##$SHAPE_MODSW= 0
##$SHAPE_MODSWDIR= -1
##$SHAPE_NPOINTS= 1250
##$SHAPE_OFFS= <1 4>
##$SHAPE_OFFSCOEFF= (0..95)
57.696655 0 100 -153.09996 0 100 -220.84372 0 100 -289.33363 0 100 0 0
0 0 0 0 0 0 0 0 0 0 0 0 0 0 0 0 0 0 0 0 0 0 0 0 0 0 0 0 0 0 0 0 0 0 0 0
0 0 0 0 0 0 0 0 0 0 0 0 0 0 0 0 0 0 0 0 0 0 0 0 0 0 0 0 0 0 0 0 0 0 0 0
0 0 0 0 0 0 0 0 0 0
##$SHAPE_PARAMETER= <>
##$SHAPE_REPHFAC= 0
##$SHAPE_RES= 0
##$SHAPE_SCALEFAC= 1.00003335
##$SHAPE_SCALETYPE= 0
##$SHAPE_SPOAL= 0
##$SHAPE_SPOFFS= 0
##$SHAPE_SPOPH= 0
##$SHAPE_TOTROT= 90
##$SHAPE_TYPE= <Excitation>
##$SHAPE_USER_DEF= <>
##$SHAPE_VERSION= 2.1
##$SHL_ADDPHASE= (0..15)
0 0 0 0 0 0 0 0 0 0 0 0 0 0 0 0
##$SHL_ALIGNOFFSET= (0..15)
0 0 0 0 0 0 0 0 0 0 0 0 0 0 0 0
##$SHL_AMP= (0..15)
100 0 0 0 0 0 0 0 0 0 0 0 0 0 0 0
##$SHL_AMPFAC= (0..15)
0 0 0 0 0 0 0 0 0 0 0 0 0 0 0 0
##$SHL_BETA= (0..15)
0 0 0 0 0 0 0 0 0 0 0 0 0 0 0 0
##$SHL_BWFAC= (0..15)
1.116 0 0 0 0 0 0 0 0 0 0 0 0 0 0 0
##$SHL_CALCBW= (0..15)
yes yes yes yes yes yes yes yes yes yes yes yes yes yes yes yes
##$SHL_CALCINTEG= (0..15)
yes yes yes yes yes yes yes yes yes yes yes yes yes yes yes yes
##$SHL_CENTERAMP= (0..15)
0 0 0 0 0 0 0 0 0 0 0 0 0 0 0 0
##$SHL_CYCNUM= (0..15)
0 0 0 0 0 0 0 0 0 0 0 0 0 0 0 0
##$SHL_DIPOLCPL= (0..15)
0 0 0 0 0 0 0 0 0 0 0 0 0 0 0 0
##$SHL_ENDAMP= (0..15)
0 0 0 0 0 0 0 0 0 0 0 0 0 0 0 0
##$SHL_EXMODE= (0..15)
<Excitation> <> <> <> <> <> <> <> <> <> <> <> <> <> <> <>
##$SHL_EXPAND= (0..15)
<> <> <> <> <> <> <> <> <> <> <> <> <> <> <> <>
##$SHL_EXPANDCF0= (0..143)
0 0 0 0 0 0 0 0 0 0 0 0 0 0 0 0 0 0 0 0 0 0 0 0 0 0 0 0 0 0 0 0 0 0 0 0
0 0 0 0 0 0 0 0 0 0 0 0 0 0 0 0 0 0 0 0 0 0 0 0 0 0 0 0 0 0 0 0 0 0 0 0
0 0 0 0 0 0 0 0 0 0 0 0 0 0 0 0 0 0 0 0 0 0 0 0 0 0 0 0 0 0 0 0 0 0 0 0
0 0 0 0 0 0 0 0 0 0 0 0 0 0 0 0 0 0 0 0 0 0 0 0 0 0 0 0 0 0 0 0 0 0 0 0
##$SHL_EXPANDCF1= (0..143)
0 0 0 0 0 0 0 0 0 0 0 0 0 0 0 0 0 0 0 0 0 0 0 0 0 0 0 0 0 0 0 0 0 0 0 0
0 0 0 0 0 0 0 0 0 0 0 0 0 0 0 0 0 0 0 0 0 0 0 0 0 0 0 0 0 0 0 0 0 0 0 0
0 0 0 0 0 0 0 0 0 0 0 0 0 0 0 0 0 0 0 0 0 0 0 0 0 0 0 0 0 0 0 0 0 0 0 0
0 0 0 0 0 0 0 0 0 0 0 0 0 0 0 0 0 0 0 0 0 0 0 0 0 0 0 0 0 0 0 0 0 0 0 0
##$SHL_EXPANDCF10= (0..143)
0 0 0 0 0 0 0 0 0 0 0 0 0 0 0 0 0 0 0 0 0 0 0 0 0 0 0 0 0 0 0 0 0 0 0 0
0 0 0 0 0 0 0 0 0 0 0 0 0 0 0 0 0 0 0 0 0 0 0 0 0 0 0 0 0 0 0 0 0 0 0 0
0 0 0 0 0 0 0 0 0 0 0 0 0 0 0 0 0 0 0 0 0 0 0 0 0 0 0 0 0 0 0 0 0 0 0 0
0 0 0 0 0 0 0 0 0 0 0 0 0 0 0 0 0 0 0 0 0 0 0 0 0 0 0 0 0 0 0 0 0 0 0 0
##$SHL_EXPANDCF11= (0..143)
0 0 0 0 0 0 0 0 0 0 0 0 0 0 0 0 0 0 0 0 0 0 0 0 0 0 0 0 0 0 0 0 0 0 0 0
0 0 0 0 0 0 0 0 0 0 0 0 0 0 0 0 0 0 0 0 0 0 0 0 0 0 0 0 0 0 0 0 0 0 0 0
0 0 0 0 0 0 0 0 0 0 0 0 0 0 0 0 0 0 0 0 0 0 0 0 0 0 0 0 0 0 0 0 0 0 0 0
0 0 0 0 0 0 0 0 0 0 0 0 0 0 0 0 0 0 0 0 0 0 0 0 0 0 0 0 0 0 0 0 0 0 0 0
##$SHL_EXPANDCF12= (0..143)
0 0 0 0 0 0 0 0 0 0 0 0 0 0 0 0 0 0 0 0 0 0 0 0 0 0 0 0 0 0 0 0 0 0 0 0
0 0 0 0 0 0 0 0 0 0 0 0 0 0 0 0 0 0 0 0 0 0 0 0 0 0 0 0 0 0 0 0 0 0 0 0
0 0 0 0 0 0 0 0 0 0 0 0 0 0 0 0 0 0 0 0 0 0 0 0 0 0 0 0 0 0 0 0 0 0 0 0
0 0 0 0 0 0 0 0 0 0 0 0 0 0 0 0 0 0 0 0 0 0 0 0 0 0 0 0 0 0 0 0 0 0 0 0
##$SHL_EXPANDCF13= (0..143)
0 0 0 0 0 0 0 0 0 0 0 0 0 0 0 0 0 0 0 0 0 0 0 0 0 0 0 0 0 0 0 0 0 0 0 0
0 0 0 0 0 0 0 0 0 0 0 0 0 0 0 0 0 0 0 0 0 0 0 0 0 0 0 0 0 0 0 0 0 0 0 0
0 0 0 0 0 0 0 0 0 0 0 0 0 0 0 0 0 0 0 0 0 0 0 0 0 0 0 0 0 0 0 0 0 0 0 0
0 0 0 0 0 0 0 0 0 0 0 0 0 0 0 0 0 0 0 0 0 0 0 0 0 0 0 0 0 0 0 0 0 0 0 0
##$SHL_EXPANDCF14= (0..143)
0 0 0 0 0 0 0 0 0 0 0 0 0 0 0 0 0 0 0 0 0 0 0 0 0 0 0 0 0 0 0 0 0 0 0 0
0 0 0 0 0 0 0 0 0 0 0 0 0 0 0 0 0 0 0 0 0 0 0 0 0 0 0 0 0 0 0 0 0 0 0 0
0 0 0 0 0 0 0 0 0 0 0 0 0 0 0 0 0 0 0 0 0 0 0 0 0 0 0 0 0 0 0 0 0 0 0 0
0 0 0 0 0 0 0 0 0 0 0 0 0 0 0 0 0 0 0 0 0 0 0 0 0 0 0 0 0 0 0 0 0 0 0 0
##$SHL_EXPANDCF15= (0..143)
0 0 0 0 0 0 0 0 0 0 0 0 0 0 0 0 0 0 0 0 0 0 0 0 0 0 0 0 0 0 0 0 0 0 0 0
0 0 0 0 0 0 0 0 0 0 0 0 0 0 0 0 0 0 0 0 0 0 0 0 0 0 0 0 0 0 0 0 0 0 0 0
0 0 0 0 0 0 0 0 0 0 0 0 0 0 0 0 0 0 0 0 0 0 0 0 0 0 0 0 0 0 0 0 0 0 0 0
0 0 0 0 0 0 0 0 0 0 0 0 0 0 0 0 0 0 0 0 0 0 0 0 0 0 0 0 0 0 0 0 0 0 0 0
##$SHL_EXPANDCF2= (0..143)
0 0 0 0 0 0 0 0 0 0 0 0 0 0 0 0 0 0 0 0 0 0 0 0 0 0 0 0 0 0 0 0 0 0 0 0
0 0 0 0 0 0 0 0 0 0 0 0 0 0 0 0 0 0 0 0 0 0 0 0 0 0 0 0 0 0 0 0 0 0 0 0
0 0 0 0 0 0 0 0 0 0 0 0 0 0 0 0 0 0 0 0 0 0 0 0 0 0 0 0 0 0 0 0 0 0 0 0
0 0 0 0 0 0 0 0 0 0 0 0 0 0 0 0 0 0 0 0 0 0 0 0 0 0 0 0 0 0 0 0 0 0 0 0
##$SHL_EXPANDCF3= (0..143)
0 0 0 0 0 0 0 0 0 0 0 0 0 0 0 0 0 0 0 0 0 0 0 0 0 0 0 0 0 0 0 0 0 0 0 0
0 0 0 0 0 0 0 0 0 0 0 0 0 0 0 0 0 0 0 0 0 0 0 0 0 0 0 0 0 0 0 0 0 0 0 0
0 0 0 0 0 0 0 0 0 0 0 0 0 0 0 0 0 0 0 0 0 0 0 0 0 0 0 0 0 0 0 0 0 0 0 0
0 0 0 0 0 0 0 0 0 0 0 0 0 0 0 0 0 0 0 0 0 0 0 0 0 0 0 0 0 0 0 0 0 0 0 0
##$SHL_EXPANDCF4= (0..143)
0 0 0 0 0 0 0 0 0 0 0 0 0 0 0 0 0 0 0 0 0 0 0 0 0 0 0 0 0 0 0 0 0 0 0 0
0 0 0 0 0 0 0 0 0 0 0 0 0 0 0 0 0 0 0 0 0 0 0 0 0 0 0 0 0 0 0 0 0 0 0 0
0 0 0 0 0 0 0 0 0 0 0 0 0 0 0 0 0 0 0 0 0 0 0 0 0 0 0 0 0 0 0 0 0 0 0 0
0 0 0 0 0 0 0 0 0 0 0 0 0 0 0 0 0 0 0 0 0 0 0 0 0 0 0 0 0 0 0 0 0 0 0 0
##$SHL_EXPANDCF5= (0..143)
0 0 0 0 0 0 0 0 0 0 0 0 0 0 0 0 0 0 0 0 0 0 0 0 0 0 0 0 0 0 0 0 0 0 0 0
0 0 0 0 0 0 0 0 0 0 0 0 0 0 0 0 0 0 0 0 0 0 0 0 0 0 0 0 0 0 0 0 0 0 0 0
0 0 0 0 0 0 0 0 0 0 0 0 0 0 0 0 0 0 0 0 0 0 0 0 0 0 0 0 0 0 0 0 0 0 0 0
0 0 0 0 0 0 0 0 0 0 0 0 0 0 0 0 0 0 0 0 0 0 0 0 0 0 0 0 0 0 0 0 0 0 0 0
##$SHL_EXPANDCF6= (0..143)
0 0 0 0 0 0 0 0 0 0 0 0 0 0 0 0 0 0 0 0 0 0 0 0 0 0 0 0 0 0 0 0 0 0 0 0
0 0 0 0 0 0 0 0 0 0 0 0 0 0 0 0 0 0 0 0 0 0 0 0 0 0 0 0 0 0 0 0 0 0 0 0
0 0 0 0 0 0 0 0 0 0 0 0 0 0 0 0 0 0 0 0 0 0 0 0 0 0 0 0 0 0 0 0 0 0 0 0
0 0 0 0 0 0 0 0 0 0 0 0 0 0 0 0 0 0 0 0 0 0 0 0 0 0 0 0 0 0 0 0 0 0 0 0
##$SHL_EXPANDCF7= (0..143)
0 0 0 0 0 0 0 0 0 0 0 0 0 0 0 0 0 0 0 0 0 0 0 0 0 0 0 0 0 0 0 0 0 0 0 0
0 0 0 0 0 0 0 0 0 0 0 0 0 0 0 0 0 0 0 0 0 0 0 0 0 0 0 0 0 0 0 0 0 0 0 0
0 0 0 0 0 0 0 0 0 0 0 0 0 0 0 0 0 0 0 0 0 0 0 0 0 0 0 0 0 0 0 0 0 0 0 0
0 0 0 0 0 0 0 0 0 0 0 0 0 0 0 0 0 0 0 0 0 0 0 0 0 0 0 0 0 0 0 0 0 0 0 0
##$SHL_EXPANDCF8= (0..143)
0 0 0 0 0 0 0 0 0 0 0 0 0 0 0 0 0 0 0 0 0 0 0 0 0 0 0 0 0 0 0 0 0 0 0 0
0 0 0 0 0 0 0 0 0 0 0 0 0 0 0 0 0 0 0 0 0 0 0 0 0 0 0 0 0 0 0 0 0 0 0 0
0 0 0 0 0 0 0 0 0 0 0 0 0 0 0 0 0 0 0 0 0 0 0 0 0 0 0 0 0 0 0 0 0 0 0 0
0 0 0 0 0 0 0 0 0 0 0 0 0 0 0 0 0 0 0 0 0 0 0 0 0 0 0 0 0 0 0 0 0 0 0 0
##$SHL_EXPANDCF9= (0..143)
0 0 0 0 0 0 0 0 0 0 0 0 0 0 0 0 0 0 0 0 0 0 0 0 0 0 0 0 0 0 0 0 0 0 0 0
0 0 0 0 0 0 0 0 0 0 0 0 0 0 0 0 0 0 0 0 0 0 0 0 0 0 0 0 0 0 0 0 0 0 0 0
0 0 0 0 0 0 0 0 0 0 0 0 0 0 0 0 0 0 0 0 0 0 0 0 0 0 0 0 0 0 0 0 0 0 0 0
0 0 0 0 0 0 0 0 0 0 0 0 0 0 0 0 0 0 0 0 0 0 0 0 0 0 0 0 0 0 0 0 0 0 0 0
##$SHL_EXPFAC= (0..15)
0 0 0 0 0 0 0 0 0 0 0 0 0 0 0 0
##$SHL_FRACEND= (0..15)
0 0 0 0 0 0 0 0 0 0 0 0 0 0 0 0
##$SHL_FRACORG= (0..15)
0 0 0 0 0 0 0 0 0 0 0 0 0 0 0 0
##$SHL_FRACSTART= (0..15)
0 0 0 0 0 0 0 0 0 0 0 0 0 0 0 0
##$SHL_FULLHALF= (0..15)
0 0 0 0 0 0 0 0 0 0 0 0 0 0 0 0
##$SHL_FUNCAMP= (0..15)
100 0 0 0 0 0 0 0 0 0 0 0 0 0 0 0
##$SHL_FUNCTION= (0..15)
<Rectangle> <> <> <> <> <> <> <> <> <> <> <> <> <> <> <>
##$SHL_GCO= (0..15)
<> <> <> <> <> <> <> <> <> <> <> <> <> <> <> <>
##$SHL_GCOCOEFFS0= (0..59)
0 0 0 0 0 0 0 0 0 0 0 0 0 0 0 0 0 0 0 0 0 0 0 0 0 0 0 0 0 0 0 0 0 0 0 0
0 0 0 0 0 0 0 0 0 0 0 0 0 0 0 0 0 0 0 0 0 0 0 0
##$SHL_GCOCOEFFS1= (0..59)
0 0 0 0 0 0 0 0 0 0 0 0 0 0 0 0 0 0 0 0 0 0 0 0 0 0 0 0 0 0 0 0 0 0 0 0
0 0 0 0 0 0 0 0 0 0 0 0 0 0 0 0 0 0 0 0 0 0 0 0
##$SHL_GCOCOEFFS10= (0..59)
0 0 0 0 0 0 0 0 0 0 0 0 0 0 0 0 0 0 0 0 0 0 0 0 0 0 0 0 0 0 0 0 0 0 0 0
0 0 0 0 0 0 0 0 0 0 0 0 0 0 0 0 0 0 0 0 0 0 0 0
##$SHL_GCOCOEFFS11= (0..59)
0 0 0 0 0 0 0 0 0 0 0 0 0 0 0 0 0 0 0 0 0 0 0 0 0 0 0 0 0 0 0 0 0 0 0 0
0 0 0 0 0 0 0 0 0 0 0 0 0 0 0 0 0 0 0 0 0 0 0 0
##$SHL_GCOCOEFFS12= (0..59)
0 0 0 0 0 0 0 0 0 0 0 0 0 0 0 0 0 0 0 0 0 0 0 0 0 0 0 0 0 0 0 0 0 0 0 0
0 0 0 0 0 0 0 0 0 0 0 0 0 0 0 0 0 0 0 0 0 0 0 0
##$SHL_GCOCOEFFS13= (0..59)
0 0 0 0 0 0 0 0 0 0 0 0 0 0 0 0 0 0 0 0 0 0 0 0 0 0 0 0 0 0 0 0 0 0 0 0
0 0 0 0 0 0 0 0 0 0 0 0 0 0 0 0 0 0 0 0 0 0 0 0
##$SHL_GCOCOEFFS14= (0..59)
0 0 0 0 0 0 0 0 0 0 0 0 0 0 0 0 0 0 0 0 0 0 0 0 0 0 0 0 0 0 0 0 0 0 0 0
0 0 0 0 0 0 0 0 0 0 0 0 0 0 0 0 0 0 0 0 0 0 0 0
##$SHL_GCOCOEFFS15= (0..59)
0 0 0 0 0 0 0 0 0 0 0 0 0 0 0 0 0 0 0 0 0 0 0 0 0 0 0 0 0 0 0 0 0 0 0 0
0 0 0 0 0 0 0 0 0 0 0 0 0 0 0 0 0 0 0 0 0 0 0 0
##$SHL_GCOCOEFFS2= (0..59)
0 0 0 0 0 0 0 0 0 0 0 0 0 0 0 0 0 0 0 0 0 0 0 0 0 0 0 0 0 0 0 0 0 0 0 0
0 0 0 0 0 0 0 0 0 0 0 0 0 0 0 0 0 0 0 0 0 0 0 0
##$SHL_GCOCOEFFS3= (0..59)
0 0 0 0 0 0 0 0 0 0 0 0 0 0 0 0 0 0 0 0 0 0 0 0 0 0 0 0 0 0 0 0 0 0 0 0
0 0 0 0 0 0 0 0 0 0 0 0 0 0 0 0 0 0 0 0 0 0 0 0
##$SHL_GCOCOEFFS4= (0..59)
0 0 0 0 0 0 0 0 0 0 0 0 0 0 0 0 0 0 0 0 0 0 0 0 0 0 0 0 0 0 0 0 0 0 0 0
0 0 0 0 0 0 0 0 0 0 0 0 0 0 0 0 0 0 0 0 0 0 0 0
##$SHL_GCOCOEFFS5= (0..59)
0 0 0 0 0 0 0 0 0 0 0 0 0 0 0 0 0 0 0 0 0 0 0 0 0 0 0 0 0 0 0 0 0 0 0 0
0 0 0 0 0 0 0 0 0 0 0 0 0 0 0 0 0 0 0 0 0 0 0 0
##$SHL_GCOCOEFFS6= (0..59)
0 0 0 0 0 0 0 0 0 0 0 0 0 0 0 0 0 0 0 0 0 0 0 0 0 0 0 0 0 0 0 0 0 0 0 0
0 0 0 0 0 0 0 0 0 0 0 0 0 0 0 0 0 0 0 0 0 0 0 0
##$SHL_GCOCOEFFS7= (0..59)
0 0 0 0 0 0 0 0 0 0 0 0 0 0 0 0 0 0 0 0 0 0 0 0 0 0 0 0 0 0 0 0 0 0 0 0
0 0 0 0 0 0 0 0 0 0 0 0 0 0 0 0 0 0 0 0 0 0 0 0
##$SHL_GCOCOEFFS8= (0..59)
0 0 0 0 0 0 0 0 0 0 0 0 0 0 0 0 0 0 0 0 0 0 0 0 0 0 0 0 0 0 0 0 0 0 0 0
0 0 0 0 0 0 0 0 0 0 0 0 0 0 0 0 0 0 0 0 0 0 0 0
##$SHL_GCOCOEFFS9= (0..59)
0 0 0 0 0 0 0 0 0 0 0 0 0 0 0 0 0 0 0 0 0 0 0 0 0 0 0 0 0 0 0 0 0 0 0 0
0 0 0 0 0 0 0 0 0 0 0 0 0 0 0 0 0 0 0 0 0 0 0 0
##$SHL_INTEGFAC= (0..15)
1 0 0 0 0 0 0 0 0 0 0 0 0 0 0 0
##$SHL_LB= (0..15)
0 0 0 0 0 0 0 0 0 0 0 0 0 0 0 0
##$SHL_LEFTLIMIT= (0..15)
0 0 0 0 0 0 0 0 0 0 0 0 0 0 0 0
##$SHL_LENGTH= (0..15)
25000.000373 0 0 0 0 0 0 0 0 0 0 0 0 0 0 0
##$SHL_MAN= (0..15)
<> <> <> <> <> <> <> <> <> <> <> <> <> <> <> <>
##$SHL_MEANAMP= (0..15)
0 0 0 0 0 0 0 0 0 0 0 0 0 0 0 0
##$SHL_MODAMP= (0..15)
0 0 0 0 0 0 0 0 0 0 0 0 0 0 0 0
##$SHL_MODE= (0..15)
0 0 0 0 0 0 0 0 0 0 0 0 0 0 0 0
##$SHL_MODFREQ= (0..15)
0 0 0 0 0 0 0 0 0 0 0 0 0 0 0 0
##$SHL_MODPHASE= (0..15)
0 0 0 0 0 0 0 0 0 0 0 0 0 0 0 0
##$SHL_MODSCALE= (0..15)
0 0 0 0 0 0 0 0 0 0 0 0 0 0 0 0
##$SHL_MODSW= (0..15)
0 0 0 0 0 0 0 0 0 0 0 0 0 0 0 0
##$SHL_MODSWDIR= (0..15)
-1 -1 -1 -1 -1 -1 -1 -1 -1 -1 -1 -1 -1 -1 -1 -1
##$SHL_MU= (0..15)
0 0 0 0 0 0 0 0 0 0 0 0 0 0 0 0
##$SHL_NPOINTS= (0..15)
1250 0 0 0 0 0 0 0 0 0 0 0 0 0 0 0
##$SHL_OFFS= (0..15)
<> <> <> <> <> <> <> <> <> <> <> <> <> <> <> <>
##$SHL_OFFSCOEFF0= (0..95)
0 0 0 0 0 0 0 0 0 0 0 0 0 0 0 0 0 0 0 0 0 0 0 0 0 0 0 0 0 0 0 0 0 0 0 0
0 0 0 0 0 0 0 0 0 0 0 0 0 0 0 0 0 0 0 0 0 0 0 0 0 0 0 0 0 0 0 0 0 0 0 0
0 0 0 0 0 0 0 0 0 0 0 0 0 0 0 0 0 0 0 0 0 0 0 0
##$SHL_OFFSCOEFF1= (0..95)
0 0 0 0 0 0 0 0 0 0 0 0 0 0 0 0 0 0 0 0 0 0 0 0 0 0 0 0 0 0 0 0 0 0 0 0
0 0 0 0 0 0 0 0 0 0 0 0 0 0 0 0 0 0 0 0 0 0 0 0 0 0 0 0 0 0 0 0 0 0 0 0
0 0 0 0 0 0 0 0 0 0 0 0 0 0 0 0 0 0 0 0 0 0 0 0
##$SHL_OFFSCOEFF10= (0..95)
0 0 0 0 0 0 0 0 0 0 0 0 0 0 0 0 0 0 0 0 0 0 0 0 0 0 0 0 0 0 0 0 0 0 0 0
0 0 0 0 0 0 0 0 0 0 0 0 0 0 0 0 0 0 0 0 0 0 0 0 0 0 0 0 0 0 0 0 0 0 0 0
0 0 0 0 0 0 0 0 0 0 0 0 0 0 0 0 0 0 0 0 0 0 0 0
##$SHL_OFFSCOEFF11= (0..95)
0 0 0 0 0 0 0 0 0 0 0 0 0 0 0 0 0 0 0 0 0 0 0 0 0 0 0 0 0 0 0 0 0 0 0 0
0 0 0 0 0 0 0 0 0 0 0 0 0 0 0 0 0 0 0 0 0 0 0 0 0 0 0 0 0 0 0 0 0 0 0 0
0 0 0 0 0 0 0 0 0 0 0 0 0 0 0 0 0 0 0 0 0 0 0 0
##$SHL_OFFSCOEFF12= (0..95)
0 0 0 0 0 0 0 0 0 0 0 0 0 0 0 0 0 0 0 0 0 0 0 0 0 0 0 0 0 0 0 0 0 0 0 0
0 0 0 0 0 0 0 0 0 0 0 0 0 0 0 0 0 0 0 0 0 0 0 0 0 0 0 0 0 0 0 0 0 0 0 0
0 0 0 0 0 0 0 0 0 0 0 0 0 0 0 0 0 0 0 0 0 0 0 0
##$SHL_OFFSCOEFF13= (0..95)
0 0 0 0 0 0 0 0 0 0 0 0 0 0 0 0 0 0 0 0 0 0 0 0 0 0 0 0 0 0 0 0 0 0 0 0
0 0 0 0 0 0 0 0 0 0 0 0 0 0 0 0 0 0 0 0 0 0 0 0 0 0 0 0 0 0 0 0 0 0 0 0
0 0 0 0 0 0 0 0 0 0 0 0 0 0 0 0 0 0 0 0 0 0 0 0
##$SHL_OFFSCOEFF14= (0..95)
0 0 0 0 0 0 0 0 0 0 0 0 0 0 0 0 0 0 0 0 0 0 0 0 0 0 0 0 0 0 0 0 0 0 0 0
0 0 0 0 0 0 0 0 0 0 0 0 0 0 0 0 0 0 0 0 0 0 0 0 0 0 0 0 0 0 0 0 0 0 0 0
0 0 0 0 0 0 0 0 0 0 0 0 0 0 0 0 0 0 0 0 0 0 0 0
##$SHL_OFFSCOEFF15= (0..95)
0 0 0 0 0 0 0 0 0 0 0 0 0 0 0 0 0 0 0 0 0 0 0 0 0 0 0 0 0 0 0 0 0 0 0 0
0 0 0 0 0 0 0 0 0 0 0 0 0 0 0 0 0 0 0 0 0 0 0 0 0 0 0 0 0 0 0 0 0 0 0 0
0 0 0 0 0 0 0 0 0 0 0 0 0 0 0 0 0 0 0 0 0 0 0 0
##$SHL_OFFSCOEFF2= (0..95)
0 0 0 0 0 0 0 0 0 0 0 0 0 0 0 0 0 0 0 0 0 0 0 0 0 0 0 0 0 0 0 0 0 0 0 0
0 0 0 0 0 0 0 0 0 0 0 0 0 0 0 0 0 0 0 0 0 0 0 0 0 0 0 0 0 0 0 0 0 0 0 0
0 0 0 0 0 0 0 0 0 0 0 0 0 0 0 0 0 0 0 0 0 0 0 0
##$SHL_OFFSCOEFF3= (0..95)
0 0 0 0 0 0 0 0 0 0 0 0 0 0 0 0 0 0 0 0 0 0 0 0 0 0 0 0 0 0 0 0 0 0 0 0
0 0 0 0 0 0 0 0 0 0 0 0 0 0 0 0 0 0 0 0 0 0 0 0 0 0 0 0 0 0 0 0 0 0 0 0
0 0 0 0 0 0 0 0 0 0 0 0 0 0 0 0 0 0 0 0 0 0 0 0
##$SHL_OFFSCOEFF4= (0..95)
0 0 0 0 0 0 0 0 0 0 0 0 0 0 0 0 0 0 0 0 0 0 0 0 0 0 0 0 0 0 0 0 0 0 0 0
0 0 0 0 0 0 0 0 0 0 0 0 0 0 0 0 0 0 0 0 0 0 0 0 0 0 0 0 0 0 0 0 0 0 0 0
0 0 0 0 0 0 0 0 0 0 0 0 0 0 0 0 0 0 0 0 0 0 0 0
##$SHL_OFFSCOEFF5= (0..95)
0 0 0 0 0 0 0 0 0 0 0 0 0 0 0 0 0 0 0 0 0 0 0 0 0 0 0 0 0 0 0 0 0 0 0 0
0 0 0 0 0 0 0 0 0 0 0 0 0 0 0 0 0 0 0 0 0 0 0 0 0 0 0 0 0 0 0 0 0 0 0 0
0 0 0 0 0 0 0 0 0 0 0 0 0 0 0 0 0 0 0 0 0 0 0 0
##$SHL_OFFSCOEFF6= (0..95)
0 0 0 0 0 0 0 0 0 0 0 0 0 0 0 0 0 0 0 0 0 0 0 0 0 0 0 0 0 0 0 0 0 0 0 0
0 0 0 0 0 0 0 0 0 0 0 0 0 0 0 0 0 0 0 0 0 0 0 0 0 0 0 0 0 0 0 0 0 0 0 0
0 0 0 0 0 0 0 0 0 0 0 0 0 0 0 0 0 0 0 0 0 0 0 0
##$SHL_OFFSCOEFF7= (0..95)
0 0 0 0 0 0 0 0 0 0 0 0 0 0 0 0 0 0 0 0 0 0 0 0 0 0 0 0 0 0 0 0 0 0 0 0
0 0 0 0 0 0 0 0 0 0 0 0 0 0 0 0 0 0 0 0 0 0 0 0 0 0 0 0 0 0 0 0 0 0 0 0
0 0 0 0 0 0 0 0 0 0 0 0 0 0 0 0 0 0 0 0 0 0 0 0
##$SHL_OFFSCOEFF8= (0..95)
0 0 0 0 0 0 0 0 0 0 0 0 0 0 0 0 0 0 0 0 0 0 0 0 0 0 0 0 0 0 0 0 0 0 0 0
0 0 0 0 0 0 0 0 0 0 0 0 0 0 0 0 0 0 0 0 0 0 0 0 0 0 0 0 0 0 0 0 0 0 0 0
0 0 0 0 0 0 0 0 0 0 0 0 0 0 0 0 0 0 0 0 0 0 0 0
##$SHL_OFFSCOEFF9= (0..95)
0 0 0 0 0 0 0 0 0 0 0 0 0 0 0 0 0 0 0 0 0 0 0 0 0 0 0 0 0 0 0 0 0 0 0 0
0 0 0 0 0 0 0 0 0 0 0 0 0 0 0 0 0 0 0 0 0 0 0 0 0 0 0 0 0 0 0 0 0 0 0 0
0 0 0 0 0 0 0 0 0 0 0 0 0 0 0 0 0 0 0 0 0 0 0 0
##$SHL_PHASE= (0..15)
0 0 0 0 0 0 0 0 0 0 0 0 0 0 0 0
##$SHL_PHASEFAC= (0..15)
0 0 0 0 0 0 0 0 0 0 0 0 0 0 0 0
##$SHL_POWERINDEX= (0..15)
0 0 0 0 0 0 0 0 0 0 0 0 0 0 0 0
##$SHL_QUADCOEFF= (0..15)
0 0 0 0 0 0 0 0 0 0 0 0 0 0 0 0
##$SHL_RIGHTLIMIT= (0..15)
0 0 0 0 0 0 0 0 0 0 0 0 0 0 0 0
##$SHL_SCALEFACTOR= (0..15)
1 1 1 1 1 1 1 1 1 1 1 1 1 1 1 1
##$SHL_SF= (0..15)
<> <> <> <> <> <> <> <> <> <> <> <> <> <> <> <>
##$SHL_SFCOEFFS0= (0..200)
0 0 0 0 0 0 0 0 0 0 0 0 0 0 0 0 0 0 0 0 0 0 0 0 0 0 0 0 0 0 0 0 0 0 0 0
0 0 0 0 0 0 0 0 0 0 0 0 0 0 0 0 0 0 0 0 0 0 0 0 0 0 0 0 0 0 0 0 0 0 0 0
0 0 0 0 0 0 0 0 0 0 0 0 0 0 0 0 0 0 0 0 0 0 0 0 0 0 0 0 0 0 0 0 0 0 0 0
0 0 0 0 0 0 0 0 0 0 0 0 0 0 0 0 0 0 0 0 0 0 0 0 0 0 0 0 0 0 0 0 0 0 0 0
0 0 0 0 0 0 0 0 0 0 0 0 0 0 0 0 0 0 0 0 0 0 0 0 0 0 0 0 0 0 0 0 0 0 0 0
0 0 0 0 0 0 0 0 0 0 0 0 0 0 0 0 0 0 0 0 0
##$SHL_SFCOEFFS1= (0..200)
0 0 0 0 0 0 0 0 0 0 0 0 0 0 0 0 0 0 0 0 0 0 0 0 0 0 0 0 0 0 0 0 0 0 0 0
0 0 0 0 0 0 0 0 0 0 0 0 0 0 0 0 0 0 0 0 0 0 0 0 0 0 0 0 0 0 0 0 0 0 0 0
0 0 0 0 0 0 0 0 0 0 0 0 0 0 0 0 0 0 0 0 0 0 0 0 0 0 0 0 0 0 0 0 0 0 0 0
0 0 0 0 0 0 0 0 0 0 0 0 0 0 0 0 0 0 0 0 0 0 0 0 0 0 0 0 0 0 0 0 0 0 0 0
0 0 0 0 0 0 0 0 0 0 0 0 0 0 0 0 0 0 0 0 0 0 0 0 0 0 0 0 0 0 0 0 0 0 0 0
0 0 0 0 0 0 0 0 0 0 0 0 0 0 0 0 0 0 0 0 0
##$SHL_SFCOEFFS10= (0..200)
0 0 0 0 0 0 0 0 0 0 0 0 0 0 0 0 0 0 0 0 0 0 0 0 0 0 0 0 0 0 0 0 0 0 0 0
0 0 0 0 0 0 0 0 0 0 0 0 0 0 0 0 0 0 0 0 0 0 0 0 0 0 0 0 0 0 0 0 0 0 0 0
0 0 0 0 0 0 0 0 0 0 0 0 0 0 0 0 0 0 0 0 0 0 0 0 0 0 0 0 0 0 0 0 0 0 0 0
0 0 0 0 0 0 0 0 0 0 0 0 0 0 0 0 0 0 0 0 0 0 0 0 0 0 0 0 0 0 0 0 0 0 0 0
0 0 0 0 0 0 0 0 0 0 0 0 0 0 0 0 0 0 0 0 0 0 0 0 0 0 0 0 0 0 0 0 0 0 0 0
0 0 0 0 0 0 0 0 0 0 0 0 0 0 0 0 0 0 0 0 0
##$SHL_SFCOEFFS11= (0..200)
0 0 0 0 0 0 0 0 0 0 0 0 0 0 0 0 0 0 0 0 0 0 0 0 0 0 0 0 0 0 0 0 0 0 0 0
0 0 0 0 0 0 0 0 0 0 0 0 0 0 0 0 0 0 0 0 0 0 0 0 0 0 0 0 0 0 0 0 0 0 0 0
0 0 0 0 0 0 0 0 0 0 0 0 0 0 0 0 0 0 0 0 0 0 0 0 0 0 0 0 0 0 0 0 0 0 0 0
0 0 0 0 0 0 0 0 0 0 0 0 0 0 0 0 0 0 0 0 0 0 0 0 0 0 0 0 0 0 0 0 0 0 0 0
0 0 0 0 0 0 0 0 0 0 0 0 0 0 0 0 0 0 0 0 0 0 0 0 0 0 0 0 0 0 0 0 0 0 0 0
0 0 0 0 0 0 0 0 0 0 0 0 0 0 0 0 0 0 0 0 0
##$SHL_SFCOEFFS12= (0..200)
0 0 0 0 0 0 0 0 0 0 0 0 0 0 0 0 0 0 0 0 0 0 0 0 0 0 0 0 0 0 0 0 0 0 0 0
0 0 0 0 0 0 0 0 0 0 0 0 0 0 0 0 0 0 0 0 0 0 0 0 0 0 0 0 0 0 0 0 0 0 0 0
0 0 0 0 0 0 0 0 0 0 0 0 0 0 0 0 0 0 0 0 0 0 0 0 0 0 0 0 0 0 0 0 0 0 0 0
0 0 0 0 0 0 0 0 0 0 0 0 0 0 0 0 0 0 0 0 0 0 0 0 0 0 0 0 0 0 0 0 0 0 0 0
0 0 0 0 0 0 0 0 0 0 0 0 0 0 0 0 0 0 0 0 0 0 0 0 0 0 0 0 0 0 0 0 0 0 0 0
0 0 0 0 0 0 0 0 0 0 0 0 0 0 0 0 0 0 0 0 0
##$SHL_SFCOEFFS13= (0..200)
0 0 0 0 0 0 0 0 0 0 0 0 0 0 0 0 0 0 0 0 0 0 0 0 0 0 0 0 0 0 0 0 0 0 0 0
0 0 0 0 0 0 0 0 0 0 0 0 0 0 0 0 0 0 0 0 0 0 0 0 0 0 0 0 0 0 0 0 0 0 0 0
0 0 0 0 0 0 0 0 0 0 0 0 0 0 0 0 0 0 0 0 0 0 0 0 0 0 0 0 0 0 0 0 0 0 0 0
0 0 0 0 0 0 0 0 0 0 0 0 0 0 0 0 0 0 0 0 0 0 0 0 0 0 0 0 0 0 0 0 0 0 0 0
0 0 0 0 0 0 0 0 0 0 0 0 0 0 0 0 0 0 0 0 0 0 0 0 0 0 0 0 0 0 0 0 0 0 0 0
0 0 0 0 0 0 0 0 0 0 0 0 0 0 0 0 0 0 0 0 0
##$SHL_SFCOEFFS14= (0..200)
0 0 0 0 0 0 0 0 0 0 0 0 0 0 0 0 0 0 0 0 0 0 0 0 0 0 0 0 0 0 0 0 0 0 0 0
0 0 0 0 0 0 0 0 0 0 0 0 0 0 0 0 0 0 0 0 0 0 0 0 0 0 0 0 0 0 0 0 0 0 0 0
0 0 0 0 0 0 0 0 0 0 0 0 0 0 0 0 0 0 0 0 0 0 0 0 0 0 0 0 0 0 0 0 0 0 0 0
0 0 0 0 0 0 0 0 0 0 0 0 0 0 0 0 0 0 0 0 0 0 0 0 0 0 0 0 0 0 0 0 0 0 0 0
0 0 0 0 0 0 0 0 0 0 0 0 0 0 0 0 0 0 0 0 0 0 0 0 0 0 0 0 0 0 0 0 0 0 0 0
0 0 0 0 0 0 0 0 0 0 0 0 0 0 0 0 0 0 0 0 0
##$SHL_SFCOEFFS15= (0..200)
0 0 0 0 0 0 0 0 0 0 0 0 0 0 0 0 0 0 0 0 0 0 0 0 0 0 0 0 0 0 0 0 0 0 0 0
0 0 0 0 0 0 0 0 0 0 0 0 0 0 0 0 0 0 0 0 0 0 0 0 0 0 0 0 0 0 0 0 0 0 0 0
0 0 0 0 0 0 0 0 0 0 0 0 0 0 0 0 0 0 0 0 0 0 0 0 0 0 0 0 0 0 0 0 0 0 0 0
0 0 0 0 0 0 0 0 0 0 0 0 0 0 0 0 0 0 0 0 0 0 0 0 0 0 0 0 0 0 0 0 0 0 0 0
0 0 0 0 0 0 0 0 0 0 0 0 0 0 0 0 0 0 0 0 0 0 0 0 0 0 0 0 0 0 0 0 0 0 0 0
0 0 0 0 0 0 0 0 0 0 0 0 0 0 0 0 0 0 0 0 0
##$SHL_SFCOEFFS2= (0..200)
0 0 0 0 0 0 0 0 0 0 0 0 0 0 0 0 0 0 0 0 0 0 0 0 0 0 0 0 0 0 0 0 0 0 0 0
0 0 0 0 0 0 0 0 0 0 0 0 0 0 0 0 0 0 0 0 0 0 0 0 0 0 0 0 0 0 0 0 0 0 0 0
0 0 0 0 0 0 0 0 0 0 0 0 0 0 0 0 0 0 0 0 0 0 0 0 0 0 0 0 0 0 0 0 0 0 0 0
0 0 0 0 0 0 0 0 0 0 0 0 0 0 0 0 0 0 0 0 0 0 0 0 0 0 0 0 0 0 0 0 0 0 0 0
0 0 0 0 0 0 0 0 0 0 0 0 0 0 0 0 0 0 0 0 0 0 0 0 0 0 0 0 0 0 0 0 0 0 0 0
0 0 0 0 0 0 0 0 0 0 0 0 0 0 0 0 0 0 0 0 0
##$SHL_SFCOEFFS3= (0..200)
0 0 0 0 0 0 0 0 0 0 0 0 0 0 0 0 0 0 0 0 0 0 0 0 0 0 0 0 0 0 0 0 0 0 0 0
0 0 0 0 0 0 0 0 0 0 0 0 0 0 0 0 0 0 0 0 0 0 0 0 0 0 0 0 0 0 0 0 0 0 0 0
0 0 0 0 0 0 0 0 0 0 0 0 0 0 0 0 0 0 0 0 0 0 0 0 0 0 0 0 0 0 0 0 0 0 0 0
0 0 0 0 0 0 0 0 0 0 0 0 0 0 0 0 0 0 0 0 0 0 0 0 0 0 0 0 0 0 0 0 0 0 0 0
0 0 0 0 0 0 0 0 0 0 0 0 0 0 0 0 0 0 0 0 0 0 0 0 0 0 0 0 0 0 0 0 0 0 0 0
0 0 0 0 0 0 0 0 0 0 0 0 0 0 0 0 0 0 0 0 0
##$SHL_SFCOEFFS4= (0..200)
0 0 0 0 0 0 0 0 0 0 0 0 0 0 0 0 0 0 0 0 0 0 0 0 0 0 0 0 0 0 0 0 0 0 0 0
0 0 0 0 0 0 0 0 0 0 0 0 0 0 0 0 0 0 0 0 0 0 0 0 0 0 0 0 0 0 0 0 0 0 0 0
0 0 0 0 0 0 0 0 0 0 0 0 0 0 0 0 0 0 0 0 0 0 0 0 0 0 0 0 0 0 0 0 0 0 0 0
0 0 0 0 0 0 0 0 0 0 0 0 0 0 0 0 0 0 0 0 0 0 0 0 0 0 0 0 0 0 0 0 0 0 0 0
0 0 0 0 0 0 0 0 0 0 0 0 0 0 0 0 0 0 0 0 0 0 0 0 0 0 0 0 0 0 0 0 0 0 0 0
0 0 0 0 0 0 0 0 0 0 0 0 0 0 0 0 0 0 0 0 0
##$SHL_SFCOEFFS5= (0..200)
0 0 0 0 0 0 0 0 0 0 0 0 0 0 0 0 0 0 0 0 0 0 0 0 0 0 0 0 0 0 0 0 0 0 0 0
0 0 0 0 0 0 0 0 0 0 0 0 0 0 0 0 0 0 0 0 0 0 0 0 0 0 0 0 0 0 0 0 0 0 0 0
0 0 0 0 0 0 0 0 0 0 0 0 0 0 0 0 0 0 0 0 0 0 0 0 0 0 0 0 0 0 0 0 0 0 0 0
0 0 0 0 0 0 0 0 0 0 0 0 0 0 0 0 0 0 0 0 0 0 0 0 0 0 0 0 0 0 0 0 0 0 0 0
0 0 0 0 0 0 0 0 0 0 0 0 0 0 0 0 0 0 0 0 0 0 0 0 0 0 0 0 0 0 0 0 0 0 0 0
0 0 0 0 0 0 0 0 0 0 0 0 0 0 0 0 0 0 0 0 0
##$SHL_SFCOEFFS6= (0..200)
0 0 0 0 0 0 0 0 0 0 0 0 0 0 0 0 0 0 0 0 0 0 0 0 0 0 0 0 0 0 0 0 0 0 0 0
0 0 0 0 0 0 0 0 0 0 0 0 0 0 0 0 0 0 0 0 0 0 0 0 0 0 0 0 0 0 0 0 0 0 0 0
0 0 0 0 0 0 0 0 0 0 0 0 0 0 0 0 0 0 0 0 0 0 0 0 0 0 0 0 0 0 0 0 0 0 0 0
0 0 0 0 0 0 0 0 0 0 0 0 0 0 0 0 0 0 0 0 0 0 0 0 0 0 0 0 0 0 0 0 0 0 0 0
0 0 0 0 0 0 0 0 0 0 0 0 0 0 0 0 0 0 0 0 0 0 0 0 0 0 0 0 0 0 0 0 0 0 0 0
0 0 0 0 0 0 0 0 0 0 0 0 0 0 0 0 0 0 0 0 0
##$SHL_SFCOEFFS7= (0..200)
0 0 0 0 0 0 0 0 0 0 0 0 0 0 0 0 0 0 0 0 0 0 0 0 0 0 0 0 0 0 0 0 0 0 0 0
0 0 0 0 0 0 0 0 0 0 0 0 0 0 0 0 0 0 0 0 0 0 0 0 0 0 0 0 0 0 0 0 0 0 0 0
0 0 0 0 0 0 0 0 0 0 0 0 0 0 0 0 0 0 0 0 0 0 0 0 0 0 0 0 0 0 0 0 0 0 0 0
0 0 0 0 0 0 0 0 0 0 0 0 0 0 0 0 0 0 0 0 0 0 0 0 0 0 0 0 0 0 0 0 0 0 0 0
0 0 0 0 0 0 0 0 0 0 0 0 0 0 0 0 0 0 0 0 0 0 0 0 0 0 0 0 0 0 0 0 0 0 0 0
0 0 0 0 0 0 0 0 0 0 0 0 0 0 0 0 0 0 0 0 0
##$SHL_SFCOEFFS8= (0..200)
0 0 0 0 0 0 0 0 0 0 0 0 0 0 0 0 0 0 0 0 0 0 0 0 0 0 0 0 0 0 0 0 0 0 0 0
0 0 0 0 0 0 0 0 0 0 0 0 0 0 0 0 0 0 0 0 0 0 0 0 0 0 0 0 0 0 0 0 0 0 0 0
0 0 0 0 0 0 0 0 0 0 0 0 0 0 0 0 0 0 0 0 0 0 0 0 0 0 0 0 0 0 0 0 0 0 0 0
0 0 0 0 0 0 0 0 0 0 0 0 0 0 0 0 0 0 0 0 0 0 0 0 0 0 0 0 0 0 0 0 0 0 0 0
0 0 0 0 0 0 0 0 0 0 0 0 0 0 0 0 0 0 0 0 0 0 0 0 0 0 0 0 0 0 0 0 0 0 0 0
0 0 0 0 0 0 0 0 0 0 0 0 0 0 0 0 0 0 0 0 0
##$SHL_SFCOEFFS9= (0..200)
0 0 0 0 0 0 0 0 0 0 0 0 0 0 0 0 0 0 0 0 0 0 0 0 0 0 0 0 0 0 0 0 0 0 0 0
0 0 0 0 0 0 0 0 0 0 0 0 0 0 0 0 0 0 0 0 0 0 0 0 0 0 0 0 0 0 0 0 0 0 0 0
0 0 0 0 0 0 0 0 0 0 0 0 0 0 0 0 0 0 0 0 0 0 0 0 0 0 0 0 0 0 0 0 0 0 0 0
0 0 0 0 0 0 0 0 0 0 0 0 0 0 0 0 0 0 0 0 0 0 0 0 0 0 0 0 0 0 0 0 0 0 0 0
0 0 0 0 0 0 0 0 0 0 0 0 0 0 0 0 0 0 0 0 0 0 0 0 0 0 0 0 0 0 0 0 0 0 0 0
0 0 0 0 0 0 0 0 0 0 0 0 0 0 0 0 0 0 0 0 0
##$SHL_SMOOTHED= (0..15)
0 0 0 0 0 0 0 0 0 0 0 0 0 0 0 0
##$SHL_SMOOTHING= (0..15)
0 0 0 0 0 0 0 0 0 0 0 0 0 0 0 0
##$SHL_SPOAL= (0..15)
0 0 0 0 0 0 0 0 0 0 0 0 0 0 0 0
##$SHL_SPOFFS= (0..15)
0 0 0 0 0 0 0 0 0 0 0 0 0 0 0 0
##$SHL_SPOPH= (0..15)
0 0 0 0 0 0 0 0 0 0 0 0 0 0 0 0
##$SHL_STARTAMP= (0..15)
0 0 0 0 0 0 0 0 0 0 0 0 0 0 0 0
##$SHL_SW= (0..15)
0 0 0 0 0 0 0 0 0 0 0 0 0 0 0 0
##$SHL_SWDIR= (0..15)
-1 -1 -1 -1 -1 -1 -1 -1 -1 -1 -1 -1 -1 -1 -1 -1
##$SHL_TANKAPPA= (0..15)
0 0 0 0 0 0 0 0 0 0 0 0 0 0 0 0
##$SHL_TOTROT= (0..15)
90 0 0 0 0 0 0 0 0 0 0 0 0 0 0 0
##$SHL_TRUNCLEV= (0..15)
0 0 0 0 0 0 0 0 0 0 0 0 0 0 0 0
##$SHL_TYPE= (0..15)
<Excitation> <> <> <> <> <> <> <> <> <> <> <> <> <> <> <>
##$SHL_WINDOWSIZE= (0..15)
0 0 0 0 0 0 0 0 0 0 0 0 0 0 0 0
##$SHL_ZETA= (0..15)
0 0 0 0 0 0 0 0 0 0 0 0 0 0 0 0
##NPOINTS= 1250
##XYPOINTS= (XY..XY)
29.890991, 91.657015
29.760806, 94.963367
29.684609, 98.265918
29.661489, 101.554914
29.690175, 104.820874
29.769055, 108.054796
29.896212, 111.248338
30.069463, 114.393968
30.286397, 117.485066
30.544427, 120.515992
30.840828, 123.482108
31.172786, 126.379770
31.537436, 129.206284
31.931900, 131.959843
32.353317, 134.639446
32.798873, 137.244807
33.265820, 139.776260
33.751495, 142.234661
34.253333, 144.621301
34.768879, 146.937815
35.295788, 149.186112
35.831833, 151.368302
36.374905, 153.486636
36.923013, 155.543455
37.474277, 157.541152
38.026932, 159.482131
38.579320, 161.368779
39.129884, 163.203447
39.677167, 164.988429
40.219803, 166.725951
40.756517, 168.418157
41.286115, 170.067108
41.807481, 171.674773
42.319575, 173.243028
42.821424, 174.773658
43.312123, 176.268351
43.790826, 177.728707
44.256746, 179.156233
44.709150, 180.552353
45.147357, 181.918403
45.570733, 183.255639
45.978691, 184.565241
46.370686, 185.848314
46.746214, 187.105892
47.104811, 188.338941
47.446050, 189.548364
47.769536, 190.735002
48.074911, 191.899640
48.361848, 193.043005
48.630049, 194.165773
48.879247, 195.268571
49.109203, 196.351977
49.319705, 197.416526
49.510566, 198.462706
49.681627, 199.490969
49.832751, 200.501723
49.963825, 201.495340
50.074761, 202.472157
50.165492, 203.432475
50.235973, 204.376560
50.286180, 205.304647
50.316111, 206.216940
50.325785, 207.113610
50.315239, 207.994799
50.284532, 208.860620
50.233741, 209.711157
50.162963, 210.546465
50.072315, 211.366571
49.961930, 212.171473
49.831963, 212.961144
49.682585, 213.735525
49.513986, 214.494531
49.326377, 215.238050
49.119983, 215.965940
48.895049, 216.678030
48.651841, 217.374120
48.390638, 218.053980
48.111743, 218.717349
47.815474, 219.363936
47.502168, 219.993415
47.172183, 220.605429
46.825893, 221.199586
46.463693, 221.775458
46.085999, 222.332582
45.693244, 222.870455
45.285884, 223.388534
44.864394, 223.886238
44.429272, 224.362941
43.981036, 224.817972
43.520229, 225.250615
43.047414, 225.660109
42.563181, 226.045638
42.068142, 226.406339
41.562937, 226.741294
41.048231, 227.049531
40.524716, 227.330021
39.993114, 227.581679
39.454178, 227.803360
38.908688, 227.993860
38.357459, 228.151914
37.801340, 228.276199
37.241215, 228.365333
36.678002, 228.417876
36.112659, 228.432335
35.546184, 228.407165
34.979614, 228.340779
34.414030, 228.231549
33.850554, 228.077822
33.290353, 227.877927
32.734641, 227.630192
32.184674, 227.332959
31.641755, 226.984609
31.107232, 226.583584
30.582496, 226.128416
30.068978, 225.617760
29.568148, 225.050436
29.081510, 224.425465
28.610594, 223.742118
28.156951, 222.999968
27.722146, 222.198938
27.307743, 221.339355
26.915295, 220.422006
26.546329, 219.448186
26.202332, 218.419744
25.884730, 217.339119
25.594872, 216.209366
25.334009, 215.034171
25.103274, 213.817841
24.903661, 212.565284
24.736010, 211.281963
24.600985, 209.973831
24.499063, 208.647247
24.430525, 207.308875
24.395441, 205.965567
24.393675, 204.624244
24.424881, 203.291764
24.488512, 201.974805
24.583826, 200.679741
24.709905, 199.412550
24.865666, 198.178718
25.049880, 196.983181
25.261196, 195.830275
25.498161, 194.723712
25.759236, 193.666573
26.042823, 192.661320
26.347281, 191.709821
26.670943, 190.813386
27.012135, 189.972813
27.369185, 189.188435
27.740441, 188.460177
28.124276, 187.787606
28.519100, 187.169984
28.923363, 186.606319
29.335564, 186.095412
29.754252, 185.635895
30.178027, 185.226274
30.605546, 184.864961
31.035520, 184.550300
31.466716, 184.280596
31.897953, 184.054137
32.328108, 183.869206
32.756106, 183.724101
33.180926, 183.617146
33.601592, 183.546699
34.017180, 183.511158
34.426809, 183.508970
34.829642, 183.538635
35.224882, 183.598702
35.611774, 183.687781
35.989602, 183.804535
36.357683, 183.947686
36.715373, 184.116010
37.062057, 184.308340
37.397156, 184.523563
37.720119, 184.760616
38.030425, 185.018491
38.327580, 185.296225
38.611119, 185.592905
38.880600, 185.907662
39.135610, 186.239669
39.375755, 186.588143
39.600667, 186.952337
39.810000, 187.331543
40.003430, 187.725090
40.180652, 188.132336
40.341383, 188.552675
40.485359, 188.985531
40.612335, 189.430353
40.722084, 189.886621
40.814398, 190.353839
40.889087, 190.831534
40.945977, 191.319259
40.984910, 191.816585
41.005748, 192.323105
41.008365, 192.838432
40.992653, 193.362197
40.958518, 193.894047
40.905883, 194.433646
40.834684, 194.980674
40.744874, 195.534825
40.636416, 196.095806
40.509292, 196.663338
40.363494, 197.237154
40.199030, 197.816997
40.015920, 198.402624
39.814198, 198.993799
39.593910, 199.590298
39.355115, 200.191906
39.097885, 200.798415
38.822305, 201.409627
38.528471, 202.025351
38.216490, 202.645402
37.886483, 203.269604
37.538582, 203.897786
37.172928, 204.529784
36.789677, 205.165438
36.388993, 205.804595
35.971053, 206.447105
35.536042, 207.092826
35.084159, 207.741616
34.615610, 208.393341
34.130612, 209.047866
33.629394, 209.705063
33.112191, 210.364805
32.579251, 211.026970
32.030829, 211.691434
31.467190, 212.358078
30.888609, 213.026785
30.295367, 213.697437
29.687756, 214.369916
29.066076, 215.044108
28.430634, 215.719895
27.781745, 216.397160
27.119734, 217.075784
26.444931, 217.755644
25.757673, 218.436617
25.058307, 219.118574
24.347185, 219.801381
23.624665, 220.484897
22.891113, 221.168974
22.146900, 221.853452
21.392403, 222.538160
20.628008, 223.222910
19.854101, 223.907495
19.071078, 224.591684
18.279338, 225.275216
17.479286, 225.957791
16.671330, 226.639064
15.855884, 227.318624
15.033367, 227.995985
14.204199, 228.670554
13.368808, 229.341603
12.527621, 230.008217
11.681073, 230.669225
10.829599, 231.323101
9.973640, 231.967802
9.113639, 232.600524
8.250042, 233.217302
7.383301, 233.812314
6.513873, 234.376641
5.642221, 234.895865
4.768826, 235.345015
3.894195, 235.676718
3.018902, 235.788730
2.143729, 235.412120
1.270360, 233.539697
0.411079, 220.669599
0.508352, 77.262756
1.369781, 67.855454
2.239121, 66.283055
3.107803, 65.988500
3.974351, 66.132927
4.838031, 66.479506
5.698284, 66.935587
6.554614, 67.457464
7.406555, 68.021818
8.253650, 68.615057
9.095457, 69.228713
9.931535, 69.857226
10.761451, 70.496788
11.584779, 71.144695
12.401092, 71.798967
13.209973, 72.458117
14.011007, 73.121000
14.803784, 73.786716
15.587898, 74.454544
16.362950, 75.123893
17.128545, 75.794276
17.884294, 76.465277
18.629814, 77.136542
19.364726, 77.807763
20.088660, 78.478665
20.801249, 79.149005
21.502136, 79.818560
22.190968, 80.487127
22.867400, 81.154514
23.531096, 81.820544
24.181724, 82.485047
24.818961, 83.147859
25.442494, 83.808823
26.052016, 84.467784
26.647227, 85.124592
27.227839, 85.779096
27.793569, 86.431147
28.344147, 87.080595
28.879308, 87.727291
29.398799, 88.371081
29.902377, 89.011813
30.389805, 89.649329
30.860861, 90.283469
31.315329, 90.914070
31.753007, 91.540964
32.173700, 92.163978
32.577227, 92.782933
32.963416, 93.397647
33.332107, 94.007930
33.683152, 94.613584
34.016413, 95.214406
34.331766, 95.810185
34.629098, 96.400701
34.908308, 96.985725
35.169309, 97.565019
35.412024, 98.138335
35.636394, 98.705414
35.842368, 99.265986
36.029912, 99.819770
36.199004, 100.366469
36.349639, 100.905776
36.481822, 101.437367
36.595577, 101.960905
36.690941, 102.476034
36.767966, 102.982384
36.826721, 103.479564
36.867290, 103.967166
36.889774, 104.444760
36.894292, 104.911895
36.880978, 105.368096
36.849985, 105.812866
36.801486, 106.245680
36.735670, 106.665988
36.652746, 107.073208
36.552946, 107.466733
36.436518, 107.845918
36.303734, 108.210087
36.154888, 108.558530
35.990297, 108.890496
35.810301, 109.205196
35.615265, 109.501801
35.405579, 109.779435
35.181660, 110.037179
34.943954, 110.274065
34.692934, 110.489077
34.429105, 110.681145
34.153003, 110.849148
33.865196, 110.991908
33.566290, 111.108192
33.256924, 111.196710
32.937776, 111.256113
32.609566, 111.284995
32.273053, 111.281893
31.929041, 111.245287
31.578382, 111.173606
31.221972, 111.065229
30.860760, 110.918491
30.495747, 110.731691
30.127988, 110.503101
29.758592, 110.230977
29.388729, 109.913574
29.019625, 109.549166
28.652568, 109.136063
28.288906, 108.672641
27.930046, 108.157366
27.577455, 107.588835
27.232659, 106.965807
26.897236, 106.287253
26.572813, 105.552398
26.261063, 104.760775
25.963692, 103.912276
25.682434, 103.007209
25.419036, 102.046352
25.175245, 101.031004
24.952794, 99.963030
24.753380, 98.844903
24.578649, 97.679726
24.430173, 96.471247
24.309427, 95.223850
24.217771, 93.942533
24.156424, 92.632861
24.126449, 91.300896
24.128730, 89.953113
24.163964, 88.596290
24.232641, 87.237395
24.335047, 85.883456
24.471254, 84.541430
24.641123, 83.218080
24.844315, 81.919853
25.080296, 80.652780
25.348352, 79.422390
25.647607, 78.233638
25.977039, 77.090870
26.335504, 75.997790
26.721748, 74.957462
27.134436, 73.972320
27.572163, 73.044197
28.033477, 72.174363
28.516894, 71.363572
29.020910, 70.612114
29.544018, 69.919870
30.084716, 69.286365
30.641515, 68.710824
31.212952, 68.192221
31.797588, 67.729325
32.394021, 67.320747
33.000882, 66.964972
33.616843, 66.660397
34.240616, 66.405359
34.870953, 66.198162
35.506650, 66.037092
36.146541, 65.920443
36.789505, 65.846524
37.434458, 65.813675
38.080356, 65.820277
38.726193, 65.864753
39.370998, 65.945581
40.013838, 66.061292
40.653812, 66.210476
41.290052, 66.391783
41.921721, 66.603921
42.548013, 66.845660
43.168150, 67.115829
43.781383, 67.413316
44.386987, 67.737066
44.984265, 68.086081
45.572544, 68.459416
46.151174, 68.856179
46.719529, 69.275529
47.277003, 69.716673
47.823014, 70.178866
48.357000, 70.661405
48.878419, 71.163633
49.386748, 71.684934
49.881484, 72.224730
50.362143, 72.782482
50.828260, 73.357686
51.279386, 73.949875
51.715091, 74.558613
52.134964, 75.183497
52.538608, 75.824156
52.925647, 76.480245
53.295719, 77.151452
53.648479, 77.837489
53.983602, 78.538097
54.300775, 79.253041
54.599706, 79.982113
54.880117, 80.725127
55.141746, 81.481922
55.384351, 82.252361
55.607703, 83.036329
55.811593, 83.833733
55.995826, 84.644504
56.160227, 85.468593
56.304634, 86.305973
56.428907, 87.156639
56.532921, 88.020609
56.616567, 88.897921
56.679758, 89.788634
56.722422, 90.692832
56.744507, 91.610619
56.745978, 92.542121
56.726821, 93.487490
56.687039, 94.446897
56.626657, 95.420542
56.545720, 96.408645
56.444292, 97.411454
56.322459, 98.429243
56.180328, 99.462311
56.018029, 100.510986
55.835715, 101.575625
55.633561, 102.656615
55.411767, 103.754374
55.170557, 104.869350
54.910182, 106.002029
54.630918, 107.152928
54.333069, 108.322602
54.016969, 109.511647
53.682978, 110.720693
53.331491, 111.950416
52.962933, 113.201535
52.577760, 114.474811
52.176467, 115.771055
51.759584, 117.091125
51.327677, 118.435930
50.881355, 119.806431
50.421268, 121.203645
49.948108, 122.628640
49.462617, 124.082545
48.965581, 125.566544
48.457842, 127.081880
47.940292, 128.629855
47.413881, 130.211828
46.879617, 131.829216
46.338574, 133.483488
45.791886, 135.176167
45.240760, 136.908822
44.686473, 138.683060
44.130376, 140.500525
43.573898, 142.362878
43.018550, 144.271793
42.465924, 146.228935
41.917696, 148.235946
41.375630, 150.294417
40.841577, 152.405868
40.317472, 154.571711
39.805336, 156.793221
39.307273, 159.071493
38.825462, 161.407399
38.362155, 163.801542
37.919662, 166.254205
37.500346, 168.765301
37.106604, 171.334315
36.740853, 173.960260
36.405510, 176.641623
36.102965, 179.376327
35.835562, 182.161696
35.605569, 184.994440
35.415147, 187.870646
35.266323, 190.785791
35.160959, 193.734777
35.100723, 196.711981
35.087062, 199.711327
35.121182, 202.726379
35.204023, 205.750444
35.336251, 208.776693
35.518246, 211.798281
35.750101, 214.808475
36.031627, 217.800767
36.362362, 220.768990
36.741584, 223.707411
37.168334, 226.610803
37.641437, 229.474511
38.159527, 232.294482
38.721072, 235.067283
39.324405, 237.790106
39.967747, 240.460744
40.649234, 243.077568
41.366940, 245.639482
42.118901, 248.145880
42.903127, 250.596598
43.717628, 252.991854
44.560423, 255.332202
45.429550, 257.618477
46.323084, 259.851753
47.239133, 262.033290
48.175854, 264.164502
49.131453, 266.246917
50.104189, 268.282144
51.092373, 270.271851
52.094374, 272.217736
53.108615, 274.121510
54.133575, 275.984883
55.167786, 277.809543
56.209836, 279.597154
57.258359, 281.349342
58.312044, 283.067690
59.369625, 284.753734
60.429882, 286.408956
61.491638, 288.034788
62.553762, 289.632602
63.615158, 291.203718
64.674771, 292.749400
65.731583, 294.270856
66.784608, 295.769239
67.832895, 297.245651
68.875525, 298.701143
69.911608, 300.136714
70.940284, 301.553319
71.960719, 302.951865
72.972106, 304.333216
73.973665, 305.698194
74.964638, 307.047581
75.944291, 308.382122
76.911913, 309.702525
77.866815, 311.009465
78.808329, 312.303585
79.735805, 313.585496
80.648617, 314.855780
81.546154, 316.114993
82.427827, 317.363665
83.293062, 318.602300
84.141307, 319.831381
84.972024, 321.051368
85.784693, 322.262701
86.578812, 323.465801
87.353892, 324.661070
88.109466, 325.848894
88.845077, 327.029641
89.560288, 328.203667
90.254675, 329.371310
90.927832, 330.532897
91.579367, 331.688742
92.208901, 332.839148
92.816074, 333.984404
93.400539, 335.124792
93.961964, 336.260583
94.500031, 337.392038
95.014439, 338.519410
95.504898, 339.642945
95.971136, 340.762880
96.412895, 341.879447
96.829929, 342.992870
97.222010, 344.103367
97.588922, 345.211152
97.930465, 346.316432
98.246451, 347.419411
98.536709, 348.520288
98.801082, 349.619259
99.039425, 350.716514
99.251611, 351.812244
99.437523, 352.906633
99.597064, 353.999866
99.730145, 355.092123
99.836696, 356.183585
99.916659, 357.274429
99.969992, 358.364833
99.996665, 359.454974
99.996665, 0.545026
99.969992, 1.635167
99.916659, 2.725571
99.836696, 3.816415
99.730145, 4.907877
99.597064, 6.000134
99.437523, 7.093367
99.251611, 8.187756
99.039425, 9.283486
98.801082, 10.380741
98.536709, 11.479712
98.246451, 12.580589
97.930465, 13.683568
97.588922, 14.788848
97.222010, 15.896633
96.829929, 17.007130
96.412895, 18.120553
95.971136, 19.237120
95.504898, 20.357055
95.014439, 21.480590
94.500031, 22.607962
93.961964, 23.739417
93.400539, 24.875208
92.816074, 26.015596
92.208901, 27.160852
91.579367, 28.311258
90.927832, 29.467103
90.254675, 30.628690
89.560288, 31.796333
88.845077, 32.970359
88.109466, 34.151106
87.353892, 35.338930
86.578812, 36.534199
85.784693, 37.737299
84.972024, 38.948632
84.141307, 40.168619
83.293062, 41.397700
82.427827, 42.636335
81.546154, 43.885007
80.648617, 45.144220
79.735805, 46.414504
78.808329, 47.696415
77.866815, 48.990535
76.911913, 50.297475
75.944291, 51.617878
74.964638, 52.952419
73.973665, 54.301806
72.972106, 55.666784
71.960719, 57.048135
70.940284, 58.446681
69.911608, 59.863286
68.875525, 61.298857
67.832895, 62.754349
66.784608, 64.230761
65.731583, 65.729144
64.674771, 67.250600
63.615158, 68.796282
62.553762, 70.367398
61.491638, 71.965212
60.429882, 73.591044
59.369625, 75.246266
58.312044, 76.932310
57.258359, 78.650658
56.209836, 80.402846
55.167786, 82.190457
54.133575, 84.015117
53.108615, 85.878490
52.094374, 87.782264
51.092373, 89.728149
50.104189, 91.717856
49.131453, 93.753083
48.175854, 95.835498
47.239133, 97.966710
46.323084, 100.148247
45.429550, 102.381523
44.560423, 104.667798
43.717628, 107.008146
42.903127, 109.403402
42.118901, 111.854120
41.366940, 114.360518
40.649234, 116.922432
39.967747, 119.539256
39.324405, 122.209894
38.721072, 124.932717
38.159527, 127.705518
37.641437, 130.525489
37.168334, 133.389197
36.741584, 136.292589
36.362362, 139.231010
36.031627, 142.199233
35.750101, 145.191525
35.518246, 148.201719
35.336251, 151.223307
35.204023, 154.249556
35.121182, 157.273621
35.087062, 160.288673
35.100723, 163.288019
35.160959, 166.265223
35.266323, 169.214209
35.415147, 172.129354
35.605569, 175.005560
35.835562, 177.838304
36.102965, 180.623673
36.405510, 183.358377
36.740853, 186.039740
37.106604, 188.665685
37.500346, 191.234699
37.919662, 193.745795
38.362155, 196.198458
38.825462, 198.592601
39.307273, 200.928507
39.805336, 203.206779
40.317472, 205.428289
40.841577, 207.594132
41.375630, 209.705583
41.917696, 211.764054
42.465924, 213.771065
43.018550, 215.728207
43.573898, 217.637122
44.130376, 219.499475
44.686473, 221.316940
45.240760, 223.091178
45.791886, 224.823833
46.338574, 226.516512
46.879617, 228.170784
47.413881, 229.788172
47.940292, 231.370145
48.457842, 232.918120
48.965581, 234.433456
49.462617, 235.917455
49.948108, 237.371360
50.421268, 238.796355
50.881355, 240.193569
51.327677, 241.564070
51.759584, 242.908875
52.176467, 244.228945
52.577760, 245.525189
52.962933, 246.798465
53.331491, 248.049584
53.682978, 249.279307
54.016969, 250.488353
54.333069, 251.677398
54.630918, 252.847072
54.910182, 253.997971
55.170557, 255.130650
55.411767, 256.245626
55.633561, 257.343385
55.835715, 258.424375
56.018029, 259.489014
56.180328, 260.537689
56.322459, 261.570757
56.444292, 262.588546
56.545720, 263.591355
56.626657, 264.579458
56.687039, 265.553103
56.726821, 266.512510
56.745978, 267.457879
56.744507, 268.389381
56.722422, 269.307168
56.679758, 270.211366
56.616567, 271.102079
56.532921, 271.979391
56.428907, 272.843361
56.304634, 273.694027
56.160227, 274.531407
55.995826, 275.355496
55.811593, 276.166267
55.607703, 276.963671
55.384351, 277.747639
55.141746, 278.518078
54.880117, 279.274873
54.599706, 280.017887
54.300775, 280.746959
53.983602, 281.461903
53.648479, 282.162511
53.295719, 282.848548
52.925647, 283.519755
52.538608, 284.175844
52.134964, 284.816503
51.715091, 285.441387
51.279386, 286.050125
50.828260, 286.642314
50.362143, 287.217518
49.881484, 287.775270
49.386748, 288.315066
48.878419, 288.836367
48.357000, 289.338595
47.823014, 289.821134
47.277003, 290.283327
46.719529, 290.724471
46.151174, 291.143821
45.572544, 291.540584
44.984265, 291.913919
44.386987, 292.262934
43.781383, 292.586684
43.168150, 292.884171
42.548013, 293.154340
41.921721, 293.396079
41.290052, 293.608217
40.653812, 293.789524
40.013838, 293.938708
39.370998, 294.054419
38.726193, 294.135247
38.080356, 294.179723
37.434458, 294.186325
36.789505, 294.153476
36.146541, 294.079557
35.506650, 293.962908
34.870953, 293.801838
34.240616, 293.594641
33.616843, 293.339603
33.000882, 293.035028
32.394021, 292.679253
31.797588, 292.270675
31.212952, 291.807779
30.641515, 291.289176
30.084716, 290.713635
29.544018, 290.080130
29.020910, 289.387886
28.516894, 288.636428
28.033477, 287.825637
27.572163, 286.955803
27.134436, 286.027680
26.721748, 285.042538
26.335504, 284.002210
25.977039, 282.909130
25.647607, 281.766362
25.348352, 280.577610
25.080296, 279.347220
24.844315, 278.080147
24.641123, 276.781920
24.471254, 275.458570
24.335047, 274.116544
24.232641, 272.762605
24.163964, 271.403710
24.128730, 270.046887
24.126449, 268.699104
24.156424, 267.367139
24.217771, 266.057467
24.309427, 264.776150
24.430173, 263.528753
24.578649, 262.320274
24.753380, 261.155097
24.952794, 260.036970
25.175245, 258.968996
25.419036, 257.953648
25.682434, 256.992791
25.963692, 256.087724
26.261063, 255.239225
26.572813, 254.447602
26.897236, 253.712747
27.232659, 253.034193
27.577455, 252.411165
27.930046, 251.842634
28.288906, 251.327359
28.652568, 250.863937
29.019625, 250.450834
29.388729, 250.086426
29.758592, 249.769023
30.127988, 249.496899
30.495747, 249.268309
30.860760, 249.081509
31.221972, 248.934771
31.578382, 248.826394
31.929041, 248.754713
32.273053, 248.718107
32.609566, 248.715005
32.937776, 248.743887
33.256924, 248.803290
33.566290, 248.891808
33.865196, 249.008092
34.153003, 249.150852
34.429105, 249.318855
34.692934, 249.510923
34.943954, 249.725935
35.181660, 249.962821
35.405579, 250.220565
35.615265, 250.498199
35.810301, 250.794804
35.990297, 251.109504
36.154888, 251.441470
36.303734, 251.789913
36.436518, 252.154082
36.552946, 252.533267
36.652746, 252.926792
36.735670, 253.334012
36.801486, 253.754320
36.849985, 254.187134
36.880978, 254.631904
36.894292, 255.088105
36.889774, 255.555240
36.867290, 256.032834
36.826721, 256.520436
36.767966, 257.017616
36.690941, 257.523966
36.595577, 258.039095
36.481822, 258.562633
36.349639, 259.094224
36.199004, 259.633531
36.029912, 260.180230
35.842368, 260.734014
35.636394, 261.294586
35.412024, 261.861665
35.169309, 262.434981
34.908308, 263.014275
34.629098, 263.599299
34.331766, 264.189815
34.016413, 264.785594
33.683152, 265.386416
33.332107, 265.992070
32.963416, 266.602353
32.577227, 267.217067
32.173700, 267.836022
31.753007, 268.459036
31.315329, 269.085930
30.860861, 269.716531
30.389805, 270.350671
29.902377, 270.988187
29.398799, 271.628919
28.879308, 272.272709
28.344147, 272.919405
27.793569, 273.568853
27.227839, 274.220904
26.647227, 274.875408
26.052016, 275.532216
25.442494, 276.191177
24.818961, 276.852141
24.181724, 277.514953
23.531096, 278.179456
22.867400, 278.845486
22.190968, 279.512873
21.502136, 280.181440
20.801249, 280.850995
20.088660, 281.521335
19.364726, 282.192237
18.629814, 282.863458
17.884294, 283.534723
17.128545, 284.205724
16.362950, 284.876107
15.587898, 285.545456
14.803784, 286.213284
14.011007, 286.879000
13.209973, 287.541883
12.401092, 288.201033
11.584779, 288.855305
10.761451, 289.503212
9.931535, 290.142774
9.095457, 290.771287
8.253650, 291.384943
7.406555, 291.978182
6.554614, 292.542536
5.698284, 293.064413
4.838031, 293.520494
3.974351, 293.867073
3.107803, 294.011500
2.239121, 293.716945
1.369781, 292.144546
0.508352, 282.737244
0.411079, 139.330401
1.270360, 126.460303
2.143729, 124.587880
3.018902, 124.211270
3.894195, 124.323282
4.768826, 124.654985
5.642221, 125.104135
6.513873, 125.623359
7.383301, 126.187686
8.250042, 126.782698
9.113639, 127.399476
9.973640, 128.032198
10.829599, 128.676899
11.681073, 129.330775
12.527621, 129.991783
13.368808, 130.658397
14.204199, 131.329446
15.033367, 132.004015
15.855884, 132.681376
16.671330, 133.360936
17.479286, 134.042209
18.279338, 134.724784
19.071078, 135.408316
19.854101, 136.092505
20.628008, 136.777090
21.392403, 137.461840
22.146900, 138.146548
22.891113, 138.831026
23.624665, 139.515103
24.347185, 140.198619
25.058307, 140.881426
25.757673, 141.563383
26.444931, 142.244356
27.119734, 142.924216
27.781745, 143.602840
28.430634, 144.280105
29.066076, 144.955892
29.687756, 145.630084
30.295367, 146.302563
30.888609, 146.973215
31.467190, 147.641922
32.030829, 148.308566
32.579251, 148.973030
33.112191, 149.635195
33.629394, 150.294937
34.130612, 150.952134
34.615610, 151.606659
35.084159, 152.258384
35.536042, 152.907174
35.971053, 153.552895
36.388993, 154.195405
36.789677, 154.834562
37.172928, 155.470216
37.538582, 156.102214
37.886483, 156.730396
38.216490, 157.354598
38.528471, 157.974649
38.822305, 158.590373
39.097885, 159.201585
39.355115, 159.808094
39.593910, 160.409702
39.814198, 161.006201
40.015920, 161.597376
40.199030, 162.183003
40.363494, 162.762846
40.509292, 163.336662
40.636416, 163.904194
40.744874, 164.465175
40.834684, 165.019326
40.905883, 165.566354
40.958518, 166.105953
40.992653, 166.637803
41.008365, 167.161568
41.005748, 167.676895
40.984910, 168.183415
40.945977, 168.680741
40.889087, 169.168466
40.814398, 169.646161
40.722084, 170.113379
40.612335, 170.569647
40.485359, 171.014469
40.341383, 171.447325
40.180652, 171.867664
40.003430, 172.274910
39.810000, 172.668457
39.600667, 173.047663
39.375755, 173.411857
39.135610, 173.760331
38.880600, 174.092338
38.611119, 174.407095
38.327580, 174.703775
38.030425, 174.981509
37.720119, 175.239384
37.397156, 175.476437
37.062057, 175.691660
36.715373, 175.883990
36.357683, 176.052314
35.989602, 176.195465
35.611774, 176.312219
35.224882, 176.401298
34.829642, 176.461365
34.426809, 176.491030
34.017180, 176.488842
33.601592, 176.453301
33.180926, 176.382854
32.756106, 176.275899
32.328108, 176.130794
31.897953, 175.945863
31.466716, 175.719404
31.035520, 175.449700
30.605546, 175.135039
30.178027, 174.773726
29.754252, 174.364105
29.335564, 173.904588
28.923363, 173.393681
28.519100, 172.830016
28.124276, 172.212394
27.740441, 171.539823
27.369185, 170.811565
27.012135, 170.027187
26.670943, 169.186614
26.347281, 168.290179
26.042823, 167.338680
25.759236, 166.333427
25.498161, 165.276288
25.261196, 164.169725
25.049880, 163.016819
24.865666, 161.821282
24.709905, 160.587450
24.583826, 159.320259
24.488512, 158.025195
24.424881, 156.708236
24.393675, 155.375756
24.395441, 154.034433
24.430525, 152.691125
24.499063, 151.352753
24.600985, 150.026169
24.736010, 148.718037
24.903661, 147.434716
25.103274, 146.182159
25.334009, 144.965829
25.594872, 143.790634
25.884730, 142.660881
26.202332, 141.580256
26.546329, 140.551814
26.915295, 139.577994
27.307743, 138.660645
27.722146, 137.801062
28.156951, 137.000032
28.610594, 136.257882
29.081510, 135.574535
29.568148, 134.949564
30.068978, 134.382240
30.582496, 133.871584
31.107232, 133.416416
31.641755, 133.015391
32.184674, 132.667041
32.734641, 132.369808
33.290353, 132.122073
33.850554, 131.922178
34.414030, 131.768451
34.979614, 131.659221
35.546184, 131.592835
36.112659, 131.567665
36.678002, 131.582124
37.241215, 131.634667
37.801340, 131.723801
38.357459, 131.848086
38.908688, 132.006140
39.454178, 132.196640
39.993114, 132.418321
40.524716, 132.669979
41.048231, 132.950469
41.562937, 133.258706
42.068142, 133.593661
42.563181, 133.954362
43.047414, 134.339891
43.520229, 134.749385
43.981036, 135.182028
44.429272, 135.637059
44.864394, 136.113762
45.285884, 136.611466
45.693244, 137.129545
46.085999, 137.667418
46.463693, 138.224542
46.825893, 138.800414
47.172183, 139.394571
47.502168, 140.006585
47.815474, 140.636064
48.111743, 141.282651
48.390638, 141.946020
48.651841, 142.625880
48.895049, 143.321970
49.119983, 144.034060
49.326377, 144.761950
49.513986, 145.505469
49.682585, 146.264475
49.831963, 147.038856
49.961930, 147.828527
50.072315, 148.633429
50.162963, 149.453535
50.233741, 150.288843
50.284532, 151.139380
50.315239, 152.005201
50.325785, 152.886390
50.316111, 153.783060
50.286180, 154.695353
50.235973, 155.623440
50.165492, 156.567525
50.074761, 157.527843
49.963825, 158.504660
49.832751, 159.498277
49.681627, 160.509031
49.510566, 161.537294
49.319705, 162.583474
49.109203, 163.648023
48.879247, 164.731429
48.630049, 165.834227
48.361848, 166.956995
48.074911, 168.100360
47.769536, 169.264998
47.446050, 170.451636
47.104811, 171.661059
46.746214, 172.894108
46.370686, 174.151686
45.978691, 175.434759
45.570733, 176.744361
45.147357, 178.081597
44.709150, 179.447647
44.256746, 180.843767
43.790826, 182.271293
43.312123, 183.731649
42.821424, 185.226342
42.319575, 186.756972
41.807481, 188.325227
41.286115, 189.932892
40.756517, 191.581843
40.219803, 193.274049
39.677167, 195.011571
39.129884, 196.796553
38.579320, 198.631221
38.026932, 200.517869
37.474277, 202.458848
36.923013, 204.456545
36.374905, 206.513364
35.831833, 208.631698
35.295788, 210.813888
34.768879, 213.062185
34.253333, 215.378699
33.751495, 217.765339
33.265820, 220.223740
32.798873, 222.755193
32.353317, 225.360554
31.931900, 228.040157
31.537436, 230.793716
31.172786, 233.620230
30.840828, 236.517892
30.544427, 239.484008
30.286397, 242.514934
30.069463, 245.606032
29.896212, 248.751662
29.769055, 251.945204
29.690175, 255.179126
29.661489, 258.445086
29.684609, 261.734082
29.760806, 265.036633
29.890991, 268.342985
##END=
