##TITLE= Parameter file, TopSpin 4.3.0
##JCAMPDX= 5.0
##DATATYPE= Parameter Values
##ORIGIN= Bruker BioSpin GmbH
##OWNER= nmrsu
$$ 2024-05-28 10:12:59.246 +0100  nmrsu@4CE1161FJM
$$ C:/Bruker/TopSpin4.3.0/exp/stan/nmr/lists/wave/user/multisupp_aux_d8
$$ process C:\Bruker\TopSpin4.3.0\prog\mod\xwinshape.exe
##MINX= 2.25631600
##MAXX= 99.99938900
##MINY= 0.41668100
##MAXY= 359.58331900
##$SHAPE_ADDPHASE= 0
##$SHAPE_AMP= 99.99938912
##$SHAPE_BWFAC= 0
##$SHAPE_BWFAC50= 0
##$SHAPE_CALCBW= yes
##$SHAPE_CALCINTEG= yes
##$SHAPE_EXMODE= <Excitation>
##$SHAPE_EXPAND= <>
##$SHAPE_EXPANDCF= (0..143)
0 0 0 0 0 0 0 0 0 0 0 0 0 0 0 0 0 0 0 0 0 0 0 0 0 0 0 0 0 0 0 0 0 0 0 0
0 0 0 0 0 0 0 0 0 0 0 0 0 0 0 0 0 0 0 0 0 0 0 0 0 0 0 0 0 0 0 0 0 0 0 0
0 0 0 0 0 0 0 0 0 0 0 0 0 0 0 0 0 0 0 0 0 0 0 0 0 0 0 0 0 0 0 0 0 0 0 0
0 0 0 0 0 0 0 0 0 0 0 0 0 0 0 0 0 0 0 0 0 0 0 0 0 0 0 0 0 0 0 0 0 0 0 0
##$SHAPE_EXPFAC= 0
##$SHAPE_FRACEND= 0
##$SHAPE_FRACORG= 0
##$SHAPE_FRACSTART= 0
##$SHAPE_INTEGFAC= 0
##$SHAPE_KEEPRES= yes
##$SHAPE_LENGTH= 25000.000373
##$SHAPE_MAN= <M>
##$SHAPE_MODE= 3
##$SHAPE_MODFREQ= 0
##$SHAPE_MODPHASE= 0
##$SHAPE_MODSCALE= 0
##$SHAPE_MODSW= 0
##$SHAPE_MODSWDIR= -1
##$SHAPE_NPOINTS= 1250
##$SHAPE_OFFS= <1 3>
##$SHAPE_OFFSCOEFF= (0..95)
-145.21654 0 100 -215.54275 0 100 -281.45941 0 100 0 0 0 0 0 0 0 0 0 0
0 0 0 0 0 0 0 0 0 0 0 0 0 0 0 0 0 0 0 0 0 0 0 0 0 0 0 0 0 0 0 0 0 0 0 0
0 0 0 0 0 0 0 0 0 0 0 0 0 0 0 0 0 0 0 0 0 0 0 0 0 0 0 0 0 0 0 0 0 0 0 0
0 0 0 0 0
##$SHAPE_PARAMETER= <>
##$SHAPE_REPHFAC= 0
##$SHAPE_RES= 0
##$SHAPE_SCALEFAC= 1.00000611
##$SHAPE_SCALETYPE= 0
##$SHAPE_SPOAL= 0
##$SHAPE_SPOFFS= 0
##$SHAPE_SPOPH= 0
##$SHAPE_TOTROT= 90
##$SHAPE_TYPE= <Excitation>
##$SHAPE_USER_DEF= <>
##$SHAPE_VERSION= 2.1
##$SHL_ADDPHASE= (0..15)
0 0 0 0 0 0 0 0 0 0 0 0 0 0 0 0
##$SHL_ALIGNOFFSET= (0..15)
0 0 0 0 0 0 0 0 0 0 0 0 0 0 0 0
##$SHL_AMP= (0..15)
100 0 0 0 0 0 0 0 0 0 0 0 0 0 0 0
##$SHL_AMPFAC= (0..15)
0 0 0 0 0 0 0 0 0 0 0 0 0 0 0 0
##$SHL_BETA= (0..15)
0 0 0 0 0 0 0 0 0 0 0 0 0 0 0 0
##$SHL_BWFAC= (0..15)
1.116 0 0 0 0 0 0 0 0 0 0 0 0 0 0 0
##$SHL_CALCBW= (0..15)
yes yes yes yes yes yes yes yes yes yes yes yes yes yes yes yes
##$SHL_CALCINTEG= (0..15)
yes yes yes yes yes yes yes yes yes yes yes yes yes yes yes yes
##$SHL_CENTERAMP= (0..15)
0 0 0 0 0 0 0 0 0 0 0 0 0 0 0 0
##$SHL_CYCNUM= (0..15)
0 0 0 0 0 0 0 0 0 0 0 0 0 0 0 0
##$SHL_DIPOLCPL= (0..15)
0 0 0 0 0 0 0 0 0 0 0 0 0 0 0 0
##$SHL_ENDAMP= (0..15)
0 0 0 0 0 0 0 0 0 0 0 0 0 0 0 0
##$SHL_EXMODE= (0..15)
<Excitation> <> <> <> <> <> <> <> <> <> <> <> <> <> <> <>
##$SHL_EXPAND= (0..15)
<> <> <> <> <> <> <> <> <> <> <> <> <> <> <> <>
##$SHL_EXPANDCF0= (0..143)
0 0 0 0 0 0 0 0 0 0 0 0 0 0 0 0 0 0 0 0 0 0 0 0 0 0 0 0 0 0 0 0 0 0 0 0
0 0 0 0 0 0 0 0 0 0 0 0 0 0 0 0 0 0 0 0 0 0 0 0 0 0 0 0 0 0 0 0 0 0 0 0
0 0 0 0 0 0 0 0 0 0 0 0 0 0 0 0 0 0 0 0 0 0 0 0 0 0 0 0 0 0 0 0 0 0 0 0
0 0 0 0 0 0 0 0 0 0 0 0 0 0 0 0 0 0 0 0 0 0 0 0 0 0 0 0 0 0 0 0 0 0 0 0
##$SHL_EXPANDCF1= (0..143)
0 0 0 0 0 0 0 0 0 0 0 0 0 0 0 0 0 0 0 0 0 0 0 0 0 0 0 0 0 0 0 0 0 0 0 0
0 0 0 0 0 0 0 0 0 0 0 0 0 0 0 0 0 0 0 0 0 0 0 0 0 0 0 0 0 0 0 0 0 0 0 0
0 0 0 0 0 0 0 0 0 0 0 0 0 0 0 0 0 0 0 0 0 0 0 0 0 0 0 0 0 0 0 0 0 0 0 0
0 0 0 0 0 0 0 0 0 0 0 0 0 0 0 0 0 0 0 0 0 0 0 0 0 0 0 0 0 0 0 0 0 0 0 0
##$SHL_EXPANDCF10= (0..143)
0 0 0 0 0 0 0 0 0 0 0 0 0 0 0 0 0 0 0 0 0 0 0 0 0 0 0 0 0 0 0 0 0 0 0 0
0 0 0 0 0 0 0 0 0 0 0 0 0 0 0 0 0 0 0 0 0 0 0 0 0 0 0 0 0 0 0 0 0 0 0 0
0 0 0 0 0 0 0 0 0 0 0 0 0 0 0 0 0 0 0 0 0 0 0 0 0 0 0 0 0 0 0 0 0 0 0 0
0 0 0 0 0 0 0 0 0 0 0 0 0 0 0 0 0 0 0 0 0 0 0 0 0 0 0 0 0 0 0 0 0 0 0 0
##$SHL_EXPANDCF11= (0..143)
0 0 0 0 0 0 0 0 0 0 0 0 0 0 0 0 0 0 0 0 0 0 0 0 0 0 0 0 0 0 0 0 0 0 0 0
0 0 0 0 0 0 0 0 0 0 0 0 0 0 0 0 0 0 0 0 0 0 0 0 0 0 0 0 0 0 0 0 0 0 0 0
0 0 0 0 0 0 0 0 0 0 0 0 0 0 0 0 0 0 0 0 0 0 0 0 0 0 0 0 0 0 0 0 0 0 0 0
0 0 0 0 0 0 0 0 0 0 0 0 0 0 0 0 0 0 0 0 0 0 0 0 0 0 0 0 0 0 0 0 0 0 0 0
##$SHL_EXPANDCF12= (0..143)
0 0 0 0 0 0 0 0 0 0 0 0 0 0 0 0 0 0 0 0 0 0 0 0 0 0 0 0 0 0 0 0 0 0 0 0
0 0 0 0 0 0 0 0 0 0 0 0 0 0 0 0 0 0 0 0 0 0 0 0 0 0 0 0 0 0 0 0 0 0 0 0
0 0 0 0 0 0 0 0 0 0 0 0 0 0 0 0 0 0 0 0 0 0 0 0 0 0 0 0 0 0 0 0 0 0 0 0
0 0 0 0 0 0 0 0 0 0 0 0 0 0 0 0 0 0 0 0 0 0 0 0 0 0 0 0 0 0 0 0 0 0 0 0
##$SHL_EXPANDCF13= (0..143)
0 0 0 0 0 0 0 0 0 0 0 0 0 0 0 0 0 0 0 0 0 0 0 0 0 0 0 0 0 0 0 0 0 0 0 0
0 0 0 0 0 0 0 0 0 0 0 0 0 0 0 0 0 0 0 0 0 0 0 0 0 0 0 0 0 0 0 0 0 0 0 0
0 0 0 0 0 0 0 0 0 0 0 0 0 0 0 0 0 0 0 0 0 0 0 0 0 0 0 0 0 0 0 0 0 0 0 0
0 0 0 0 0 0 0 0 0 0 0 0 0 0 0 0 0 0 0 0 0 0 0 0 0 0 0 0 0 0 0 0 0 0 0 0
##$SHL_EXPANDCF14= (0..143)
0 0 0 0 0 0 0 0 0 0 0 0 0 0 0 0 0 0 0 0 0 0 0 0 0 0 0 0 0 0 0 0 0 0 0 0
0 0 0 0 0 0 0 0 0 0 0 0 0 0 0 0 0 0 0 0 0 0 0 0 0 0 0 0 0 0 0 0 0 0 0 0
0 0 0 0 0 0 0 0 0 0 0 0 0 0 0 0 0 0 0 0 0 0 0 0 0 0 0 0 0 0 0 0 0 0 0 0
0 0 0 0 0 0 0 0 0 0 0 0 0 0 0 0 0 0 0 0 0 0 0 0 0 0 0 0 0 0 0 0 0 0 0 0
##$SHL_EXPANDCF15= (0..143)
0 0 0 0 0 0 0 0 0 0 0 0 0 0 0 0 0 0 0 0 0 0 0 0 0 0 0 0 0 0 0 0 0 0 0 0
0 0 0 0 0 0 0 0 0 0 0 0 0 0 0 0 0 0 0 0 0 0 0 0 0 0 0 0 0 0 0 0 0 0 0 0
0 0 0 0 0 0 0 0 0 0 0 0 0 0 0 0 0 0 0 0 0 0 0 0 0 0 0 0 0 0 0 0 0 0 0 0
0 0 0 0 0 0 0 0 0 0 0 0 0 0 0 0 0 0 0 0 0 0 0 0 0 0 0 0 0 0 0 0 0 0 0 0
##$SHL_EXPANDCF2= (0..143)
0 0 0 0 0 0 0 0 0 0 0 0 0 0 0 0 0 0 0 0 0 0 0 0 0 0 0 0 0 0 0 0 0 0 0 0
0 0 0 0 0 0 0 0 0 0 0 0 0 0 0 0 0 0 0 0 0 0 0 0 0 0 0 0 0 0 0 0 0 0 0 0
0 0 0 0 0 0 0 0 0 0 0 0 0 0 0 0 0 0 0 0 0 0 0 0 0 0 0 0 0 0 0 0 0 0 0 0
0 0 0 0 0 0 0 0 0 0 0 0 0 0 0 0 0 0 0 0 0 0 0 0 0 0 0 0 0 0 0 0 0 0 0 0
##$SHL_EXPANDCF3= (0..143)
0 0 0 0 0 0 0 0 0 0 0 0 0 0 0 0 0 0 0 0 0 0 0 0 0 0 0 0 0 0 0 0 0 0 0 0
0 0 0 0 0 0 0 0 0 0 0 0 0 0 0 0 0 0 0 0 0 0 0 0 0 0 0 0 0 0 0 0 0 0 0 0
0 0 0 0 0 0 0 0 0 0 0 0 0 0 0 0 0 0 0 0 0 0 0 0 0 0 0 0 0 0 0 0 0 0 0 0
0 0 0 0 0 0 0 0 0 0 0 0 0 0 0 0 0 0 0 0 0 0 0 0 0 0 0 0 0 0 0 0 0 0 0 0
##$SHL_EXPANDCF4= (0..143)
0 0 0 0 0 0 0 0 0 0 0 0 0 0 0 0 0 0 0 0 0 0 0 0 0 0 0 0 0 0 0 0 0 0 0 0
0 0 0 0 0 0 0 0 0 0 0 0 0 0 0 0 0 0 0 0 0 0 0 0 0 0 0 0 0 0 0 0 0 0 0 0
0 0 0 0 0 0 0 0 0 0 0 0 0 0 0 0 0 0 0 0 0 0 0 0 0 0 0 0 0 0 0 0 0 0 0 0
0 0 0 0 0 0 0 0 0 0 0 0 0 0 0 0 0 0 0 0 0 0 0 0 0 0 0 0 0 0 0 0 0 0 0 0
##$SHL_EXPANDCF5= (0..143)
0 0 0 0 0 0 0 0 0 0 0 0 0 0 0 0 0 0 0 0 0 0 0 0 0 0 0 0 0 0 0 0 0 0 0 0
0 0 0 0 0 0 0 0 0 0 0 0 0 0 0 0 0 0 0 0 0 0 0 0 0 0 0 0 0 0 0 0 0 0 0 0
0 0 0 0 0 0 0 0 0 0 0 0 0 0 0 0 0 0 0 0 0 0 0 0 0 0 0 0 0 0 0 0 0 0 0 0
0 0 0 0 0 0 0 0 0 0 0 0 0 0 0 0 0 0 0 0 0 0 0 0 0 0 0 0 0 0 0 0 0 0 0 0
##$SHL_EXPANDCF6= (0..143)
0 0 0 0 0 0 0 0 0 0 0 0 0 0 0 0 0 0 0 0 0 0 0 0 0 0 0 0 0 0 0 0 0 0 0 0
0 0 0 0 0 0 0 0 0 0 0 0 0 0 0 0 0 0 0 0 0 0 0 0 0 0 0 0 0 0 0 0 0 0 0 0
0 0 0 0 0 0 0 0 0 0 0 0 0 0 0 0 0 0 0 0 0 0 0 0 0 0 0 0 0 0 0 0 0 0 0 0
0 0 0 0 0 0 0 0 0 0 0 0 0 0 0 0 0 0 0 0 0 0 0 0 0 0 0 0 0 0 0 0 0 0 0 0
##$SHL_EXPANDCF7= (0..143)
0 0 0 0 0 0 0 0 0 0 0 0 0 0 0 0 0 0 0 0 0 0 0 0 0 0 0 0 0 0 0 0 0 0 0 0
0 0 0 0 0 0 0 0 0 0 0 0 0 0 0 0 0 0 0 0 0 0 0 0 0 0 0 0 0 0 0 0 0 0 0 0
0 0 0 0 0 0 0 0 0 0 0 0 0 0 0 0 0 0 0 0 0 0 0 0 0 0 0 0 0 0 0 0 0 0 0 0
0 0 0 0 0 0 0 0 0 0 0 0 0 0 0 0 0 0 0 0 0 0 0 0 0 0 0 0 0 0 0 0 0 0 0 0
##$SHL_EXPANDCF8= (0..143)
0 0 0 0 0 0 0 0 0 0 0 0 0 0 0 0 0 0 0 0 0 0 0 0 0 0 0 0 0 0 0 0 0 0 0 0
0 0 0 0 0 0 0 0 0 0 0 0 0 0 0 0 0 0 0 0 0 0 0 0 0 0 0 0 0 0 0 0 0 0 0 0
0 0 0 0 0 0 0 0 0 0 0 0 0 0 0 0 0 0 0 0 0 0 0 0 0 0 0 0 0 0 0 0 0 0 0 0
0 0 0 0 0 0 0 0 0 0 0 0 0 0 0 0 0 0 0 0 0 0 0 0 0 0 0 0 0 0 0 0 0 0 0 0
##$SHL_EXPANDCF9= (0..143)
0 0 0 0 0 0 0 0 0 0 0 0 0 0 0 0 0 0 0 0 0 0 0 0 0 0 0 0 0 0 0 0 0 0 0 0
0 0 0 0 0 0 0 0 0 0 0 0 0 0 0 0 0 0 0 0 0 0 0 0 0 0 0 0 0 0 0 0 0 0 0 0
0 0 0 0 0 0 0 0 0 0 0 0 0 0 0 0 0 0 0 0 0 0 0 0 0 0 0 0 0 0 0 0 0 0 0 0
0 0 0 0 0 0 0 0 0 0 0 0 0 0 0 0 0 0 0 0 0 0 0 0 0 0 0 0 0 0 0 0 0 0 0 0
##$SHL_EXPFAC= (0..15)
0 0 0 0 0 0 0 0 0 0 0 0 0 0 0 0
##$SHL_FRACEND= (0..15)
0 0 0 0 0 0 0 0 0 0 0 0 0 0 0 0
##$SHL_FRACORG= (0..15)
0 0 0 0 0 0 0 0 0 0 0 0 0 0 0 0
##$SHL_FRACSTART= (0..15)
0 0 0 0 0 0 0 0 0 0 0 0 0 0 0 0
##$SHL_FULLHALF= (0..15)
0 0 0 0 0 0 0 0 0 0 0 0 0 0 0 0
##$SHL_FUNCAMP= (0..15)
100 0 0 0 0 0 0 0 0 0 0 0 0 0 0 0
##$SHL_FUNCTION= (0..15)
<Rectangle> <> <> <> <> <> <> <> <> <> <> <> <> <> <> <>
##$SHL_GCO= (0..15)
<> <> <> <> <> <> <> <> <> <> <> <> <> <> <> <>
##$SHL_GCOCOEFFS0= (0..59)
0 0 0 0 0 0 0 0 0 0 0 0 0 0 0 0 0 0 0 0 0 0 0 0 0 0 0 0 0 0 0 0 0 0 0 0
0 0 0 0 0 0 0 0 0 0 0 0 0 0 0 0 0 0 0 0 0 0 0 0
##$SHL_GCOCOEFFS1= (0..59)
0 0 0 0 0 0 0 0 0 0 0 0 0 0 0 0 0 0 0 0 0 0 0 0 0 0 0 0 0 0 0 0 0 0 0 0
0 0 0 0 0 0 0 0 0 0 0 0 0 0 0 0 0 0 0 0 0 0 0 0
##$SHL_GCOCOEFFS10= (0..59)
0 0 0 0 0 0 0 0 0 0 0 0 0 0 0 0 0 0 0 0 0 0 0 0 0 0 0 0 0 0 0 0 0 0 0 0
0 0 0 0 0 0 0 0 0 0 0 0 0 0 0 0 0 0 0 0 0 0 0 0
##$SHL_GCOCOEFFS11= (0..59)
0 0 0 0 0 0 0 0 0 0 0 0 0 0 0 0 0 0 0 0 0 0 0 0 0 0 0 0 0 0 0 0 0 0 0 0
0 0 0 0 0 0 0 0 0 0 0 0 0 0 0 0 0 0 0 0 0 0 0 0
##$SHL_GCOCOEFFS12= (0..59)
0 0 0 0 0 0 0 0 0 0 0 0 0 0 0 0 0 0 0 0 0 0 0 0 0 0 0 0 0 0 0 0 0 0 0 0
0 0 0 0 0 0 0 0 0 0 0 0 0 0 0 0 0 0 0 0 0 0 0 0
##$SHL_GCOCOEFFS13= (0..59)
0 0 0 0 0 0 0 0 0 0 0 0 0 0 0 0 0 0 0 0 0 0 0 0 0 0 0 0 0 0 0 0 0 0 0 0
0 0 0 0 0 0 0 0 0 0 0 0 0 0 0 0 0 0 0 0 0 0 0 0
##$SHL_GCOCOEFFS14= (0..59)
0 0 0 0 0 0 0 0 0 0 0 0 0 0 0 0 0 0 0 0 0 0 0 0 0 0 0 0 0 0 0 0 0 0 0 0
0 0 0 0 0 0 0 0 0 0 0 0 0 0 0 0 0 0 0 0 0 0 0 0
##$SHL_GCOCOEFFS15= (0..59)
0 0 0 0 0 0 0 0 0 0 0 0 0 0 0 0 0 0 0 0 0 0 0 0 0 0 0 0 0 0 0 0 0 0 0 0
0 0 0 0 0 0 0 0 0 0 0 0 0 0 0 0 0 0 0 0 0 0 0 0
##$SHL_GCOCOEFFS2= (0..59)
0 0 0 0 0 0 0 0 0 0 0 0 0 0 0 0 0 0 0 0 0 0 0 0 0 0 0 0 0 0 0 0 0 0 0 0
0 0 0 0 0 0 0 0 0 0 0 0 0 0 0 0 0 0 0 0 0 0 0 0
##$SHL_GCOCOEFFS3= (0..59)
0 0 0 0 0 0 0 0 0 0 0 0 0 0 0 0 0 0 0 0 0 0 0 0 0 0 0 0 0 0 0 0 0 0 0 0
0 0 0 0 0 0 0 0 0 0 0 0 0 0 0 0 0 0 0 0 0 0 0 0
##$SHL_GCOCOEFFS4= (0..59)
0 0 0 0 0 0 0 0 0 0 0 0 0 0 0 0 0 0 0 0 0 0 0 0 0 0 0 0 0 0 0 0 0 0 0 0
0 0 0 0 0 0 0 0 0 0 0 0 0 0 0 0 0 0 0 0 0 0 0 0
##$SHL_GCOCOEFFS5= (0..59)
0 0 0 0 0 0 0 0 0 0 0 0 0 0 0 0 0 0 0 0 0 0 0 0 0 0 0 0 0 0 0 0 0 0 0 0
0 0 0 0 0 0 0 0 0 0 0 0 0 0 0 0 0 0 0 0 0 0 0 0
##$SHL_GCOCOEFFS6= (0..59)
0 0 0 0 0 0 0 0 0 0 0 0 0 0 0 0 0 0 0 0 0 0 0 0 0 0 0 0 0 0 0 0 0 0 0 0
0 0 0 0 0 0 0 0 0 0 0 0 0 0 0 0 0 0 0 0 0 0 0 0
##$SHL_GCOCOEFFS7= (0..59)
0 0 0 0 0 0 0 0 0 0 0 0 0 0 0 0 0 0 0 0 0 0 0 0 0 0 0 0 0 0 0 0 0 0 0 0
0 0 0 0 0 0 0 0 0 0 0 0 0 0 0 0 0 0 0 0 0 0 0 0
##$SHL_GCOCOEFFS8= (0..59)
0 0 0 0 0 0 0 0 0 0 0 0 0 0 0 0 0 0 0 0 0 0 0 0 0 0 0 0 0 0 0 0 0 0 0 0
0 0 0 0 0 0 0 0 0 0 0 0 0 0 0 0 0 0 0 0 0 0 0 0
##$SHL_GCOCOEFFS9= (0..59)
0 0 0 0 0 0 0 0 0 0 0 0 0 0 0 0 0 0 0 0 0 0 0 0 0 0 0 0 0 0 0 0 0 0 0 0
0 0 0 0 0 0 0 0 0 0 0 0 0 0 0 0 0 0 0 0 0 0 0 0
##$SHL_INTEGFAC= (0..15)
1 0 0 0 0 0 0 0 0 0 0 0 0 0 0 0
##$SHL_LB= (0..15)
0 0 0 0 0 0 0 0 0 0 0 0 0 0 0 0
##$SHL_LEFTLIMIT= (0..15)
0 0 0 0 0 0 0 0 0 0 0 0 0 0 0 0
##$SHL_LENGTH= (0..15)
25000.000373 0 0 0 0 0 0 0 0 0 0 0 0 0 0 0
##$SHL_MAN= (0..15)
<> <> <> <> <> <> <> <> <> <> <> <> <> <> <> <>
##$SHL_MEANAMP= (0..15)
0 0 0 0 0 0 0 0 0 0 0 0 0 0 0 0
##$SHL_MODAMP= (0..15)
0 0 0 0 0 0 0 0 0 0 0 0 0 0 0 0
##$SHL_MODE= (0..15)
0 0 0 0 0 0 0 0 0 0 0 0 0 0 0 0
##$SHL_MODFREQ= (0..15)
0 0 0 0 0 0 0 0 0 0 0 0 0 0 0 0
##$SHL_MODPHASE= (0..15)
0 0 0 0 0 0 0 0 0 0 0 0 0 0 0 0
##$SHL_MODSCALE= (0..15)
0 0 0 0 0 0 0 0 0 0 0 0 0 0 0 0
##$SHL_MODSW= (0..15)
0 0 0 0 0 0 0 0 0 0 0 0 0 0 0 0
##$SHL_MODSWDIR= (0..15)
-1 -1 -1 -1 -1 -1 -1 -1 -1 -1 -1 -1 -1 -1 -1 -1
##$SHL_MU= (0..15)
0 0 0 0 0 0 0 0 0 0 0 0 0 0 0 0
##$SHL_NPOINTS= (0..15)
1250 0 0 0 0 0 0 0 0 0 0 0 0 0 0 0
##$SHL_OFFS= (0..15)
<> <> <> <> <> <> <> <> <> <> <> <> <> <> <> <>
##$SHL_OFFSCOEFF0= (0..95)
0 0 0 0 0 0 0 0 0 0 0 0 0 0 0 0 0 0 0 0 0 0 0 0 0 0 0 0 0 0 0 0 0 0 0 0
0 0 0 0 0 0 0 0 0 0 0 0 0 0 0 0 0 0 0 0 0 0 0 0 0 0 0 0 0 0 0 0 0 0 0 0
0 0 0 0 0 0 0 0 0 0 0 0 0 0 0 0 0 0 0 0 0 0 0 0
##$SHL_OFFSCOEFF1= (0..95)
0 0 0 0 0 0 0 0 0 0 0 0 0 0 0 0 0 0 0 0 0 0 0 0 0 0 0 0 0 0 0 0 0 0 0 0
0 0 0 0 0 0 0 0 0 0 0 0 0 0 0 0 0 0 0 0 0 0 0 0 0 0 0 0 0 0 0 0 0 0 0 0
0 0 0 0 0 0 0 0 0 0 0 0 0 0 0 0 0 0 0 0 0 0 0 0
##$SHL_OFFSCOEFF10= (0..95)
0 0 0 0 0 0 0 0 0 0 0 0 0 0 0 0 0 0 0 0 0 0 0 0 0 0 0 0 0 0 0 0 0 0 0 0
0 0 0 0 0 0 0 0 0 0 0 0 0 0 0 0 0 0 0 0 0 0 0 0 0 0 0 0 0 0 0 0 0 0 0 0
0 0 0 0 0 0 0 0 0 0 0 0 0 0 0 0 0 0 0 0 0 0 0 0
##$SHL_OFFSCOEFF11= (0..95)
0 0 0 0 0 0 0 0 0 0 0 0 0 0 0 0 0 0 0 0 0 0 0 0 0 0 0 0 0 0 0 0 0 0 0 0
0 0 0 0 0 0 0 0 0 0 0 0 0 0 0 0 0 0 0 0 0 0 0 0 0 0 0 0 0 0 0 0 0 0 0 0
0 0 0 0 0 0 0 0 0 0 0 0 0 0 0 0 0 0 0 0 0 0 0 0
##$SHL_OFFSCOEFF12= (0..95)
0 0 0 0 0 0 0 0 0 0 0 0 0 0 0 0 0 0 0 0 0 0 0 0 0 0 0 0 0 0 0 0 0 0 0 0
0 0 0 0 0 0 0 0 0 0 0 0 0 0 0 0 0 0 0 0 0 0 0 0 0 0 0 0 0 0 0 0 0 0 0 0
0 0 0 0 0 0 0 0 0 0 0 0 0 0 0 0 0 0 0 0 0 0 0 0
##$SHL_OFFSCOEFF13= (0..95)
0 0 0 0 0 0 0 0 0 0 0 0 0 0 0 0 0 0 0 0 0 0 0 0 0 0 0 0 0 0 0 0 0 0 0 0
0 0 0 0 0 0 0 0 0 0 0 0 0 0 0 0 0 0 0 0 0 0 0 0 0 0 0 0 0 0 0 0 0 0 0 0
0 0 0 0 0 0 0 0 0 0 0 0 0 0 0 0 0 0 0 0 0 0 0 0
##$SHL_OFFSCOEFF14= (0..95)
0 0 0 0 0 0 0 0 0 0 0 0 0 0 0 0 0 0 0 0 0 0 0 0 0 0 0 0 0 0 0 0 0 0 0 0
0 0 0 0 0 0 0 0 0 0 0 0 0 0 0 0 0 0 0 0 0 0 0 0 0 0 0 0 0 0 0 0 0 0 0 0
0 0 0 0 0 0 0 0 0 0 0 0 0 0 0 0 0 0 0 0 0 0 0 0
##$SHL_OFFSCOEFF15= (0..95)
0 0 0 0 0 0 0 0 0 0 0 0 0 0 0 0 0 0 0 0 0 0 0 0 0 0 0 0 0 0 0 0 0 0 0 0
0 0 0 0 0 0 0 0 0 0 0 0 0 0 0 0 0 0 0 0 0 0 0 0 0 0 0 0 0 0 0 0 0 0 0 0
0 0 0 0 0 0 0 0 0 0 0 0 0 0 0 0 0 0 0 0 0 0 0 0
##$SHL_OFFSCOEFF2= (0..95)
0 0 0 0 0 0 0 0 0 0 0 0 0 0 0 0 0 0 0 0 0 0 0 0 0 0 0 0 0 0 0 0 0 0 0 0
0 0 0 0 0 0 0 0 0 0 0 0 0 0 0 0 0 0 0 0 0 0 0 0 0 0 0 0 0 0 0 0 0 0 0 0
0 0 0 0 0 0 0 0 0 0 0 0 0 0 0 0 0 0 0 0 0 0 0 0
##$SHL_OFFSCOEFF3= (0..95)
0 0 0 0 0 0 0 0 0 0 0 0 0 0 0 0 0 0 0 0 0 0 0 0 0 0 0 0 0 0 0 0 0 0 0 0
0 0 0 0 0 0 0 0 0 0 0 0 0 0 0 0 0 0 0 0 0 0 0 0 0 0 0 0 0 0 0 0 0 0 0 0
0 0 0 0 0 0 0 0 0 0 0 0 0 0 0 0 0 0 0 0 0 0 0 0
##$SHL_OFFSCOEFF4= (0..95)
0 0 0 0 0 0 0 0 0 0 0 0 0 0 0 0 0 0 0 0 0 0 0 0 0 0 0 0 0 0 0 0 0 0 0 0
0 0 0 0 0 0 0 0 0 0 0 0 0 0 0 0 0 0 0 0 0 0 0 0 0 0 0 0 0 0 0 0 0 0 0 0
0 0 0 0 0 0 0 0 0 0 0 0 0 0 0 0 0 0 0 0 0 0 0 0
##$SHL_OFFSCOEFF5= (0..95)
0 0 0 0 0 0 0 0 0 0 0 0 0 0 0 0 0 0 0 0 0 0 0 0 0 0 0 0 0 0 0 0 0 0 0 0
0 0 0 0 0 0 0 0 0 0 0 0 0 0 0 0 0 0 0 0 0 0 0 0 0 0 0 0 0 0 0 0 0 0 0 0
0 0 0 0 0 0 0 0 0 0 0 0 0 0 0 0 0 0 0 0 0 0 0 0
##$SHL_OFFSCOEFF6= (0..95)
0 0 0 0 0 0 0 0 0 0 0 0 0 0 0 0 0 0 0 0 0 0 0 0 0 0 0 0 0 0 0 0 0 0 0 0
0 0 0 0 0 0 0 0 0 0 0 0 0 0 0 0 0 0 0 0 0 0 0 0 0 0 0 0 0 0 0 0 0 0 0 0
0 0 0 0 0 0 0 0 0 0 0 0 0 0 0 0 0 0 0 0 0 0 0 0
##$SHL_OFFSCOEFF7= (0..95)
0 0 0 0 0 0 0 0 0 0 0 0 0 0 0 0 0 0 0 0 0 0 0 0 0 0 0 0 0 0 0 0 0 0 0 0
0 0 0 0 0 0 0 0 0 0 0 0 0 0 0 0 0 0 0 0 0 0 0 0 0 0 0 0 0 0 0 0 0 0 0 0
0 0 0 0 0 0 0 0 0 0 0 0 0 0 0 0 0 0 0 0 0 0 0 0
##$SHL_OFFSCOEFF8= (0..95)
0 0 0 0 0 0 0 0 0 0 0 0 0 0 0 0 0 0 0 0 0 0 0 0 0 0 0 0 0 0 0 0 0 0 0 0
0 0 0 0 0 0 0 0 0 0 0 0 0 0 0 0 0 0 0 0 0 0 0 0 0 0 0 0 0 0 0 0 0 0 0 0
0 0 0 0 0 0 0 0 0 0 0 0 0 0 0 0 0 0 0 0 0 0 0 0
##$SHL_OFFSCOEFF9= (0..95)
0 0 0 0 0 0 0 0 0 0 0 0 0 0 0 0 0 0 0 0 0 0 0 0 0 0 0 0 0 0 0 0 0 0 0 0
0 0 0 0 0 0 0 0 0 0 0 0 0 0 0 0 0 0 0 0 0 0 0 0 0 0 0 0 0 0 0 0 0 0 0 0
0 0 0 0 0 0 0 0 0 0 0 0 0 0 0 0 0 0 0 0 0 0 0 0
##$SHL_PHASE= (0..15)
0 0 0 0 0 0 0 0 0 0 0 0 0 0 0 0
##$SHL_PHASEFAC= (0..15)
0 0 0 0 0 0 0 0 0 0 0 0 0 0 0 0
##$SHL_POWERINDEX= (0..15)
0 0 0 0 0 0 0 0 0 0 0 0 0 0 0 0
##$SHL_QUADCOEFF= (0..15)
0 0 0 0 0 0 0 0 0 0 0 0 0 0 0 0
##$SHL_RIGHTLIMIT= (0..15)
0 0 0 0 0 0 0 0 0 0 0 0 0 0 0 0
##$SHL_SCALEFACTOR= (0..15)
1 1 1 1 1 1 1 1 1 1 1 1 1 1 1 1
##$SHL_SF= (0..15)
<> <> <> <> <> <> <> <> <> <> <> <> <> <> <> <>
##$SHL_SFCOEFFS0= (0..200)
0 0 0 0 0 0 0 0 0 0 0 0 0 0 0 0 0 0 0 0 0 0 0 0 0 0 0 0 0 0 0 0 0 0 0 0
0 0 0 0 0 0 0 0 0 0 0 0 0 0 0 0 0 0 0 0 0 0 0 0 0 0 0 0 0 0 0 0 0 0 0 0
0 0 0 0 0 0 0 0 0 0 0 0 0 0 0 0 0 0 0 0 0 0 0 0 0 0 0 0 0 0 0 0 0 0 0 0
0 0 0 0 0 0 0 0 0 0 0 0 0 0 0 0 0 0 0 0 0 0 0 0 0 0 0 0 0 0 0 0 0 0 0 0
0 0 0 0 0 0 0 0 0 0 0 0 0 0 0 0 0 0 0 0 0 0 0 0 0 0 0 0 0 0 0 0 0 0 0 0
0 0 0 0 0 0 0 0 0 0 0 0 0 0 0 0 0 0 0 0 0
##$SHL_SFCOEFFS1= (0..200)
0 0 0 0 0 0 0 0 0 0 0 0 0 0 0 0 0 0 0 0 0 0 0 0 0 0 0 0 0 0 0 0 0 0 0 0
0 0 0 0 0 0 0 0 0 0 0 0 0 0 0 0 0 0 0 0 0 0 0 0 0 0 0 0 0 0 0 0 0 0 0 0
0 0 0 0 0 0 0 0 0 0 0 0 0 0 0 0 0 0 0 0 0 0 0 0 0 0 0 0 0 0 0 0 0 0 0 0
0 0 0 0 0 0 0 0 0 0 0 0 0 0 0 0 0 0 0 0 0 0 0 0 0 0 0 0 0 0 0 0 0 0 0 0
0 0 0 0 0 0 0 0 0 0 0 0 0 0 0 0 0 0 0 0 0 0 0 0 0 0 0 0 0 0 0 0 0 0 0 0
0 0 0 0 0 0 0 0 0 0 0 0 0 0 0 0 0 0 0 0 0
##$SHL_SFCOEFFS10= (0..200)
0 0 0 0 0 0 0 0 0 0 0 0 0 0 0 0 0 0 0 0 0 0 0 0 0 0 0 0 0 0 0 0 0 0 0 0
0 0 0 0 0 0 0 0 0 0 0 0 0 0 0 0 0 0 0 0 0 0 0 0 0 0 0 0 0 0 0 0 0 0 0 0
0 0 0 0 0 0 0 0 0 0 0 0 0 0 0 0 0 0 0 0 0 0 0 0 0 0 0 0 0 0 0 0 0 0 0 0
0 0 0 0 0 0 0 0 0 0 0 0 0 0 0 0 0 0 0 0 0 0 0 0 0 0 0 0 0 0 0 0 0 0 0 0
0 0 0 0 0 0 0 0 0 0 0 0 0 0 0 0 0 0 0 0 0 0 0 0 0 0 0 0 0 0 0 0 0 0 0 0
0 0 0 0 0 0 0 0 0 0 0 0 0 0 0 0 0 0 0 0 0
##$SHL_SFCOEFFS11= (0..200)
0 0 0 0 0 0 0 0 0 0 0 0 0 0 0 0 0 0 0 0 0 0 0 0 0 0 0 0 0 0 0 0 0 0 0 0
0 0 0 0 0 0 0 0 0 0 0 0 0 0 0 0 0 0 0 0 0 0 0 0 0 0 0 0 0 0 0 0 0 0 0 0
0 0 0 0 0 0 0 0 0 0 0 0 0 0 0 0 0 0 0 0 0 0 0 0 0 0 0 0 0 0 0 0 0 0 0 0
0 0 0 0 0 0 0 0 0 0 0 0 0 0 0 0 0 0 0 0 0 0 0 0 0 0 0 0 0 0 0 0 0 0 0 0
0 0 0 0 0 0 0 0 0 0 0 0 0 0 0 0 0 0 0 0 0 0 0 0 0 0 0 0 0 0 0 0 0 0 0 0
0 0 0 0 0 0 0 0 0 0 0 0 0 0 0 0 0 0 0 0 0
##$SHL_SFCOEFFS12= (0..200)
0 0 0 0 0 0 0 0 0 0 0 0 0 0 0 0 0 0 0 0 0 0 0 0 0 0 0 0 0 0 0 0 0 0 0 0
0 0 0 0 0 0 0 0 0 0 0 0 0 0 0 0 0 0 0 0 0 0 0 0 0 0 0 0 0 0 0 0 0 0 0 0
0 0 0 0 0 0 0 0 0 0 0 0 0 0 0 0 0 0 0 0 0 0 0 0 0 0 0 0 0 0 0 0 0 0 0 0
0 0 0 0 0 0 0 0 0 0 0 0 0 0 0 0 0 0 0 0 0 0 0 0 0 0 0 0 0 0 0 0 0 0 0 0
0 0 0 0 0 0 0 0 0 0 0 0 0 0 0 0 0 0 0 0 0 0 0 0 0 0 0 0 0 0 0 0 0 0 0 0
0 0 0 0 0 0 0 0 0 0 0 0 0 0 0 0 0 0 0 0 0
##$SHL_SFCOEFFS13= (0..200)
0 0 0 0 0 0 0 0 0 0 0 0 0 0 0 0 0 0 0 0 0 0 0 0 0 0 0 0 0 0 0 0 0 0 0 0
0 0 0 0 0 0 0 0 0 0 0 0 0 0 0 0 0 0 0 0 0 0 0 0 0 0 0 0 0 0 0 0 0 0 0 0
0 0 0 0 0 0 0 0 0 0 0 0 0 0 0 0 0 0 0 0 0 0 0 0 0 0 0 0 0 0 0 0 0 0 0 0
0 0 0 0 0 0 0 0 0 0 0 0 0 0 0 0 0 0 0 0 0 0 0 0 0 0 0 0 0 0 0 0 0 0 0 0
0 0 0 0 0 0 0 0 0 0 0 0 0 0 0 0 0 0 0 0 0 0 0 0 0 0 0 0 0 0 0 0 0 0 0 0
0 0 0 0 0 0 0 0 0 0 0 0 0 0 0 0 0 0 0 0 0
##$SHL_SFCOEFFS14= (0..200)
0 0 0 0 0 0 0 0 0 0 0 0 0 0 0 0 0 0 0 0 0 0 0 0 0 0 0 0 0 0 0 0 0 0 0 0
0 0 0 0 0 0 0 0 0 0 0 0 0 0 0 0 0 0 0 0 0 0 0 0 0 0 0 0 0 0 0 0 0 0 0 0
0 0 0 0 0 0 0 0 0 0 0 0 0 0 0 0 0 0 0 0 0 0 0 0 0 0 0 0 0 0 0 0 0 0 0 0
0 0 0 0 0 0 0 0 0 0 0 0 0 0 0 0 0 0 0 0 0 0 0 0 0 0 0 0 0 0 0 0 0 0 0 0
0 0 0 0 0 0 0 0 0 0 0 0 0 0 0 0 0 0 0 0 0 0 0 0 0 0 0 0 0 0 0 0 0 0 0 0
0 0 0 0 0 0 0 0 0 0 0 0 0 0 0 0 0 0 0 0 0
##$SHL_SFCOEFFS15= (0..200)
0 0 0 0 0 0 0 0 0 0 0 0 0 0 0 0 0 0 0 0 0 0 0 0 0 0 0 0 0 0 0 0 0 0 0 0
0 0 0 0 0 0 0 0 0 0 0 0 0 0 0 0 0 0 0 0 0 0 0 0 0 0 0 0 0 0 0 0 0 0 0 0
0 0 0 0 0 0 0 0 0 0 0 0 0 0 0 0 0 0 0 0 0 0 0 0 0 0 0 0 0 0 0 0 0 0 0 0
0 0 0 0 0 0 0 0 0 0 0 0 0 0 0 0 0 0 0 0 0 0 0 0 0 0 0 0 0 0 0 0 0 0 0 0
0 0 0 0 0 0 0 0 0 0 0 0 0 0 0 0 0 0 0 0 0 0 0 0 0 0 0 0 0 0 0 0 0 0 0 0
0 0 0 0 0 0 0 0 0 0 0 0 0 0 0 0 0 0 0 0 0
##$SHL_SFCOEFFS2= (0..200)
0 0 0 0 0 0 0 0 0 0 0 0 0 0 0 0 0 0 0 0 0 0 0 0 0 0 0 0 0 0 0 0 0 0 0 0
0 0 0 0 0 0 0 0 0 0 0 0 0 0 0 0 0 0 0 0 0 0 0 0 0 0 0 0 0 0 0 0 0 0 0 0
0 0 0 0 0 0 0 0 0 0 0 0 0 0 0 0 0 0 0 0 0 0 0 0 0 0 0 0 0 0 0 0 0 0 0 0
0 0 0 0 0 0 0 0 0 0 0 0 0 0 0 0 0 0 0 0 0 0 0 0 0 0 0 0 0 0 0 0 0 0 0 0
0 0 0 0 0 0 0 0 0 0 0 0 0 0 0 0 0 0 0 0 0 0 0 0 0 0 0 0 0 0 0 0 0 0 0 0
0 0 0 0 0 0 0 0 0 0 0 0 0 0 0 0 0 0 0 0 0
##$SHL_SFCOEFFS3= (0..200)
0 0 0 0 0 0 0 0 0 0 0 0 0 0 0 0 0 0 0 0 0 0 0 0 0 0 0 0 0 0 0 0 0 0 0 0
0 0 0 0 0 0 0 0 0 0 0 0 0 0 0 0 0 0 0 0 0 0 0 0 0 0 0 0 0 0 0 0 0 0 0 0
0 0 0 0 0 0 0 0 0 0 0 0 0 0 0 0 0 0 0 0 0 0 0 0 0 0 0 0 0 0 0 0 0 0 0 0
0 0 0 0 0 0 0 0 0 0 0 0 0 0 0 0 0 0 0 0 0 0 0 0 0 0 0 0 0 0 0 0 0 0 0 0
0 0 0 0 0 0 0 0 0 0 0 0 0 0 0 0 0 0 0 0 0 0 0 0 0 0 0 0 0 0 0 0 0 0 0 0
0 0 0 0 0 0 0 0 0 0 0 0 0 0 0 0 0 0 0 0 0
##$SHL_SFCOEFFS4= (0..200)
0 0 0 0 0 0 0 0 0 0 0 0 0 0 0 0 0 0 0 0 0 0 0 0 0 0 0 0 0 0 0 0 0 0 0 0
0 0 0 0 0 0 0 0 0 0 0 0 0 0 0 0 0 0 0 0 0 0 0 0 0 0 0 0 0 0 0 0 0 0 0 0
0 0 0 0 0 0 0 0 0 0 0 0 0 0 0 0 0 0 0 0 0 0 0 0 0 0 0 0 0 0 0 0 0 0 0 0
0 0 0 0 0 0 0 0 0 0 0 0 0 0 0 0 0 0 0 0 0 0 0 0 0 0 0 0 0 0 0 0 0 0 0 0
0 0 0 0 0 0 0 0 0 0 0 0 0 0 0 0 0 0 0 0 0 0 0 0 0 0 0 0 0 0 0 0 0 0 0 0
0 0 0 0 0 0 0 0 0 0 0 0 0 0 0 0 0 0 0 0 0
##$SHL_SFCOEFFS5= (0..200)
0 0 0 0 0 0 0 0 0 0 0 0 0 0 0 0 0 0 0 0 0 0 0 0 0 0 0 0 0 0 0 0 0 0 0 0
0 0 0 0 0 0 0 0 0 0 0 0 0 0 0 0 0 0 0 0 0 0 0 0 0 0 0 0 0 0 0 0 0 0 0 0
0 0 0 0 0 0 0 0 0 0 0 0 0 0 0 0 0 0 0 0 0 0 0 0 0 0 0 0 0 0 0 0 0 0 0 0
0 0 0 0 0 0 0 0 0 0 0 0 0 0 0 0 0 0 0 0 0 0 0 0 0 0 0 0 0 0 0 0 0 0 0 0
0 0 0 0 0 0 0 0 0 0 0 0 0 0 0 0 0 0 0 0 0 0 0 0 0 0 0 0 0 0 0 0 0 0 0 0
0 0 0 0 0 0 0 0 0 0 0 0 0 0 0 0 0 0 0 0 0
##$SHL_SFCOEFFS6= (0..200)
0 0 0 0 0 0 0 0 0 0 0 0 0 0 0 0 0 0 0 0 0 0 0 0 0 0 0 0 0 0 0 0 0 0 0 0
0 0 0 0 0 0 0 0 0 0 0 0 0 0 0 0 0 0 0 0 0 0 0 0 0 0 0 0 0 0 0 0 0 0 0 0
0 0 0 0 0 0 0 0 0 0 0 0 0 0 0 0 0 0 0 0 0 0 0 0 0 0 0 0 0 0 0 0 0 0 0 0
0 0 0 0 0 0 0 0 0 0 0 0 0 0 0 0 0 0 0 0 0 0 0 0 0 0 0 0 0 0 0 0 0 0 0 0
0 0 0 0 0 0 0 0 0 0 0 0 0 0 0 0 0 0 0 0 0 0 0 0 0 0 0 0 0 0 0 0 0 0 0 0
0 0 0 0 0 0 0 0 0 0 0 0 0 0 0 0 0 0 0 0 0
##$SHL_SFCOEFFS7= (0..200)
0 0 0 0 0 0 0 0 0 0 0 0 0 0 0 0 0 0 0 0 0 0 0 0 0 0 0 0 0 0 0 0 0 0 0 0
0 0 0 0 0 0 0 0 0 0 0 0 0 0 0 0 0 0 0 0 0 0 0 0 0 0 0 0 0 0 0 0 0 0 0 0
0 0 0 0 0 0 0 0 0 0 0 0 0 0 0 0 0 0 0 0 0 0 0 0 0 0 0 0 0 0 0 0 0 0 0 0
0 0 0 0 0 0 0 0 0 0 0 0 0 0 0 0 0 0 0 0 0 0 0 0 0 0 0 0 0 0 0 0 0 0 0 0
0 0 0 0 0 0 0 0 0 0 0 0 0 0 0 0 0 0 0 0 0 0 0 0 0 0 0 0 0 0 0 0 0 0 0 0
0 0 0 0 0 0 0 0 0 0 0 0 0 0 0 0 0 0 0 0 0
##$SHL_SFCOEFFS8= (0..200)
0 0 0 0 0 0 0 0 0 0 0 0 0 0 0 0 0 0 0 0 0 0 0 0 0 0 0 0 0 0 0 0 0 0 0 0
0 0 0 0 0 0 0 0 0 0 0 0 0 0 0 0 0 0 0 0 0 0 0 0 0 0 0 0 0 0 0 0 0 0 0 0
0 0 0 0 0 0 0 0 0 0 0 0 0 0 0 0 0 0 0 0 0 0 0 0 0 0 0 0 0 0 0 0 0 0 0 0
0 0 0 0 0 0 0 0 0 0 0 0 0 0 0 0 0 0 0 0 0 0 0 0 0 0 0 0 0 0 0 0 0 0 0 0
0 0 0 0 0 0 0 0 0 0 0 0 0 0 0 0 0 0 0 0 0 0 0 0 0 0 0 0 0 0 0 0 0 0 0 0
0 0 0 0 0 0 0 0 0 0 0 0 0 0 0 0 0 0 0 0 0
##$SHL_SFCOEFFS9= (0..200)
0 0 0 0 0 0 0 0 0 0 0 0 0 0 0 0 0 0 0 0 0 0 0 0 0 0 0 0 0 0 0 0 0 0 0 0
0 0 0 0 0 0 0 0 0 0 0 0 0 0 0 0 0 0 0 0 0 0 0 0 0 0 0 0 0 0 0 0 0 0 0 0
0 0 0 0 0 0 0 0 0 0 0 0 0 0 0 0 0 0 0 0 0 0 0 0 0 0 0 0 0 0 0 0 0 0 0 0
0 0 0 0 0 0 0 0 0 0 0 0 0 0 0 0 0 0 0 0 0 0 0 0 0 0 0 0 0 0 0 0 0 0 0 0
0 0 0 0 0 0 0 0 0 0 0 0 0 0 0 0 0 0 0 0 0 0 0 0 0 0 0 0 0 0 0 0 0 0 0 0
0 0 0 0 0 0 0 0 0 0 0 0 0 0 0 0 0 0 0 0 0
##$SHL_SMOOTHED= (0..15)
0 0 0 0 0 0 0 0 0 0 0 0 0 0 0 0
##$SHL_SMOOTHING= (0..15)
0 0 0 0 0 0 0 0 0 0 0 0 0 0 0 0
##$SHL_SPOAL= (0..15)
0 0 0 0 0 0 0 0 0 0 0 0 0 0 0 0
##$SHL_SPOFFS= (0..15)
0 0 0 0 0 0 0 0 0 0 0 0 0 0 0 0
##$SHL_SPOPH= (0..15)
0 0 0 0 0 0 0 0 0 0 0 0 0 0 0 0
##$SHL_STARTAMP= (0..15)
0 0 0 0 0 0 0 0 0 0 0 0 0 0 0 0
##$SHL_SW= (0..15)
0 0 0 0 0 0 0 0 0 0 0 0 0 0 0 0
##$SHL_SWDIR= (0..15)
-1 -1 -1 -1 -1 -1 -1 -1 -1 -1 -1 -1 -1 -1 -1 -1
##$SHL_TANKAPPA= (0..15)
0 0 0 0 0 0 0 0 0 0 0 0 0 0 0 0
##$SHL_TOTROT= (0..15)
90 0 0 0 0 0 0 0 0 0 0 0 0 0 0 0
##$SHL_TRUNCLEV= (0..15)
0 0 0 0 0 0 0 0 0 0 0 0 0 0 0 0
##$SHL_TYPE= (0..15)
<Excitation> <> <> <> <> <> <> <> <> <> <> <> <> <> <> <>
##$SHL_WINDOWSIZE= (0..15)
0 0 0 0 0 0 0 0 0 0 0 0 0 0 0 0
##$SHL_ZETA= (0..15)
0 0 0 0 0 0 0 0 0 0 0 0 0 0 0 0
##NPOINTS= 1250
##XYPOINTS= (XY..XY)
72.531697, 116.209108
72.072642, 117.723431
71.610745, 119.237294
71.146041, 120.750686
70.678565, 122.263599
70.208352, 123.776021
69.735435, 125.287943
69.259852, 126.799354
68.781636, 128.310243
68.300825, 129.820598
67.817453, 131.330407
67.331557, 132.839659
66.843173, 134.348340
66.352337, 135.856439
65.859087, 137.363940
65.363458, 138.870830
64.865489, 140.377096
64.365216, 141.882721
63.862677, 143.387691
63.357910, 144.891989
62.850952, 146.395599
62.341841, 147.898503
61.830616, 149.400684
61.317315, 150.902124
60.801976, 152.402803
60.284639, 153.902702
59.765341, 155.401800
59.244123, 156.900075
58.721024, 158.397506
58.196082, 159.894070
57.669339, 161.389743
57.140832, 162.884499
56.610603, 164.378314
56.078692, 165.871160
55.545138, 167.363010
55.009983, 168.853834
54.473267, 170.343604
53.935030, 171.832286
53.395314, 173.319850
52.854160, 174.806259
52.311609, 176.291481
51.767703, 177.775476
51.222483, 179.258207
50.675991, 180.739634
50.128269, 182.219714
49.579359, 183.698405
49.029303, 185.175659
48.478144, 186.651429
47.925925, 188.125665
47.372689, 189.598316
46.818477, 191.069325
46.263335, 192.538635
45.707304, 194.006188
45.150428, 195.471918
44.592752, 196.935761
44.034319, 198.397646
43.475173, 199.857502
42.915358, 201.315251
42.354920, 202.770813
41.793903, 204.224103
41.232351, 205.675032
40.670311, 207.123507
40.107827, 208.569428
39.544945, 210.012691
38.981712, 211.453185
38.418173, 212.890795
37.854375, 214.325398
37.290366, 215.756863
36.726191, 217.185054
36.161900, 218.609823
35.597539, 220.031017
35.033157, 221.448472
34.468803, 222.862013
33.904526, 224.271456
33.340376, 225.676604
32.776403, 227.077246
32.212657, 228.473160
31.649190, 229.864107
31.086055, 231.249832
30.523303, 232.630064
29.960988, 234.004510
29.399165, 235.372859
28.837888, 236.734777
28.277215, 238.089903
27.717201, 239.437851
27.157906, 240.778205
26.599390, 242.110516
26.041712, 243.434299
25.484938, 244.749033
24.929129, 246.054149
24.374354, 247.349034
23.820681, 248.633021
23.268179, 249.905384
22.716924, 251.165333
22.166991, 252.412007
21.618460, 253.644463
21.071414, 254.861669
20.525941, 256.062493
19.982133, 257.245691
19.440088, 258.409892
18.899908, 259.553582
18.361705, 260.675088
17.825595, 261.772553
17.291705, 262.843914
16.760172, 263.886873
16.231145, 264.898863
15.704784, 265.877011
15.181268, 266.818089
14.660790, 267.718467
14.143568, 268.574044
13.629840, 269.380180
13.119877, 270.131607
12.613981, 270.822329
12.112495, 271.445500
11.615810, 271.993284
11.124374, 272.456691
10.638701, 272.825379
10.159388, 273.087430
9.687133, 273.229090
9.222748, 273.234476
8.767195, 273.085254
8.321607, 272.760307
7.887331, 272.235409
7.465970, 271.482977
7.059435, 270.471978
6.670001, 269.168158
6.300367, 267.534813
5.953711, 265.534453
5.633725, 263.131769
5.344606, 260.298351
5.090980, 257.019391
4.877712, 253.302030
4.709574, 249.183923
4.590782, 244.739243
4.524457, 240.078560
4.512132, 235.339999
4.553457, 230.672326
4.646220, 226.214612
4.786659, 222.079019
4.969984, 218.341530
5.190923, 215.041445
5.444195, 212.187178
5.724830, 209.764772
6.028358, 207.746300
6.350872, 206.096661
6.689025, 204.778387
7.039988, 203.754692
7.401384, 202.991182
7.771227, 202.456660
8.147854, 202.123380
8.529873, 201.966960
8.916115, 201.966140
9.305595, 202.102462
9.697478, 202.359932
10.091054, 202.724703
10.485718, 203.184775
10.880946, 203.729737
11.276288, 204.350536
11.671352, 205.039288
12.065796, 205.789103
12.459319, 206.593947
12.851654, 207.448521
13.242568, 208.348155
13.631848, 209.288727
14.019308, 210.266585
14.404777, 211.278483
14.788101, 212.321533
15.169142, 213.393155
15.547773, 214.491038
15.923876, 215.613111
16.297344, 216.757507
16.668079, 217.922545
17.035989, 219.106705
17.400987, 220.308610
17.762995, 221.527011
18.121937, 222.760770
18.477744, 224.008852
18.830350, 225.270312
19.179692, 226.544283
19.525712, 227.829975
19.868353, 229.126658
20.207561, 230.433664
20.543287, 231.750377
20.875482, 233.076229
21.204099, 234.410696
21.529093, 235.753291
21.850423, 237.103566
22.168046, 238.461104
22.481924, 239.825517
22.792018, 241.196447
23.098290, 242.573556
23.400707, 243.956535
23.699232, 245.345090
23.993833, 246.738950
24.284478, 248.137861
24.571134, 249.541584
24.853771, 250.949897
25.132361, 252.362590
25.406873, 253.779466
25.677280, 255.200342
25.943555, 256.625043
26.205671, 258.053406
26.463603, 259.485279
26.717325, 260.920515
26.966812, 262.358978
27.212042, 263.800540
27.452990, 265.245077
27.689634, 266.692476
27.921953, 268.142626
28.149924, 269.595425
28.373526, 271.050776
28.592739, 272.508585
28.807543, 273.968765
29.017919, 275.431233
29.223848, 276.895909
29.425311, 278.362719
29.622291, 279.831591
29.814770, 281.302459
30.002730, 282.775256
30.186156, 284.249923
30.365032, 285.726400
30.539341, 287.204633
30.709069, 288.684568
30.874200, 290.166156
31.034721, 291.649348
31.190618, 293.134099
31.341877, 294.620365
31.488485, 296.108105
31.630430, 297.597278
31.767699, 299.087849
31.900281, 300.579780
32.028164, 302.073037
32.151337, 303.567588
32.269791, 305.063402
32.383514, 306.560448
32.492497, 308.058698
32.596730, 309.558126
32.696205, 311.058706
32.790914, 312.560413
32.880847, 314.063224
32.965998, 315.567116
33.046359, 317.072069
33.121923, 318.578062
33.192683, 320.085076
33.258634, 321.593094
33.319769, 323.102097
33.376083, 324.612071
33.427571, 326.122998
33.474229, 327.634865
33.516053, 329.147659
33.553038, 330.661365
33.585181, 332.175972
33.612478, 333.691468
33.634928, 335.207843
33.652529, 336.725088
33.665277, 338.243191
33.673171, 339.762146
33.676211, 341.281944
33.674396, 342.802577
33.667725, 344.324041
33.656198, 345.846328
33.639815, 347.369433
33.618578, 348.893352
33.592487, 350.418081
33.561544, 351.943616
33.525751, 353.469955
33.485110, 354.997096
33.439623, 356.525037
33.389294, 358.053778
33.334126, 359.583319
33.274123, 1.113659
33.209289, 2.644800
33.139628, 4.176743
33.065145, 5.709492
32.985846, 7.243050
32.901736, 8.777419
32.812821, 10.312605
32.719107, 11.848613
32.620602, 13.385448
32.517311, 14.923118
32.409244, 16.461629
32.296407, 18.000991
32.178810, 19.541211
32.056459, 21.082300
31.929365, 22.624268
31.797537, 24.167127
31.660984, 25.710890
31.519717, 27.255569
31.373746, 28.801180
31.223081, 30.347738
31.067735, 31.895259
30.907718, 33.443761
30.743042, 34.993263
30.573720, 36.543784
30.399765, 38.095347
30.221189, 39.647974
30.038005, 41.201689
29.850229, 42.756517
29.657873, 44.312487
29.460953, 45.869626
29.259482, 47.427965
29.053477, 48.987538
28.842954, 50.548377
28.627927, 52.110521
28.408414, 53.674007
28.184431, 55.238876
27.955996, 56.805173
27.723126, 58.372943
27.485838, 59.942236
27.244152, 61.513103
26.998086, 63.085600
26.747659, 64.659786
26.492891, 66.235722
26.233801, 67.813476
25.970409, 69.393118
25.702738, 70.974724
25.430807, 72.558372
25.154638, 74.144149
24.874253, 75.732146
24.589675, 77.322459
24.300926, 78.915194
24.008030, 80.510460
23.711010, 82.108377
23.409892, 83.709072
23.104698, 85.312681
22.795456, 86.919352
22.482190, 88.529241
22.164927, 90.142518
21.843693, 91.759366
21.518517, 93.379981
21.189426, 95.004576
20.856449, 96.633381
20.519615, 98.266644
20.178954, 99.904636
19.834497, 101.547650
19.486276, 103.196004
19.134324, 104.850046
18.778673, 106.510156
18.419358, 108.176749
18.056414, 109.850280
17.689879, 111.531248
17.319790, 113.220202
16.946186, 114.917749
16.569108, 116.624560
16.188600, 118.341377
15.804704, 120.069025
15.417469, 121.808425
15.026943, 123.560603
14.633178, 125.326713
14.236229, 127.108048
13.836155, 128.906071
13.433019, 130.722437
13.026888, 132.559026
12.617836, 134.417986
12.205943, 136.301776
11.791296, 138.213230
11.373993, 140.155627
10.954142, 142.132777
10.531866, 144.149141
10.107303, 146.209963
9.680611, 148.321455
9.251976, 150.491019
8.821612, 152.727545
8.389776, 155.041791
7.956774, 157.446888
7.522979, 159.959006
7.088849, 162.598251
6.654960, 165.389879
6.222038, 168.365963
5.791025, 171.567688
5.363152, 175.048538
4.940069, 178.878723
4.524019, 183.151258
4.118111, 187.990045
3.726733, 193.559771
3.356146, 200.075512
3.015321, 207.804495
2.716904, 217.040184
2.477805, 228.009982
2.318086, 240.679742
2.256316, 254.521325
2.301984, 268.512387
2.450552, 281.558118
2.686308, 292.986049
2.989853, 302.653723
3.343794, 310.743962
3.734727, 317.545796
4.153010, 323.337532
4.591881, 328.348149
5.046598, 332.754523
5.513807, 336.690072
5.991095, 340.254917
6.476692, 343.524490
6.969281, 346.556105
7.467858, 349.393770
7.971648, 352.071657
8.480040, 354.616598
8.992546, 357.049898
9.508771, 359.388643
10.028386, 1.646677
10.551120, 3.835317
11.076741, 5.963894
11.605052, 8.040162
12.135880, 10.070618
12.669075, 12.060736
13.204502, 14.015165
13.742042, 15.937873
14.281586, 17.832266
14.823034, 19.701286
15.366296, 21.547484
15.911286, 23.373084
16.457926, 25.180031
17.006140, 26.970037
17.555858, 28.744611
18.107012, 30.505090
18.659538, 32.252662
19.213375, 33.988385
19.768462, 35.713208
20.324743, 37.427980
20.882159, 39.133464
21.440658, 40.830352
22.000184, 42.519264
22.560687, 44.200768
23.122114, 45.875375
23.684416, 47.543553
24.247541, 49.205729
24.811441, 50.862291
25.376068, 52.513598
25.941374, 54.159976
26.507310, 55.801727
27.073830, 57.439128
27.640888, 59.072435
28.208437, 60.701885
28.776430, 62.327695
29.344823, 63.950068
29.913569, 65.569193
30.482624, 67.185244
31.051943, 68.798384
31.621481, 70.408764
32.191192, 72.016524
32.761034, 73.621798
33.330961, 75.224707
33.900930, 76.825368
34.470896, 78.423888
35.040816, 80.020369
35.610646, 81.614905
36.180343, 83.207587
36.749862, 84.798498
37.319162, 86.387717
37.888197, 87.975319
38.456927, 89.561374
39.025306, 91.145948
39.593293, 92.729104
40.160845, 94.310902
40.727919, 95.891397
41.294472, 97.470642
41.860461, 99.048688
42.425845, 100.625583
42.990582, 102.201370
43.554627, 103.776095
44.117941, 105.349796
44.680480, 106.922513
45.242203, 108.494284
45.803067, 110.065142
46.363032, 111.635121
46.922054, 113.204254
47.480094, 114.772570
48.037108, 116.340099
48.593057, 117.906868
49.147898, 119.472904
49.701591, 121.038231
50.254094, 122.602875
50.805367, 124.166857
51.355368, 125.730201
51.904057, 127.292927
52.451394, 128.855055
52.997337, 130.416605
53.541847, 131.977595
54.084883, 133.538044
54.626405, 135.097968
55.166373, 136.657384
55.704747, 138.216308
56.241488, 139.774754
56.776556, 141.332738
57.309911, 142.890273
57.841514, 144.447372
58.371326, 146.004050
58.899308, 147.560317
59.425420, 149.116187
59.949625, 150.671670
60.471883, 152.226779
60.992156, 153.781523
61.510405, 155.335913
62.026593, 156.889958
62.540682, 158.443670
63.052633, 159.997056
63.562409, 161.550126
64.069973, 163.102889
64.575287, 164.655353
65.078313, 166.207525
65.579016, 167.759415
66.077357, 169.311028
66.573301, 170.862374
67.066811, 172.413458
67.557850, 173.964288
68.046383, 175.514870
68.532374, 177.065211
69.015787, 178.615317
69.496586, 180.165193
69.974736, 181.714846
70.450202, 183.264282
70.922949, 184.813506
71.392942, 186.362522
71.860147, 187.911337
72.324529, 189.459956
72.786055, 191.008382
73.244690, 192.556622
73.700400, 194.104679
74.153153, 195.652558
74.602915, 197.200263
75.049653, 198.747799
75.493334, 200.295169
75.933925, 201.842378
76.371395, 203.389429
76.805711, 204.936326
77.236841, 206.483073
77.664753, 208.029673
78.089417, 209.576130
78.510801, 211.122447
78.928873, 212.668627
79.343604, 214.214674
79.754963, 215.760591
80.162920, 217.306380
80.567445, 218.852045
80.968507, 220.397589
81.366079, 221.943013
81.760130, 223.488322
82.150631, 225.033518
82.537554, 226.578602
82.920871, 228.123579
83.300554, 229.668450
83.676574, 231.213218
84.048904, 232.757884
84.417516, 234.302453
84.782384, 235.846924
85.143481, 237.391302
85.500781, 238.935588
85.854256, 240.479783
86.203882, 242.023891
86.549632, 243.567913
86.891482, 245.111851
87.229406, 246.655707
87.563379, 248.199483
87.893377, 249.743180
88.219376, 251.286801
88.541351, 252.830348
88.859279, 254.373821
89.173138, 255.917223
89.482903, 257.460556
89.788552, 259.003820
90.090063, 260.547018
90.387414, 262.090151
90.680582, 263.633221
90.969546, 265.176229
91.254286, 266.719176
91.534779, 268.262065
91.811007, 269.804896
92.082947, 271.347671
92.350581, 272.890391
92.613889, 274.433058
92.872852, 275.975672
93.127450, 277.518236
93.377664, 279.060750
93.623477, 280.603216
93.864871, 282.145635
94.101827, 283.688008
94.334329, 285.230336
94.562359, 286.772621
94.785901, 288.314863
95.004938, 289.857064
95.219454, 291.399225
95.429434, 292.941348
95.634861, 294.483432
95.835722, 296.025479
96.032000, 297.567491
96.223683, 299.109467
96.410756, 300.651410
96.593204, 302.193321
96.771016, 303.735200
96.944177, 305.277047
97.112675, 306.818866
97.276497, 308.360655
97.435632, 309.902417
97.590069, 311.444151
97.739794, 312.985860
97.884799, 314.527544
98.025071, 316.069203
98.160602, 317.610840
98.291380, 319.152454
98.417396, 320.694046
98.538642, 322.235618
98.655107, 323.777170
98.766784, 325.318704
98.873664, 326.860219
98.975740, 328.401717
99.073004, 329.943199
99.165449, 331.484666
99.253068, 333.026118
99.335855, 334.567556
99.413803, 336.108981
99.486907, 337.650393
99.555162, 339.191795
99.618563, 340.733186
99.677104, 342.274567
99.730782, 343.815939
99.779593, 345.357302
99.823533, 346.898659
99.862599, 348.440009
99.896787, 349.981353
99.926097, 351.522692
99.950525, 353.064026
99.970069, 354.605357
99.984729, 356.146686
99.994502, 357.688012
99.999389, 359.229338
99.999389, 0.770662
99.994502, 2.311988
99.984729, 3.853314
99.970069, 5.394643
99.950525, 6.935974
99.926097, 8.477308
99.896787, 10.018647
99.862599, 11.559991
99.823533, 13.101341
99.779593, 14.642698
99.730782, 16.184061
99.677104, 17.725433
99.618563, 19.266814
99.555162, 20.808205
99.486907, 22.349607
99.413803, 23.891019
99.335855, 25.432444
99.253068, 26.973882
99.165449, 28.515334
99.073004, 30.056801
98.975740, 31.598283
98.873664, 33.139781
98.766784, 34.681296
98.655107, 36.222830
98.538642, 37.764382
98.417396, 39.305954
98.291380, 40.847546
98.160602, 42.389160
98.025071, 43.930797
97.884799, 45.472456
97.739794, 47.014140
97.590069, 48.555849
97.435632, 50.097583
97.276497, 51.639345
97.112675, 53.181134
96.944177, 54.722953
96.771016, 56.264800
96.593204, 57.806679
96.410756, 59.348590
96.223683, 60.890533
96.032000, 62.432509
95.835722, 63.974521
95.634861, 65.516568
95.429434, 67.058652
95.219454, 68.600775
95.004938, 70.142936
94.785901, 71.685137
94.562359, 73.227379
94.334329, 74.769664
94.101827, 76.311992
93.864871, 77.854365
93.623477, 79.396784
93.377664, 80.939250
93.127450, 82.481764
92.872852, 84.024328
92.613889, 85.566942
92.350581, 87.109609
92.082947, 88.652329
91.811007, 90.195104
91.534779, 91.737935
91.254286, 93.280824
90.969546, 94.823771
90.680582, 96.366779
90.387414, 97.909849
90.090063, 99.452982
89.788552, 100.996180
89.482903, 102.539444
89.173138, 104.082777
88.859279, 105.626179
88.541351, 107.169652
88.219376, 108.713199
87.893377, 110.256820
87.563379, 111.800517
87.229406, 113.344293
86.891482, 114.888149
86.549632, 116.432087
86.203882, 117.976109
85.854256, 119.520217
85.500781, 121.064412
85.143481, 122.608698
84.782384, 124.153076
84.417516, 125.697547
84.048904, 127.242116
83.676574, 128.786782
83.300554, 130.331550
82.920871, 131.876421
82.537554, 133.421398
82.150631, 134.966482
81.760130, 136.511678
81.366079, 138.056987
80.968507, 139.602411
80.567445, 141.147955
80.162920, 142.693620
79.754963, 144.239409
79.343604, 145.785326
78.928873, 147.331373
78.510801, 148.877553
78.089417, 150.423870
77.664753, 151.970327
77.236841, 153.516927
76.805711, 155.063674
76.371395, 156.610571
75.933925, 158.157622
75.493334, 159.704831
75.049653, 161.252201
74.602915, 162.799737
74.153153, 164.347442
73.700400, 165.895321
73.244690, 167.443378
72.786055, 168.991618
72.324529, 170.540044
71.860147, 172.088663
71.392942, 173.637478
70.922949, 175.186494
70.450202, 176.735718
69.974736, 178.285154
69.496586, 179.834807
69.015787, 181.384683
68.532374, 182.934789
68.046383, 184.485130
67.557850, 186.035712
67.066811, 187.586542
66.573301, 189.137626
66.077357, 190.688972
65.579016, 192.240585
65.078313, 193.792475
64.575287, 195.344647
64.069973, 196.897111
63.562409, 198.449874
63.052633, 200.002944
62.540682, 201.556330
62.026593, 203.110042
61.510405, 204.664087
60.992156, 206.218477
60.471883, 207.773221
59.949625, 209.328330
59.425420, 210.883813
58.899308, 212.439683
58.371326, 213.995950
57.841514, 215.552628
57.309911, 217.109727
56.776556, 218.667262
56.241488, 220.225246
55.704747, 221.783692
55.166373, 223.342616
54.626405, 224.902032
54.084883, 226.461956
53.541847, 228.022405
52.997337, 229.583395
52.451394, 231.144945
51.904057, 232.707073
51.355368, 234.269799
50.805367, 235.833143
50.254094, 237.397125
49.701591, 238.961769
49.147898, 240.527096
48.593057, 242.093132
48.037108, 243.659901
47.480094, 245.227430
46.922054, 246.795746
46.363032, 248.364879
45.803067, 249.934858
45.242203, 251.505716
44.680480, 253.077487
44.117941, 254.650204
43.554627, 256.223905
42.990582, 257.798630
42.425845, 259.374417
41.860461, 260.951312
41.294472, 262.529358
40.727919, 264.108603
40.160845, 265.689098
39.593293, 267.270896
39.025306, 268.854052
38.456927, 270.438626
37.888197, 272.024681
37.319162, 273.612283
36.749862, 275.201502
36.180343, 276.792413
35.610646, 278.385095
35.040816, 279.979631
34.470896, 281.576112
33.900930, 283.174632
33.330961, 284.775293
32.761034, 286.378202
32.191192, 287.983476
31.621481, 289.591236
31.051943, 291.201616
30.482624, 292.814756
29.913569, 294.430807
29.344823, 296.049932
28.776430, 297.672305
28.208437, 299.298115
27.640888, 300.927565
27.073830, 302.560872
26.507310, 304.198273
25.941374, 305.840024
25.376068, 307.486402
24.811441, 309.137709
24.247541, 310.794271
23.684416, 312.456447
23.122114, 314.124625
22.560687, 315.799232
22.000184, 317.480736
21.440658, 319.169648
20.882159, 320.866536
20.324743, 322.572020
19.768462, 324.286792
19.213375, 326.011615
18.659538, 327.747338
18.107012, 329.494910
17.555858, 331.255389
17.006140, 333.029963
16.457926, 334.819969
15.911286, 336.626916
15.366296, 338.452516
14.823034, 340.298714
14.281586, 342.167734
13.742042, 344.062127
13.204502, 345.984835
12.669075, 347.939264
12.135880, 349.929382
11.605052, 351.959838
11.076741, 354.036106
10.551120, 356.164683
10.028386, 358.353323
9.508771, 0.611357
8.992546, 2.950102
8.480040, 5.383402
7.971648, 7.928343
7.467858, 10.606230
6.969281, 13.443895
6.476692, 16.475510
5.991095, 19.745083
5.513807, 23.309928
5.046598, 27.245477
4.591881, 31.651851
4.153010, 36.662468
3.734727, 42.454204
3.343794, 49.256038
2.989853, 57.346277
2.686308, 67.013951
2.450552, 78.441882
2.301984, 91.487613
2.256316, 105.478675
2.318086, 119.320258
2.477805, 131.990018
2.716904, 142.959816
3.015321, 152.195505
3.356146, 159.924488
3.726733, 166.440229
4.118111, 172.009955
4.524019, 176.848742
4.940069, 181.121277
5.363152, 184.951462
5.791025, 188.432312
6.222038, 191.634037
6.654960, 194.610121
7.088849, 197.401749
7.522979, 200.040994
7.956774, 202.553112
8.389776, 204.958209
8.821612, 207.272455
9.251976, 209.508981
9.680611, 211.678545
10.107303, 213.790037
10.531866, 215.850859
10.954142, 217.867223
11.373993, 219.844373
11.791296, 221.786770
12.205943, 223.698224
12.617836, 225.582014
13.026888, 227.440974
13.433019, 229.277563
13.836155, 231.093929
14.236229, 232.891952
14.633178, 234.673287
15.026943, 236.439397
15.417469, 238.191575
15.804704, 239.930975
16.188600, 241.658623
16.569108, 243.375440
16.946186, 245.082251
17.319790, 246.779798
17.689879, 248.468752
18.056414, 250.149720
18.419358, 251.823251
18.778673, 253.489844
19.134324, 255.149954
19.486276, 256.803996
19.834497, 258.452350
20.178954, 260.095364
20.519615, 261.733356
20.856449, 263.366619
21.189426, 264.995424
21.518517, 266.620019
21.843693, 268.240634
22.164927, 269.857482
22.482190, 271.470759
22.795456, 273.080648
23.104698, 274.687319
23.409892, 276.290928
23.711010, 277.891623
24.008030, 279.489540
24.300926, 281.084806
24.589675, 282.677541
24.874253, 284.267854
25.154638, 285.855851
25.430807, 287.441628
25.702738, 289.025276
25.970409, 290.606882
26.233801, 292.186524
26.492891, 293.764278
26.747659, 295.340214
26.998086, 296.914400
27.244152, 298.486897
27.485838, 300.057764
27.723126, 301.627057
27.955996, 303.194827
28.184431, 304.761124
28.408414, 306.325993
28.627927, 307.889479
28.842954, 309.451623
29.053477, 311.012462
29.259482, 312.572035
29.460953, 314.130374
29.657873, 315.687513
29.850229, 317.243483
30.038005, 318.798311
30.221189, 320.352026
30.399765, 321.904653
30.573720, 323.456216
30.743042, 325.006737
30.907718, 326.556239
31.067735, 328.104741
31.223081, 329.652262
31.373746, 331.198820
31.519717, 332.744431
31.660984, 334.289110
31.797537, 335.832873
31.929365, 337.375732
32.056459, 338.917700
32.178810, 340.458789
32.296407, 341.999009
32.409244, 343.538371
32.517311, 345.076882
32.620602, 346.614552
32.719107, 348.151387
32.812821, 349.687395
32.901736, 351.222581
32.985846, 352.756950
33.065145, 354.290508
33.139628, 355.823257
33.209289, 357.355200
33.274123, 358.886341
33.334126, 0.416681
33.389294, 1.946222
33.439623, 3.474963
33.485110, 5.002904
33.525751, 6.530045
33.561544, 8.056384
33.592487, 9.581919
33.618578, 11.106648
33.639815, 12.630567
33.656198, 14.153672
33.667725, 15.675959
33.674396, 17.197423
33.676211, 18.718056
33.673171, 20.237854
33.665277, 21.756809
33.652529, 23.274912
33.634928, 24.792157
33.612478, 26.308532
33.585181, 27.824028
33.553038, 29.338635
33.516053, 30.852341
33.474229, 32.365135
33.427571, 33.877002
33.376083, 35.387929
33.319769, 36.897903
33.258634, 38.406906
33.192683, 39.914924
33.121923, 41.421938
33.046359, 42.927931
32.965998, 44.432884
32.880847, 45.936776
32.790914, 47.439587
32.696205, 48.941294
32.596730, 50.441874
32.492497, 51.941302
32.383514, 53.439552
32.269791, 54.936598
32.151337, 56.432412
32.028164, 57.926963
31.900281, 59.420220
31.767699, 60.912151
31.630430, 62.402722
31.488485, 63.891895
31.341877, 65.379635
31.190618, 66.865901
31.034721, 68.350652
30.874200, 69.833844
30.709069, 71.315432
30.539341, 72.795367
30.365032, 74.273600
30.186156, 75.750077
30.002730, 77.224744
29.814770, 78.697541
29.622291, 80.168409
29.425311, 81.637281
29.223848, 83.104091
29.017919, 84.568767
28.807543, 86.031235
28.592739, 87.491415
28.373526, 88.949224
28.149924, 90.404575
27.921953, 91.857374
27.689634, 93.307524
27.452990, 94.754923
27.212042, 96.199460
26.966812, 97.641022
26.717325, 99.079485
26.463603, 100.514721
26.205671, 101.946594
25.943555, 103.374957
25.677280, 104.799658
25.406873, 106.220534
25.132361, 107.637410
24.853771, 109.050103
24.571134, 110.458416
24.284478, 111.862139
23.993833, 113.261050
23.699232, 114.654910
23.400707, 116.043465
23.098290, 117.426444
22.792018, 118.803553
22.481924, 120.174483
22.168046, 121.538896
21.850423, 122.896434
21.529093, 124.246709
21.204099, 125.589304
20.875482, 126.923771
20.543287, 128.249623
20.207561, 129.566336
19.868353, 130.873342
19.525712, 132.170025
19.179692, 133.455717
18.830350, 134.729688
18.477744, 135.991148
18.121937, 137.239230
17.762995, 138.472989
17.400987, 139.691390
17.035989, 140.893295
16.668079, 142.077455
16.297344, 143.242493
15.923876, 144.386889
15.547773, 145.508962
15.169142, 146.606845
14.788101, 147.678467
14.404777, 148.721517
14.019308, 149.733415
13.631848, 150.711273
13.242568, 151.651845
12.851654, 152.551479
12.459319, 153.406053
12.065796, 154.210897
11.671352, 154.960712
11.276288, 155.649464
10.880946, 156.270263
10.485718, 156.815225
10.091054, 157.275297
9.697478, 157.640068
9.305595, 157.897538
8.916115, 158.033860
8.529873, 158.033040
8.147854, 157.876620
7.771227, 157.543340
7.401384, 157.008818
7.039988, 156.245308
6.689025, 155.221613
6.350872, 153.903339
6.028358, 152.253700
5.724830, 150.235228
5.444195, 147.812822
5.190923, 144.958555
4.969984, 141.658470
4.786659, 137.920981
4.646220, 133.785388
4.553457, 129.327674
4.512132, 124.660001
4.524457, 119.921440
4.590782, 115.260757
4.709574, 110.816077
4.877712, 106.697970
5.090980, 102.980609
5.344606, 99.701649
5.633725, 96.868231
5.953711, 94.465547
6.300367, 92.465187
6.670001, 90.831842
7.059435, 89.528022
7.465970, 88.517023
7.887331, 87.764591
8.321607, 87.239693
8.767195, 86.914746
9.222748, 86.765524
9.687133, 86.770910
10.159388, 86.912570
10.638701, 87.174621
11.124374, 87.543309
11.615810, 88.006716
12.112495, 88.554500
12.613981, 89.177671
13.119877, 89.868393
13.629840, 90.619820
14.143568, 91.425956
14.660790, 92.281533
15.181268, 93.181911
15.704784, 94.122989
16.231145, 95.101137
16.760172, 96.113127
17.291705, 97.156086
17.825595, 98.227447
18.361705, 99.324912
18.899908, 100.446418
19.440088, 101.590108
19.982133, 102.754309
20.525941, 103.937507
21.071414, 105.138331
21.618460, 106.355537
22.166991, 107.587993
22.716924, 108.834667
23.268179, 110.094616
23.820681, 111.366979
24.374354, 112.650966
24.929129, 113.945851
25.484938, 115.250967
26.041712, 116.565701
26.599390, 117.889484
27.157906, 119.221795
27.717201, 120.562149
28.277215, 121.910097
28.837888, 123.265223
29.399165, 124.627141
29.960988, 125.995490
30.523303, 127.369936
31.086055, 128.750168
31.649190, 130.135893
32.212657, 131.526840
32.776403, 132.922754
33.340376, 134.323396
33.904526, 135.728544
34.468803, 137.137987
35.033157, 138.551528
35.597539, 139.968983
36.161900, 141.390177
36.726191, 142.814946
37.290366, 144.243137
37.854375, 145.674602
38.418173, 147.109205
38.981712, 148.546815
39.544945, 149.987309
40.107827, 151.430572
40.670311, 152.876493
41.232351, 154.324968
41.793903, 155.775897
42.354920, 157.229187
42.915358, 158.684749
43.475173, 160.142498
44.034319, 161.602354
44.592752, 163.064239
45.150428, 164.528082
45.707304, 165.993812
46.263335, 167.461365
46.818477, 168.930675
47.372689, 170.401684
47.925925, 171.874335
48.478144, 173.348571
49.029303, 174.824341
49.579359, 176.301595
50.128269, 177.780286
50.675991, 179.260366
51.222483, 180.741793
51.767703, 182.224524
52.311609, 183.708519
52.854160, 185.193741
53.395314, 186.680150
53.935030, 188.167714
54.473267, 189.656396
55.009983, 191.146166
55.545138, 192.636990
56.078692, 194.128840
56.610603, 195.621686
57.140832, 197.115501
57.669339, 198.610257
58.196082, 200.105930
58.721024, 201.602494
59.244123, 203.099925
59.765341, 204.598200
60.284639, 206.097298
60.801976, 207.597197
61.317315, 209.097876
61.830616, 210.599316
62.341841, 212.101497
62.850952, 213.604401
63.357910, 215.108011
63.862677, 216.612309
64.365216, 218.117279
64.865489, 219.622904
65.363458, 221.129170
65.859087, 222.636060
66.352337, 224.143561
66.843173, 225.651660
67.331557, 227.160341
67.817453, 228.669593
68.300825, 230.179402
68.781636, 231.689757
69.259852, 233.200646
69.735435, 234.712057
70.208352, 236.223979
70.678565, 237.736401
71.146041, 239.249314
71.610745, 240.762706
72.072642, 242.276569
72.531697, 243.790892
##END=
