##TITLE= Parameter file, TopSpin 4.3.0
##JCAMPDX= 5.0
##DATATYPE= Parameter Values
##ORIGIN= Bruker BioSpin GmbH
##OWNER= nmrsu
$$ 2024-02-28 14:20:01.469 +0000  nmrsu@4CE1161FJM
$$ C:/Bruker/TopSpin4.3.0/exp/stan/nmr/lists/wave/user/multisupp_aux_d8
$$ process C:\Bruker\TopSpin4.3.0\prog\mod\xwinshape.exe
##MINX= 0.39848800
##MAXX= 99.99938900
##MINY= 0.04619800
##MAXY= 359.95380200
##$SHAPE_ADDPHASE= 0
##$SHAPE_AMP= 99.99938929
##$SHAPE_BWFAC= 0
##$SHAPE_BWFAC50= 0
##$SHAPE_CALCBW= yes
##$SHAPE_CALCINTEG= yes
##$SHAPE_EXMODE= <Excitation>
##$SHAPE_EXPAND= <>
##$SHAPE_EXPANDCF= (0..143)
0 0 0 0 0 0 0 0 0 0 0 0 0 0 0 0 0 0 0 0 0 0 0 0 0 0 0 0 0 0 0 0 0 0 0 0
0 0 0 0 0 0 0 0 0 0 0 0 0 0 0 0 0 0 0 0 0 0 0 0 0 0 0 0 0 0 0 0 0 0 0 0
0 0 0 0 0 0 0 0 0 0 0 0 0 0 0 0 0 0 0 0 0 0 0 0 0 0 0 0 0 0 0 0 0 0 0 0
0 0 0 0 0 0 0 0 0 0 0 0 0 0 0 0 0 0 0 0 0 0 0 0 0 0 0 0 0 0 0 0 0 0 0 0
##$SHAPE_EXPFAC= 0
##$SHAPE_FRACEND= 0
##$SHAPE_FRACORG= 0
##$SHAPE_FRACSTART= 0
##$SHAPE_INTEGFAC= 0
##$SHAPE_KEEPRES= yes
##$SHAPE_LENGTH= 25000.000373
##$SHAPE_MAN= <M>
##$SHAPE_MODE= 3
##$SHAPE_MODFREQ= 0
##$SHAPE_MODPHASE= 0
##$SHAPE_MODSCALE= 0
##$SHAPE_MODSW= 0
##$SHAPE_MODSWDIR= -1
##$SHAPE_NPOINTS= 1250
##$SHAPE_OFFS= <1 3>
##$SHAPE_OFFSCOEFF= (0..95)
-149.80046 0 100 -217.5414 0 100 -286.04694 0 100 0 0 0 0 0 0 0 0 0 0 0
0 0 0 0 0 0 0 0 0 0 0 0 0 0 0 0 0 0 0 0 0 0 0 0 0 0 0 0 0 0 0 0 0 0 0 0
0 0 0 0 0 0 0 0 0 0 0 0 0 0 0 0 0 0 0 0 0 0 0 0 0 0 0 0 0 0 0 0 0 0 0 0
0 0 0 0
##$SHAPE_PARAMETER= <>
##$SHAPE_REPHFAC= 0
##$SHAPE_RES= 0
##$SHAPE_SCALEFAC= 1.00000611
##$SHAPE_SCALETYPE= 0
##$SHAPE_SPOAL= 0
##$SHAPE_SPOFFS= 0
##$SHAPE_SPOPH= 0
##$SHAPE_TOTROT= 90
##$SHAPE_TYPE= <Excitation>
##$SHAPE_USER_DEF= <>
##$SHAPE_VERSION= 2.1
##$SHL_ADDPHASE= (0..15)
0 0 0 0 0 0 0 0 0 0 0 0 0 0 0 0
##$SHL_ALIGNOFFSET= (0..15)
0 0 0 0 0 0 0 0 0 0 0 0 0 0 0 0
##$SHL_AMP= (0..15)
100 0 0 0 0 0 0 0 0 0 0 0 0 0 0 0
##$SHL_AMPFAC= (0..15)
0 0 0 0 0 0 0 0 0 0 0 0 0 0 0 0
##$SHL_BETA= (0..15)
0 0 0 0 0 0 0 0 0 0 0 0 0 0 0 0
##$SHL_BWFAC= (0..15)
1.116 0 0 0 0 0 0 0 0 0 0 0 0 0 0 0
##$SHL_CALCBW= (0..15)
yes yes yes yes yes yes yes yes yes yes yes yes yes yes yes yes
##$SHL_CALCINTEG= (0..15)
yes yes yes yes yes yes yes yes yes yes yes yes yes yes yes yes
##$SHL_CENTERAMP= (0..15)
0 0 0 0 0 0 0 0 0 0 0 0 0 0 0 0
##$SHL_CYCNUM= (0..15)
0 0 0 0 0 0 0 0 0 0 0 0 0 0 0 0
##$SHL_DIPOLCPL= (0..15)
0 0 0 0 0 0 0 0 0 0 0 0 0 0 0 0
##$SHL_ENDAMP= (0..15)
0 0 0 0 0 0 0 0 0 0 0 0 0 0 0 0
##$SHL_EXMODE= (0..15)
<Excitation> <> <> <> <> <> <> <> <> <> <> <> <> <> <> <>
##$SHL_EXPAND= (0..15)
<> <> <> <> <> <> <> <> <> <> <> <> <> <> <> <>
##$SHL_EXPANDCF0= (0..143)
0 0 0 0 0 0 0 0 0 0 0 0 0 0 0 0 0 0 0 0 0 0 0 0 0 0 0 0 0 0 0 0 0 0 0 0
0 0 0 0 0 0 0 0 0 0 0 0 0 0 0 0 0 0 0 0 0 0 0 0 0 0 0 0 0 0 0 0 0 0 0 0
0 0 0 0 0 0 0 0 0 0 0 0 0 0 0 0 0 0 0 0 0 0 0 0 0 0 0 0 0 0 0 0 0 0 0 0
0 0 0 0 0 0 0 0 0 0 0 0 0 0 0 0 0 0 0 0 0 0 0 0 0 0 0 0 0 0 0 0 0 0 0 0
##$SHL_EXPANDCF1= (0..143)
0 0 0 0 0 0 0 0 0 0 0 0 0 0 0 0 0 0 0 0 0 0 0 0 0 0 0 0 0 0 0 0 0 0 0 0
0 0 0 0 0 0 0 0 0 0 0 0 0 0 0 0 0 0 0 0 0 0 0 0 0 0 0 0 0 0 0 0 0 0 0 0
0 0 0 0 0 0 0 0 0 0 0 0 0 0 0 0 0 0 0 0 0 0 0 0 0 0 0 0 0 0 0 0 0 0 0 0
0 0 0 0 0 0 0 0 0 0 0 0 0 0 0 0 0 0 0 0 0 0 0 0 0 0 0 0 0 0 0 0 0 0 0 0
##$SHL_EXPANDCF10= (0..143)
0 0 0 0 0 0 0 0 0 0 0 0 0 0 0 0 0 0 0 0 0 0 0 0 0 0 0 0 0 0 0 0 0 0 0 0
0 0 0 0 0 0 0 0 0 0 0 0 0 0 0 0 0 0 0 0 0 0 0 0 0 0 0 0 0 0 0 0 0 0 0 0
0 0 0 0 0 0 0 0 0 0 0 0 0 0 0 0 0 0 0 0 0 0 0 0 0 0 0 0 0 0 0 0 0 0 0 0
0 0 0 0 0 0 0 0 0 0 0 0 0 0 0 0 0 0 0 0 0 0 0 0 0 0 0 0 0 0 0 0 0 0 0 0
##$SHL_EXPANDCF11= (0..143)
0 0 0 0 0 0 0 0 0 0 0 0 0 0 0 0 0 0 0 0 0 0 0 0 0 0 0 0 0 0 0 0 0 0 0 0
0 0 0 0 0 0 0 0 0 0 0 0 0 0 0 0 0 0 0 0 0 0 0 0 0 0 0 0 0 0 0 0 0 0 0 0
0 0 0 0 0 0 0 0 0 0 0 0 0 0 0 0 0 0 0 0 0 0 0 0 0 0 0 0 0 0 0 0 0 0 0 0
0 0 0 0 0 0 0 0 0 0 0 0 0 0 0 0 0 0 0 0 0 0 0 0 0 0 0 0 0 0 0 0 0 0 0 0
##$SHL_EXPANDCF12= (0..143)
0 0 0 0 0 0 0 0 0 0 0 0 0 0 0 0 0 0 0 0 0 0 0 0 0 0 0 0 0 0 0 0 0 0 0 0
0 0 0 0 0 0 0 0 0 0 0 0 0 0 0 0 0 0 0 0 0 0 0 0 0 0 0 0 0 0 0 0 0 0 0 0
0 0 0 0 0 0 0 0 0 0 0 0 0 0 0 0 0 0 0 0 0 0 0 0 0 0 0 0 0 0 0 0 0 0 0 0
0 0 0 0 0 0 0 0 0 0 0 0 0 0 0 0 0 0 0 0 0 0 0 0 0 0 0 0 0 0 0 0 0 0 0 0
##$SHL_EXPANDCF13= (0..143)
0 0 0 0 0 0 0 0 0 0 0 0 0 0 0 0 0 0 0 0 0 0 0 0 0 0 0 0 0 0 0 0 0 0 0 0
0 0 0 0 0 0 0 0 0 0 0 0 0 0 0 0 0 0 0 0 0 0 0 0 0 0 0 0 0 0 0 0 0 0 0 0
0 0 0 0 0 0 0 0 0 0 0 0 0 0 0 0 0 0 0 0 0 0 0 0 0 0 0 0 0 0 0 0 0 0 0 0
0 0 0 0 0 0 0 0 0 0 0 0 0 0 0 0 0 0 0 0 0 0 0 0 0 0 0 0 0 0 0 0 0 0 0 0
##$SHL_EXPANDCF14= (0..143)
0 0 0 0 0 0 0 0 0 0 0 0 0 0 0 0 0 0 0 0 0 0 0 0 0 0 0 0 0 0 0 0 0 0 0 0
0 0 0 0 0 0 0 0 0 0 0 0 0 0 0 0 0 0 0 0 0 0 0 0 0 0 0 0 0 0 0 0 0 0 0 0
0 0 0 0 0 0 0 0 0 0 0 0 0 0 0 0 0 0 0 0 0 0 0 0 0 0 0 0 0 0 0 0 0 0 0 0
0 0 0 0 0 0 0 0 0 0 0 0 0 0 0 0 0 0 0 0 0 0 0 0 0 0 0 0 0 0 0 0 0 0 0 0
##$SHL_EXPANDCF15= (0..143)
0 0 0 0 0 0 0 0 0 0 0 0 0 0 0 0 0 0 0 0 0 0 0 0 0 0 0 0 0 0 0 0 0 0 0 0
0 0 0 0 0 0 0 0 0 0 0 0 0 0 0 0 0 0 0 0 0 0 0 0 0 0 0 0 0 0 0 0 0 0 0 0
0 0 0 0 0 0 0 0 0 0 0 0 0 0 0 0 0 0 0 0 0 0 0 0 0 0 0 0 0 0 0 0 0 0 0 0
0 0 0 0 0 0 0 0 0 0 0 0 0 0 0 0 0 0 0 0 0 0 0 0 0 0 0 0 0 0 0 0 0 0 0 0
##$SHL_EXPANDCF2= (0..143)
0 0 0 0 0 0 0 0 0 0 0 0 0 0 0 0 0 0 0 0 0 0 0 0 0 0 0 0 0 0 0 0 0 0 0 0
0 0 0 0 0 0 0 0 0 0 0 0 0 0 0 0 0 0 0 0 0 0 0 0 0 0 0 0 0 0 0 0 0 0 0 0
0 0 0 0 0 0 0 0 0 0 0 0 0 0 0 0 0 0 0 0 0 0 0 0 0 0 0 0 0 0 0 0 0 0 0 0
0 0 0 0 0 0 0 0 0 0 0 0 0 0 0 0 0 0 0 0 0 0 0 0 0 0 0 0 0 0 0 0 0 0 0 0
##$SHL_EXPANDCF3= (0..143)
0 0 0 0 0 0 0 0 0 0 0 0 0 0 0 0 0 0 0 0 0 0 0 0 0 0 0 0 0 0 0 0 0 0 0 0
0 0 0 0 0 0 0 0 0 0 0 0 0 0 0 0 0 0 0 0 0 0 0 0 0 0 0 0 0 0 0 0 0 0 0 0
0 0 0 0 0 0 0 0 0 0 0 0 0 0 0 0 0 0 0 0 0 0 0 0 0 0 0 0 0 0 0 0 0 0 0 0
0 0 0 0 0 0 0 0 0 0 0 0 0 0 0 0 0 0 0 0 0 0 0 0 0 0 0 0 0 0 0 0 0 0 0 0
##$SHL_EXPANDCF4= (0..143)
0 0 0 0 0 0 0 0 0 0 0 0 0 0 0 0 0 0 0 0 0 0 0 0 0 0 0 0 0 0 0 0 0 0 0 0
0 0 0 0 0 0 0 0 0 0 0 0 0 0 0 0 0 0 0 0 0 0 0 0 0 0 0 0 0 0 0 0 0 0 0 0
0 0 0 0 0 0 0 0 0 0 0 0 0 0 0 0 0 0 0 0 0 0 0 0 0 0 0 0 0 0 0 0 0 0 0 0
0 0 0 0 0 0 0 0 0 0 0 0 0 0 0 0 0 0 0 0 0 0 0 0 0 0 0 0 0 0 0 0 0 0 0 0
##$SHL_EXPANDCF5= (0..143)
0 0 0 0 0 0 0 0 0 0 0 0 0 0 0 0 0 0 0 0 0 0 0 0 0 0 0 0 0 0 0 0 0 0 0 0
0 0 0 0 0 0 0 0 0 0 0 0 0 0 0 0 0 0 0 0 0 0 0 0 0 0 0 0 0 0 0 0 0 0 0 0
0 0 0 0 0 0 0 0 0 0 0 0 0 0 0 0 0 0 0 0 0 0 0 0 0 0 0 0 0 0 0 0 0 0 0 0
0 0 0 0 0 0 0 0 0 0 0 0 0 0 0 0 0 0 0 0 0 0 0 0 0 0 0 0 0 0 0 0 0 0 0 0
##$SHL_EXPANDCF6= (0..143)
0 0 0 0 0 0 0 0 0 0 0 0 0 0 0 0 0 0 0 0 0 0 0 0 0 0 0 0 0 0 0 0 0 0 0 0
0 0 0 0 0 0 0 0 0 0 0 0 0 0 0 0 0 0 0 0 0 0 0 0 0 0 0 0 0 0 0 0 0 0 0 0
0 0 0 0 0 0 0 0 0 0 0 0 0 0 0 0 0 0 0 0 0 0 0 0 0 0 0 0 0 0 0 0 0 0 0 0
0 0 0 0 0 0 0 0 0 0 0 0 0 0 0 0 0 0 0 0 0 0 0 0 0 0 0 0 0 0 0 0 0 0 0 0
##$SHL_EXPANDCF7= (0..143)
0 0 0 0 0 0 0 0 0 0 0 0 0 0 0 0 0 0 0 0 0 0 0 0 0 0 0 0 0 0 0 0 0 0 0 0
0 0 0 0 0 0 0 0 0 0 0 0 0 0 0 0 0 0 0 0 0 0 0 0 0 0 0 0 0 0 0 0 0 0 0 0
0 0 0 0 0 0 0 0 0 0 0 0 0 0 0 0 0 0 0 0 0 0 0 0 0 0 0 0 0 0 0 0 0 0 0 0
0 0 0 0 0 0 0 0 0 0 0 0 0 0 0 0 0 0 0 0 0 0 0 0 0 0 0 0 0 0 0 0 0 0 0 0
##$SHL_EXPANDCF8= (0..143)
0 0 0 0 0 0 0 0 0 0 0 0 0 0 0 0 0 0 0 0 0 0 0 0 0 0 0 0 0 0 0 0 0 0 0 0
0 0 0 0 0 0 0 0 0 0 0 0 0 0 0 0 0 0 0 0 0 0 0 0 0 0 0 0 0 0 0 0 0 0 0 0
0 0 0 0 0 0 0 0 0 0 0 0 0 0 0 0 0 0 0 0 0 0 0 0 0 0 0 0 0 0 0 0 0 0 0 0
0 0 0 0 0 0 0 0 0 0 0 0 0 0 0 0 0 0 0 0 0 0 0 0 0 0 0 0 0 0 0 0 0 0 0 0
##$SHL_EXPANDCF9= (0..143)
0 0 0 0 0 0 0 0 0 0 0 0 0 0 0 0 0 0 0 0 0 0 0 0 0 0 0 0 0 0 0 0 0 0 0 0
0 0 0 0 0 0 0 0 0 0 0 0 0 0 0 0 0 0 0 0 0 0 0 0 0 0 0 0 0 0 0 0 0 0 0 0
0 0 0 0 0 0 0 0 0 0 0 0 0 0 0 0 0 0 0 0 0 0 0 0 0 0 0 0 0 0 0 0 0 0 0 0
0 0 0 0 0 0 0 0 0 0 0 0 0 0 0 0 0 0 0 0 0 0 0 0 0 0 0 0 0 0 0 0 0 0 0 0
##$SHL_EXPFAC= (0..15)
0 0 0 0 0 0 0 0 0 0 0 0 0 0 0 0
##$SHL_FRACEND= (0..15)
0 0 0 0 0 0 0 0 0 0 0 0 0 0 0 0
##$SHL_FRACORG= (0..15)
0 0 0 0 0 0 0 0 0 0 0 0 0 0 0 0
##$SHL_FRACSTART= (0..15)
0 0 0 0 0 0 0 0 0 0 0 0 0 0 0 0
##$SHL_FULLHALF= (0..15)
0 0 0 0 0 0 0 0 0 0 0 0 0 0 0 0
##$SHL_FUNCAMP= (0..15)
100 0 0 0 0 0 0 0 0 0 0 0 0 0 0 0
##$SHL_FUNCTION= (0..15)
<Rectangle> <> <> <> <> <> <> <> <> <> <> <> <> <> <> <>
##$SHL_GCO= (0..15)
<> <> <> <> <> <> <> <> <> <> <> <> <> <> <> <>
##$SHL_GCOCOEFFS0= (0..59)
0 0 0 0 0 0 0 0 0 0 0 0 0 0 0 0 0 0 0 0 0 0 0 0 0 0 0 0 0 0 0 0 0 0 0 0
0 0 0 0 0 0 0 0 0 0 0 0 0 0 0 0 0 0 0 0 0 0 0 0
##$SHL_GCOCOEFFS1= (0..59)
0 0 0 0 0 0 0 0 0 0 0 0 0 0 0 0 0 0 0 0 0 0 0 0 0 0 0 0 0 0 0 0 0 0 0 0
0 0 0 0 0 0 0 0 0 0 0 0 0 0 0 0 0 0 0 0 0 0 0 0
##$SHL_GCOCOEFFS10= (0..59)
0 0 0 0 0 0 0 0 0 0 0 0 0 0 0 0 0 0 0 0 0 0 0 0 0 0 0 0 0 0 0 0 0 0 0 0
0 0 0 0 0 0 0 0 0 0 0 0 0 0 0 0 0 0 0 0 0 0 0 0
##$SHL_GCOCOEFFS11= (0..59)
0 0 0 0 0 0 0 0 0 0 0 0 0 0 0 0 0 0 0 0 0 0 0 0 0 0 0 0 0 0 0 0 0 0 0 0
0 0 0 0 0 0 0 0 0 0 0 0 0 0 0 0 0 0 0 0 0 0 0 0
##$SHL_GCOCOEFFS12= (0..59)
0 0 0 0 0 0 0 0 0 0 0 0 0 0 0 0 0 0 0 0 0 0 0 0 0 0 0 0 0 0 0 0 0 0 0 0
0 0 0 0 0 0 0 0 0 0 0 0 0 0 0 0 0 0 0 0 0 0 0 0
##$SHL_GCOCOEFFS13= (0..59)
0 0 0 0 0 0 0 0 0 0 0 0 0 0 0 0 0 0 0 0 0 0 0 0 0 0 0 0 0 0 0 0 0 0 0 0
0 0 0 0 0 0 0 0 0 0 0 0 0 0 0 0 0 0 0 0 0 0 0 0
##$SHL_GCOCOEFFS14= (0..59)
0 0 0 0 0 0 0 0 0 0 0 0 0 0 0 0 0 0 0 0 0 0 0 0 0 0 0 0 0 0 0 0 0 0 0 0
0 0 0 0 0 0 0 0 0 0 0 0 0 0 0 0 0 0 0 0 0 0 0 0
##$SHL_GCOCOEFFS15= (0..59)
0 0 0 0 0 0 0 0 0 0 0 0 0 0 0 0 0 0 0 0 0 0 0 0 0 0 0 0 0 0 0 0 0 0 0 0
0 0 0 0 0 0 0 0 0 0 0 0 0 0 0 0 0 0 0 0 0 0 0 0
##$SHL_GCOCOEFFS2= (0..59)
0 0 0 0 0 0 0 0 0 0 0 0 0 0 0 0 0 0 0 0 0 0 0 0 0 0 0 0 0 0 0 0 0 0 0 0
0 0 0 0 0 0 0 0 0 0 0 0 0 0 0 0 0 0 0 0 0 0 0 0
##$SHL_GCOCOEFFS3= (0..59)
0 0 0 0 0 0 0 0 0 0 0 0 0 0 0 0 0 0 0 0 0 0 0 0 0 0 0 0 0 0 0 0 0 0 0 0
0 0 0 0 0 0 0 0 0 0 0 0 0 0 0 0 0 0 0 0 0 0 0 0
##$SHL_GCOCOEFFS4= (0..59)
0 0 0 0 0 0 0 0 0 0 0 0 0 0 0 0 0 0 0 0 0 0 0 0 0 0 0 0 0 0 0 0 0 0 0 0
0 0 0 0 0 0 0 0 0 0 0 0 0 0 0 0 0 0 0 0 0 0 0 0
##$SHL_GCOCOEFFS5= (0..59)
0 0 0 0 0 0 0 0 0 0 0 0 0 0 0 0 0 0 0 0 0 0 0 0 0 0 0 0 0 0 0 0 0 0 0 0
0 0 0 0 0 0 0 0 0 0 0 0 0 0 0 0 0 0 0 0 0 0 0 0
##$SHL_GCOCOEFFS6= (0..59)
0 0 0 0 0 0 0 0 0 0 0 0 0 0 0 0 0 0 0 0 0 0 0 0 0 0 0 0 0 0 0 0 0 0 0 0
0 0 0 0 0 0 0 0 0 0 0 0 0 0 0 0 0 0 0 0 0 0 0 0
##$SHL_GCOCOEFFS7= (0..59)
0 0 0 0 0 0 0 0 0 0 0 0 0 0 0 0 0 0 0 0 0 0 0 0 0 0 0 0 0 0 0 0 0 0 0 0
0 0 0 0 0 0 0 0 0 0 0 0 0 0 0 0 0 0 0 0 0 0 0 0
##$SHL_GCOCOEFFS8= (0..59)
0 0 0 0 0 0 0 0 0 0 0 0 0 0 0 0 0 0 0 0 0 0 0 0 0 0 0 0 0 0 0 0 0 0 0 0
0 0 0 0 0 0 0 0 0 0 0 0 0 0 0 0 0 0 0 0 0 0 0 0
##$SHL_GCOCOEFFS9= (0..59)
0 0 0 0 0 0 0 0 0 0 0 0 0 0 0 0 0 0 0 0 0 0 0 0 0 0 0 0 0 0 0 0 0 0 0 0
0 0 0 0 0 0 0 0 0 0 0 0 0 0 0 0 0 0 0 0 0 0 0 0
##$SHL_INTEGFAC= (0..15)
1 0 0 0 0 0 0 0 0 0 0 0 0 0 0 0
##$SHL_LB= (0..15)
0 0 0 0 0 0 0 0 0 0 0 0 0 0 0 0
##$SHL_LEFTLIMIT= (0..15)
0 0 0 0 0 0 0 0 0 0 0 0 0 0 0 0
##$SHL_LENGTH= (0..15)
25000.000373 0 0 0 0 0 0 0 0 0 0 0 0 0 0 0
##$SHL_MAN= (0..15)
<> <> <> <> <> <> <> <> <> <> <> <> <> <> <> <>
##$SHL_MEANAMP= (0..15)
0 0 0 0 0 0 0 0 0 0 0 0 0 0 0 0
##$SHL_MODAMP= (0..15)
0 0 0 0 0 0 0 0 0 0 0 0 0 0 0 0
##$SHL_MODE= (0..15)
0 0 0 0 0 0 0 0 0 0 0 0 0 0 0 0
##$SHL_MODFREQ= (0..15)
0 0 0 0 0 0 0 0 0 0 0 0 0 0 0 0
##$SHL_MODPHASE= (0..15)
0 0 0 0 0 0 0 0 0 0 0 0 0 0 0 0
##$SHL_MODSCALE= (0..15)
0 0 0 0 0 0 0 0 0 0 0 0 0 0 0 0
##$SHL_MODSW= (0..15)
0 0 0 0 0 0 0 0 0 0 0 0 0 0 0 0
##$SHL_MODSWDIR= (0..15)
-1 -1 -1 -1 -1 -1 -1 -1 -1 -1 -1 -1 -1 -1 -1 -1
##$SHL_MU= (0..15)
0 0 0 0 0 0 0 0 0 0 0 0 0 0 0 0
##$SHL_NPOINTS= (0..15)
1250 0 0 0 0 0 0 0 0 0 0 0 0 0 0 0
##$SHL_OFFS= (0..15)
<> <> <> <> <> <> <> <> <> <> <> <> <> <> <> <>
##$SHL_OFFSCOEFF0= (0..95)
0 0 0 0 0 0 0 0 0 0 0 0 0 0 0 0 0 0 0 0 0 0 0 0 0 0 0 0 0 0 0 0 0 0 0 0
0 0 0 0 0 0 0 0 0 0 0 0 0 0 0 0 0 0 0 0 0 0 0 0 0 0 0 0 0 0 0 0 0 0 0 0
0 0 0 0 0 0 0 0 0 0 0 0 0 0 0 0 0 0 0 0 0 0 0 0
##$SHL_OFFSCOEFF1= (0..95)
0 0 0 0 0 0 0 0 0 0 0 0 0 0 0 0 0 0 0 0 0 0 0 0 0 0 0 0 0 0 0 0 0 0 0 0
0 0 0 0 0 0 0 0 0 0 0 0 0 0 0 0 0 0 0 0 0 0 0 0 0 0 0 0 0 0 0 0 0 0 0 0
0 0 0 0 0 0 0 0 0 0 0 0 0 0 0 0 0 0 0 0 0 0 0 0
##$SHL_OFFSCOEFF10= (0..95)
0 0 0 0 0 0 0 0 0 0 0 0 0 0 0 0 0 0 0 0 0 0 0 0 0 0 0 0 0 0 0 0 0 0 0 0
0 0 0 0 0 0 0 0 0 0 0 0 0 0 0 0 0 0 0 0 0 0 0 0 0 0 0 0 0 0 0 0 0 0 0 0
0 0 0 0 0 0 0 0 0 0 0 0 0 0 0 0 0 0 0 0 0 0 0 0
##$SHL_OFFSCOEFF11= (0..95)
0 0 0 0 0 0 0 0 0 0 0 0 0 0 0 0 0 0 0 0 0 0 0 0 0 0 0 0 0 0 0 0 0 0 0 0
0 0 0 0 0 0 0 0 0 0 0 0 0 0 0 0 0 0 0 0 0 0 0 0 0 0 0 0 0 0 0 0 0 0 0 0
0 0 0 0 0 0 0 0 0 0 0 0 0 0 0 0 0 0 0 0 0 0 0 0
##$SHL_OFFSCOEFF12= (0..95)
0 0 0 0 0 0 0 0 0 0 0 0 0 0 0 0 0 0 0 0 0 0 0 0 0 0 0 0 0 0 0 0 0 0 0 0
0 0 0 0 0 0 0 0 0 0 0 0 0 0 0 0 0 0 0 0 0 0 0 0 0 0 0 0 0 0 0 0 0 0 0 0
0 0 0 0 0 0 0 0 0 0 0 0 0 0 0 0 0 0 0 0 0 0 0 0
##$SHL_OFFSCOEFF13= (0..95)
0 0 0 0 0 0 0 0 0 0 0 0 0 0 0 0 0 0 0 0 0 0 0 0 0 0 0 0 0 0 0 0 0 0 0 0
0 0 0 0 0 0 0 0 0 0 0 0 0 0 0 0 0 0 0 0 0 0 0 0 0 0 0 0 0 0 0 0 0 0 0 0
0 0 0 0 0 0 0 0 0 0 0 0 0 0 0 0 0 0 0 0 0 0 0 0
##$SHL_OFFSCOEFF14= (0..95)
0 0 0 0 0 0 0 0 0 0 0 0 0 0 0 0 0 0 0 0 0 0 0 0 0 0 0 0 0 0 0 0 0 0 0 0
0 0 0 0 0 0 0 0 0 0 0 0 0 0 0 0 0 0 0 0 0 0 0 0 0 0 0 0 0 0 0 0 0 0 0 0
0 0 0 0 0 0 0 0 0 0 0 0 0 0 0 0 0 0 0 0 0 0 0 0
##$SHL_OFFSCOEFF15= (0..95)
0 0 0 0 0 0 0 0 0 0 0 0 0 0 0 0 0 0 0 0 0 0 0 0 0 0 0 0 0 0 0 0 0 0 0 0
0 0 0 0 0 0 0 0 0 0 0 0 0 0 0 0 0 0 0 0 0 0 0 0 0 0 0 0 0 0 0 0 0 0 0 0
0 0 0 0 0 0 0 0 0 0 0 0 0 0 0 0 0 0 0 0 0 0 0 0
##$SHL_OFFSCOEFF2= (0..95)
0 0 0 0 0 0 0 0 0 0 0 0 0 0 0 0 0 0 0 0 0 0 0 0 0 0 0 0 0 0 0 0 0 0 0 0
0 0 0 0 0 0 0 0 0 0 0 0 0 0 0 0 0 0 0 0 0 0 0 0 0 0 0 0 0 0 0 0 0 0 0 0
0 0 0 0 0 0 0 0 0 0 0 0 0 0 0 0 0 0 0 0 0 0 0 0
##$SHL_OFFSCOEFF3= (0..95)
0 0 0 0 0 0 0 0 0 0 0 0 0 0 0 0 0 0 0 0 0 0 0 0 0 0 0 0 0 0 0 0 0 0 0 0
0 0 0 0 0 0 0 0 0 0 0 0 0 0 0 0 0 0 0 0 0 0 0 0 0 0 0 0 0 0 0 0 0 0 0 0
0 0 0 0 0 0 0 0 0 0 0 0 0 0 0 0 0 0 0 0 0 0 0 0
##$SHL_OFFSCOEFF4= (0..95)
0 0 0 0 0 0 0 0 0 0 0 0 0 0 0 0 0 0 0 0 0 0 0 0 0 0 0 0 0 0 0 0 0 0 0 0
0 0 0 0 0 0 0 0 0 0 0 0 0 0 0 0 0 0 0 0 0 0 0 0 0 0 0 0 0 0 0 0 0 0 0 0
0 0 0 0 0 0 0 0 0 0 0 0 0 0 0 0 0 0 0 0 0 0 0 0
##$SHL_OFFSCOEFF5= (0..95)
0 0 0 0 0 0 0 0 0 0 0 0 0 0 0 0 0 0 0 0 0 0 0 0 0 0 0 0 0 0 0 0 0 0 0 0
0 0 0 0 0 0 0 0 0 0 0 0 0 0 0 0 0 0 0 0 0 0 0 0 0 0 0 0 0 0 0 0 0 0 0 0
0 0 0 0 0 0 0 0 0 0 0 0 0 0 0 0 0 0 0 0 0 0 0 0
##$SHL_OFFSCOEFF6= (0..95)
0 0 0 0 0 0 0 0 0 0 0 0 0 0 0 0 0 0 0 0 0 0 0 0 0 0 0 0 0 0 0 0 0 0 0 0
0 0 0 0 0 0 0 0 0 0 0 0 0 0 0 0 0 0 0 0 0 0 0 0 0 0 0 0 0 0 0 0 0 0 0 0
0 0 0 0 0 0 0 0 0 0 0 0 0 0 0 0 0 0 0 0 0 0 0 0
##$SHL_OFFSCOEFF7= (0..95)
0 0 0 0 0 0 0 0 0 0 0 0 0 0 0 0 0 0 0 0 0 0 0 0 0 0 0 0 0 0 0 0 0 0 0 0
0 0 0 0 0 0 0 0 0 0 0 0 0 0 0 0 0 0 0 0 0 0 0 0 0 0 0 0 0 0 0 0 0 0 0 0
0 0 0 0 0 0 0 0 0 0 0 0 0 0 0 0 0 0 0 0 0 0 0 0
##$SHL_OFFSCOEFF8= (0..95)
0 0 0 0 0 0 0 0 0 0 0 0 0 0 0 0 0 0 0 0 0 0 0 0 0 0 0 0 0 0 0 0 0 0 0 0
0 0 0 0 0 0 0 0 0 0 0 0 0 0 0 0 0 0 0 0 0 0 0 0 0 0 0 0 0 0 0 0 0 0 0 0
0 0 0 0 0 0 0 0 0 0 0 0 0 0 0 0 0 0 0 0 0 0 0 0
##$SHL_OFFSCOEFF9= (0..95)
0 0 0 0 0 0 0 0 0 0 0 0 0 0 0 0 0 0 0 0 0 0 0 0 0 0 0 0 0 0 0 0 0 0 0 0
0 0 0 0 0 0 0 0 0 0 0 0 0 0 0 0 0 0 0 0 0 0 0 0 0 0 0 0 0 0 0 0 0 0 0 0
0 0 0 0 0 0 0 0 0 0 0 0 0 0 0 0 0 0 0 0 0 0 0 0
##$SHL_PHASE= (0..15)
0 0 0 0 0 0 0 0 0 0 0 0 0 0 0 0
##$SHL_PHASEFAC= (0..15)
0 0 0 0 0 0 0 0 0 0 0 0 0 0 0 0
##$SHL_POWERINDEX= (0..15)
0 0 0 0 0 0 0 0 0 0 0 0 0 0 0 0
##$SHL_QUADCOEFF= (0..15)
0 0 0 0 0 0 0 0 0 0 0 0 0 0 0 0
##$SHL_RIGHTLIMIT= (0..15)
0 0 0 0 0 0 0 0 0 0 0 0 0 0 0 0
##$SHL_SCALEFACTOR= (0..15)
1 1 1 1 1 1 1 1 1 1 1 1 1 1 1 1
##$SHL_SF= (0..15)
<> <> <> <> <> <> <> <> <> <> <> <> <> <> <> <>
##$SHL_SFCOEFFS0= (0..200)
0 0 0 0 0 0 0 0 0 0 0 0 0 0 0 0 0 0 0 0 0 0 0 0 0 0 0 0 0 0 0 0 0 0 0 0
0 0 0 0 0 0 0 0 0 0 0 0 0 0 0 0 0 0 0 0 0 0 0 0 0 0 0 0 0 0 0 0 0 0 0 0
0 0 0 0 0 0 0 0 0 0 0 0 0 0 0 0 0 0 0 0 0 0 0 0 0 0 0 0 0 0 0 0 0 0 0 0
0 0 0 0 0 0 0 0 0 0 0 0 0 0 0 0 0 0 0 0 0 0 0 0 0 0 0 0 0 0 0 0 0 0 0 0
0 0 0 0 0 0 0 0 0 0 0 0 0 0 0 0 0 0 0 0 0 0 0 0 0 0 0 0 0 0 0 0 0 0 0 0
0 0 0 0 0 0 0 0 0 0 0 0 0 0 0 0 0 0 0 0 0
##$SHL_SFCOEFFS1= (0..200)
0 0 0 0 0 0 0 0 0 0 0 0 0 0 0 0 0 0 0 0 0 0 0 0 0 0 0 0 0 0 0 0 0 0 0 0
0 0 0 0 0 0 0 0 0 0 0 0 0 0 0 0 0 0 0 0 0 0 0 0 0 0 0 0 0 0 0 0 0 0 0 0
0 0 0 0 0 0 0 0 0 0 0 0 0 0 0 0 0 0 0 0 0 0 0 0 0 0 0 0 0 0 0 0 0 0 0 0
0 0 0 0 0 0 0 0 0 0 0 0 0 0 0 0 0 0 0 0 0 0 0 0 0 0 0 0 0 0 0 0 0 0 0 0
0 0 0 0 0 0 0 0 0 0 0 0 0 0 0 0 0 0 0 0 0 0 0 0 0 0 0 0 0 0 0 0 0 0 0 0
0 0 0 0 0 0 0 0 0 0 0 0 0 0 0 0 0 0 0 0 0
##$SHL_SFCOEFFS10= (0..200)
0 0 0 0 0 0 0 0 0 0 0 0 0 0 0 0 0 0 0 0 0 0 0 0 0 0 0 0 0 0 0 0 0 0 0 0
0 0 0 0 0 0 0 0 0 0 0 0 0 0 0 0 0 0 0 0 0 0 0 0 0 0 0 0 0 0 0 0 0 0 0 0
0 0 0 0 0 0 0 0 0 0 0 0 0 0 0 0 0 0 0 0 0 0 0 0 0 0 0 0 0 0 0 0 0 0 0 0
0 0 0 0 0 0 0 0 0 0 0 0 0 0 0 0 0 0 0 0 0 0 0 0 0 0 0 0 0 0 0 0 0 0 0 0
0 0 0 0 0 0 0 0 0 0 0 0 0 0 0 0 0 0 0 0 0 0 0 0 0 0 0 0 0 0 0 0 0 0 0 0
0 0 0 0 0 0 0 0 0 0 0 0 0 0 0 0 0 0 0 0 0
##$SHL_SFCOEFFS11= (0..200)
0 0 0 0 0 0 0 0 0 0 0 0 0 0 0 0 0 0 0 0 0 0 0 0 0 0 0 0 0 0 0 0 0 0 0 0
0 0 0 0 0 0 0 0 0 0 0 0 0 0 0 0 0 0 0 0 0 0 0 0 0 0 0 0 0 0 0 0 0 0 0 0
0 0 0 0 0 0 0 0 0 0 0 0 0 0 0 0 0 0 0 0 0 0 0 0 0 0 0 0 0 0 0 0 0 0 0 0
0 0 0 0 0 0 0 0 0 0 0 0 0 0 0 0 0 0 0 0 0 0 0 0 0 0 0 0 0 0 0 0 0 0 0 0
0 0 0 0 0 0 0 0 0 0 0 0 0 0 0 0 0 0 0 0 0 0 0 0 0 0 0 0 0 0 0 0 0 0 0 0
0 0 0 0 0 0 0 0 0 0 0 0 0 0 0 0 0 0 0 0 0
##$SHL_SFCOEFFS12= (0..200)
0 0 0 0 0 0 0 0 0 0 0 0 0 0 0 0 0 0 0 0 0 0 0 0 0 0 0 0 0 0 0 0 0 0 0 0
0 0 0 0 0 0 0 0 0 0 0 0 0 0 0 0 0 0 0 0 0 0 0 0 0 0 0 0 0 0 0 0 0 0 0 0
0 0 0 0 0 0 0 0 0 0 0 0 0 0 0 0 0 0 0 0 0 0 0 0 0 0 0 0 0 0 0 0 0 0 0 0
0 0 0 0 0 0 0 0 0 0 0 0 0 0 0 0 0 0 0 0 0 0 0 0 0 0 0 0 0 0 0 0 0 0 0 0
0 0 0 0 0 0 0 0 0 0 0 0 0 0 0 0 0 0 0 0 0 0 0 0 0 0 0 0 0 0 0 0 0 0 0 0
0 0 0 0 0 0 0 0 0 0 0 0 0 0 0 0 0 0 0 0 0
##$SHL_SFCOEFFS13= (0..200)
0 0 0 0 0 0 0 0 0 0 0 0 0 0 0 0 0 0 0 0 0 0 0 0 0 0 0 0 0 0 0 0 0 0 0 0
0 0 0 0 0 0 0 0 0 0 0 0 0 0 0 0 0 0 0 0 0 0 0 0 0 0 0 0 0 0 0 0 0 0 0 0
0 0 0 0 0 0 0 0 0 0 0 0 0 0 0 0 0 0 0 0 0 0 0 0 0 0 0 0 0 0 0 0 0 0 0 0
0 0 0 0 0 0 0 0 0 0 0 0 0 0 0 0 0 0 0 0 0 0 0 0 0 0 0 0 0 0 0 0 0 0 0 0
0 0 0 0 0 0 0 0 0 0 0 0 0 0 0 0 0 0 0 0 0 0 0 0 0 0 0 0 0 0 0 0 0 0 0 0
0 0 0 0 0 0 0 0 0 0 0 0 0 0 0 0 0 0 0 0 0
##$SHL_SFCOEFFS14= (0..200)
0 0 0 0 0 0 0 0 0 0 0 0 0 0 0 0 0 0 0 0 0 0 0 0 0 0 0 0 0 0 0 0 0 0 0 0
0 0 0 0 0 0 0 0 0 0 0 0 0 0 0 0 0 0 0 0 0 0 0 0 0 0 0 0 0 0 0 0 0 0 0 0
0 0 0 0 0 0 0 0 0 0 0 0 0 0 0 0 0 0 0 0 0 0 0 0 0 0 0 0 0 0 0 0 0 0 0 0
0 0 0 0 0 0 0 0 0 0 0 0 0 0 0 0 0 0 0 0 0 0 0 0 0 0 0 0 0 0 0 0 0 0 0 0
0 0 0 0 0 0 0 0 0 0 0 0 0 0 0 0 0 0 0 0 0 0 0 0 0 0 0 0 0 0 0 0 0 0 0 0
0 0 0 0 0 0 0 0 0 0 0 0 0 0 0 0 0 0 0 0 0
##$SHL_SFCOEFFS15= (0..200)
0 0 0 0 0 0 0 0 0 0 0 0 0 0 0 0 0 0 0 0 0 0 0 0 0 0 0 0 0 0 0 0 0 0 0 0
0 0 0 0 0 0 0 0 0 0 0 0 0 0 0 0 0 0 0 0 0 0 0 0 0 0 0 0 0 0 0 0 0 0 0 0
0 0 0 0 0 0 0 0 0 0 0 0 0 0 0 0 0 0 0 0 0 0 0 0 0 0 0 0 0 0 0 0 0 0 0 0
0 0 0 0 0 0 0 0 0 0 0 0 0 0 0 0 0 0 0 0 0 0 0 0 0 0 0 0 0 0 0 0 0 0 0 0
0 0 0 0 0 0 0 0 0 0 0 0 0 0 0 0 0 0 0 0 0 0 0 0 0 0 0 0 0 0 0 0 0 0 0 0
0 0 0 0 0 0 0 0 0 0 0 0 0 0 0 0 0 0 0 0 0
##$SHL_SFCOEFFS2= (0..200)
0 0 0 0 0 0 0 0 0 0 0 0 0 0 0 0 0 0 0 0 0 0 0 0 0 0 0 0 0 0 0 0 0 0 0 0
0 0 0 0 0 0 0 0 0 0 0 0 0 0 0 0 0 0 0 0 0 0 0 0 0 0 0 0 0 0 0 0 0 0 0 0
0 0 0 0 0 0 0 0 0 0 0 0 0 0 0 0 0 0 0 0 0 0 0 0 0 0 0 0 0 0 0 0 0 0 0 0
0 0 0 0 0 0 0 0 0 0 0 0 0 0 0 0 0 0 0 0 0 0 0 0 0 0 0 0 0 0 0 0 0 0 0 0
0 0 0 0 0 0 0 0 0 0 0 0 0 0 0 0 0 0 0 0 0 0 0 0 0 0 0 0 0 0 0 0 0 0 0 0
0 0 0 0 0 0 0 0 0 0 0 0 0 0 0 0 0 0 0 0 0
##$SHL_SFCOEFFS3= (0..200)
0 0 0 0 0 0 0 0 0 0 0 0 0 0 0 0 0 0 0 0 0 0 0 0 0 0 0 0 0 0 0 0 0 0 0 0
0 0 0 0 0 0 0 0 0 0 0 0 0 0 0 0 0 0 0 0 0 0 0 0 0 0 0 0 0 0 0 0 0 0 0 0
0 0 0 0 0 0 0 0 0 0 0 0 0 0 0 0 0 0 0 0 0 0 0 0 0 0 0 0 0 0 0 0 0 0 0 0
0 0 0 0 0 0 0 0 0 0 0 0 0 0 0 0 0 0 0 0 0 0 0 0 0 0 0 0 0 0 0 0 0 0 0 0
0 0 0 0 0 0 0 0 0 0 0 0 0 0 0 0 0 0 0 0 0 0 0 0 0 0 0 0 0 0 0 0 0 0 0 0
0 0 0 0 0 0 0 0 0 0 0 0 0 0 0 0 0 0 0 0 0
##$SHL_SFCOEFFS4= (0..200)
0 0 0 0 0 0 0 0 0 0 0 0 0 0 0 0 0 0 0 0 0 0 0 0 0 0 0 0 0 0 0 0 0 0 0 0
0 0 0 0 0 0 0 0 0 0 0 0 0 0 0 0 0 0 0 0 0 0 0 0 0 0 0 0 0 0 0 0 0 0 0 0
0 0 0 0 0 0 0 0 0 0 0 0 0 0 0 0 0 0 0 0 0 0 0 0 0 0 0 0 0 0 0 0 0 0 0 0
0 0 0 0 0 0 0 0 0 0 0 0 0 0 0 0 0 0 0 0 0 0 0 0 0 0 0 0 0 0 0 0 0 0 0 0
0 0 0 0 0 0 0 0 0 0 0 0 0 0 0 0 0 0 0 0 0 0 0 0 0 0 0 0 0 0 0 0 0 0 0 0
0 0 0 0 0 0 0 0 0 0 0 0 0 0 0 0 0 0 0 0 0
##$SHL_SFCOEFFS5= (0..200)
0 0 0 0 0 0 0 0 0 0 0 0 0 0 0 0 0 0 0 0 0 0 0 0 0 0 0 0 0 0 0 0 0 0 0 0
0 0 0 0 0 0 0 0 0 0 0 0 0 0 0 0 0 0 0 0 0 0 0 0 0 0 0 0 0 0 0 0 0 0 0 0
0 0 0 0 0 0 0 0 0 0 0 0 0 0 0 0 0 0 0 0 0 0 0 0 0 0 0 0 0 0 0 0 0 0 0 0
0 0 0 0 0 0 0 0 0 0 0 0 0 0 0 0 0 0 0 0 0 0 0 0 0 0 0 0 0 0 0 0 0 0 0 0
0 0 0 0 0 0 0 0 0 0 0 0 0 0 0 0 0 0 0 0 0 0 0 0 0 0 0 0 0 0 0 0 0 0 0 0
0 0 0 0 0 0 0 0 0 0 0 0 0 0 0 0 0 0 0 0 0
##$SHL_SFCOEFFS6= (0..200)
0 0 0 0 0 0 0 0 0 0 0 0 0 0 0 0 0 0 0 0 0 0 0 0 0 0 0 0 0 0 0 0 0 0 0 0
0 0 0 0 0 0 0 0 0 0 0 0 0 0 0 0 0 0 0 0 0 0 0 0 0 0 0 0 0 0 0 0 0 0 0 0
0 0 0 0 0 0 0 0 0 0 0 0 0 0 0 0 0 0 0 0 0 0 0 0 0 0 0 0 0 0 0 0 0 0 0 0
0 0 0 0 0 0 0 0 0 0 0 0 0 0 0 0 0 0 0 0 0 0 0 0 0 0 0 0 0 0 0 0 0 0 0 0
0 0 0 0 0 0 0 0 0 0 0 0 0 0 0 0 0 0 0 0 0 0 0 0 0 0 0 0 0 0 0 0 0 0 0 0
0 0 0 0 0 0 0 0 0 0 0 0 0 0 0 0 0 0 0 0 0
##$SHL_SFCOEFFS7= (0..200)
0 0 0 0 0 0 0 0 0 0 0 0 0 0 0 0 0 0 0 0 0 0 0 0 0 0 0 0 0 0 0 0 0 0 0 0
0 0 0 0 0 0 0 0 0 0 0 0 0 0 0 0 0 0 0 0 0 0 0 0 0 0 0 0 0 0 0 0 0 0 0 0
0 0 0 0 0 0 0 0 0 0 0 0 0 0 0 0 0 0 0 0 0 0 0 0 0 0 0 0 0 0 0 0 0 0 0 0
0 0 0 0 0 0 0 0 0 0 0 0 0 0 0 0 0 0 0 0 0 0 0 0 0 0 0 0 0 0 0 0 0 0 0 0
0 0 0 0 0 0 0 0 0 0 0 0 0 0 0 0 0 0 0 0 0 0 0 0 0 0 0 0 0 0 0 0 0 0 0 0
0 0 0 0 0 0 0 0 0 0 0 0 0 0 0 0 0 0 0 0 0
##$SHL_SFCOEFFS8= (0..200)
0 0 0 0 0 0 0 0 0 0 0 0 0 0 0 0 0 0 0 0 0 0 0 0 0 0 0 0 0 0 0 0 0 0 0 0
0 0 0 0 0 0 0 0 0 0 0 0 0 0 0 0 0 0 0 0 0 0 0 0 0 0 0 0 0 0 0 0 0 0 0 0
0 0 0 0 0 0 0 0 0 0 0 0 0 0 0 0 0 0 0 0 0 0 0 0 0 0 0 0 0 0 0 0 0 0 0 0
0 0 0 0 0 0 0 0 0 0 0 0 0 0 0 0 0 0 0 0 0 0 0 0 0 0 0 0 0 0 0 0 0 0 0 0
0 0 0 0 0 0 0 0 0 0 0 0 0 0 0 0 0 0 0 0 0 0 0 0 0 0 0 0 0 0 0 0 0 0 0 0
0 0 0 0 0 0 0 0 0 0 0 0 0 0 0 0 0 0 0 0 0
##$SHL_SFCOEFFS9= (0..200)
0 0 0 0 0 0 0 0 0 0 0 0 0 0 0 0 0 0 0 0 0 0 0 0 0 0 0 0 0 0 0 0 0 0 0 0
0 0 0 0 0 0 0 0 0 0 0 0 0 0 0 0 0 0 0 0 0 0 0 0 0 0 0 0 0 0 0 0 0 0 0 0
0 0 0 0 0 0 0 0 0 0 0 0 0 0 0 0 0 0 0 0 0 0 0 0 0 0 0 0 0 0 0 0 0 0 0 0
0 0 0 0 0 0 0 0 0 0 0 0 0 0 0 0 0 0 0 0 0 0 0 0 0 0 0 0 0 0 0 0 0 0 0 0
0 0 0 0 0 0 0 0 0 0 0 0 0 0 0 0 0 0 0 0 0 0 0 0 0 0 0 0 0 0 0 0 0 0 0 0
0 0 0 0 0 0 0 0 0 0 0 0 0 0 0 0 0 0 0 0 0
##$SHL_SMOOTHED= (0..15)
0 0 0 0 0 0 0 0 0 0 0 0 0 0 0 0
##$SHL_SMOOTHING= (0..15)
0 0 0 0 0 0 0 0 0 0 0 0 0 0 0 0
##$SHL_SPOAL= (0..15)
0 0 0 0 0 0 0 0 0 0 0 0 0 0 0 0
##$SHL_SPOFFS= (0..15)
0 0 0 0 0 0 0 0 0 0 0 0 0 0 0 0
##$SHL_SPOPH= (0..15)
0 0 0 0 0 0 0 0 0 0 0 0 0 0 0 0
##$SHL_STARTAMP= (0..15)
0 0 0 0 0 0 0 0 0 0 0 0 0 0 0 0
##$SHL_SW= (0..15)
0 0 0 0 0 0 0 0 0 0 0 0 0 0 0 0
##$SHL_SWDIR= (0..15)
-1 -1 -1 -1 -1 -1 -1 -1 -1 -1 -1 -1 -1 -1 -1 -1
##$SHL_TANKAPPA= (0..15)
0 0 0 0 0 0 0 0 0 0 0 0 0 0 0 0
##$SHL_TOTROT= (0..15)
90 0 0 0 0 0 0 0 0 0 0 0 0 0 0 0
##$SHL_TRUNCLEV= (0..15)
0 0 0 0 0 0 0 0 0 0 0 0 0 0 0 0
##$SHL_TYPE= (0..15)
<Excitation> <> <> <> <> <> <> <> <> <> <> <> <> <> <> <>
##$SHL_WINDOWSIZE= (0..15)
0 0 0 0 0 0 0 0 0 0 0 0 0 0 0 0
##$SHL_ZETA= (0..15)
0 0 0 0 0 0 0 0 0 0 0 0 0 0 0 0
##NPOINTS= 1250
##XYPOINTS= (XY..XY)
72.801504, 100.914827
72.340238, 102.487628
71.876114, 104.060509
71.409165, 105.633471
70.939425, 107.206516
70.466930, 108.779646
69.991713, 110.352863
69.513810, 111.926168
69.033255, 113.499563
68.550085, 115.073051
68.064333, 116.646633
67.576037, 118.220312
67.085231, 119.794090
66.591951, 121.367968
66.096235, 122.941950
65.598118, 124.516037
65.097636, 126.090233
64.594827, 127.664539
64.089727, 129.238959
63.582373, 130.813496
63.072803, 132.388151
62.561054, 133.962929
62.047163, 135.537831
61.531169, 137.112863
61.013108, 138.688025
60.493019, 140.263324
59.970941, 141.838760
59.446910, 143.414340
58.920967, 144.990065
58.393149, 146.565941
57.863495, 148.141972
57.332044, 149.718161
56.798835, 151.294513
56.263907, 152.871033
55.727299, 154.447726
55.189051, 156.024597
54.649202, 157.601650
54.107792, 159.178892
53.564860, 160.756329
53.020447, 162.333965
52.474592, 163.911807
51.927335, 165.489863
51.378717, 167.068137
50.828777, 168.646638
50.277557, 170.225373
49.725096, 171.804349
49.171435, 173.383575
48.616615, 174.963058
48.060677, 176.542808
47.503660, 178.122834
46.945607, 179.703144
46.386558, 181.283751
45.826554, 182.864663
45.265637, 184.445891
44.703847, 186.027449
44.141226, 187.609347
43.577815, 189.191599
43.013655, 190.774217
42.448789, 192.357217
41.883256, 193.940613
41.317100, 195.524420
40.750362, 197.108656
40.183083, 198.693337
39.615304, 200.278482
39.047069, 201.864111
38.478418, 203.450245
37.909393, 205.036904
37.340037, 206.624112
36.770391, 208.211893
36.200497, 209.800274
35.630397, 211.389282
35.060133, 212.978945
34.489747, 214.569296
33.919281, 216.160366
33.348778, 217.752192
32.778278, 219.344811
32.207825, 220.938263
31.637461, 222.532590
31.067227, 224.127839
30.497165, 225.724059
29.927319, 227.321303
29.357730, 228.919626
28.788440, 230.519090
28.219491, 232.119761
27.650926, 233.721709
27.082786, 235.325009
26.515115, 236.929746
25.947954, 238.536007
25.381346, 240.143889
24.815332, 241.753499
24.249955, 243.364950
23.685258, 244.978366
23.121282, 246.593886
22.558071, 248.211657
21.995666, 249.831844
21.434110, 251.454627
20.873445, 253.080204
20.313715, 254.708793
19.754961, 256.340639
19.197227, 257.976010
18.640556, 259.615207
18.084991, 261.258563
17.530575, 262.906455
16.977351, 264.559304
16.425364, 266.217586
15.874657, 267.881839
15.325276, 269.552675
14.777266, 271.230793
14.230671, 272.916993
13.685539, 274.612197
13.141917, 276.317473
12.599853, 278.034066
12.059397, 279.763431
11.520601, 281.507287
10.983518, 283.267672
10.448204, 285.047026
9.914720, 286.848294
9.383128, 288.675060
8.853498, 290.531732
8.325907, 292.423794
7.800441, 294.358153
7.277201, 296.343630
6.756302, 298.391667
6.237889, 300.517378
5.722140, 302.741135
5.209289, 305.091052
4.699652, 307.607008
4.193675, 310.347432
3.692020, 313.401303
3.195733, 316.910588
2.706571, 321.115084
2.227750, 326.449140
1.765797, 333.768246
1.335738, 344.911104
0.976932, 3.889311
0.788406, 35.753472
0.882378, 71.086028
1.190856, 94.130685
1.591491, 107.350655
2.028601, 115.692738
2.481470, 121.576817
2.941526, 126.104274
3.404715, 129.817316
3.868897, 133.007257
4.332834, 135.842760
4.795759, 138.427625
5.257167, 140.829006
5.716707, 143.092169
6.174126, 145.248694
6.629232, 147.321262
7.081877, 149.326570
7.531940, 151.277178
7.979322, 153.182709
8.423938, 155.050659
8.865714, 156.886955
9.304585, 158.696341
9.740492, 160.482658
10.173383, 162.249053
10.603206, 163.998125
11.029917, 165.732039
11.453470, 167.452617
11.873824, 169.161397
12.290939, 170.859692
12.704778, 172.548626
13.115302, 174.229168
13.522476, 175.902158
13.926265, 177.568326
14.326635, 179.228314
14.723553, 180.882683
15.116986, 182.531929
15.506903, 184.176491
15.893271, 185.816760
16.276061, 187.453083
16.655242, 189.085772
17.030785, 190.715106
17.402659, 192.341337
17.770837, 193.964691
18.135289, 195.585373
18.495989, 197.203570
18.852907, 198.819449
19.206018, 200.433166
19.555294, 202.044861
19.900708, 203.654662
20.242235, 205.262688
20.579848, 206.869045
20.913523, 208.473834
21.243234, 210.077147
21.568956, 211.679067
21.890665, 213.279673
22.208337, 214.879037
22.521948, 216.477227
22.831475, 218.074304
23.136894, 219.670327
23.438183, 221.265349
23.735320, 222.859420
24.028281, 224.452587
24.317047, 226.044893
24.601594, 227.636380
24.881902, 229.227086
25.157950, 230.817046
25.429718, 232.406295
25.697185, 233.994863
25.960332, 235.582780
26.219139, 237.170074
26.473587, 238.756772
26.723657, 240.342897
26.969331, 241.928473
27.210591, 243.513523
27.447418, 245.098067
27.679795, 246.682124
27.907705, 248.265712
28.131132, 249.848851
28.350058, 251.431555
28.564468, 253.013841
28.774345, 254.595723
28.979675, 256.177216
29.180441, 257.758333
29.376630, 259.339087
29.568227, 260.919489
29.755217, 262.499552
29.937587, 264.079286
30.115324, 265.658701
30.288414, 267.237808
30.456844, 268.816615
30.620603, 270.395132
30.779678, 271.973367
30.934057, 273.551328
31.083729, 275.129022
31.228683, 276.706458
31.368908, 278.283642
31.504394, 279.860581
31.635131, 281.437281
31.761110, 283.013748
31.882320, 284.589987
31.998754, 286.166006
32.110402, 287.741807
32.217257, 289.317398
32.319310, 290.892782
32.416553, 292.467963
32.508981, 294.042947
32.596586, 295.617737
32.679361, 297.192337
32.757300, 298.766751
32.830399, 300.340982
32.898650, 301.915033
32.962050, 303.488909
33.020593, 305.062611
33.074276, 306.636143
33.123094, 308.209508
33.167043, 309.782707
33.206121, 311.355743
33.240325, 312.928619
33.269651, 314.501336
33.294099, 316.073897
33.313665, 317.646304
33.328349, 319.218557
33.338150, 320.790659
33.343066, 322.362611
33.343098, 323.934414
33.338245, 325.506070
33.328508, 327.077580
33.313887, 328.648944
33.294384, 330.220164
33.269999, 331.791240
33.240735, 333.362173
33.206594, 334.932964
33.167578, 336.503612
33.123691, 338.074119
33.074934, 339.644484
33.021313, 341.214707
32.962830, 342.784788
32.899491, 344.354728
32.831299, 345.924525
32.758260, 347.494180
32.680379, 349.063692
32.597662, 350.633060
32.510114, 352.202284
32.417743, 353.771362
32.320555, 355.340294
32.218556, 356.909078
32.111756, 358.477713
32.000161, 0.046198
31.883779, 1.614531
31.762620, 3.182710
31.636691, 4.750734
31.506003, 6.318600
31.370564, 7.886307
31.230386, 9.453851
31.085477, 11.021231
30.935849, 12.588443
30.781512, 14.155485
30.622479, 15.722353
30.458760, 17.289044
30.290367, 18.855555
30.117314, 20.421882
29.939612, 21.988021
29.757275, 23.553967
29.570315, 25.119716
29.378748, 26.685263
29.182586, 28.250603
28.981845, 29.815730
28.776538, 31.380639
28.566681, 32.945323
28.352290, 34.509777
28.133380, 36.073992
27.909967, 37.637962
27.682067, 39.201679
27.449698, 40.765135
27.212876, 42.328321
26.971619, 43.891227
26.725944, 45.453843
26.475870, 47.016160
26.221415, 48.578166
25.962597, 50.139848
25.699435, 51.701195
25.431950, 53.262193
25.160160, 54.822827
24.884085, 56.383082
24.603746, 57.942941
24.319164, 59.502387
24.030359, 61.061402
23.737352, 62.619965
23.440165, 64.178054
23.138821, 65.735647
22.833340, 67.292719
22.523746, 68.849243
22.210061, 70.405190
21.892309, 71.960531
21.570513, 73.515231
21.244696, 75.069255
20.914882, 76.622564
20.581097, 78.175116
20.243364, 79.726865
19.901708, 81.277762
19.556155, 82.827753
19.206730, 84.376780
18.853460, 85.924778
18.496369, 87.471677
18.135485, 89.017400
17.770834, 90.561864
17.402443, 92.104974
17.030340, 93.646630
16.654553, 95.186716
16.275108, 96.725109
15.892036, 98.261667
15.505363, 99.796236
15.115120, 101.328641
14.721335, 102.858687
14.324038, 104.386153
13.923259, 105.910791
13.519029, 107.432320
13.111378, 108.950419
12.700336, 110.464721
12.285937, 111.974803
11.868212, 113.480180
11.447192, 114.980287
11.022913, 116.474464
10.595406, 117.961936
10.164708, 119.441787
9.730853, 120.912926
9.293876, 122.374040
8.853817, 123.823541
8.410714, 125.259486
7.964607, 126.679470
7.515540, 128.080487
7.063558, 129.458721
6.608712, 130.809262
6.151057, 132.125681
5.690656, 133.399391
5.227584, 134.618666
4.761929, 135.767062
4.293810, 136.820790
3.823382, 137.744110
3.350875, 138.480789
2.876646, 138.937063
2.401317, 138.944393
1.926090, 138.167675
1.453713, 135.838930
0.992113, 129.784079
0.574743, 111.640526
0.398488, 55.641982
0.690621, 12.310778
1.136661, 359.481803
1.615852, 354.921317
2.107331, 353.173497
2.605462, 352.676991
3.108128, 352.839627
3.614348, 353.390571
4.123600, 354.189065
4.635568, 355.154888
5.150046, 356.239038
5.666887, 357.409914
6.185981, 358.646232
6.707238, 359.933137
7.230584, 1.259948
7.755952, 2.618793
8.283285, 4.003737
8.812527, 5.410228
9.343629, 6.834711
9.876541, 8.274372
10.411216, 9.726956
10.947609, 11.190630
11.485675, 12.663894
12.025372, 14.145507
12.566655, 15.634431
13.109482, 17.129794
13.653811, 18.630858
14.199599, 20.136992
14.746805, 21.647656
15.295387, 23.162382
15.845304, 24.680767
16.396514, 26.202457
16.948975, 27.727144
17.502646, 29.254556
18.057486, 30.784452
18.613453, 32.316621
19.170505, 33.850873
19.728603, 35.387039
20.287703, 36.924969
20.847765, 38.464527
21.408747, 40.005590
21.970608, 41.548049
22.533305, 43.091804
23.096799, 44.636763
23.661046, 46.182846
24.226005, 47.729976
24.791636, 49.278086
25.357895, 50.827112
25.924742, 52.376998
26.492134, 53.927689
27.060030, 55.479139
27.628388, 57.031301
28.197167, 58.584135
28.766324, 60.137602
29.335818, 61.691667
29.905606, 63.246297
30.475648, 64.801462
31.045900, 66.357133
31.616322, 67.913284
32.186871, 69.469889
32.757506, 71.026927
33.328184, 72.584376
33.898863, 74.142215
34.469502, 75.700427
35.040060, 77.258992
35.610493, 78.817895
36.180760, 80.377120
36.750820, 81.936652
37.320630, 83.496478
37.890148, 85.056585
38.459334, 86.616961
39.028144, 88.177593
39.596539, 89.738471
40.164474, 91.299586
40.731910, 92.860926
41.298804, 94.422483
41.865116, 95.984248
42.430802, 97.546213
42.995822, 99.108370
43.560135, 100.670711
44.123699, 102.233230
44.686473, 103.795920
45.248415, 105.358773
45.809484, 106.921785
46.369639, 108.484950
46.928839, 110.048261
47.487044, 111.611714
48.044211, 113.175303
48.600301, 114.739024
49.155273, 116.302873
49.709085, 117.866844
50.261697, 119.430934
50.813069, 120.995138
51.363161, 122.559453
51.911931, 124.123876
52.459340, 125.688402
53.005348, 127.253028
53.549914, 128.817751
54.092999, 130.382568
54.634563, 131.947477
55.174566, 133.512473
55.712968, 135.077554
56.249731, 136.642719
56.784814, 138.207963
57.318179, 139.773286
57.849787, 141.338684
58.379598, 142.904155
58.907573, 144.469697
59.433675, 146.035308
59.957863, 147.600986
60.480101, 149.166729
61.000350, 150.732536
61.518571, 152.298404
62.034727, 153.864331
62.548779, 155.430316
63.060691, 156.996358
63.570424, 158.562455
64.077941, 160.128604
64.583205, 161.694806
65.086179, 163.261058
65.586827, 164.827360
66.085111, 166.393709
66.580994, 167.960104
67.074441, 169.526545
67.565416, 171.093030
68.053882, 172.659558
68.539803, 174.226128
69.023145, 175.792738
69.503871, 177.359389
69.981946, 178.926078
70.457336, 180.492804
70.930005, 182.059568
71.399919, 183.626367
71.867043, 185.193202
72.331343, 186.760070
72.792786, 188.326972
73.251336, 189.893906
73.706962, 191.460872
74.159628, 193.027868
74.609303, 194.594895
75.055953, 196.161951
75.499545, 197.729036
75.940048, 199.296149
76.377428, 200.863289
76.811653, 202.430456
77.242692, 203.997649
77.670513, 205.564867
78.095086, 207.132110
78.516377, 208.699378
78.934358, 210.266669
79.348997, 211.833983
79.760263, 213.401320
80.168128, 214.968679
80.572560, 216.536060
80.973530, 218.103461
81.371008, 219.670883
81.764967, 221.238326
82.155376, 222.805788
82.542207, 224.373269
82.925432, 225.940769
83.305023, 227.508287
83.680951, 229.075823
84.053190, 230.643377
84.421712, 232.210947
84.786490, 233.778535
85.147497, 235.346139
85.504707, 236.913758
85.858094, 238.481394
86.207632, 240.049044
86.553294, 241.616710
86.895057, 243.184390
87.232894, 244.752084
87.566781, 246.319792
87.896694, 247.887514
88.222608, 249.455249
88.544499, 251.022996
88.862345, 252.590757
89.176121, 254.158530
89.485804, 255.726315
89.791373, 257.294112
90.092804, 258.861920
90.390075, 260.429740
90.683165, 261.997570
90.972053, 263.565411
91.256716, 265.133263
91.537134, 266.701125
91.813287, 268.268997
92.085154, 269.836879
92.352716, 271.404770
92.615952, 272.972670
92.874844, 274.540580
93.129372, 276.108498
93.379519, 277.676425
93.625265, 279.244360
93.866592, 280.812304
94.103483, 282.380255
94.335921, 283.948214
94.563888, 285.516181
94.787368, 287.084155
95.006344, 288.652136
95.220801, 290.220124
95.430722, 291.788119
95.636093, 293.356121
95.836897, 294.924129
96.033121, 296.492143
96.224750, 298.060163
96.411771, 299.628189
96.594168, 301.196220
96.771930, 302.764257
96.945042, 304.332300
97.113493, 305.900347
97.277269, 307.468400
97.436360, 309.036457
97.590752, 310.604519
97.740436, 312.172586
97.885400, 313.740657
98.025633, 315.308732
98.161125, 316.876811
98.291866, 318.444894
98.417846, 320.012981
98.539057, 321.581071
98.655490, 323.149165
98.767135, 324.717262
98.873985, 326.285362
98.976032, 327.853465
99.073268, 329.421571
99.165687, 330.989680
99.253281, 332.557791
99.336044, 334.125904
99.413970, 335.694020
99.487054, 337.262138
99.555289, 338.830258
99.618672, 340.398380
99.677196, 341.966503
99.730859, 343.534628
99.779656, 345.102754
99.823583, 346.670882
99.862638, 348.239011
99.896817, 349.807141
99.926118, 351.375271
99.950539, 352.943403
99.970078, 354.511535
99.984733, 356.079667
99.994504, 357.647800
99.999389, 359.215933
99.999389, 0.784067
99.994504, 2.352200
99.984733, 3.920333
99.970078, 5.488465
99.950539, 7.056597
99.926118, 8.624729
99.896817, 10.192859
99.862638, 11.760989
99.823583, 13.329118
99.779656, 14.897246
99.730859, 16.465372
99.677196, 18.033497
99.618672, 19.601620
99.555289, 21.169742
99.487054, 22.737862
99.413970, 24.305980
99.336044, 25.874096
99.253281, 27.442209
99.165687, 29.010320
99.073268, 30.578429
98.976032, 32.146535
98.873985, 33.714638
98.767135, 35.282738
98.655490, 36.850835
98.539057, 38.418929
98.417846, 39.987019
98.291866, 41.555106
98.161125, 43.123189
98.025633, 44.691268
97.885400, 46.259343
97.740436, 47.827414
97.590752, 49.395481
97.436360, 50.963543
97.277269, 52.531600
97.113493, 54.099653
96.945042, 55.667700
96.771930, 57.235743
96.594168, 58.803780
96.411771, 60.371811
96.224750, 61.939837
96.033121, 63.507857
95.836897, 65.075871
95.636093, 66.643879
95.430722, 68.211881
95.220801, 69.779876
95.006344, 71.347864
94.787368, 72.915845
94.563888, 74.483819
94.335921, 76.051786
94.103483, 77.619745
93.866592, 79.187696
93.625265, 80.755640
93.379519, 82.323575
93.129372, 83.891502
92.874844, 85.459420
92.615952, 87.027330
92.352716, 88.595230
92.085154, 90.163121
91.813287, 91.731003
91.537134, 93.298875
91.256716, 94.866737
90.972053, 96.434589
90.683165, 98.002430
90.390075, 99.570260
90.092804, 101.138080
89.791373, 102.705888
89.485804, 104.273685
89.176121, 105.841470
88.862345, 107.409243
88.544499, 108.977004
88.222608, 110.544751
87.896694, 112.112486
87.566781, 113.680208
87.232894, 115.247916
86.895057, 116.815610
86.553294, 118.383290
86.207632, 119.950956
85.858094, 121.518606
85.504707, 123.086242
85.147497, 124.653861
84.786490, 126.221465
84.421712, 127.789053
84.053190, 129.356623
83.680951, 130.924177
83.305023, 132.491713
82.925432, 134.059231
82.542207, 135.626731
82.155376, 137.194212
81.764967, 138.761674
81.371008, 140.329117
80.973530, 141.896539
80.572560, 143.463940
80.168128, 145.031321
79.760263, 146.598680
79.348997, 148.166017
78.934358, 149.733331
78.516377, 151.300622
78.095086, 152.867890
77.670513, 154.435133
77.242692, 156.002351
76.811653, 157.569544
76.377428, 159.136711
75.940048, 160.703851
75.499545, 162.270964
75.055953, 163.838049
74.609303, 165.405105
74.159628, 166.972132
73.706962, 168.539128
73.251336, 170.106094
72.792786, 171.673028
72.331343, 173.239930
71.867043, 174.806798
71.399919, 176.373633
70.930005, 177.940432
70.457336, 179.507196
69.981946, 181.073922
69.503871, 182.640611
69.023145, 184.207262
68.539803, 185.773872
68.053882, 187.340442
67.565416, 188.906970
67.074441, 190.473455
66.580994, 192.039896
66.085111, 193.606291
65.586827, 195.172640
65.086179, 196.738942
64.583205, 198.305194
64.077941, 199.871396
63.570424, 201.437545
63.060691, 203.003642
62.548779, 204.569684
62.034727, 206.135669
61.518571, 207.701596
61.000350, 209.267464
60.480101, 210.833271
59.957863, 212.399014
59.433675, 213.964692
58.907573, 215.530303
58.379598, 217.095845
57.849787, 218.661316
57.318179, 220.226714
56.784814, 221.792037
56.249731, 223.357281
55.712968, 224.922446
55.174566, 226.487527
54.634563, 228.052523
54.092999, 229.617432
53.549914, 231.182249
53.005348, 232.746972
52.459340, 234.311598
51.911931, 235.876124
51.363161, 237.440547
50.813069, 239.004862
50.261697, 240.569066
49.709085, 242.133156
49.155273, 243.697127
48.600301, 245.260976
48.044211, 246.824697
47.487044, 248.388286
46.928839, 249.951739
46.369639, 251.515050
45.809484, 253.078215
45.248415, 254.641227
44.686473, 256.204080
44.123699, 257.766770
43.560135, 259.329289
42.995822, 260.891630
42.430802, 262.453787
41.865116, 264.015752
41.298804, 265.577517
40.731910, 267.139074
40.164474, 268.700414
39.596539, 270.261529
39.028144, 271.822407
38.459334, 273.383039
37.890148, 274.943415
37.320630, 276.503522
36.750820, 278.063348
36.180760, 279.622880
35.610493, 281.182105
35.040060, 282.741008
34.469502, 284.299573
33.898863, 285.857785
33.328184, 287.415624
32.757506, 288.973073
32.186871, 290.530111
31.616322, 292.086716
31.045900, 293.642867
30.475648, 295.198538
29.905606, 296.753703
29.335818, 298.308333
28.766324, 299.862398
28.197167, 301.415865
27.628388, 302.968699
27.060030, 304.520861
26.492134, 306.072311
25.924742, 307.623002
25.357895, 309.172888
24.791636, 310.721914
24.226005, 312.270024
23.661046, 313.817154
23.096799, 315.363237
22.533305, 316.908196
21.970608, 318.451951
21.408747, 319.994410
20.847765, 321.535473
20.287703, 323.075031
19.728603, 324.612961
19.170505, 326.149127
18.613453, 327.683379
18.057486, 329.215548
17.502646, 330.745444
16.948975, 332.272856
16.396514, 333.797543
15.845304, 335.319233
15.295387, 336.837618
14.746805, 338.352344
14.199599, 339.863008
13.653811, 341.369142
13.109482, 342.870206
12.566655, 344.365569
12.025372, 345.854493
11.485675, 347.336106
10.947609, 348.809370
10.411216, 350.273044
9.876541, 351.725628
9.343629, 353.165289
8.812527, 354.589772
8.283285, 355.996263
7.755952, 357.381207
7.230584, 358.740052
6.707238, 0.066863
6.185981, 1.353768
5.666887, 2.590086
5.150046, 3.760962
4.635568, 4.845112
4.123600, 5.810935
3.614348, 6.609429
3.108128, 7.160373
2.605462, 7.323009
2.107331, 6.826503
1.615852, 5.078683
1.136661, 0.518197
0.690621, 347.689222
0.398488, 304.358018
0.574743, 248.359474
0.992113, 230.215921
1.453713, 224.161070
1.926090, 221.832325
2.401317, 221.055607
2.876646, 221.062937
3.350875, 221.519211
3.823382, 222.255890
4.293810, 223.179210
4.761929, 224.232938
5.227584, 225.381334
5.690656, 226.600609
6.151057, 227.874319
6.608712, 229.190738
7.063558, 230.541279
7.515540, 231.919513
7.964607, 233.320530
8.410714, 234.740514
8.853817, 236.176459
9.293876, 237.625960
9.730853, 239.087074
10.164708, 240.558213
10.595406, 242.038064
11.022913, 243.525536
11.447192, 245.019713
11.868212, 246.519820
12.285937, 248.025197
12.700336, 249.535279
13.111378, 251.049581
13.519029, 252.567680
13.923259, 254.089209
14.324038, 255.613847
14.721335, 257.141313
15.115120, 258.671359
15.505363, 260.203764
15.892036, 261.738333
16.275108, 263.274891
16.654553, 264.813284
17.030340, 266.353370
17.402443, 267.895026
17.770834, 269.438136
18.135485, 270.982600
18.496369, 272.528323
18.853460, 274.075222
19.206730, 275.623220
19.556155, 277.172247
19.901708, 278.722238
20.243364, 280.273135
20.581097, 281.824884
20.914882, 283.377436
21.244696, 284.930745
21.570513, 286.484769
21.892309, 288.039469
22.210061, 289.594810
22.523746, 291.150757
22.833340, 292.707281
23.138821, 294.264353
23.440165, 295.821946
23.737352, 297.380035
24.030359, 298.938598
24.319164, 300.497613
24.603746, 302.057059
24.884085, 303.616918
25.160160, 305.177173
25.431950, 306.737807
25.699435, 308.298805
25.962597, 309.860152
26.221415, 311.421834
26.475870, 312.983840
26.725944, 314.546157
26.971619, 316.108773
27.212876, 317.671679
27.449698, 319.234865
27.682067, 320.798321
27.909967, 322.362038
28.133380, 323.926008
28.352290, 325.490223
28.566681, 327.054677
28.776538, 328.619361
28.981845, 330.184270
29.182586, 331.749397
29.378748, 333.314737
29.570315, 334.880284
29.757275, 336.446033
29.939612, 338.011979
30.117314, 339.578118
30.290367, 341.144445
30.458760, 342.710956
30.622479, 344.277647
30.781512, 345.844515
30.935849, 347.411557
31.085477, 348.978769
31.230386, 350.546149
31.370564, 352.113693
31.506003, 353.681400
31.636691, 355.249266
31.762620, 356.817290
31.883779, 358.385469
32.000161, 359.953802
32.111756, 1.522287
32.218556, 3.090922
32.320555, 4.659706
32.417743, 6.228638
32.510114, 7.797716
32.597662, 9.366940
32.680379, 10.936308
32.758260, 12.505820
32.831299, 14.075475
32.899491, 15.645272
32.962830, 17.215212
33.021313, 18.785293
33.074934, 20.355516
33.123691, 21.925881
33.167578, 23.496388
33.206594, 25.067036
33.240735, 26.637827
33.269999, 28.208760
33.294384, 29.779836
33.313887, 31.351056
33.328508, 32.922420
33.338245, 34.493930
33.343098, 36.065586
33.343066, 37.637389
33.338150, 39.209341
33.328349, 40.781443
33.313665, 42.353696
33.294099, 43.926103
33.269651, 45.498664
33.240325, 47.071381
33.206121, 48.644257
33.167043, 50.217293
33.123094, 51.790492
33.074276, 53.363857
33.020593, 54.937389
32.962050, 56.511091
32.898650, 58.084967
32.830399, 59.659018
32.757300, 61.233249
32.679361, 62.807663
32.596586, 64.382263
32.508981, 65.957053
32.416553, 67.532037
32.319310, 69.107218
32.217257, 70.682602
32.110402, 72.258193
31.998754, 73.833994
31.882320, 75.410013
31.761110, 76.986252
31.635131, 78.562719
31.504394, 80.139419
31.368908, 81.716358
31.228683, 83.293542
31.083729, 84.870978
30.934057, 86.448672
30.779678, 88.026633
30.620603, 89.604868
30.456844, 91.183385
30.288414, 92.762192
30.115324, 94.341299
29.937587, 95.920714
29.755217, 97.500448
29.568227, 99.080511
29.376630, 100.660913
29.180441, 102.241667
28.979675, 103.822784
28.774345, 105.404277
28.564468, 106.986159
28.350058, 108.568445
28.131132, 110.151149
27.907705, 111.734288
27.679795, 113.317876
27.447418, 114.901933
27.210591, 116.486477
26.969331, 118.071527
26.723657, 119.657103
26.473587, 121.243228
26.219139, 122.829926
25.960332, 124.417220
25.697185, 126.005137
25.429718, 127.593705
25.157950, 129.182954
24.881902, 130.772914
24.601594, 132.363620
24.317047, 133.955107
24.028281, 135.547413
23.735320, 137.140580
23.438183, 138.734651
23.136894, 140.329673
22.831475, 141.925696
22.521948, 143.522773
22.208337, 145.120963
21.890665, 146.720327
21.568956, 148.320933
21.243234, 149.922853
20.913523, 151.526166
20.579848, 153.130955
20.242235, 154.737312
19.900708, 156.345338
19.555294, 157.955139
19.206018, 159.566834
18.852907, 161.180551
18.495989, 162.796430
18.135289, 164.414627
17.770837, 166.035309
17.402659, 167.658663
17.030785, 169.284894
16.655242, 170.914228
16.276061, 172.546917
15.893271, 174.183240
15.506903, 175.823509
15.116986, 177.468071
14.723553, 179.117317
14.326635, 180.771686
13.926265, 182.431674
13.522476, 184.097842
13.115302, 185.770832
12.704778, 187.451374
12.290939, 189.140308
11.873824, 190.838603
11.453470, 192.547383
11.029917, 194.267961
10.603206, 196.001875
10.173383, 197.750947
9.740492, 199.517342
9.304585, 201.303659
8.865714, 203.113045
8.423938, 204.949341
7.979322, 206.817291
7.531940, 208.722822
7.081877, 210.673430
6.629232, 212.678738
6.174126, 214.751306
5.716707, 216.907831
5.257167, 219.170994
4.795759, 221.572375
4.332834, 224.157240
3.868897, 226.992743
3.404715, 230.182684
2.941526, 233.895726
2.481470, 238.423183
2.028601, 244.307262
1.591491, 252.649345
1.190856, 265.869315
0.882378, 288.913972
0.788406, 324.246528
0.976932, 356.110689
1.335738, 15.088896
1.765797, 26.231754
2.227750, 33.550860
2.706571, 38.884916
3.195733, 43.089412
3.692020, 46.598697
4.193675, 49.652568
4.699652, 52.392992
5.209289, 54.908948
5.722140, 57.258865
6.237889, 59.482622
6.756302, 61.608333
7.277201, 63.656370
7.800441, 65.641847
8.325907, 67.576206
8.853498, 69.468268
9.383128, 71.324940
9.914720, 73.151706
10.448204, 74.952974
10.983518, 76.732328
11.520601, 78.492713
12.059397, 80.236569
12.599853, 81.965934
13.141917, 83.682527
13.685539, 85.387803
14.230671, 87.083007
14.777266, 88.769207
15.325276, 90.447325
15.874657, 92.118161
16.425364, 93.782414
16.977351, 95.440696
17.530575, 97.093545
18.084991, 98.741437
18.640556, 100.384793
19.197227, 102.023990
19.754961, 103.659361
20.313715, 105.291207
20.873445, 106.919796
21.434110, 108.545373
21.995666, 110.168156
22.558071, 111.788343
23.121282, 113.406114
23.685258, 115.021634
24.249955, 116.635050
24.815332, 118.246501
25.381346, 119.856111
25.947954, 121.463993
26.515115, 123.070254
27.082786, 124.674991
27.650926, 126.278291
28.219491, 127.880239
28.788440, 129.480910
29.357730, 131.080374
29.927319, 132.678697
30.497165, 134.275941
31.067227, 135.872161
31.637461, 137.467410
32.207825, 139.061737
32.778278, 140.655189
33.348778, 142.247808
33.919281, 143.839634
34.489747, 145.430704
35.060133, 147.021055
35.630397, 148.610718
36.200497, 150.199726
36.770391, 151.788107
37.340037, 153.375888
37.909393, 154.963096
38.478418, 156.549755
39.047069, 158.135889
39.615304, 159.721518
40.183083, 161.306663
40.750362, 162.891344
41.317100, 164.475580
41.883256, 166.059387
42.448789, 167.642783
43.013655, 169.225783
43.577815, 170.808401
44.141226, 172.390653
44.703847, 173.972551
45.265637, 175.554109
45.826554, 177.135337
46.386558, 178.716249
46.945607, 180.296856
47.503660, 181.877166
48.060677, 183.457192
48.616615, 185.036942
49.171435, 186.616425
49.725096, 188.195651
50.277557, 189.774627
50.828777, 191.353362
51.378717, 192.931863
51.927335, 194.510137
52.474592, 196.088193
53.020447, 197.666035
53.564860, 199.243671
54.107792, 200.821108
54.649202, 202.398350
55.189051, 203.975403
55.727299, 205.552274
56.263907, 207.128967
56.798835, 208.705487
57.332044, 210.281839
57.863495, 211.858028
58.393149, 213.434059
58.920967, 215.009935
59.446910, 216.585660
59.970941, 218.161240
60.493019, 219.736676
61.013108, 221.311975
61.531169, 222.887137
62.047163, 224.462169
62.561054, 226.037071
63.072803, 227.611849
63.582373, 229.186504
64.089727, 230.761041
64.594827, 232.335461
65.097636, 233.909767
65.598118, 235.483963
66.096235, 237.058050
66.591951, 238.632032
67.085231, 240.205910
67.576037, 241.779688
68.064333, 243.353367
68.550085, 244.926949
69.033255, 246.500437
69.513810, 248.073832
69.991713, 249.647137
70.466930, 251.220354
70.939425, 252.793484
71.409165, 254.366529
71.876114, 255.939491
72.340238, 257.512372
72.801504, 259.085173
##END=
