##TITLE= Parameter file, TopSpin 4.3.0
##JCAMPDX= 5.0
##DATATYPE= Parameter Values
##ORIGIN= Bruker BioSpin GmbH
##OWNER= nmrsu
$$ 2024-03-11 01:03:45.037 +0000  nmrsu@4CE1161FJM
$$ C:/Bruker/TopSpin4.3.0/exp/stan/nmr/lists/wave/user/multisupp_aux_d8
$$ process C:\Bruker\TopSpin4.3.0\prog\mod\xwinshape.exe
##MINX= 0.43851800
##MAXX= 99.99938900
##MINY= 0.31761900
##MAXY= 359.68238100
##$SHAPE_ADDPHASE= 0
##$SHAPE_AMP= 99.9993893
##$SHAPE_BWFAC= 0
##$SHAPE_BWFAC50= 0
##$SHAPE_CALCBW= yes
##$SHAPE_CALCINTEG= yes
##$SHAPE_EXMODE= <Excitation>
##$SHAPE_EXPAND= <>
##$SHAPE_EXPANDCF= (0..143)
0 0 0 0 0 0 0 0 0 0 0 0 0 0 0 0 0 0 0 0 0 0 0 0 0 0 0 0 0 0 0 0 0 0 0 0
0 0 0 0 0 0 0 0 0 0 0 0 0 0 0 0 0 0 0 0 0 0 0 0 0 0 0 0 0 0 0 0 0 0 0 0
0 0 0 0 0 0 0 0 0 0 0 0 0 0 0 0 0 0 0 0 0 0 0 0 0 0 0 0 0 0 0 0 0 0 0 0
0 0 0 0 0 0 0 0 0 0 0 0 0 0 0 0 0 0 0 0 0 0 0 0 0 0 0 0 0 0 0 0 0 0 0 0
##$SHAPE_EXPFAC= 0
##$SHAPE_FRACEND= 0
##$SHAPE_FRACORG= 0
##$SHAPE_FRACSTART= 0
##$SHAPE_INTEGFAC= 0
##$SHAPE_KEEPRES= yes
##$SHAPE_LENGTH= 25000.000373
##$SHAPE_MAN= <M>
##$SHAPE_MODE= 3
##$SHAPE_MODFREQ= 0
##$SHAPE_MODPHASE= 0
##$SHAPE_MODSCALE= 0
##$SHAPE_MODSW= 0
##$SHAPE_MODSWDIR= -1
##$SHAPE_NPOINTS= 1250
##$SHAPE_OFFS= <1 3>
##$SHAPE_OFFSCOEFF= (0..95)
-156.17296 0 100 -223.8739 0 100 -292.41888 0 100 0 0 0 0 0 0 0 0 0 0 0
0 0 0 0 0 0 0 0 0 0 0 0 0 0 0 0 0 0 0 0 0 0 0 0 0 0 0 0 0 0 0 0 0 0 0 0
0 0 0 0 0 0 0 0 0 0 0 0 0 0 0 0 0 0 0 0 0 0 0 0 0 0 0 0 0 0 0 0 0 0 0 0
0 0 0 0
##$SHAPE_PARAMETER= <>
##$SHAPE_REPHFAC= 0
##$SHAPE_RES= 0
##$SHAPE_SCALEFAC= 1.00000611
##$SHAPE_SCALETYPE= 0
##$SHAPE_SPOAL= 0
##$SHAPE_SPOFFS= 0
##$SHAPE_SPOPH= 0
##$SHAPE_TOTROT= 90
##$SHAPE_TYPE= <Excitation>
##$SHAPE_USER_DEF= <>
##$SHAPE_VERSION= 2.1
##$SHL_ADDPHASE= (0..15)
0 0 0 0 0 0 0 0 0 0 0 0 0 0 0 0
##$SHL_ALIGNOFFSET= (0..15)
0 0 0 0 0 0 0 0 0 0 0 0 0 0 0 0
##$SHL_AMP= (0..15)
100 0 0 0 0 0 0 0 0 0 0 0 0 0 0 0
##$SHL_AMPFAC= (0..15)
0 0 0 0 0 0 0 0 0 0 0 0 0 0 0 0
##$SHL_BETA= (0..15)
0 0 0 0 0 0 0 0 0 0 0 0 0 0 0 0
##$SHL_BWFAC= (0..15)
1.116 0 0 0 0 0 0 0 0 0 0 0 0 0 0 0
##$SHL_CALCBW= (0..15)
yes yes yes yes yes yes yes yes yes yes yes yes yes yes yes yes
##$SHL_CALCINTEG= (0..15)
yes yes yes yes yes yes yes yes yes yes yes yes yes yes yes yes
##$SHL_CENTERAMP= (0..15)
0 0 0 0 0 0 0 0 0 0 0 0 0 0 0 0
##$SHL_CYCNUM= (0..15)
0 0 0 0 0 0 0 0 0 0 0 0 0 0 0 0
##$SHL_DIPOLCPL= (0..15)
0 0 0 0 0 0 0 0 0 0 0 0 0 0 0 0
##$SHL_ENDAMP= (0..15)
0 0 0 0 0 0 0 0 0 0 0 0 0 0 0 0
##$SHL_EXMODE= (0..15)
<Excitation> <> <> <> <> <> <> <> <> <> <> <> <> <> <> <>
##$SHL_EXPAND= (0..15)
<> <> <> <> <> <> <> <> <> <> <> <> <> <> <> <>
##$SHL_EXPANDCF0= (0..143)
0 0 0 0 0 0 0 0 0 0 0 0 0 0 0 0 0 0 0 0 0 0 0 0 0 0 0 0 0 0 0 0 0 0 0 0
0 0 0 0 0 0 0 0 0 0 0 0 0 0 0 0 0 0 0 0 0 0 0 0 0 0 0 0 0 0 0 0 0 0 0 0
0 0 0 0 0 0 0 0 0 0 0 0 0 0 0 0 0 0 0 0 0 0 0 0 0 0 0 0 0 0 0 0 0 0 0 0
0 0 0 0 0 0 0 0 0 0 0 0 0 0 0 0 0 0 0 0 0 0 0 0 0 0 0 0 0 0 0 0 0 0 0 0
##$SHL_EXPANDCF1= (0..143)
0 0 0 0 0 0 0 0 0 0 0 0 0 0 0 0 0 0 0 0 0 0 0 0 0 0 0 0 0 0 0 0 0 0 0 0
0 0 0 0 0 0 0 0 0 0 0 0 0 0 0 0 0 0 0 0 0 0 0 0 0 0 0 0 0 0 0 0 0 0 0 0
0 0 0 0 0 0 0 0 0 0 0 0 0 0 0 0 0 0 0 0 0 0 0 0 0 0 0 0 0 0 0 0 0 0 0 0
0 0 0 0 0 0 0 0 0 0 0 0 0 0 0 0 0 0 0 0 0 0 0 0 0 0 0 0 0 0 0 0 0 0 0 0
##$SHL_EXPANDCF10= (0..143)
0 0 0 0 0 0 0 0 0 0 0 0 0 0 0 0 0 0 0 0 0 0 0 0 0 0 0 0 0 0 0 0 0 0 0 0
0 0 0 0 0 0 0 0 0 0 0 0 0 0 0 0 0 0 0 0 0 0 0 0 0 0 0 0 0 0 0 0 0 0 0 0
0 0 0 0 0 0 0 0 0 0 0 0 0 0 0 0 0 0 0 0 0 0 0 0 0 0 0 0 0 0 0 0 0 0 0 0
0 0 0 0 0 0 0 0 0 0 0 0 0 0 0 0 0 0 0 0 0 0 0 0 0 0 0 0 0 0 0 0 0 0 0 0
##$SHL_EXPANDCF11= (0..143)
0 0 0 0 0 0 0 0 0 0 0 0 0 0 0 0 0 0 0 0 0 0 0 0 0 0 0 0 0 0 0 0 0 0 0 0
0 0 0 0 0 0 0 0 0 0 0 0 0 0 0 0 0 0 0 0 0 0 0 0 0 0 0 0 0 0 0 0 0 0 0 0
0 0 0 0 0 0 0 0 0 0 0 0 0 0 0 0 0 0 0 0 0 0 0 0 0 0 0 0 0 0 0 0 0 0 0 0
0 0 0 0 0 0 0 0 0 0 0 0 0 0 0 0 0 0 0 0 0 0 0 0 0 0 0 0 0 0 0 0 0 0 0 0
##$SHL_EXPANDCF12= (0..143)
0 0 0 0 0 0 0 0 0 0 0 0 0 0 0 0 0 0 0 0 0 0 0 0 0 0 0 0 0 0 0 0 0 0 0 0
0 0 0 0 0 0 0 0 0 0 0 0 0 0 0 0 0 0 0 0 0 0 0 0 0 0 0 0 0 0 0 0 0 0 0 0
0 0 0 0 0 0 0 0 0 0 0 0 0 0 0 0 0 0 0 0 0 0 0 0 0 0 0 0 0 0 0 0 0 0 0 0
0 0 0 0 0 0 0 0 0 0 0 0 0 0 0 0 0 0 0 0 0 0 0 0 0 0 0 0 0 0 0 0 0 0 0 0
##$SHL_EXPANDCF13= (0..143)
0 0 0 0 0 0 0 0 0 0 0 0 0 0 0 0 0 0 0 0 0 0 0 0 0 0 0 0 0 0 0 0 0 0 0 0
0 0 0 0 0 0 0 0 0 0 0 0 0 0 0 0 0 0 0 0 0 0 0 0 0 0 0 0 0 0 0 0 0 0 0 0
0 0 0 0 0 0 0 0 0 0 0 0 0 0 0 0 0 0 0 0 0 0 0 0 0 0 0 0 0 0 0 0 0 0 0 0
0 0 0 0 0 0 0 0 0 0 0 0 0 0 0 0 0 0 0 0 0 0 0 0 0 0 0 0 0 0 0 0 0 0 0 0
##$SHL_EXPANDCF14= (0..143)
0 0 0 0 0 0 0 0 0 0 0 0 0 0 0 0 0 0 0 0 0 0 0 0 0 0 0 0 0 0 0 0 0 0 0 0
0 0 0 0 0 0 0 0 0 0 0 0 0 0 0 0 0 0 0 0 0 0 0 0 0 0 0 0 0 0 0 0 0 0 0 0
0 0 0 0 0 0 0 0 0 0 0 0 0 0 0 0 0 0 0 0 0 0 0 0 0 0 0 0 0 0 0 0 0 0 0 0
0 0 0 0 0 0 0 0 0 0 0 0 0 0 0 0 0 0 0 0 0 0 0 0 0 0 0 0 0 0 0 0 0 0 0 0
##$SHL_EXPANDCF15= (0..143)
0 0 0 0 0 0 0 0 0 0 0 0 0 0 0 0 0 0 0 0 0 0 0 0 0 0 0 0 0 0 0 0 0 0 0 0
0 0 0 0 0 0 0 0 0 0 0 0 0 0 0 0 0 0 0 0 0 0 0 0 0 0 0 0 0 0 0 0 0 0 0 0
0 0 0 0 0 0 0 0 0 0 0 0 0 0 0 0 0 0 0 0 0 0 0 0 0 0 0 0 0 0 0 0 0 0 0 0
0 0 0 0 0 0 0 0 0 0 0 0 0 0 0 0 0 0 0 0 0 0 0 0 0 0 0 0 0 0 0 0 0 0 0 0
##$SHL_EXPANDCF2= (0..143)
0 0 0 0 0 0 0 0 0 0 0 0 0 0 0 0 0 0 0 0 0 0 0 0 0 0 0 0 0 0 0 0 0 0 0 0
0 0 0 0 0 0 0 0 0 0 0 0 0 0 0 0 0 0 0 0 0 0 0 0 0 0 0 0 0 0 0 0 0 0 0 0
0 0 0 0 0 0 0 0 0 0 0 0 0 0 0 0 0 0 0 0 0 0 0 0 0 0 0 0 0 0 0 0 0 0 0 0
0 0 0 0 0 0 0 0 0 0 0 0 0 0 0 0 0 0 0 0 0 0 0 0 0 0 0 0 0 0 0 0 0 0 0 0
##$SHL_EXPANDCF3= (0..143)
0 0 0 0 0 0 0 0 0 0 0 0 0 0 0 0 0 0 0 0 0 0 0 0 0 0 0 0 0 0 0 0 0 0 0 0
0 0 0 0 0 0 0 0 0 0 0 0 0 0 0 0 0 0 0 0 0 0 0 0 0 0 0 0 0 0 0 0 0 0 0 0
0 0 0 0 0 0 0 0 0 0 0 0 0 0 0 0 0 0 0 0 0 0 0 0 0 0 0 0 0 0 0 0 0 0 0 0
0 0 0 0 0 0 0 0 0 0 0 0 0 0 0 0 0 0 0 0 0 0 0 0 0 0 0 0 0 0 0 0 0 0 0 0
##$SHL_EXPANDCF4= (0..143)
0 0 0 0 0 0 0 0 0 0 0 0 0 0 0 0 0 0 0 0 0 0 0 0 0 0 0 0 0 0 0 0 0 0 0 0
0 0 0 0 0 0 0 0 0 0 0 0 0 0 0 0 0 0 0 0 0 0 0 0 0 0 0 0 0 0 0 0 0 0 0 0
0 0 0 0 0 0 0 0 0 0 0 0 0 0 0 0 0 0 0 0 0 0 0 0 0 0 0 0 0 0 0 0 0 0 0 0
0 0 0 0 0 0 0 0 0 0 0 0 0 0 0 0 0 0 0 0 0 0 0 0 0 0 0 0 0 0 0 0 0 0 0 0
##$SHL_EXPANDCF5= (0..143)
0 0 0 0 0 0 0 0 0 0 0 0 0 0 0 0 0 0 0 0 0 0 0 0 0 0 0 0 0 0 0 0 0 0 0 0
0 0 0 0 0 0 0 0 0 0 0 0 0 0 0 0 0 0 0 0 0 0 0 0 0 0 0 0 0 0 0 0 0 0 0 0
0 0 0 0 0 0 0 0 0 0 0 0 0 0 0 0 0 0 0 0 0 0 0 0 0 0 0 0 0 0 0 0 0 0 0 0
0 0 0 0 0 0 0 0 0 0 0 0 0 0 0 0 0 0 0 0 0 0 0 0 0 0 0 0 0 0 0 0 0 0 0 0
##$SHL_EXPANDCF6= (0..143)
0 0 0 0 0 0 0 0 0 0 0 0 0 0 0 0 0 0 0 0 0 0 0 0 0 0 0 0 0 0 0 0 0 0 0 0
0 0 0 0 0 0 0 0 0 0 0 0 0 0 0 0 0 0 0 0 0 0 0 0 0 0 0 0 0 0 0 0 0 0 0 0
0 0 0 0 0 0 0 0 0 0 0 0 0 0 0 0 0 0 0 0 0 0 0 0 0 0 0 0 0 0 0 0 0 0 0 0
0 0 0 0 0 0 0 0 0 0 0 0 0 0 0 0 0 0 0 0 0 0 0 0 0 0 0 0 0 0 0 0 0 0 0 0
##$SHL_EXPANDCF7= (0..143)
0 0 0 0 0 0 0 0 0 0 0 0 0 0 0 0 0 0 0 0 0 0 0 0 0 0 0 0 0 0 0 0 0 0 0 0
0 0 0 0 0 0 0 0 0 0 0 0 0 0 0 0 0 0 0 0 0 0 0 0 0 0 0 0 0 0 0 0 0 0 0 0
0 0 0 0 0 0 0 0 0 0 0 0 0 0 0 0 0 0 0 0 0 0 0 0 0 0 0 0 0 0 0 0 0 0 0 0
0 0 0 0 0 0 0 0 0 0 0 0 0 0 0 0 0 0 0 0 0 0 0 0 0 0 0 0 0 0 0 0 0 0 0 0
##$SHL_EXPANDCF8= (0..143)
0 0 0 0 0 0 0 0 0 0 0 0 0 0 0 0 0 0 0 0 0 0 0 0 0 0 0 0 0 0 0 0 0 0 0 0
0 0 0 0 0 0 0 0 0 0 0 0 0 0 0 0 0 0 0 0 0 0 0 0 0 0 0 0 0 0 0 0 0 0 0 0
0 0 0 0 0 0 0 0 0 0 0 0 0 0 0 0 0 0 0 0 0 0 0 0 0 0 0 0 0 0 0 0 0 0 0 0
0 0 0 0 0 0 0 0 0 0 0 0 0 0 0 0 0 0 0 0 0 0 0 0 0 0 0 0 0 0 0 0 0 0 0 0
##$SHL_EXPANDCF9= (0..143)
0 0 0 0 0 0 0 0 0 0 0 0 0 0 0 0 0 0 0 0 0 0 0 0 0 0 0 0 0 0 0 0 0 0 0 0
0 0 0 0 0 0 0 0 0 0 0 0 0 0 0 0 0 0 0 0 0 0 0 0 0 0 0 0 0 0 0 0 0 0 0 0
0 0 0 0 0 0 0 0 0 0 0 0 0 0 0 0 0 0 0 0 0 0 0 0 0 0 0 0 0 0 0 0 0 0 0 0
0 0 0 0 0 0 0 0 0 0 0 0 0 0 0 0 0 0 0 0 0 0 0 0 0 0 0 0 0 0 0 0 0 0 0 0
##$SHL_EXPFAC= (0..15)
0 0 0 0 0 0 0 0 0 0 0 0 0 0 0 0
##$SHL_FRACEND= (0..15)
0 0 0 0 0 0 0 0 0 0 0 0 0 0 0 0
##$SHL_FRACORG= (0..15)
0 0 0 0 0 0 0 0 0 0 0 0 0 0 0 0
##$SHL_FRACSTART= (0..15)
0 0 0 0 0 0 0 0 0 0 0 0 0 0 0 0
##$SHL_FULLHALF= (0..15)
0 0 0 0 0 0 0 0 0 0 0 0 0 0 0 0
##$SHL_FUNCAMP= (0..15)
100 0 0 0 0 0 0 0 0 0 0 0 0 0 0 0
##$SHL_FUNCTION= (0..15)
<Rectangle> <> <> <> <> <> <> <> <> <> <> <> <> <> <> <>
##$SHL_GCO= (0..15)
<> <> <> <> <> <> <> <> <> <> <> <> <> <> <> <>
##$SHL_GCOCOEFFS0= (0..59)
0 0 0 0 0 0 0 0 0 0 0 0 0 0 0 0 0 0 0 0 0 0 0 0 0 0 0 0 0 0 0 0 0 0 0 0
0 0 0 0 0 0 0 0 0 0 0 0 0 0 0 0 0 0 0 0 0 0 0 0
##$SHL_GCOCOEFFS1= (0..59)
0 0 0 0 0 0 0 0 0 0 0 0 0 0 0 0 0 0 0 0 0 0 0 0 0 0 0 0 0 0 0 0 0 0 0 0
0 0 0 0 0 0 0 0 0 0 0 0 0 0 0 0 0 0 0 0 0 0 0 0
##$SHL_GCOCOEFFS10= (0..59)
0 0 0 0 0 0 0 0 0 0 0 0 0 0 0 0 0 0 0 0 0 0 0 0 0 0 0 0 0 0 0 0 0 0 0 0
0 0 0 0 0 0 0 0 0 0 0 0 0 0 0 0 0 0 0 0 0 0 0 0
##$SHL_GCOCOEFFS11= (0..59)
0 0 0 0 0 0 0 0 0 0 0 0 0 0 0 0 0 0 0 0 0 0 0 0 0 0 0 0 0 0 0 0 0 0 0 0
0 0 0 0 0 0 0 0 0 0 0 0 0 0 0 0 0 0 0 0 0 0 0 0
##$SHL_GCOCOEFFS12= (0..59)
0 0 0 0 0 0 0 0 0 0 0 0 0 0 0 0 0 0 0 0 0 0 0 0 0 0 0 0 0 0 0 0 0 0 0 0
0 0 0 0 0 0 0 0 0 0 0 0 0 0 0 0 0 0 0 0 0 0 0 0
##$SHL_GCOCOEFFS13= (0..59)
0 0 0 0 0 0 0 0 0 0 0 0 0 0 0 0 0 0 0 0 0 0 0 0 0 0 0 0 0 0 0 0 0 0 0 0
0 0 0 0 0 0 0 0 0 0 0 0 0 0 0 0 0 0 0 0 0 0 0 0
##$SHL_GCOCOEFFS14= (0..59)
0 0 0 0 0 0 0 0 0 0 0 0 0 0 0 0 0 0 0 0 0 0 0 0 0 0 0 0 0 0 0 0 0 0 0 0
0 0 0 0 0 0 0 0 0 0 0 0 0 0 0 0 0 0 0 0 0 0 0 0
##$SHL_GCOCOEFFS15= (0..59)
0 0 0 0 0 0 0 0 0 0 0 0 0 0 0 0 0 0 0 0 0 0 0 0 0 0 0 0 0 0 0 0 0 0 0 0
0 0 0 0 0 0 0 0 0 0 0 0 0 0 0 0 0 0 0 0 0 0 0 0
##$SHL_GCOCOEFFS2= (0..59)
0 0 0 0 0 0 0 0 0 0 0 0 0 0 0 0 0 0 0 0 0 0 0 0 0 0 0 0 0 0 0 0 0 0 0 0
0 0 0 0 0 0 0 0 0 0 0 0 0 0 0 0 0 0 0 0 0 0 0 0
##$SHL_GCOCOEFFS3= (0..59)
0 0 0 0 0 0 0 0 0 0 0 0 0 0 0 0 0 0 0 0 0 0 0 0 0 0 0 0 0 0 0 0 0 0 0 0
0 0 0 0 0 0 0 0 0 0 0 0 0 0 0 0 0 0 0 0 0 0 0 0
##$SHL_GCOCOEFFS4= (0..59)
0 0 0 0 0 0 0 0 0 0 0 0 0 0 0 0 0 0 0 0 0 0 0 0 0 0 0 0 0 0 0 0 0 0 0 0
0 0 0 0 0 0 0 0 0 0 0 0 0 0 0 0 0 0 0 0 0 0 0 0
##$SHL_GCOCOEFFS5= (0..59)
0 0 0 0 0 0 0 0 0 0 0 0 0 0 0 0 0 0 0 0 0 0 0 0 0 0 0 0 0 0 0 0 0 0 0 0
0 0 0 0 0 0 0 0 0 0 0 0 0 0 0 0 0 0 0 0 0 0 0 0
##$SHL_GCOCOEFFS6= (0..59)
0 0 0 0 0 0 0 0 0 0 0 0 0 0 0 0 0 0 0 0 0 0 0 0 0 0 0 0 0 0 0 0 0 0 0 0
0 0 0 0 0 0 0 0 0 0 0 0 0 0 0 0 0 0 0 0 0 0 0 0
##$SHL_GCOCOEFFS7= (0..59)
0 0 0 0 0 0 0 0 0 0 0 0 0 0 0 0 0 0 0 0 0 0 0 0 0 0 0 0 0 0 0 0 0 0 0 0
0 0 0 0 0 0 0 0 0 0 0 0 0 0 0 0 0 0 0 0 0 0 0 0
##$SHL_GCOCOEFFS8= (0..59)
0 0 0 0 0 0 0 0 0 0 0 0 0 0 0 0 0 0 0 0 0 0 0 0 0 0 0 0 0 0 0 0 0 0 0 0
0 0 0 0 0 0 0 0 0 0 0 0 0 0 0 0 0 0 0 0 0 0 0 0
##$SHL_GCOCOEFFS9= (0..59)
0 0 0 0 0 0 0 0 0 0 0 0 0 0 0 0 0 0 0 0 0 0 0 0 0 0 0 0 0 0 0 0 0 0 0 0
0 0 0 0 0 0 0 0 0 0 0 0 0 0 0 0 0 0 0 0 0 0 0 0
##$SHL_INTEGFAC= (0..15)
1 0 0 0 0 0 0 0 0 0 0 0 0 0 0 0
##$SHL_LB= (0..15)
0 0 0 0 0 0 0 0 0 0 0 0 0 0 0 0
##$SHL_LEFTLIMIT= (0..15)
0 0 0 0 0 0 0 0 0 0 0 0 0 0 0 0
##$SHL_LENGTH= (0..15)
25000.000373 0 0 0 0 0 0 0 0 0 0 0 0 0 0 0
##$SHL_MAN= (0..15)
<> <> <> <> <> <> <> <> <> <> <> <> <> <> <> <>
##$SHL_MEANAMP= (0..15)
0 0 0 0 0 0 0 0 0 0 0 0 0 0 0 0
##$SHL_MODAMP= (0..15)
0 0 0 0 0 0 0 0 0 0 0 0 0 0 0 0
##$SHL_MODE= (0..15)
0 0 0 0 0 0 0 0 0 0 0 0 0 0 0 0
##$SHL_MODFREQ= (0..15)
0 0 0 0 0 0 0 0 0 0 0 0 0 0 0 0
##$SHL_MODPHASE= (0..15)
0 0 0 0 0 0 0 0 0 0 0 0 0 0 0 0
##$SHL_MODSCALE= (0..15)
0 0 0 0 0 0 0 0 0 0 0 0 0 0 0 0
##$SHL_MODSW= (0..15)
0 0 0 0 0 0 0 0 0 0 0 0 0 0 0 0
##$SHL_MODSWDIR= (0..15)
-1 -1 -1 -1 -1 -1 -1 -1 -1 -1 -1 -1 -1 -1 -1 -1
##$SHL_MU= (0..15)
0 0 0 0 0 0 0 0 0 0 0 0 0 0 0 0
##$SHL_NPOINTS= (0..15)
1250 0 0 0 0 0 0 0 0 0 0 0 0 0 0 0
##$SHL_OFFS= (0..15)
<> <> <> <> <> <> <> <> <> <> <> <> <> <> <> <>
##$SHL_OFFSCOEFF0= (0..95)
0 0 0 0 0 0 0 0 0 0 0 0 0 0 0 0 0 0 0 0 0 0 0 0 0 0 0 0 0 0 0 0 0 0 0 0
0 0 0 0 0 0 0 0 0 0 0 0 0 0 0 0 0 0 0 0 0 0 0 0 0 0 0 0 0 0 0 0 0 0 0 0
0 0 0 0 0 0 0 0 0 0 0 0 0 0 0 0 0 0 0 0 0 0 0 0
##$SHL_OFFSCOEFF1= (0..95)
0 0 0 0 0 0 0 0 0 0 0 0 0 0 0 0 0 0 0 0 0 0 0 0 0 0 0 0 0 0 0 0 0 0 0 0
0 0 0 0 0 0 0 0 0 0 0 0 0 0 0 0 0 0 0 0 0 0 0 0 0 0 0 0 0 0 0 0 0 0 0 0
0 0 0 0 0 0 0 0 0 0 0 0 0 0 0 0 0 0 0 0 0 0 0 0
##$SHL_OFFSCOEFF10= (0..95)
0 0 0 0 0 0 0 0 0 0 0 0 0 0 0 0 0 0 0 0 0 0 0 0 0 0 0 0 0 0 0 0 0 0 0 0
0 0 0 0 0 0 0 0 0 0 0 0 0 0 0 0 0 0 0 0 0 0 0 0 0 0 0 0 0 0 0 0 0 0 0 0
0 0 0 0 0 0 0 0 0 0 0 0 0 0 0 0 0 0 0 0 0 0 0 0
##$SHL_OFFSCOEFF11= (0..95)
0 0 0 0 0 0 0 0 0 0 0 0 0 0 0 0 0 0 0 0 0 0 0 0 0 0 0 0 0 0 0 0 0 0 0 0
0 0 0 0 0 0 0 0 0 0 0 0 0 0 0 0 0 0 0 0 0 0 0 0 0 0 0 0 0 0 0 0 0 0 0 0
0 0 0 0 0 0 0 0 0 0 0 0 0 0 0 0 0 0 0 0 0 0 0 0
##$SHL_OFFSCOEFF12= (0..95)
0 0 0 0 0 0 0 0 0 0 0 0 0 0 0 0 0 0 0 0 0 0 0 0 0 0 0 0 0 0 0 0 0 0 0 0
0 0 0 0 0 0 0 0 0 0 0 0 0 0 0 0 0 0 0 0 0 0 0 0 0 0 0 0 0 0 0 0 0 0 0 0
0 0 0 0 0 0 0 0 0 0 0 0 0 0 0 0 0 0 0 0 0 0 0 0
##$SHL_OFFSCOEFF13= (0..95)
0 0 0 0 0 0 0 0 0 0 0 0 0 0 0 0 0 0 0 0 0 0 0 0 0 0 0 0 0 0 0 0 0 0 0 0
0 0 0 0 0 0 0 0 0 0 0 0 0 0 0 0 0 0 0 0 0 0 0 0 0 0 0 0 0 0 0 0 0 0 0 0
0 0 0 0 0 0 0 0 0 0 0 0 0 0 0 0 0 0 0 0 0 0 0 0
##$SHL_OFFSCOEFF14= (0..95)
0 0 0 0 0 0 0 0 0 0 0 0 0 0 0 0 0 0 0 0 0 0 0 0 0 0 0 0 0 0 0 0 0 0 0 0
0 0 0 0 0 0 0 0 0 0 0 0 0 0 0 0 0 0 0 0 0 0 0 0 0 0 0 0 0 0 0 0 0 0 0 0
0 0 0 0 0 0 0 0 0 0 0 0 0 0 0 0 0 0 0 0 0 0 0 0
##$SHL_OFFSCOEFF15= (0..95)
0 0 0 0 0 0 0 0 0 0 0 0 0 0 0 0 0 0 0 0 0 0 0 0 0 0 0 0 0 0 0 0 0 0 0 0
0 0 0 0 0 0 0 0 0 0 0 0 0 0 0 0 0 0 0 0 0 0 0 0 0 0 0 0 0 0 0 0 0 0 0 0
0 0 0 0 0 0 0 0 0 0 0 0 0 0 0 0 0 0 0 0 0 0 0 0
##$SHL_OFFSCOEFF2= (0..95)
0 0 0 0 0 0 0 0 0 0 0 0 0 0 0 0 0 0 0 0 0 0 0 0 0 0 0 0 0 0 0 0 0 0 0 0
0 0 0 0 0 0 0 0 0 0 0 0 0 0 0 0 0 0 0 0 0 0 0 0 0 0 0 0 0 0 0 0 0 0 0 0
0 0 0 0 0 0 0 0 0 0 0 0 0 0 0 0 0 0 0 0 0 0 0 0
##$SHL_OFFSCOEFF3= (0..95)
0 0 0 0 0 0 0 0 0 0 0 0 0 0 0 0 0 0 0 0 0 0 0 0 0 0 0 0 0 0 0 0 0 0 0 0
0 0 0 0 0 0 0 0 0 0 0 0 0 0 0 0 0 0 0 0 0 0 0 0 0 0 0 0 0 0 0 0 0 0 0 0
0 0 0 0 0 0 0 0 0 0 0 0 0 0 0 0 0 0 0 0 0 0 0 0
##$SHL_OFFSCOEFF4= (0..95)
0 0 0 0 0 0 0 0 0 0 0 0 0 0 0 0 0 0 0 0 0 0 0 0 0 0 0 0 0 0 0 0 0 0 0 0
0 0 0 0 0 0 0 0 0 0 0 0 0 0 0 0 0 0 0 0 0 0 0 0 0 0 0 0 0 0 0 0 0 0 0 0
0 0 0 0 0 0 0 0 0 0 0 0 0 0 0 0 0 0 0 0 0 0 0 0
##$SHL_OFFSCOEFF5= (0..95)
0 0 0 0 0 0 0 0 0 0 0 0 0 0 0 0 0 0 0 0 0 0 0 0 0 0 0 0 0 0 0 0 0 0 0 0
0 0 0 0 0 0 0 0 0 0 0 0 0 0 0 0 0 0 0 0 0 0 0 0 0 0 0 0 0 0 0 0 0 0 0 0
0 0 0 0 0 0 0 0 0 0 0 0 0 0 0 0 0 0 0 0 0 0 0 0
##$SHL_OFFSCOEFF6= (0..95)
0 0 0 0 0 0 0 0 0 0 0 0 0 0 0 0 0 0 0 0 0 0 0 0 0 0 0 0 0 0 0 0 0 0 0 0
0 0 0 0 0 0 0 0 0 0 0 0 0 0 0 0 0 0 0 0 0 0 0 0 0 0 0 0 0 0 0 0 0 0 0 0
0 0 0 0 0 0 0 0 0 0 0 0 0 0 0 0 0 0 0 0 0 0 0 0
##$SHL_OFFSCOEFF7= (0..95)
0 0 0 0 0 0 0 0 0 0 0 0 0 0 0 0 0 0 0 0 0 0 0 0 0 0 0 0 0 0 0 0 0 0 0 0
0 0 0 0 0 0 0 0 0 0 0 0 0 0 0 0 0 0 0 0 0 0 0 0 0 0 0 0 0 0 0 0 0 0 0 0
0 0 0 0 0 0 0 0 0 0 0 0 0 0 0 0 0 0 0 0 0 0 0 0
##$SHL_OFFSCOEFF8= (0..95)
0 0 0 0 0 0 0 0 0 0 0 0 0 0 0 0 0 0 0 0 0 0 0 0 0 0 0 0 0 0 0 0 0 0 0 0
0 0 0 0 0 0 0 0 0 0 0 0 0 0 0 0 0 0 0 0 0 0 0 0 0 0 0 0 0 0 0 0 0 0 0 0
0 0 0 0 0 0 0 0 0 0 0 0 0 0 0 0 0 0 0 0 0 0 0 0
##$SHL_OFFSCOEFF9= (0..95)
0 0 0 0 0 0 0 0 0 0 0 0 0 0 0 0 0 0 0 0 0 0 0 0 0 0 0 0 0 0 0 0 0 0 0 0
0 0 0 0 0 0 0 0 0 0 0 0 0 0 0 0 0 0 0 0 0 0 0 0 0 0 0 0 0 0 0 0 0 0 0 0
0 0 0 0 0 0 0 0 0 0 0 0 0 0 0 0 0 0 0 0 0 0 0 0
##$SHL_PHASE= (0..15)
0 0 0 0 0 0 0 0 0 0 0 0 0 0 0 0
##$SHL_PHASEFAC= (0..15)
0 0 0 0 0 0 0 0 0 0 0 0 0 0 0 0
##$SHL_POWERINDEX= (0..15)
0 0 0 0 0 0 0 0 0 0 0 0 0 0 0 0
##$SHL_QUADCOEFF= (0..15)
0 0 0 0 0 0 0 0 0 0 0 0 0 0 0 0
##$SHL_RIGHTLIMIT= (0..15)
0 0 0 0 0 0 0 0 0 0 0 0 0 0 0 0
##$SHL_SCALEFACTOR= (0..15)
1 1 1 1 1 1 1 1 1 1 1 1 1 1 1 1
##$SHL_SF= (0..15)
<> <> <> <> <> <> <> <> <> <> <> <> <> <> <> <>
##$SHL_SFCOEFFS0= (0..200)
0 0 0 0 0 0 0 0 0 0 0 0 0 0 0 0 0 0 0 0 0 0 0 0 0 0 0 0 0 0 0 0 0 0 0 0
0 0 0 0 0 0 0 0 0 0 0 0 0 0 0 0 0 0 0 0 0 0 0 0 0 0 0 0 0 0 0 0 0 0 0 0
0 0 0 0 0 0 0 0 0 0 0 0 0 0 0 0 0 0 0 0 0 0 0 0 0 0 0 0 0 0 0 0 0 0 0 0
0 0 0 0 0 0 0 0 0 0 0 0 0 0 0 0 0 0 0 0 0 0 0 0 0 0 0 0 0 0 0 0 0 0 0 0
0 0 0 0 0 0 0 0 0 0 0 0 0 0 0 0 0 0 0 0 0 0 0 0 0 0 0 0 0 0 0 0 0 0 0 0
0 0 0 0 0 0 0 0 0 0 0 0 0 0 0 0 0 0 0 0 0
##$SHL_SFCOEFFS1= (0..200)
0 0 0 0 0 0 0 0 0 0 0 0 0 0 0 0 0 0 0 0 0 0 0 0 0 0 0 0 0 0 0 0 0 0 0 0
0 0 0 0 0 0 0 0 0 0 0 0 0 0 0 0 0 0 0 0 0 0 0 0 0 0 0 0 0 0 0 0 0 0 0 0
0 0 0 0 0 0 0 0 0 0 0 0 0 0 0 0 0 0 0 0 0 0 0 0 0 0 0 0 0 0 0 0 0 0 0 0
0 0 0 0 0 0 0 0 0 0 0 0 0 0 0 0 0 0 0 0 0 0 0 0 0 0 0 0 0 0 0 0 0 0 0 0
0 0 0 0 0 0 0 0 0 0 0 0 0 0 0 0 0 0 0 0 0 0 0 0 0 0 0 0 0 0 0 0 0 0 0 0
0 0 0 0 0 0 0 0 0 0 0 0 0 0 0 0 0 0 0 0 0
##$SHL_SFCOEFFS10= (0..200)
0 0 0 0 0 0 0 0 0 0 0 0 0 0 0 0 0 0 0 0 0 0 0 0 0 0 0 0 0 0 0 0 0 0 0 0
0 0 0 0 0 0 0 0 0 0 0 0 0 0 0 0 0 0 0 0 0 0 0 0 0 0 0 0 0 0 0 0 0 0 0 0
0 0 0 0 0 0 0 0 0 0 0 0 0 0 0 0 0 0 0 0 0 0 0 0 0 0 0 0 0 0 0 0 0 0 0 0
0 0 0 0 0 0 0 0 0 0 0 0 0 0 0 0 0 0 0 0 0 0 0 0 0 0 0 0 0 0 0 0 0 0 0 0
0 0 0 0 0 0 0 0 0 0 0 0 0 0 0 0 0 0 0 0 0 0 0 0 0 0 0 0 0 0 0 0 0 0 0 0
0 0 0 0 0 0 0 0 0 0 0 0 0 0 0 0 0 0 0 0 0
##$SHL_SFCOEFFS11= (0..200)
0 0 0 0 0 0 0 0 0 0 0 0 0 0 0 0 0 0 0 0 0 0 0 0 0 0 0 0 0 0 0 0 0 0 0 0
0 0 0 0 0 0 0 0 0 0 0 0 0 0 0 0 0 0 0 0 0 0 0 0 0 0 0 0 0 0 0 0 0 0 0 0
0 0 0 0 0 0 0 0 0 0 0 0 0 0 0 0 0 0 0 0 0 0 0 0 0 0 0 0 0 0 0 0 0 0 0 0
0 0 0 0 0 0 0 0 0 0 0 0 0 0 0 0 0 0 0 0 0 0 0 0 0 0 0 0 0 0 0 0 0 0 0 0
0 0 0 0 0 0 0 0 0 0 0 0 0 0 0 0 0 0 0 0 0 0 0 0 0 0 0 0 0 0 0 0 0 0 0 0
0 0 0 0 0 0 0 0 0 0 0 0 0 0 0 0 0 0 0 0 0
##$SHL_SFCOEFFS12= (0..200)
0 0 0 0 0 0 0 0 0 0 0 0 0 0 0 0 0 0 0 0 0 0 0 0 0 0 0 0 0 0 0 0 0 0 0 0
0 0 0 0 0 0 0 0 0 0 0 0 0 0 0 0 0 0 0 0 0 0 0 0 0 0 0 0 0 0 0 0 0 0 0 0
0 0 0 0 0 0 0 0 0 0 0 0 0 0 0 0 0 0 0 0 0 0 0 0 0 0 0 0 0 0 0 0 0 0 0 0
0 0 0 0 0 0 0 0 0 0 0 0 0 0 0 0 0 0 0 0 0 0 0 0 0 0 0 0 0 0 0 0 0 0 0 0
0 0 0 0 0 0 0 0 0 0 0 0 0 0 0 0 0 0 0 0 0 0 0 0 0 0 0 0 0 0 0 0 0 0 0 0
0 0 0 0 0 0 0 0 0 0 0 0 0 0 0 0 0 0 0 0 0
##$SHL_SFCOEFFS13= (0..200)
0 0 0 0 0 0 0 0 0 0 0 0 0 0 0 0 0 0 0 0 0 0 0 0 0 0 0 0 0 0 0 0 0 0 0 0
0 0 0 0 0 0 0 0 0 0 0 0 0 0 0 0 0 0 0 0 0 0 0 0 0 0 0 0 0 0 0 0 0 0 0 0
0 0 0 0 0 0 0 0 0 0 0 0 0 0 0 0 0 0 0 0 0 0 0 0 0 0 0 0 0 0 0 0 0 0 0 0
0 0 0 0 0 0 0 0 0 0 0 0 0 0 0 0 0 0 0 0 0 0 0 0 0 0 0 0 0 0 0 0 0 0 0 0
0 0 0 0 0 0 0 0 0 0 0 0 0 0 0 0 0 0 0 0 0 0 0 0 0 0 0 0 0 0 0 0 0 0 0 0
0 0 0 0 0 0 0 0 0 0 0 0 0 0 0 0 0 0 0 0 0
##$SHL_SFCOEFFS14= (0..200)
0 0 0 0 0 0 0 0 0 0 0 0 0 0 0 0 0 0 0 0 0 0 0 0 0 0 0 0 0 0 0 0 0 0 0 0
0 0 0 0 0 0 0 0 0 0 0 0 0 0 0 0 0 0 0 0 0 0 0 0 0 0 0 0 0 0 0 0 0 0 0 0
0 0 0 0 0 0 0 0 0 0 0 0 0 0 0 0 0 0 0 0 0 0 0 0 0 0 0 0 0 0 0 0 0 0 0 0
0 0 0 0 0 0 0 0 0 0 0 0 0 0 0 0 0 0 0 0 0 0 0 0 0 0 0 0 0 0 0 0 0 0 0 0
0 0 0 0 0 0 0 0 0 0 0 0 0 0 0 0 0 0 0 0 0 0 0 0 0 0 0 0 0 0 0 0 0 0 0 0
0 0 0 0 0 0 0 0 0 0 0 0 0 0 0 0 0 0 0 0 0
##$SHL_SFCOEFFS15= (0..200)
0 0 0 0 0 0 0 0 0 0 0 0 0 0 0 0 0 0 0 0 0 0 0 0 0 0 0 0 0 0 0 0 0 0 0 0
0 0 0 0 0 0 0 0 0 0 0 0 0 0 0 0 0 0 0 0 0 0 0 0 0 0 0 0 0 0 0 0 0 0 0 0
0 0 0 0 0 0 0 0 0 0 0 0 0 0 0 0 0 0 0 0 0 0 0 0 0 0 0 0 0 0 0 0 0 0 0 0
0 0 0 0 0 0 0 0 0 0 0 0 0 0 0 0 0 0 0 0 0 0 0 0 0 0 0 0 0 0 0 0 0 0 0 0
0 0 0 0 0 0 0 0 0 0 0 0 0 0 0 0 0 0 0 0 0 0 0 0 0 0 0 0 0 0 0 0 0 0 0 0
0 0 0 0 0 0 0 0 0 0 0 0 0 0 0 0 0 0 0 0 0
##$SHL_SFCOEFFS2= (0..200)
0 0 0 0 0 0 0 0 0 0 0 0 0 0 0 0 0 0 0 0 0 0 0 0 0 0 0 0 0 0 0 0 0 0 0 0
0 0 0 0 0 0 0 0 0 0 0 0 0 0 0 0 0 0 0 0 0 0 0 0 0 0 0 0 0 0 0 0 0 0 0 0
0 0 0 0 0 0 0 0 0 0 0 0 0 0 0 0 0 0 0 0 0 0 0 0 0 0 0 0 0 0 0 0 0 0 0 0
0 0 0 0 0 0 0 0 0 0 0 0 0 0 0 0 0 0 0 0 0 0 0 0 0 0 0 0 0 0 0 0 0 0 0 0
0 0 0 0 0 0 0 0 0 0 0 0 0 0 0 0 0 0 0 0 0 0 0 0 0 0 0 0 0 0 0 0 0 0 0 0
0 0 0 0 0 0 0 0 0 0 0 0 0 0 0 0 0 0 0 0 0
##$SHL_SFCOEFFS3= (0..200)
0 0 0 0 0 0 0 0 0 0 0 0 0 0 0 0 0 0 0 0 0 0 0 0 0 0 0 0 0 0 0 0 0 0 0 0
0 0 0 0 0 0 0 0 0 0 0 0 0 0 0 0 0 0 0 0 0 0 0 0 0 0 0 0 0 0 0 0 0 0 0 0
0 0 0 0 0 0 0 0 0 0 0 0 0 0 0 0 0 0 0 0 0 0 0 0 0 0 0 0 0 0 0 0 0 0 0 0
0 0 0 0 0 0 0 0 0 0 0 0 0 0 0 0 0 0 0 0 0 0 0 0 0 0 0 0 0 0 0 0 0 0 0 0
0 0 0 0 0 0 0 0 0 0 0 0 0 0 0 0 0 0 0 0 0 0 0 0 0 0 0 0 0 0 0 0 0 0 0 0
0 0 0 0 0 0 0 0 0 0 0 0 0 0 0 0 0 0 0 0 0
##$SHL_SFCOEFFS4= (0..200)
0 0 0 0 0 0 0 0 0 0 0 0 0 0 0 0 0 0 0 0 0 0 0 0 0 0 0 0 0 0 0 0 0 0 0 0
0 0 0 0 0 0 0 0 0 0 0 0 0 0 0 0 0 0 0 0 0 0 0 0 0 0 0 0 0 0 0 0 0 0 0 0
0 0 0 0 0 0 0 0 0 0 0 0 0 0 0 0 0 0 0 0 0 0 0 0 0 0 0 0 0 0 0 0 0 0 0 0
0 0 0 0 0 0 0 0 0 0 0 0 0 0 0 0 0 0 0 0 0 0 0 0 0 0 0 0 0 0 0 0 0 0 0 0
0 0 0 0 0 0 0 0 0 0 0 0 0 0 0 0 0 0 0 0 0 0 0 0 0 0 0 0 0 0 0 0 0 0 0 0
0 0 0 0 0 0 0 0 0 0 0 0 0 0 0 0 0 0 0 0 0
##$SHL_SFCOEFFS5= (0..200)
0 0 0 0 0 0 0 0 0 0 0 0 0 0 0 0 0 0 0 0 0 0 0 0 0 0 0 0 0 0 0 0 0 0 0 0
0 0 0 0 0 0 0 0 0 0 0 0 0 0 0 0 0 0 0 0 0 0 0 0 0 0 0 0 0 0 0 0 0 0 0 0
0 0 0 0 0 0 0 0 0 0 0 0 0 0 0 0 0 0 0 0 0 0 0 0 0 0 0 0 0 0 0 0 0 0 0 0
0 0 0 0 0 0 0 0 0 0 0 0 0 0 0 0 0 0 0 0 0 0 0 0 0 0 0 0 0 0 0 0 0 0 0 0
0 0 0 0 0 0 0 0 0 0 0 0 0 0 0 0 0 0 0 0 0 0 0 0 0 0 0 0 0 0 0 0 0 0 0 0
0 0 0 0 0 0 0 0 0 0 0 0 0 0 0 0 0 0 0 0 0
##$SHL_SFCOEFFS6= (0..200)
0 0 0 0 0 0 0 0 0 0 0 0 0 0 0 0 0 0 0 0 0 0 0 0 0 0 0 0 0 0 0 0 0 0 0 0
0 0 0 0 0 0 0 0 0 0 0 0 0 0 0 0 0 0 0 0 0 0 0 0 0 0 0 0 0 0 0 0 0 0 0 0
0 0 0 0 0 0 0 0 0 0 0 0 0 0 0 0 0 0 0 0 0 0 0 0 0 0 0 0 0 0 0 0 0 0 0 0
0 0 0 0 0 0 0 0 0 0 0 0 0 0 0 0 0 0 0 0 0 0 0 0 0 0 0 0 0 0 0 0 0 0 0 0
0 0 0 0 0 0 0 0 0 0 0 0 0 0 0 0 0 0 0 0 0 0 0 0 0 0 0 0 0 0 0 0 0 0 0 0
0 0 0 0 0 0 0 0 0 0 0 0 0 0 0 0 0 0 0 0 0
##$SHL_SFCOEFFS7= (0..200)
0 0 0 0 0 0 0 0 0 0 0 0 0 0 0 0 0 0 0 0 0 0 0 0 0 0 0 0 0 0 0 0 0 0 0 0
0 0 0 0 0 0 0 0 0 0 0 0 0 0 0 0 0 0 0 0 0 0 0 0 0 0 0 0 0 0 0 0 0 0 0 0
0 0 0 0 0 0 0 0 0 0 0 0 0 0 0 0 0 0 0 0 0 0 0 0 0 0 0 0 0 0 0 0 0 0 0 0
0 0 0 0 0 0 0 0 0 0 0 0 0 0 0 0 0 0 0 0 0 0 0 0 0 0 0 0 0 0 0 0 0 0 0 0
0 0 0 0 0 0 0 0 0 0 0 0 0 0 0 0 0 0 0 0 0 0 0 0 0 0 0 0 0 0 0 0 0 0 0 0
0 0 0 0 0 0 0 0 0 0 0 0 0 0 0 0 0 0 0 0 0
##$SHL_SFCOEFFS8= (0..200)
0 0 0 0 0 0 0 0 0 0 0 0 0 0 0 0 0 0 0 0 0 0 0 0 0 0 0 0 0 0 0 0 0 0 0 0
0 0 0 0 0 0 0 0 0 0 0 0 0 0 0 0 0 0 0 0 0 0 0 0 0 0 0 0 0 0 0 0 0 0 0 0
0 0 0 0 0 0 0 0 0 0 0 0 0 0 0 0 0 0 0 0 0 0 0 0 0 0 0 0 0 0 0 0 0 0 0 0
0 0 0 0 0 0 0 0 0 0 0 0 0 0 0 0 0 0 0 0 0 0 0 0 0 0 0 0 0 0 0 0 0 0 0 0
0 0 0 0 0 0 0 0 0 0 0 0 0 0 0 0 0 0 0 0 0 0 0 0 0 0 0 0 0 0 0 0 0 0 0 0
0 0 0 0 0 0 0 0 0 0 0 0 0 0 0 0 0 0 0 0 0
##$SHL_SFCOEFFS9= (0..200)
0 0 0 0 0 0 0 0 0 0 0 0 0 0 0 0 0 0 0 0 0 0 0 0 0 0 0 0 0 0 0 0 0 0 0 0
0 0 0 0 0 0 0 0 0 0 0 0 0 0 0 0 0 0 0 0 0 0 0 0 0 0 0 0 0 0 0 0 0 0 0 0
0 0 0 0 0 0 0 0 0 0 0 0 0 0 0 0 0 0 0 0 0 0 0 0 0 0 0 0 0 0 0 0 0 0 0 0
0 0 0 0 0 0 0 0 0 0 0 0 0 0 0 0 0 0 0 0 0 0 0 0 0 0 0 0 0 0 0 0 0 0 0 0
0 0 0 0 0 0 0 0 0 0 0 0 0 0 0 0 0 0 0 0 0 0 0 0 0 0 0 0 0 0 0 0 0 0 0 0
0 0 0 0 0 0 0 0 0 0 0 0 0 0 0 0 0 0 0 0 0
##$SHL_SMOOTHED= (0..15)
0 0 0 0 0 0 0 0 0 0 0 0 0 0 0 0
##$SHL_SMOOTHING= (0..15)
0 0 0 0 0 0 0 0 0 0 0 0 0 0 0 0
##$SHL_SPOAL= (0..15)
0 0 0 0 0 0 0 0 0 0 0 0 0 0 0 0
##$SHL_SPOFFS= (0..15)
0 0 0 0 0 0 0 0 0 0 0 0 0 0 0 0
##$SHL_SPOPH= (0..15)
0 0 0 0 0 0 0 0 0 0 0 0 0 0 0 0
##$SHL_STARTAMP= (0..15)
0 0 0 0 0 0 0 0 0 0 0 0 0 0 0 0
##$SHL_SW= (0..15)
0 0 0 0 0 0 0 0 0 0 0 0 0 0 0 0
##$SHL_SWDIR= (0..15)
-1 -1 -1 -1 -1 -1 -1 -1 -1 -1 -1 -1 -1 -1 -1 -1
##$SHL_TANKAPPA= (0..15)
0 0 0 0 0 0 0 0 0 0 0 0 0 0 0 0
##$SHL_TOTROT= (0..15)
90 0 0 0 0 0 0 0 0 0 0 0 0 0 0 0
##$SHL_TRUNCLEV= (0..15)
0 0 0 0 0 0 0 0 0 0 0 0 0 0 0 0
##$SHL_TYPE= (0..15)
<Excitation> <> <> <> <> <> <> <> <> <> <> <> <> <> <> <>
##$SHL_WINDOWSIZE= (0..15)
0 0 0 0 0 0 0 0 0 0 0 0 0 0 0 0
##$SHL_ZETA= (0..15)
0 0 0 0 0 0 0 0 0 0 0 0 0 0 0 0
##NPOINTS= 1250
##XYPOINTS= (XY..XY)
72.798546, 72.344553
72.337290, 73.963624
71.873175, 75.582783
71.406236, 77.202032
70.936507, 78.821373
70.464023, 80.440807
69.988817, 82.060337
69.510925, 83.679964
69.030382, 85.299691
68.547223, 86.919520
68.061483, 88.539454
67.573198, 90.159494
67.082405, 91.779643
66.589138, 93.399903
66.093434, 95.020277
65.595330, 96.640769
65.094862, 98.261379
64.592067, 99.882112
64.086981, 101.502970
63.579641, 103.123957
63.070086, 104.745075
62.558351, 106.366328
62.044476, 107.987719
61.528496, 109.609252
61.010451, 111.230931
60.490378, 112.852759
59.968316, 114.474740
59.444302, 116.096878
58.918376, 117.719177
58.390575, 119.341643
57.860938, 120.964279
57.329505, 122.587090
56.796315, 124.210082
56.261405, 125.833258
55.724816, 127.456626
55.186588, 129.080190
54.646758, 130.703955
54.105368, 132.327929
53.562457, 133.952117
53.018065, 135.576526
52.472231, 137.201163
51.924996, 138.826034
51.376400, 140.451148
50.826483, 142.076511
50.275285, 143.702133
49.722848, 145.328021
49.169211, 146.954185
48.614415, 148.580633
48.058502, 150.207375
47.501511, 151.834422
46.943484, 153.461783
46.384461, 155.089471
45.824484, 156.717496
45.263594, 158.345871
44.701833, 159.974609
44.139240, 161.603723
43.575859, 163.233227
43.011729, 164.863136
42.446893, 166.493466
41.881392, 168.124233
41.315268, 169.755454
40.748563, 171.387149
40.181317, 173.019335
39.613573, 174.652034
39.045373, 176.285267
38.476758, 177.919056
37.907770, 179.553425
37.338452, 181.188401
36.768844, 182.824010
36.198990, 184.460280
35.628931, 186.097242
35.058709, 187.734929
34.488366, 189.373374
33.917944, 191.012613
33.347486, 192.652687
32.777033, 194.293635
32.206628, 195.935503
31.636313, 197.578338
31.066129, 199.222191
30.496120, 200.867115
29.926328, 202.513168
29.356794, 204.160414
28.787561, 205.808920
28.218672, 207.458756
27.650168, 209.110003
27.082092, 210.762743
26.514487, 212.417067
25.947393, 214.073075
25.380855, 215.730873
24.814915, 217.390577
24.249614, 219.052313
23.684996, 220.716219
23.121102, 222.382446
22.557976, 224.051158
21.995661, 225.722536
21.434198, 227.396779
20.873631, 229.074106
20.314003, 230.754758
19.755356, 232.439003
19.197735, 234.127139
18.641182, 235.819496
18.085741, 237.516444
17.531456, 239.218397
16.978371, 240.925819
16.426531, 242.639236
15.875980, 244.359240
15.326765, 246.086507
14.778931, 247.821807
14.232525, 249.566023
13.687596, 251.320170
13.144191, 253.085426
12.602361, 254.863162
12.062159, 256.654982
11.523638, 258.462777
10.986855, 260.288795
10.451870, 262.135719
9.918746, 264.006791
9.387553, 265.905953
8.858367, 267.838053
8.331272, 269.809118
7.806366, 271.826732
7.283760, 273.900576
6.763589, 276.043196
6.246018, 278.271141
5.731255, 280.606689
5.219576, 283.080523
4.711353, 285.736060
4.207116, 288.636706
3.707652, 291.878576
3.214202, 295.614041
2.728842, 300.097989
2.255339, 305.785098
1.801195, 313.547882
1.383112, 325.172704
1.041969, 344.187927
0.869103, 14.071838
0.956429, 46.579621
1.247666, 69.040777
1.635145, 82.607638
2.063579, 91.378004
2.510590, 97.621711
2.966502, 102.437480
3.426630, 106.384228
3.888467, 109.768040
4.350554, 112.768269
4.811984, 115.496190
5.272159, 118.024195
5.730665, 120.401288
6.187204, 122.661759
6.641553, 124.830297
7.093538, 126.925109
7.543022, 128.959913
7.989890, 130.945232
8.434047, 132.889273
8.875411, 134.798527
9.313909, 136.678196
9.749479, 138.532496
10.182060, 140.364880
10.611600, 142.178200
11.038050, 143.974838
11.461361, 145.756794
11.881492, 147.525759
12.298399, 149.283178
12.712042, 151.030285
13.122384, 152.768149
13.529388, 154.497692
13.933016, 156.219720
14.333234, 157.934936
14.730009, 159.643961
15.123306, 161.347339
15.513094, 163.045555
15.899340, 164.739038
16.282014, 166.428172
16.661083, 168.113299
17.036520, 169.794728
17.408293, 171.472735
17.776373, 173.147570
18.140732, 174.819459
18.501342, 176.488607
18.858174, 178.155200
19.211202, 179.819409
19.560397, 181.481387
19.905734, 183.141277
20.247187, 184.799208
20.584728, 186.455300
20.918333, 188.109662
21.247976, 189.762395
21.573633, 191.413592
21.895278, 193.063340
22.212888, 194.711719
22.526439, 196.358801
22.835908, 198.004657
23.141270, 199.649349
23.442504, 201.292936
23.739587, 202.935475
24.032496, 204.577017
24.321210, 206.217610
24.605707, 207.857298
24.885967, 209.496125
25.161967, 211.134129
25.433688, 212.771347
25.701110, 214.407815
25.964212, 216.043565
26.222975, 217.678628
26.477381, 219.313032
26.727409, 220.946805
26.973042, 222.579972
27.214261, 224.212558
27.451048, 225.844586
27.683387, 227.476077
27.911259, 229.107051
28.134648, 230.737528
28.353537, 232.367526
28.567911, 233.997062
28.777753, 235.626154
28.983047, 237.254815
29.183780, 238.883062
29.379935, 240.510908
29.571498, 242.138367
29.758456, 243.765450
29.940793, 245.392170
30.118498, 247.018539
30.291557, 248.644568
30.459957, 250.270266
30.623685, 251.895643
30.782729, 253.520709
30.937079, 255.145473
31.086722, 256.769944
31.231647, 258.394128
31.371844, 260.018035
31.507302, 261.641671
31.638012, 263.265043
31.763963, 264.888158
31.885147, 266.511023
32.001554, 268.133643
32.113176, 269.756025
32.220005, 271.378173
32.322032, 273.000093
32.419251, 274.621789
32.511654, 276.243268
32.599234, 277.864533
32.681985, 279.485588
32.759901, 281.106437
32.832975, 282.727085
32.901203, 284.347535
32.964580, 285.967791
33.023101, 287.587855
33.076761, 289.207731
33.125556, 290.827422
33.169484, 292.446931
33.208540, 294.066261
33.242722, 295.685413
33.272028, 297.304390
33.296454, 298.923195
33.316000, 300.541829
33.330663, 302.160294
33.340444, 303.778592
33.345340, 305.396724
33.345352, 307.014693
33.340480, 308.632498
33.330723, 310.250143
33.316084, 311.867627
33.296561, 313.484951
33.272158, 315.102117
33.242876, 316.719125
33.208717, 318.335976
33.169684, 319.952670
33.125778, 321.569207
33.077005, 323.185587
33.023366, 324.801812
32.964866, 326.417880
32.901510, 328.033791
32.833302, 329.649546
32.760246, 331.265143
32.682349, 332.880582
32.599616, 334.495863
32.512053, 336.110984
32.419666, 337.725944
32.322463, 339.340743
32.220450, 340.955380
32.113635, 342.569851
32.002025, 344.184157
31.885629, 345.798295
31.764456, 347.412264
31.638513, 349.026061
31.507811, 350.639683
31.372360, 352.253130
31.232168, 353.866398
31.087246, 355.479484
30.937605, 357.092385
30.783256, 358.705098
30.624210, 0.317619
30.460479, 1.929945
30.292075, 3.542072
30.119010, 5.153996
29.941297, 6.765712
29.758949, 8.377216
29.571979, 9.988501
29.380401, 11.599564
29.184229, 13.210399
28.983477, 14.820999
28.778161, 16.431357
28.568295, 18.041468
28.353894, 19.651324
28.134975, 21.260917
27.911554, 22.870240
27.683646, 24.479283
27.451268, 26.088038
27.214439, 27.696495
26.973174, 29.304643
26.727492, 30.912471
26.477411, 32.519969
26.222950, 34.127123
25.964126, 35.733921
25.700958, 37.340348
25.433467, 38.946389
25.161672, 40.552030
24.885593, 42.157251
24.605250, 43.762036
24.320664, 45.366366
24.031855, 46.970219
23.738846, 48.573573
23.441657, 50.176404
23.140310, 51.778688
22.834828, 53.380397
22.525232, 54.981501
22.211547, 56.581968
21.893795, 58.181766
21.571999, 59.780857
21.246183, 61.379202
20.916372, 62.976757
20.582589, 64.573477
20.244859, 66.169311
19.903207, 67.764204
19.557659, 69.358098
19.208240, 70.950927
18.854975, 72.542621
18.497892, 74.133102
18.137016, 75.722285
17.772374, 77.310078
17.403994, 78.896378
17.031903, 80.481072
16.656128, 82.064035
16.276698, 83.645128
15.893641, 85.224197
15.506986, 86.801071
15.116761, 88.375556
14.722997, 89.947438
14.325723, 91.516474
13.924969, 93.082389
13.520766, 94.644874
13.113145, 96.203572
12.702137, 97.758082
12.287773, 99.307936
11.870088, 100.852598
11.449112, 102.391446
11.024881, 103.923751
10.597428, 105.448660
10.166789, 106.965162
9.732999, 108.472052
9.296097, 109.967885
8.856120, 111.450910
8.413109, 112.918984
7.967106, 114.369458
7.518157, 115.799017
7.066311, 117.203460
6.611621, 118.577377
6.154148, 119.913688
5.693961, 121.202943
5.231142, 122.432241
4.765794, 123.583501
4.298051, 124.630585
3.828096, 125.534268
3.356199, 126.232921
2.882787, 126.623999
2.408599, 126.523771
1.935078, 125.568877
1.465493, 122.934814
1.009144, 116.338363
0.603423, 97.547534
0.438518, 45.414141
0.714276, 3.822076
1.151072, 350.243520
1.625943, 345.216016
2.115021, 343.205008
2.611640, 342.553333
3.113272, 342.621921
3.618744, 343.116171
4.127428, 343.882299
4.638952, 344.832427
5.153073, 345.912779
5.669623, 347.088634
6.188473, 348.336585
6.709524, 349.640286
7.232693, 350.987978
7.757909, 352.370989
8.285109, 353.782781
8.814234, 355.218336
9.345232, 356.673736
9.878051, 358.145881
10.412643, 359.632280
10.948961, 1.130917
11.486960, 2.640134
12.026595, 4.158563
12.567822, 5.685059
13.110597, 7.218661
13.654879, 8.758553
14.200624, 10.304040
14.747790, 11.854527
15.296334, 13.409497
15.846216, 14.968504
16.397394, 16.531160
16.949825, 18.097122
17.503468, 19.666092
18.058281, 21.237804
18.614224, 22.812025
19.171253, 24.388544
19.729329, 25.967177
20.288409, 27.547756
20.848451, 29.130131
21.409415, 30.714169
21.971258, 32.299747
22.533939, 33.886755
23.097417, 35.475093
23.661649, 37.064671
24.226595, 38.655405
24.792212, 40.247220
25.358458, 41.840047
25.925293, 43.433822
26.492673, 45.028487
27.060558, 46.623989
27.628906, 48.220277
28.197674, 49.817307
28.766821, 51.415035
29.336306, 53.013424
29.906085, 54.612436
30.476118, 56.212039
31.046362, 57.812200
31.616775, 59.412891
32.187317, 61.014084
32.757943, 62.615754
33.328614, 64.217878
33.899287, 65.820433
34.469919, 67.423398
35.040470, 69.026754
35.610896, 70.630483
36.181157, 72.234567
36.751211, 73.838991
37.321015, 75.443739
37.890528, 77.048797
38.459708, 78.654151
39.028513, 80.259789
39.596902, 81.865699
40.164832, 83.471868
40.732263, 85.078288
41.299153, 86.684946
41.865459, 88.291835
42.431141, 89.898944
42.996156, 91.506264
43.560465, 93.113789
44.124024, 94.721509
44.686793, 96.329418
45.248731, 97.937508
45.809796, 99.545772
46.369947, 101.154205
46.929144, 102.762800
47.487344, 104.371552
48.044508, 105.980454
48.600594, 107.589501
49.155562, 109.198689
49.709370, 110.808013
50.261979, 112.417467
50.813347, 114.027048
51.363435, 115.636751
51.912202, 117.246573
52.459607, 118.856509
53.005612, 120.466555
53.550175, 122.076709
54.093256, 123.686967
54.634817, 125.297324
55.174816, 126.907779
55.713216, 128.518329
56.249975, 130.128969
56.785055, 131.739699
57.318417, 133.350514
57.850022, 134.961412
58.379829, 136.572391
58.907802, 138.183449
59.433900, 139.794583
59.958086, 141.405791
60.480321, 143.017070
61.000567, 144.628419
61.518785, 146.239836
62.034938, 147.851319
62.548987, 149.462866
63.060896, 151.074475
63.570626, 152.686145
64.078141, 154.297874
64.583402, 155.909659
65.086374, 157.521501
65.587018, 159.133396
66.085299, 160.745345
66.581180, 162.357344
67.074625, 163.969394
67.565596, 165.581493
68.054060, 167.193638
68.539979, 168.805830
69.023317, 170.418067
69.504041, 172.030348
69.982114, 173.642672
70.457501, 175.255037
70.930167, 176.867443
71.400079, 178.479889
71.867200, 180.092373
72.331498, 181.704894
72.792938, 183.317453
73.251486, 184.930047
73.707109, 186.542676
74.159773, 188.155339
74.609446, 189.768036
75.056093, 191.380765
75.499683, 192.993525
75.940183, 194.606317
76.377561, 196.219139
76.811784, 197.831990
77.242820, 199.444870
77.670639, 201.057778
78.095209, 202.670713
78.516499, 204.283675
78.934477, 205.896664
79.349114, 207.509677
79.760378, 209.122716
80.168240, 210.735779
80.572670, 212.348866
80.973638, 213.961977
81.371114, 215.575110
81.765070, 217.188265
82.155477, 218.801442
82.542307, 220.414640
82.925529, 222.027859
83.305118, 223.641098
83.681045, 225.254356
84.053281, 226.867634
84.421801, 228.480931
84.786577, 230.094247
85.147582, 231.707580
85.504790, 233.320931
85.858175, 234.934299
86.207711, 236.547684
86.553371, 238.161086
86.895132, 239.774504
87.232967, 241.387937
87.566853, 243.001385
87.896763, 244.614849
88.222676, 246.228327
88.544565, 247.841820
88.862409, 249.455326
89.176183, 251.068846
89.485865, 252.682380
89.791432, 254.295926
90.092861, 255.909486
90.390131, 257.523057
90.683219, 259.136641
90.972105, 260.750237
91.256766, 262.363844
91.537183, 263.977462
91.813334, 265.591092
92.085200, 267.204732
92.352760, 268.818383
92.615995, 270.432044
92.874885, 272.045715
93.129412, 273.659395
93.379557, 275.273085
93.625302, 276.886785
93.866628, 278.500493
94.103518, 280.114210
94.335954, 281.727936
94.563920, 283.341670
94.787398, 284.955412
95.006373, 286.569162
95.220829, 288.182920
95.430749, 289.796685
95.636118, 291.410458
95.836922, 293.024237
96.033145, 294.638024
96.224773, 296.251817
96.411792, 297.865616
96.594188, 299.479422
96.771949, 301.093233
96.945060, 302.707051
97.113510, 304.320874
97.277285, 305.934703
97.436375, 307.548538
97.590767, 309.162377
97.740449, 310.776221
97.885412, 312.390070
98.025644, 314.003924
98.161135, 315.617782
98.291876, 317.231645
98.417856, 318.845511
98.539066, 320.459382
98.655498, 322.073256
98.767142, 323.687134
98.873992, 325.301015
98.976038, 326.914900
99.073274, 328.528788
99.165692, 330.142678
99.253285, 331.756572
99.336048, 333.370468
99.413974, 334.984367
99.487057, 336.598268
99.555292, 338.212171
99.618674, 339.826076
99.677198, 341.439983
99.730861, 343.053892
99.779657, 344.667802
99.823584, 346.281714
99.862639, 347.895627
99.896818, 349.509541
99.926118, 351.123456
99.950539, 352.737372
99.970078, 354.351289
99.984733, 355.965206
99.994504, 357.579123
99.999389, 359.193041
99.999389, 0.806959
99.994504, 2.420877
99.984733, 4.034794
99.970078, 5.648711
99.950539, 7.262628
99.926118, 8.876544
99.896818, 10.490459
99.862639, 12.104373
99.823584, 13.718286
99.779657, 15.332198
99.730861, 16.946108
99.677198, 18.560017
99.618674, 20.173924
99.555292, 21.787829
99.487057, 23.401732
99.413974, 25.015633
99.336048, 26.629532
99.253285, 28.243428
99.165692, 29.857322
99.073274, 31.471212
98.976038, 33.085100
98.873992, 34.698985
98.767142, 36.312866
98.655498, 37.926744
98.539066, 39.540618
98.417856, 41.154489
98.291876, 42.768355
98.161135, 44.382218
98.025644, 45.996076
97.885412, 47.609930
97.740449, 49.223779
97.590767, 50.837623
97.436375, 52.451462
97.277285, 54.065297
97.113510, 55.679126
96.945060, 57.292949
96.771949, 58.906767
96.594188, 60.520578
96.411792, 62.134384
96.224773, 63.748183
96.033145, 65.361976
95.836922, 66.975763
95.636118, 68.589542
95.430749, 70.203315
95.220829, 71.817080
95.006373, 73.430838
94.787398, 75.044588
94.563920, 76.658330
94.335954, 78.272064
94.103518, 79.885790
93.866628, 81.499507
93.625302, 83.113215
93.379557, 84.726915
93.129412, 86.340605
92.874885, 87.954285
92.615995, 89.567956
92.352760, 91.181617
92.085200, 92.795268
91.813334, 94.408908
91.537183, 96.022538
91.256766, 97.636156
90.972105, 99.249763
90.683219, 100.863359
90.390131, 102.476943
90.092861, 104.090514
89.791432, 105.704074
89.485865, 107.317620
89.176183, 108.931154
88.862409, 110.544674
88.544565, 112.158180
88.222676, 113.771673
87.896763, 115.385151
87.566853, 116.998615
87.232967, 118.612063
86.895132, 120.225496
86.553371, 121.838914
86.207711, 123.452316
85.858175, 125.065701
85.504790, 126.679069
85.147582, 128.292420
84.786577, 129.905753
84.421801, 131.519069
84.053281, 133.132366
83.681045, 134.745644
83.305118, 136.358902
82.925529, 137.972141
82.542307, 139.585360
82.155477, 141.198558
81.765070, 142.811735
81.371114, 144.424890
80.973638, 146.038023
80.572670, 147.651134
80.168240, 149.264221
79.760378, 150.877284
79.349114, 152.490323
78.934477, 154.103336
78.516499, 155.716325
78.095209, 157.329287
77.670639, 158.942222
77.242820, 160.555130
76.811784, 162.168010
76.377561, 163.780861
75.940183, 165.393683
75.499683, 167.006475
75.056093, 168.619235
74.609446, 170.231964
74.159773, 171.844661
73.707109, 173.457324
73.251486, 175.069953
72.792938, 176.682547
72.331498, 178.295106
71.867200, 179.907627
71.400079, 181.520111
70.930167, 183.132557
70.457501, 184.744963
69.982114, 186.357328
69.504041, 187.969652
69.023317, 189.581933
68.539979, 191.194170
68.054060, 192.806362
67.565596, 194.418507
67.074625, 196.030606
66.581180, 197.642656
66.085299, 199.254655
65.587018, 200.866604
65.086374, 202.478499
64.583402, 204.090341
64.078141, 205.702126
63.570626, 207.313855
63.060896, 208.925525
62.548987, 210.537134
62.034938, 212.148681
61.518785, 213.760164
61.000567, 215.371581
60.480321, 216.982930
59.958086, 218.594209
59.433900, 220.205417
58.907802, 221.816551
58.379829, 223.427609
57.850022, 225.038588
57.318417, 226.649486
56.785055, 228.260301
56.249975, 229.871031
55.713216, 231.481671
55.174816, 233.092221
54.634817, 234.702676
54.093256, 236.313033
53.550175, 237.923291
53.005612, 239.533445
52.459607, 241.143491
51.912202, 242.753427
51.363435, 244.363249
50.813347, 245.972952
50.261979, 247.582533
49.709370, 249.191987
49.155562, 250.801311
48.600594, 252.410499
48.044508, 254.019546
47.487344, 255.628448
46.929144, 257.237200
46.369947, 258.845795
45.809796, 260.454228
45.248731, 262.062492
44.686793, 263.670582
44.124024, 265.278491
43.560465, 266.886211
42.996156, 268.493736
42.431141, 270.101056
41.865459, 271.708165
41.299153, 273.315054
40.732263, 274.921712
40.164832, 276.528132
39.596902, 278.134301
39.028513, 279.740211
38.459708, 281.345849
37.890528, 282.951203
37.321015, 284.556261
36.751211, 286.161009
36.181157, 287.765433
35.610896, 289.369517
35.040470, 290.973246
34.469919, 292.576602
33.899287, 294.179567
33.328614, 295.782122
32.757943, 297.384246
32.187317, 298.985916
31.616775, 300.587109
31.046362, 302.187800
30.476118, 303.787961
29.906085, 305.387564
29.336306, 306.986576
28.766821, 308.584965
28.197674, 310.182693
27.628906, 311.779723
27.060558, 313.376011
26.492673, 314.971513
25.925293, 316.566178
25.358458, 318.159953
24.792212, 319.752780
24.226595, 321.344595
23.661649, 322.935329
23.097417, 324.524907
22.533939, 326.113245
21.971258, 327.700253
21.409415, 329.285831
20.848451, 330.869869
20.288409, 332.452244
19.729329, 334.032823
19.171253, 335.611456
18.614224, 337.187975
18.058281, 338.762196
17.503468, 340.333908
16.949825, 341.902878
16.397394, 343.468840
15.846216, 345.031496
15.296334, 346.590503
14.747790, 348.145473
14.200624, 349.695960
13.654879, 351.241447
13.110597, 352.781339
12.567822, 354.314941
12.026595, 355.841437
11.486960, 357.359866
10.948961, 358.869083
10.412643, 0.367720
9.878051, 1.854119
9.345232, 3.326264
8.814234, 4.781664
8.285109, 6.217219
7.757909, 7.629011
7.232693, 9.012022
6.709524, 10.359714
6.188473, 11.663415
5.669623, 12.911366
5.153073, 14.087221
4.638952, 15.167573
4.127428, 16.117701
3.618744, 16.883829
3.113272, 17.378079
2.611640, 17.446667
2.115021, 16.794992
1.625943, 14.783984
1.151072, 9.756480
0.714276, 356.177924
0.438518, 314.585859
0.603423, 262.452466
1.009144, 243.661637
1.465493, 237.065186
1.935078, 234.431123
2.408599, 233.476229
2.882787, 233.376001
3.356199, 233.767079
3.828096, 234.465732
4.298051, 235.369415
4.765794, 236.416499
5.231142, 237.567759
5.693961, 238.797057
6.154148, 240.086312
6.611621, 241.422623
7.066311, 242.796540
7.518157, 244.200983
7.967106, 245.630542
8.413109, 247.081016
8.856120, 248.549090
9.296097, 250.032115
9.732999, 251.527948
10.166789, 253.034838
10.597428, 254.551340
11.024881, 256.076249
11.449112, 257.608554
11.870088, 259.147402
12.287773, 260.692064
12.702137, 262.241918
13.113145, 263.796428
13.520766, 265.355126
13.924969, 266.917611
14.325723, 268.483526
14.722997, 270.052562
15.116761, 271.624444
15.506986, 273.198929
15.893641, 274.775803
16.276698, 276.354872
16.656128, 277.935965
17.031903, 279.518928
17.403994, 281.103622
17.772374, 282.689922
18.137016, 284.277715
18.497892, 285.866898
18.854975, 287.457379
19.208240, 289.049073
19.557659, 290.641902
19.903207, 292.235796
20.244859, 293.830689
20.582589, 295.426523
20.916372, 297.023243
21.246183, 298.620798
21.571999, 300.219143
21.893795, 301.818234
22.211547, 303.418032
22.525232, 305.018499
22.834828, 306.619603
23.140310, 308.221312
23.441657, 309.823596
23.738846, 311.426427
24.031855, 313.029781
24.320664, 314.633634
24.605250, 316.237964
24.885593, 317.842749
25.161672, 319.447970
25.433467, 321.053611
25.700958, 322.659652
25.964126, 324.266079
26.222950, 325.872877
26.477411, 327.480031
26.727492, 329.087529
26.973174, 330.695357
27.214439, 332.303505
27.451268, 333.911962
27.683646, 335.520717
27.911554, 337.129760
28.134975, 338.739083
28.353894, 340.348676
28.568295, 341.958532
28.778161, 343.568643
28.983477, 345.179001
29.184229, 346.789601
29.380401, 348.400436
29.571979, 350.011499
29.758949, 351.622784
29.941297, 353.234288
30.119010, 354.846004
30.292075, 356.457928
30.460479, 358.070055
30.624210, 359.682381
30.783256, 1.294902
30.937605, 2.907615
31.087246, 4.520516
31.232168, 6.133602
31.372360, 7.746870
31.507811, 9.360317
31.638513, 10.973939
31.764456, 12.587736
31.885629, 14.201705
32.002025, 15.815843
32.113635, 17.430149
32.220450, 19.044620
32.322463, 20.659257
32.419666, 22.274056
32.512053, 23.889016
32.599616, 25.504137
32.682349, 27.119418
32.760246, 28.734857
32.833302, 30.350454
32.901510, 31.966209
32.964866, 33.582120
33.023366, 35.198188
33.077005, 36.814413
33.125778, 38.430793
33.169684, 40.047330
33.208717, 41.664024
33.242876, 43.280875
33.272158, 44.897883
33.296561, 46.515049
33.316084, 48.132373
33.330723, 49.749857
33.340480, 51.367502
33.345352, 52.985307
33.345340, 54.603276
33.340444, 56.221408
33.330663, 57.839706
33.316000, 59.458171
33.296454, 61.076805
33.272028, 62.695610
33.242722, 64.314587
33.208540, 65.933739
33.169484, 67.553069
33.125556, 69.172578
33.076761, 70.792269
33.023101, 72.412145
32.964580, 74.032209
32.901203, 75.652465
32.832975, 77.272915
32.759901, 78.893563
32.681985, 80.514412
32.599234, 82.135467
32.511654, 83.756732
32.419251, 85.378211
32.322032, 86.999907
32.220005, 88.621827
32.113176, 90.243975
32.001554, 91.866357
31.885147, 93.488977
31.763963, 95.111842
31.638012, 96.734957
31.507302, 98.358329
31.371844, 99.981965
31.231647, 101.605872
31.086722, 103.230056
30.937079, 104.854527
30.782729, 106.479291
30.623685, 108.104357
30.459957, 109.729734
30.291557, 111.355432
30.118498, 112.981461
29.940793, 114.607830
29.758456, 116.234550
29.571498, 117.861633
29.379935, 119.489092
29.183780, 121.116938
28.983047, 122.745185
28.777753, 124.373846
28.567911, 126.002938
28.353537, 127.632474
28.134648, 129.262472
27.911259, 130.892949
27.683387, 132.523923
27.451048, 134.155414
27.214261, 135.787442
26.973042, 137.420028
26.727409, 139.053195
26.477381, 140.686968
26.222975, 142.321372
25.964212, 143.956435
25.701110, 145.592185
25.433688, 147.228653
25.161967, 148.865871
24.885967, 150.503875
24.605707, 152.142702
24.321210, 153.782390
24.032496, 155.422983
23.739587, 157.064525
23.442504, 158.707064
23.141270, 160.350651
22.835908, 161.995343
22.526439, 163.641199
22.212888, 165.288281
21.895278, 166.936660
21.573633, 168.586408
21.247976, 170.237605
20.918333, 171.890338
20.584728, 173.544700
20.247187, 175.200792
19.905734, 176.858723
19.560397, 178.518613
19.211202, 180.180591
18.858174, 181.844800
18.501342, 183.511393
18.140732, 185.180541
17.776373, 186.852430
17.408293, 188.527265
17.036520, 190.205272
16.661083, 191.886701
16.282014, 193.571828
15.899340, 195.260962
15.513094, 196.954445
15.123306, 198.652661
14.730009, 200.356039
14.333234, 202.065064
13.933016, 203.780280
13.529388, 205.502308
13.122384, 207.231851
12.712042, 208.969715
12.298399, 210.716822
11.881492, 212.474241
11.461361, 214.243206
11.038050, 216.025162
10.611600, 217.821800
10.182060, 219.635120
9.749479, 221.467504
9.313909, 223.321804
8.875411, 225.201473
8.434047, 227.110727
7.989890, 229.054768
7.543022, 231.040087
7.093538, 233.074891
6.641553, 235.169703
6.187204, 237.338241
5.730665, 239.598712
5.272159, 241.975805
4.811984, 244.503810
4.350554, 247.231731
3.888467, 250.231960
3.426630, 253.615772
2.966502, 257.562520
2.510590, 262.378289
2.063579, 268.621996
1.635145, 277.392362
1.247666, 290.959223
0.956429, 313.420379
0.869103, 345.928162
1.041969, 15.812073
1.383112, 34.827296
1.801195, 46.452118
2.255339, 54.214902
2.728842, 59.902011
3.214202, 64.385959
3.707652, 68.121424
4.207116, 71.363294
4.711353, 74.263940
5.219576, 76.919477
5.731255, 79.393311
6.246018, 81.728859
6.763589, 83.956804
7.283760, 86.099424
7.806366, 88.173268
8.331272, 90.190882
8.858367, 92.161947
9.387553, 94.094047
9.918746, 95.993209
10.451870, 97.864281
10.986855, 99.711205
11.523638, 101.537223
12.062159, 103.345018
12.602361, 105.136838
13.144191, 106.914574
13.687596, 108.679830
14.232525, 110.433977
14.778931, 112.178193
15.326765, 113.913493
15.875980, 115.640760
16.426531, 117.360764
16.978371, 119.074181
17.531456, 120.781603
18.085741, 122.483556
18.641182, 124.180504
19.197735, 125.872861
19.755356, 127.560997
20.314003, 129.245242
20.873631, 130.925894
21.434198, 132.603221
21.995661, 134.277464
22.557976, 135.948842
23.121102, 137.617554
23.684996, 139.283781
24.249614, 140.947687
24.814915, 142.609423
25.380855, 144.269127
25.947393, 145.926925
26.514487, 147.582933
27.082092, 149.237257
27.650168, 150.889997
28.218672, 152.541244
28.787561, 154.191080
29.356794, 155.839586
29.926328, 157.486832
30.496120, 159.132885
31.066129, 160.777809
31.636313, 162.421662
32.206628, 164.064497
32.777033, 165.706365
33.347486, 167.347313
33.917944, 168.987387
34.488366, 170.626626
35.058709, 172.265071
35.628931, 173.902758
36.198990, 175.539720
36.768844, 177.175990
37.338452, 178.811599
37.907770, 180.446575
38.476758, 182.080944
39.045373, 183.714733
39.613573, 185.347966
40.181317, 186.980665
40.748563, 188.612851
41.315268, 190.244546
41.881392, 191.875767
42.446893, 193.506534
43.011729, 195.136864
43.575859, 196.766773
44.139240, 198.396277
44.701833, 200.025391
45.263594, 201.654129
45.824484, 203.282504
46.384461, 204.910529
46.943484, 206.538217
47.501511, 208.165578
48.058502, 209.792625
48.614415, 211.419367
49.169211, 213.045815
49.722848, 214.671979
50.275285, 216.297867
50.826483, 217.923489
51.376400, 219.548852
51.924996, 221.173966
52.472231, 222.798837
53.018065, 224.423474
53.562457, 226.047883
54.105368, 227.672071
54.646758, 229.296045
55.186588, 230.919810
55.724816, 232.543374
56.261405, 234.166742
56.796315, 235.789918
57.329505, 237.412910
57.860938, 239.035721
58.390575, 240.658357
58.918376, 242.280823
59.444302, 243.903122
59.968316, 245.525260
60.490378, 247.147241
61.010451, 248.769069
61.528496, 250.390748
62.044476, 252.012281
62.558351, 253.633672
63.070086, 255.254925
63.579641, 256.876043
64.086981, 258.497030
64.592067, 260.117888
65.094862, 261.738621
65.595330, 263.359231
66.093434, 264.979723
66.589138, 266.600097
67.082405, 268.220357
67.573198, 269.840506
68.061483, 271.460546
68.547223, 273.080480
69.030382, 274.700309
69.510925, 276.320036
69.988817, 277.939663
70.464023, 279.559193
70.936507, 281.178627
71.406236, 282.797968
71.873175, 284.417217
72.337290, 286.036376
72.798546, 287.655447
##END=
