##TITLE= Parameter file, TopSpin 4.3.0
##JCAMPDX= 5.0
##DATATYPE= Parameter Values
##ORIGIN= Bruker BioSpin GmbH
##OWNER= nmrsu
$$ 2024-04-15 19:03:47.489 +0100  nmrsu@4CE1161FJM
$$ C:/Bruker/TopSpin4.3.0/exp/stan/nmr/lists/wave/user/multisupp_aux_d8
$$ process C:\Bruker\TopSpin4.3.0\prog\mod\xwinshape.exe
##MINX= 0.60958300
##MAXX= 99.99938900
##MINY= 0.11072000
##MAXY= 359.88928000
##$SHAPE_ADDPHASE= 0
##$SHAPE_AMP= 99.99938933
##$SHAPE_BWFAC= 0
##$SHAPE_BWFAC50= 0
##$SHAPE_CALCBW= yes
##$SHAPE_CALCINTEG= yes
##$SHAPE_EXMODE= <Excitation>
##$SHAPE_EXPAND= <>
##$SHAPE_EXPANDCF= (0..143)
0 0 0 0 0 0 0 0 0 0 0 0 0 0 0 0 0 0 0 0 0 0 0 0 0 0 0 0 0 0 0 0 0 0 0 0
0 0 0 0 0 0 0 0 0 0 0 0 0 0 0 0 0 0 0 0 0 0 0 0 0 0 0 0 0 0 0 0 0 0 0 0
0 0 0 0 0 0 0 0 0 0 0 0 0 0 0 0 0 0 0 0 0 0 0 0 0 0 0 0 0 0 0 0 0 0 0 0
0 0 0 0 0 0 0 0 0 0 0 0 0 0 0 0 0 0 0 0 0 0 0 0 0 0 0 0 0 0 0 0 0 0 0 0
##$SHAPE_EXPFAC= 0
##$SHAPE_FRACEND= 0
##$SHAPE_FRACORG= 0
##$SHAPE_FRACSTART= 0
##$SHAPE_INTEGFAC= 0
##$SHAPE_KEEPRES= yes
##$SHAPE_LENGTH= 25000.000373
##$SHAPE_MAN= <M>
##$SHAPE_MODE= 3
##$SHAPE_MODFREQ= 0
##$SHAPE_MODPHASE= 0
##$SHAPE_MODSCALE= 0
##$SHAPE_MODSW= 0
##$SHAPE_MODSWDIR= -1
##$SHAPE_NPOINTS= 1250
##$SHAPE_OFFS= <1 3>
##$SHAPE_OFFSCOEFF= (0..95)
-159.48167 0 100 -227.01164 0 100 -295.72288 0 100 0 0 0 0 0 0 0 0 0 0
0 0 0 0 0 0 0 0 0 0 0 0 0 0 0 0 0 0 0 0 0 0 0 0 0 0 0 0 0 0 0 0 0 0 0 0
0 0 0 0 0 0 0 0 0 0 0 0 0 0 0 0 0 0 0 0 0 0 0 0 0 0 0 0 0 0 0 0 0 0 0 0
0 0 0 0 0
##$SHAPE_PARAMETER= <>
##$SHAPE_REPHFAC= 0
##$SHAPE_RES= 0
##$SHAPE_SCALEFAC= 1.00000611
##$SHAPE_SCALETYPE= 0
##$SHAPE_SPOAL= 0
##$SHAPE_SPOFFS= 0
##$SHAPE_SPOPH= 0
##$SHAPE_TOTROT= 90
##$SHAPE_TYPE= <Excitation>
##$SHAPE_USER_DEF= <>
##$SHAPE_VERSION= 2.1
##$SHL_ADDPHASE= (0..15)
0 0 0 0 0 0 0 0 0 0 0 0 0 0 0 0
##$SHL_ALIGNOFFSET= (0..15)
0 0 0 0 0 0 0 0 0 0 0 0 0 0 0 0
##$SHL_AMP= (0..15)
100 0 0 0 0 0 0 0 0 0 0 0 0 0 0 0
##$SHL_AMPFAC= (0..15)
0 0 0 0 0 0 0 0 0 0 0 0 0 0 0 0
##$SHL_BETA= (0..15)
0 0 0 0 0 0 0 0 0 0 0 0 0 0 0 0
##$SHL_BWFAC= (0..15)
1.116 0 0 0 0 0 0 0 0 0 0 0 0 0 0 0
##$SHL_CALCBW= (0..15)
yes yes yes yes yes yes yes yes yes yes yes yes yes yes yes yes
##$SHL_CALCINTEG= (0..15)
yes yes yes yes yes yes yes yes yes yes yes yes yes yes yes yes
##$SHL_CENTERAMP= (0..15)
0 0 0 0 0 0 0 0 0 0 0 0 0 0 0 0
##$SHL_CYCNUM= (0..15)
0 0 0 0 0 0 0 0 0 0 0 0 0 0 0 0
##$SHL_DIPOLCPL= (0..15)
0 0 0 0 0 0 0 0 0 0 0 0 0 0 0 0
##$SHL_ENDAMP= (0..15)
0 0 0 0 0 0 0 0 0 0 0 0 0 0 0 0
##$SHL_EXMODE= (0..15)
<Excitation> <> <> <> <> <> <> <> <> <> <> <> <> <> <> <>
##$SHL_EXPAND= (0..15)
<> <> <> <> <> <> <> <> <> <> <> <> <> <> <> <>
##$SHL_EXPANDCF0= (0..143)
0 0 0 0 0 0 0 0 0 0 0 0 0 0 0 0 0 0 0 0 0 0 0 0 0 0 0 0 0 0 0 0 0 0 0 0
0 0 0 0 0 0 0 0 0 0 0 0 0 0 0 0 0 0 0 0 0 0 0 0 0 0 0 0 0 0 0 0 0 0 0 0
0 0 0 0 0 0 0 0 0 0 0 0 0 0 0 0 0 0 0 0 0 0 0 0 0 0 0 0 0 0 0 0 0 0 0 0
0 0 0 0 0 0 0 0 0 0 0 0 0 0 0 0 0 0 0 0 0 0 0 0 0 0 0 0 0 0 0 0 0 0 0 0
##$SHL_EXPANDCF1= (0..143)
0 0 0 0 0 0 0 0 0 0 0 0 0 0 0 0 0 0 0 0 0 0 0 0 0 0 0 0 0 0 0 0 0 0 0 0
0 0 0 0 0 0 0 0 0 0 0 0 0 0 0 0 0 0 0 0 0 0 0 0 0 0 0 0 0 0 0 0 0 0 0 0
0 0 0 0 0 0 0 0 0 0 0 0 0 0 0 0 0 0 0 0 0 0 0 0 0 0 0 0 0 0 0 0 0 0 0 0
0 0 0 0 0 0 0 0 0 0 0 0 0 0 0 0 0 0 0 0 0 0 0 0 0 0 0 0 0 0 0 0 0 0 0 0
##$SHL_EXPANDCF10= (0..143)
0 0 0 0 0 0 0 0 0 0 0 0 0 0 0 0 0 0 0 0 0 0 0 0 0 0 0 0 0 0 0 0 0 0 0 0
0 0 0 0 0 0 0 0 0 0 0 0 0 0 0 0 0 0 0 0 0 0 0 0 0 0 0 0 0 0 0 0 0 0 0 0
0 0 0 0 0 0 0 0 0 0 0 0 0 0 0 0 0 0 0 0 0 0 0 0 0 0 0 0 0 0 0 0 0 0 0 0
0 0 0 0 0 0 0 0 0 0 0 0 0 0 0 0 0 0 0 0 0 0 0 0 0 0 0 0 0 0 0 0 0 0 0 0
##$SHL_EXPANDCF11= (0..143)
0 0 0 0 0 0 0 0 0 0 0 0 0 0 0 0 0 0 0 0 0 0 0 0 0 0 0 0 0 0 0 0 0 0 0 0
0 0 0 0 0 0 0 0 0 0 0 0 0 0 0 0 0 0 0 0 0 0 0 0 0 0 0 0 0 0 0 0 0 0 0 0
0 0 0 0 0 0 0 0 0 0 0 0 0 0 0 0 0 0 0 0 0 0 0 0 0 0 0 0 0 0 0 0 0 0 0 0
0 0 0 0 0 0 0 0 0 0 0 0 0 0 0 0 0 0 0 0 0 0 0 0 0 0 0 0 0 0 0 0 0 0 0 0
##$SHL_EXPANDCF12= (0..143)
0 0 0 0 0 0 0 0 0 0 0 0 0 0 0 0 0 0 0 0 0 0 0 0 0 0 0 0 0 0 0 0 0 0 0 0
0 0 0 0 0 0 0 0 0 0 0 0 0 0 0 0 0 0 0 0 0 0 0 0 0 0 0 0 0 0 0 0 0 0 0 0
0 0 0 0 0 0 0 0 0 0 0 0 0 0 0 0 0 0 0 0 0 0 0 0 0 0 0 0 0 0 0 0 0 0 0 0
0 0 0 0 0 0 0 0 0 0 0 0 0 0 0 0 0 0 0 0 0 0 0 0 0 0 0 0 0 0 0 0 0 0 0 0
##$SHL_EXPANDCF13= (0..143)
0 0 0 0 0 0 0 0 0 0 0 0 0 0 0 0 0 0 0 0 0 0 0 0 0 0 0 0 0 0 0 0 0 0 0 0
0 0 0 0 0 0 0 0 0 0 0 0 0 0 0 0 0 0 0 0 0 0 0 0 0 0 0 0 0 0 0 0 0 0 0 0
0 0 0 0 0 0 0 0 0 0 0 0 0 0 0 0 0 0 0 0 0 0 0 0 0 0 0 0 0 0 0 0 0 0 0 0
0 0 0 0 0 0 0 0 0 0 0 0 0 0 0 0 0 0 0 0 0 0 0 0 0 0 0 0 0 0 0 0 0 0 0 0
##$SHL_EXPANDCF14= (0..143)
0 0 0 0 0 0 0 0 0 0 0 0 0 0 0 0 0 0 0 0 0 0 0 0 0 0 0 0 0 0 0 0 0 0 0 0
0 0 0 0 0 0 0 0 0 0 0 0 0 0 0 0 0 0 0 0 0 0 0 0 0 0 0 0 0 0 0 0 0 0 0 0
0 0 0 0 0 0 0 0 0 0 0 0 0 0 0 0 0 0 0 0 0 0 0 0 0 0 0 0 0 0 0 0 0 0 0 0
0 0 0 0 0 0 0 0 0 0 0 0 0 0 0 0 0 0 0 0 0 0 0 0 0 0 0 0 0 0 0 0 0 0 0 0
##$SHL_EXPANDCF15= (0..143)
0 0 0 0 0 0 0 0 0 0 0 0 0 0 0 0 0 0 0 0 0 0 0 0 0 0 0 0 0 0 0 0 0 0 0 0
0 0 0 0 0 0 0 0 0 0 0 0 0 0 0 0 0 0 0 0 0 0 0 0 0 0 0 0 0 0 0 0 0 0 0 0
0 0 0 0 0 0 0 0 0 0 0 0 0 0 0 0 0 0 0 0 0 0 0 0 0 0 0 0 0 0 0 0 0 0 0 0
0 0 0 0 0 0 0 0 0 0 0 0 0 0 0 0 0 0 0 0 0 0 0 0 0 0 0 0 0 0 0 0 0 0 0 0
##$SHL_EXPANDCF2= (0..143)
0 0 0 0 0 0 0 0 0 0 0 0 0 0 0 0 0 0 0 0 0 0 0 0 0 0 0 0 0 0 0 0 0 0 0 0
0 0 0 0 0 0 0 0 0 0 0 0 0 0 0 0 0 0 0 0 0 0 0 0 0 0 0 0 0 0 0 0 0 0 0 0
0 0 0 0 0 0 0 0 0 0 0 0 0 0 0 0 0 0 0 0 0 0 0 0 0 0 0 0 0 0 0 0 0 0 0 0
0 0 0 0 0 0 0 0 0 0 0 0 0 0 0 0 0 0 0 0 0 0 0 0 0 0 0 0 0 0 0 0 0 0 0 0
##$SHL_EXPANDCF3= (0..143)
0 0 0 0 0 0 0 0 0 0 0 0 0 0 0 0 0 0 0 0 0 0 0 0 0 0 0 0 0 0 0 0 0 0 0 0
0 0 0 0 0 0 0 0 0 0 0 0 0 0 0 0 0 0 0 0 0 0 0 0 0 0 0 0 0 0 0 0 0 0 0 0
0 0 0 0 0 0 0 0 0 0 0 0 0 0 0 0 0 0 0 0 0 0 0 0 0 0 0 0 0 0 0 0 0 0 0 0
0 0 0 0 0 0 0 0 0 0 0 0 0 0 0 0 0 0 0 0 0 0 0 0 0 0 0 0 0 0 0 0 0 0 0 0
##$SHL_EXPANDCF4= (0..143)
0 0 0 0 0 0 0 0 0 0 0 0 0 0 0 0 0 0 0 0 0 0 0 0 0 0 0 0 0 0 0 0 0 0 0 0
0 0 0 0 0 0 0 0 0 0 0 0 0 0 0 0 0 0 0 0 0 0 0 0 0 0 0 0 0 0 0 0 0 0 0 0
0 0 0 0 0 0 0 0 0 0 0 0 0 0 0 0 0 0 0 0 0 0 0 0 0 0 0 0 0 0 0 0 0 0 0 0
0 0 0 0 0 0 0 0 0 0 0 0 0 0 0 0 0 0 0 0 0 0 0 0 0 0 0 0 0 0 0 0 0 0 0 0
##$SHL_EXPANDCF5= (0..143)
0 0 0 0 0 0 0 0 0 0 0 0 0 0 0 0 0 0 0 0 0 0 0 0 0 0 0 0 0 0 0 0 0 0 0 0
0 0 0 0 0 0 0 0 0 0 0 0 0 0 0 0 0 0 0 0 0 0 0 0 0 0 0 0 0 0 0 0 0 0 0 0
0 0 0 0 0 0 0 0 0 0 0 0 0 0 0 0 0 0 0 0 0 0 0 0 0 0 0 0 0 0 0 0 0 0 0 0
0 0 0 0 0 0 0 0 0 0 0 0 0 0 0 0 0 0 0 0 0 0 0 0 0 0 0 0 0 0 0 0 0 0 0 0
##$SHL_EXPANDCF6= (0..143)
0 0 0 0 0 0 0 0 0 0 0 0 0 0 0 0 0 0 0 0 0 0 0 0 0 0 0 0 0 0 0 0 0 0 0 0
0 0 0 0 0 0 0 0 0 0 0 0 0 0 0 0 0 0 0 0 0 0 0 0 0 0 0 0 0 0 0 0 0 0 0 0
0 0 0 0 0 0 0 0 0 0 0 0 0 0 0 0 0 0 0 0 0 0 0 0 0 0 0 0 0 0 0 0 0 0 0 0
0 0 0 0 0 0 0 0 0 0 0 0 0 0 0 0 0 0 0 0 0 0 0 0 0 0 0 0 0 0 0 0 0 0 0 0
##$SHL_EXPANDCF7= (0..143)
0 0 0 0 0 0 0 0 0 0 0 0 0 0 0 0 0 0 0 0 0 0 0 0 0 0 0 0 0 0 0 0 0 0 0 0
0 0 0 0 0 0 0 0 0 0 0 0 0 0 0 0 0 0 0 0 0 0 0 0 0 0 0 0 0 0 0 0 0 0 0 0
0 0 0 0 0 0 0 0 0 0 0 0 0 0 0 0 0 0 0 0 0 0 0 0 0 0 0 0 0 0 0 0 0 0 0 0
0 0 0 0 0 0 0 0 0 0 0 0 0 0 0 0 0 0 0 0 0 0 0 0 0 0 0 0 0 0 0 0 0 0 0 0
##$SHL_EXPANDCF8= (0..143)
0 0 0 0 0 0 0 0 0 0 0 0 0 0 0 0 0 0 0 0 0 0 0 0 0 0 0 0 0 0 0 0 0 0 0 0
0 0 0 0 0 0 0 0 0 0 0 0 0 0 0 0 0 0 0 0 0 0 0 0 0 0 0 0 0 0 0 0 0 0 0 0
0 0 0 0 0 0 0 0 0 0 0 0 0 0 0 0 0 0 0 0 0 0 0 0 0 0 0 0 0 0 0 0 0 0 0 0
0 0 0 0 0 0 0 0 0 0 0 0 0 0 0 0 0 0 0 0 0 0 0 0 0 0 0 0 0 0 0 0 0 0 0 0
##$SHL_EXPANDCF9= (0..143)
0 0 0 0 0 0 0 0 0 0 0 0 0 0 0 0 0 0 0 0 0 0 0 0 0 0 0 0 0 0 0 0 0 0 0 0
0 0 0 0 0 0 0 0 0 0 0 0 0 0 0 0 0 0 0 0 0 0 0 0 0 0 0 0 0 0 0 0 0 0 0 0
0 0 0 0 0 0 0 0 0 0 0 0 0 0 0 0 0 0 0 0 0 0 0 0 0 0 0 0 0 0 0 0 0 0 0 0
0 0 0 0 0 0 0 0 0 0 0 0 0 0 0 0 0 0 0 0 0 0 0 0 0 0 0 0 0 0 0 0 0 0 0 0
##$SHL_EXPFAC= (0..15)
0 0 0 0 0 0 0 0 0 0 0 0 0 0 0 0
##$SHL_FRACEND= (0..15)
0 0 0 0 0 0 0 0 0 0 0 0 0 0 0 0
##$SHL_FRACORG= (0..15)
0 0 0 0 0 0 0 0 0 0 0 0 0 0 0 0
##$SHL_FRACSTART= (0..15)
0 0 0 0 0 0 0 0 0 0 0 0 0 0 0 0
##$SHL_FULLHALF= (0..15)
0 0 0 0 0 0 0 0 0 0 0 0 0 0 0 0
##$SHL_FUNCAMP= (0..15)
100 0 0 0 0 0 0 0 0 0 0 0 0 0 0 0
##$SHL_FUNCTION= (0..15)
<Rectangle> <> <> <> <> <> <> <> <> <> <> <> <> <> <> <>
##$SHL_GCO= (0..15)
<> <> <> <> <> <> <> <> <> <> <> <> <> <> <> <>
##$SHL_GCOCOEFFS0= (0..59)
0 0 0 0 0 0 0 0 0 0 0 0 0 0 0 0 0 0 0 0 0 0 0 0 0 0 0 0 0 0 0 0 0 0 0 0
0 0 0 0 0 0 0 0 0 0 0 0 0 0 0 0 0 0 0 0 0 0 0 0
##$SHL_GCOCOEFFS1= (0..59)
0 0 0 0 0 0 0 0 0 0 0 0 0 0 0 0 0 0 0 0 0 0 0 0 0 0 0 0 0 0 0 0 0 0 0 0
0 0 0 0 0 0 0 0 0 0 0 0 0 0 0 0 0 0 0 0 0 0 0 0
##$SHL_GCOCOEFFS10= (0..59)
0 0 0 0 0 0 0 0 0 0 0 0 0 0 0 0 0 0 0 0 0 0 0 0 0 0 0 0 0 0 0 0 0 0 0 0
0 0 0 0 0 0 0 0 0 0 0 0 0 0 0 0 0 0 0 0 0 0 0 0
##$SHL_GCOCOEFFS11= (0..59)
0 0 0 0 0 0 0 0 0 0 0 0 0 0 0 0 0 0 0 0 0 0 0 0 0 0 0 0 0 0 0 0 0 0 0 0
0 0 0 0 0 0 0 0 0 0 0 0 0 0 0 0 0 0 0 0 0 0 0 0
##$SHL_GCOCOEFFS12= (0..59)
0 0 0 0 0 0 0 0 0 0 0 0 0 0 0 0 0 0 0 0 0 0 0 0 0 0 0 0 0 0 0 0 0 0 0 0
0 0 0 0 0 0 0 0 0 0 0 0 0 0 0 0 0 0 0 0 0 0 0 0
##$SHL_GCOCOEFFS13= (0..59)
0 0 0 0 0 0 0 0 0 0 0 0 0 0 0 0 0 0 0 0 0 0 0 0 0 0 0 0 0 0 0 0 0 0 0 0
0 0 0 0 0 0 0 0 0 0 0 0 0 0 0 0 0 0 0 0 0 0 0 0
##$SHL_GCOCOEFFS14= (0..59)
0 0 0 0 0 0 0 0 0 0 0 0 0 0 0 0 0 0 0 0 0 0 0 0 0 0 0 0 0 0 0 0 0 0 0 0
0 0 0 0 0 0 0 0 0 0 0 0 0 0 0 0 0 0 0 0 0 0 0 0
##$SHL_GCOCOEFFS15= (0..59)
0 0 0 0 0 0 0 0 0 0 0 0 0 0 0 0 0 0 0 0 0 0 0 0 0 0 0 0 0 0 0 0 0 0 0 0
0 0 0 0 0 0 0 0 0 0 0 0 0 0 0 0 0 0 0 0 0 0 0 0
##$SHL_GCOCOEFFS2= (0..59)
0 0 0 0 0 0 0 0 0 0 0 0 0 0 0 0 0 0 0 0 0 0 0 0 0 0 0 0 0 0 0 0 0 0 0 0
0 0 0 0 0 0 0 0 0 0 0 0 0 0 0 0 0 0 0 0 0 0 0 0
##$SHL_GCOCOEFFS3= (0..59)
0 0 0 0 0 0 0 0 0 0 0 0 0 0 0 0 0 0 0 0 0 0 0 0 0 0 0 0 0 0 0 0 0 0 0 0
0 0 0 0 0 0 0 0 0 0 0 0 0 0 0 0 0 0 0 0 0 0 0 0
##$SHL_GCOCOEFFS4= (0..59)
0 0 0 0 0 0 0 0 0 0 0 0 0 0 0 0 0 0 0 0 0 0 0 0 0 0 0 0 0 0 0 0 0 0 0 0
0 0 0 0 0 0 0 0 0 0 0 0 0 0 0 0 0 0 0 0 0 0 0 0
##$SHL_GCOCOEFFS5= (0..59)
0 0 0 0 0 0 0 0 0 0 0 0 0 0 0 0 0 0 0 0 0 0 0 0 0 0 0 0 0 0 0 0 0 0 0 0
0 0 0 0 0 0 0 0 0 0 0 0 0 0 0 0 0 0 0 0 0 0 0 0
##$SHL_GCOCOEFFS6= (0..59)
0 0 0 0 0 0 0 0 0 0 0 0 0 0 0 0 0 0 0 0 0 0 0 0 0 0 0 0 0 0 0 0 0 0 0 0
0 0 0 0 0 0 0 0 0 0 0 0 0 0 0 0 0 0 0 0 0 0 0 0
##$SHL_GCOCOEFFS7= (0..59)
0 0 0 0 0 0 0 0 0 0 0 0 0 0 0 0 0 0 0 0 0 0 0 0 0 0 0 0 0 0 0 0 0 0 0 0
0 0 0 0 0 0 0 0 0 0 0 0 0 0 0 0 0 0 0 0 0 0 0 0
##$SHL_GCOCOEFFS8= (0..59)
0 0 0 0 0 0 0 0 0 0 0 0 0 0 0 0 0 0 0 0 0 0 0 0 0 0 0 0 0 0 0 0 0 0 0 0
0 0 0 0 0 0 0 0 0 0 0 0 0 0 0 0 0 0 0 0 0 0 0 0
##$SHL_GCOCOEFFS9= (0..59)
0 0 0 0 0 0 0 0 0 0 0 0 0 0 0 0 0 0 0 0 0 0 0 0 0 0 0 0 0 0 0 0 0 0 0 0
0 0 0 0 0 0 0 0 0 0 0 0 0 0 0 0 0 0 0 0 0 0 0 0
##$SHL_INTEGFAC= (0..15)
1 0 0 0 0 0 0 0 0 0 0 0 0 0 0 0
##$SHL_LB= (0..15)
0 0 0 0 0 0 0 0 0 0 0 0 0 0 0 0
##$SHL_LEFTLIMIT= (0..15)
0 0 0 0 0 0 0 0 0 0 0 0 0 0 0 0
##$SHL_LENGTH= (0..15)
25000.000373 0 0 0 0 0 0 0 0 0 0 0 0 0 0 0
##$SHL_MAN= (0..15)
<> <> <> <> <> <> <> <> <> <> <> <> <> <> <> <>
##$SHL_MEANAMP= (0..15)
0 0 0 0 0 0 0 0 0 0 0 0 0 0 0 0
##$SHL_MODAMP= (0..15)
0 0 0 0 0 0 0 0 0 0 0 0 0 0 0 0
##$SHL_MODE= (0..15)
0 0 0 0 0 0 0 0 0 0 0 0 0 0 0 0
##$SHL_MODFREQ= (0..15)
0 0 0 0 0 0 0 0 0 0 0 0 0 0 0 0
##$SHL_MODPHASE= (0..15)
0 0 0 0 0 0 0 0 0 0 0 0 0 0 0 0
##$SHL_MODSCALE= (0..15)
0 0 0 0 0 0 0 0 0 0 0 0 0 0 0 0
##$SHL_MODSW= (0..15)
0 0 0 0 0 0 0 0 0 0 0 0 0 0 0 0
##$SHL_MODSWDIR= (0..15)
-1 -1 -1 -1 -1 -1 -1 -1 -1 -1 -1 -1 -1 -1 -1 -1
##$SHL_MU= (0..15)
0 0 0 0 0 0 0 0 0 0 0 0 0 0 0 0
##$SHL_NPOINTS= (0..15)
1250 0 0 0 0 0 0 0 0 0 0 0 0 0 0 0
##$SHL_OFFS= (0..15)
<> <> <> <> <> <> <> <> <> <> <> <> <> <> <> <>
##$SHL_OFFSCOEFF0= (0..95)
0 0 0 0 0 0 0 0 0 0 0 0 0 0 0 0 0 0 0 0 0 0 0 0 0 0 0 0 0 0 0 0 0 0 0 0
0 0 0 0 0 0 0 0 0 0 0 0 0 0 0 0 0 0 0 0 0 0 0 0 0 0 0 0 0 0 0 0 0 0 0 0
0 0 0 0 0 0 0 0 0 0 0 0 0 0 0 0 0 0 0 0 0 0 0 0
##$SHL_OFFSCOEFF1= (0..95)
0 0 0 0 0 0 0 0 0 0 0 0 0 0 0 0 0 0 0 0 0 0 0 0 0 0 0 0 0 0 0 0 0 0 0 0
0 0 0 0 0 0 0 0 0 0 0 0 0 0 0 0 0 0 0 0 0 0 0 0 0 0 0 0 0 0 0 0 0 0 0 0
0 0 0 0 0 0 0 0 0 0 0 0 0 0 0 0 0 0 0 0 0 0 0 0
##$SHL_OFFSCOEFF10= (0..95)
0 0 0 0 0 0 0 0 0 0 0 0 0 0 0 0 0 0 0 0 0 0 0 0 0 0 0 0 0 0 0 0 0 0 0 0
0 0 0 0 0 0 0 0 0 0 0 0 0 0 0 0 0 0 0 0 0 0 0 0 0 0 0 0 0 0 0 0 0 0 0 0
0 0 0 0 0 0 0 0 0 0 0 0 0 0 0 0 0 0 0 0 0 0 0 0
##$SHL_OFFSCOEFF11= (0..95)
0 0 0 0 0 0 0 0 0 0 0 0 0 0 0 0 0 0 0 0 0 0 0 0 0 0 0 0 0 0 0 0 0 0 0 0
0 0 0 0 0 0 0 0 0 0 0 0 0 0 0 0 0 0 0 0 0 0 0 0 0 0 0 0 0 0 0 0 0 0 0 0
0 0 0 0 0 0 0 0 0 0 0 0 0 0 0 0 0 0 0 0 0 0 0 0
##$SHL_OFFSCOEFF12= (0..95)
0 0 0 0 0 0 0 0 0 0 0 0 0 0 0 0 0 0 0 0 0 0 0 0 0 0 0 0 0 0 0 0 0 0 0 0
0 0 0 0 0 0 0 0 0 0 0 0 0 0 0 0 0 0 0 0 0 0 0 0 0 0 0 0 0 0 0 0 0 0 0 0
0 0 0 0 0 0 0 0 0 0 0 0 0 0 0 0 0 0 0 0 0 0 0 0
##$SHL_OFFSCOEFF13= (0..95)
0 0 0 0 0 0 0 0 0 0 0 0 0 0 0 0 0 0 0 0 0 0 0 0 0 0 0 0 0 0 0 0 0 0 0 0
0 0 0 0 0 0 0 0 0 0 0 0 0 0 0 0 0 0 0 0 0 0 0 0 0 0 0 0 0 0 0 0 0 0 0 0
0 0 0 0 0 0 0 0 0 0 0 0 0 0 0 0 0 0 0 0 0 0 0 0
##$SHL_OFFSCOEFF14= (0..95)
0 0 0 0 0 0 0 0 0 0 0 0 0 0 0 0 0 0 0 0 0 0 0 0 0 0 0 0 0 0 0 0 0 0 0 0
0 0 0 0 0 0 0 0 0 0 0 0 0 0 0 0 0 0 0 0 0 0 0 0 0 0 0 0 0 0 0 0 0 0 0 0
0 0 0 0 0 0 0 0 0 0 0 0 0 0 0 0 0 0 0 0 0 0 0 0
##$SHL_OFFSCOEFF15= (0..95)
0 0 0 0 0 0 0 0 0 0 0 0 0 0 0 0 0 0 0 0 0 0 0 0 0 0 0 0 0 0 0 0 0 0 0 0
0 0 0 0 0 0 0 0 0 0 0 0 0 0 0 0 0 0 0 0 0 0 0 0 0 0 0 0 0 0 0 0 0 0 0 0
0 0 0 0 0 0 0 0 0 0 0 0 0 0 0 0 0 0 0 0 0 0 0 0
##$SHL_OFFSCOEFF2= (0..95)
0 0 0 0 0 0 0 0 0 0 0 0 0 0 0 0 0 0 0 0 0 0 0 0 0 0 0 0 0 0 0 0 0 0 0 0
0 0 0 0 0 0 0 0 0 0 0 0 0 0 0 0 0 0 0 0 0 0 0 0 0 0 0 0 0 0 0 0 0 0 0 0
0 0 0 0 0 0 0 0 0 0 0 0 0 0 0 0 0 0 0 0 0 0 0 0
##$SHL_OFFSCOEFF3= (0..95)
0 0 0 0 0 0 0 0 0 0 0 0 0 0 0 0 0 0 0 0 0 0 0 0 0 0 0 0 0 0 0 0 0 0 0 0
0 0 0 0 0 0 0 0 0 0 0 0 0 0 0 0 0 0 0 0 0 0 0 0 0 0 0 0 0 0 0 0 0 0 0 0
0 0 0 0 0 0 0 0 0 0 0 0 0 0 0 0 0 0 0 0 0 0 0 0
##$SHL_OFFSCOEFF4= (0..95)
0 0 0 0 0 0 0 0 0 0 0 0 0 0 0 0 0 0 0 0 0 0 0 0 0 0 0 0 0 0 0 0 0 0 0 0
0 0 0 0 0 0 0 0 0 0 0 0 0 0 0 0 0 0 0 0 0 0 0 0 0 0 0 0 0 0 0 0 0 0 0 0
0 0 0 0 0 0 0 0 0 0 0 0 0 0 0 0 0 0 0 0 0 0 0 0
##$SHL_OFFSCOEFF5= (0..95)
0 0 0 0 0 0 0 0 0 0 0 0 0 0 0 0 0 0 0 0 0 0 0 0 0 0 0 0 0 0 0 0 0 0 0 0
0 0 0 0 0 0 0 0 0 0 0 0 0 0 0 0 0 0 0 0 0 0 0 0 0 0 0 0 0 0 0 0 0 0 0 0
0 0 0 0 0 0 0 0 0 0 0 0 0 0 0 0 0 0 0 0 0 0 0 0
##$SHL_OFFSCOEFF6= (0..95)
0 0 0 0 0 0 0 0 0 0 0 0 0 0 0 0 0 0 0 0 0 0 0 0 0 0 0 0 0 0 0 0 0 0 0 0
0 0 0 0 0 0 0 0 0 0 0 0 0 0 0 0 0 0 0 0 0 0 0 0 0 0 0 0 0 0 0 0 0 0 0 0
0 0 0 0 0 0 0 0 0 0 0 0 0 0 0 0 0 0 0 0 0 0 0 0
##$SHL_OFFSCOEFF7= (0..95)
0 0 0 0 0 0 0 0 0 0 0 0 0 0 0 0 0 0 0 0 0 0 0 0 0 0 0 0 0 0 0 0 0 0 0 0
0 0 0 0 0 0 0 0 0 0 0 0 0 0 0 0 0 0 0 0 0 0 0 0 0 0 0 0 0 0 0 0 0 0 0 0
0 0 0 0 0 0 0 0 0 0 0 0 0 0 0 0 0 0 0 0 0 0 0 0
##$SHL_OFFSCOEFF8= (0..95)
0 0 0 0 0 0 0 0 0 0 0 0 0 0 0 0 0 0 0 0 0 0 0 0 0 0 0 0 0 0 0 0 0 0 0 0
0 0 0 0 0 0 0 0 0 0 0 0 0 0 0 0 0 0 0 0 0 0 0 0 0 0 0 0 0 0 0 0 0 0 0 0
0 0 0 0 0 0 0 0 0 0 0 0 0 0 0 0 0 0 0 0 0 0 0 0
##$SHL_OFFSCOEFF9= (0..95)
0 0 0 0 0 0 0 0 0 0 0 0 0 0 0 0 0 0 0 0 0 0 0 0 0 0 0 0 0 0 0 0 0 0 0 0
0 0 0 0 0 0 0 0 0 0 0 0 0 0 0 0 0 0 0 0 0 0 0 0 0 0 0 0 0 0 0 0 0 0 0 0
0 0 0 0 0 0 0 0 0 0 0 0 0 0 0 0 0 0 0 0 0 0 0 0
##$SHL_PHASE= (0..15)
0 0 0 0 0 0 0 0 0 0 0 0 0 0 0 0
##$SHL_PHASEFAC= (0..15)
0 0 0 0 0 0 0 0 0 0 0 0 0 0 0 0
##$SHL_POWERINDEX= (0..15)
0 0 0 0 0 0 0 0 0 0 0 0 0 0 0 0
##$SHL_QUADCOEFF= (0..15)
0 0 0 0 0 0 0 0 0 0 0 0 0 0 0 0
##$SHL_RIGHTLIMIT= (0..15)
0 0 0 0 0 0 0 0 0 0 0 0 0 0 0 0
##$SHL_SCALEFACTOR= (0..15)
1 1 1 1 1 1 1 1 1 1 1 1 1 1 1 1
##$SHL_SF= (0..15)
<> <> <> <> <> <> <> <> <> <> <> <> <> <> <> <>
##$SHL_SFCOEFFS0= (0..200)
0 0 0 0 0 0 0 0 0 0 0 0 0 0 0 0 0 0 0 0 0 0 0 0 0 0 0 0 0 0 0 0 0 0 0 0
0 0 0 0 0 0 0 0 0 0 0 0 0 0 0 0 0 0 0 0 0 0 0 0 0 0 0 0 0 0 0 0 0 0 0 0
0 0 0 0 0 0 0 0 0 0 0 0 0 0 0 0 0 0 0 0 0 0 0 0 0 0 0 0 0 0 0 0 0 0 0 0
0 0 0 0 0 0 0 0 0 0 0 0 0 0 0 0 0 0 0 0 0 0 0 0 0 0 0 0 0 0 0 0 0 0 0 0
0 0 0 0 0 0 0 0 0 0 0 0 0 0 0 0 0 0 0 0 0 0 0 0 0 0 0 0 0 0 0 0 0 0 0 0
0 0 0 0 0 0 0 0 0 0 0 0 0 0 0 0 0 0 0 0 0
##$SHL_SFCOEFFS1= (0..200)
0 0 0 0 0 0 0 0 0 0 0 0 0 0 0 0 0 0 0 0 0 0 0 0 0 0 0 0 0 0 0 0 0 0 0 0
0 0 0 0 0 0 0 0 0 0 0 0 0 0 0 0 0 0 0 0 0 0 0 0 0 0 0 0 0 0 0 0 0 0 0 0
0 0 0 0 0 0 0 0 0 0 0 0 0 0 0 0 0 0 0 0 0 0 0 0 0 0 0 0 0 0 0 0 0 0 0 0
0 0 0 0 0 0 0 0 0 0 0 0 0 0 0 0 0 0 0 0 0 0 0 0 0 0 0 0 0 0 0 0 0 0 0 0
0 0 0 0 0 0 0 0 0 0 0 0 0 0 0 0 0 0 0 0 0 0 0 0 0 0 0 0 0 0 0 0 0 0 0 0
0 0 0 0 0 0 0 0 0 0 0 0 0 0 0 0 0 0 0 0 0
##$SHL_SFCOEFFS10= (0..200)
0 0 0 0 0 0 0 0 0 0 0 0 0 0 0 0 0 0 0 0 0 0 0 0 0 0 0 0 0 0 0 0 0 0 0 0
0 0 0 0 0 0 0 0 0 0 0 0 0 0 0 0 0 0 0 0 0 0 0 0 0 0 0 0 0 0 0 0 0 0 0 0
0 0 0 0 0 0 0 0 0 0 0 0 0 0 0 0 0 0 0 0 0 0 0 0 0 0 0 0 0 0 0 0 0 0 0 0
0 0 0 0 0 0 0 0 0 0 0 0 0 0 0 0 0 0 0 0 0 0 0 0 0 0 0 0 0 0 0 0 0 0 0 0
0 0 0 0 0 0 0 0 0 0 0 0 0 0 0 0 0 0 0 0 0 0 0 0 0 0 0 0 0 0 0 0 0 0 0 0
0 0 0 0 0 0 0 0 0 0 0 0 0 0 0 0 0 0 0 0 0
##$SHL_SFCOEFFS11= (0..200)
0 0 0 0 0 0 0 0 0 0 0 0 0 0 0 0 0 0 0 0 0 0 0 0 0 0 0 0 0 0 0 0 0 0 0 0
0 0 0 0 0 0 0 0 0 0 0 0 0 0 0 0 0 0 0 0 0 0 0 0 0 0 0 0 0 0 0 0 0 0 0 0
0 0 0 0 0 0 0 0 0 0 0 0 0 0 0 0 0 0 0 0 0 0 0 0 0 0 0 0 0 0 0 0 0 0 0 0
0 0 0 0 0 0 0 0 0 0 0 0 0 0 0 0 0 0 0 0 0 0 0 0 0 0 0 0 0 0 0 0 0 0 0 0
0 0 0 0 0 0 0 0 0 0 0 0 0 0 0 0 0 0 0 0 0 0 0 0 0 0 0 0 0 0 0 0 0 0 0 0
0 0 0 0 0 0 0 0 0 0 0 0 0 0 0 0 0 0 0 0 0
##$SHL_SFCOEFFS12= (0..200)
0 0 0 0 0 0 0 0 0 0 0 0 0 0 0 0 0 0 0 0 0 0 0 0 0 0 0 0 0 0 0 0 0 0 0 0
0 0 0 0 0 0 0 0 0 0 0 0 0 0 0 0 0 0 0 0 0 0 0 0 0 0 0 0 0 0 0 0 0 0 0 0
0 0 0 0 0 0 0 0 0 0 0 0 0 0 0 0 0 0 0 0 0 0 0 0 0 0 0 0 0 0 0 0 0 0 0 0
0 0 0 0 0 0 0 0 0 0 0 0 0 0 0 0 0 0 0 0 0 0 0 0 0 0 0 0 0 0 0 0 0 0 0 0
0 0 0 0 0 0 0 0 0 0 0 0 0 0 0 0 0 0 0 0 0 0 0 0 0 0 0 0 0 0 0 0 0 0 0 0
0 0 0 0 0 0 0 0 0 0 0 0 0 0 0 0 0 0 0 0 0
##$SHL_SFCOEFFS13= (0..200)
0 0 0 0 0 0 0 0 0 0 0 0 0 0 0 0 0 0 0 0 0 0 0 0 0 0 0 0 0 0 0 0 0 0 0 0
0 0 0 0 0 0 0 0 0 0 0 0 0 0 0 0 0 0 0 0 0 0 0 0 0 0 0 0 0 0 0 0 0 0 0 0
0 0 0 0 0 0 0 0 0 0 0 0 0 0 0 0 0 0 0 0 0 0 0 0 0 0 0 0 0 0 0 0 0 0 0 0
0 0 0 0 0 0 0 0 0 0 0 0 0 0 0 0 0 0 0 0 0 0 0 0 0 0 0 0 0 0 0 0 0 0 0 0
0 0 0 0 0 0 0 0 0 0 0 0 0 0 0 0 0 0 0 0 0 0 0 0 0 0 0 0 0 0 0 0 0 0 0 0
0 0 0 0 0 0 0 0 0 0 0 0 0 0 0 0 0 0 0 0 0
##$SHL_SFCOEFFS14= (0..200)
0 0 0 0 0 0 0 0 0 0 0 0 0 0 0 0 0 0 0 0 0 0 0 0 0 0 0 0 0 0 0 0 0 0 0 0
0 0 0 0 0 0 0 0 0 0 0 0 0 0 0 0 0 0 0 0 0 0 0 0 0 0 0 0 0 0 0 0 0 0 0 0
0 0 0 0 0 0 0 0 0 0 0 0 0 0 0 0 0 0 0 0 0 0 0 0 0 0 0 0 0 0 0 0 0 0 0 0
0 0 0 0 0 0 0 0 0 0 0 0 0 0 0 0 0 0 0 0 0 0 0 0 0 0 0 0 0 0 0 0 0 0 0 0
0 0 0 0 0 0 0 0 0 0 0 0 0 0 0 0 0 0 0 0 0 0 0 0 0 0 0 0 0 0 0 0 0 0 0 0
0 0 0 0 0 0 0 0 0 0 0 0 0 0 0 0 0 0 0 0 0
##$SHL_SFCOEFFS15= (0..200)
0 0 0 0 0 0 0 0 0 0 0 0 0 0 0 0 0 0 0 0 0 0 0 0 0 0 0 0 0 0 0 0 0 0 0 0
0 0 0 0 0 0 0 0 0 0 0 0 0 0 0 0 0 0 0 0 0 0 0 0 0 0 0 0 0 0 0 0 0 0 0 0
0 0 0 0 0 0 0 0 0 0 0 0 0 0 0 0 0 0 0 0 0 0 0 0 0 0 0 0 0 0 0 0 0 0 0 0
0 0 0 0 0 0 0 0 0 0 0 0 0 0 0 0 0 0 0 0 0 0 0 0 0 0 0 0 0 0 0 0 0 0 0 0
0 0 0 0 0 0 0 0 0 0 0 0 0 0 0 0 0 0 0 0 0 0 0 0 0 0 0 0 0 0 0 0 0 0 0 0
0 0 0 0 0 0 0 0 0 0 0 0 0 0 0 0 0 0 0 0 0
##$SHL_SFCOEFFS2= (0..200)
0 0 0 0 0 0 0 0 0 0 0 0 0 0 0 0 0 0 0 0 0 0 0 0 0 0 0 0 0 0 0 0 0 0 0 0
0 0 0 0 0 0 0 0 0 0 0 0 0 0 0 0 0 0 0 0 0 0 0 0 0 0 0 0 0 0 0 0 0 0 0 0
0 0 0 0 0 0 0 0 0 0 0 0 0 0 0 0 0 0 0 0 0 0 0 0 0 0 0 0 0 0 0 0 0 0 0 0
0 0 0 0 0 0 0 0 0 0 0 0 0 0 0 0 0 0 0 0 0 0 0 0 0 0 0 0 0 0 0 0 0 0 0 0
0 0 0 0 0 0 0 0 0 0 0 0 0 0 0 0 0 0 0 0 0 0 0 0 0 0 0 0 0 0 0 0 0 0 0 0
0 0 0 0 0 0 0 0 0 0 0 0 0 0 0 0 0 0 0 0 0
##$SHL_SFCOEFFS3= (0..200)
0 0 0 0 0 0 0 0 0 0 0 0 0 0 0 0 0 0 0 0 0 0 0 0 0 0 0 0 0 0 0 0 0 0 0 0
0 0 0 0 0 0 0 0 0 0 0 0 0 0 0 0 0 0 0 0 0 0 0 0 0 0 0 0 0 0 0 0 0 0 0 0
0 0 0 0 0 0 0 0 0 0 0 0 0 0 0 0 0 0 0 0 0 0 0 0 0 0 0 0 0 0 0 0 0 0 0 0
0 0 0 0 0 0 0 0 0 0 0 0 0 0 0 0 0 0 0 0 0 0 0 0 0 0 0 0 0 0 0 0 0 0 0 0
0 0 0 0 0 0 0 0 0 0 0 0 0 0 0 0 0 0 0 0 0 0 0 0 0 0 0 0 0 0 0 0 0 0 0 0
0 0 0 0 0 0 0 0 0 0 0 0 0 0 0 0 0 0 0 0 0
##$SHL_SFCOEFFS4= (0..200)
0 0 0 0 0 0 0 0 0 0 0 0 0 0 0 0 0 0 0 0 0 0 0 0 0 0 0 0 0 0 0 0 0 0 0 0
0 0 0 0 0 0 0 0 0 0 0 0 0 0 0 0 0 0 0 0 0 0 0 0 0 0 0 0 0 0 0 0 0 0 0 0
0 0 0 0 0 0 0 0 0 0 0 0 0 0 0 0 0 0 0 0 0 0 0 0 0 0 0 0 0 0 0 0 0 0 0 0
0 0 0 0 0 0 0 0 0 0 0 0 0 0 0 0 0 0 0 0 0 0 0 0 0 0 0 0 0 0 0 0 0 0 0 0
0 0 0 0 0 0 0 0 0 0 0 0 0 0 0 0 0 0 0 0 0 0 0 0 0 0 0 0 0 0 0 0 0 0 0 0
0 0 0 0 0 0 0 0 0 0 0 0 0 0 0 0 0 0 0 0 0
##$SHL_SFCOEFFS5= (0..200)
0 0 0 0 0 0 0 0 0 0 0 0 0 0 0 0 0 0 0 0 0 0 0 0 0 0 0 0 0 0 0 0 0 0 0 0
0 0 0 0 0 0 0 0 0 0 0 0 0 0 0 0 0 0 0 0 0 0 0 0 0 0 0 0 0 0 0 0 0 0 0 0
0 0 0 0 0 0 0 0 0 0 0 0 0 0 0 0 0 0 0 0 0 0 0 0 0 0 0 0 0 0 0 0 0 0 0 0
0 0 0 0 0 0 0 0 0 0 0 0 0 0 0 0 0 0 0 0 0 0 0 0 0 0 0 0 0 0 0 0 0 0 0 0
0 0 0 0 0 0 0 0 0 0 0 0 0 0 0 0 0 0 0 0 0 0 0 0 0 0 0 0 0 0 0 0 0 0 0 0
0 0 0 0 0 0 0 0 0 0 0 0 0 0 0 0 0 0 0 0 0
##$SHL_SFCOEFFS6= (0..200)
0 0 0 0 0 0 0 0 0 0 0 0 0 0 0 0 0 0 0 0 0 0 0 0 0 0 0 0 0 0 0 0 0 0 0 0
0 0 0 0 0 0 0 0 0 0 0 0 0 0 0 0 0 0 0 0 0 0 0 0 0 0 0 0 0 0 0 0 0 0 0 0
0 0 0 0 0 0 0 0 0 0 0 0 0 0 0 0 0 0 0 0 0 0 0 0 0 0 0 0 0 0 0 0 0 0 0 0
0 0 0 0 0 0 0 0 0 0 0 0 0 0 0 0 0 0 0 0 0 0 0 0 0 0 0 0 0 0 0 0 0 0 0 0
0 0 0 0 0 0 0 0 0 0 0 0 0 0 0 0 0 0 0 0 0 0 0 0 0 0 0 0 0 0 0 0 0 0 0 0
0 0 0 0 0 0 0 0 0 0 0 0 0 0 0 0 0 0 0 0 0
##$SHL_SFCOEFFS7= (0..200)
0 0 0 0 0 0 0 0 0 0 0 0 0 0 0 0 0 0 0 0 0 0 0 0 0 0 0 0 0 0 0 0 0 0 0 0
0 0 0 0 0 0 0 0 0 0 0 0 0 0 0 0 0 0 0 0 0 0 0 0 0 0 0 0 0 0 0 0 0 0 0 0
0 0 0 0 0 0 0 0 0 0 0 0 0 0 0 0 0 0 0 0 0 0 0 0 0 0 0 0 0 0 0 0 0 0 0 0
0 0 0 0 0 0 0 0 0 0 0 0 0 0 0 0 0 0 0 0 0 0 0 0 0 0 0 0 0 0 0 0 0 0 0 0
0 0 0 0 0 0 0 0 0 0 0 0 0 0 0 0 0 0 0 0 0 0 0 0 0 0 0 0 0 0 0 0 0 0 0 0
0 0 0 0 0 0 0 0 0 0 0 0 0 0 0 0 0 0 0 0 0
##$SHL_SFCOEFFS8= (0..200)
0 0 0 0 0 0 0 0 0 0 0 0 0 0 0 0 0 0 0 0 0 0 0 0 0 0 0 0 0 0 0 0 0 0 0 0
0 0 0 0 0 0 0 0 0 0 0 0 0 0 0 0 0 0 0 0 0 0 0 0 0 0 0 0 0 0 0 0 0 0 0 0
0 0 0 0 0 0 0 0 0 0 0 0 0 0 0 0 0 0 0 0 0 0 0 0 0 0 0 0 0 0 0 0 0 0 0 0
0 0 0 0 0 0 0 0 0 0 0 0 0 0 0 0 0 0 0 0 0 0 0 0 0 0 0 0 0 0 0 0 0 0 0 0
0 0 0 0 0 0 0 0 0 0 0 0 0 0 0 0 0 0 0 0 0 0 0 0 0 0 0 0 0 0 0 0 0 0 0 0
0 0 0 0 0 0 0 0 0 0 0 0 0 0 0 0 0 0 0 0 0
##$SHL_SFCOEFFS9= (0..200)
0 0 0 0 0 0 0 0 0 0 0 0 0 0 0 0 0 0 0 0 0 0 0 0 0 0 0 0 0 0 0 0 0 0 0 0
0 0 0 0 0 0 0 0 0 0 0 0 0 0 0 0 0 0 0 0 0 0 0 0 0 0 0 0 0 0 0 0 0 0 0 0
0 0 0 0 0 0 0 0 0 0 0 0 0 0 0 0 0 0 0 0 0 0 0 0 0 0 0 0 0 0 0 0 0 0 0 0
0 0 0 0 0 0 0 0 0 0 0 0 0 0 0 0 0 0 0 0 0 0 0 0 0 0 0 0 0 0 0 0 0 0 0 0
0 0 0 0 0 0 0 0 0 0 0 0 0 0 0 0 0 0 0 0 0 0 0 0 0 0 0 0 0 0 0 0 0 0 0 0
0 0 0 0 0 0 0 0 0 0 0 0 0 0 0 0 0 0 0 0 0
##$SHL_SMOOTHED= (0..15)
0 0 0 0 0 0 0 0 0 0 0 0 0 0 0 0
##$SHL_SMOOTHING= (0..15)
0 0 0 0 0 0 0 0 0 0 0 0 0 0 0 0
##$SHL_SPOAL= (0..15)
0 0 0 0 0 0 0 0 0 0 0 0 0 0 0 0
##$SHL_SPOFFS= (0..15)
0 0 0 0 0 0 0 0 0 0 0 0 0 0 0 0
##$SHL_SPOPH= (0..15)
0 0 0 0 0 0 0 0 0 0 0 0 0 0 0 0
##$SHL_STARTAMP= (0..15)
0 0 0 0 0 0 0 0 0 0 0 0 0 0 0 0
##$SHL_SW= (0..15)
0 0 0 0 0 0 0 0 0 0 0 0 0 0 0 0
##$SHL_SWDIR= (0..15)
-1 -1 -1 -1 -1 -1 -1 -1 -1 -1 -1 -1 -1 -1 -1 -1
##$SHL_TANKAPPA= (0..15)
0 0 0 0 0 0 0 0 0 0 0 0 0 0 0 0
##$SHL_TOTROT= (0..15)
90 0 0 0 0 0 0 0 0 0 0 0 0 0 0 0
##$SHL_TRUNCLEV= (0..15)
0 0 0 0 0 0 0 0 0 0 0 0 0 0 0 0
##$SHL_TYPE= (0..15)
<Excitation> <> <> <> <> <> <> <> <> <> <> <> <> <> <> <>
##$SHL_WINDOWSIZE= (0..15)
0 0 0 0 0 0 0 0 0 0 0 0 0 0 0 0
##$SHL_ZETA= (0..15)
0 0 0 0 0 0 0 0 0 0 0 0 0 0 0 0
##NPOINTS= 1250
##XYPOINTS= (XY..XY)
72.779117, 57.825114
72.317896, 59.469649
71.853819, 61.114306
71.386918, 62.759090
70.917229, 64.404001
70.444786, 66.049044
69.969623, 67.694221
69.491776, 69.339535
69.011279, 70.984988
68.528168, 72.630584
68.042478, 74.276326
67.554245, 75.922217
67.063504, 77.568260
66.570292, 79.214460
66.074645, 80.860819
65.576599, 82.507342
65.076190, 84.154032
64.573457, 85.800894
64.068434, 87.447931
63.561160, 89.095147
63.051671, 90.742548
62.540006, 92.390138
62.026201, 94.037921
61.510295, 95.685903
60.992324, 97.334088
60.472328, 98.982483
59.950345, 100.631092
59.426412, 102.279921
58.900568, 103.928976
58.372852, 105.578264
57.843302, 107.227790
57.311958, 108.877562
56.778859, 110.527586
56.244043, 112.177869
55.707550, 113.828420
55.169419, 115.479245
54.629690, 117.130353
54.088403, 118.781753
53.545597, 120.433452
53.001312, 122.085461
52.455588, 123.737789
51.908466, 125.390446
51.359985, 127.043441
50.810186, 128.696787
50.259109, 130.350494
49.706795, 132.004574
49.153285, 133.659040
48.598618, 135.313905
48.042837, 136.969181
47.485981, 138.624883
46.928092, 140.281027
46.369211, 141.937627
45.809379, 143.594700
45.248637, 145.252263
44.687027, 146.910333
44.124590, 148.568930
43.561367, 150.228074
42.997400, 151.887785
42.432730, 153.548085
41.867400, 155.208997
41.301450, 156.870546
40.734923, 158.532756
40.167861, 160.195656
39.600304, 161.859273
39.032296, 163.523637
38.463878, 165.188781
37.895093, 166.854738
37.325981, 168.521543
36.756587, 170.189234
36.186950, 171.857852
35.617115, 173.527439
35.047123, 175.198039
34.477016, 176.869701
33.906837, 178.542476
33.336628, 180.216419
32.766432, 181.891587
32.196291, 183.568042
31.626247, 185.245850
31.056344, 186.925083
30.486623, 188.605816
29.917128, 190.288130
29.347900, 191.972114
28.778984, 193.657860
28.210421, 195.345470
27.642255, 197.035052
27.074528, 198.726726
26.507284, 200.420617
25.940565, 202.116863
25.374415, 203.815614
24.808876, 205.517033
24.243993, 207.221295
23.679809, 208.928594
23.116367, 210.639139
22.553712, 212.353161
21.991886, 214.070912
21.430935, 215.792671
20.870903, 217.518742
20.311834, 219.249464
19.753773, 220.985209
19.196766, 222.726393
18.640859, 224.473478
18.086098, 226.226979
17.532530, 227.987473
16.980202, 229.755609
16.429162, 231.532117
15.879461, 233.317824
15.331147, 235.113670
14.784274, 236.920726
14.238894, 238.740220
13.695062, 240.573564
13.152836, 242.422392
12.612276, 244.288606
12.073446, 246.174431
11.536412, 248.082484
11.001247, 250.015871
10.468032, 251.978301
9.936852, 253.974239
9.407805, 256.009108
8.881001, 258.089560
8.356567, 260.223843
7.834654, 262.422301
7.315443, 264.698084
6.799153, 267.068149
6.286066, 269.554730
5.776543, 272.187524
5.271065, 275.007036
4.770295, 278.069851
4.275176, 281.457207
3.787102, 285.289405
3.308236, 289.750927
2.842095, 295.135636
2.394742, 301.929347
1.977261, 310.954418
1.610900, 323.559033
1.335719, 341.473092
1.212414, 4.862383
1.282668, 29.082572
1.517475, 48.495486
1.853388, 62.267650
2.243815, 72.036008
2.663478, 79.292096
3.099290, 84.972753
3.544203, 89.631350
3.994193, 93.599930
4.446825, 97.084952
4.900546, 100.219806
5.354322, 103.093815
5.807432, 105.768743
6.259360, 108.288515
6.709722, 110.685152
7.158225, 112.982511
7.604639, 115.198705
8.048780, 117.347725
8.490496, 119.440539
8.929663, 121.485865
9.366170, 123.490713
9.799926, 125.460786
10.230849, 127.400766
10.658864, 129.314535
11.083905, 131.205336
11.505913, 133.075900
11.924831, 134.928542
12.340608, 136.765237
12.753194, 138.587683
13.162544, 140.397343
13.568614, 142.195489
13.971363, 143.983227
14.370750, 145.761527
14.766737, 147.531244
15.159288, 149.293131
15.548365, 151.047855
15.933934, 152.796009
16.315961, 154.538125
16.694414, 156.274676
17.069259, 158.006088
17.440465, 159.732744
17.808001, 161.454991
18.171837, 163.173141
18.531943, 164.887480
18.888290, 166.598264
19.240849, 168.305729
19.589592, 170.010091
19.934491, 171.711545
20.275520, 173.410273
20.612651, 175.106440
20.945857, 176.800197
21.275114, 178.491686
21.600395, 180.181035
21.921675, 181.868365
22.238930, 183.553787
22.552135, 185.237403
22.861266, 186.919308
23.166299, 188.599591
23.467212, 190.278336
23.763981, 191.955618
24.056583, 193.631509
24.344998, 195.306077
24.629202, 196.979384
24.909174, 198.651489
25.184894, 200.322447
25.456339, 201.992309
25.723491, 203.661124
25.986329, 205.328937
26.244832, 206.995791
26.498983, 208.661726
26.748760, 210.326781
26.994147, 211.990991
27.235125, 213.654389
27.471675, 215.317008
27.703779, 216.978877
27.931422, 218.640026
28.154585, 220.300480
28.373251, 221.960266
28.587406, 223.619407
28.797031, 225.277927
29.002113, 226.935848
29.202636, 228.593188
29.398584, 230.249970
29.589944, 231.906209
29.776700, 233.561926
29.958840, 235.217135
30.136349, 236.871854
30.309215, 238.526096
30.477424, 240.179878
30.640965, 241.833212
30.799824, 243.486111
30.953990, 245.138588
31.103452, 246.790654
31.248198, 248.442322
31.388219, 250.093601
31.523502, 251.744502
31.654040, 253.395035
31.779821, 255.045209
31.900836, 256.695032
32.017077, 258.344514
32.128534, 259.993662
32.235200, 261.642484
32.337067, 263.290988
32.434127, 264.939180
32.526372, 266.587066
32.613797, 268.234654
32.696394, 269.881949
32.774157, 271.528956
32.847081, 273.175682
32.915161, 274.822132
32.978390, 276.468309
33.036765, 278.114219
33.090281, 279.759867
33.138934, 281.405256
33.182721, 283.050390
33.221638, 284.695272
33.255682, 286.339908
33.284851, 287.984298
33.309142, 289.628448
33.328554, 291.272358
33.343086, 292.916033
33.352736, 294.559474
33.357503, 296.202684
33.357387, 297.845664
33.352388, 299.488417
33.342506, 301.130945
33.327743, 302.773248
33.308099, 304.415328
33.283575, 306.057186
33.254173, 307.698824
33.219895, 309.340241
33.180745, 310.981439
33.136724, 312.622418
33.087836, 314.263179
33.034085, 315.903721
32.975473, 317.544044
32.912007, 319.184148
32.843690, 320.824033
32.770527, 322.463697
32.692523, 324.103141
32.609685, 325.742363
32.522019, 327.381362
32.429530, 329.020136
32.332226, 330.658684
32.230113, 332.297005
32.123199, 333.935095
32.011493, 335.572954
31.895001, 337.210578
31.773734, 338.847965
31.647699, 340.485112
31.516905, 342.122015
31.381363, 343.758672
31.241083, 345.395078
31.096074, 347.031231
30.946347, 348.667124
30.791914, 350.302755
30.632785, 351.938118
30.468972, 353.573207
30.300488, 355.208019
30.127344, 356.842545
29.949554, 358.476781
29.767130, 0.110720
29.580086, 1.744355
29.388435, 3.377677
29.192192, 5.010680
28.991371, 6.643355
28.785986, 8.275692
28.576054, 9.907683
28.361589, 11.539317
28.142607, 13.170584
27.919124, 14.801472
27.691156, 16.431970
27.458721, 18.062063
27.221836, 19.691740
26.980517, 21.320985
26.734783, 22.949784
26.484651, 24.578119
26.230141, 26.205974
25.971270, 27.833330
25.708059, 29.460168
25.440526, 31.086467
25.168691, 32.712204
24.892574, 34.337356
24.612195, 35.961897
24.327575, 37.585801
24.038736, 39.209038
23.745698, 40.831578
23.448483, 42.453387
23.147114, 44.074429
22.841611, 45.694667
22.531999, 47.314060
22.218299, 48.932563
21.900536, 50.550129
21.578732, 52.166706
21.252912, 53.782240
20.923099, 55.396669
20.589319, 57.009931
20.251596, 58.621953
19.909955, 60.232661
19.564422, 61.841970
19.215022, 63.449791
18.861782, 65.056024
18.504728, 66.660562
18.143887, 68.263286
17.779286, 69.864066
17.410953, 71.462759
17.038914, 73.059206
16.663200, 74.653234
16.283837, 76.244648
15.900856, 77.833233
15.514285, 79.418750
15.124154, 81.000929
14.730493, 82.579470
14.333334, 84.154035
13.932706, 85.724239
13.528643, 87.289650
13.121175, 88.849774
12.710337, 90.404046
12.296161, 91.951818
11.878682, 93.492340
11.457934, 95.024745
11.033956, 96.548018
10.606782, 98.060969
10.176454, 99.562190
9.743010, 101.050007
9.306494, 102.522406
8.866950, 103.976953
8.424427, 105.410669
7.978976, 106.819876
7.530654, 108.199976
7.079526, 109.545144
6.625665, 110.847893
6.169155, 112.098438
5.710100, 113.283742
5.248627, 114.386053
4.784905, 115.380566
4.319157, 116.231566
3.851704, 116.885744
3.383028, 117.259967
2.913905, 117.217407
2.445686, 116.516946
1.980978, 114.694615
1.525517, 110.749088
1.094422, 102.188681
0.737175, 82.214962
0.609583, 42.200418
0.830381, 7.473761
1.226548, 351.888892
1.680273, 345.073378
2.157121, 341.894766
2.645905, 340.462717
3.142126, 339.984637
3.643652, 340.079828
4.149338, 340.544908
4.658511, 341.261981
5.170742, 342.158211
5.685740, 343.186258
6.203295, 344.314056
6.723249, 345.519130
7.245479, 346.785268
7.769881, 348.100487
8.296369, 349.455740
8.824869, 350.844071
9.355311, 352.260044
9.887634, 353.699350
10.421782, 355.158531
10.957699, 356.634779
11.495334, 358.125789
12.034637, 359.629654
12.575562, 1.144780
13.118060, 2.669827
13.662086, 4.203658
14.207596, 5.745304
14.754543, 7.293932
15.302886, 8.848825
15.852580, 10.409359
16.403581, 11.974991
16.955848, 13.545244
17.509338, 15.119700
18.064007, 16.697990
18.619813, 18.279786
19.176715, 19.864796
19.734669, 21.452760
20.293635, 23.043445
20.853569, 24.636642
21.414430, 26.232163
21.976176, 27.829838
22.538764, 29.429512
23.102153, 31.031047
23.666301, 32.634315
24.231165, 34.239201
24.796705, 35.845598
25.362877, 37.453411
25.929640, 39.062549
26.496953, 40.672933
27.064772, 42.284486
27.633056, 43.897140
28.201763, 45.510831
28.770852, 47.125499
29.340279, 48.741091
29.910003, 50.357555
30.479982, 51.974845
31.050175, 53.592916
31.620538, 55.211728
32.191030, 56.831243
32.761610, 58.451426
33.332234, 60.072242
33.902862, 61.693662
34.473450, 63.315656
35.043958, 64.938197
35.614343, 66.561260
36.184563, 68.184819
36.754576, 69.808854
37.324341, 71.433342
37.893816, 73.058264
38.462958, 74.683600
39.031726, 76.309333
39.600078, 77.935446
40.167973, 79.561923
40.735369, 81.188750
41.302224, 82.815911
41.868496, 84.443394
42.434144, 86.071185
42.999127, 87.699273
43.563402, 89.327645
44.126929, 90.956292
44.689667, 92.585202
45.251573, 94.214367
45.812607, 95.843775
46.372727, 97.473419
46.931893, 99.103289
47.490063, 100.733379
48.047197, 102.363679
48.603254, 103.994183
49.158192, 105.624883
49.711971, 107.255773
50.264551, 108.886846
50.815891, 110.518096
51.365950, 112.149518
51.914689, 113.781104
52.462067, 115.412851
53.008043, 117.044753
53.552578, 118.676805
54.095633, 120.309001
54.637166, 121.941338
55.177138, 123.573812
55.715511, 125.206417
56.252243, 126.839150
56.787297, 128.472007
57.320632, 130.104984
57.852210, 131.738077
58.381992, 133.371284
58.909938, 135.004601
59.436011, 136.638024
59.960171, 138.271550
60.482380, 139.905177
61.002600, 141.538902
61.520793, 143.172721
62.036920, 144.806633
62.550944, 146.440634
63.062828, 148.074722
63.572533, 149.708895
64.080022, 151.343150
64.585259, 152.977485
65.088205, 154.611899
65.588825, 156.246388
66.087082, 157.880951
66.582938, 159.515585
67.076358, 161.150290
67.567306, 162.785063
68.055745, 164.419902
68.541640, 166.054806
69.024955, 167.689773
69.505654, 169.324801
69.983703, 170.959889
70.459067, 172.595035
70.931709, 174.230238
71.401597, 175.865497
71.868696, 177.500809
72.332970, 179.136175
72.794387, 180.771591
73.252912, 182.407058
73.708512, 184.042573
74.161154, 185.678136
74.610804, 187.313746
75.057428, 188.949401
75.500996, 190.585101
75.941473, 192.220844
76.378829, 193.856629
76.813030, 195.492455
77.244045, 197.128321
77.671842, 198.764227
78.096390, 200.400171
78.517658, 202.036153
78.935615, 203.672171
79.350230, 205.308225
79.761473, 206.944314
80.169314, 208.580437
80.573723, 210.216593
80.974670, 211.852782
81.372126, 213.489002
81.766062, 215.125254
82.156448, 216.761536
82.543257, 218.397848
82.926460, 220.034188
83.306029, 221.670557
83.681936, 223.306954
84.054153, 224.943377
84.422654, 226.579827
84.787410, 228.216303
85.148396, 229.852804
85.505586, 231.489330
85.858952, 233.125880
86.208469, 234.762453
86.554111, 236.399050
86.895853, 238.035669
87.233671, 239.672309
87.567538, 241.308972
87.897431, 242.945655
88.223326, 244.582359
88.545199, 246.219082
88.863025, 247.855826
89.176782, 249.492588
89.486448, 251.129369
89.791998, 252.766168
90.093411, 254.402985
90.390665, 256.039820
90.683737, 257.676671
90.972607, 259.313539
91.257253, 260.950424
91.537654, 262.587324
91.813791, 264.224239
92.085641, 265.861169
92.353187, 267.498114
92.616407, 269.135074
92.875284, 270.772047
93.129797, 272.409034
93.379928, 274.046035
93.625659, 275.683048
93.866971, 277.320074
94.103848, 278.957112
94.336272, 280.594162
94.564225, 282.231223
94.787691, 283.868297
95.006654, 285.505381
95.221097, 287.142476
95.431006, 288.779581
95.636364, 290.416696
95.837156, 292.053822
96.033368, 293.690957
96.224985, 295.328101
96.411994, 296.965254
96.594380, 298.602416
96.772131, 300.239587
96.945232, 301.876765
97.113673, 303.513952
97.277439, 305.151147
97.436520, 306.788348
97.590903, 308.425557
97.740577, 310.062774
97.885532, 311.699996
98.025756, 313.337226
98.161239, 314.974461
98.291972, 316.611702
98.417945, 318.248950
98.539149, 319.886202
98.655574, 321.523460
98.767212, 323.160723
98.874055, 324.797991
98.976096, 326.435264
99.073326, 328.072540
99.165739, 329.709821
99.253328, 331.347106
99.336086, 332.984395
99.414007, 334.621687
99.487086, 336.258982
99.555317, 337.896281
99.618695, 339.533582
99.677217, 341.170886
99.730876, 342.808192
99.779670, 344.445500
99.823594, 346.082811
99.862647, 347.720123
99.896823, 349.357437
99.926123, 350.994752
99.950542, 352.632068
99.970079, 354.269385
99.984734, 355.906703
99.994504, 357.544022
99.999389, 359.181341
99.999389, 0.818659
99.994504, 2.455978
99.984734, 4.093297
99.970079, 5.730615
99.950542, 7.367932
99.926123, 9.005248
99.896823, 10.642563
99.862647, 12.279877
99.823594, 13.917189
99.779670, 15.554500
99.730876, 17.191808
99.677217, 18.829114
99.618695, 20.466418
99.555317, 22.103719
99.487086, 23.741018
99.414007, 25.378313
99.336086, 27.015605
99.253328, 28.652894
99.165739, 30.290179
99.073326, 31.927460
98.976096, 33.564736
98.874055, 35.202009
98.767212, 36.839277
98.655574, 38.476540
98.539149, 40.113798
98.417945, 41.751050
98.291972, 43.388298
98.161239, 45.025539
98.025756, 46.662774
97.885532, 48.300004
97.740577, 49.937226
97.590903, 51.574443
97.436520, 53.211652
97.277439, 54.848853
97.113673, 56.486048
96.945232, 58.123235
96.772131, 59.760413
96.594380, 61.397584
96.411994, 63.034746
96.224985, 64.671899
96.033368, 66.309043
95.837156, 67.946178
95.636364, 69.583304
95.431006, 71.220419
95.221097, 72.857524
95.006654, 74.494619
94.787691, 76.131703
94.564225, 77.768777
94.336272, 79.405838
94.103848, 81.042888
93.866971, 82.679926
93.625659, 84.316952
93.379928, 85.953965
93.129797, 87.590966
92.875284, 89.227953
92.616407, 90.864926
92.353187, 92.501886
92.085641, 94.138831
91.813791, 95.775761
91.537654, 97.412676
91.257253, 99.049576
90.972607, 100.686461
90.683737, 102.323329
90.390665, 103.960180
90.093411, 105.597015
89.791998, 107.233832
89.486448, 108.870631
89.176782, 110.507412
88.863025, 112.144174
88.545199, 113.780918
88.223326, 115.417641
87.897431, 117.054345
87.567538, 118.691028
87.233671, 120.327691
86.895853, 121.964331
86.554111, 123.600950
86.208469, 125.237547
85.858952, 126.874120
85.505586, 128.510670
85.148396, 130.147196
84.787410, 131.783697
84.422654, 133.420173
84.054153, 135.056623
83.681936, 136.693046
83.306029, 138.329443
82.926460, 139.965812
82.543257, 141.602152
82.156448, 143.238464
81.766062, 144.874746
81.372126, 146.510998
80.974670, 148.147218
80.573723, 149.783407
80.169314, 151.419563
79.761473, 153.055686
79.350230, 154.691775
78.935615, 156.327829
78.517658, 157.963847
78.096390, 159.599829
77.671842, 161.235773
77.244045, 162.871679
76.813030, 164.507545
76.378829, 166.143371
75.941473, 167.779156
75.500996, 169.414899
75.057428, 171.050599
74.610804, 172.686254
74.161154, 174.321864
73.708512, 175.957427
73.252912, 177.592942
72.794387, 179.228409
72.332970, 180.863825
71.868696, 182.499191
71.401597, 184.134503
70.931709, 185.769762
70.459067, 187.404965
69.983703, 189.040111
69.505654, 190.675199
69.024955, 192.310227
68.541640, 193.945194
68.055745, 195.580098
67.567306, 197.214937
67.076358, 198.849710
66.582938, 200.484415
66.087082, 202.119049
65.588825, 203.753612
65.088205, 205.388101
64.585259, 207.022515
64.080022, 208.656850
63.572533, 210.291105
63.062828, 211.925278
62.550944, 213.559366
62.036920, 215.193367
61.520793, 216.827279
61.002600, 218.461098
60.482380, 220.094823
59.960171, 221.728450
59.436011, 223.361976
58.909938, 224.995399
58.381992, 226.628716
57.852210, 228.261923
57.320632, 229.895016
56.787297, 231.527993
56.252243, 233.160850
55.715511, 234.793583
55.177138, 236.426188
54.637166, 238.058662
54.095633, 239.690999
53.552578, 241.323195
53.008043, 242.955247
52.462067, 244.587149
51.914689, 246.218896
51.365950, 247.850482
50.815891, 249.481904
50.264551, 251.113154
49.711971, 252.744227
49.158192, 254.375117
48.603254, 256.005817
48.047197, 257.636321
47.490063, 259.266621
46.931893, 260.896711
46.372727, 262.526581
45.812607, 264.156225
45.251573, 265.785633
44.689667, 267.414798
44.126929, 269.043708
43.563402, 270.672355
42.999127, 272.300727
42.434144, 273.928815
41.868496, 275.556606
41.302224, 277.184089
40.735369, 278.811250
40.167973, 280.438077
39.600078, 282.064554
39.031726, 283.690667
38.462958, 285.316400
37.893816, 286.941736
37.324341, 288.566658
36.754576, 290.191146
36.184563, 291.815181
35.614343, 293.438740
35.043958, 295.061803
34.473450, 296.684344
33.902862, 298.306338
33.332234, 299.927758
32.761610, 301.548574
32.191030, 303.168757
31.620538, 304.788272
31.050175, 306.407084
30.479982, 308.025155
29.910003, 309.642445
29.340279, 311.258909
28.770852, 312.874501
28.201763, 314.489169
27.633056, 316.102860
27.064772, 317.715514
26.496953, 319.327067
25.929640, 320.937451
25.362877, 322.546589
24.796705, 324.154402
24.231165, 325.760799
23.666301, 327.365685
23.102153, 328.968953
22.538764, 330.570488
21.976176, 332.170162
21.414430, 333.767837
20.853569, 335.363358
20.293635, 336.956555
19.734669, 338.547240
19.176715, 340.135204
18.619813, 341.720214
18.064007, 343.302010
17.509338, 344.880300
16.955848, 346.454756
16.403581, 348.025009
15.852580, 349.590641
15.302886, 351.151175
14.754543, 352.706068
14.207596, 354.254696
13.662086, 355.796342
13.118060, 357.330173
12.575562, 358.855220
12.034637, 0.370346
11.495334, 1.874211
10.957699, 3.365221
10.421782, 4.841469
9.887634, 6.300650
9.355311, 7.739956
8.824869, 9.155929
8.296369, 10.544260
7.769881, 11.899513
7.245479, 13.214732
6.723249, 14.480870
6.203295, 15.685944
5.685740, 16.813742
5.170742, 17.841789
4.658511, 18.738019
4.149338, 19.455092
3.643652, 19.920172
3.142126, 20.015363
2.645905, 19.537283
2.157121, 18.105234
1.680273, 14.926622
1.226548, 8.111108
0.830381, 352.526239
0.609583, 317.799582
0.737175, 277.785038
1.094422, 257.811319
1.525517, 249.250912
1.980978, 245.305385
2.445686, 243.483054
2.913905, 242.782593
3.383028, 242.740033
3.851704, 243.114256
4.319157, 243.768434
4.784905, 244.619434
5.248627, 245.613947
5.710100, 246.716258
6.169155, 247.901562
6.625665, 249.152107
7.079526, 250.454856
7.530654, 251.800024
7.978976, 253.180124
8.424427, 254.589331
8.866950, 256.023047
9.306494, 257.477594
9.743010, 258.949993
10.176454, 260.437810
10.606782, 261.939031
11.033956, 263.451982
11.457934, 264.975255
11.878682, 266.507660
12.296161, 268.048182
12.710337, 269.595954
13.121175, 271.150226
13.528643, 272.710350
13.932706, 274.275761
14.333334, 275.845965
14.730493, 277.420530
15.124154, 278.999071
15.514285, 280.581250
15.900856, 282.166767
16.283837, 283.755352
16.663200, 285.346766
17.038914, 286.940794
17.410953, 288.537241
17.779286, 290.135934
18.143887, 291.736714
18.504728, 293.339438
18.861782, 294.943976
19.215022, 296.550209
19.564422, 298.158030
19.909955, 299.767339
20.251596, 301.378047
20.589319, 302.990069
20.923099, 304.603331
21.252912, 306.217760
21.578732, 307.833294
21.900536, 309.449871
22.218299, 311.067437
22.531999, 312.685940
22.841611, 314.305333
23.147114, 315.925571
23.448483, 317.546613
23.745698, 319.168422
24.038736, 320.790962
24.327575, 322.414199
24.612195, 324.038103
24.892574, 325.662644
25.168691, 327.287796
25.440526, 328.913533
25.708059, 330.539832
25.971270, 332.166670
26.230141, 333.794026
26.484651, 335.421881
26.734783, 337.050216
26.980517, 338.679015
27.221836, 340.308260
27.458721, 341.937937
27.691156, 343.568030
27.919124, 345.198528
28.142607, 346.829416
28.361589, 348.460683
28.576054, 350.092317
28.785986, 351.724308
28.991371, 353.356645
29.192192, 354.989320
29.388435, 356.622323
29.580086, 358.255645
29.767130, 359.889280
29.949554, 1.523219
30.127344, 3.157455
30.300488, 4.791981
30.468972, 6.426793
30.632785, 8.061882
30.791914, 9.697245
30.946347, 11.332876
31.096074, 12.968769
31.241083, 14.604922
31.381363, 16.241328
31.516905, 17.877985
31.647699, 19.514888
31.773734, 21.152035
31.895001, 22.789422
32.011493, 24.427046
32.123199, 26.064905
32.230113, 27.702995
32.332226, 29.341316
32.429530, 30.979864
32.522019, 32.618638
32.609685, 34.257637
32.692523, 35.896859
32.770527, 37.536303
32.843690, 39.175967
32.912007, 40.815852
32.975473, 42.455956
33.034085, 44.096279
33.087836, 45.736821
33.136724, 47.377582
33.180745, 49.018561
33.219895, 50.659759
33.254173, 52.301176
33.283575, 53.942814
33.308099, 55.584672
33.327743, 57.226752
33.342506, 58.869055
33.352388, 60.511583
33.357387, 62.154336
33.357503, 63.797316
33.352736, 65.440526
33.343086, 67.083967
33.328554, 68.727642
33.309142, 70.371552
33.284851, 72.015702
33.255682, 73.660092
33.221638, 75.304728
33.182721, 76.949610
33.138934, 78.594744
33.090281, 80.240133
33.036765, 81.885781
32.978390, 83.531691
32.915161, 85.177868
32.847081, 86.824318
32.774157, 88.471044
32.696394, 90.118051
32.613797, 91.765346
32.526372, 93.412934
32.434127, 95.060820
32.337067, 96.709012
32.235200, 98.357516
32.128534, 100.006338
32.017077, 101.655486
31.900836, 103.304968
31.779821, 104.954791
31.654040, 106.604965
31.523502, 108.255498
31.388219, 109.906399
31.248198, 111.557678
31.103452, 113.209346
30.953990, 114.861412
30.799824, 116.513889
30.640965, 118.166788
30.477424, 119.820122
30.309215, 121.473904
30.136349, 123.128146
29.958840, 124.782865
29.776700, 126.438074
29.589944, 128.093791
29.398584, 129.750030
29.202636, 131.406812
29.002113, 133.064152
28.797031, 134.722073
28.587406, 136.380593
28.373251, 138.039734
28.154585, 139.699520
27.931422, 141.359974
27.703779, 143.021123
27.471675, 144.682992
27.235125, 146.345611
26.994147, 148.009009
26.748760, 149.673219
26.498983, 151.338274
26.244832, 153.004209
25.986329, 154.671063
25.723491, 156.338876
25.456339, 158.007691
25.184894, 159.677553
24.909174, 161.348511
24.629202, 163.020616
24.344998, 164.693923
24.056583, 166.368491
23.763981, 168.044382
23.467212, 169.721664
23.166299, 171.400409
22.861266, 173.080692
22.552135, 174.762597
22.238930, 176.446213
21.921675, 178.131635
21.600395, 179.818965
21.275114, 181.508314
20.945857, 183.199803
20.612651, 184.893560
20.275520, 186.589727
19.934491, 188.288455
19.589592, 189.989909
19.240849, 191.694271
18.888290, 193.401736
18.531943, 195.112520
18.171837, 196.826859
17.808001, 198.545009
17.440465, 200.267256
17.069259, 201.993912
16.694414, 203.725324
16.315961, 205.461875
15.933934, 207.203991
15.548365, 208.952145
15.159288, 210.706869
14.766737, 212.468756
14.370750, 214.238473
13.971363, 216.016773
13.568614, 217.804511
13.162544, 219.602657
12.753194, 221.412317
12.340608, 223.234763
11.924831, 225.071458
11.505913, 226.924100
11.083905, 228.794664
10.658864, 230.685465
10.230849, 232.599234
9.799926, 234.539214
9.366170, 236.509287
8.929663, 238.514135
8.490496, 240.559461
8.048780, 242.652275
7.604639, 244.801295
7.158225, 247.017489
6.709722, 249.314848
6.259360, 251.711485
5.807432, 254.231257
5.354322, 256.906185
4.900546, 259.780194
4.446825, 262.915048
3.994193, 266.400070
3.544203, 270.368650
3.099290, 275.027247
2.663478, 280.707904
2.243815, 287.963992
1.853388, 297.732350
1.517475, 311.504514
1.282668, 330.917428
1.212414, 355.137617
1.335719, 18.526908
1.610900, 36.440967
1.977261, 49.045582
2.394742, 58.070653
2.842095, 64.864364
3.308236, 70.249073
3.787102, 74.710595
4.275176, 78.542793
4.770295, 81.930149
5.271065, 84.992964
5.776543, 87.812476
6.286066, 90.445270
6.799153, 92.931851
7.315443, 95.301916
7.834654, 97.577699
8.356567, 99.776157
8.881001, 101.910440
9.407805, 103.990892
9.936852, 106.025761
10.468032, 108.021699
11.001247, 109.984129
11.536412, 111.917516
12.073446, 113.825569
12.612276, 115.711394
13.152836, 117.577608
13.695062, 119.426436
14.238894, 121.259780
14.784274, 123.079274
15.331147, 124.886330
15.879461, 126.682176
16.429162, 128.467883
16.980202, 130.244391
17.532530, 132.012527
18.086098, 133.773021
18.640859, 135.526522
19.196766, 137.273607
19.753773, 139.014791
20.311834, 140.750536
20.870903, 142.481258
21.430935, 144.207329
21.991886, 145.929088
22.553712, 147.646839
23.116367, 149.360861
23.679809, 151.071406
24.243993, 152.778705
24.808876, 154.482967
25.374415, 156.184386
25.940565, 157.883137
26.507284, 159.579383
27.074528, 161.273274
27.642255, 162.964948
28.210421, 164.654530
28.778984, 166.342140
29.347900, 168.027886
29.917128, 169.711870
30.486623, 171.394184
31.056344, 173.074917
31.626247, 174.754150
32.196291, 176.431958
32.766432, 178.108413
33.336628, 179.783581
33.906837, 181.457524
34.477016, 183.130299
35.047123, 184.801961
35.617115, 186.472561
36.186950, 188.142148
36.756587, 189.810766
37.325981, 191.478457
37.895093, 193.145262
38.463878, 194.811219
39.032296, 196.476363
39.600304, 198.140727
40.167861, 199.804344
40.734923, 201.467244
41.301450, 203.129454
41.867400, 204.791003
42.432730, 206.451915
42.997400, 208.112215
43.561367, 209.771926
44.124590, 211.431070
44.687027, 213.089667
45.248637, 214.747737
45.809379, 216.405300
46.369211, 218.062373
46.928092, 219.718973
47.485981, 221.375117
48.042837, 223.030819
48.598618, 224.686095
49.153285, 226.340960
49.706795, 227.995426
50.259109, 229.649506
50.810186, 231.303213
51.359985, 232.956559
51.908466, 234.609554
52.455588, 236.262211
53.001312, 237.914539
53.545597, 239.566548
54.088403, 241.218247
54.629690, 242.869647
55.169419, 244.520755
55.707550, 246.171580
56.244043, 247.822131
56.778859, 249.472414
57.311958, 251.122438
57.843302, 252.772210
58.372852, 254.421736
58.900568, 256.071024
59.426412, 257.720079
59.950345, 259.368908
60.472328, 261.017517
60.992324, 262.665912
61.510295, 264.314097
62.026201, 265.962079
62.540006, 267.609862
63.051671, 269.257452
63.561160, 270.904853
64.068434, 272.552069
64.573457, 274.199106
65.076190, 275.845968
65.576599, 277.492658
66.074645, 279.139181
66.570292, 280.785540
67.063504, 282.431740
67.554245, 284.077783
68.042478, 285.723674
68.528168, 287.369416
69.011279, 289.015012
69.491776, 290.660465
69.969623, 292.305779
70.444786, 293.950956
70.917229, 295.595999
71.386918, 297.240910
71.853819, 298.885694
72.317896, 300.530351
72.779117, 302.174886
##END=
