##TITLE= Parameter file, TopSpin 4.3.0
##JCAMPDX= 5.0
##DATATYPE= Parameter Values
##ORIGIN= Bruker BioSpin GmbH
##OWNER= nmrsu
$$ 2024-02-28 17:20:35.035 +0000  nmrsu@4CE1161FJM
$$ C:/Bruker/TopSpin4.3.0/exp/stan/nmr/lists/wave/user/multisupp_aux_d8
$$ process C:\Bruker\TopSpin4.3.0\prog\mod\xwinshape.exe
##MINX= 17.60823300
##MAXX= 99.99952700
##MINY= 0.31503200
##MAXY= 359.68496800
##$SHAPE_ADDPHASE= 0
##$SHAPE_AMP= 99.99952688
##$SHAPE_BWFAC= 0
##$SHAPE_BWFAC50= 0
##$SHAPE_CALCBW= yes
##$SHAPE_CALCINTEG= yes
##$SHAPE_EXMODE= <Excitation>
##$SHAPE_EXPAND= <>
##$SHAPE_EXPANDCF= (0..143)
0 0 0 0 0 0 0 0 0 0 0 0 0 0 0 0 0 0 0 0 0 0 0 0 0 0 0 0 0 0 0 0 0 0 0 0
0 0 0 0 0 0 0 0 0 0 0 0 0 0 0 0 0 0 0 0 0 0 0 0 0 0 0 0 0 0 0 0 0 0 0 0
0 0 0 0 0 0 0 0 0 0 0 0 0 0 0 0 0 0 0 0 0 0 0 0 0 0 0 0 0 0 0 0 0 0 0 0
0 0 0 0 0 0 0 0 0 0 0 0 0 0 0 0 0 0 0 0 0 0 0 0 0 0 0 0 0 0 0 0 0 0 0 0
##$SHAPE_EXPFAC= 0
##$SHAPE_FRACEND= 0
##$SHAPE_FRACORG= 0
##$SHAPE_FRACSTART= 0
##$SHAPE_INTEGFAC= 0
##$SHAPE_KEEPRES= yes
##$SHAPE_LENGTH= 25000.000373
##$SHAPE_MAN= <M>
##$SHAPE_MODE= 4
##$SHAPE_MODFREQ= 0
##$SHAPE_MODPHASE= 0
##$SHAPE_MODSCALE= 0
##$SHAPE_MODSW= 0
##$SHAPE_MODSWDIR= -1
##$SHAPE_NPOINTS= 1250
##$SHAPE_OFFS= <1 4>
##$SHAPE_OFFSCOEFF= (0..95)
-149.36374 0 100 -197.18365 0 100 -217.10805 0 100 -285.61335 0 100 0 0
0 0 0 0 0 0 0 0 0 0 0 0 0 0 0 0 0 0 0 0 0 0 0 0 0 0 0 0 0 0 0 0 0 0 0 0
0 0 0 0 0 0 0 0 0 0 0 0 0 0 0 0 0 0 0 0 0 0 0 0 0 0 0 0 0 0 0 0 0 0 0 0
0 0 0 0 0 0 0 0 0 0
##$SHAPE_PARAMETER= <>
##$SHAPE_REPHFAC= 0
##$SHAPE_RES= 0
##$SHAPE_SCALEFAC= 1.00000473
##$SHAPE_SCALETYPE= 0
##$SHAPE_SPOAL= 0
##$SHAPE_SPOFFS= 0
##$SHAPE_SPOPH= 0
##$SHAPE_TOTROT= 90
##$SHAPE_TYPE= <Excitation>
##$SHAPE_USER_DEF= <>
##$SHAPE_VERSION= 2.1
##$SHL_ADDPHASE= (0..15)
0 0 0 0 0 0 0 0 0 0 0 0 0 0 0 0
##$SHL_ALIGNOFFSET= (0..15)
0 0 0 0 0 0 0 0 0 0 0 0 0 0 0 0
##$SHL_AMP= (0..15)
100 0 0 0 0 0 0 0 0 0 0 0 0 0 0 0
##$SHL_AMPFAC= (0..15)
0 0 0 0 0 0 0 0 0 0 0 0 0 0 0 0
##$SHL_BETA= (0..15)
0 0 0 0 0 0 0 0 0 0 0 0 0 0 0 0
##$SHL_BWFAC= (0..15)
1.116 0 0 0 0 0 0 0 0 0 0 0 0 0 0 0
##$SHL_CALCBW= (0..15)
yes yes yes yes yes yes yes yes yes yes yes yes yes yes yes yes
##$SHL_CALCINTEG= (0..15)
yes yes yes yes yes yes yes yes yes yes yes yes yes yes yes yes
##$SHL_CENTERAMP= (0..15)
0 0 0 0 0 0 0 0 0 0 0 0 0 0 0 0
##$SHL_CYCNUM= (0..15)
0 0 0 0 0 0 0 0 0 0 0 0 0 0 0 0
##$SHL_DIPOLCPL= (0..15)
0 0 0 0 0 0 0 0 0 0 0 0 0 0 0 0
##$SHL_ENDAMP= (0..15)
0 0 0 0 0 0 0 0 0 0 0 0 0 0 0 0
##$SHL_EXMODE= (0..15)
<Excitation> <> <> <> <> <> <> <> <> <> <> <> <> <> <> <>
##$SHL_EXPAND= (0..15)
<> <> <> <> <> <> <> <> <> <> <> <> <> <> <> <>
##$SHL_EXPANDCF0= (0..143)
0 0 0 0 0 0 0 0 0 0 0 0 0 0 0 0 0 0 0 0 0 0 0 0 0 0 0 0 0 0 0 0 0 0 0 0
0 0 0 0 0 0 0 0 0 0 0 0 0 0 0 0 0 0 0 0 0 0 0 0 0 0 0 0 0 0 0 0 0 0 0 0
0 0 0 0 0 0 0 0 0 0 0 0 0 0 0 0 0 0 0 0 0 0 0 0 0 0 0 0 0 0 0 0 0 0 0 0
0 0 0 0 0 0 0 0 0 0 0 0 0 0 0 0 0 0 0 0 0 0 0 0 0 0 0 0 0 0 0 0 0 0 0 0
##$SHL_EXPANDCF1= (0..143)
0 0 0 0 0 0 0 0 0 0 0 0 0 0 0 0 0 0 0 0 0 0 0 0 0 0 0 0 0 0 0 0 0 0 0 0
0 0 0 0 0 0 0 0 0 0 0 0 0 0 0 0 0 0 0 0 0 0 0 0 0 0 0 0 0 0 0 0 0 0 0 0
0 0 0 0 0 0 0 0 0 0 0 0 0 0 0 0 0 0 0 0 0 0 0 0 0 0 0 0 0 0 0 0 0 0 0 0
0 0 0 0 0 0 0 0 0 0 0 0 0 0 0 0 0 0 0 0 0 0 0 0 0 0 0 0 0 0 0 0 0 0 0 0
##$SHL_EXPANDCF10= (0..143)
0 0 0 0 0 0 0 0 0 0 0 0 0 0 0 0 0 0 0 0 0 0 0 0 0 0 0 0 0 0 0 0 0 0 0 0
0 0 0 0 0 0 0 0 0 0 0 0 0 0 0 0 0 0 0 0 0 0 0 0 0 0 0 0 0 0 0 0 0 0 0 0
0 0 0 0 0 0 0 0 0 0 0 0 0 0 0 0 0 0 0 0 0 0 0 0 0 0 0 0 0 0 0 0 0 0 0 0
0 0 0 0 0 0 0 0 0 0 0 0 0 0 0 0 0 0 0 0 0 0 0 0 0 0 0 0 0 0 0 0 0 0 0 0
##$SHL_EXPANDCF11= (0..143)
0 0 0 0 0 0 0 0 0 0 0 0 0 0 0 0 0 0 0 0 0 0 0 0 0 0 0 0 0 0 0 0 0 0 0 0
0 0 0 0 0 0 0 0 0 0 0 0 0 0 0 0 0 0 0 0 0 0 0 0 0 0 0 0 0 0 0 0 0 0 0 0
0 0 0 0 0 0 0 0 0 0 0 0 0 0 0 0 0 0 0 0 0 0 0 0 0 0 0 0 0 0 0 0 0 0 0 0
0 0 0 0 0 0 0 0 0 0 0 0 0 0 0 0 0 0 0 0 0 0 0 0 0 0 0 0 0 0 0 0 0 0 0 0
##$SHL_EXPANDCF12= (0..143)
0 0 0 0 0 0 0 0 0 0 0 0 0 0 0 0 0 0 0 0 0 0 0 0 0 0 0 0 0 0 0 0 0 0 0 0
0 0 0 0 0 0 0 0 0 0 0 0 0 0 0 0 0 0 0 0 0 0 0 0 0 0 0 0 0 0 0 0 0 0 0 0
0 0 0 0 0 0 0 0 0 0 0 0 0 0 0 0 0 0 0 0 0 0 0 0 0 0 0 0 0 0 0 0 0 0 0 0
0 0 0 0 0 0 0 0 0 0 0 0 0 0 0 0 0 0 0 0 0 0 0 0 0 0 0 0 0 0 0 0 0 0 0 0
##$SHL_EXPANDCF13= (0..143)
0 0 0 0 0 0 0 0 0 0 0 0 0 0 0 0 0 0 0 0 0 0 0 0 0 0 0 0 0 0 0 0 0 0 0 0
0 0 0 0 0 0 0 0 0 0 0 0 0 0 0 0 0 0 0 0 0 0 0 0 0 0 0 0 0 0 0 0 0 0 0 0
0 0 0 0 0 0 0 0 0 0 0 0 0 0 0 0 0 0 0 0 0 0 0 0 0 0 0 0 0 0 0 0 0 0 0 0
0 0 0 0 0 0 0 0 0 0 0 0 0 0 0 0 0 0 0 0 0 0 0 0 0 0 0 0 0 0 0 0 0 0 0 0
##$SHL_EXPANDCF14= (0..143)
0 0 0 0 0 0 0 0 0 0 0 0 0 0 0 0 0 0 0 0 0 0 0 0 0 0 0 0 0 0 0 0 0 0 0 0
0 0 0 0 0 0 0 0 0 0 0 0 0 0 0 0 0 0 0 0 0 0 0 0 0 0 0 0 0 0 0 0 0 0 0 0
0 0 0 0 0 0 0 0 0 0 0 0 0 0 0 0 0 0 0 0 0 0 0 0 0 0 0 0 0 0 0 0 0 0 0 0
0 0 0 0 0 0 0 0 0 0 0 0 0 0 0 0 0 0 0 0 0 0 0 0 0 0 0 0 0 0 0 0 0 0 0 0
##$SHL_EXPANDCF15= (0..143)
0 0 0 0 0 0 0 0 0 0 0 0 0 0 0 0 0 0 0 0 0 0 0 0 0 0 0 0 0 0 0 0 0 0 0 0
0 0 0 0 0 0 0 0 0 0 0 0 0 0 0 0 0 0 0 0 0 0 0 0 0 0 0 0 0 0 0 0 0 0 0 0
0 0 0 0 0 0 0 0 0 0 0 0 0 0 0 0 0 0 0 0 0 0 0 0 0 0 0 0 0 0 0 0 0 0 0 0
0 0 0 0 0 0 0 0 0 0 0 0 0 0 0 0 0 0 0 0 0 0 0 0 0 0 0 0 0 0 0 0 0 0 0 0
##$SHL_EXPANDCF2= (0..143)
0 0 0 0 0 0 0 0 0 0 0 0 0 0 0 0 0 0 0 0 0 0 0 0 0 0 0 0 0 0 0 0 0 0 0 0
0 0 0 0 0 0 0 0 0 0 0 0 0 0 0 0 0 0 0 0 0 0 0 0 0 0 0 0 0 0 0 0 0 0 0 0
0 0 0 0 0 0 0 0 0 0 0 0 0 0 0 0 0 0 0 0 0 0 0 0 0 0 0 0 0 0 0 0 0 0 0 0
0 0 0 0 0 0 0 0 0 0 0 0 0 0 0 0 0 0 0 0 0 0 0 0 0 0 0 0 0 0 0 0 0 0 0 0
##$SHL_EXPANDCF3= (0..143)
0 0 0 0 0 0 0 0 0 0 0 0 0 0 0 0 0 0 0 0 0 0 0 0 0 0 0 0 0 0 0 0 0 0 0 0
0 0 0 0 0 0 0 0 0 0 0 0 0 0 0 0 0 0 0 0 0 0 0 0 0 0 0 0 0 0 0 0 0 0 0 0
0 0 0 0 0 0 0 0 0 0 0 0 0 0 0 0 0 0 0 0 0 0 0 0 0 0 0 0 0 0 0 0 0 0 0 0
0 0 0 0 0 0 0 0 0 0 0 0 0 0 0 0 0 0 0 0 0 0 0 0 0 0 0 0 0 0 0 0 0 0 0 0
##$SHL_EXPANDCF4= (0..143)
0 0 0 0 0 0 0 0 0 0 0 0 0 0 0 0 0 0 0 0 0 0 0 0 0 0 0 0 0 0 0 0 0 0 0 0
0 0 0 0 0 0 0 0 0 0 0 0 0 0 0 0 0 0 0 0 0 0 0 0 0 0 0 0 0 0 0 0 0 0 0 0
0 0 0 0 0 0 0 0 0 0 0 0 0 0 0 0 0 0 0 0 0 0 0 0 0 0 0 0 0 0 0 0 0 0 0 0
0 0 0 0 0 0 0 0 0 0 0 0 0 0 0 0 0 0 0 0 0 0 0 0 0 0 0 0 0 0 0 0 0 0 0 0
##$SHL_EXPANDCF5= (0..143)
0 0 0 0 0 0 0 0 0 0 0 0 0 0 0 0 0 0 0 0 0 0 0 0 0 0 0 0 0 0 0 0 0 0 0 0
0 0 0 0 0 0 0 0 0 0 0 0 0 0 0 0 0 0 0 0 0 0 0 0 0 0 0 0 0 0 0 0 0 0 0 0
0 0 0 0 0 0 0 0 0 0 0 0 0 0 0 0 0 0 0 0 0 0 0 0 0 0 0 0 0 0 0 0 0 0 0 0
0 0 0 0 0 0 0 0 0 0 0 0 0 0 0 0 0 0 0 0 0 0 0 0 0 0 0 0 0 0 0 0 0 0 0 0
##$SHL_EXPANDCF6= (0..143)
0 0 0 0 0 0 0 0 0 0 0 0 0 0 0 0 0 0 0 0 0 0 0 0 0 0 0 0 0 0 0 0 0 0 0 0
0 0 0 0 0 0 0 0 0 0 0 0 0 0 0 0 0 0 0 0 0 0 0 0 0 0 0 0 0 0 0 0 0 0 0 0
0 0 0 0 0 0 0 0 0 0 0 0 0 0 0 0 0 0 0 0 0 0 0 0 0 0 0 0 0 0 0 0 0 0 0 0
0 0 0 0 0 0 0 0 0 0 0 0 0 0 0 0 0 0 0 0 0 0 0 0 0 0 0 0 0 0 0 0 0 0 0 0
##$SHL_EXPANDCF7= (0..143)
0 0 0 0 0 0 0 0 0 0 0 0 0 0 0 0 0 0 0 0 0 0 0 0 0 0 0 0 0 0 0 0 0 0 0 0
0 0 0 0 0 0 0 0 0 0 0 0 0 0 0 0 0 0 0 0 0 0 0 0 0 0 0 0 0 0 0 0 0 0 0 0
0 0 0 0 0 0 0 0 0 0 0 0 0 0 0 0 0 0 0 0 0 0 0 0 0 0 0 0 0 0 0 0 0 0 0 0
0 0 0 0 0 0 0 0 0 0 0 0 0 0 0 0 0 0 0 0 0 0 0 0 0 0 0 0 0 0 0 0 0 0 0 0
##$SHL_EXPANDCF8= (0..143)
0 0 0 0 0 0 0 0 0 0 0 0 0 0 0 0 0 0 0 0 0 0 0 0 0 0 0 0 0 0 0 0 0 0 0 0
0 0 0 0 0 0 0 0 0 0 0 0 0 0 0 0 0 0 0 0 0 0 0 0 0 0 0 0 0 0 0 0 0 0 0 0
0 0 0 0 0 0 0 0 0 0 0 0 0 0 0 0 0 0 0 0 0 0 0 0 0 0 0 0 0 0 0 0 0 0 0 0
0 0 0 0 0 0 0 0 0 0 0 0 0 0 0 0 0 0 0 0 0 0 0 0 0 0 0 0 0 0 0 0 0 0 0 0
##$SHL_EXPANDCF9= (0..143)
0 0 0 0 0 0 0 0 0 0 0 0 0 0 0 0 0 0 0 0 0 0 0 0 0 0 0 0 0 0 0 0 0 0 0 0
0 0 0 0 0 0 0 0 0 0 0 0 0 0 0 0 0 0 0 0 0 0 0 0 0 0 0 0 0 0 0 0 0 0 0 0
0 0 0 0 0 0 0 0 0 0 0 0 0 0 0 0 0 0 0 0 0 0 0 0 0 0 0 0 0 0 0 0 0 0 0 0
0 0 0 0 0 0 0 0 0 0 0 0 0 0 0 0 0 0 0 0 0 0 0 0 0 0 0 0 0 0 0 0 0 0 0 0
##$SHL_EXPFAC= (0..15)
0 0 0 0 0 0 0 0 0 0 0 0 0 0 0 0
##$SHL_FRACEND= (0..15)
0 0 0 0 0 0 0 0 0 0 0 0 0 0 0 0
##$SHL_FRACORG= (0..15)
0 0 0 0 0 0 0 0 0 0 0 0 0 0 0 0
##$SHL_FRACSTART= (0..15)
0 0 0 0 0 0 0 0 0 0 0 0 0 0 0 0
##$SHL_FULLHALF= (0..15)
0 0 0 0 0 0 0 0 0 0 0 0 0 0 0 0
##$SHL_FUNCAMP= (0..15)
100 0 0 0 0 0 0 0 0 0 0 0 0 0 0 0
##$SHL_FUNCTION= (0..15)
<Rectangle> <> <> <> <> <> <> <> <> <> <> <> <> <> <> <>
##$SHL_GCO= (0..15)
<> <> <> <> <> <> <> <> <> <> <> <> <> <> <> <>
##$SHL_GCOCOEFFS0= (0..59)
0 0 0 0 0 0 0 0 0 0 0 0 0 0 0 0 0 0 0 0 0 0 0 0 0 0 0 0 0 0 0 0 0 0 0 0
0 0 0 0 0 0 0 0 0 0 0 0 0 0 0 0 0 0 0 0 0 0 0 0
##$SHL_GCOCOEFFS1= (0..59)
0 0 0 0 0 0 0 0 0 0 0 0 0 0 0 0 0 0 0 0 0 0 0 0 0 0 0 0 0 0 0 0 0 0 0 0
0 0 0 0 0 0 0 0 0 0 0 0 0 0 0 0 0 0 0 0 0 0 0 0
##$SHL_GCOCOEFFS10= (0..59)
0 0 0 0 0 0 0 0 0 0 0 0 0 0 0 0 0 0 0 0 0 0 0 0 0 0 0 0 0 0 0 0 0 0 0 0
0 0 0 0 0 0 0 0 0 0 0 0 0 0 0 0 0 0 0 0 0 0 0 0
##$SHL_GCOCOEFFS11= (0..59)
0 0 0 0 0 0 0 0 0 0 0 0 0 0 0 0 0 0 0 0 0 0 0 0 0 0 0 0 0 0 0 0 0 0 0 0
0 0 0 0 0 0 0 0 0 0 0 0 0 0 0 0 0 0 0 0 0 0 0 0
##$SHL_GCOCOEFFS12= (0..59)
0 0 0 0 0 0 0 0 0 0 0 0 0 0 0 0 0 0 0 0 0 0 0 0 0 0 0 0 0 0 0 0 0 0 0 0
0 0 0 0 0 0 0 0 0 0 0 0 0 0 0 0 0 0 0 0 0 0 0 0
##$SHL_GCOCOEFFS13= (0..59)
0 0 0 0 0 0 0 0 0 0 0 0 0 0 0 0 0 0 0 0 0 0 0 0 0 0 0 0 0 0 0 0 0 0 0 0
0 0 0 0 0 0 0 0 0 0 0 0 0 0 0 0 0 0 0 0 0 0 0 0
##$SHL_GCOCOEFFS14= (0..59)
0 0 0 0 0 0 0 0 0 0 0 0 0 0 0 0 0 0 0 0 0 0 0 0 0 0 0 0 0 0 0 0 0 0 0 0
0 0 0 0 0 0 0 0 0 0 0 0 0 0 0 0 0 0 0 0 0 0 0 0
##$SHL_GCOCOEFFS15= (0..59)
0 0 0 0 0 0 0 0 0 0 0 0 0 0 0 0 0 0 0 0 0 0 0 0 0 0 0 0 0 0 0 0 0 0 0 0
0 0 0 0 0 0 0 0 0 0 0 0 0 0 0 0 0 0 0 0 0 0 0 0
##$SHL_GCOCOEFFS2= (0..59)
0 0 0 0 0 0 0 0 0 0 0 0 0 0 0 0 0 0 0 0 0 0 0 0 0 0 0 0 0 0 0 0 0 0 0 0
0 0 0 0 0 0 0 0 0 0 0 0 0 0 0 0 0 0 0 0 0 0 0 0
##$SHL_GCOCOEFFS3= (0..59)
0 0 0 0 0 0 0 0 0 0 0 0 0 0 0 0 0 0 0 0 0 0 0 0 0 0 0 0 0 0 0 0 0 0 0 0
0 0 0 0 0 0 0 0 0 0 0 0 0 0 0 0 0 0 0 0 0 0 0 0
##$SHL_GCOCOEFFS4= (0..59)
0 0 0 0 0 0 0 0 0 0 0 0 0 0 0 0 0 0 0 0 0 0 0 0 0 0 0 0 0 0 0 0 0 0 0 0
0 0 0 0 0 0 0 0 0 0 0 0 0 0 0 0 0 0 0 0 0 0 0 0
##$SHL_GCOCOEFFS5= (0..59)
0 0 0 0 0 0 0 0 0 0 0 0 0 0 0 0 0 0 0 0 0 0 0 0 0 0 0 0 0 0 0 0 0 0 0 0
0 0 0 0 0 0 0 0 0 0 0 0 0 0 0 0 0 0 0 0 0 0 0 0
##$SHL_GCOCOEFFS6= (0..59)
0 0 0 0 0 0 0 0 0 0 0 0 0 0 0 0 0 0 0 0 0 0 0 0 0 0 0 0 0 0 0 0 0 0 0 0
0 0 0 0 0 0 0 0 0 0 0 0 0 0 0 0 0 0 0 0 0 0 0 0
##$SHL_GCOCOEFFS7= (0..59)
0 0 0 0 0 0 0 0 0 0 0 0 0 0 0 0 0 0 0 0 0 0 0 0 0 0 0 0 0 0 0 0 0 0 0 0
0 0 0 0 0 0 0 0 0 0 0 0 0 0 0 0 0 0 0 0 0 0 0 0
##$SHL_GCOCOEFFS8= (0..59)
0 0 0 0 0 0 0 0 0 0 0 0 0 0 0 0 0 0 0 0 0 0 0 0 0 0 0 0 0 0 0 0 0 0 0 0
0 0 0 0 0 0 0 0 0 0 0 0 0 0 0 0 0 0 0 0 0 0 0 0
##$SHL_GCOCOEFFS9= (0..59)
0 0 0 0 0 0 0 0 0 0 0 0 0 0 0 0 0 0 0 0 0 0 0 0 0 0 0 0 0 0 0 0 0 0 0 0
0 0 0 0 0 0 0 0 0 0 0 0 0 0 0 0 0 0 0 0 0 0 0 0
##$SHL_INTEGFAC= (0..15)
1 0 0 0 0 0 0 0 0 0 0 0 0 0 0 0
##$SHL_LB= (0..15)
0 0 0 0 0 0 0 0 0 0 0 0 0 0 0 0
##$SHL_LEFTLIMIT= (0..15)
0 0 0 0 0 0 0 0 0 0 0 0 0 0 0 0
##$SHL_LENGTH= (0..15)
25000.000373 0 0 0 0 0 0 0 0 0 0 0 0 0 0 0
##$SHL_MAN= (0..15)
<> <> <> <> <> <> <> <> <> <> <> <> <> <> <> <>
##$SHL_MEANAMP= (0..15)
0 0 0 0 0 0 0 0 0 0 0 0 0 0 0 0
##$SHL_MODAMP= (0..15)
0 0 0 0 0 0 0 0 0 0 0 0 0 0 0 0
##$SHL_MODE= (0..15)
0 0 0 0 0 0 0 0 0 0 0 0 0 0 0 0
##$SHL_MODFREQ= (0..15)
0 0 0 0 0 0 0 0 0 0 0 0 0 0 0 0
##$SHL_MODPHASE= (0..15)
0 0 0 0 0 0 0 0 0 0 0 0 0 0 0 0
##$SHL_MODSCALE= (0..15)
0 0 0 0 0 0 0 0 0 0 0 0 0 0 0 0
##$SHL_MODSW= (0..15)
0 0 0 0 0 0 0 0 0 0 0 0 0 0 0 0
##$SHL_MODSWDIR= (0..15)
-1 -1 -1 -1 -1 -1 -1 -1 -1 -1 -1 -1 -1 -1 -1 -1
##$SHL_MU= (0..15)
0 0 0 0 0 0 0 0 0 0 0 0 0 0 0 0
##$SHL_NPOINTS= (0..15)
1250 0 0 0 0 0 0 0 0 0 0 0 0 0 0 0
##$SHL_OFFS= (0..15)
<> <> <> <> <> <> <> <> <> <> <> <> <> <> <> <>
##$SHL_OFFSCOEFF0= (0..95)
0 0 0 0 0 0 0 0 0 0 0 0 0 0 0 0 0 0 0 0 0 0 0 0 0 0 0 0 0 0 0 0 0 0 0 0
0 0 0 0 0 0 0 0 0 0 0 0 0 0 0 0 0 0 0 0 0 0 0 0 0 0 0 0 0 0 0 0 0 0 0 0
0 0 0 0 0 0 0 0 0 0 0 0 0 0 0 0 0 0 0 0 0 0 0 0
##$SHL_OFFSCOEFF1= (0..95)
0 0 0 0 0 0 0 0 0 0 0 0 0 0 0 0 0 0 0 0 0 0 0 0 0 0 0 0 0 0 0 0 0 0 0 0
0 0 0 0 0 0 0 0 0 0 0 0 0 0 0 0 0 0 0 0 0 0 0 0 0 0 0 0 0 0 0 0 0 0 0 0
0 0 0 0 0 0 0 0 0 0 0 0 0 0 0 0 0 0 0 0 0 0 0 0
##$SHL_OFFSCOEFF10= (0..95)
0 0 0 0 0 0 0 0 0 0 0 0 0 0 0 0 0 0 0 0 0 0 0 0 0 0 0 0 0 0 0 0 0 0 0 0
0 0 0 0 0 0 0 0 0 0 0 0 0 0 0 0 0 0 0 0 0 0 0 0 0 0 0 0 0 0 0 0 0 0 0 0
0 0 0 0 0 0 0 0 0 0 0 0 0 0 0 0 0 0 0 0 0 0 0 0
##$SHL_OFFSCOEFF11= (0..95)
0 0 0 0 0 0 0 0 0 0 0 0 0 0 0 0 0 0 0 0 0 0 0 0 0 0 0 0 0 0 0 0 0 0 0 0
0 0 0 0 0 0 0 0 0 0 0 0 0 0 0 0 0 0 0 0 0 0 0 0 0 0 0 0 0 0 0 0 0 0 0 0
0 0 0 0 0 0 0 0 0 0 0 0 0 0 0 0 0 0 0 0 0 0 0 0
##$SHL_OFFSCOEFF12= (0..95)
0 0 0 0 0 0 0 0 0 0 0 0 0 0 0 0 0 0 0 0 0 0 0 0 0 0 0 0 0 0 0 0 0 0 0 0
0 0 0 0 0 0 0 0 0 0 0 0 0 0 0 0 0 0 0 0 0 0 0 0 0 0 0 0 0 0 0 0 0 0 0 0
0 0 0 0 0 0 0 0 0 0 0 0 0 0 0 0 0 0 0 0 0 0 0 0
##$SHL_OFFSCOEFF13= (0..95)
0 0 0 0 0 0 0 0 0 0 0 0 0 0 0 0 0 0 0 0 0 0 0 0 0 0 0 0 0 0 0 0 0 0 0 0
0 0 0 0 0 0 0 0 0 0 0 0 0 0 0 0 0 0 0 0 0 0 0 0 0 0 0 0 0 0 0 0 0 0 0 0
0 0 0 0 0 0 0 0 0 0 0 0 0 0 0 0 0 0 0 0 0 0 0 0
##$SHL_OFFSCOEFF14= (0..95)
0 0 0 0 0 0 0 0 0 0 0 0 0 0 0 0 0 0 0 0 0 0 0 0 0 0 0 0 0 0 0 0 0 0 0 0
0 0 0 0 0 0 0 0 0 0 0 0 0 0 0 0 0 0 0 0 0 0 0 0 0 0 0 0 0 0 0 0 0 0 0 0
0 0 0 0 0 0 0 0 0 0 0 0 0 0 0 0 0 0 0 0 0 0 0 0
##$SHL_OFFSCOEFF15= (0..95)
0 0 0 0 0 0 0 0 0 0 0 0 0 0 0 0 0 0 0 0 0 0 0 0 0 0 0 0 0 0 0 0 0 0 0 0
0 0 0 0 0 0 0 0 0 0 0 0 0 0 0 0 0 0 0 0 0 0 0 0 0 0 0 0 0 0 0 0 0 0 0 0
0 0 0 0 0 0 0 0 0 0 0 0 0 0 0 0 0 0 0 0 0 0 0 0
##$SHL_OFFSCOEFF2= (0..95)
0 0 0 0 0 0 0 0 0 0 0 0 0 0 0 0 0 0 0 0 0 0 0 0 0 0 0 0 0 0 0 0 0 0 0 0
0 0 0 0 0 0 0 0 0 0 0 0 0 0 0 0 0 0 0 0 0 0 0 0 0 0 0 0 0 0 0 0 0 0 0 0
0 0 0 0 0 0 0 0 0 0 0 0 0 0 0 0 0 0 0 0 0 0 0 0
##$SHL_OFFSCOEFF3= (0..95)
0 0 0 0 0 0 0 0 0 0 0 0 0 0 0 0 0 0 0 0 0 0 0 0 0 0 0 0 0 0 0 0 0 0 0 0
0 0 0 0 0 0 0 0 0 0 0 0 0 0 0 0 0 0 0 0 0 0 0 0 0 0 0 0 0 0 0 0 0 0 0 0
0 0 0 0 0 0 0 0 0 0 0 0 0 0 0 0 0 0 0 0 0 0 0 0
##$SHL_OFFSCOEFF4= (0..95)
0 0 0 0 0 0 0 0 0 0 0 0 0 0 0 0 0 0 0 0 0 0 0 0 0 0 0 0 0 0 0 0 0 0 0 0
0 0 0 0 0 0 0 0 0 0 0 0 0 0 0 0 0 0 0 0 0 0 0 0 0 0 0 0 0 0 0 0 0 0 0 0
0 0 0 0 0 0 0 0 0 0 0 0 0 0 0 0 0 0 0 0 0 0 0 0
##$SHL_OFFSCOEFF5= (0..95)
0 0 0 0 0 0 0 0 0 0 0 0 0 0 0 0 0 0 0 0 0 0 0 0 0 0 0 0 0 0 0 0 0 0 0 0
0 0 0 0 0 0 0 0 0 0 0 0 0 0 0 0 0 0 0 0 0 0 0 0 0 0 0 0 0 0 0 0 0 0 0 0
0 0 0 0 0 0 0 0 0 0 0 0 0 0 0 0 0 0 0 0 0 0 0 0
##$SHL_OFFSCOEFF6= (0..95)
0 0 0 0 0 0 0 0 0 0 0 0 0 0 0 0 0 0 0 0 0 0 0 0 0 0 0 0 0 0 0 0 0 0 0 0
0 0 0 0 0 0 0 0 0 0 0 0 0 0 0 0 0 0 0 0 0 0 0 0 0 0 0 0 0 0 0 0 0 0 0 0
0 0 0 0 0 0 0 0 0 0 0 0 0 0 0 0 0 0 0 0 0 0 0 0
##$SHL_OFFSCOEFF7= (0..95)
0 0 0 0 0 0 0 0 0 0 0 0 0 0 0 0 0 0 0 0 0 0 0 0 0 0 0 0 0 0 0 0 0 0 0 0
0 0 0 0 0 0 0 0 0 0 0 0 0 0 0 0 0 0 0 0 0 0 0 0 0 0 0 0 0 0 0 0 0 0 0 0
0 0 0 0 0 0 0 0 0 0 0 0 0 0 0 0 0 0 0 0 0 0 0 0
##$SHL_OFFSCOEFF8= (0..95)
0 0 0 0 0 0 0 0 0 0 0 0 0 0 0 0 0 0 0 0 0 0 0 0 0 0 0 0 0 0 0 0 0 0 0 0
0 0 0 0 0 0 0 0 0 0 0 0 0 0 0 0 0 0 0 0 0 0 0 0 0 0 0 0 0 0 0 0 0 0 0 0
0 0 0 0 0 0 0 0 0 0 0 0 0 0 0 0 0 0 0 0 0 0 0 0
##$SHL_OFFSCOEFF9= (0..95)
0 0 0 0 0 0 0 0 0 0 0 0 0 0 0 0 0 0 0 0 0 0 0 0 0 0 0 0 0 0 0 0 0 0 0 0
0 0 0 0 0 0 0 0 0 0 0 0 0 0 0 0 0 0 0 0 0 0 0 0 0 0 0 0 0 0 0 0 0 0 0 0
0 0 0 0 0 0 0 0 0 0 0 0 0 0 0 0 0 0 0 0 0 0 0 0
##$SHL_PHASE= (0..15)
0 0 0 0 0 0 0 0 0 0 0 0 0 0 0 0
##$SHL_PHASEFAC= (0..15)
0 0 0 0 0 0 0 0 0 0 0 0 0 0 0 0
##$SHL_POWERINDEX= (0..15)
0 0 0 0 0 0 0 0 0 0 0 0 0 0 0 0
##$SHL_QUADCOEFF= (0..15)
0 0 0 0 0 0 0 0 0 0 0 0 0 0 0 0
##$SHL_RIGHTLIMIT= (0..15)
0 0 0 0 0 0 0 0 0 0 0 0 0 0 0 0
##$SHL_SCALEFACTOR= (0..15)
1 1 1 1 1 1 1 1 1 1 1 1 1 1 1 1
##$SHL_SF= (0..15)
<> <> <> <> <> <> <> <> <> <> <> <> <> <> <> <>
##$SHL_SFCOEFFS0= (0..200)
0 0 0 0 0 0 0 0 0 0 0 0 0 0 0 0 0 0 0 0 0 0 0 0 0 0 0 0 0 0 0 0 0 0 0 0
0 0 0 0 0 0 0 0 0 0 0 0 0 0 0 0 0 0 0 0 0 0 0 0 0 0 0 0 0 0 0 0 0 0 0 0
0 0 0 0 0 0 0 0 0 0 0 0 0 0 0 0 0 0 0 0 0 0 0 0 0 0 0 0 0 0 0 0 0 0 0 0
0 0 0 0 0 0 0 0 0 0 0 0 0 0 0 0 0 0 0 0 0 0 0 0 0 0 0 0 0 0 0 0 0 0 0 0
0 0 0 0 0 0 0 0 0 0 0 0 0 0 0 0 0 0 0 0 0 0 0 0 0 0 0 0 0 0 0 0 0 0 0 0
0 0 0 0 0 0 0 0 0 0 0 0 0 0 0 0 0 0 0 0 0
##$SHL_SFCOEFFS1= (0..200)
0 0 0 0 0 0 0 0 0 0 0 0 0 0 0 0 0 0 0 0 0 0 0 0 0 0 0 0 0 0 0 0 0 0 0 0
0 0 0 0 0 0 0 0 0 0 0 0 0 0 0 0 0 0 0 0 0 0 0 0 0 0 0 0 0 0 0 0 0 0 0 0
0 0 0 0 0 0 0 0 0 0 0 0 0 0 0 0 0 0 0 0 0 0 0 0 0 0 0 0 0 0 0 0 0 0 0 0
0 0 0 0 0 0 0 0 0 0 0 0 0 0 0 0 0 0 0 0 0 0 0 0 0 0 0 0 0 0 0 0 0 0 0 0
0 0 0 0 0 0 0 0 0 0 0 0 0 0 0 0 0 0 0 0 0 0 0 0 0 0 0 0 0 0 0 0 0 0 0 0
0 0 0 0 0 0 0 0 0 0 0 0 0 0 0 0 0 0 0 0 0
##$SHL_SFCOEFFS10= (0..200)
0 0 0 0 0 0 0 0 0 0 0 0 0 0 0 0 0 0 0 0 0 0 0 0 0 0 0 0 0 0 0 0 0 0 0 0
0 0 0 0 0 0 0 0 0 0 0 0 0 0 0 0 0 0 0 0 0 0 0 0 0 0 0 0 0 0 0 0 0 0 0 0
0 0 0 0 0 0 0 0 0 0 0 0 0 0 0 0 0 0 0 0 0 0 0 0 0 0 0 0 0 0 0 0 0 0 0 0
0 0 0 0 0 0 0 0 0 0 0 0 0 0 0 0 0 0 0 0 0 0 0 0 0 0 0 0 0 0 0 0 0 0 0 0
0 0 0 0 0 0 0 0 0 0 0 0 0 0 0 0 0 0 0 0 0 0 0 0 0 0 0 0 0 0 0 0 0 0 0 0
0 0 0 0 0 0 0 0 0 0 0 0 0 0 0 0 0 0 0 0 0
##$SHL_SFCOEFFS11= (0..200)
0 0 0 0 0 0 0 0 0 0 0 0 0 0 0 0 0 0 0 0 0 0 0 0 0 0 0 0 0 0 0 0 0 0 0 0
0 0 0 0 0 0 0 0 0 0 0 0 0 0 0 0 0 0 0 0 0 0 0 0 0 0 0 0 0 0 0 0 0 0 0 0
0 0 0 0 0 0 0 0 0 0 0 0 0 0 0 0 0 0 0 0 0 0 0 0 0 0 0 0 0 0 0 0 0 0 0 0
0 0 0 0 0 0 0 0 0 0 0 0 0 0 0 0 0 0 0 0 0 0 0 0 0 0 0 0 0 0 0 0 0 0 0 0
0 0 0 0 0 0 0 0 0 0 0 0 0 0 0 0 0 0 0 0 0 0 0 0 0 0 0 0 0 0 0 0 0 0 0 0
0 0 0 0 0 0 0 0 0 0 0 0 0 0 0 0 0 0 0 0 0
##$SHL_SFCOEFFS12= (0..200)
0 0 0 0 0 0 0 0 0 0 0 0 0 0 0 0 0 0 0 0 0 0 0 0 0 0 0 0 0 0 0 0 0 0 0 0
0 0 0 0 0 0 0 0 0 0 0 0 0 0 0 0 0 0 0 0 0 0 0 0 0 0 0 0 0 0 0 0 0 0 0 0
0 0 0 0 0 0 0 0 0 0 0 0 0 0 0 0 0 0 0 0 0 0 0 0 0 0 0 0 0 0 0 0 0 0 0 0
0 0 0 0 0 0 0 0 0 0 0 0 0 0 0 0 0 0 0 0 0 0 0 0 0 0 0 0 0 0 0 0 0 0 0 0
0 0 0 0 0 0 0 0 0 0 0 0 0 0 0 0 0 0 0 0 0 0 0 0 0 0 0 0 0 0 0 0 0 0 0 0
0 0 0 0 0 0 0 0 0 0 0 0 0 0 0 0 0 0 0 0 0
##$SHL_SFCOEFFS13= (0..200)
0 0 0 0 0 0 0 0 0 0 0 0 0 0 0 0 0 0 0 0 0 0 0 0 0 0 0 0 0 0 0 0 0 0 0 0
0 0 0 0 0 0 0 0 0 0 0 0 0 0 0 0 0 0 0 0 0 0 0 0 0 0 0 0 0 0 0 0 0 0 0 0
0 0 0 0 0 0 0 0 0 0 0 0 0 0 0 0 0 0 0 0 0 0 0 0 0 0 0 0 0 0 0 0 0 0 0 0
0 0 0 0 0 0 0 0 0 0 0 0 0 0 0 0 0 0 0 0 0 0 0 0 0 0 0 0 0 0 0 0 0 0 0 0
0 0 0 0 0 0 0 0 0 0 0 0 0 0 0 0 0 0 0 0 0 0 0 0 0 0 0 0 0 0 0 0 0 0 0 0
0 0 0 0 0 0 0 0 0 0 0 0 0 0 0 0 0 0 0 0 0
##$SHL_SFCOEFFS14= (0..200)
0 0 0 0 0 0 0 0 0 0 0 0 0 0 0 0 0 0 0 0 0 0 0 0 0 0 0 0 0 0 0 0 0 0 0 0
0 0 0 0 0 0 0 0 0 0 0 0 0 0 0 0 0 0 0 0 0 0 0 0 0 0 0 0 0 0 0 0 0 0 0 0
0 0 0 0 0 0 0 0 0 0 0 0 0 0 0 0 0 0 0 0 0 0 0 0 0 0 0 0 0 0 0 0 0 0 0 0
0 0 0 0 0 0 0 0 0 0 0 0 0 0 0 0 0 0 0 0 0 0 0 0 0 0 0 0 0 0 0 0 0 0 0 0
0 0 0 0 0 0 0 0 0 0 0 0 0 0 0 0 0 0 0 0 0 0 0 0 0 0 0 0 0 0 0 0 0 0 0 0
0 0 0 0 0 0 0 0 0 0 0 0 0 0 0 0 0 0 0 0 0
##$SHL_SFCOEFFS15= (0..200)
0 0 0 0 0 0 0 0 0 0 0 0 0 0 0 0 0 0 0 0 0 0 0 0 0 0 0 0 0 0 0 0 0 0 0 0
0 0 0 0 0 0 0 0 0 0 0 0 0 0 0 0 0 0 0 0 0 0 0 0 0 0 0 0 0 0 0 0 0 0 0 0
0 0 0 0 0 0 0 0 0 0 0 0 0 0 0 0 0 0 0 0 0 0 0 0 0 0 0 0 0 0 0 0 0 0 0 0
0 0 0 0 0 0 0 0 0 0 0 0 0 0 0 0 0 0 0 0 0 0 0 0 0 0 0 0 0 0 0 0 0 0 0 0
0 0 0 0 0 0 0 0 0 0 0 0 0 0 0 0 0 0 0 0 0 0 0 0 0 0 0 0 0 0 0 0 0 0 0 0
0 0 0 0 0 0 0 0 0 0 0 0 0 0 0 0 0 0 0 0 0
##$SHL_SFCOEFFS2= (0..200)
0 0 0 0 0 0 0 0 0 0 0 0 0 0 0 0 0 0 0 0 0 0 0 0 0 0 0 0 0 0 0 0 0 0 0 0
0 0 0 0 0 0 0 0 0 0 0 0 0 0 0 0 0 0 0 0 0 0 0 0 0 0 0 0 0 0 0 0 0 0 0 0
0 0 0 0 0 0 0 0 0 0 0 0 0 0 0 0 0 0 0 0 0 0 0 0 0 0 0 0 0 0 0 0 0 0 0 0
0 0 0 0 0 0 0 0 0 0 0 0 0 0 0 0 0 0 0 0 0 0 0 0 0 0 0 0 0 0 0 0 0 0 0 0
0 0 0 0 0 0 0 0 0 0 0 0 0 0 0 0 0 0 0 0 0 0 0 0 0 0 0 0 0 0 0 0 0 0 0 0
0 0 0 0 0 0 0 0 0 0 0 0 0 0 0 0 0 0 0 0 0
##$SHL_SFCOEFFS3= (0..200)
0 0 0 0 0 0 0 0 0 0 0 0 0 0 0 0 0 0 0 0 0 0 0 0 0 0 0 0 0 0 0 0 0 0 0 0
0 0 0 0 0 0 0 0 0 0 0 0 0 0 0 0 0 0 0 0 0 0 0 0 0 0 0 0 0 0 0 0 0 0 0 0
0 0 0 0 0 0 0 0 0 0 0 0 0 0 0 0 0 0 0 0 0 0 0 0 0 0 0 0 0 0 0 0 0 0 0 0
0 0 0 0 0 0 0 0 0 0 0 0 0 0 0 0 0 0 0 0 0 0 0 0 0 0 0 0 0 0 0 0 0 0 0 0
0 0 0 0 0 0 0 0 0 0 0 0 0 0 0 0 0 0 0 0 0 0 0 0 0 0 0 0 0 0 0 0 0 0 0 0
0 0 0 0 0 0 0 0 0 0 0 0 0 0 0 0 0 0 0 0 0
##$SHL_SFCOEFFS4= (0..200)
0 0 0 0 0 0 0 0 0 0 0 0 0 0 0 0 0 0 0 0 0 0 0 0 0 0 0 0 0 0 0 0 0 0 0 0
0 0 0 0 0 0 0 0 0 0 0 0 0 0 0 0 0 0 0 0 0 0 0 0 0 0 0 0 0 0 0 0 0 0 0 0
0 0 0 0 0 0 0 0 0 0 0 0 0 0 0 0 0 0 0 0 0 0 0 0 0 0 0 0 0 0 0 0 0 0 0 0
0 0 0 0 0 0 0 0 0 0 0 0 0 0 0 0 0 0 0 0 0 0 0 0 0 0 0 0 0 0 0 0 0 0 0 0
0 0 0 0 0 0 0 0 0 0 0 0 0 0 0 0 0 0 0 0 0 0 0 0 0 0 0 0 0 0 0 0 0 0 0 0
0 0 0 0 0 0 0 0 0 0 0 0 0 0 0 0 0 0 0 0 0
##$SHL_SFCOEFFS5= (0..200)
0 0 0 0 0 0 0 0 0 0 0 0 0 0 0 0 0 0 0 0 0 0 0 0 0 0 0 0 0 0 0 0 0 0 0 0
0 0 0 0 0 0 0 0 0 0 0 0 0 0 0 0 0 0 0 0 0 0 0 0 0 0 0 0 0 0 0 0 0 0 0 0
0 0 0 0 0 0 0 0 0 0 0 0 0 0 0 0 0 0 0 0 0 0 0 0 0 0 0 0 0 0 0 0 0 0 0 0
0 0 0 0 0 0 0 0 0 0 0 0 0 0 0 0 0 0 0 0 0 0 0 0 0 0 0 0 0 0 0 0 0 0 0 0
0 0 0 0 0 0 0 0 0 0 0 0 0 0 0 0 0 0 0 0 0 0 0 0 0 0 0 0 0 0 0 0 0 0 0 0
0 0 0 0 0 0 0 0 0 0 0 0 0 0 0 0 0 0 0 0 0
##$SHL_SFCOEFFS6= (0..200)
0 0 0 0 0 0 0 0 0 0 0 0 0 0 0 0 0 0 0 0 0 0 0 0 0 0 0 0 0 0 0 0 0 0 0 0
0 0 0 0 0 0 0 0 0 0 0 0 0 0 0 0 0 0 0 0 0 0 0 0 0 0 0 0 0 0 0 0 0 0 0 0
0 0 0 0 0 0 0 0 0 0 0 0 0 0 0 0 0 0 0 0 0 0 0 0 0 0 0 0 0 0 0 0 0 0 0 0
0 0 0 0 0 0 0 0 0 0 0 0 0 0 0 0 0 0 0 0 0 0 0 0 0 0 0 0 0 0 0 0 0 0 0 0
0 0 0 0 0 0 0 0 0 0 0 0 0 0 0 0 0 0 0 0 0 0 0 0 0 0 0 0 0 0 0 0 0 0 0 0
0 0 0 0 0 0 0 0 0 0 0 0 0 0 0 0 0 0 0 0 0
##$SHL_SFCOEFFS7= (0..200)
0 0 0 0 0 0 0 0 0 0 0 0 0 0 0 0 0 0 0 0 0 0 0 0 0 0 0 0 0 0 0 0 0 0 0 0
0 0 0 0 0 0 0 0 0 0 0 0 0 0 0 0 0 0 0 0 0 0 0 0 0 0 0 0 0 0 0 0 0 0 0 0
0 0 0 0 0 0 0 0 0 0 0 0 0 0 0 0 0 0 0 0 0 0 0 0 0 0 0 0 0 0 0 0 0 0 0 0
0 0 0 0 0 0 0 0 0 0 0 0 0 0 0 0 0 0 0 0 0 0 0 0 0 0 0 0 0 0 0 0 0 0 0 0
0 0 0 0 0 0 0 0 0 0 0 0 0 0 0 0 0 0 0 0 0 0 0 0 0 0 0 0 0 0 0 0 0 0 0 0
0 0 0 0 0 0 0 0 0 0 0 0 0 0 0 0 0 0 0 0 0
##$SHL_SFCOEFFS8= (0..200)
0 0 0 0 0 0 0 0 0 0 0 0 0 0 0 0 0 0 0 0 0 0 0 0 0 0 0 0 0 0 0 0 0 0 0 0
0 0 0 0 0 0 0 0 0 0 0 0 0 0 0 0 0 0 0 0 0 0 0 0 0 0 0 0 0 0 0 0 0 0 0 0
0 0 0 0 0 0 0 0 0 0 0 0 0 0 0 0 0 0 0 0 0 0 0 0 0 0 0 0 0 0 0 0 0 0 0 0
0 0 0 0 0 0 0 0 0 0 0 0 0 0 0 0 0 0 0 0 0 0 0 0 0 0 0 0 0 0 0 0 0 0 0 0
0 0 0 0 0 0 0 0 0 0 0 0 0 0 0 0 0 0 0 0 0 0 0 0 0 0 0 0 0 0 0 0 0 0 0 0
0 0 0 0 0 0 0 0 0 0 0 0 0 0 0 0 0 0 0 0 0
##$SHL_SFCOEFFS9= (0..200)
0 0 0 0 0 0 0 0 0 0 0 0 0 0 0 0 0 0 0 0 0 0 0 0 0 0 0 0 0 0 0 0 0 0 0 0
0 0 0 0 0 0 0 0 0 0 0 0 0 0 0 0 0 0 0 0 0 0 0 0 0 0 0 0 0 0 0 0 0 0 0 0
0 0 0 0 0 0 0 0 0 0 0 0 0 0 0 0 0 0 0 0 0 0 0 0 0 0 0 0 0 0 0 0 0 0 0 0
0 0 0 0 0 0 0 0 0 0 0 0 0 0 0 0 0 0 0 0 0 0 0 0 0 0 0 0 0 0 0 0 0 0 0 0
0 0 0 0 0 0 0 0 0 0 0 0 0 0 0 0 0 0 0 0 0 0 0 0 0 0 0 0 0 0 0 0 0 0 0 0
0 0 0 0 0 0 0 0 0 0 0 0 0 0 0 0 0 0 0 0 0
##$SHL_SMOOTHED= (0..15)
0 0 0 0 0 0 0 0 0 0 0 0 0 0 0 0
##$SHL_SMOOTHING= (0..15)
0 0 0 0 0 0 0 0 0 0 0 0 0 0 0 0
##$SHL_SPOAL= (0..15)
0 0 0 0 0 0 0 0 0 0 0 0 0 0 0 0
##$SHL_SPOFFS= (0..15)
0 0 0 0 0 0 0 0 0 0 0 0 0 0 0 0
##$SHL_SPOPH= (0..15)
0 0 0 0 0 0 0 0 0 0 0 0 0 0 0 0
##$SHL_STARTAMP= (0..15)
0 0 0 0 0 0 0 0 0 0 0 0 0 0 0 0
##$SHL_SW= (0..15)
0 0 0 0 0 0 0 0 0 0 0 0 0 0 0 0
##$SHL_SWDIR= (0..15)
-1 -1 -1 -1 -1 -1 -1 -1 -1 -1 -1 -1 -1 -1 -1 -1
##$SHL_TANKAPPA= (0..15)
0 0 0 0 0 0 0 0 0 0 0 0 0 0 0 0
##$SHL_TOTROT= (0..15)
90 0 0 0 0 0 0 0 0 0 0 0 0 0 0 0
##$SHL_TRUNCLEV= (0..15)
0 0 0 0 0 0 0 0 0 0 0 0 0 0 0 0
##$SHL_TYPE= (0..15)
<Excitation> <> <> <> <> <> <> <> <> <> <> <> <> <> <> <>
##$SHL_WINDOWSIZE= (0..15)
0 0 0 0 0 0 0 0 0 0 0 0 0 0 0 0
##$SHL_ZETA= (0..15)
0 0 0 0 0 0 0 0 0 0 0 0 0 0 0 0
##NPOINTS= 1250
##XYPOINTS= (XY..XY)
59.851926, 127.555910
59.597382, 129.238638
59.341087, 130.923123
59.083073, 132.609388
58.823370, 134.297457
58.562010, 135.987355
58.299023, 137.679105
58.034443, 139.372732
57.768301, 141.068263
57.500628, 142.765724
57.231459, 144.465140
56.960826, 146.166540
56.688762, 147.869949
56.415300, 149.575397
56.140474, 151.282913
55.864319, 152.992524
55.586868, 154.704260
55.308155, 156.418153
55.028217, 158.134232
54.747088, 159.852528
54.464803, 161.573073
54.181397, 163.295900
53.896908, 165.021041
53.611371, 166.748530
53.324822, 168.478401
53.037299, 170.210689
52.748838, 171.945428
52.459477, 173.682654
52.169254, 175.422405
51.878206, 177.164716
51.586372, 178.909626
51.293790, 180.657172
51.000500, 182.407395
50.706539, 184.160332
50.411948, 185.916025
50.116767, 187.674513
49.821034, 189.435839
49.524792, 191.200045
49.228080, 192.967173
48.930939, 194.737266
48.633410, 196.510369
48.335535, 198.286526
48.037356, 200.065783
47.738916, 201.848185
47.440255, 203.633779
47.141418, 205.422612
46.842447, 207.214732
46.543385, 209.010187
46.244277, 210.809027
45.945166, 212.611300
45.646097, 214.417059
45.347115, 216.226352
45.048263, 218.039233
44.749589, 219.855752
44.451136, 221.675962
44.152951, 223.499917
43.855081, 225.327670
43.557572, 227.159275
43.260470, 228.994787
42.963824, 230.834260
42.667679, 232.677751
42.372085, 234.525314
42.077090, 236.377007
41.782741, 238.232885
41.489087, 240.093006
41.196178, 241.957426
40.904063, 243.826203
40.612791, 245.699394
40.322413, 247.577056
40.032978, 249.459247
39.744538, 251.346025
39.457142, 253.237446
39.170842, 255.133569
38.885689, 257.034449
38.601734, 258.940144
38.319031, 260.850710
38.037629, 262.766203
37.757582, 264.686679
37.478943, 266.612192
37.201763, 268.542795
36.926096, 270.478544
36.651994, 272.419488
36.379512, 274.365680
36.108701, 276.317170
35.839616, 278.274006
35.572309, 280.236236
35.306836, 282.203905
35.043249, 284.177057
34.781601, 286.155734
34.521947, 288.139977
34.264341, 290.129822
34.008835, 292.125307
33.755484, 294.126463
33.504341, 296.133322
33.255459, 298.145910
33.008891, 300.164253
32.764691, 302.188371
32.522910, 304.218282
32.283601, 306.254002
32.046817, 308.295539
31.812608, 310.342901
31.581026, 312.396090
31.352121, 314.455103
31.125944, 316.519934
30.902545, 318.590571
30.681971, 320.666998
30.464271, 322.749192
30.249494, 324.837126
30.037684, 326.930768
29.828889, 329.030078
29.623152, 331.135011
29.420517, 333.245517
29.221028, 335.361538
29.024725, 337.483010
28.831649, 339.609863
28.641839, 341.742019
28.455332, 343.879394
28.272165, 346.021896
28.092371, 348.169426
27.915985, 350.321880
27.743038, 352.479143
27.573558, 354.641094
27.407575, 356.807607
27.245113, 358.978545
27.086198, 1.153765
26.930850, 3.333118
26.779089, 5.516446
26.630935, 7.703584
26.486401, 9.894360
26.345501, 12.088596
26.208245, 14.286105
26.074644, 16.486696
25.944701, 18.690171
25.818422, 20.896324
25.695806, 23.104944
25.576852, 25.315816
25.461557, 27.528718
25.349912, 29.743423
25.241909, 31.959700
25.137536, 34.177314
25.036777, 36.396026
24.939615, 38.615593
24.846030, 40.835770
24.755998, 43.056308
24.669494, 45.276957
24.586490, 47.497467
24.506954, 49.717583
24.430853, 51.937052
24.358151, 54.155621
24.288808, 56.373035
24.222785, 58.589043
24.160036, 60.803393
24.100516, 63.015836
24.044177, 65.226123
23.990968, 67.434009
23.940835, 69.639254
23.893725, 71.841618
23.849579, 74.040867
23.808340, 76.236770
23.769945, 78.429102
23.734334, 80.617642
23.701441, 82.802174
23.671200, 84.982488
23.643545, 87.158379
23.618407, 89.329650
23.595715, 91.496108
23.575399, 93.657568
23.557386, 95.813851
23.541603, 97.964783
23.527976, 100.110200
23.516430, 102.249943
23.506889, 104.383860
23.499278, 106.511806
23.493519, 108.633644
23.489536, 110.749243
23.487250, 112.858478
23.486586, 114.961234
23.487464, 117.057400
23.489807, 119.146873
23.493537, 121.229556
23.498577, 123.305358
23.504849, 125.374196
23.512276, 127.435993
23.520781, 129.490676
23.530288, 131.538180
23.540721, 133.578445
23.552005, 135.611417
23.564063, 137.637045
23.576824, 139.655287
23.590212, 141.666102
23.604155, 143.669457
23.618581, 145.665321
23.633420, 147.653669
23.648601, 149.634478
23.664054, 151.607732
23.679711, 153.573414
23.695505, 155.531516
23.711370, 157.482028
23.727240, 159.424946
23.743050, 161.360268
23.758739, 163.287995
23.774243, 165.208129
23.789502, 167.120675
23.804456, 169.025641
23.819047, 170.923034
23.833216, 172.812866
23.846909, 174.695147
23.860069, 176.569891
23.872643, 178.437112
23.884579, 180.296823
23.895824, 182.149042
23.906329, 183.993783
23.916046, 185.831063
23.924926, 187.660899
23.932922, 189.483307
23.939991, 191.298305
23.946087, 193.105908
23.951168, 194.906133
23.955193, 196.698996
23.958122, 198.484512
23.959916, 200.262696
23.960536, 202.033560
23.959948, 203.797120
23.958115, 205.553385
23.955003, 207.302368
23.950581, 209.044077
23.944816, 210.778521
23.937679, 212.505708
23.929140, 214.225642
23.919172, 215.938327
23.907749, 217.643766
23.894846, 219.341960
23.880438, 221.032906
23.864503, 222.716602
23.847019, 224.393042
23.827967, 226.062220
23.807328, 227.724126
23.785084, 229.378748
23.761218, 231.026073
23.735716, 232.666084
23.708563, 234.298764
23.679748, 235.924089
23.649259, 237.542038
23.617086, 239.152584
23.583221, 240.755698
23.547655, 242.351348
23.510384, 243.939500
23.471402, 245.520116
23.430706, 247.093156
23.388295, 248.658576
23.344166, 250.216331
23.298322, 251.766370
23.250764, 253.308641
23.201496, 254.843087
23.150523, 256.369650
23.097851, 257.888265
23.043488, 259.398868
22.987444, 260.901388
22.929729, 262.395751
22.870355, 263.881882
22.809337, 265.359698
22.746691, 266.829116
22.682433, 268.290048
22.616582, 269.742400
22.549158, 271.186078
22.480184, 272.620982
22.409684, 274.047007
22.337684, 275.464045
22.264210, 276.871985
22.189292, 278.270711
22.112961, 279.660102
22.035251, 281.040035
21.956197, 282.410381
21.875835, 283.771008
21.794204, 285.121779
21.711347, 286.462553
21.627307, 287.793188
21.542128, 289.113533
21.455860, 290.423436
21.368551, 291.722742
21.280256, 293.011290
21.191029, 294.288917
21.100926, 295.555456
21.010010, 296.810737
20.918341, 298.054586
20.825985, 299.286826
20.733011, 300.507280
20.639489, 301.715765
20.545492, 302.912099
20.451098, 304.096096
20.356385, 305.267569
20.261436, 306.426331
20.166337, 307.572195
20.071177, 308.704973
19.976047, 309.824477
19.881042, 310.930521
19.786261, 312.022923
19.691806, 313.101500
19.597781, 314.166075
19.504294, 315.216475
19.411459, 316.252532
19.319389, 317.274083
19.228204, 318.280975
19.138026, 319.273061
19.048980, 320.250205
18.961195, 321.212281
18.874804, 322.159178
18.789941, 323.090794
18.706745, 324.007046
18.625360, 324.907866
18.545929, 325.793204
18.468600, 326.663031
18.393524, 327.517337
18.320854, 328.356138
18.250747, 329.179473
18.183360, 329.987406
18.118853, 330.780032
18.057387, 331.557474
17.999127, 332.319885
17.944237, 333.067452
17.892881, 333.800396
17.845226, 334.518971
17.801437, 335.223471
17.761681, 335.914224
17.726122, 336.591596
17.694924, 337.255992
17.668249, 337.907857
17.646258, 338.547673
17.629107, 339.175960
17.616953, 339.793278
17.609946, 340.400221
17.608233, 340.997422
17.611957, 341.585546
17.621256, 342.165291
17.636262, 342.737387
17.657100, 343.302590
17.683892, 343.861683
17.716750, 344.415470
17.755781, 344.964775
17.801082, 345.510436
17.852746, 346.053306
17.910854, 346.594243
17.975481, 347.134113
18.046693, 347.673780
18.124547, 348.214106
18.209093, 348.755944
18.300370, 349.300140
18.398409, 349.847520
18.503232, 350.398897
18.614855, 350.955060
18.733282, 351.516774
18.858511, 352.084775
18.990530, 352.659773
19.129322, 353.242442
19.274860, 353.833424
19.427112, 354.433326
19.586037, 355.042717
19.751589, 355.662127
19.923715, 356.292050
20.102358, 356.932939
20.287452, 357.585208
20.478931, 358.249233
20.676720, 358.925353
20.880743, 359.613865
21.090918, 0.315032
21.307161, 1.029082
21.529384, 1.756205
21.757498, 2.496561
21.991410, 3.250274
22.231025, 4.017442
22.476247, 4.798130
22.726979, 5.592377
22.983122, 6.400198
23.244576, 7.221581
23.511242, 8.056494
23.783018, 8.904883
24.059804, 9.766674
24.341499, 10.641777
24.628003, 11.530085
24.919214, 12.431477
25.215035, 13.345817
25.515364, 14.272959
25.820104, 15.212746
26.129157, 16.165011
26.442427, 17.129579
26.759817, 18.106268
27.081232, 19.094889
27.406580, 20.095250
27.735767, 21.107152
28.068702, 22.130395
28.405296, 23.164773
28.745459, 24.210082
29.089103, 25.266114
29.436142, 26.332661
29.786492, 27.409514
30.140068, 28.496464
30.496789, 29.593305
30.856572, 30.699829
31.219338, 31.815832
31.585008, 32.941110
31.953504, 34.075461
32.324751, 35.218686
32.698674, 36.370589
33.075198, 37.530976
33.454251, 38.699654
33.835761, 39.876437
34.219659, 41.061138
34.605874, 42.253576
34.994338, 43.453571
35.384984, 44.660949
35.777746, 45.875538
36.172559, 47.097168
36.569359, 48.325675
36.968081, 49.560897
37.368664, 50.802676
37.771047, 52.050856
38.175168, 53.305287
38.580968, 54.565821
38.988387, 55.832312
39.397369, 57.104621
39.807855, 58.382608
40.219788, 59.666139
40.633113, 60.955083
41.047774, 62.249312
41.463718, 63.548700
41.880889, 64.853126
42.299236, 66.162470
42.718704, 67.476617
43.139243, 68.795453
43.560801, 70.118868
43.983327, 71.446755
44.406770, 72.779008
44.831082, 74.115526
45.256212, 75.456208
45.682113, 76.800959
46.108735, 78.149683
46.536032, 79.502288
46.963955, 80.858686
47.392459, 82.218787
47.821496, 83.582507
48.251021, 84.949763
48.680989, 86.320475
49.111353, 87.694562
49.542070, 89.071949
49.973095, 90.452561
50.404385, 91.836325
50.835894, 93.223169
51.267581, 94.613025
51.699403, 96.005826
52.131316, 97.401504
52.563279, 98.799998
52.995249, 100.201243
53.427186, 101.605179
53.859047, 103.011747
54.290792, 104.420890
54.722380, 105.832550
55.153771, 107.246673
55.584925, 108.663205
56.015801, 110.082095
56.446360, 111.503290
56.876564, 112.926743
57.306372, 114.352403
57.735746, 115.780225
58.164648, 117.210161
58.593040, 118.642168
59.020882, 120.076201
59.448138, 121.512217
59.874770, 122.950175
60.300740, 124.390034
60.726012, 125.831755
61.150549, 127.275299
61.574314, 128.720628
61.997270, 130.167704
62.419382, 131.616493
62.840614, 133.066958
63.260929, 134.519066
63.680293, 135.972783
64.098670, 137.428076
64.516024, 138.884913
64.932321, 140.343264
65.347527, 141.803097
65.761607, 143.264383
66.174526, 144.727092
66.586250, 146.191197
66.996746, 147.656669
67.405981, 149.123481
67.813919, 150.591607
68.220529, 152.061020
68.625777, 153.531696
69.029630, 155.003610
69.432056, 156.476737
69.833023, 157.951053
70.232497, 159.426536
70.630447, 160.903163
71.026841, 162.380911
71.421648, 163.859759
71.814835, 165.339686
72.206372, 166.820670
72.596227, 168.302692
72.984370, 169.785732
73.370770, 171.269769
73.755397, 172.754786
74.138219, 174.240764
74.519208, 175.727683
74.898333, 177.215527
75.275564, 178.704277
75.650873, 180.193918
76.024229, 181.684430
76.395604, 183.175800
76.764968, 184.668009
77.132294, 186.161043
77.497552, 187.654886
77.860714, 189.149523
78.221752, 190.644938
78.580639, 192.141118
78.937346, 193.638048
79.291846, 195.135714
79.644112, 196.634102
79.994117, 198.133199
80.341834, 199.632991
80.687236, 201.133467
81.030297, 202.634612
81.370990, 204.136414
81.709290, 205.638862
82.045170, 207.141943
82.378606, 208.645646
82.709571, 210.149958
83.038041, 211.654869
83.363990, 213.160367
83.687395, 214.666442
84.008229, 216.173082
84.326470, 217.680278
84.642092, 219.188018
84.955073, 220.696293
85.265387, 222.205092
85.573013, 223.714406
85.877926, 225.224225
86.180104, 226.734540
86.479524, 228.245340
86.776164, 229.756618
87.070000, 231.268364
87.361011, 232.780569
87.649176, 234.293224
87.934472, 235.806322
88.216878, 237.319852
88.496372, 238.833808
88.772935, 240.348181
89.046545, 241.862962
89.317182, 243.378144
89.584825, 244.893720
89.849454, 246.409681
90.111050, 247.926020
90.369594, 249.442729
90.625065, 250.959802
90.877445, 252.477231
91.126715, 253.995008
91.372857, 255.513127
91.615851, 257.031581
91.855681, 258.550363
92.092327, 260.069467
92.325773, 261.588885
92.556002, 263.108612
92.782995, 264.628640
93.006736, 266.148964
93.227209, 267.669577
93.444397, 269.190473
93.658285, 270.711646
93.868855, 272.233090
94.076093, 273.754798
94.279983, 275.276766
94.480510, 276.798987
94.677660, 278.321456
94.871417, 279.844166
95.061768, 281.367113
95.248697, 282.890291
95.432192, 284.413694
95.612239, 285.937317
95.788824, 287.461154
95.961935, 288.985201
96.131558, 290.509452
96.297682, 292.033901
96.460293, 293.558545
96.619380, 295.083377
96.774931, 296.608393
96.926935, 298.133588
97.075380, 299.658956
97.220256, 301.184494
97.361551, 302.710196
97.499255, 304.236057
97.633359, 305.762073
97.763852, 307.288239
97.890724, 308.814550
98.013967, 310.341002
98.133571, 311.867590
98.249528, 313.394309
98.361828, 314.921156
98.470464, 316.448125
98.575427, 317.975212
98.676711, 319.502413
98.774306, 321.029723
98.868207, 322.557139
98.958406, 324.084654
99.044897, 325.612267
99.127673, 327.139971
99.206729, 328.667763
99.282057, 330.195639
99.353654, 331.723594
99.421513, 333.251625
99.485630, 334.779726
99.545999, 336.307894
99.602617, 337.836125
99.655479, 339.364414
99.704582, 340.892758
99.749922, 342.421153
99.791494, 343.949594
99.829298, 345.478077
99.863328, 347.006598
99.893584, 348.535153
99.920063, 350.063738
99.942763, 351.592350
99.961682, 353.120984
99.976819, 354.649635
99.988172, 356.178301
99.995742, 357.706976
99.999527, 359.235658
99.999527, 0.764342
99.995742, 2.293024
99.988172, 3.821699
99.976819, 5.350365
99.961682, 6.879016
99.942763, 8.407650
99.920063, 9.936262
99.893584, 11.464847
99.863328, 12.993402
99.829298, 14.521923
99.791494, 16.050406
99.749922, 17.578847
99.704582, 19.107242
99.655479, 20.635586
99.602617, 22.163875
99.545999, 23.692106
99.485630, 25.220274
99.421513, 26.748375
99.353654, 28.276406
99.282057, 29.804361
99.206729, 31.332237
99.127673, 32.860029
99.044897, 34.387733
98.958406, 35.915346
98.868207, 37.442861
98.774306, 38.970277
98.676711, 40.497587
98.575427, 42.024788
98.470464, 43.551875
98.361828, 45.078844
98.249528, 46.605691
98.133571, 48.132410
98.013967, 49.658998
97.890724, 51.185450
97.763852, 52.711761
97.633359, 54.237927
97.499255, 55.763943
97.361551, 57.289804
97.220256, 58.815506
97.075380, 60.341044
96.926935, 61.866412
96.774931, 63.391607
96.619380, 64.916623
96.460293, 66.441455
96.297682, 67.966099
96.131558, 69.490548
95.961935, 71.014799
95.788824, 72.538846
95.612239, 74.062683
95.432192, 75.586306
95.248697, 77.109709
95.061768, 78.632887
94.871417, 80.155834
94.677660, 81.678544
94.480510, 83.201013
94.279983, 84.723234
94.076093, 86.245202
93.868855, 87.766910
93.658285, 89.288354
93.444397, 90.809527
93.227209, 92.330423
93.006736, 93.851036
92.782995, 95.371360
92.556002, 96.891388
92.325773, 98.411115
92.092327, 99.930533
91.855681, 101.449637
91.615851, 102.968419
91.372857, 104.486873
91.126715, 106.004992
90.877445, 107.522769
90.625065, 109.040198
90.369594, 110.557271
90.111050, 112.073980
89.849454, 113.590319
89.584825, 115.106280
89.317182, 116.621856
89.046545, 118.137038
88.772935, 119.651819
88.496372, 121.166192
88.216878, 122.680148
87.934472, 124.193678
87.649176, 125.706776
87.361011, 127.219431
87.070000, 128.731636
86.776164, 130.243382
86.479524, 131.754660
86.180104, 133.265460
85.877926, 134.775775
85.573013, 136.285594
85.265387, 137.794908
84.955073, 139.303707
84.642092, 140.811982
84.326470, 142.319722
84.008229, 143.826918
83.687395, 145.333558
83.363990, 146.839633
83.038041, 148.345131
82.709571, 149.850042
82.378606, 151.354354
82.045170, 152.858057
81.709290, 154.361138
81.370990, 155.863586
81.030297, 157.365388
80.687236, 158.866533
80.341834, 160.367009
79.994117, 161.866801
79.644112, 163.365898
79.291846, 164.864286
78.937346, 166.361952
78.580639, 167.858882
78.221752, 169.355062
77.860714, 170.850477
77.497552, 172.345114
77.132294, 173.838957
76.764968, 175.331991
76.395604, 176.824200
76.024229, 178.315570
75.650873, 179.806082
75.275564, 181.295723
74.898333, 182.784473
74.519208, 184.272317
74.138219, 185.759236
73.755397, 187.245214
73.370770, 188.730231
72.984370, 190.214268
72.596227, 191.697308
72.206372, 193.179330
71.814835, 194.660314
71.421648, 196.140241
71.026841, 197.619089
70.630447, 199.096837
70.232497, 200.573464
69.833023, 202.048947
69.432056, 203.523263
69.029630, 204.996390
68.625777, 206.468304
68.220529, 207.938980
67.813919, 209.408393
67.405981, 210.876519
66.996746, 212.343331
66.586250, 213.808803
66.174526, 215.272908
65.761607, 216.735617
65.347527, 218.196903
64.932321, 219.656736
64.516024, 221.115087
64.098670, 222.571924
63.680293, 224.027217
63.260929, 225.480934
62.840614, 226.933042
62.419382, 228.383507
61.997270, 229.832296
61.574314, 231.279372
61.150549, 232.724701
60.726012, 234.168245
60.300740, 235.609966
59.874770, 237.049825
59.448138, 238.487783
59.020882, 239.923799
58.593040, 241.357832
58.164648, 242.789839
57.735746, 244.219775
57.306372, 245.647597
56.876564, 247.073257
56.446360, 248.496710
56.015801, 249.917905
55.584925, 251.336795
55.153771, 252.753327
54.722380, 254.167450
54.290792, 255.579110
53.859047, 256.988253
53.427186, 258.394821
52.995249, 259.798757
52.563279, 261.200002
52.131316, 262.598496
51.699403, 263.994174
51.267581, 265.386975
50.835894, 266.776831
50.404385, 268.163675
49.973095, 269.547439
49.542070, 270.928051
49.111353, 272.305438
48.680989, 273.679525
48.251021, 275.050237
47.821496, 276.417493
47.392459, 277.781213
46.963955, 279.141314
46.536032, 280.497712
46.108735, 281.850317
45.682113, 283.199041
45.256212, 284.543792
44.831082, 285.884474
44.406770, 287.220992
43.983327, 288.553245
43.560801, 289.881132
43.139243, 291.204547
42.718704, 292.523383
42.299236, 293.837530
41.880889, 295.146874
41.463718, 296.451300
41.047774, 297.750688
40.633113, 299.044917
40.219788, 300.333861
39.807855, 301.617392
39.397369, 302.895379
38.988387, 304.167688
38.580968, 305.434179
38.175168, 306.694713
37.771047, 307.949144
37.368664, 309.197324
36.968081, 310.439103
36.569359, 311.674325
36.172559, 312.902832
35.777746, 314.124462
35.384984, 315.339051
34.994338, 316.546429
34.605874, 317.746424
34.219659, 318.938862
33.835761, 320.123563
33.454251, 321.300346
33.075198, 322.469024
32.698674, 323.629411
32.324751, 324.781314
31.953504, 325.924539
31.585008, 327.058890
31.219338, 328.184168
30.856572, 329.300171
30.496789, 330.406695
30.140068, 331.503536
29.786492, 332.590486
29.436142, 333.667339
29.089103, 334.733886
28.745459, 335.789918
28.405296, 336.835227
28.068702, 337.869605
27.735767, 338.892848
27.406580, 339.904750
27.081232, 340.905111
26.759817, 341.893732
26.442427, 342.870421
26.129157, 343.834989
25.820104, 344.787254
25.515364, 345.727041
25.215035, 346.654183
24.919214, 347.568523
24.628003, 348.469915
24.341499, 349.358223
24.059804, 350.233326
23.783018, 351.095117
23.511242, 351.943506
23.244576, 352.778419
22.983122, 353.599802
22.726979, 354.407623
22.476247, 355.201870
22.231025, 355.982558
21.991410, 356.749726
21.757498, 357.503439
21.529384, 358.243795
21.307161, 358.970918
21.090918, 359.684968
20.880743, 0.386135
20.676720, 1.074647
20.478931, 1.750767
20.287452, 2.414792
20.102358, 3.067061
19.923715, 3.707950
19.751589, 4.337873
19.586037, 4.957283
19.427112, 5.566674
19.274860, 6.166576
19.129322, 6.757558
18.990530, 7.340227
18.858511, 7.915225
18.733282, 8.483226
18.614855, 9.044940
18.503232, 9.601103
18.398409, 10.152480
18.300370, 10.699860
18.209093, 11.244056
18.124547, 11.785894
18.046693, 12.326220
17.975481, 12.865887
17.910854, 13.405757
17.852746, 13.946694
17.801082, 14.489564
17.755781, 15.035225
17.716750, 15.584530
17.683892, 16.138317
17.657100, 16.697410
17.636262, 17.262613
17.621256, 17.834709
17.611957, 18.414454
17.608233, 19.002578
17.609946, 19.599779
17.616953, 20.206722
17.629107, 20.824040
17.646258, 21.452327
17.668249, 22.092143
17.694924, 22.744008
17.726122, 23.408404
17.761681, 24.085776
17.801437, 24.776529
17.845226, 25.481029
17.892881, 26.199604
17.944237, 26.932548
17.999127, 27.680115
18.057387, 28.442526
18.118853, 29.219968
18.183360, 30.012594
18.250747, 30.820527
18.320854, 31.643862
18.393524, 32.482663
18.468600, 33.336969
18.545929, 34.206796
18.625360, 35.092134
18.706745, 35.992954
18.789941, 36.909206
18.874804, 37.840822
18.961195, 38.787719
19.048980, 39.749795
19.138026, 40.726939
19.228204, 41.719025
19.319389, 42.725917
19.411459, 43.747468
19.504294, 44.783525
19.597781, 45.833925
19.691806, 46.898500
19.786261, 47.977077
19.881042, 49.069479
19.976047, 50.175523
20.071177, 51.295027
20.166337, 52.427805
20.261436, 53.573669
20.356385, 54.732431
20.451098, 55.903904
20.545492, 57.087901
20.639489, 58.284235
20.733011, 59.492720
20.825985, 60.713174
20.918341, 61.945414
21.010010, 63.189263
21.100926, 64.444544
21.191029, 65.711083
21.280256, 66.988710
21.368551, 68.277258
21.455860, 69.576564
21.542128, 70.886467
21.627307, 72.206812
21.711347, 73.537447
21.794204, 74.878221
21.875835, 76.228992
21.956197, 77.589619
22.035251, 78.959965
22.112961, 80.339898
22.189292, 81.729289
22.264210, 83.128015
22.337684, 84.535955
22.409684, 85.952993
22.480184, 87.379018
22.549158, 88.813922
22.616582, 90.257600
22.682433, 91.709952
22.746691, 93.170884
22.809337, 94.640302
22.870355, 96.118118
22.929729, 97.604249
22.987444, 99.098612
23.043488, 100.601132
23.097851, 102.111735
23.150523, 103.630350
23.201496, 105.156913
23.250764, 106.691359
23.298322, 108.233630
23.344166, 109.783669
23.388295, 111.341424
23.430706, 112.906844
23.471402, 114.479884
23.510384, 116.060500
23.547655, 117.648652
23.583221, 119.244302
23.617086, 120.847416
23.649259, 122.457962
23.679748, 124.075911
23.708563, 125.701236
23.735716, 127.333916
23.761218, 128.973927
23.785084, 130.621252
23.807328, 132.275874
23.827967, 133.937780
23.847019, 135.606958
23.864503, 137.283398
23.880438, 138.967094
23.894846, 140.658040
23.907749, 142.356234
23.919172, 144.061673
23.929140, 145.774358
23.937679, 147.494292
23.944816, 149.221479
23.950581, 150.955923
23.955003, 152.697632
23.958115, 154.446615
23.959948, 156.202880
23.960536, 157.966440
23.959916, 159.737304
23.958122, 161.515488
23.955193, 163.301004
23.951168, 165.093867
23.946087, 166.894092
23.939991, 168.701695
23.932922, 170.516693
23.924926, 172.339101
23.916046, 174.168937
23.906329, 176.006217
23.895824, 177.850958
23.884579, 179.703177
23.872643, 181.562888
23.860069, 183.430109
23.846909, 185.304853
23.833216, 187.187134
23.819047, 189.076966
23.804456, 190.974359
23.789502, 192.879325
23.774243, 194.791871
23.758739, 196.712005
23.743050, 198.639732
23.727240, 200.575054
23.711370, 202.517972
23.695505, 204.468484
23.679711, 206.426586
23.664054, 208.392268
23.648601, 210.365522
23.633420, 212.346331
23.618581, 214.334679
23.604155, 216.330543
23.590212, 218.333898
23.576824, 220.344713
23.564063, 222.362955
23.552005, 224.388583
23.540721, 226.421555
23.530288, 228.461820
23.520781, 230.509324
23.512276, 232.564007
23.504849, 234.625804
23.498577, 236.694642
23.493537, 238.770444
23.489807, 240.853127
23.487464, 242.942600
23.486586, 245.038766
23.487250, 247.141522
23.489536, 249.250757
23.493519, 251.366356
23.499278, 253.488194
23.506889, 255.616140
23.516430, 257.750057
23.527976, 259.889800
23.541603, 262.035217
23.557386, 264.186149
23.575399, 266.342432
23.595715, 268.503892
23.618407, 270.670350
23.643545, 272.841621
23.671200, 275.017512
23.701441, 277.197826
23.734334, 279.382358
23.769945, 281.570898
23.808340, 283.763230
23.849579, 285.959133
23.893725, 288.158382
23.940835, 290.360746
23.990968, 292.565991
24.044177, 294.773877
24.100516, 296.984164
24.160036, 299.196607
24.222785, 301.410957
24.288808, 303.626965
24.358151, 305.844379
24.430853, 308.062948
24.506954, 310.282417
24.586490, 312.502533
24.669494, 314.723043
24.755998, 316.943692
24.846030, 319.164230
24.939615, 321.384407
25.036777, 323.603974
25.137536, 325.822686
25.241909, 328.040300
25.349912, 330.256577
25.461557, 332.471282
25.576852, 334.684184
25.695806, 336.895056
25.818422, 339.103676
25.944701, 341.309829
26.074644, 343.513304
26.208245, 345.713895
26.345501, 347.911404
26.486401, 350.105640
26.630935, 352.296416
26.779089, 354.483554
26.930850, 356.666882
27.086198, 358.846235
27.245113, 1.021455
27.407575, 3.192393
27.573558, 5.358906
27.743038, 7.520857
27.915985, 9.678120
28.092371, 11.830574
28.272165, 13.978104
28.455332, 16.120606
28.641839, 18.257981
28.831649, 20.390137
29.024725, 22.516990
29.221028, 24.638462
29.420517, 26.754483
29.623152, 28.864989
29.828889, 30.969922
30.037684, 33.069232
30.249494, 35.162874
30.464271, 37.250808
30.681971, 39.333002
30.902545, 41.409429
31.125944, 43.480066
31.352121, 45.544897
31.581026, 47.603910
31.812608, 49.657099
32.046817, 51.704461
32.283601, 53.745998
32.522910, 55.781718
32.764691, 57.811629
33.008891, 59.835747
33.255459, 61.854090
33.504341, 63.866678
33.755484, 65.873537
34.008835, 67.874693
34.264341, 69.870178
34.521947, 71.860023
34.781601, 73.844266
35.043249, 75.822943
35.306836, 77.796095
35.572309, 79.763764
35.839616, 81.725994
36.108701, 83.682830
36.379512, 85.634320
36.651994, 87.580512
36.926096, 89.521456
37.201763, 91.457205
37.478943, 93.387808
37.757582, 95.313321
38.037629, 97.233797
38.319031, 99.149290
38.601734, 101.059856
38.885689, 102.965551
39.170842, 104.866431
39.457142, 106.762554
39.744538, 108.653975
40.032978, 110.540753
40.322413, 112.422944
40.612791, 114.300606
40.904063, 116.173797
41.196178, 118.042574
41.489087, 119.906994
41.782741, 121.767115
42.077090, 123.622993
42.372085, 125.474686
42.667679, 127.322249
42.963824, 129.165740
43.260470, 131.005213
43.557572, 132.840725
43.855081, 134.672330
44.152951, 136.500083
44.451136, 138.324038
44.749589, 140.144248
45.048263, 141.960767
45.347115, 143.773648
45.646097, 145.582941
45.945166, 147.388700
46.244277, 149.190973
46.543385, 150.989813
46.842447, 152.785268
47.141418, 154.577388
47.440255, 156.366221
47.738916, 158.151815
48.037356, 159.934217
48.335535, 161.713474
48.633410, 163.489631
48.930939, 165.262734
49.228080, 167.032827
49.524792, 168.799955
49.821034, 170.564161
50.116767, 172.325487
50.411948, 174.083975
50.706539, 175.839668
51.000500, 177.592605
51.293790, 179.342828
51.586372, 181.090374
51.878206, 182.835284
52.169254, 184.577595
52.459477, 186.317346
52.748838, 188.054572
53.037299, 189.789311
53.324822, 191.521599
53.611371, 193.251470
53.896908, 194.978959
54.181397, 196.704100
54.464803, 198.426927
54.747088, 200.147472
55.028217, 201.865768
55.308155, 203.581847
55.586868, 205.295740
55.864319, 207.007476
56.140474, 208.717087
56.415300, 210.424603
56.688762, 212.130051
56.960826, 213.833460
57.231459, 215.534860
57.500628, 217.234276
57.768301, 218.931737
58.034443, 220.627268
58.299023, 222.320895
58.562010, 224.012645
58.823370, 225.702543
59.083073, 227.390612
59.341087, 229.076877
59.597382, 230.761362
59.851926, 232.444090
##END=
