##TITLE= Parameter file, TopSpin 4.3.0
##JCAMPDX= 5.0
##DATATYPE= Parameter Values
##ORIGIN= Bruker BioSpin GmbH
##OWNER= nmrsu
$$ 2024-03-07 20:40:32.264 +0000  nmrsu@4CE1161FJM
$$ C:/Bruker/TopSpin4.3.0/exp/stan/nmr/lists/wave/user/multisupp_aux_d8
$$ process C:\Bruker\TopSpin4.3.0\prog\mod\xwinshape.exe
##MINX= 0.12365500
##MAXX= 99.99667500
##MINY= 0.52270800
##MAXY= 359.47729200
##$SHAPE_ADDPHASE= 0
##$SHAPE_AMP= 99.99667463
##$SHAPE_BWFAC= 0
##$SHAPE_BWFAC50= 0
##$SHAPE_CALCBW= yes
##$SHAPE_CALCINTEG= yes
##$SHAPE_EXMODE= <Excitation>
##$SHAPE_EXPAND= <>
##$SHAPE_EXPANDCF= (0..143)
0 0 0 0 0 0 0 0 0 0 0 0 0 0 0 0 0 0 0 0 0 0 0 0 0 0 0 0 0 0 0 0 0 0 0 0
0 0 0 0 0 0 0 0 0 0 0 0 0 0 0 0 0 0 0 0 0 0 0 0 0 0 0 0 0 0 0 0 0 0 0 0
0 0 0 0 0 0 0 0 0 0 0 0 0 0 0 0 0 0 0 0 0 0 0 0 0 0 0 0 0 0 0 0 0 0 0 0
0 0 0 0 0 0 0 0 0 0 0 0 0 0 0 0 0 0 0 0 0 0 0 0 0 0 0 0 0 0 0 0 0 0 0 0
##$SHAPE_EXPFAC= 0
##$SHAPE_FRACEND= 0
##$SHAPE_FRACORG= 0
##$SHAPE_FRACSTART= 0
##$SHAPE_INTEGFAC= 0
##$SHAPE_KEEPRES= yes
##$SHAPE_LENGTH= 25000.000373
##$SHAPE_MAN= <M>
##$SHAPE_MODE= 4
##$SHAPE_MODFREQ= 0
##$SHAPE_MODPHASE= 0
##$SHAPE_MODSCALE= 0
##$SHAPE_MODSW= 0
##$SHAPE_MODSWDIR= -1
##$SHAPE_NPOINTS= 1250
##$SHAPE_OFFS= <1 4>
##$SHAPE_OFFSCOEFF= (0..95)
63.56369 0 100 -146.81874 0 100 -214.47891 0 100 -283.04879 0 100 0 0 0
0 0 0 0 0 0 0 0 0 0 0 0 0 0 0 0 0 0 0 0 0 0 0 0 0 0 0 0 0 0 0 0 0 0 0 0
0 0 0 0 0 0 0 0 0 0 0 0 0 0 0 0 0 0 0 0 0 0 0 0 0 0 0 0 0 0 0 0 0 0 0 0
0 0 0 0 0 0 0 0 0
##$SHAPE_PARAMETER= <>
##$SHAPE_REPHFAC= 0
##$SHAPE_RES= 0
##$SHAPE_SCALEFAC= 1.00003325
##$SHAPE_SCALETYPE= 0
##$SHAPE_SPOAL= 0
##$SHAPE_SPOFFS= 0
##$SHAPE_SPOPH= 0
##$SHAPE_TOTROT= 90
##$SHAPE_TYPE= <Excitation>
##$SHAPE_USER_DEF= <>
##$SHAPE_VERSION= 2.1
##$SHL_ADDPHASE= (0..15)
0 0 0 0 0 0 0 0 0 0 0 0 0 0 0 0
##$SHL_ALIGNOFFSET= (0..15)
0 0 0 0 0 0 0 0 0 0 0 0 0 0 0 0
##$SHL_AMP= (0..15)
100 0 0 0 0 0 0 0 0 0 0 0 0 0 0 0
##$SHL_AMPFAC= (0..15)
0 0 0 0 0 0 0 0 0 0 0 0 0 0 0 0
##$SHL_BETA= (0..15)
0 0 0 0 0 0 0 0 0 0 0 0 0 0 0 0
##$SHL_BWFAC= (0..15)
1.116 0 0 0 0 0 0 0 0 0 0 0 0 0 0 0
##$SHL_CALCBW= (0..15)
yes yes yes yes yes yes yes yes yes yes yes yes yes yes yes yes
##$SHL_CALCINTEG= (0..15)
yes yes yes yes yes yes yes yes yes yes yes yes yes yes yes yes
##$SHL_CENTERAMP= (0..15)
0 0 0 0 0 0 0 0 0 0 0 0 0 0 0 0
##$SHL_CYCNUM= (0..15)
0 0 0 0 0 0 0 0 0 0 0 0 0 0 0 0
##$SHL_DIPOLCPL= (0..15)
0 0 0 0 0 0 0 0 0 0 0 0 0 0 0 0
##$SHL_ENDAMP= (0..15)
0 0 0 0 0 0 0 0 0 0 0 0 0 0 0 0
##$SHL_EXMODE= (0..15)
<Excitation> <> <> <> <> <> <> <> <> <> <> <> <> <> <> <>
##$SHL_EXPAND= (0..15)
<> <> <> <> <> <> <> <> <> <> <> <> <> <> <> <>
##$SHL_EXPANDCF0= (0..143)
0 0 0 0 0 0 0 0 0 0 0 0 0 0 0 0 0 0 0 0 0 0 0 0 0 0 0 0 0 0 0 0 0 0 0 0
0 0 0 0 0 0 0 0 0 0 0 0 0 0 0 0 0 0 0 0 0 0 0 0 0 0 0 0 0 0 0 0 0 0 0 0
0 0 0 0 0 0 0 0 0 0 0 0 0 0 0 0 0 0 0 0 0 0 0 0 0 0 0 0 0 0 0 0 0 0 0 0
0 0 0 0 0 0 0 0 0 0 0 0 0 0 0 0 0 0 0 0 0 0 0 0 0 0 0 0 0 0 0 0 0 0 0 0
##$SHL_EXPANDCF1= (0..143)
0 0 0 0 0 0 0 0 0 0 0 0 0 0 0 0 0 0 0 0 0 0 0 0 0 0 0 0 0 0 0 0 0 0 0 0
0 0 0 0 0 0 0 0 0 0 0 0 0 0 0 0 0 0 0 0 0 0 0 0 0 0 0 0 0 0 0 0 0 0 0 0
0 0 0 0 0 0 0 0 0 0 0 0 0 0 0 0 0 0 0 0 0 0 0 0 0 0 0 0 0 0 0 0 0 0 0 0
0 0 0 0 0 0 0 0 0 0 0 0 0 0 0 0 0 0 0 0 0 0 0 0 0 0 0 0 0 0 0 0 0 0 0 0
##$SHL_EXPANDCF10= (0..143)
0 0 0 0 0 0 0 0 0 0 0 0 0 0 0 0 0 0 0 0 0 0 0 0 0 0 0 0 0 0 0 0 0 0 0 0
0 0 0 0 0 0 0 0 0 0 0 0 0 0 0 0 0 0 0 0 0 0 0 0 0 0 0 0 0 0 0 0 0 0 0 0
0 0 0 0 0 0 0 0 0 0 0 0 0 0 0 0 0 0 0 0 0 0 0 0 0 0 0 0 0 0 0 0 0 0 0 0
0 0 0 0 0 0 0 0 0 0 0 0 0 0 0 0 0 0 0 0 0 0 0 0 0 0 0 0 0 0 0 0 0 0 0 0
##$SHL_EXPANDCF11= (0..143)
0 0 0 0 0 0 0 0 0 0 0 0 0 0 0 0 0 0 0 0 0 0 0 0 0 0 0 0 0 0 0 0 0 0 0 0
0 0 0 0 0 0 0 0 0 0 0 0 0 0 0 0 0 0 0 0 0 0 0 0 0 0 0 0 0 0 0 0 0 0 0 0
0 0 0 0 0 0 0 0 0 0 0 0 0 0 0 0 0 0 0 0 0 0 0 0 0 0 0 0 0 0 0 0 0 0 0 0
0 0 0 0 0 0 0 0 0 0 0 0 0 0 0 0 0 0 0 0 0 0 0 0 0 0 0 0 0 0 0 0 0 0 0 0
##$SHL_EXPANDCF12= (0..143)
0 0 0 0 0 0 0 0 0 0 0 0 0 0 0 0 0 0 0 0 0 0 0 0 0 0 0 0 0 0 0 0 0 0 0 0
0 0 0 0 0 0 0 0 0 0 0 0 0 0 0 0 0 0 0 0 0 0 0 0 0 0 0 0 0 0 0 0 0 0 0 0
0 0 0 0 0 0 0 0 0 0 0 0 0 0 0 0 0 0 0 0 0 0 0 0 0 0 0 0 0 0 0 0 0 0 0 0
0 0 0 0 0 0 0 0 0 0 0 0 0 0 0 0 0 0 0 0 0 0 0 0 0 0 0 0 0 0 0 0 0 0 0 0
##$SHL_EXPANDCF13= (0..143)
0 0 0 0 0 0 0 0 0 0 0 0 0 0 0 0 0 0 0 0 0 0 0 0 0 0 0 0 0 0 0 0 0 0 0 0
0 0 0 0 0 0 0 0 0 0 0 0 0 0 0 0 0 0 0 0 0 0 0 0 0 0 0 0 0 0 0 0 0 0 0 0
0 0 0 0 0 0 0 0 0 0 0 0 0 0 0 0 0 0 0 0 0 0 0 0 0 0 0 0 0 0 0 0 0 0 0 0
0 0 0 0 0 0 0 0 0 0 0 0 0 0 0 0 0 0 0 0 0 0 0 0 0 0 0 0 0 0 0 0 0 0 0 0
##$SHL_EXPANDCF14= (0..143)
0 0 0 0 0 0 0 0 0 0 0 0 0 0 0 0 0 0 0 0 0 0 0 0 0 0 0 0 0 0 0 0 0 0 0 0
0 0 0 0 0 0 0 0 0 0 0 0 0 0 0 0 0 0 0 0 0 0 0 0 0 0 0 0 0 0 0 0 0 0 0 0
0 0 0 0 0 0 0 0 0 0 0 0 0 0 0 0 0 0 0 0 0 0 0 0 0 0 0 0 0 0 0 0 0 0 0 0
0 0 0 0 0 0 0 0 0 0 0 0 0 0 0 0 0 0 0 0 0 0 0 0 0 0 0 0 0 0 0 0 0 0 0 0
##$SHL_EXPANDCF15= (0..143)
0 0 0 0 0 0 0 0 0 0 0 0 0 0 0 0 0 0 0 0 0 0 0 0 0 0 0 0 0 0 0 0 0 0 0 0
0 0 0 0 0 0 0 0 0 0 0 0 0 0 0 0 0 0 0 0 0 0 0 0 0 0 0 0 0 0 0 0 0 0 0 0
0 0 0 0 0 0 0 0 0 0 0 0 0 0 0 0 0 0 0 0 0 0 0 0 0 0 0 0 0 0 0 0 0 0 0 0
0 0 0 0 0 0 0 0 0 0 0 0 0 0 0 0 0 0 0 0 0 0 0 0 0 0 0 0 0 0 0 0 0 0 0 0
##$SHL_EXPANDCF2= (0..143)
0 0 0 0 0 0 0 0 0 0 0 0 0 0 0 0 0 0 0 0 0 0 0 0 0 0 0 0 0 0 0 0 0 0 0 0
0 0 0 0 0 0 0 0 0 0 0 0 0 0 0 0 0 0 0 0 0 0 0 0 0 0 0 0 0 0 0 0 0 0 0 0
0 0 0 0 0 0 0 0 0 0 0 0 0 0 0 0 0 0 0 0 0 0 0 0 0 0 0 0 0 0 0 0 0 0 0 0
0 0 0 0 0 0 0 0 0 0 0 0 0 0 0 0 0 0 0 0 0 0 0 0 0 0 0 0 0 0 0 0 0 0 0 0
##$SHL_EXPANDCF3= (0..143)
0 0 0 0 0 0 0 0 0 0 0 0 0 0 0 0 0 0 0 0 0 0 0 0 0 0 0 0 0 0 0 0 0 0 0 0
0 0 0 0 0 0 0 0 0 0 0 0 0 0 0 0 0 0 0 0 0 0 0 0 0 0 0 0 0 0 0 0 0 0 0 0
0 0 0 0 0 0 0 0 0 0 0 0 0 0 0 0 0 0 0 0 0 0 0 0 0 0 0 0 0 0 0 0 0 0 0 0
0 0 0 0 0 0 0 0 0 0 0 0 0 0 0 0 0 0 0 0 0 0 0 0 0 0 0 0 0 0 0 0 0 0 0 0
##$SHL_EXPANDCF4= (0..143)
0 0 0 0 0 0 0 0 0 0 0 0 0 0 0 0 0 0 0 0 0 0 0 0 0 0 0 0 0 0 0 0 0 0 0 0
0 0 0 0 0 0 0 0 0 0 0 0 0 0 0 0 0 0 0 0 0 0 0 0 0 0 0 0 0 0 0 0 0 0 0 0
0 0 0 0 0 0 0 0 0 0 0 0 0 0 0 0 0 0 0 0 0 0 0 0 0 0 0 0 0 0 0 0 0 0 0 0
0 0 0 0 0 0 0 0 0 0 0 0 0 0 0 0 0 0 0 0 0 0 0 0 0 0 0 0 0 0 0 0 0 0 0 0
##$SHL_EXPANDCF5= (0..143)
0 0 0 0 0 0 0 0 0 0 0 0 0 0 0 0 0 0 0 0 0 0 0 0 0 0 0 0 0 0 0 0 0 0 0 0
0 0 0 0 0 0 0 0 0 0 0 0 0 0 0 0 0 0 0 0 0 0 0 0 0 0 0 0 0 0 0 0 0 0 0 0
0 0 0 0 0 0 0 0 0 0 0 0 0 0 0 0 0 0 0 0 0 0 0 0 0 0 0 0 0 0 0 0 0 0 0 0
0 0 0 0 0 0 0 0 0 0 0 0 0 0 0 0 0 0 0 0 0 0 0 0 0 0 0 0 0 0 0 0 0 0 0 0
##$SHL_EXPANDCF6= (0..143)
0 0 0 0 0 0 0 0 0 0 0 0 0 0 0 0 0 0 0 0 0 0 0 0 0 0 0 0 0 0 0 0 0 0 0 0
0 0 0 0 0 0 0 0 0 0 0 0 0 0 0 0 0 0 0 0 0 0 0 0 0 0 0 0 0 0 0 0 0 0 0 0
0 0 0 0 0 0 0 0 0 0 0 0 0 0 0 0 0 0 0 0 0 0 0 0 0 0 0 0 0 0 0 0 0 0 0 0
0 0 0 0 0 0 0 0 0 0 0 0 0 0 0 0 0 0 0 0 0 0 0 0 0 0 0 0 0 0 0 0 0 0 0 0
##$SHL_EXPANDCF7= (0..143)
0 0 0 0 0 0 0 0 0 0 0 0 0 0 0 0 0 0 0 0 0 0 0 0 0 0 0 0 0 0 0 0 0 0 0 0
0 0 0 0 0 0 0 0 0 0 0 0 0 0 0 0 0 0 0 0 0 0 0 0 0 0 0 0 0 0 0 0 0 0 0 0
0 0 0 0 0 0 0 0 0 0 0 0 0 0 0 0 0 0 0 0 0 0 0 0 0 0 0 0 0 0 0 0 0 0 0 0
0 0 0 0 0 0 0 0 0 0 0 0 0 0 0 0 0 0 0 0 0 0 0 0 0 0 0 0 0 0 0 0 0 0 0 0
##$SHL_EXPANDCF8= (0..143)
0 0 0 0 0 0 0 0 0 0 0 0 0 0 0 0 0 0 0 0 0 0 0 0 0 0 0 0 0 0 0 0 0 0 0 0
0 0 0 0 0 0 0 0 0 0 0 0 0 0 0 0 0 0 0 0 0 0 0 0 0 0 0 0 0 0 0 0 0 0 0 0
0 0 0 0 0 0 0 0 0 0 0 0 0 0 0 0 0 0 0 0 0 0 0 0 0 0 0 0 0 0 0 0 0 0 0 0
0 0 0 0 0 0 0 0 0 0 0 0 0 0 0 0 0 0 0 0 0 0 0 0 0 0 0 0 0 0 0 0 0 0 0 0
##$SHL_EXPANDCF9= (0..143)
0 0 0 0 0 0 0 0 0 0 0 0 0 0 0 0 0 0 0 0 0 0 0 0 0 0 0 0 0 0 0 0 0 0 0 0
0 0 0 0 0 0 0 0 0 0 0 0 0 0 0 0 0 0 0 0 0 0 0 0 0 0 0 0 0 0 0 0 0 0 0 0
0 0 0 0 0 0 0 0 0 0 0 0 0 0 0 0 0 0 0 0 0 0 0 0 0 0 0 0 0 0 0 0 0 0 0 0
0 0 0 0 0 0 0 0 0 0 0 0 0 0 0 0 0 0 0 0 0 0 0 0 0 0 0 0 0 0 0 0 0 0 0 0
##$SHL_EXPFAC= (0..15)
0 0 0 0 0 0 0 0 0 0 0 0 0 0 0 0
##$SHL_FRACEND= (0..15)
0 0 0 0 0 0 0 0 0 0 0 0 0 0 0 0
##$SHL_FRACORG= (0..15)
0 0 0 0 0 0 0 0 0 0 0 0 0 0 0 0
##$SHL_FRACSTART= (0..15)
0 0 0 0 0 0 0 0 0 0 0 0 0 0 0 0
##$SHL_FULLHALF= (0..15)
0 0 0 0 0 0 0 0 0 0 0 0 0 0 0 0
##$SHL_FUNCAMP= (0..15)
100 0 0 0 0 0 0 0 0 0 0 0 0 0 0 0
##$SHL_FUNCTION= (0..15)
<Rectangle> <> <> <> <> <> <> <> <> <> <> <> <> <> <> <>
##$SHL_GCO= (0..15)
<> <> <> <> <> <> <> <> <> <> <> <> <> <> <> <>
##$SHL_GCOCOEFFS0= (0..59)
0 0 0 0 0 0 0 0 0 0 0 0 0 0 0 0 0 0 0 0 0 0 0 0 0 0 0 0 0 0 0 0 0 0 0 0
0 0 0 0 0 0 0 0 0 0 0 0 0 0 0 0 0 0 0 0 0 0 0 0
##$SHL_GCOCOEFFS1= (0..59)
0 0 0 0 0 0 0 0 0 0 0 0 0 0 0 0 0 0 0 0 0 0 0 0 0 0 0 0 0 0 0 0 0 0 0 0
0 0 0 0 0 0 0 0 0 0 0 0 0 0 0 0 0 0 0 0 0 0 0 0
##$SHL_GCOCOEFFS10= (0..59)
0 0 0 0 0 0 0 0 0 0 0 0 0 0 0 0 0 0 0 0 0 0 0 0 0 0 0 0 0 0 0 0 0 0 0 0
0 0 0 0 0 0 0 0 0 0 0 0 0 0 0 0 0 0 0 0 0 0 0 0
##$SHL_GCOCOEFFS11= (0..59)
0 0 0 0 0 0 0 0 0 0 0 0 0 0 0 0 0 0 0 0 0 0 0 0 0 0 0 0 0 0 0 0 0 0 0 0
0 0 0 0 0 0 0 0 0 0 0 0 0 0 0 0 0 0 0 0 0 0 0 0
##$SHL_GCOCOEFFS12= (0..59)
0 0 0 0 0 0 0 0 0 0 0 0 0 0 0 0 0 0 0 0 0 0 0 0 0 0 0 0 0 0 0 0 0 0 0 0
0 0 0 0 0 0 0 0 0 0 0 0 0 0 0 0 0 0 0 0 0 0 0 0
##$SHL_GCOCOEFFS13= (0..59)
0 0 0 0 0 0 0 0 0 0 0 0 0 0 0 0 0 0 0 0 0 0 0 0 0 0 0 0 0 0 0 0 0 0 0 0
0 0 0 0 0 0 0 0 0 0 0 0 0 0 0 0 0 0 0 0 0 0 0 0
##$SHL_GCOCOEFFS14= (0..59)
0 0 0 0 0 0 0 0 0 0 0 0 0 0 0 0 0 0 0 0 0 0 0 0 0 0 0 0 0 0 0 0 0 0 0 0
0 0 0 0 0 0 0 0 0 0 0 0 0 0 0 0 0 0 0 0 0 0 0 0
##$SHL_GCOCOEFFS15= (0..59)
0 0 0 0 0 0 0 0 0 0 0 0 0 0 0 0 0 0 0 0 0 0 0 0 0 0 0 0 0 0 0 0 0 0 0 0
0 0 0 0 0 0 0 0 0 0 0 0 0 0 0 0 0 0 0 0 0 0 0 0
##$SHL_GCOCOEFFS2= (0..59)
0 0 0 0 0 0 0 0 0 0 0 0 0 0 0 0 0 0 0 0 0 0 0 0 0 0 0 0 0 0 0 0 0 0 0 0
0 0 0 0 0 0 0 0 0 0 0 0 0 0 0 0 0 0 0 0 0 0 0 0
##$SHL_GCOCOEFFS3= (0..59)
0 0 0 0 0 0 0 0 0 0 0 0 0 0 0 0 0 0 0 0 0 0 0 0 0 0 0 0 0 0 0 0 0 0 0 0
0 0 0 0 0 0 0 0 0 0 0 0 0 0 0 0 0 0 0 0 0 0 0 0
##$SHL_GCOCOEFFS4= (0..59)
0 0 0 0 0 0 0 0 0 0 0 0 0 0 0 0 0 0 0 0 0 0 0 0 0 0 0 0 0 0 0 0 0 0 0 0
0 0 0 0 0 0 0 0 0 0 0 0 0 0 0 0 0 0 0 0 0 0 0 0
##$SHL_GCOCOEFFS5= (0..59)
0 0 0 0 0 0 0 0 0 0 0 0 0 0 0 0 0 0 0 0 0 0 0 0 0 0 0 0 0 0 0 0 0 0 0 0
0 0 0 0 0 0 0 0 0 0 0 0 0 0 0 0 0 0 0 0 0 0 0 0
##$SHL_GCOCOEFFS6= (0..59)
0 0 0 0 0 0 0 0 0 0 0 0 0 0 0 0 0 0 0 0 0 0 0 0 0 0 0 0 0 0 0 0 0 0 0 0
0 0 0 0 0 0 0 0 0 0 0 0 0 0 0 0 0 0 0 0 0 0 0 0
##$SHL_GCOCOEFFS7= (0..59)
0 0 0 0 0 0 0 0 0 0 0 0 0 0 0 0 0 0 0 0 0 0 0 0 0 0 0 0 0 0 0 0 0 0 0 0
0 0 0 0 0 0 0 0 0 0 0 0 0 0 0 0 0 0 0 0 0 0 0 0
##$SHL_GCOCOEFFS8= (0..59)
0 0 0 0 0 0 0 0 0 0 0 0 0 0 0 0 0 0 0 0 0 0 0 0 0 0 0 0 0 0 0 0 0 0 0 0
0 0 0 0 0 0 0 0 0 0 0 0 0 0 0 0 0 0 0 0 0 0 0 0
##$SHL_GCOCOEFFS9= (0..59)
0 0 0 0 0 0 0 0 0 0 0 0 0 0 0 0 0 0 0 0 0 0 0 0 0 0 0 0 0 0 0 0 0 0 0 0
0 0 0 0 0 0 0 0 0 0 0 0 0 0 0 0 0 0 0 0 0 0 0 0
##$SHL_INTEGFAC= (0..15)
1 0 0 0 0 0 0 0 0 0 0 0 0 0 0 0
##$SHL_LB= (0..15)
0 0 0 0 0 0 0 0 0 0 0 0 0 0 0 0
##$SHL_LEFTLIMIT= (0..15)
0 0 0 0 0 0 0 0 0 0 0 0 0 0 0 0
##$SHL_LENGTH= (0..15)
25000.000373 0 0 0 0 0 0 0 0 0 0 0 0 0 0 0
##$SHL_MAN= (0..15)
<> <> <> <> <> <> <> <> <> <> <> <> <> <> <> <>
##$SHL_MEANAMP= (0..15)
0 0 0 0 0 0 0 0 0 0 0 0 0 0 0 0
##$SHL_MODAMP= (0..15)
0 0 0 0 0 0 0 0 0 0 0 0 0 0 0 0
##$SHL_MODE= (0..15)
0 0 0 0 0 0 0 0 0 0 0 0 0 0 0 0
##$SHL_MODFREQ= (0..15)
0 0 0 0 0 0 0 0 0 0 0 0 0 0 0 0
##$SHL_MODPHASE= (0..15)
0 0 0 0 0 0 0 0 0 0 0 0 0 0 0 0
##$SHL_MODSCALE= (0..15)
0 0 0 0 0 0 0 0 0 0 0 0 0 0 0 0
##$SHL_MODSW= (0..15)
0 0 0 0 0 0 0 0 0 0 0 0 0 0 0 0
##$SHL_MODSWDIR= (0..15)
-1 -1 -1 -1 -1 -1 -1 -1 -1 -1 -1 -1 -1 -1 -1 -1
##$SHL_MU= (0..15)
0 0 0 0 0 0 0 0 0 0 0 0 0 0 0 0
##$SHL_NPOINTS= (0..15)
1250 0 0 0 0 0 0 0 0 0 0 0 0 0 0 0
##$SHL_OFFS= (0..15)
<> <> <> <> <> <> <> <> <> <> <> <> <> <> <> <>
##$SHL_OFFSCOEFF0= (0..95)
0 0 0 0 0 0 0 0 0 0 0 0 0 0 0 0 0 0 0 0 0 0 0 0 0 0 0 0 0 0 0 0 0 0 0 0
0 0 0 0 0 0 0 0 0 0 0 0 0 0 0 0 0 0 0 0 0 0 0 0 0 0 0 0 0 0 0 0 0 0 0 0
0 0 0 0 0 0 0 0 0 0 0 0 0 0 0 0 0 0 0 0 0 0 0 0
##$SHL_OFFSCOEFF1= (0..95)
0 0 0 0 0 0 0 0 0 0 0 0 0 0 0 0 0 0 0 0 0 0 0 0 0 0 0 0 0 0 0 0 0 0 0 0
0 0 0 0 0 0 0 0 0 0 0 0 0 0 0 0 0 0 0 0 0 0 0 0 0 0 0 0 0 0 0 0 0 0 0 0
0 0 0 0 0 0 0 0 0 0 0 0 0 0 0 0 0 0 0 0 0 0 0 0
##$SHL_OFFSCOEFF10= (0..95)
0 0 0 0 0 0 0 0 0 0 0 0 0 0 0 0 0 0 0 0 0 0 0 0 0 0 0 0 0 0 0 0 0 0 0 0
0 0 0 0 0 0 0 0 0 0 0 0 0 0 0 0 0 0 0 0 0 0 0 0 0 0 0 0 0 0 0 0 0 0 0 0
0 0 0 0 0 0 0 0 0 0 0 0 0 0 0 0 0 0 0 0 0 0 0 0
##$SHL_OFFSCOEFF11= (0..95)
0 0 0 0 0 0 0 0 0 0 0 0 0 0 0 0 0 0 0 0 0 0 0 0 0 0 0 0 0 0 0 0 0 0 0 0
0 0 0 0 0 0 0 0 0 0 0 0 0 0 0 0 0 0 0 0 0 0 0 0 0 0 0 0 0 0 0 0 0 0 0 0
0 0 0 0 0 0 0 0 0 0 0 0 0 0 0 0 0 0 0 0 0 0 0 0
##$SHL_OFFSCOEFF12= (0..95)
0 0 0 0 0 0 0 0 0 0 0 0 0 0 0 0 0 0 0 0 0 0 0 0 0 0 0 0 0 0 0 0 0 0 0 0
0 0 0 0 0 0 0 0 0 0 0 0 0 0 0 0 0 0 0 0 0 0 0 0 0 0 0 0 0 0 0 0 0 0 0 0
0 0 0 0 0 0 0 0 0 0 0 0 0 0 0 0 0 0 0 0 0 0 0 0
##$SHL_OFFSCOEFF13= (0..95)
0 0 0 0 0 0 0 0 0 0 0 0 0 0 0 0 0 0 0 0 0 0 0 0 0 0 0 0 0 0 0 0 0 0 0 0
0 0 0 0 0 0 0 0 0 0 0 0 0 0 0 0 0 0 0 0 0 0 0 0 0 0 0 0 0 0 0 0 0 0 0 0
0 0 0 0 0 0 0 0 0 0 0 0 0 0 0 0 0 0 0 0 0 0 0 0
##$SHL_OFFSCOEFF14= (0..95)
0 0 0 0 0 0 0 0 0 0 0 0 0 0 0 0 0 0 0 0 0 0 0 0 0 0 0 0 0 0 0 0 0 0 0 0
0 0 0 0 0 0 0 0 0 0 0 0 0 0 0 0 0 0 0 0 0 0 0 0 0 0 0 0 0 0 0 0 0 0 0 0
0 0 0 0 0 0 0 0 0 0 0 0 0 0 0 0 0 0 0 0 0 0 0 0
##$SHL_OFFSCOEFF15= (0..95)
0 0 0 0 0 0 0 0 0 0 0 0 0 0 0 0 0 0 0 0 0 0 0 0 0 0 0 0 0 0 0 0 0 0 0 0
0 0 0 0 0 0 0 0 0 0 0 0 0 0 0 0 0 0 0 0 0 0 0 0 0 0 0 0 0 0 0 0 0 0 0 0
0 0 0 0 0 0 0 0 0 0 0 0 0 0 0 0 0 0 0 0 0 0 0 0
##$SHL_OFFSCOEFF2= (0..95)
0 0 0 0 0 0 0 0 0 0 0 0 0 0 0 0 0 0 0 0 0 0 0 0 0 0 0 0 0 0 0 0 0 0 0 0
0 0 0 0 0 0 0 0 0 0 0 0 0 0 0 0 0 0 0 0 0 0 0 0 0 0 0 0 0 0 0 0 0 0 0 0
0 0 0 0 0 0 0 0 0 0 0 0 0 0 0 0 0 0 0 0 0 0 0 0
##$SHL_OFFSCOEFF3= (0..95)
0 0 0 0 0 0 0 0 0 0 0 0 0 0 0 0 0 0 0 0 0 0 0 0 0 0 0 0 0 0 0 0 0 0 0 0
0 0 0 0 0 0 0 0 0 0 0 0 0 0 0 0 0 0 0 0 0 0 0 0 0 0 0 0 0 0 0 0 0 0 0 0
0 0 0 0 0 0 0 0 0 0 0 0 0 0 0 0 0 0 0 0 0 0 0 0
##$SHL_OFFSCOEFF4= (0..95)
0 0 0 0 0 0 0 0 0 0 0 0 0 0 0 0 0 0 0 0 0 0 0 0 0 0 0 0 0 0 0 0 0 0 0 0
0 0 0 0 0 0 0 0 0 0 0 0 0 0 0 0 0 0 0 0 0 0 0 0 0 0 0 0 0 0 0 0 0 0 0 0
0 0 0 0 0 0 0 0 0 0 0 0 0 0 0 0 0 0 0 0 0 0 0 0
##$SHL_OFFSCOEFF5= (0..95)
0 0 0 0 0 0 0 0 0 0 0 0 0 0 0 0 0 0 0 0 0 0 0 0 0 0 0 0 0 0 0 0 0 0 0 0
0 0 0 0 0 0 0 0 0 0 0 0 0 0 0 0 0 0 0 0 0 0 0 0 0 0 0 0 0 0 0 0 0 0 0 0
0 0 0 0 0 0 0 0 0 0 0 0 0 0 0 0 0 0 0 0 0 0 0 0
##$SHL_OFFSCOEFF6= (0..95)
0 0 0 0 0 0 0 0 0 0 0 0 0 0 0 0 0 0 0 0 0 0 0 0 0 0 0 0 0 0 0 0 0 0 0 0
0 0 0 0 0 0 0 0 0 0 0 0 0 0 0 0 0 0 0 0 0 0 0 0 0 0 0 0 0 0 0 0 0 0 0 0
0 0 0 0 0 0 0 0 0 0 0 0 0 0 0 0 0 0 0 0 0 0 0 0
##$SHL_OFFSCOEFF7= (0..95)
0 0 0 0 0 0 0 0 0 0 0 0 0 0 0 0 0 0 0 0 0 0 0 0 0 0 0 0 0 0 0 0 0 0 0 0
0 0 0 0 0 0 0 0 0 0 0 0 0 0 0 0 0 0 0 0 0 0 0 0 0 0 0 0 0 0 0 0 0 0 0 0
0 0 0 0 0 0 0 0 0 0 0 0 0 0 0 0 0 0 0 0 0 0 0 0
##$SHL_OFFSCOEFF8= (0..95)
0 0 0 0 0 0 0 0 0 0 0 0 0 0 0 0 0 0 0 0 0 0 0 0 0 0 0 0 0 0 0 0 0 0 0 0
0 0 0 0 0 0 0 0 0 0 0 0 0 0 0 0 0 0 0 0 0 0 0 0 0 0 0 0 0 0 0 0 0 0 0 0
0 0 0 0 0 0 0 0 0 0 0 0 0 0 0 0 0 0 0 0 0 0 0 0
##$SHL_OFFSCOEFF9= (0..95)
0 0 0 0 0 0 0 0 0 0 0 0 0 0 0 0 0 0 0 0 0 0 0 0 0 0 0 0 0 0 0 0 0 0 0 0
0 0 0 0 0 0 0 0 0 0 0 0 0 0 0 0 0 0 0 0 0 0 0 0 0 0 0 0 0 0 0 0 0 0 0 0
0 0 0 0 0 0 0 0 0 0 0 0 0 0 0 0 0 0 0 0 0 0 0 0
##$SHL_PHASE= (0..15)
0 0 0 0 0 0 0 0 0 0 0 0 0 0 0 0
##$SHL_PHASEFAC= (0..15)
0 0 0 0 0 0 0 0 0 0 0 0 0 0 0 0
##$SHL_POWERINDEX= (0..15)
0 0 0 0 0 0 0 0 0 0 0 0 0 0 0 0
##$SHL_QUADCOEFF= (0..15)
0 0 0 0 0 0 0 0 0 0 0 0 0 0 0 0
##$SHL_RIGHTLIMIT= (0..15)
0 0 0 0 0 0 0 0 0 0 0 0 0 0 0 0
##$SHL_SCALEFACTOR= (0..15)
1 1 1 1 1 1 1 1 1 1 1 1 1 1 1 1
##$SHL_SF= (0..15)
<> <> <> <> <> <> <> <> <> <> <> <> <> <> <> <>
##$SHL_SFCOEFFS0= (0..200)
0 0 0 0 0 0 0 0 0 0 0 0 0 0 0 0 0 0 0 0 0 0 0 0 0 0 0 0 0 0 0 0 0 0 0 0
0 0 0 0 0 0 0 0 0 0 0 0 0 0 0 0 0 0 0 0 0 0 0 0 0 0 0 0 0 0 0 0 0 0 0 0
0 0 0 0 0 0 0 0 0 0 0 0 0 0 0 0 0 0 0 0 0 0 0 0 0 0 0 0 0 0 0 0 0 0 0 0
0 0 0 0 0 0 0 0 0 0 0 0 0 0 0 0 0 0 0 0 0 0 0 0 0 0 0 0 0 0 0 0 0 0 0 0
0 0 0 0 0 0 0 0 0 0 0 0 0 0 0 0 0 0 0 0 0 0 0 0 0 0 0 0 0 0 0 0 0 0 0 0
0 0 0 0 0 0 0 0 0 0 0 0 0 0 0 0 0 0 0 0 0
##$SHL_SFCOEFFS1= (0..200)
0 0 0 0 0 0 0 0 0 0 0 0 0 0 0 0 0 0 0 0 0 0 0 0 0 0 0 0 0 0 0 0 0 0 0 0
0 0 0 0 0 0 0 0 0 0 0 0 0 0 0 0 0 0 0 0 0 0 0 0 0 0 0 0 0 0 0 0 0 0 0 0
0 0 0 0 0 0 0 0 0 0 0 0 0 0 0 0 0 0 0 0 0 0 0 0 0 0 0 0 0 0 0 0 0 0 0 0
0 0 0 0 0 0 0 0 0 0 0 0 0 0 0 0 0 0 0 0 0 0 0 0 0 0 0 0 0 0 0 0 0 0 0 0
0 0 0 0 0 0 0 0 0 0 0 0 0 0 0 0 0 0 0 0 0 0 0 0 0 0 0 0 0 0 0 0 0 0 0 0
0 0 0 0 0 0 0 0 0 0 0 0 0 0 0 0 0 0 0 0 0
##$SHL_SFCOEFFS10= (0..200)
0 0 0 0 0 0 0 0 0 0 0 0 0 0 0 0 0 0 0 0 0 0 0 0 0 0 0 0 0 0 0 0 0 0 0 0
0 0 0 0 0 0 0 0 0 0 0 0 0 0 0 0 0 0 0 0 0 0 0 0 0 0 0 0 0 0 0 0 0 0 0 0
0 0 0 0 0 0 0 0 0 0 0 0 0 0 0 0 0 0 0 0 0 0 0 0 0 0 0 0 0 0 0 0 0 0 0 0
0 0 0 0 0 0 0 0 0 0 0 0 0 0 0 0 0 0 0 0 0 0 0 0 0 0 0 0 0 0 0 0 0 0 0 0
0 0 0 0 0 0 0 0 0 0 0 0 0 0 0 0 0 0 0 0 0 0 0 0 0 0 0 0 0 0 0 0 0 0 0 0
0 0 0 0 0 0 0 0 0 0 0 0 0 0 0 0 0 0 0 0 0
##$SHL_SFCOEFFS11= (0..200)
0 0 0 0 0 0 0 0 0 0 0 0 0 0 0 0 0 0 0 0 0 0 0 0 0 0 0 0 0 0 0 0 0 0 0 0
0 0 0 0 0 0 0 0 0 0 0 0 0 0 0 0 0 0 0 0 0 0 0 0 0 0 0 0 0 0 0 0 0 0 0 0
0 0 0 0 0 0 0 0 0 0 0 0 0 0 0 0 0 0 0 0 0 0 0 0 0 0 0 0 0 0 0 0 0 0 0 0
0 0 0 0 0 0 0 0 0 0 0 0 0 0 0 0 0 0 0 0 0 0 0 0 0 0 0 0 0 0 0 0 0 0 0 0
0 0 0 0 0 0 0 0 0 0 0 0 0 0 0 0 0 0 0 0 0 0 0 0 0 0 0 0 0 0 0 0 0 0 0 0
0 0 0 0 0 0 0 0 0 0 0 0 0 0 0 0 0 0 0 0 0
##$SHL_SFCOEFFS12= (0..200)
0 0 0 0 0 0 0 0 0 0 0 0 0 0 0 0 0 0 0 0 0 0 0 0 0 0 0 0 0 0 0 0 0 0 0 0
0 0 0 0 0 0 0 0 0 0 0 0 0 0 0 0 0 0 0 0 0 0 0 0 0 0 0 0 0 0 0 0 0 0 0 0
0 0 0 0 0 0 0 0 0 0 0 0 0 0 0 0 0 0 0 0 0 0 0 0 0 0 0 0 0 0 0 0 0 0 0 0
0 0 0 0 0 0 0 0 0 0 0 0 0 0 0 0 0 0 0 0 0 0 0 0 0 0 0 0 0 0 0 0 0 0 0 0
0 0 0 0 0 0 0 0 0 0 0 0 0 0 0 0 0 0 0 0 0 0 0 0 0 0 0 0 0 0 0 0 0 0 0 0
0 0 0 0 0 0 0 0 0 0 0 0 0 0 0 0 0 0 0 0 0
##$SHL_SFCOEFFS13= (0..200)
0 0 0 0 0 0 0 0 0 0 0 0 0 0 0 0 0 0 0 0 0 0 0 0 0 0 0 0 0 0 0 0 0 0 0 0
0 0 0 0 0 0 0 0 0 0 0 0 0 0 0 0 0 0 0 0 0 0 0 0 0 0 0 0 0 0 0 0 0 0 0 0
0 0 0 0 0 0 0 0 0 0 0 0 0 0 0 0 0 0 0 0 0 0 0 0 0 0 0 0 0 0 0 0 0 0 0 0
0 0 0 0 0 0 0 0 0 0 0 0 0 0 0 0 0 0 0 0 0 0 0 0 0 0 0 0 0 0 0 0 0 0 0 0
0 0 0 0 0 0 0 0 0 0 0 0 0 0 0 0 0 0 0 0 0 0 0 0 0 0 0 0 0 0 0 0 0 0 0 0
0 0 0 0 0 0 0 0 0 0 0 0 0 0 0 0 0 0 0 0 0
##$SHL_SFCOEFFS14= (0..200)
0 0 0 0 0 0 0 0 0 0 0 0 0 0 0 0 0 0 0 0 0 0 0 0 0 0 0 0 0 0 0 0 0 0 0 0
0 0 0 0 0 0 0 0 0 0 0 0 0 0 0 0 0 0 0 0 0 0 0 0 0 0 0 0 0 0 0 0 0 0 0 0
0 0 0 0 0 0 0 0 0 0 0 0 0 0 0 0 0 0 0 0 0 0 0 0 0 0 0 0 0 0 0 0 0 0 0 0
0 0 0 0 0 0 0 0 0 0 0 0 0 0 0 0 0 0 0 0 0 0 0 0 0 0 0 0 0 0 0 0 0 0 0 0
0 0 0 0 0 0 0 0 0 0 0 0 0 0 0 0 0 0 0 0 0 0 0 0 0 0 0 0 0 0 0 0 0 0 0 0
0 0 0 0 0 0 0 0 0 0 0 0 0 0 0 0 0 0 0 0 0
##$SHL_SFCOEFFS15= (0..200)
0 0 0 0 0 0 0 0 0 0 0 0 0 0 0 0 0 0 0 0 0 0 0 0 0 0 0 0 0 0 0 0 0 0 0 0
0 0 0 0 0 0 0 0 0 0 0 0 0 0 0 0 0 0 0 0 0 0 0 0 0 0 0 0 0 0 0 0 0 0 0 0
0 0 0 0 0 0 0 0 0 0 0 0 0 0 0 0 0 0 0 0 0 0 0 0 0 0 0 0 0 0 0 0 0 0 0 0
0 0 0 0 0 0 0 0 0 0 0 0 0 0 0 0 0 0 0 0 0 0 0 0 0 0 0 0 0 0 0 0 0 0 0 0
0 0 0 0 0 0 0 0 0 0 0 0 0 0 0 0 0 0 0 0 0 0 0 0 0 0 0 0 0 0 0 0 0 0 0 0
0 0 0 0 0 0 0 0 0 0 0 0 0 0 0 0 0 0 0 0 0
##$SHL_SFCOEFFS2= (0..200)
0 0 0 0 0 0 0 0 0 0 0 0 0 0 0 0 0 0 0 0 0 0 0 0 0 0 0 0 0 0 0 0 0 0 0 0
0 0 0 0 0 0 0 0 0 0 0 0 0 0 0 0 0 0 0 0 0 0 0 0 0 0 0 0 0 0 0 0 0 0 0 0
0 0 0 0 0 0 0 0 0 0 0 0 0 0 0 0 0 0 0 0 0 0 0 0 0 0 0 0 0 0 0 0 0 0 0 0
0 0 0 0 0 0 0 0 0 0 0 0 0 0 0 0 0 0 0 0 0 0 0 0 0 0 0 0 0 0 0 0 0 0 0 0
0 0 0 0 0 0 0 0 0 0 0 0 0 0 0 0 0 0 0 0 0 0 0 0 0 0 0 0 0 0 0 0 0 0 0 0
0 0 0 0 0 0 0 0 0 0 0 0 0 0 0 0 0 0 0 0 0
##$SHL_SFCOEFFS3= (0..200)
0 0 0 0 0 0 0 0 0 0 0 0 0 0 0 0 0 0 0 0 0 0 0 0 0 0 0 0 0 0 0 0 0 0 0 0
0 0 0 0 0 0 0 0 0 0 0 0 0 0 0 0 0 0 0 0 0 0 0 0 0 0 0 0 0 0 0 0 0 0 0 0
0 0 0 0 0 0 0 0 0 0 0 0 0 0 0 0 0 0 0 0 0 0 0 0 0 0 0 0 0 0 0 0 0 0 0 0
0 0 0 0 0 0 0 0 0 0 0 0 0 0 0 0 0 0 0 0 0 0 0 0 0 0 0 0 0 0 0 0 0 0 0 0
0 0 0 0 0 0 0 0 0 0 0 0 0 0 0 0 0 0 0 0 0 0 0 0 0 0 0 0 0 0 0 0 0 0 0 0
0 0 0 0 0 0 0 0 0 0 0 0 0 0 0 0 0 0 0 0 0
##$SHL_SFCOEFFS4= (0..200)
0 0 0 0 0 0 0 0 0 0 0 0 0 0 0 0 0 0 0 0 0 0 0 0 0 0 0 0 0 0 0 0 0 0 0 0
0 0 0 0 0 0 0 0 0 0 0 0 0 0 0 0 0 0 0 0 0 0 0 0 0 0 0 0 0 0 0 0 0 0 0 0
0 0 0 0 0 0 0 0 0 0 0 0 0 0 0 0 0 0 0 0 0 0 0 0 0 0 0 0 0 0 0 0 0 0 0 0
0 0 0 0 0 0 0 0 0 0 0 0 0 0 0 0 0 0 0 0 0 0 0 0 0 0 0 0 0 0 0 0 0 0 0 0
0 0 0 0 0 0 0 0 0 0 0 0 0 0 0 0 0 0 0 0 0 0 0 0 0 0 0 0 0 0 0 0 0 0 0 0
0 0 0 0 0 0 0 0 0 0 0 0 0 0 0 0 0 0 0 0 0
##$SHL_SFCOEFFS5= (0..200)
0 0 0 0 0 0 0 0 0 0 0 0 0 0 0 0 0 0 0 0 0 0 0 0 0 0 0 0 0 0 0 0 0 0 0 0
0 0 0 0 0 0 0 0 0 0 0 0 0 0 0 0 0 0 0 0 0 0 0 0 0 0 0 0 0 0 0 0 0 0 0 0
0 0 0 0 0 0 0 0 0 0 0 0 0 0 0 0 0 0 0 0 0 0 0 0 0 0 0 0 0 0 0 0 0 0 0 0
0 0 0 0 0 0 0 0 0 0 0 0 0 0 0 0 0 0 0 0 0 0 0 0 0 0 0 0 0 0 0 0 0 0 0 0
0 0 0 0 0 0 0 0 0 0 0 0 0 0 0 0 0 0 0 0 0 0 0 0 0 0 0 0 0 0 0 0 0 0 0 0
0 0 0 0 0 0 0 0 0 0 0 0 0 0 0 0 0 0 0 0 0
##$SHL_SFCOEFFS6= (0..200)
0 0 0 0 0 0 0 0 0 0 0 0 0 0 0 0 0 0 0 0 0 0 0 0 0 0 0 0 0 0 0 0 0 0 0 0
0 0 0 0 0 0 0 0 0 0 0 0 0 0 0 0 0 0 0 0 0 0 0 0 0 0 0 0 0 0 0 0 0 0 0 0
0 0 0 0 0 0 0 0 0 0 0 0 0 0 0 0 0 0 0 0 0 0 0 0 0 0 0 0 0 0 0 0 0 0 0 0
0 0 0 0 0 0 0 0 0 0 0 0 0 0 0 0 0 0 0 0 0 0 0 0 0 0 0 0 0 0 0 0 0 0 0 0
0 0 0 0 0 0 0 0 0 0 0 0 0 0 0 0 0 0 0 0 0 0 0 0 0 0 0 0 0 0 0 0 0 0 0 0
0 0 0 0 0 0 0 0 0 0 0 0 0 0 0 0 0 0 0 0 0
##$SHL_SFCOEFFS7= (0..200)
0 0 0 0 0 0 0 0 0 0 0 0 0 0 0 0 0 0 0 0 0 0 0 0 0 0 0 0 0 0 0 0 0 0 0 0
0 0 0 0 0 0 0 0 0 0 0 0 0 0 0 0 0 0 0 0 0 0 0 0 0 0 0 0 0 0 0 0 0 0 0 0
0 0 0 0 0 0 0 0 0 0 0 0 0 0 0 0 0 0 0 0 0 0 0 0 0 0 0 0 0 0 0 0 0 0 0 0
0 0 0 0 0 0 0 0 0 0 0 0 0 0 0 0 0 0 0 0 0 0 0 0 0 0 0 0 0 0 0 0 0 0 0 0
0 0 0 0 0 0 0 0 0 0 0 0 0 0 0 0 0 0 0 0 0 0 0 0 0 0 0 0 0 0 0 0 0 0 0 0
0 0 0 0 0 0 0 0 0 0 0 0 0 0 0 0 0 0 0 0 0
##$SHL_SFCOEFFS8= (0..200)
0 0 0 0 0 0 0 0 0 0 0 0 0 0 0 0 0 0 0 0 0 0 0 0 0 0 0 0 0 0 0 0 0 0 0 0
0 0 0 0 0 0 0 0 0 0 0 0 0 0 0 0 0 0 0 0 0 0 0 0 0 0 0 0 0 0 0 0 0 0 0 0
0 0 0 0 0 0 0 0 0 0 0 0 0 0 0 0 0 0 0 0 0 0 0 0 0 0 0 0 0 0 0 0 0 0 0 0
0 0 0 0 0 0 0 0 0 0 0 0 0 0 0 0 0 0 0 0 0 0 0 0 0 0 0 0 0 0 0 0 0 0 0 0
0 0 0 0 0 0 0 0 0 0 0 0 0 0 0 0 0 0 0 0 0 0 0 0 0 0 0 0 0 0 0 0 0 0 0 0
0 0 0 0 0 0 0 0 0 0 0 0 0 0 0 0 0 0 0 0 0
##$SHL_SFCOEFFS9= (0..200)
0 0 0 0 0 0 0 0 0 0 0 0 0 0 0 0 0 0 0 0 0 0 0 0 0 0 0 0 0 0 0 0 0 0 0 0
0 0 0 0 0 0 0 0 0 0 0 0 0 0 0 0 0 0 0 0 0 0 0 0 0 0 0 0 0 0 0 0 0 0 0 0
0 0 0 0 0 0 0 0 0 0 0 0 0 0 0 0 0 0 0 0 0 0 0 0 0 0 0 0 0 0 0 0 0 0 0 0
0 0 0 0 0 0 0 0 0 0 0 0 0 0 0 0 0 0 0 0 0 0 0 0 0 0 0 0 0 0 0 0 0 0 0 0
0 0 0 0 0 0 0 0 0 0 0 0 0 0 0 0 0 0 0 0 0 0 0 0 0 0 0 0 0 0 0 0 0 0 0 0
0 0 0 0 0 0 0 0 0 0 0 0 0 0 0 0 0 0 0 0 0
##$SHL_SMOOTHED= (0..15)
0 0 0 0 0 0 0 0 0 0 0 0 0 0 0 0
##$SHL_SMOOTHING= (0..15)
0 0 0 0 0 0 0 0 0 0 0 0 0 0 0 0
##$SHL_SPOAL= (0..15)
0 0 0 0 0 0 0 0 0 0 0 0 0 0 0 0
##$SHL_SPOFFS= (0..15)
0 0 0 0 0 0 0 0 0 0 0 0 0 0 0 0
##$SHL_SPOPH= (0..15)
0 0 0 0 0 0 0 0 0 0 0 0 0 0 0 0
##$SHL_STARTAMP= (0..15)
0 0 0 0 0 0 0 0 0 0 0 0 0 0 0 0
##$SHL_SW= (0..15)
0 0 0 0 0 0 0 0 0 0 0 0 0 0 0 0
##$SHL_SWDIR= (0..15)
-1 -1 -1 -1 -1 -1 -1 -1 -1 -1 -1 -1 -1 -1 -1 -1
##$SHL_TANKAPPA= (0..15)
0 0 0 0 0 0 0 0 0 0 0 0 0 0 0 0
##$SHL_TOTROT= (0..15)
90 0 0 0 0 0 0 0 0 0 0 0 0 0 0 0
##$SHL_TRUNCLEV= (0..15)
0 0 0 0 0 0 0 0 0 0 0 0 0 0 0 0
##$SHL_TYPE= (0..15)
<Excitation> <> <> <> <> <> <> <> <> <> <> <> <> <> <> <>
##$SHL_WINDOWSIZE= (0..15)
0 0 0 0 0 0 0 0 0 0 0 0 0 0 0 0
##$SHL_ZETA= (0..15)
0 0 0 0 0 0 0 0 0 0 0 0 0 0 0 0
##NPOINTS= 1250
##XYPOINTS= (XY..XY)
30.098856, 121.726747
30.023764, 124.962789
30.001291, 128.185389
30.030183, 131.385329
30.108856, 134.553855
30.235427, 137.682848
30.407750, 140.764968
30.623458, 143.793753
30.880010, 146.763681
31.174727, 149.670198
31.504844, 152.509707
31.867539, 155.279531
32.259978, 157.977853
32.679342, 160.603638
33.122850, 163.156546
33.587790, 165.636846
34.071527, 168.045318
34.571523, 170.383172
35.085342, 172.651960
35.610657, 174.853505
36.145258, 176.989832
36.687046, 179.063114
37.234038, 181.075615
37.784364, 183.029656
38.336262, 184.927574
38.888076, 186.771696
39.438250, 188.564316
39.985328, 190.307678
40.527943, 192.003961
41.064816, 193.655269
41.594751, 195.263625
42.116628, 196.830967
42.629402, 198.359141
43.132097, 199.849906
43.623800, 201.304930
44.103662, 202.725791
44.570888, 204.113982
45.024741, 205.470909
45.464532, 206.797897
45.889622, 208.096193
46.299417, 209.366967
46.693365, 210.611316
47.070958, 211.830268
47.431724, 213.024786
47.775227, 214.195768
48.101070, 215.344053
48.408885, 216.470424
48.698339, 217.575607
48.969129, 218.660279
49.220980, 219.725066
49.453646, 220.770549
49.666909, 221.797262
49.860576, 222.805700
50.034479, 223.796313
50.188477, 224.769516
50.322450, 225.725684
50.436302, 226.665157
50.529959, 227.588241
50.603370, 228.495210
50.656505, 229.386301
50.689354, 230.261726
50.701928, 231.121662
50.694259, 231.966259
50.666397, 232.795636
50.618414, 233.609884
50.550398, 234.409068
50.462458, 235.193222
50.354721, 235.962355
50.227333, 236.716448
50.080459, 237.455452
49.914281, 238.179294
49.728999, 238.887872
49.524833, 239.581055
49.302019, 240.258685
49.060812, 240.920576
48.801486, 241.566509
48.524332, 242.196239
48.229659, 242.809489
47.917796, 243.405948
47.589089, 243.985277
47.243903, 244.547099
46.882624, 245.091005
46.505655, 245.616548
46.113420, 246.123247
45.706361, 246.610579
45.284943, 247.077981
44.849650, 247.524851
44.400989, 247.950539
43.939487, 248.354355
43.465695, 248.735557
42.980188, 249.093358
42.483563, 249.426917
41.976444, 249.735343
41.459479, 250.017688
40.933345, 250.272951
40.398744, 250.500071
39.856410, 250.697927
39.307106, 250.865342
38.751626, 251.001072
38.190796, 251.103817
37.625480, 251.172213
37.056574, 251.204836
36.485013, 251.200205
35.911769, 251.156783
35.337856, 251.072982
34.764330, 250.947170
34.192287, 250.777678
33.622871, 250.562809
33.057268, 250.300853
32.496711, 249.990101
31.942479, 249.628864
31.395898, 249.215495
30.858337, 248.748419
30.331212, 248.226159
29.815975, 247.647374
29.314121, 247.010901
28.827174, 246.315796
28.356688, 245.561386
27.904232, 244.747317
27.471387, 243.873615
27.059731, 242.940733
26.670827, 241.949614
26.306206, 240.901737
25.967354, 239.799160
25.655688, 238.644560
25.372541, 237.441256
25.119140, 236.193209
24.896583, 234.905019
24.705824, 233.581892
24.547648, 232.229581
24.422662, 230.854320
24.331273, 229.462725
24.273684, 228.061684
24.249887, 226.658237
24.259658, 225.259443
24.302565, 223.872253
24.377971, 222.503381
24.485048, 221.159191
24.622791, 219.845597
24.790039, 218.567983
24.985489, 217.331140
25.207724, 216.139231
25.455227, 214.995773
25.726410, 213.903635
26.019630, 212.865061
26.333210, 211.881696
26.665454, 210.954635
27.014665, 210.084466
27.379158, 209.271325
27.757269, 208.514955
28.147369, 207.814756
28.547866, 207.169840
28.957216, 206.579082
29.373923, 206.041165
29.796548, 205.554622
30.223702, 205.117870
30.654056, 204.729248
31.086337, 204.387040
31.519327, 204.089502
31.951863, 203.834881
32.382838, 203.621429
32.811196, 203.447421
33.235931, 203.311164
33.656089, 203.211002
34.070759, 203.145329
34.479079, 203.112589
34.880229, 203.111278
35.273429, 203.139954
35.657940, 203.197228
36.033060, 203.281772
36.398124, 203.392315
36.752500, 203.527644
37.095591, 203.686602
37.426829, 203.868086
37.745677, 204.071046
38.051629, 204.294485
38.344203, 204.537451
38.622946, 204.799044
38.887429, 205.078405
39.137249, 205.374721
39.372025, 205.687217
39.591401, 206.015160
39.795040, 206.357853
39.982628, 206.714632
40.153872, 207.084869
40.308498, 207.467966
40.446251, 207.863356
40.566897, 208.270500
40.670218, 208.688883
40.756014, 209.118020
40.824104, 209.557446
40.874322, 210.006720
40.906520, 210.465423
40.920567, 210.933154
40.916344, 211.409533
40.893753, 211.894198
40.852706, 212.386801
40.793134, 212.887014
40.714981, 213.394522
40.618204, 213.909024
40.502777, 214.430233
40.368686, 214.957876
40.215930, 215.491689
40.044524, 216.031421
39.854495, 216.576834
39.645881, 217.127696
39.418736, 217.683787
39.173125, 218.244895
38.909125, 218.810819
38.626826, 219.381361
38.326330, 219.956336
38.007749, 220.535563
37.671211, 221.118868
37.316850, 221.706085
36.944815, 222.297051
36.555264, 222.891611
36.148368, 223.489615
35.724307, 224.090916
35.283272, 224.695373
34.825464, 225.302851
34.351095, 225.913214
33.860386, 226.526335
33.353568, 227.142085
32.830882, 227.760343
32.292578, 228.380987
31.738916, 229.003898
31.170163, 229.628960
30.586597, 230.256058
29.988504, 230.885077
29.376178, 231.515905
28.749921, 232.148428
28.110044, 232.782533
27.456864, 233.418107
26.790708, 234.055034
26.111909, 234.693197
25.420807, 235.332476
24.717749, 235.972746
24.003091, 236.613879
23.277191, 237.255740
22.540418, 237.898187
21.793144, 238.541066
21.035749, 239.184212
20.268616, 239.827447
19.492138, 240.470573
18.706708, 241.113367
17.912727, 241.755579
17.110600, 242.396922
16.300738, 243.037063
15.483554, 243.675606
14.659466, 244.312080
13.828897, 244.945910
12.992273, 245.576383
12.150023, 246.202600
11.302579, 246.823403
10.450379, 247.437268
9.593861, 248.042136
8.733468, 248.635150
7.869645, 249.212207
7.002843, 249.767184
6.133517, 250.290500
5.262131, 250.766239
4.389163, 251.165839
3.515123, 251.432371
2.640601, 251.433588
1.766472, 250.775883
0.895261, 247.535182
0.123655, 171.636749
0.870622, 84.895337
1.738563, 81.492983
2.607500, 80.803671
3.474791, 80.792424
4.339552, 81.051683
5.201193, 81.445738
6.059210, 81.916468
6.913131, 82.434811
7.762502, 82.984611
8.606876, 83.556154
9.445816, 84.143242
10.278887, 84.741724
11.105660, 85.348709
11.925711, 85.962112
12.738620, 86.580389
13.543971, 87.202366
14.341352, 87.827128
15.130357, 88.453947
15.910585, 89.082236
16.681638, 89.711507
17.443126, 90.341353
18.194663, 90.971424
18.935868, 91.601419
19.666368, 92.231071
20.385795, 92.860142
21.093786, 93.488416
21.789987, 94.115696
22.474050, 94.741798
23.145634, 95.366550
23.804404, 95.989787
24.450035, 96.611352
25.082207, 97.231093
25.700610, 97.848860
26.304942, 98.464509
26.894906, 99.077894
27.470219, 99.688870
28.030603, 100.297295
28.575789, 100.903022
29.105519, 101.505905
29.619544, 102.105796
30.117623, 102.702542
30.599526, 103.295990
31.065033, 103.885982
31.513934, 104.472355
31.946031, 105.054942
32.361133, 105.633572
32.759063, 106.208068
33.139654, 106.778245
33.502751, 107.343916
33.848209, 107.904882
34.175896, 108.460941
34.485692, 109.011880
34.777487, 109.557479
35.051187, 110.097509
35.306707, 110.631730
35.543979, 111.159894
35.762943, 111.681741
35.963556, 112.196999
36.145788, 112.705384
36.309622, 113.206601
36.455056, 113.700338
36.582103, 114.186270
36.690788, 114.664059
36.781155, 115.133346
36.853260, 115.593758
36.907177, 116.044903
36.942995, 116.486368
36.960820, 116.917723
36.960776, 117.338512
36.943001, 117.748259
36.907655, 118.146462
36.854914, 118.532594
36.784972, 118.906100
36.698046, 119.266398
36.594369, 119.612873
36.474198, 119.944880
36.337809, 120.261739
36.185502, 120.562733
36.017598, 120.847111
35.834443, 121.114080
35.636408, 121.362805
35.423889, 121.592409
35.197310, 121.801969
34.957121, 121.990515
34.703802, 122.157026
34.437864, 122.300432
34.159849, 122.419609
33.870332, 122.513379
33.569925, 122.580509
33.259273, 122.619709
32.939063, 122.629632
32.610018, 122.608876
32.272907, 122.555982
31.928540, 122.469439
31.577773, 122.347683
31.221513, 122.189107
30.860713, 121.992059
30.496380, 121.754857
30.129576, 121.475795
29.761415, 121.153156
29.393072, 120.785228
29.025779, 120.370319
28.660826, 119.906783
28.299563, 119.393046
27.943400, 118.827630
27.593804, 118.209194
27.252298, 117.536569
26.920456, 116.808804
26.599900, 116.025207
26.292294, 115.185403
25.999332, 114.289380
25.722734, 113.337548
25.464228, 112.330785
25.225540, 111.270495
25.008377, 110.158640
24.814408, 108.997787
24.645246, 107.791122
24.502427, 106.542462
24.387388, 105.256243
24.301447, 103.937497
24.245781, 102.591795
24.221408, 101.225183
24.229170, 99.844094
24.269718, 98.455236
24.343505, 97.065483
24.450775, 95.681747
24.591567, 94.310851
24.765710, 92.959408
24.972839, 91.633708
25.212397, 90.339620
25.483656, 89.082510
25.785726, 87.867179
26.117580, 86.697824
26.478070, 85.578015
26.865945, 84.510697
27.279872, 83.498197
27.718458, 82.542263
28.180258, 81.644093
28.663802, 80.804384
29.167600, 80.023387
29.690160, 79.300954
30.229993, 78.636596
30.785628, 78.029531
31.355617, 77.478736
31.938538, 76.982992
32.533002, 76.540924
33.137657, 76.151038
33.751189, 75.811756
34.372323, 75.521440
34.999824, 75.278421
35.632501, 75.081015
36.269202, 74.927544
36.908813, 74.816347
37.550263, 74.745792
38.192517, 74.714286
38.834579, 74.720280
39.475488, 74.762277
40.114317, 74.838833
40.750174, 74.948560
41.382200, 75.090131
42.009563, 75.262274
42.631465, 75.463780
43.247134, 75.693494
43.855827, 75.950322
44.456825, 76.233226
45.049437, 76.541222
45.632995, 76.873378
46.206854, 77.228816
46.770394, 77.606707
47.323013, 78.006270
47.864134, 78.426768
48.393199, 78.867512
48.909670, 79.327851
49.413031, 79.807178
49.902781, 80.304924
50.378440, 80.820557
50.839548, 81.353580
51.285659, 81.903532
51.716348, 82.469984
52.131207, 83.052539
52.529843, 83.650830
52.911884, 84.264520
53.276971, 84.893299
53.624764, 85.536885
53.954940, 86.195023
54.267190, 86.867483
54.561226, 87.554060
54.836772, 88.254573
55.093572, 88.968865
55.331384, 89.696801
55.549986, 90.438271
55.749170, 91.193185
55.928745, 91.961478
56.088538, 92.743102
56.228393, 93.538037
56.348171, 94.346279
56.447750, 95.167848
56.527027, 96.002788
56.585916, 96.851161
56.624348, 97.713052
56.642275, 98.588570
56.639665, 99.477845
56.616507, 100.381031
56.572808, 101.298304
56.508596, 102.229865
56.423918, 103.175941
56.318842, 104.136782
56.193458, 105.112666
56.047875, 106.103896
55.882228, 107.110805
55.696671, 108.133753
55.491384, 109.173133
55.266570, 110.229366
55.022456, 111.302908
54.759298, 112.394246
54.477374, 113.503905
54.176994, 114.632446
53.858492, 115.780467
53.522236, 116.948609
53.168623, 118.137551
52.798080, 119.348018
52.411072, 120.580779
52.008095, 121.836652
51.589684, 123.116502
51.156411, 124.421246
50.708888, 125.751851
50.247772, 127.109341
49.773760, 128.494794
49.287599, 129.909344
48.790082, 131.354186
48.282056, 132.830568
47.764419, 134.339800
47.238129, 135.883249
46.704202, 137.462337
46.163716, 139.078540
45.617816, 140.733386
45.067714, 142.428446
44.514697, 144.165332
43.960124, 145.945686
43.405433, 147.771169
42.852143, 149.643450
42.301854, 151.564187
41.756252, 153.535009
41.217110, 155.557493
40.686285, 157.633138
40.165722, 159.763331
39.657448, 161.949315
39.163572, 164.192144
38.686279, 166.492646
38.227822, 168.851369
37.790514, 171.268536
37.376715, 173.743988
36.988819, 176.277135
36.629235, 178.866905
36.300368, 181.511695
36.004594, 184.209333
35.744238, 186.957049
35.521544, 189.751456
35.338647, 192.588545
35.197540, 195.463708
35.100049, 198.371768
35.047803, 201.307036
35.042208, 204.263385
35.084423, 207.234345
35.175342, 210.213211
35.315586, 213.193159
35.505487, 216.167370
35.745096, 219.129155
36.034181, 222.072071
36.372240, 224.990029
36.758520, 227.877383
37.192030, 230.729007
37.671568, 233.540347
38.195749, 236.307455
38.763026, 239.027006
39.371721, 241.696288
40.020047, 244.313193
40.706139, 246.876176
41.428071, 249.384223
42.183883, 251.836798
42.971593, 254.233797
43.789219, 256.575490
44.634791, 258.862474
45.506361, 261.095621
46.402014, 263.276030
47.319876, 265.404984
48.258116, 267.483911
49.214955, 269.514348
50.188665, 271.497912
51.177576, 273.436270
52.180067, 275.331119
53.194578, 277.184167
54.219601, 278.997116
55.253681, 280.771650
56.295417, 282.509421
57.343459, 284.212046
58.396504, 285.881099
59.453299, 287.518103
60.512634, 289.124532
61.573344, 290.701804
62.634305, 292.251282
63.694432, 293.774276
64.752679, 295.272037
65.808035, 296.745764
66.859524, 298.196601
67.906201, 299.625640
68.947155, 301.033922
69.981503, 302.422439
71.008390, 303.792136
72.026991, 305.143913
73.036503, 306.478625
74.036153, 307.797089
75.025187, 309.100078
76.002877, 310.388333
76.968518, 311.662554
77.921425, 312.923411
78.860933, 314.171541
79.786400, 315.407550
80.697201, 316.632015
81.592731, 317.845489
82.472403, 319.048494
83.335650, 320.241534
84.181920, 321.425086
85.010681, 322.599606
85.821415, 323.765532
86.613622, 324.923279
87.386820, 326.073249
88.140540, 327.215823
88.874332, 328.351367
89.587759, 329.480234
90.280402, 330.602759
90.951855, 331.719269
91.601730, 332.830073
92.229650, 333.935472
92.835257, 335.035755
93.418205, 336.131201
93.978165, 337.222077
94.514822, 338.308645
95.027874, 339.391156
95.517036, 340.469853
95.982036, 341.544973
96.422616, 342.616745
96.838535, 343.685392
97.229563, 344.751131
97.595487, 345.814174
97.936107, 346.874727
98.251237, 347.932994
98.540708, 348.989170
98.804361, 350.043452
99.042055, 351.096029
99.253661, 352.147089
99.439066, 353.196816
99.598169, 354.245394
99.730886, 355.293002
99.837144, 356.339819
99.916888, 357.386022
99.970074, 358.431788
99.996675, 359.477292
99.996675, 0.522708
99.970074, 1.568212
99.916888, 2.613978
99.837144, 3.660181
99.730886, 4.706998
99.598169, 5.754606
99.439066, 6.803184
99.253661, 7.852911
99.042055, 8.903971
98.804361, 9.956548
98.540708, 11.010830
98.251237, 12.067006
97.936107, 13.125273
97.595487, 14.185826
97.229563, 15.248869
96.838535, 16.314608
96.422616, 17.383255
95.982036, 18.455027
95.517036, 19.530147
95.027874, 20.608844
94.514822, 21.691355
93.978165, 22.777923
93.418205, 23.868799
92.835257, 24.964245
92.229650, 26.064528
91.601730, 27.169927
90.951855, 28.280731
90.280402, 29.397241
89.587759, 30.519766
88.874332, 31.648633
88.140540, 32.784177
87.386820, 33.926751
86.613622, 35.076721
85.821415, 36.234468
85.010681, 37.400394
84.181920, 38.574914
83.335650, 39.758466
82.472403, 40.951506
81.592731, 42.154511
80.697201, 43.367985
79.786400, 44.592450
78.860933, 45.828459
77.921425, 47.076589
76.968518, 48.337446
76.002877, 49.611667
75.025187, 50.899922
74.036153, 52.202911
73.036503, 53.521375
72.026991, 54.856087
71.008390, 56.207864
69.981503, 57.577561
68.947155, 58.966078
67.906201, 60.374360
66.859524, 61.803399
65.808035, 63.254236
64.752679, 64.727963
63.694432, 66.225724
62.634305, 67.748718
61.573344, 69.298196
60.512634, 70.875468
59.453299, 72.481897
58.396504, 74.118901
57.343459, 75.787954
56.295417, 77.490579
55.253681, 79.228350
54.219601, 81.002884
53.194578, 82.815833
52.180067, 84.668881
51.177576, 86.563730
50.188665, 88.502088
49.214955, 90.485652
48.258116, 92.516089
47.319876, 94.595016
46.402014, 96.723970
45.506361, 98.904379
44.634791, 101.137526
43.789219, 103.424510
42.971593, 105.766203
42.183883, 108.163202
41.428071, 110.615777
40.706139, 113.123824
40.020047, 115.686807
39.371721, 118.303712
38.763026, 120.972994
38.195749, 123.692545
37.671568, 126.459653
37.192030, 129.270993
36.758520, 132.122617
36.372240, 135.009971
36.034181, 137.927929
35.745096, 140.870845
35.505487, 143.832630
35.315586, 146.806841
35.175342, 149.786789
35.084423, 152.765655
35.042208, 155.736615
35.047803, 158.692964
35.100049, 161.628232
35.197540, 164.536292
35.338647, 167.411455
35.521544, 170.248544
35.744238, 173.042951
36.004594, 175.790667
36.300368, 178.488305
36.629235, 181.133095
36.988819, 183.722865
37.376715, 186.256012
37.790514, 188.731464
38.227822, 191.148631
38.686279, 193.507354
39.163572, 195.807856
39.657448, 198.050685
40.165722, 200.236669
40.686285, 202.366862
41.217110, 204.442507
41.756252, 206.464991
42.301854, 208.435813
42.852143, 210.356550
43.405433, 212.228831
43.960124, 214.054314
44.514697, 215.834668
45.067714, 217.571554
45.617816, 219.266614
46.163716, 220.921460
46.704202, 222.537663
47.238129, 224.116751
47.764419, 225.660200
48.282056, 227.169432
48.790082, 228.645814
49.287599, 230.090656
49.773760, 231.505206
50.247772, 232.890659
50.708888, 234.248149
51.156411, 235.578754
51.589684, 236.883498
52.008095, 238.163348
52.411072, 239.419221
52.798080, 240.651982
53.168623, 241.862449
53.522236, 243.051391
53.858492, 244.219533
54.176994, 245.367554
54.477374, 246.496095
54.759298, 247.605754
55.022456, 248.697092
55.266570, 249.770634
55.491384, 250.826867
55.696671, 251.866247
55.882228, 252.889195
56.047875, 253.896104
56.193458, 254.887334
56.318842, 255.863218
56.423918, 256.824059
56.508596, 257.770135
56.572808, 258.701696
56.616507, 259.618969
56.639665, 260.522155
56.642275, 261.411430
56.624348, 262.286948
56.585916, 263.148839
56.527027, 263.997212
56.447750, 264.832152
56.348171, 265.653721
56.228393, 266.461963
56.088538, 267.256898
55.928745, 268.038522
55.749170, 268.806815
55.549986, 269.561729
55.331384, 270.303199
55.093572, 271.031135
54.836772, 271.745427
54.561226, 272.445940
54.267190, 273.132517
53.954940, 273.804977
53.624764, 274.463115
53.276971, 275.106701
52.911884, 275.735480
52.529843, 276.349170
52.131207, 276.947461
51.716348, 277.530016
51.285659, 278.096468
50.839548, 278.646420
50.378440, 279.179443
49.902781, 279.695076
49.413031, 280.192822
48.909670, 280.672149
48.393199, 281.132488
47.864134, 281.573232
47.323013, 281.993730
46.770394, 282.393293
46.206854, 282.771184
45.632995, 283.126622
45.049437, 283.458778
44.456825, 283.766774
43.855827, 284.049678
43.247134, 284.306506
42.631465, 284.536220
42.009563, 284.737726
41.382200, 284.909869
40.750174, 285.051440
40.114317, 285.161167
39.475488, 285.237723
38.834579, 285.279720
38.192517, 285.285714
37.550263, 285.254208
36.908813, 285.183653
36.269202, 285.072456
35.632501, 284.918985
34.999824, 284.721579
34.372323, 284.478560
33.751189, 284.188244
33.137657, 283.848962
32.533002, 283.459076
31.938538, 283.017008
31.355617, 282.521264
30.785628, 281.970469
30.229993, 281.363404
29.690160, 280.699046
29.167600, 279.976613
28.663802, 279.195616
28.180258, 278.355907
27.718458, 277.457737
27.279872, 276.501803
26.865945, 275.489303
26.478070, 274.421985
26.117580, 273.302176
25.785726, 272.132821
25.483656, 270.917490
25.212397, 269.660380
24.972839, 268.366292
24.765710, 267.040592
24.591567, 265.689149
24.450775, 264.318253
24.343505, 262.934517
24.269718, 261.544764
24.229170, 260.155906
24.221408, 258.774817
24.245781, 257.408205
24.301447, 256.062503
24.387388, 254.743757
24.502427, 253.457538
24.645246, 252.208878
24.814408, 251.002213
25.008377, 249.841360
25.225540, 248.729505
25.464228, 247.669215
25.722734, 246.662452
25.999332, 245.710620
26.292294, 244.814597
26.599900, 243.974793
26.920456, 243.191196
27.252298, 242.463431
27.593804, 241.790806
27.943400, 241.172370
28.299563, 240.606954
28.660826, 240.093217
29.025779, 239.629681
29.393072, 239.214772
29.761415, 238.846844
30.129576, 238.524205
30.496380, 238.245143
30.860713, 238.007941
31.221513, 237.810893
31.577773, 237.652317
31.928540, 237.530561
32.272907, 237.444018
32.610018, 237.391124
32.939063, 237.370368
33.259273, 237.380291
33.569925, 237.419491
33.870332, 237.486621
34.159849, 237.580391
34.437864, 237.699568
34.703802, 237.842974
34.957121, 238.009485
35.197310, 238.198031
35.423889, 238.407591
35.636408, 238.637195
35.834443, 238.885920
36.017598, 239.152889
36.185502, 239.437267
36.337809, 239.738261
36.474198, 240.055120
36.594369, 240.387127
36.698046, 240.733602
36.784972, 241.093900
36.854914, 241.467406
36.907655, 241.853538
36.943001, 242.251741
36.960776, 242.661488
36.960820, 243.082277
36.942995, 243.513632
36.907177, 243.955097
36.853260, 244.406242
36.781155, 244.866654
36.690788, 245.335941
36.582103, 245.813730
36.455056, 246.299662
36.309622, 246.793399
36.145788, 247.294616
35.963556, 247.803001
35.762943, 248.318259
35.543979, 248.840106
35.306707, 249.368270
35.051187, 249.902491
34.777487, 250.442521
34.485692, 250.988120
34.175896, 251.539059
33.848209, 252.095118
33.502751, 252.656084
33.139654, 253.221755
32.759063, 253.791932
32.361133, 254.366428
31.946031, 254.945058
31.513934, 255.527645
31.065033, 256.114018
30.599526, 256.704010
30.117623, 257.297458
29.619544, 257.894204
29.105519, 258.494095
28.575789, 259.096978
28.030603, 259.702705
27.470219, 260.311130
26.894906, 260.922106
26.304942, 261.535491
25.700610, 262.151140
25.082207, 262.768907
24.450035, 263.388648
23.804404, 264.010213
23.145634, 264.633450
22.474050, 265.258202
21.789987, 265.884304
21.093786, 266.511584
20.385795, 267.139858
19.666368, 267.768929
18.935868, 268.398581
18.194663, 269.028576
17.443126, 269.658647
16.681638, 270.288493
15.910585, 270.917764
15.130357, 271.546053
14.341352, 272.172872
13.543971, 272.797634
12.738620, 273.419611
11.925711, 274.037888
11.105660, 274.651291
10.278887, 275.258276
9.445816, 275.856758
8.606876, 276.443846
7.762502, 277.015389
6.913131, 277.565189
6.059210, 278.083532
5.201193, 278.554262
4.339552, 278.948317
3.474791, 279.207576
2.607500, 279.196329
1.738563, 278.507017
0.870622, 275.104663
0.123655, 188.363251
0.895261, 112.464818
1.766472, 109.224117
2.640601, 108.566412
3.515123, 108.567629
4.389163, 108.834161
5.262131, 109.233761
6.133517, 109.709500
7.002843, 110.232816
7.869645, 110.787793
8.733468, 111.364850
9.593861, 111.957864
10.450379, 112.562732
11.302579, 113.176597
12.150023, 113.797400
12.992273, 114.423617
13.828897, 115.054090
14.659466, 115.687920
15.483554, 116.324394
16.300738, 116.962937
17.110600, 117.603078
17.912727, 118.244421
18.706708, 118.886633
19.492138, 119.529427
20.268616, 120.172553
21.035749, 120.815788
21.793144, 121.458934
22.540418, 122.101813
23.277191, 122.744260
24.003091, 123.386121
24.717749, 124.027254
25.420807, 124.667524
26.111909, 125.306803
26.790708, 125.944966
27.456864, 126.581893
28.110044, 127.217467
28.749921, 127.851572
29.376178, 128.484095
29.988504, 129.114923
30.586597, 129.743942
31.170163, 130.371040
31.738916, 130.996102
32.292578, 131.619013
32.830882, 132.239657
33.353568, 132.857915
33.860386, 133.473665
34.351095, 134.086786
34.825464, 134.697149
35.283272, 135.304627
35.724307, 135.909084
36.148368, 136.510385
36.555264, 137.108389
36.944815, 137.702949
37.316850, 138.293915
37.671211, 138.881132
38.007749, 139.464437
38.326330, 140.043664
38.626826, 140.618639
38.909125, 141.189181
39.173125, 141.755105
39.418736, 142.316213
39.645881, 142.872304
39.854495, 143.423166
40.044524, 143.968579
40.215930, 144.508311
40.368686, 145.042124
40.502777, 145.569767
40.618204, 146.090976
40.714981, 146.605478
40.793134, 147.112986
40.852706, 147.613199
40.893753, 148.105802
40.916344, 148.590467
40.920567, 149.066846
40.906520, 149.534577
40.874322, 149.993280
40.824104, 150.442554
40.756014, 150.881980
40.670218, 151.311117
40.566897, 151.729500
40.446251, 152.136644
40.308498, 152.532034
40.153872, 152.915131
39.982628, 153.285368
39.795040, 153.642147
39.591401, 153.984840
39.372025, 154.312783
39.137249, 154.625279
38.887429, 154.921595
38.622946, 155.200956
38.344203, 155.462549
38.051629, 155.705515
37.745677, 155.928954
37.426829, 156.131914
37.095591, 156.313398
36.752500, 156.472356
36.398124, 156.607685
36.033060, 156.718228
35.657940, 156.802772
35.273429, 156.860046
34.880229, 156.888722
34.479079, 156.887411
34.070759, 156.854671
33.656089, 156.788998
33.235931, 156.688836
32.811196, 156.552579
32.382838, 156.378571
31.951863, 156.165119
31.519327, 155.910498
31.086337, 155.612960
30.654056, 155.270752
30.223702, 154.882130
29.796548, 154.445378
29.373923, 153.958835
28.957216, 153.420918
28.547866, 152.830160
28.147369, 152.185244
27.757269, 151.485045
27.379158, 150.728675
27.014665, 149.915534
26.665454, 149.045365
26.333210, 148.118304
26.019630, 147.134939
25.726410, 146.096365
25.455227, 145.004227
25.207724, 143.860769
24.985489, 142.668860
24.790039, 141.432017
24.622791, 140.154403
24.485048, 138.840809
24.377971, 137.496619
24.302565, 136.127747
24.259658, 134.740557
24.249887, 133.341763
24.273684, 131.938316
24.331273, 130.537275
24.422662, 129.145680
24.547648, 127.770419
24.705824, 126.418108
24.896583, 125.094981
25.119140, 123.806791
25.372541, 122.558744
25.655688, 121.355440
25.967354, 120.200840
26.306206, 119.098263
26.670827, 118.050386
27.059731, 117.059267
27.471387, 116.126385
27.904232, 115.252683
28.356688, 114.438614
28.827174, 113.684204
29.314121, 112.989099
29.815975, 112.352626
30.331212, 111.773841
30.858337, 111.251581
31.395898, 110.784505
31.942479, 110.371136
32.496711, 110.009899
33.057268, 109.699147
33.622871, 109.437191
34.192287, 109.222322
34.764330, 109.052830
35.337856, 108.927018
35.911769, 108.843217
36.485013, 108.799795
37.056574, 108.795164
37.625480, 108.827787
38.190796, 108.896183
38.751626, 108.998928
39.307106, 109.134658
39.856410, 109.302073
40.398744, 109.499929
40.933345, 109.727049
41.459479, 109.982312
41.976444, 110.264657
42.483563, 110.573083
42.980188, 110.906642
43.465695, 111.264443
43.939487, 111.645645
44.400989, 112.049461
44.849650, 112.475149
45.284943, 112.922019
45.706361, 113.389421
46.113420, 113.876753
46.505655, 114.383452
46.882624, 114.908995
47.243903, 115.452901
47.589089, 116.014723
47.917796, 116.594052
48.229659, 117.190511
48.524332, 117.803761
48.801486, 118.433491
49.060812, 119.079424
49.302019, 119.741315
49.524833, 120.418945
49.728999, 121.112128
49.914281, 121.820706
50.080459, 122.544548
50.227333, 123.283552
50.354721, 124.037645
50.462458, 124.806778
50.550398, 125.590932
50.618414, 126.390116
50.666397, 127.204364
50.694259, 128.033741
50.701928, 128.878338
50.689354, 129.738274
50.656505, 130.613699
50.603370, 131.504790
50.529959, 132.411759
50.436302, 133.334843
50.322450, 134.274316
50.188477, 135.230484
50.034479, 136.203687
49.860576, 137.194300
49.666909, 138.202738
49.453646, 139.229451
49.220980, 140.274934
48.969129, 141.339721
48.698339, 142.424393
48.408885, 143.529576
48.101070, 144.655947
47.775227, 145.804232
47.431724, 146.975214
47.070958, 148.169732
46.693365, 149.388684
46.299417, 150.633033
45.889622, 151.903807
45.464532, 153.202103
45.024741, 154.529091
44.570888, 155.886018
44.103662, 157.274209
43.623800, 158.695070
43.132097, 160.150094
42.629402, 161.640859
42.116628, 163.169033
41.594751, 164.736375
41.064816, 166.344731
40.527943, 167.996039
39.985328, 169.692322
39.438250, 171.435684
38.888076, 173.228304
38.336262, 175.072426
37.784364, 176.970344
37.234038, 178.924385
36.687046, 180.936886
36.145258, 183.010168
35.610657, 185.146495
35.085342, 187.348040
34.571523, 189.616828
34.071527, 191.954682
33.587790, 194.363154
33.122850, 196.843454
32.679342, 199.396362
32.259978, 202.022147
31.867539, 204.720469
31.504844, 207.490293
31.174727, 210.329802
30.880010, 213.236319
30.623458, 216.206247
30.407750, 219.235032
30.235427, 222.317152
30.108856, 225.446145
30.030183, 228.614671
30.001291, 231.814611
30.023764, 235.037211
30.098856, 238.273253
##END=
