##TITLE= Parameter file, TopSpin 4.3.0
##JCAMPDX= 5.0
##DATATYPE= Parameter Values
##ORIGIN= Bruker BioSpin GmbH
##OWNER= nmrsu
$$ 2024-05-25 18:35:25.891 +0100  nmrsu@4CE1161FJM
$$ C:/Bruker/TopSpin4.3.0/exp/stan/nmr/lists/wave/user/multisupp_aux_d8
$$ process C:\Bruker\TopSpin4.3.0\prog\mod\xwinshape.exe
##MINX= 2.24661200
##MAXX= 99.99938900
##MINY= 0.37689700
##MAXY= 359.62310300
##$SHAPE_ADDPHASE= 0
##$SHAPE_AMP= 99.99938913
##$SHAPE_BWFAC= 0
##$SHAPE_BWFAC50= 0
##$SHAPE_CALCBW= yes
##$SHAPE_CALCINTEG= yes
##$SHAPE_EXMODE= <Excitation>
##$SHAPE_EXPAND= <>
##$SHAPE_EXPANDCF= (0..143)
0 0 0 0 0 0 0 0 0 0 0 0 0 0 0 0 0 0 0 0 0 0 0 0 0 0 0 0 0 0 0 0 0 0 0 0
0 0 0 0 0 0 0 0 0 0 0 0 0 0 0 0 0 0 0 0 0 0 0 0 0 0 0 0 0 0 0 0 0 0 0 0
0 0 0 0 0 0 0 0 0 0 0 0 0 0 0 0 0 0 0 0 0 0 0 0 0 0 0 0 0 0 0 0 0 0 0 0
0 0 0 0 0 0 0 0 0 0 0 0 0 0 0 0 0 0 0 0 0 0 0 0 0 0 0 0 0 0 0 0 0 0 0 0
##$SHAPE_EXPFAC= 0
##$SHAPE_FRACEND= 0
##$SHAPE_FRACORG= 0
##$SHAPE_FRACSTART= 0
##$SHAPE_INTEGFAC= 0
##$SHAPE_KEEPRES= yes
##$SHAPE_LENGTH= 25000.000373
##$SHAPE_MAN= <M>
##$SHAPE_MODE= 3
##$SHAPE_MODFREQ= 0
##$SHAPE_MODPHASE= 0
##$SHAPE_MODSCALE= 0
##$SHAPE_MODSW= 0
##$SHAPE_MODSWDIR= -1
##$SHAPE_NPOINTS= 1250
##$SHAPE_OFFS= <1 3>
##$SHAPE_OFFSCOEFF= (0..95)
-146.70488 0 100 -217.02107 0 100 -282.94671 0 100 0 0 0 0 0 0 0 0 0 0
0 0 0 0 0 0 0 0 0 0 0 0 0 0 0 0 0 0 0 0 0 0 0 0 0 0 0 0 0 0 0 0 0 0 0 0
0 0 0 0 0 0 0 0 0 0 0 0 0 0 0 0 0 0 0 0 0 0 0 0 0 0 0 0 0 0 0 0 0 0 0 0
0 0 0 0 0
##$SHAPE_PARAMETER= <>
##$SHAPE_REPHFAC= 0
##$SHAPE_RES= 0
##$SHAPE_SCALEFAC= 1.00000611
##$SHAPE_SCALETYPE= 0
##$SHAPE_SPOAL= 0
##$SHAPE_SPOFFS= 0
##$SHAPE_SPOPH= 0
##$SHAPE_TOTROT= 90
##$SHAPE_TYPE= <Excitation>
##$SHAPE_USER_DEF= <>
##$SHAPE_VERSION= 2.1
##$SHL_ADDPHASE= (0..15)
0 0 0 0 0 0 0 0 0 0 0 0 0 0 0 0
##$SHL_ALIGNOFFSET= (0..15)
0 0 0 0 0 0 0 0 0 0 0 0 0 0 0 0
##$SHL_AMP= (0..15)
100 0 0 0 0 0 0 0 0 0 0 0 0 0 0 0
##$SHL_AMPFAC= (0..15)
0 0 0 0 0 0 0 0 0 0 0 0 0 0 0 0
##$SHL_BETA= (0..15)
0 0 0 0 0 0 0 0 0 0 0 0 0 0 0 0
##$SHL_BWFAC= (0..15)
1.116 0 0 0 0 0 0 0 0 0 0 0 0 0 0 0
##$SHL_CALCBW= (0..15)
yes yes yes yes yes yes yes yes yes yes yes yes yes yes yes yes
##$SHL_CALCINTEG= (0..15)
yes yes yes yes yes yes yes yes yes yes yes yes yes yes yes yes
##$SHL_CENTERAMP= (0..15)
0 0 0 0 0 0 0 0 0 0 0 0 0 0 0 0
##$SHL_CYCNUM= (0..15)
0 0 0 0 0 0 0 0 0 0 0 0 0 0 0 0
##$SHL_DIPOLCPL= (0..15)
0 0 0 0 0 0 0 0 0 0 0 0 0 0 0 0
##$SHL_ENDAMP= (0..15)
0 0 0 0 0 0 0 0 0 0 0 0 0 0 0 0
##$SHL_EXMODE= (0..15)
<Excitation> <> <> <> <> <> <> <> <> <> <> <> <> <> <> <>
##$SHL_EXPAND= (0..15)
<> <> <> <> <> <> <> <> <> <> <> <> <> <> <> <>
##$SHL_EXPANDCF0= (0..143)
0 0 0 0 0 0 0 0 0 0 0 0 0 0 0 0 0 0 0 0 0 0 0 0 0 0 0 0 0 0 0 0 0 0 0 0
0 0 0 0 0 0 0 0 0 0 0 0 0 0 0 0 0 0 0 0 0 0 0 0 0 0 0 0 0 0 0 0 0 0 0 0
0 0 0 0 0 0 0 0 0 0 0 0 0 0 0 0 0 0 0 0 0 0 0 0 0 0 0 0 0 0 0 0 0 0 0 0
0 0 0 0 0 0 0 0 0 0 0 0 0 0 0 0 0 0 0 0 0 0 0 0 0 0 0 0 0 0 0 0 0 0 0 0
##$SHL_EXPANDCF1= (0..143)
0 0 0 0 0 0 0 0 0 0 0 0 0 0 0 0 0 0 0 0 0 0 0 0 0 0 0 0 0 0 0 0 0 0 0 0
0 0 0 0 0 0 0 0 0 0 0 0 0 0 0 0 0 0 0 0 0 0 0 0 0 0 0 0 0 0 0 0 0 0 0 0
0 0 0 0 0 0 0 0 0 0 0 0 0 0 0 0 0 0 0 0 0 0 0 0 0 0 0 0 0 0 0 0 0 0 0 0
0 0 0 0 0 0 0 0 0 0 0 0 0 0 0 0 0 0 0 0 0 0 0 0 0 0 0 0 0 0 0 0 0 0 0 0
##$SHL_EXPANDCF10= (0..143)
0 0 0 0 0 0 0 0 0 0 0 0 0 0 0 0 0 0 0 0 0 0 0 0 0 0 0 0 0 0 0 0 0 0 0 0
0 0 0 0 0 0 0 0 0 0 0 0 0 0 0 0 0 0 0 0 0 0 0 0 0 0 0 0 0 0 0 0 0 0 0 0
0 0 0 0 0 0 0 0 0 0 0 0 0 0 0 0 0 0 0 0 0 0 0 0 0 0 0 0 0 0 0 0 0 0 0 0
0 0 0 0 0 0 0 0 0 0 0 0 0 0 0 0 0 0 0 0 0 0 0 0 0 0 0 0 0 0 0 0 0 0 0 0
##$SHL_EXPANDCF11= (0..143)
0 0 0 0 0 0 0 0 0 0 0 0 0 0 0 0 0 0 0 0 0 0 0 0 0 0 0 0 0 0 0 0 0 0 0 0
0 0 0 0 0 0 0 0 0 0 0 0 0 0 0 0 0 0 0 0 0 0 0 0 0 0 0 0 0 0 0 0 0 0 0 0
0 0 0 0 0 0 0 0 0 0 0 0 0 0 0 0 0 0 0 0 0 0 0 0 0 0 0 0 0 0 0 0 0 0 0 0
0 0 0 0 0 0 0 0 0 0 0 0 0 0 0 0 0 0 0 0 0 0 0 0 0 0 0 0 0 0 0 0 0 0 0 0
##$SHL_EXPANDCF12= (0..143)
0 0 0 0 0 0 0 0 0 0 0 0 0 0 0 0 0 0 0 0 0 0 0 0 0 0 0 0 0 0 0 0 0 0 0 0
0 0 0 0 0 0 0 0 0 0 0 0 0 0 0 0 0 0 0 0 0 0 0 0 0 0 0 0 0 0 0 0 0 0 0 0
0 0 0 0 0 0 0 0 0 0 0 0 0 0 0 0 0 0 0 0 0 0 0 0 0 0 0 0 0 0 0 0 0 0 0 0
0 0 0 0 0 0 0 0 0 0 0 0 0 0 0 0 0 0 0 0 0 0 0 0 0 0 0 0 0 0 0 0 0 0 0 0
##$SHL_EXPANDCF13= (0..143)
0 0 0 0 0 0 0 0 0 0 0 0 0 0 0 0 0 0 0 0 0 0 0 0 0 0 0 0 0 0 0 0 0 0 0 0
0 0 0 0 0 0 0 0 0 0 0 0 0 0 0 0 0 0 0 0 0 0 0 0 0 0 0 0 0 0 0 0 0 0 0 0
0 0 0 0 0 0 0 0 0 0 0 0 0 0 0 0 0 0 0 0 0 0 0 0 0 0 0 0 0 0 0 0 0 0 0 0
0 0 0 0 0 0 0 0 0 0 0 0 0 0 0 0 0 0 0 0 0 0 0 0 0 0 0 0 0 0 0 0 0 0 0 0
##$SHL_EXPANDCF14= (0..143)
0 0 0 0 0 0 0 0 0 0 0 0 0 0 0 0 0 0 0 0 0 0 0 0 0 0 0 0 0 0 0 0 0 0 0 0
0 0 0 0 0 0 0 0 0 0 0 0 0 0 0 0 0 0 0 0 0 0 0 0 0 0 0 0 0 0 0 0 0 0 0 0
0 0 0 0 0 0 0 0 0 0 0 0 0 0 0 0 0 0 0 0 0 0 0 0 0 0 0 0 0 0 0 0 0 0 0 0
0 0 0 0 0 0 0 0 0 0 0 0 0 0 0 0 0 0 0 0 0 0 0 0 0 0 0 0 0 0 0 0 0 0 0 0
##$SHL_EXPANDCF15= (0..143)
0 0 0 0 0 0 0 0 0 0 0 0 0 0 0 0 0 0 0 0 0 0 0 0 0 0 0 0 0 0 0 0 0 0 0 0
0 0 0 0 0 0 0 0 0 0 0 0 0 0 0 0 0 0 0 0 0 0 0 0 0 0 0 0 0 0 0 0 0 0 0 0
0 0 0 0 0 0 0 0 0 0 0 0 0 0 0 0 0 0 0 0 0 0 0 0 0 0 0 0 0 0 0 0 0 0 0 0
0 0 0 0 0 0 0 0 0 0 0 0 0 0 0 0 0 0 0 0 0 0 0 0 0 0 0 0 0 0 0 0 0 0 0 0
##$SHL_EXPANDCF2= (0..143)
0 0 0 0 0 0 0 0 0 0 0 0 0 0 0 0 0 0 0 0 0 0 0 0 0 0 0 0 0 0 0 0 0 0 0 0
0 0 0 0 0 0 0 0 0 0 0 0 0 0 0 0 0 0 0 0 0 0 0 0 0 0 0 0 0 0 0 0 0 0 0 0
0 0 0 0 0 0 0 0 0 0 0 0 0 0 0 0 0 0 0 0 0 0 0 0 0 0 0 0 0 0 0 0 0 0 0 0
0 0 0 0 0 0 0 0 0 0 0 0 0 0 0 0 0 0 0 0 0 0 0 0 0 0 0 0 0 0 0 0 0 0 0 0
##$SHL_EXPANDCF3= (0..143)
0 0 0 0 0 0 0 0 0 0 0 0 0 0 0 0 0 0 0 0 0 0 0 0 0 0 0 0 0 0 0 0 0 0 0 0
0 0 0 0 0 0 0 0 0 0 0 0 0 0 0 0 0 0 0 0 0 0 0 0 0 0 0 0 0 0 0 0 0 0 0 0
0 0 0 0 0 0 0 0 0 0 0 0 0 0 0 0 0 0 0 0 0 0 0 0 0 0 0 0 0 0 0 0 0 0 0 0
0 0 0 0 0 0 0 0 0 0 0 0 0 0 0 0 0 0 0 0 0 0 0 0 0 0 0 0 0 0 0 0 0 0 0 0
##$SHL_EXPANDCF4= (0..143)
0 0 0 0 0 0 0 0 0 0 0 0 0 0 0 0 0 0 0 0 0 0 0 0 0 0 0 0 0 0 0 0 0 0 0 0
0 0 0 0 0 0 0 0 0 0 0 0 0 0 0 0 0 0 0 0 0 0 0 0 0 0 0 0 0 0 0 0 0 0 0 0
0 0 0 0 0 0 0 0 0 0 0 0 0 0 0 0 0 0 0 0 0 0 0 0 0 0 0 0 0 0 0 0 0 0 0 0
0 0 0 0 0 0 0 0 0 0 0 0 0 0 0 0 0 0 0 0 0 0 0 0 0 0 0 0 0 0 0 0 0 0 0 0
##$SHL_EXPANDCF5= (0..143)
0 0 0 0 0 0 0 0 0 0 0 0 0 0 0 0 0 0 0 0 0 0 0 0 0 0 0 0 0 0 0 0 0 0 0 0
0 0 0 0 0 0 0 0 0 0 0 0 0 0 0 0 0 0 0 0 0 0 0 0 0 0 0 0 0 0 0 0 0 0 0 0
0 0 0 0 0 0 0 0 0 0 0 0 0 0 0 0 0 0 0 0 0 0 0 0 0 0 0 0 0 0 0 0 0 0 0 0
0 0 0 0 0 0 0 0 0 0 0 0 0 0 0 0 0 0 0 0 0 0 0 0 0 0 0 0 0 0 0 0 0 0 0 0
##$SHL_EXPANDCF6= (0..143)
0 0 0 0 0 0 0 0 0 0 0 0 0 0 0 0 0 0 0 0 0 0 0 0 0 0 0 0 0 0 0 0 0 0 0 0
0 0 0 0 0 0 0 0 0 0 0 0 0 0 0 0 0 0 0 0 0 0 0 0 0 0 0 0 0 0 0 0 0 0 0 0
0 0 0 0 0 0 0 0 0 0 0 0 0 0 0 0 0 0 0 0 0 0 0 0 0 0 0 0 0 0 0 0 0 0 0 0
0 0 0 0 0 0 0 0 0 0 0 0 0 0 0 0 0 0 0 0 0 0 0 0 0 0 0 0 0 0 0 0 0 0 0 0
##$SHL_EXPANDCF7= (0..143)
0 0 0 0 0 0 0 0 0 0 0 0 0 0 0 0 0 0 0 0 0 0 0 0 0 0 0 0 0 0 0 0 0 0 0 0
0 0 0 0 0 0 0 0 0 0 0 0 0 0 0 0 0 0 0 0 0 0 0 0 0 0 0 0 0 0 0 0 0 0 0 0
0 0 0 0 0 0 0 0 0 0 0 0 0 0 0 0 0 0 0 0 0 0 0 0 0 0 0 0 0 0 0 0 0 0 0 0
0 0 0 0 0 0 0 0 0 0 0 0 0 0 0 0 0 0 0 0 0 0 0 0 0 0 0 0 0 0 0 0 0 0 0 0
##$SHL_EXPANDCF8= (0..143)
0 0 0 0 0 0 0 0 0 0 0 0 0 0 0 0 0 0 0 0 0 0 0 0 0 0 0 0 0 0 0 0 0 0 0 0
0 0 0 0 0 0 0 0 0 0 0 0 0 0 0 0 0 0 0 0 0 0 0 0 0 0 0 0 0 0 0 0 0 0 0 0
0 0 0 0 0 0 0 0 0 0 0 0 0 0 0 0 0 0 0 0 0 0 0 0 0 0 0 0 0 0 0 0 0 0 0 0
0 0 0 0 0 0 0 0 0 0 0 0 0 0 0 0 0 0 0 0 0 0 0 0 0 0 0 0 0 0 0 0 0 0 0 0
##$SHL_EXPANDCF9= (0..143)
0 0 0 0 0 0 0 0 0 0 0 0 0 0 0 0 0 0 0 0 0 0 0 0 0 0 0 0 0 0 0 0 0 0 0 0
0 0 0 0 0 0 0 0 0 0 0 0 0 0 0 0 0 0 0 0 0 0 0 0 0 0 0 0 0 0 0 0 0 0 0 0
0 0 0 0 0 0 0 0 0 0 0 0 0 0 0 0 0 0 0 0 0 0 0 0 0 0 0 0 0 0 0 0 0 0 0 0
0 0 0 0 0 0 0 0 0 0 0 0 0 0 0 0 0 0 0 0 0 0 0 0 0 0 0 0 0 0 0 0 0 0 0 0
##$SHL_EXPFAC= (0..15)
0 0 0 0 0 0 0 0 0 0 0 0 0 0 0 0
##$SHL_FRACEND= (0..15)
0 0 0 0 0 0 0 0 0 0 0 0 0 0 0 0
##$SHL_FRACORG= (0..15)
0 0 0 0 0 0 0 0 0 0 0 0 0 0 0 0
##$SHL_FRACSTART= (0..15)
0 0 0 0 0 0 0 0 0 0 0 0 0 0 0 0
##$SHL_FULLHALF= (0..15)
0 0 0 0 0 0 0 0 0 0 0 0 0 0 0 0
##$SHL_FUNCAMP= (0..15)
100 0 0 0 0 0 0 0 0 0 0 0 0 0 0 0
##$SHL_FUNCTION= (0..15)
<Rectangle> <> <> <> <> <> <> <> <> <> <> <> <> <> <> <>
##$SHL_GCO= (0..15)
<> <> <> <> <> <> <> <> <> <> <> <> <> <> <> <>
##$SHL_GCOCOEFFS0= (0..59)
0 0 0 0 0 0 0 0 0 0 0 0 0 0 0 0 0 0 0 0 0 0 0 0 0 0 0 0 0 0 0 0 0 0 0 0
0 0 0 0 0 0 0 0 0 0 0 0 0 0 0 0 0 0 0 0 0 0 0 0
##$SHL_GCOCOEFFS1= (0..59)
0 0 0 0 0 0 0 0 0 0 0 0 0 0 0 0 0 0 0 0 0 0 0 0 0 0 0 0 0 0 0 0 0 0 0 0
0 0 0 0 0 0 0 0 0 0 0 0 0 0 0 0 0 0 0 0 0 0 0 0
##$SHL_GCOCOEFFS10= (0..59)
0 0 0 0 0 0 0 0 0 0 0 0 0 0 0 0 0 0 0 0 0 0 0 0 0 0 0 0 0 0 0 0 0 0 0 0
0 0 0 0 0 0 0 0 0 0 0 0 0 0 0 0 0 0 0 0 0 0 0 0
##$SHL_GCOCOEFFS11= (0..59)
0 0 0 0 0 0 0 0 0 0 0 0 0 0 0 0 0 0 0 0 0 0 0 0 0 0 0 0 0 0 0 0 0 0 0 0
0 0 0 0 0 0 0 0 0 0 0 0 0 0 0 0 0 0 0 0 0 0 0 0
##$SHL_GCOCOEFFS12= (0..59)
0 0 0 0 0 0 0 0 0 0 0 0 0 0 0 0 0 0 0 0 0 0 0 0 0 0 0 0 0 0 0 0 0 0 0 0
0 0 0 0 0 0 0 0 0 0 0 0 0 0 0 0 0 0 0 0 0 0 0 0
##$SHL_GCOCOEFFS13= (0..59)
0 0 0 0 0 0 0 0 0 0 0 0 0 0 0 0 0 0 0 0 0 0 0 0 0 0 0 0 0 0 0 0 0 0 0 0
0 0 0 0 0 0 0 0 0 0 0 0 0 0 0 0 0 0 0 0 0 0 0 0
##$SHL_GCOCOEFFS14= (0..59)
0 0 0 0 0 0 0 0 0 0 0 0 0 0 0 0 0 0 0 0 0 0 0 0 0 0 0 0 0 0 0 0 0 0 0 0
0 0 0 0 0 0 0 0 0 0 0 0 0 0 0 0 0 0 0 0 0 0 0 0
##$SHL_GCOCOEFFS15= (0..59)
0 0 0 0 0 0 0 0 0 0 0 0 0 0 0 0 0 0 0 0 0 0 0 0 0 0 0 0 0 0 0 0 0 0 0 0
0 0 0 0 0 0 0 0 0 0 0 0 0 0 0 0 0 0 0 0 0 0 0 0
##$SHL_GCOCOEFFS2= (0..59)
0 0 0 0 0 0 0 0 0 0 0 0 0 0 0 0 0 0 0 0 0 0 0 0 0 0 0 0 0 0 0 0 0 0 0 0
0 0 0 0 0 0 0 0 0 0 0 0 0 0 0 0 0 0 0 0 0 0 0 0
##$SHL_GCOCOEFFS3= (0..59)
0 0 0 0 0 0 0 0 0 0 0 0 0 0 0 0 0 0 0 0 0 0 0 0 0 0 0 0 0 0 0 0 0 0 0 0
0 0 0 0 0 0 0 0 0 0 0 0 0 0 0 0 0 0 0 0 0 0 0 0
##$SHL_GCOCOEFFS4= (0..59)
0 0 0 0 0 0 0 0 0 0 0 0 0 0 0 0 0 0 0 0 0 0 0 0 0 0 0 0 0 0 0 0 0 0 0 0
0 0 0 0 0 0 0 0 0 0 0 0 0 0 0 0 0 0 0 0 0 0 0 0
##$SHL_GCOCOEFFS5= (0..59)
0 0 0 0 0 0 0 0 0 0 0 0 0 0 0 0 0 0 0 0 0 0 0 0 0 0 0 0 0 0 0 0 0 0 0 0
0 0 0 0 0 0 0 0 0 0 0 0 0 0 0 0 0 0 0 0 0 0 0 0
##$SHL_GCOCOEFFS6= (0..59)
0 0 0 0 0 0 0 0 0 0 0 0 0 0 0 0 0 0 0 0 0 0 0 0 0 0 0 0 0 0 0 0 0 0 0 0
0 0 0 0 0 0 0 0 0 0 0 0 0 0 0 0 0 0 0 0 0 0 0 0
##$SHL_GCOCOEFFS7= (0..59)
0 0 0 0 0 0 0 0 0 0 0 0 0 0 0 0 0 0 0 0 0 0 0 0 0 0 0 0 0 0 0 0 0 0 0 0
0 0 0 0 0 0 0 0 0 0 0 0 0 0 0 0 0 0 0 0 0 0 0 0
##$SHL_GCOCOEFFS8= (0..59)
0 0 0 0 0 0 0 0 0 0 0 0 0 0 0 0 0 0 0 0 0 0 0 0 0 0 0 0 0 0 0 0 0 0 0 0
0 0 0 0 0 0 0 0 0 0 0 0 0 0 0 0 0 0 0 0 0 0 0 0
##$SHL_GCOCOEFFS9= (0..59)
0 0 0 0 0 0 0 0 0 0 0 0 0 0 0 0 0 0 0 0 0 0 0 0 0 0 0 0 0 0 0 0 0 0 0 0
0 0 0 0 0 0 0 0 0 0 0 0 0 0 0 0 0 0 0 0 0 0 0 0
##$SHL_INTEGFAC= (0..15)
1 0 0 0 0 0 0 0 0 0 0 0 0 0 0 0
##$SHL_LB= (0..15)
0 0 0 0 0 0 0 0 0 0 0 0 0 0 0 0
##$SHL_LEFTLIMIT= (0..15)
0 0 0 0 0 0 0 0 0 0 0 0 0 0 0 0
##$SHL_LENGTH= (0..15)
25000.000373 0 0 0 0 0 0 0 0 0 0 0 0 0 0 0
##$SHL_MAN= (0..15)
<> <> <> <> <> <> <> <> <> <> <> <> <> <> <> <>
##$SHL_MEANAMP= (0..15)
0 0 0 0 0 0 0 0 0 0 0 0 0 0 0 0
##$SHL_MODAMP= (0..15)
0 0 0 0 0 0 0 0 0 0 0 0 0 0 0 0
##$SHL_MODE= (0..15)
0 0 0 0 0 0 0 0 0 0 0 0 0 0 0 0
##$SHL_MODFREQ= (0..15)
0 0 0 0 0 0 0 0 0 0 0 0 0 0 0 0
##$SHL_MODPHASE= (0..15)
0 0 0 0 0 0 0 0 0 0 0 0 0 0 0 0
##$SHL_MODSCALE= (0..15)
0 0 0 0 0 0 0 0 0 0 0 0 0 0 0 0
##$SHL_MODSW= (0..15)
0 0 0 0 0 0 0 0 0 0 0 0 0 0 0 0
##$SHL_MODSWDIR= (0..15)
-1 -1 -1 -1 -1 -1 -1 -1 -1 -1 -1 -1 -1 -1 -1 -1
##$SHL_MU= (0..15)
0 0 0 0 0 0 0 0 0 0 0 0 0 0 0 0
##$SHL_NPOINTS= (0..15)
1250 0 0 0 0 0 0 0 0 0 0 0 0 0 0 0
##$SHL_OFFS= (0..15)
<> <> <> <> <> <> <> <> <> <> <> <> <> <> <> <>
##$SHL_OFFSCOEFF0= (0..95)
0 0 0 0 0 0 0 0 0 0 0 0 0 0 0 0 0 0 0 0 0 0 0 0 0 0 0 0 0 0 0 0 0 0 0 0
0 0 0 0 0 0 0 0 0 0 0 0 0 0 0 0 0 0 0 0 0 0 0 0 0 0 0 0 0 0 0 0 0 0 0 0
0 0 0 0 0 0 0 0 0 0 0 0 0 0 0 0 0 0 0 0 0 0 0 0
##$SHL_OFFSCOEFF1= (0..95)
0 0 0 0 0 0 0 0 0 0 0 0 0 0 0 0 0 0 0 0 0 0 0 0 0 0 0 0 0 0 0 0 0 0 0 0
0 0 0 0 0 0 0 0 0 0 0 0 0 0 0 0 0 0 0 0 0 0 0 0 0 0 0 0 0 0 0 0 0 0 0 0
0 0 0 0 0 0 0 0 0 0 0 0 0 0 0 0 0 0 0 0 0 0 0 0
##$SHL_OFFSCOEFF10= (0..95)
0 0 0 0 0 0 0 0 0 0 0 0 0 0 0 0 0 0 0 0 0 0 0 0 0 0 0 0 0 0 0 0 0 0 0 0
0 0 0 0 0 0 0 0 0 0 0 0 0 0 0 0 0 0 0 0 0 0 0 0 0 0 0 0 0 0 0 0 0 0 0 0
0 0 0 0 0 0 0 0 0 0 0 0 0 0 0 0 0 0 0 0 0 0 0 0
##$SHL_OFFSCOEFF11= (0..95)
0 0 0 0 0 0 0 0 0 0 0 0 0 0 0 0 0 0 0 0 0 0 0 0 0 0 0 0 0 0 0 0 0 0 0 0
0 0 0 0 0 0 0 0 0 0 0 0 0 0 0 0 0 0 0 0 0 0 0 0 0 0 0 0 0 0 0 0 0 0 0 0
0 0 0 0 0 0 0 0 0 0 0 0 0 0 0 0 0 0 0 0 0 0 0 0
##$SHL_OFFSCOEFF12= (0..95)
0 0 0 0 0 0 0 0 0 0 0 0 0 0 0 0 0 0 0 0 0 0 0 0 0 0 0 0 0 0 0 0 0 0 0 0
0 0 0 0 0 0 0 0 0 0 0 0 0 0 0 0 0 0 0 0 0 0 0 0 0 0 0 0 0 0 0 0 0 0 0 0
0 0 0 0 0 0 0 0 0 0 0 0 0 0 0 0 0 0 0 0 0 0 0 0
##$SHL_OFFSCOEFF13= (0..95)
0 0 0 0 0 0 0 0 0 0 0 0 0 0 0 0 0 0 0 0 0 0 0 0 0 0 0 0 0 0 0 0 0 0 0 0
0 0 0 0 0 0 0 0 0 0 0 0 0 0 0 0 0 0 0 0 0 0 0 0 0 0 0 0 0 0 0 0 0 0 0 0
0 0 0 0 0 0 0 0 0 0 0 0 0 0 0 0 0 0 0 0 0 0 0 0
##$SHL_OFFSCOEFF14= (0..95)
0 0 0 0 0 0 0 0 0 0 0 0 0 0 0 0 0 0 0 0 0 0 0 0 0 0 0 0 0 0 0 0 0 0 0 0
0 0 0 0 0 0 0 0 0 0 0 0 0 0 0 0 0 0 0 0 0 0 0 0 0 0 0 0 0 0 0 0 0 0 0 0
0 0 0 0 0 0 0 0 0 0 0 0 0 0 0 0 0 0 0 0 0 0 0 0
##$SHL_OFFSCOEFF15= (0..95)
0 0 0 0 0 0 0 0 0 0 0 0 0 0 0 0 0 0 0 0 0 0 0 0 0 0 0 0 0 0 0 0 0 0 0 0
0 0 0 0 0 0 0 0 0 0 0 0 0 0 0 0 0 0 0 0 0 0 0 0 0 0 0 0 0 0 0 0 0 0 0 0
0 0 0 0 0 0 0 0 0 0 0 0 0 0 0 0 0 0 0 0 0 0 0 0
##$SHL_OFFSCOEFF2= (0..95)
0 0 0 0 0 0 0 0 0 0 0 0 0 0 0 0 0 0 0 0 0 0 0 0 0 0 0 0 0 0 0 0 0 0 0 0
0 0 0 0 0 0 0 0 0 0 0 0 0 0 0 0 0 0 0 0 0 0 0 0 0 0 0 0 0 0 0 0 0 0 0 0
0 0 0 0 0 0 0 0 0 0 0 0 0 0 0 0 0 0 0 0 0 0 0 0
##$SHL_OFFSCOEFF3= (0..95)
0 0 0 0 0 0 0 0 0 0 0 0 0 0 0 0 0 0 0 0 0 0 0 0 0 0 0 0 0 0 0 0 0 0 0 0
0 0 0 0 0 0 0 0 0 0 0 0 0 0 0 0 0 0 0 0 0 0 0 0 0 0 0 0 0 0 0 0 0 0 0 0
0 0 0 0 0 0 0 0 0 0 0 0 0 0 0 0 0 0 0 0 0 0 0 0
##$SHL_OFFSCOEFF4= (0..95)
0 0 0 0 0 0 0 0 0 0 0 0 0 0 0 0 0 0 0 0 0 0 0 0 0 0 0 0 0 0 0 0 0 0 0 0
0 0 0 0 0 0 0 0 0 0 0 0 0 0 0 0 0 0 0 0 0 0 0 0 0 0 0 0 0 0 0 0 0 0 0 0
0 0 0 0 0 0 0 0 0 0 0 0 0 0 0 0 0 0 0 0 0 0 0 0
##$SHL_OFFSCOEFF5= (0..95)
0 0 0 0 0 0 0 0 0 0 0 0 0 0 0 0 0 0 0 0 0 0 0 0 0 0 0 0 0 0 0 0 0 0 0 0
0 0 0 0 0 0 0 0 0 0 0 0 0 0 0 0 0 0 0 0 0 0 0 0 0 0 0 0 0 0 0 0 0 0 0 0
0 0 0 0 0 0 0 0 0 0 0 0 0 0 0 0 0 0 0 0 0 0 0 0
##$SHL_OFFSCOEFF6= (0..95)
0 0 0 0 0 0 0 0 0 0 0 0 0 0 0 0 0 0 0 0 0 0 0 0 0 0 0 0 0 0 0 0 0 0 0 0
0 0 0 0 0 0 0 0 0 0 0 0 0 0 0 0 0 0 0 0 0 0 0 0 0 0 0 0 0 0 0 0 0 0 0 0
0 0 0 0 0 0 0 0 0 0 0 0 0 0 0 0 0 0 0 0 0 0 0 0
##$SHL_OFFSCOEFF7= (0..95)
0 0 0 0 0 0 0 0 0 0 0 0 0 0 0 0 0 0 0 0 0 0 0 0 0 0 0 0 0 0 0 0 0 0 0 0
0 0 0 0 0 0 0 0 0 0 0 0 0 0 0 0 0 0 0 0 0 0 0 0 0 0 0 0 0 0 0 0 0 0 0 0
0 0 0 0 0 0 0 0 0 0 0 0 0 0 0 0 0 0 0 0 0 0 0 0
##$SHL_OFFSCOEFF8= (0..95)
0 0 0 0 0 0 0 0 0 0 0 0 0 0 0 0 0 0 0 0 0 0 0 0 0 0 0 0 0 0 0 0 0 0 0 0
0 0 0 0 0 0 0 0 0 0 0 0 0 0 0 0 0 0 0 0 0 0 0 0 0 0 0 0 0 0 0 0 0 0 0 0
0 0 0 0 0 0 0 0 0 0 0 0 0 0 0 0 0 0 0 0 0 0 0 0
##$SHL_OFFSCOEFF9= (0..95)
0 0 0 0 0 0 0 0 0 0 0 0 0 0 0 0 0 0 0 0 0 0 0 0 0 0 0 0 0 0 0 0 0 0 0 0
0 0 0 0 0 0 0 0 0 0 0 0 0 0 0 0 0 0 0 0 0 0 0 0 0 0 0 0 0 0 0 0 0 0 0 0
0 0 0 0 0 0 0 0 0 0 0 0 0 0 0 0 0 0 0 0 0 0 0 0
##$SHL_PHASE= (0..15)
0 0 0 0 0 0 0 0 0 0 0 0 0 0 0 0
##$SHL_PHASEFAC= (0..15)
0 0 0 0 0 0 0 0 0 0 0 0 0 0 0 0
##$SHL_POWERINDEX= (0..15)
0 0 0 0 0 0 0 0 0 0 0 0 0 0 0 0
##$SHL_QUADCOEFF= (0..15)
0 0 0 0 0 0 0 0 0 0 0 0 0 0 0 0
##$SHL_RIGHTLIMIT= (0..15)
0 0 0 0 0 0 0 0 0 0 0 0 0 0 0 0
##$SHL_SCALEFACTOR= (0..15)
1 1 1 1 1 1 1 1 1 1 1 1 1 1 1 1
##$SHL_SF= (0..15)
<> <> <> <> <> <> <> <> <> <> <> <> <> <> <> <>
##$SHL_SFCOEFFS0= (0..200)
0 0 0 0 0 0 0 0 0 0 0 0 0 0 0 0 0 0 0 0 0 0 0 0 0 0 0 0 0 0 0 0 0 0 0 0
0 0 0 0 0 0 0 0 0 0 0 0 0 0 0 0 0 0 0 0 0 0 0 0 0 0 0 0 0 0 0 0 0 0 0 0
0 0 0 0 0 0 0 0 0 0 0 0 0 0 0 0 0 0 0 0 0 0 0 0 0 0 0 0 0 0 0 0 0 0 0 0
0 0 0 0 0 0 0 0 0 0 0 0 0 0 0 0 0 0 0 0 0 0 0 0 0 0 0 0 0 0 0 0 0 0 0 0
0 0 0 0 0 0 0 0 0 0 0 0 0 0 0 0 0 0 0 0 0 0 0 0 0 0 0 0 0 0 0 0 0 0 0 0
0 0 0 0 0 0 0 0 0 0 0 0 0 0 0 0 0 0 0 0 0
##$SHL_SFCOEFFS1= (0..200)
0 0 0 0 0 0 0 0 0 0 0 0 0 0 0 0 0 0 0 0 0 0 0 0 0 0 0 0 0 0 0 0 0 0 0 0
0 0 0 0 0 0 0 0 0 0 0 0 0 0 0 0 0 0 0 0 0 0 0 0 0 0 0 0 0 0 0 0 0 0 0 0
0 0 0 0 0 0 0 0 0 0 0 0 0 0 0 0 0 0 0 0 0 0 0 0 0 0 0 0 0 0 0 0 0 0 0 0
0 0 0 0 0 0 0 0 0 0 0 0 0 0 0 0 0 0 0 0 0 0 0 0 0 0 0 0 0 0 0 0 0 0 0 0
0 0 0 0 0 0 0 0 0 0 0 0 0 0 0 0 0 0 0 0 0 0 0 0 0 0 0 0 0 0 0 0 0 0 0 0
0 0 0 0 0 0 0 0 0 0 0 0 0 0 0 0 0 0 0 0 0
##$SHL_SFCOEFFS10= (0..200)
0 0 0 0 0 0 0 0 0 0 0 0 0 0 0 0 0 0 0 0 0 0 0 0 0 0 0 0 0 0 0 0 0 0 0 0
0 0 0 0 0 0 0 0 0 0 0 0 0 0 0 0 0 0 0 0 0 0 0 0 0 0 0 0 0 0 0 0 0 0 0 0
0 0 0 0 0 0 0 0 0 0 0 0 0 0 0 0 0 0 0 0 0 0 0 0 0 0 0 0 0 0 0 0 0 0 0 0
0 0 0 0 0 0 0 0 0 0 0 0 0 0 0 0 0 0 0 0 0 0 0 0 0 0 0 0 0 0 0 0 0 0 0 0
0 0 0 0 0 0 0 0 0 0 0 0 0 0 0 0 0 0 0 0 0 0 0 0 0 0 0 0 0 0 0 0 0 0 0 0
0 0 0 0 0 0 0 0 0 0 0 0 0 0 0 0 0 0 0 0 0
##$SHL_SFCOEFFS11= (0..200)
0 0 0 0 0 0 0 0 0 0 0 0 0 0 0 0 0 0 0 0 0 0 0 0 0 0 0 0 0 0 0 0 0 0 0 0
0 0 0 0 0 0 0 0 0 0 0 0 0 0 0 0 0 0 0 0 0 0 0 0 0 0 0 0 0 0 0 0 0 0 0 0
0 0 0 0 0 0 0 0 0 0 0 0 0 0 0 0 0 0 0 0 0 0 0 0 0 0 0 0 0 0 0 0 0 0 0 0
0 0 0 0 0 0 0 0 0 0 0 0 0 0 0 0 0 0 0 0 0 0 0 0 0 0 0 0 0 0 0 0 0 0 0 0
0 0 0 0 0 0 0 0 0 0 0 0 0 0 0 0 0 0 0 0 0 0 0 0 0 0 0 0 0 0 0 0 0 0 0 0
0 0 0 0 0 0 0 0 0 0 0 0 0 0 0 0 0 0 0 0 0
##$SHL_SFCOEFFS12= (0..200)
0 0 0 0 0 0 0 0 0 0 0 0 0 0 0 0 0 0 0 0 0 0 0 0 0 0 0 0 0 0 0 0 0 0 0 0
0 0 0 0 0 0 0 0 0 0 0 0 0 0 0 0 0 0 0 0 0 0 0 0 0 0 0 0 0 0 0 0 0 0 0 0
0 0 0 0 0 0 0 0 0 0 0 0 0 0 0 0 0 0 0 0 0 0 0 0 0 0 0 0 0 0 0 0 0 0 0 0
0 0 0 0 0 0 0 0 0 0 0 0 0 0 0 0 0 0 0 0 0 0 0 0 0 0 0 0 0 0 0 0 0 0 0 0
0 0 0 0 0 0 0 0 0 0 0 0 0 0 0 0 0 0 0 0 0 0 0 0 0 0 0 0 0 0 0 0 0 0 0 0
0 0 0 0 0 0 0 0 0 0 0 0 0 0 0 0 0 0 0 0 0
##$SHL_SFCOEFFS13= (0..200)
0 0 0 0 0 0 0 0 0 0 0 0 0 0 0 0 0 0 0 0 0 0 0 0 0 0 0 0 0 0 0 0 0 0 0 0
0 0 0 0 0 0 0 0 0 0 0 0 0 0 0 0 0 0 0 0 0 0 0 0 0 0 0 0 0 0 0 0 0 0 0 0
0 0 0 0 0 0 0 0 0 0 0 0 0 0 0 0 0 0 0 0 0 0 0 0 0 0 0 0 0 0 0 0 0 0 0 0
0 0 0 0 0 0 0 0 0 0 0 0 0 0 0 0 0 0 0 0 0 0 0 0 0 0 0 0 0 0 0 0 0 0 0 0
0 0 0 0 0 0 0 0 0 0 0 0 0 0 0 0 0 0 0 0 0 0 0 0 0 0 0 0 0 0 0 0 0 0 0 0
0 0 0 0 0 0 0 0 0 0 0 0 0 0 0 0 0 0 0 0 0
##$SHL_SFCOEFFS14= (0..200)
0 0 0 0 0 0 0 0 0 0 0 0 0 0 0 0 0 0 0 0 0 0 0 0 0 0 0 0 0 0 0 0 0 0 0 0
0 0 0 0 0 0 0 0 0 0 0 0 0 0 0 0 0 0 0 0 0 0 0 0 0 0 0 0 0 0 0 0 0 0 0 0
0 0 0 0 0 0 0 0 0 0 0 0 0 0 0 0 0 0 0 0 0 0 0 0 0 0 0 0 0 0 0 0 0 0 0 0
0 0 0 0 0 0 0 0 0 0 0 0 0 0 0 0 0 0 0 0 0 0 0 0 0 0 0 0 0 0 0 0 0 0 0 0
0 0 0 0 0 0 0 0 0 0 0 0 0 0 0 0 0 0 0 0 0 0 0 0 0 0 0 0 0 0 0 0 0 0 0 0
0 0 0 0 0 0 0 0 0 0 0 0 0 0 0 0 0 0 0 0 0
##$SHL_SFCOEFFS15= (0..200)
0 0 0 0 0 0 0 0 0 0 0 0 0 0 0 0 0 0 0 0 0 0 0 0 0 0 0 0 0 0 0 0 0 0 0 0
0 0 0 0 0 0 0 0 0 0 0 0 0 0 0 0 0 0 0 0 0 0 0 0 0 0 0 0 0 0 0 0 0 0 0 0
0 0 0 0 0 0 0 0 0 0 0 0 0 0 0 0 0 0 0 0 0 0 0 0 0 0 0 0 0 0 0 0 0 0 0 0
0 0 0 0 0 0 0 0 0 0 0 0 0 0 0 0 0 0 0 0 0 0 0 0 0 0 0 0 0 0 0 0 0 0 0 0
0 0 0 0 0 0 0 0 0 0 0 0 0 0 0 0 0 0 0 0 0 0 0 0 0 0 0 0 0 0 0 0 0 0 0 0
0 0 0 0 0 0 0 0 0 0 0 0 0 0 0 0 0 0 0 0 0
##$SHL_SFCOEFFS2= (0..200)
0 0 0 0 0 0 0 0 0 0 0 0 0 0 0 0 0 0 0 0 0 0 0 0 0 0 0 0 0 0 0 0 0 0 0 0
0 0 0 0 0 0 0 0 0 0 0 0 0 0 0 0 0 0 0 0 0 0 0 0 0 0 0 0 0 0 0 0 0 0 0 0
0 0 0 0 0 0 0 0 0 0 0 0 0 0 0 0 0 0 0 0 0 0 0 0 0 0 0 0 0 0 0 0 0 0 0 0
0 0 0 0 0 0 0 0 0 0 0 0 0 0 0 0 0 0 0 0 0 0 0 0 0 0 0 0 0 0 0 0 0 0 0 0
0 0 0 0 0 0 0 0 0 0 0 0 0 0 0 0 0 0 0 0 0 0 0 0 0 0 0 0 0 0 0 0 0 0 0 0
0 0 0 0 0 0 0 0 0 0 0 0 0 0 0 0 0 0 0 0 0
##$SHL_SFCOEFFS3= (0..200)
0 0 0 0 0 0 0 0 0 0 0 0 0 0 0 0 0 0 0 0 0 0 0 0 0 0 0 0 0 0 0 0 0 0 0 0
0 0 0 0 0 0 0 0 0 0 0 0 0 0 0 0 0 0 0 0 0 0 0 0 0 0 0 0 0 0 0 0 0 0 0 0
0 0 0 0 0 0 0 0 0 0 0 0 0 0 0 0 0 0 0 0 0 0 0 0 0 0 0 0 0 0 0 0 0 0 0 0
0 0 0 0 0 0 0 0 0 0 0 0 0 0 0 0 0 0 0 0 0 0 0 0 0 0 0 0 0 0 0 0 0 0 0 0
0 0 0 0 0 0 0 0 0 0 0 0 0 0 0 0 0 0 0 0 0 0 0 0 0 0 0 0 0 0 0 0 0 0 0 0
0 0 0 0 0 0 0 0 0 0 0 0 0 0 0 0 0 0 0 0 0
##$SHL_SFCOEFFS4= (0..200)
0 0 0 0 0 0 0 0 0 0 0 0 0 0 0 0 0 0 0 0 0 0 0 0 0 0 0 0 0 0 0 0 0 0 0 0
0 0 0 0 0 0 0 0 0 0 0 0 0 0 0 0 0 0 0 0 0 0 0 0 0 0 0 0 0 0 0 0 0 0 0 0
0 0 0 0 0 0 0 0 0 0 0 0 0 0 0 0 0 0 0 0 0 0 0 0 0 0 0 0 0 0 0 0 0 0 0 0
0 0 0 0 0 0 0 0 0 0 0 0 0 0 0 0 0 0 0 0 0 0 0 0 0 0 0 0 0 0 0 0 0 0 0 0
0 0 0 0 0 0 0 0 0 0 0 0 0 0 0 0 0 0 0 0 0 0 0 0 0 0 0 0 0 0 0 0 0 0 0 0
0 0 0 0 0 0 0 0 0 0 0 0 0 0 0 0 0 0 0 0 0
##$SHL_SFCOEFFS5= (0..200)
0 0 0 0 0 0 0 0 0 0 0 0 0 0 0 0 0 0 0 0 0 0 0 0 0 0 0 0 0 0 0 0 0 0 0 0
0 0 0 0 0 0 0 0 0 0 0 0 0 0 0 0 0 0 0 0 0 0 0 0 0 0 0 0 0 0 0 0 0 0 0 0
0 0 0 0 0 0 0 0 0 0 0 0 0 0 0 0 0 0 0 0 0 0 0 0 0 0 0 0 0 0 0 0 0 0 0 0
0 0 0 0 0 0 0 0 0 0 0 0 0 0 0 0 0 0 0 0 0 0 0 0 0 0 0 0 0 0 0 0 0 0 0 0
0 0 0 0 0 0 0 0 0 0 0 0 0 0 0 0 0 0 0 0 0 0 0 0 0 0 0 0 0 0 0 0 0 0 0 0
0 0 0 0 0 0 0 0 0 0 0 0 0 0 0 0 0 0 0 0 0
##$SHL_SFCOEFFS6= (0..200)
0 0 0 0 0 0 0 0 0 0 0 0 0 0 0 0 0 0 0 0 0 0 0 0 0 0 0 0 0 0 0 0 0 0 0 0
0 0 0 0 0 0 0 0 0 0 0 0 0 0 0 0 0 0 0 0 0 0 0 0 0 0 0 0 0 0 0 0 0 0 0 0
0 0 0 0 0 0 0 0 0 0 0 0 0 0 0 0 0 0 0 0 0 0 0 0 0 0 0 0 0 0 0 0 0 0 0 0
0 0 0 0 0 0 0 0 0 0 0 0 0 0 0 0 0 0 0 0 0 0 0 0 0 0 0 0 0 0 0 0 0 0 0 0
0 0 0 0 0 0 0 0 0 0 0 0 0 0 0 0 0 0 0 0 0 0 0 0 0 0 0 0 0 0 0 0 0 0 0 0
0 0 0 0 0 0 0 0 0 0 0 0 0 0 0 0 0 0 0 0 0
##$SHL_SFCOEFFS7= (0..200)
0 0 0 0 0 0 0 0 0 0 0 0 0 0 0 0 0 0 0 0 0 0 0 0 0 0 0 0 0 0 0 0 0 0 0 0
0 0 0 0 0 0 0 0 0 0 0 0 0 0 0 0 0 0 0 0 0 0 0 0 0 0 0 0 0 0 0 0 0 0 0 0
0 0 0 0 0 0 0 0 0 0 0 0 0 0 0 0 0 0 0 0 0 0 0 0 0 0 0 0 0 0 0 0 0 0 0 0
0 0 0 0 0 0 0 0 0 0 0 0 0 0 0 0 0 0 0 0 0 0 0 0 0 0 0 0 0 0 0 0 0 0 0 0
0 0 0 0 0 0 0 0 0 0 0 0 0 0 0 0 0 0 0 0 0 0 0 0 0 0 0 0 0 0 0 0 0 0 0 0
0 0 0 0 0 0 0 0 0 0 0 0 0 0 0 0 0 0 0 0 0
##$SHL_SFCOEFFS8= (0..200)
0 0 0 0 0 0 0 0 0 0 0 0 0 0 0 0 0 0 0 0 0 0 0 0 0 0 0 0 0 0 0 0 0 0 0 0
0 0 0 0 0 0 0 0 0 0 0 0 0 0 0 0 0 0 0 0 0 0 0 0 0 0 0 0 0 0 0 0 0 0 0 0
0 0 0 0 0 0 0 0 0 0 0 0 0 0 0 0 0 0 0 0 0 0 0 0 0 0 0 0 0 0 0 0 0 0 0 0
0 0 0 0 0 0 0 0 0 0 0 0 0 0 0 0 0 0 0 0 0 0 0 0 0 0 0 0 0 0 0 0 0 0 0 0
0 0 0 0 0 0 0 0 0 0 0 0 0 0 0 0 0 0 0 0 0 0 0 0 0 0 0 0 0 0 0 0 0 0 0 0
0 0 0 0 0 0 0 0 0 0 0 0 0 0 0 0 0 0 0 0 0
##$SHL_SFCOEFFS9= (0..200)
0 0 0 0 0 0 0 0 0 0 0 0 0 0 0 0 0 0 0 0 0 0 0 0 0 0 0 0 0 0 0 0 0 0 0 0
0 0 0 0 0 0 0 0 0 0 0 0 0 0 0 0 0 0 0 0 0 0 0 0 0 0 0 0 0 0 0 0 0 0 0 0
0 0 0 0 0 0 0 0 0 0 0 0 0 0 0 0 0 0 0 0 0 0 0 0 0 0 0 0 0 0 0 0 0 0 0 0
0 0 0 0 0 0 0 0 0 0 0 0 0 0 0 0 0 0 0 0 0 0 0 0 0 0 0 0 0 0 0 0 0 0 0 0
0 0 0 0 0 0 0 0 0 0 0 0 0 0 0 0 0 0 0 0 0 0 0 0 0 0 0 0 0 0 0 0 0 0 0 0
0 0 0 0 0 0 0 0 0 0 0 0 0 0 0 0 0 0 0 0 0
##$SHL_SMOOTHED= (0..15)
0 0 0 0 0 0 0 0 0 0 0 0 0 0 0 0
##$SHL_SMOOTHING= (0..15)
0 0 0 0 0 0 0 0 0 0 0 0 0 0 0 0
##$SHL_SPOAL= (0..15)
0 0 0 0 0 0 0 0 0 0 0 0 0 0 0 0
##$SHL_SPOFFS= (0..15)
0 0 0 0 0 0 0 0 0 0 0 0 0 0 0 0
##$SHL_SPOPH= (0..15)
0 0 0 0 0 0 0 0 0 0 0 0 0 0 0 0
##$SHL_STARTAMP= (0..15)
0 0 0 0 0 0 0 0 0 0 0 0 0 0 0 0
##$SHL_SW= (0..15)
0 0 0 0 0 0 0 0 0 0 0 0 0 0 0 0
##$SHL_SWDIR= (0..15)
-1 -1 -1 -1 -1 -1 -1 -1 -1 -1 -1 -1 -1 -1 -1 -1
##$SHL_TANKAPPA= (0..15)
0 0 0 0 0 0 0 0 0 0 0 0 0 0 0 0
##$SHL_TOTROT= (0..15)
90 0 0 0 0 0 0 0 0 0 0 0 0 0 0 0
##$SHL_TRUNCLEV= (0..15)
0 0 0 0 0 0 0 0 0 0 0 0 0 0 0 0
##$SHL_TYPE= (0..15)
<Excitation> <> <> <> <> <> <> <> <> <> <> <> <> <> <> <>
##$SHL_WINDOWSIZE= (0..15)
0 0 0 0 0 0 0 0 0 0 0 0 0 0 0 0
##$SHL_ZETA= (0..15)
0 0 0 0 0 0 0 0 0 0 0 0 0 0 0 0
##NPOINTS= 1250
##XYPOINTS= (XY..XY)
72.531834, 109.538682
72.072749, 111.063810
71.610823, 112.588479
71.146089, 114.112679
70.678583, 115.636402
70.208340, 117.159637
69.735394, 118.682373
69.259781, 120.204601
68.781536, 121.726308
68.300694, 123.247484
67.817293, 124.768117
67.331367, 126.288195
66.842954, 127.807705
66.352089, 129.326634
65.858809, 130.844968
65.363151, 132.362694
64.865152, 133.879798
64.364850, 135.396265
63.862282, 136.912078
63.357485, 138.427223
62.850497, 139.941682
62.341357, 141.455439
61.830102, 142.968476
61.316772, 144.480775
60.801403, 145.992316
60.284036, 147.503080
59.764709, 149.013046
59.243462, 150.522194
58.720332, 152.030500
58.195361, 153.537943
57.668588, 155.044499
57.140051, 156.550142
56.609792, 158.054847
56.077850, 159.558588
55.544266, 161.061337
55.009081, 162.563065
54.472334, 164.063742
53.934066, 165.563337
53.394319, 167.061817
52.853134, 168.559149
52.310552, 170.055296
51.766614, 171.550224
51.221362, 173.043892
50.674838, 174.536261
50.127084, 176.027290
49.578142, 177.516934
49.028053, 179.005148
48.476862, 180.491884
47.924609, 181.977093
47.371339, 183.460722
46.817094, 184.942717
46.261917, 186.423020
45.705851, 187.901572
45.148941, 189.378310
44.591229, 190.853168
44.032760, 192.326077
43.473577, 193.796965
42.913726, 195.265754
42.353250, 196.732365
41.792195, 198.196714
41.230604, 199.658712
40.668525, 201.118265
40.106001, 202.575274
39.543079, 204.029637
38.979804, 205.481242
38.416223, 206.929975
37.852383, 208.375713
37.288330, 209.818325
36.724111, 211.257677
36.159774, 212.693621
35.595366, 214.126004
35.030937, 215.554663
34.466534, 216.979424
33.902207, 218.400103
33.338006, 219.816503
32.773980, 221.228417
32.210181, 222.635620
31.646659, 224.037877
31.083467, 225.434932
30.520656, 226.826515
29.958282, 228.212336
29.396397, 229.592084
28.835056, 230.965424
28.274317, 232.332000
27.714235, 233.691425
27.154870, 235.043285
26.596280, 236.387133
26.038528, 237.722486
25.481675, 239.048823
24.925785, 240.365579
24.370926, 241.672141
23.817165, 242.967846
23.264572, 244.251969
22.713222, 245.523725
22.163189, 246.782252
21.614554, 248.026613
21.067400, 249.255778
20.521814, 250.468618
19.977887, 251.663893
19.435717, 252.840235
18.895406, 253.996136
18.357064, 255.129925
17.820808, 256.239752
17.286765, 257.323558
16.755070, 258.379050
16.225871, 259.403668
15.699328, 260.394543
15.175618, 261.348455
14.654935, 262.261779
14.137493, 263.130420
13.623531, 263.949746
13.113318, 264.714493
12.607154, 265.418671
12.105381, 266.055438
11.608387, 266.616961
11.116617, 267.094247
10.630586, 267.476951
10.150886, 267.753142
9.678211, 267.909046
9.213372, 267.928747
8.757327, 267.793861
8.311205, 267.483193
7.876351, 266.972410
7.454365, 266.233773
7.047156, 265.236032
6.656998, 263.944640
6.286595, 262.322506
5.939130, 260.331641
5.618307, 257.936136
5.328345, 255.106902
5.073901, 251.828461
4.859877, 248.107434
4.691092, 243.981307
4.571813, 239.524644
4.505202, 234.849073
4.492816, 230.094355
4.534309, 225.411152
4.627448, 220.940265
4.768433, 216.795071
4.952424, 213.052117
5.174106, 209.750687
5.428154, 206.898789
5.709570, 204.481863
6.013861, 202.471343
6.337105, 200.831535
6.675948, 199.524473
7.027557, 198.512971
7.389554, 197.762324
7.759954, 197.241106
8.137095, 196.921397
8.519590, 196.778693
8.906271, 196.791645
9.296156, 196.941733
9.688413, 197.212923
10.082337, 197.591337
10.477322, 198.064958
10.872848, 198.623363
11.268468, 199.257496
11.663790, 199.959468
12.058474, 200.722390
12.452221, 201.540231
12.844767, 202.407695
13.235876, 203.320116
13.625341, 204.273377
14.012974, 205.263829
14.398605, 206.288233
14.782083, 207.343704
15.163268, 208.427667
15.542035, 209.537816
15.918267, 210.672084
16.291857, 211.828607
16.662707, 213.005709
17.030725, 214.201874
17.395827, 215.415727
17.757933, 216.646021
18.116969, 217.891625
18.472864, 219.151504
18.825555, 220.424715
19.174977, 221.710396
19.521073, 223.007756
19.863787, 224.316070
20.203066, 225.634671
20.538858, 226.962944
20.871116, 228.300324
21.199794, 229.646288
21.524847, 231.000351
21.846232, 232.362066
22.163909, 233.731018
22.477837, 235.106819
22.787980, 236.489113
23.094299, 237.877564
23.396761, 239.271861
23.695329, 240.671715
23.989971, 242.076854
24.280655, 243.487024
24.567350, 244.901989
24.850024, 246.321525
25.128648, 247.745425
25.403194, 249.173492
25.673634, 250.605544
25.939940, 252.041406
26.202086, 253.480916
26.460046, 254.923922
26.713796, 256.370278
26.963310, 257.819849
27.208565, 259.272506
27.449538, 260.728127
27.686206, 262.186598
27.918547, 263.647810
28.146540, 265.111661
28.370163, 266.578052
28.589397, 268.046893
28.804221, 269.518095
29.014616, 270.991576
29.220563, 272.467256
29.422043, 273.945062
29.619040, 275.424922
29.811534, 276.906768
29.999510, 278.390538
30.182951, 279.876168
30.361841, 281.363603
30.536164, 282.852786
30.705905, 284.343664
30.871049, 285.836188
31.031583, 287.330310
31.187491, 288.825985
31.338762, 290.323168
31.485381, 291.821819
31.627336, 293.321899
31.764615, 294.823370
31.897206, 296.326195
32.025099, 297.830342
32.148281, 299.335777
32.266743, 300.842469
32.380474, 302.350389
32.489465, 303.859508
32.593706, 305.369800
32.693188, 306.881239
32.787903, 308.393801
32.877843, 309.907462
32.963000, 311.422200
33.043367, 312.937994
33.118937, 314.454824
33.189702, 315.972672
33.255658, 317.491518
33.316798, 319.011346
33.373117, 320.532141
33.424610, 322.053885
33.471272, 323.576565
33.513099, 325.100168
33.550088, 326.624679
33.582234, 328.150088
33.609535, 329.676383
33.631989, 331.203553
33.649592, 332.731588
33.662342, 334.260479
33.670240, 335.790217
33.673282, 337.320795
33.671469, 338.852206
33.664800, 340.384443
33.653274, 341.917500
33.636894, 343.451372
33.615658, 344.986054
33.589568, 346.521543
33.558627, 348.057835
33.522834, 349.594928
33.482194, 351.132819
33.436708, 352.671507
33.386380, 354.210991
33.331212, 355.751272
33.271209, 357.292349
33.206375, 358.834223
33.136714, 0.376897
33.062231, 1.920373
32.982932, 3.464654
32.898821, 5.009744
32.809906, 6.555647
32.716191, 8.102368
32.617685, 9.649913
32.514394, 11.198290
32.406326, 12.747504
32.293488, 14.297565
32.175889, 15.848482
32.053538, 17.400263
31.926442, 18.952920
31.794612, 20.506465
31.658058, 22.060909
31.516789, 23.616267
31.370815, 25.172552
31.220149, 26.729780
31.064800, 28.287967
30.904781, 29.847131
30.740103, 31.407291
30.570778, 32.968466
30.396820, 34.530679
30.218241, 36.093951
30.035055, 37.658306
29.847275, 39.223771
29.654916, 40.790372
29.457992, 42.358138
29.256518, 43.927100
29.050510, 45.497289
28.839982, 47.068741
28.624951, 48.641491
28.405434, 50.215578
28.181447, 51.791044
27.953007, 53.367930
27.720132, 54.946284
27.482840, 56.526155
27.241149, 58.107593
26.995077, 59.690655
26.744644, 61.275399
26.489870, 62.861886
26.230774, 64.450184
25.967377, 66.040362
25.699698, 67.632496
25.427760, 69.226664
25.151584, 70.822953
24.871192, 72.421453
24.586606, 74.022260
24.297849, 75.625478
24.004945, 77.231219
23.707917, 78.839599
23.406789, 80.450747
23.101586, 82.064797
22.792334, 83.681897
22.479057, 85.302202
22.161783, 86.925883
21.840538, 88.553120
21.515350, 90.184110
21.186246, 91.819064
20.853256, 93.458212
20.516408, 95.101801
20.175733, 96.750100
19.831261, 98.403402
19.483024, 100.062024
19.131055, 101.726313
18.775386, 103.396647
18.416052, 105.073438
18.053089, 106.757142
17.686533, 108.448254
17.316421, 110.147323
16.942794, 111.854954
16.565692, 113.571814
16.185157, 115.298643
15.801233, 117.036264
15.413969, 118.785594
15.023411, 120.547657
14.629612, 122.323601
14.232627, 124.114718
13.832515, 125.922464
13.429337, 127.748489
13.023162, 129.594668
12.614062, 131.463142
12.202117, 133.356364
11.787414, 135.277160
11.370051, 137.228797
10.950135, 139.215080
10.527787, 141.240454
10.103145, 143.310153
9.676368, 145.430373
9.247639, 147.608501
8.817171, 149.853409
8.385220, 152.175837
7.952090, 154.588894
7.518152, 157.108728
7.083862, 159.755425
6.649791, 162.554223
6.216664, 165.537188
5.785417, 168.745510
5.357277, 172.232718
4.933885, 176.069127
4.517479, 180.347977
4.111161, 185.193608
3.719311, 190.771527
3.348191, 197.298279
3.006786, 205.043579
2.707783, 214.304637
2.468192, 225.313202
2.308224, 238.037093
2.246612, 251.942823
2.292892, 265.994815
2.442405, 279.086074
2.679235, 290.541297
2.983820, 300.222530
3.338686, 308.318480
3.730409, 315.122462
4.149356, 320.915236
4.588781, 325.926999
5.043965, 330.335158
5.511567, 334.273316
5.989189, 337.841609
6.475073, 341.115418
6.967910, 344.151978
7.466702, 346.995212
7.970680, 349.679213
8.479238, 352.230744
8.991891, 354.671046
9.508246, 357.017153
10.027978, 359.282863
10.550817, 1.479453
11.076532, 3.616220
11.604929, 5.700893
12.135834, 7.739941
12.669099, 9.738819
13.204591, 11.702156
13.742190, 13.633906
14.281788, 15.537461
14.823286, 17.415750
15.366593, 19.271314
15.911625, 21.106369
16.458303, 22.922851
17.006553, 24.722464
17.556304, 26.506712
18.107488, 28.276926
18.660043, 30.034288
19.213906, 31.779854
19.769017, 33.514566
20.325320, 35.239271
20.882757, 36.954729
21.441275, 38.661627
22.000820, 40.360585
22.561339, 42.052166
23.122781, 43.736881
23.685097, 45.415195
24.248235, 47.087533
24.812148, 48.754282
25.376786, 50.415798
25.942101, 52.072408
26.508047, 53.724410
27.074576, 55.372081
27.641641, 57.015677
28.209197, 58.655431
28.777197, 60.291562
29.345595, 61.924272
29.914347, 63.553747
30.483407, 65.180162
31.052730, 66.803678
31.622271, 68.424446
32.191986, 70.042606
32.761830, 71.658290
33.331760, 73.271621
33.901730, 74.882713
34.471698, 76.491673
35.041619, 78.098603
35.611450, 79.703598
36.181146, 81.306745
36.750666, 82.908129
37.319965, 84.507830
37.889000, 86.105919
38.457729, 87.702469
39.026107, 89.297545
39.594093, 90.891208
40.161643, 92.483519
40.728714, 94.074533
41.295265, 95.664303
41.861253, 97.252879
42.426634, 98.840308
42.991367, 100.426636
43.555410, 102.011904
44.118721, 103.596154
44.681256, 105.179425
45.242975, 106.761752
45.803836, 108.343171
46.363797, 109.923716
46.922815, 111.503417
47.480850, 113.082306
48.037861, 114.660410
48.593805, 116.237758
49.148642, 117.814376
49.702330, 119.390289
50.254828, 120.965520
50.806096, 122.540094
51.356092, 124.114031
51.904776, 125.687354
52.452107, 127.260081
52.998045, 128.832233
53.542549, 130.403827
54.085580, 131.974883
54.627096, 133.545416
55.167059, 135.115443
55.705427, 136.684979
56.242162, 138.254041
56.777224, 139.822642
57.310573, 141.390796
57.842170, 142.958516
58.371976, 144.525817
58.899951, 146.092709
59.426057, 147.659205
59.950255, 149.225317
60.472507, 150.791055
60.992774, 152.356430
61.511017, 153.921453
62.027198, 155.486133
62.541280, 157.050480
63.053225, 158.614503
63.562995, 160.178212
64.070551, 161.741615
64.575858, 163.304720
65.078878, 164.867535
65.579574, 166.430068
66.077909, 167.992327
66.573846, 169.554318
67.067349, 171.116050
67.558382, 172.677528
68.046908, 174.238759
68.532892, 175.799751
69.016298, 177.360508
69.497090, 178.921037
69.975233, 180.481343
70.450692, 182.041433
70.923432, 183.601312
71.393419, 185.160985
71.860617, 186.720457
72.324992, 188.279734
72.786511, 189.838819
73.245139, 191.397718
73.700843, 192.956435
74.153589, 194.514975
74.603344, 196.073343
75.050075, 197.631541
75.493749, 199.189574
75.934333, 200.747447
76.371796, 202.305163
76.806105, 203.862725
77.237229, 205.420138
77.665135, 206.977405
78.089792, 208.534529
78.511169, 210.091514
78.929235, 211.648363
79.343959, 213.205079
79.755312, 214.761665
80.163262, 216.318125
80.567780, 217.874460
80.968836, 219.430675
81.366401, 220.986772
81.760446, 222.542753
82.150941, 224.098621
82.537858, 225.654379
82.921168, 227.210029
83.300844, 228.765575
83.676858, 230.321017
84.049182, 231.876359
84.417788, 233.431602
84.782651, 234.986750
85.143742, 236.541804
85.501035, 238.096766
85.854505, 239.651639
86.204125, 241.206424
86.549869, 242.761124
86.891713, 244.315740
87.229631, 245.870274
87.563598, 247.424729
87.893591, 248.979106
88.219584, 250.533407
88.541554, 252.087633
88.859477, 253.641787
89.173330, 255.195869
89.483090, 256.749882
89.788734, 258.303828
90.090239, 259.857707
90.387585, 261.411522
90.680748, 262.965274
90.969707, 264.518964
91.254442, 266.072594
91.534931, 267.626165
91.811153, 269.179679
92.083089, 270.733137
92.350718, 272.286541
92.614022, 273.839891
92.872979, 275.393190
93.127573, 276.946438
93.377783, 278.499636
93.623592, 280.052787
93.864981, 281.605890
94.101933, 283.158948
94.334431, 284.711962
94.562457, 286.264932
94.785995, 287.817860
95.005028, 289.370747
95.219540, 290.923594
95.429516, 292.476402
95.634940, 294.029172
95.835797, 295.581906
96.032072, 297.134604
96.223751, 298.687267
96.410821, 300.239897
96.593266, 301.792495
96.771074, 303.345060
96.944232, 304.897596
97.112727, 306.450101
97.276547, 308.002578
97.435679, 309.555027
97.590112, 311.107450
97.739835, 312.659846
97.884837, 314.212218
98.025107, 315.764566
98.160635, 317.316890
98.291411, 318.869192
98.417425, 320.421473
98.538668, 321.973734
98.655131, 323.525974
98.766806, 325.078196
98.873685, 326.630400
98.975759, 328.182587
99.073021, 329.734758
99.165464, 331.286914
99.253082, 332.839054
99.335867, 334.391181
99.413814, 335.943295
99.486917, 337.495397
99.555170, 339.047488
99.618570, 340.599568
99.677110, 342.151638
99.730787, 343.703699
99.779597, 345.255753
99.823536, 346.807798
99.862601, 348.359838
99.896789, 349.911871
99.926098, 351.463899
99.950526, 353.015923
99.970070, 354.567944
99.984729, 356.119962
99.994502, 357.671978
99.999389, 359.223993
99.999389, 0.776007
99.994502, 2.328022
99.984729, 3.880038
99.970070, 5.432056
99.950526, 6.984077
99.926098, 8.536101
99.896789, 10.088129
99.862601, 11.640162
99.823536, 13.192202
99.779597, 14.744247
99.730787, 16.296301
99.677110, 17.848362
99.618570, 19.400432
99.555170, 20.952512
99.486917, 22.504603
99.413814, 24.056705
99.335867, 25.608819
99.253082, 27.160946
99.165464, 28.713086
99.073021, 30.265242
98.975759, 31.817413
98.873685, 33.369600
98.766806, 34.921804
98.655131, 36.474026
98.538668, 38.026266
98.417425, 39.578527
98.291411, 41.130808
98.160635, 42.683110
98.025107, 44.235434
97.884837, 45.787782
97.739835, 47.340154
97.590112, 48.892550
97.435679, 50.444973
97.276547, 51.997422
97.112727, 53.549899
96.944232, 55.102404
96.771074, 56.654940
96.593266, 58.207505
96.410821, 59.760103
96.223751, 61.312733
96.032072, 62.865396
95.835797, 64.418094
95.634940, 65.970828
95.429516, 67.523598
95.219540, 69.076406
95.005028, 70.629253
94.785995, 72.182140
94.562457, 73.735068
94.334431, 75.288038
94.101933, 76.841052
93.864981, 78.394110
93.623592, 79.947213
93.377783, 81.500364
93.127573, 83.053562
92.872979, 84.606810
92.614022, 86.160109
92.350718, 87.713459
92.083089, 89.266863
91.811153, 90.820321
91.534931, 92.373835
91.254442, 93.927406
90.969707, 95.481036
90.680748, 97.034726
90.387585, 98.588478
90.090239, 100.142293
89.788734, 101.696172
89.483090, 103.250118
89.173330, 104.804131
88.859477, 106.358213
88.541554, 107.912367
88.219584, 109.466593
87.893591, 111.020894
87.563598, 112.575271
87.229631, 114.129726
86.891713, 115.684260
86.549869, 117.238876
86.204125, 118.793576
85.854505, 120.348361
85.501035, 121.903234
85.143742, 123.458196
84.782651, 125.013250
84.417788, 126.568398
84.049182, 128.123641
83.676858, 129.678983
83.300844, 131.234425
82.921168, 132.789971
82.537858, 134.345621
82.150941, 135.901379
81.760446, 137.457247
81.366401, 139.013228
80.968836, 140.569325
80.567780, 142.125540
80.163262, 143.681875
79.755312, 145.238335
79.343959, 146.794921
78.929235, 148.351637
78.511169, 149.908486
78.089792, 151.465471
77.665135, 153.022595
77.237229, 154.579862
76.806105, 156.137275
76.371796, 157.694837
75.934333, 159.252553
75.493749, 160.810426
75.050075, 162.368459
74.603344, 163.926657
74.153589, 165.485025
73.700843, 167.043565
73.245139, 168.602282
72.786511, 170.161181
72.324992, 171.720266
71.860617, 173.279543
71.393419, 174.839015
70.923432, 176.398688
70.450692, 177.958567
69.975233, 179.518657
69.497090, 181.078963
69.016298, 182.639492
68.532892, 184.200249
68.046908, 185.761241
67.558382, 187.322472
67.067349, 188.883950
66.573846, 190.445682
66.077909, 192.007673
65.579574, 193.569932
65.078878, 195.132465
64.575858, 196.695280
64.070551, 198.258385
63.562995, 199.821788
63.053225, 201.385497
62.541280, 202.949520
62.027198, 204.513867
61.511017, 206.078547
60.992774, 207.643570
60.472507, 209.208945
59.950255, 210.774683
59.426057, 212.340795
58.899951, 213.907291
58.371976, 215.474183
57.842170, 217.041484
57.310573, 218.609204
56.777224, 220.177358
56.242162, 221.745959
55.705427, 223.315021
55.167059, 224.884557
54.627096, 226.454584
54.085580, 228.025117
53.542549, 229.596173
52.998045, 231.167767
52.452107, 232.739919
51.904776, 234.312646
51.356092, 235.885969
50.806096, 237.459906
50.254828, 239.034480
49.702330, 240.609711
49.148642, 242.185624
48.593805, 243.762242
48.037861, 245.339590
47.480850, 246.917694
46.922815, 248.496583
46.363797, 250.076284
45.803836, 251.656829
45.242975, 253.238248
44.681256, 254.820575
44.118721, 256.403846
43.555410, 257.988096
42.991367, 259.573364
42.426634, 261.159692
41.861253, 262.747121
41.295265, 264.335697
40.728714, 265.925467
40.161643, 267.516481
39.594093, 269.108792
39.026107, 270.702455
38.457729, 272.297531
37.889000, 273.894081
37.319965, 275.492170
36.750666, 277.091871
36.181146, 278.693255
35.611450, 280.296402
35.041619, 281.901397
34.471698, 283.508327
33.901730, 285.117287
33.331760, 286.728379
32.761830, 288.341710
32.191986, 289.957394
31.622271, 291.575554
31.052730, 293.196322
30.483407, 294.819838
29.914347, 296.446253
29.345595, 298.075728
28.777197, 299.708438
28.209197, 301.344569
27.641641, 302.984323
27.074576, 304.627919
26.508047, 306.275590
25.942101, 307.927592
25.376786, 309.584202
24.812148, 311.245718
24.248235, 312.912467
23.685097, 314.584805
23.122781, 316.263119
22.561339, 317.947834
22.000820, 319.639415
21.441275, 321.338373
20.882757, 323.045271
20.325320, 324.760729
19.769017, 326.485434
19.213906, 328.220146
18.660043, 329.965712
18.107488, 331.723074
17.556304, 333.493288
17.006553, 335.277536
16.458303, 337.077149
15.911625, 338.893631
15.366593, 340.728686
14.823286, 342.584250
14.281788, 344.462539
13.742190, 346.366094
13.204591, 348.297844
12.669099, 350.261181
12.135834, 352.260059
11.604929, 354.299107
11.076532, 356.383780
10.550817, 358.520547
10.027978, 0.717137
9.508246, 2.982847
8.991891, 5.328954
8.479238, 7.769256
7.970680, 10.320787
7.466702, 13.004788
6.967910, 15.848022
6.475073, 18.884582
5.989189, 22.158391
5.511567, 25.726684
5.043965, 29.664842
4.588781, 34.073001
4.149356, 39.084764
3.730409, 44.877538
3.338686, 51.681520
2.983820, 59.777470
2.679235, 69.458703
2.442405, 80.913926
2.292892, 94.005185
2.246612, 108.057177
2.308224, 121.962907
2.468192, 134.686798
2.707783, 145.695363
3.006786, 154.956421
3.348191, 162.701721
3.719311, 169.228473
4.111161, 174.806392
4.517479, 179.652023
4.933885, 183.930873
5.357277, 187.767282
5.785417, 191.254490
6.216664, 194.462812
6.649791, 197.445777
7.083862, 200.244575
7.518152, 202.891272
7.952090, 205.411106
8.385220, 207.824163
8.817171, 210.146591
9.247639, 212.391499
9.676368, 214.569627
10.103145, 216.689847
10.527787, 218.759546
10.950135, 220.784920
11.370051, 222.771203
11.787414, 224.722840
12.202117, 226.643636
12.614062, 228.536858
13.023162, 230.405332
13.429337, 232.251511
13.832515, 234.077536
14.232627, 235.885282
14.629612, 237.676399
15.023411, 239.452343
15.413969, 241.214406
15.801233, 242.963736
16.185157, 244.701357
16.565692, 246.428186
16.942794, 248.145046
17.316421, 249.852677
17.686533, 251.551746
18.053089, 253.242858
18.416052, 254.926562
18.775386, 256.603353
19.131055, 258.273687
19.483024, 259.937976
19.831261, 261.596598
20.175733, 263.249900
20.516408, 264.898199
20.853256, 266.541788
21.186246, 268.180936
21.515350, 269.815890
21.840538, 271.446880
22.161783, 273.074117
22.479057, 274.697798
22.792334, 276.318103
23.101586, 277.935203
23.406789, 279.549253
23.707917, 281.160401
24.004945, 282.768781
24.297849, 284.374522
24.586606, 285.977740
24.871192, 287.578547
25.151584, 289.177047
25.427760, 290.773336
25.699698, 292.367504
25.967377, 293.959638
26.230774, 295.549816
26.489870, 297.138114
26.744644, 298.724601
26.995077, 300.309345
27.241149, 301.892407
27.482840, 303.473845
27.720132, 305.053716
27.953007, 306.632070
28.181447, 308.208956
28.405434, 309.784422
28.624951, 311.358509
28.839982, 312.931259
29.050510, 314.502711
29.256518, 316.072900
29.457992, 317.641862
29.654916, 319.209628
29.847275, 320.776229
30.035055, 322.341694
30.218241, 323.906049
30.396820, 325.469321
30.570778, 327.031534
30.740103, 328.592709
30.904781, 330.152869
31.064800, 331.712033
31.220149, 333.270220
31.370815, 334.827448
31.516789, 336.383733
31.658058, 337.939091
31.794612, 339.493535
31.926442, 341.047080
32.053538, 342.599737
32.175889, 344.151518
32.293488, 345.702435
32.406326, 347.252496
32.514394, 348.801710
32.617685, 350.350087
32.716191, 351.897632
32.809906, 353.444353
32.898821, 354.990256
32.982932, 356.535346
33.062231, 358.079627
33.136714, 359.623103
33.206375, 1.165777
33.271209, 2.707651
33.331212, 4.248728
33.386380, 5.789009
33.436708, 7.328493
33.482194, 8.867181
33.522834, 10.405072
33.558627, 11.942165
33.589568, 13.478457
33.615658, 15.013946
33.636894, 16.548628
33.653274, 18.082500
33.664800, 19.615557
33.671469, 21.147794
33.673282, 22.679205
33.670240, 24.209783
33.662342, 25.739521
33.649592, 27.268412
33.631989, 28.796447
33.609535, 30.323617
33.582234, 31.849912
33.550088, 33.375321
33.513099, 34.899832
33.471272, 36.423435
33.424610, 37.946115
33.373117, 39.467859
33.316798, 40.988654
33.255658, 42.508482
33.189702, 44.027328
33.118937, 45.545176
33.043367, 47.062006
32.963000, 48.577800
32.877843, 50.092538
32.787903, 51.606199
32.693188, 53.118761
32.593706, 54.630200
32.489465, 56.140492
32.380474, 57.649611
32.266743, 59.157531
32.148281, 60.664223
32.025099, 62.169658
31.897206, 63.673805
31.764615, 65.176630
31.627336, 66.678101
31.485381, 68.178181
31.338762, 69.676832
31.187491, 71.174015
31.031583, 72.669690
30.871049, 74.163812
30.705905, 75.656336
30.536164, 77.147214
30.361841, 78.636397
30.182951, 80.123832
29.999510, 81.609462
29.811534, 83.093232
29.619040, 84.575078
29.422043, 86.054938
29.220563, 87.532744
29.014616, 89.008424
28.804221, 90.481905
28.589397, 91.953107
28.370163, 93.421948
28.146540, 94.888339
27.918547, 96.352190
27.686206, 97.813402
27.449538, 99.271873
27.208565, 100.727494
26.963310, 102.180151
26.713796, 103.629722
26.460046, 105.076078
26.202086, 106.519084
25.939940, 107.958594
25.673634, 109.394456
25.403194, 110.826508
25.128648, 112.254575
24.850024, 113.678475
24.567350, 115.098011
24.280655, 116.512976
23.989971, 117.923146
23.695329, 119.328285
23.396761, 120.728139
23.094299, 122.122436
22.787980, 123.510887
22.477837, 124.893181
22.163909, 126.268982
21.846232, 127.637934
21.524847, 128.999649
21.199794, 130.353712
20.871116, 131.699676
20.538858, 133.037056
20.203066, 134.365329
19.863787, 135.683930
19.521073, 136.992244
19.174977, 138.289604
18.825555, 139.575285
18.472864, 140.848496
18.116969, 142.108375
17.757933, 143.353979
17.395827, 144.584273
17.030725, 145.798126
16.662707, 146.994291
16.291857, 148.171393
15.918267, 149.327916
15.542035, 150.462184
15.163268, 151.572333
14.782083, 152.656296
14.398605, 153.711767
14.012974, 154.736171
13.625341, 155.726623
13.235876, 156.679884
12.844767, 157.592305
12.452221, 158.459769
12.058474, 159.277610
11.663790, 160.040532
11.268468, 160.742504
10.872848, 161.376637
10.477322, 161.935042
10.082337, 162.408663
9.688413, 162.787077
9.296156, 163.058267
8.906271, 163.208355
8.519590, 163.221307
8.137095, 163.078603
7.759954, 162.758894
7.389554, 162.237676
7.027557, 161.487029
6.675948, 160.475527
6.337105, 159.168465
6.013861, 157.528657
5.709570, 155.518137
5.428154, 153.101211
5.174106, 150.249313
4.952424, 146.947883
4.768433, 143.204929
4.627448, 139.059735
4.534309, 134.588848
4.492816, 129.905645
4.505202, 125.150927
4.571813, 120.475356
4.691092, 116.018693
4.859877, 111.892566
5.073901, 108.171539
5.328345, 104.893098
5.618307, 102.063864
5.939130, 99.668359
6.286595, 97.677494
6.656998, 96.055360
7.047156, 94.763968
7.454365, 93.766227
7.876351, 93.027590
8.311205, 92.516807
8.757327, 92.206139
9.213372, 92.071253
9.678211, 92.090954
10.150886, 92.246858
10.630586, 92.523049
11.116617, 92.905753
11.608387, 93.383039
12.105381, 93.944562
12.607154, 94.581329
13.113318, 95.285507
13.623531, 96.050254
14.137493, 96.869580
14.654935, 97.738221
15.175618, 98.651545
15.699328, 99.605457
16.225871, 100.596332
16.755070, 101.620950
17.286765, 102.676442
17.820808, 103.760248
18.357064, 104.870075
18.895406, 106.003864
19.435717, 107.159765
19.977887, 108.336107
20.521814, 109.531382
21.067400, 110.744222
21.614554, 111.973387
22.163189, 113.217748
22.713222, 114.476275
23.264572, 115.748031
23.817165, 117.032154
24.370926, 118.327859
24.925785, 119.634421
25.481675, 120.951177
26.038528, 122.277514
26.596280, 123.612867
27.154870, 124.956715
27.714235, 126.308575
28.274317, 127.668000
28.835056, 129.034576
29.396397, 130.407916
29.958282, 131.787664
30.520656, 133.173485
31.083467, 134.565068
31.646659, 135.962123
32.210181, 137.364380
32.773980, 138.771583
33.338006, 140.183497
33.902207, 141.599897
34.466534, 143.020576
35.030937, 144.445337
35.595366, 145.873996
36.159774, 147.306379
36.724111, 148.742323
37.288330, 150.181675
37.852383, 151.624287
38.416223, 153.070025
38.979804, 154.518758
39.543079, 155.970363
40.106001, 157.424726
40.668525, 158.881735
41.230604, 160.341288
41.792195, 161.803286
42.353250, 163.267635
42.913726, 164.734246
43.473577, 166.203035
44.032760, 167.673923
44.591229, 169.146832
45.148941, 170.621690
45.705851, 172.098428
46.261917, 173.576980
46.817094, 175.057283
47.371339, 176.539278
47.924609, 178.022907
48.476862, 179.508116
49.028053, 180.994852
49.578142, 182.483066
50.127084, 183.972710
50.674838, 185.463739
51.221362, 186.956108
51.766614, 188.449776
52.310552, 189.944704
52.853134, 191.440851
53.394319, 192.938183
53.934066, 194.436663
54.472334, 195.936258
55.009081, 197.436935
55.544266, 198.938663
56.077850, 200.441412
56.609792, 201.945153
57.140051, 203.449858
57.668588, 204.955501
58.195361, 206.462057
58.720332, 207.969500
59.243462, 209.477806
59.764709, 210.986954
60.284036, 212.496920
60.801403, 214.007684
61.316772, 215.519225
61.830102, 217.031524
62.341357, 218.544561
62.850497, 220.058318
63.357485, 221.572777
63.862282, 223.087922
64.364850, 224.603735
64.865152, 226.120202
65.363151, 227.637306
65.858809, 229.155032
66.352089, 230.673366
66.842954, 232.192295
67.331367, 233.711805
67.817293, 235.231883
68.300694, 236.752516
68.781536, 238.273692
69.259781, 239.795399
69.735394, 241.317627
70.208340, 242.840363
70.678583, 244.363598
71.146089, 245.887321
71.610823, 247.411521
72.072749, 248.936190
72.531834, 250.461318
##END=
