##TITLE= Parameter file, TopSpin 4.3.0
##JCAMPDX= 5.0
##DATATYPE= Parameter Values
##ORIGIN= Bruker BioSpin GmbH
##OWNER= nmrsu
$$ 2024-04-21 17:50:04.959 +0100  nmrsu@4CE1161FJM
$$ C:/Bruker/TopSpin4.3.0/exp/stan/nmr/lists/wave/user/multisupp_aux_d8
$$ process C:\Bruker\TopSpin4.3.0\prog\mod\xwinshape.exe
##MINX= 0.02922800
##MAXX= 99.99963000
##MINY= 0.03119100
##MAXY= 359.96880900
##$SHAPE_ADDPHASE= 0
##$SHAPE_AMP= 99.99963019
##$SHAPE_BWFAC= 0
##$SHAPE_BWFAC50= 0
##$SHAPE_CALCBW= yes
##$SHAPE_CALCINTEG= yes
##$SHAPE_EXMODE= <Excitation>
##$SHAPE_EXPAND= <>
##$SHAPE_EXPANDCF= (0..143)
0 0 0 0 0 0 0 0 0 0 0 0 0 0 0 0 0 0 0 0 0 0 0 0 0 0 0 0 0 0 0 0 0 0 0 0
0 0 0 0 0 0 0 0 0 0 0 0 0 0 0 0 0 0 0 0 0 0 0 0 0 0 0 0 0 0 0 0 0 0 0 0
0 0 0 0 0 0 0 0 0 0 0 0 0 0 0 0 0 0 0 0 0 0 0 0 0 0 0 0 0 0 0 0 0 0 0 0
0 0 0 0 0 0 0 0 0 0 0 0 0 0 0 0 0 0 0 0 0 0 0 0 0 0 0 0 0 0 0 0 0 0 0 0
##$SHAPE_EXPFAC= 0
##$SHAPE_FRACEND= 0
##$SHAPE_FRACORG= 0
##$SHAPE_FRACSTART= 0
##$SHAPE_INTEGFAC= 0
##$SHAPE_KEEPRES= yes
##$SHAPE_LENGTH= 25000.000373
##$SHAPE_MAN= <M>
##$SHAPE_MODE= 2
##$SHAPE_MODFREQ= 0
##$SHAPE_MODPHASE= 0
##$SHAPE_MODSCALE= 0
##$SHAPE_MODSW= 0
##$SHAPE_MODSWDIR= -1
##$SHAPE_NPOINTS= 1250
##$SHAPE_OFFS= <1 2>
##$SHAPE_OFFSCOEFF= (0..95)
46.061462 0 100 -232.24893 0 100 0 0 0 0 0 0 0 0 0 0 0 0 0 0 0 0 0 0 0
0 0 0 0 0 0 0 0 0 0 0 0 0 0 0 0 0 0 0 0 0 0 0 0 0 0 0 0 0 0 0 0 0 0 0 0
0 0 0 0 0 0 0 0 0 0 0 0 0 0 0 0 0 0 0 0 0 0 0 0 0 0 0 0 0 0 0 0 0 0 0
##$SHAPE_PARAMETER= <>
##$SHAPE_REPHFAC= 0
##$SHAPE_RES= 0
##$SHAPE_SCALEFAC= 1.0000037
##$SHAPE_SCALETYPE= 0
##$SHAPE_SPOAL= 0
##$SHAPE_SPOFFS= 0
##$SHAPE_SPOPH= 0
##$SHAPE_TOTROT= 90
##$SHAPE_TYPE= <Excitation>
##$SHAPE_USER_DEF= <>
##$SHAPE_VERSION= 2.1
##$SHL_ADDPHASE= (0..15)
0 0 0 0 0 0 0 0 0 0 0 0 0 0 0 0
##$SHL_ALIGNOFFSET= (0..15)
0 0 0 0 0 0 0 0 0 0 0 0 0 0 0 0
##$SHL_AMP= (0..15)
100 0 0 0 0 0 0 0 0 0 0 0 0 0 0 0
##$SHL_AMPFAC= (0..15)
0 0 0 0 0 0 0 0 0 0 0 0 0 0 0 0
##$SHL_BETA= (0..15)
0 0 0 0 0 0 0 0 0 0 0 0 0 0 0 0
##$SHL_BWFAC= (0..15)
1.116 0 0 0 0 0 0 0 0 0 0 0 0 0 0 0
##$SHL_CALCBW= (0..15)
yes yes yes yes yes yes yes yes yes yes yes yes yes yes yes yes
##$SHL_CALCINTEG= (0..15)
yes yes yes yes yes yes yes yes yes yes yes yes yes yes yes yes
##$SHL_CENTERAMP= (0..15)
0 0 0 0 0 0 0 0 0 0 0 0 0 0 0 0
##$SHL_CYCNUM= (0..15)
0 0 0 0 0 0 0 0 0 0 0 0 0 0 0 0
##$SHL_DIPOLCPL= (0..15)
0 0 0 0 0 0 0 0 0 0 0 0 0 0 0 0
##$SHL_ENDAMP= (0..15)
0 0 0 0 0 0 0 0 0 0 0 0 0 0 0 0
##$SHL_EXMODE= (0..15)
<Excitation> <> <> <> <> <> <> <> <> <> <> <> <> <> <> <>
##$SHL_EXPAND= (0..15)
<> <> <> <> <> <> <> <> <> <> <> <> <> <> <> <>
##$SHL_EXPANDCF0= (0..143)
0 0 0 0 0 0 0 0 0 0 0 0 0 0 0 0 0 0 0 0 0 0 0 0 0 0 0 0 0 0 0 0 0 0 0 0
0 0 0 0 0 0 0 0 0 0 0 0 0 0 0 0 0 0 0 0 0 0 0 0 0 0 0 0 0 0 0 0 0 0 0 0
0 0 0 0 0 0 0 0 0 0 0 0 0 0 0 0 0 0 0 0 0 0 0 0 0 0 0 0 0 0 0 0 0 0 0 0
0 0 0 0 0 0 0 0 0 0 0 0 0 0 0 0 0 0 0 0 0 0 0 0 0 0 0 0 0 0 0 0 0 0 0 0
##$SHL_EXPANDCF1= (0..143)
0 0 0 0 0 0 0 0 0 0 0 0 0 0 0 0 0 0 0 0 0 0 0 0 0 0 0 0 0 0 0 0 0 0 0 0
0 0 0 0 0 0 0 0 0 0 0 0 0 0 0 0 0 0 0 0 0 0 0 0 0 0 0 0 0 0 0 0 0 0 0 0
0 0 0 0 0 0 0 0 0 0 0 0 0 0 0 0 0 0 0 0 0 0 0 0 0 0 0 0 0 0 0 0 0 0 0 0
0 0 0 0 0 0 0 0 0 0 0 0 0 0 0 0 0 0 0 0 0 0 0 0 0 0 0 0 0 0 0 0 0 0 0 0
##$SHL_EXPANDCF10= (0..143)
0 0 0 0 0 0 0 0 0 0 0 0 0 0 0 0 0 0 0 0 0 0 0 0 0 0 0 0 0 0 0 0 0 0 0 0
0 0 0 0 0 0 0 0 0 0 0 0 0 0 0 0 0 0 0 0 0 0 0 0 0 0 0 0 0 0 0 0 0 0 0 0
0 0 0 0 0 0 0 0 0 0 0 0 0 0 0 0 0 0 0 0 0 0 0 0 0 0 0 0 0 0 0 0 0 0 0 0
0 0 0 0 0 0 0 0 0 0 0 0 0 0 0 0 0 0 0 0 0 0 0 0 0 0 0 0 0 0 0 0 0 0 0 0
##$SHL_EXPANDCF11= (0..143)
0 0 0 0 0 0 0 0 0 0 0 0 0 0 0 0 0 0 0 0 0 0 0 0 0 0 0 0 0 0 0 0 0 0 0 0
0 0 0 0 0 0 0 0 0 0 0 0 0 0 0 0 0 0 0 0 0 0 0 0 0 0 0 0 0 0 0 0 0 0 0 0
0 0 0 0 0 0 0 0 0 0 0 0 0 0 0 0 0 0 0 0 0 0 0 0 0 0 0 0 0 0 0 0 0 0 0 0
0 0 0 0 0 0 0 0 0 0 0 0 0 0 0 0 0 0 0 0 0 0 0 0 0 0 0 0 0 0 0 0 0 0 0 0
##$SHL_EXPANDCF12= (0..143)
0 0 0 0 0 0 0 0 0 0 0 0 0 0 0 0 0 0 0 0 0 0 0 0 0 0 0 0 0 0 0 0 0 0 0 0
0 0 0 0 0 0 0 0 0 0 0 0 0 0 0 0 0 0 0 0 0 0 0 0 0 0 0 0 0 0 0 0 0 0 0 0
0 0 0 0 0 0 0 0 0 0 0 0 0 0 0 0 0 0 0 0 0 0 0 0 0 0 0 0 0 0 0 0 0 0 0 0
0 0 0 0 0 0 0 0 0 0 0 0 0 0 0 0 0 0 0 0 0 0 0 0 0 0 0 0 0 0 0 0 0 0 0 0
##$SHL_EXPANDCF13= (0..143)
0 0 0 0 0 0 0 0 0 0 0 0 0 0 0 0 0 0 0 0 0 0 0 0 0 0 0 0 0 0 0 0 0 0 0 0
0 0 0 0 0 0 0 0 0 0 0 0 0 0 0 0 0 0 0 0 0 0 0 0 0 0 0 0 0 0 0 0 0 0 0 0
0 0 0 0 0 0 0 0 0 0 0 0 0 0 0 0 0 0 0 0 0 0 0 0 0 0 0 0 0 0 0 0 0 0 0 0
0 0 0 0 0 0 0 0 0 0 0 0 0 0 0 0 0 0 0 0 0 0 0 0 0 0 0 0 0 0 0 0 0 0 0 0
##$SHL_EXPANDCF14= (0..143)
0 0 0 0 0 0 0 0 0 0 0 0 0 0 0 0 0 0 0 0 0 0 0 0 0 0 0 0 0 0 0 0 0 0 0 0
0 0 0 0 0 0 0 0 0 0 0 0 0 0 0 0 0 0 0 0 0 0 0 0 0 0 0 0 0 0 0 0 0 0 0 0
0 0 0 0 0 0 0 0 0 0 0 0 0 0 0 0 0 0 0 0 0 0 0 0 0 0 0 0 0 0 0 0 0 0 0 0
0 0 0 0 0 0 0 0 0 0 0 0 0 0 0 0 0 0 0 0 0 0 0 0 0 0 0 0 0 0 0 0 0 0 0 0
##$SHL_EXPANDCF15= (0..143)
0 0 0 0 0 0 0 0 0 0 0 0 0 0 0 0 0 0 0 0 0 0 0 0 0 0 0 0 0 0 0 0 0 0 0 0
0 0 0 0 0 0 0 0 0 0 0 0 0 0 0 0 0 0 0 0 0 0 0 0 0 0 0 0 0 0 0 0 0 0 0 0
0 0 0 0 0 0 0 0 0 0 0 0 0 0 0 0 0 0 0 0 0 0 0 0 0 0 0 0 0 0 0 0 0 0 0 0
0 0 0 0 0 0 0 0 0 0 0 0 0 0 0 0 0 0 0 0 0 0 0 0 0 0 0 0 0 0 0 0 0 0 0 0
##$SHL_EXPANDCF2= (0..143)
0 0 0 0 0 0 0 0 0 0 0 0 0 0 0 0 0 0 0 0 0 0 0 0 0 0 0 0 0 0 0 0 0 0 0 0
0 0 0 0 0 0 0 0 0 0 0 0 0 0 0 0 0 0 0 0 0 0 0 0 0 0 0 0 0 0 0 0 0 0 0 0
0 0 0 0 0 0 0 0 0 0 0 0 0 0 0 0 0 0 0 0 0 0 0 0 0 0 0 0 0 0 0 0 0 0 0 0
0 0 0 0 0 0 0 0 0 0 0 0 0 0 0 0 0 0 0 0 0 0 0 0 0 0 0 0 0 0 0 0 0 0 0 0
##$SHL_EXPANDCF3= (0..143)
0 0 0 0 0 0 0 0 0 0 0 0 0 0 0 0 0 0 0 0 0 0 0 0 0 0 0 0 0 0 0 0 0 0 0 0
0 0 0 0 0 0 0 0 0 0 0 0 0 0 0 0 0 0 0 0 0 0 0 0 0 0 0 0 0 0 0 0 0 0 0 0
0 0 0 0 0 0 0 0 0 0 0 0 0 0 0 0 0 0 0 0 0 0 0 0 0 0 0 0 0 0 0 0 0 0 0 0
0 0 0 0 0 0 0 0 0 0 0 0 0 0 0 0 0 0 0 0 0 0 0 0 0 0 0 0 0 0 0 0 0 0 0 0
##$SHL_EXPANDCF4= (0..143)
0 0 0 0 0 0 0 0 0 0 0 0 0 0 0 0 0 0 0 0 0 0 0 0 0 0 0 0 0 0 0 0 0 0 0 0
0 0 0 0 0 0 0 0 0 0 0 0 0 0 0 0 0 0 0 0 0 0 0 0 0 0 0 0 0 0 0 0 0 0 0 0
0 0 0 0 0 0 0 0 0 0 0 0 0 0 0 0 0 0 0 0 0 0 0 0 0 0 0 0 0 0 0 0 0 0 0 0
0 0 0 0 0 0 0 0 0 0 0 0 0 0 0 0 0 0 0 0 0 0 0 0 0 0 0 0 0 0 0 0 0 0 0 0
##$SHL_EXPANDCF5= (0..143)
0 0 0 0 0 0 0 0 0 0 0 0 0 0 0 0 0 0 0 0 0 0 0 0 0 0 0 0 0 0 0 0 0 0 0 0
0 0 0 0 0 0 0 0 0 0 0 0 0 0 0 0 0 0 0 0 0 0 0 0 0 0 0 0 0 0 0 0 0 0 0 0
0 0 0 0 0 0 0 0 0 0 0 0 0 0 0 0 0 0 0 0 0 0 0 0 0 0 0 0 0 0 0 0 0 0 0 0
0 0 0 0 0 0 0 0 0 0 0 0 0 0 0 0 0 0 0 0 0 0 0 0 0 0 0 0 0 0 0 0 0 0 0 0
##$SHL_EXPANDCF6= (0..143)
0 0 0 0 0 0 0 0 0 0 0 0 0 0 0 0 0 0 0 0 0 0 0 0 0 0 0 0 0 0 0 0 0 0 0 0
0 0 0 0 0 0 0 0 0 0 0 0 0 0 0 0 0 0 0 0 0 0 0 0 0 0 0 0 0 0 0 0 0 0 0 0
0 0 0 0 0 0 0 0 0 0 0 0 0 0 0 0 0 0 0 0 0 0 0 0 0 0 0 0 0 0 0 0 0 0 0 0
0 0 0 0 0 0 0 0 0 0 0 0 0 0 0 0 0 0 0 0 0 0 0 0 0 0 0 0 0 0 0 0 0 0 0 0
##$SHL_EXPANDCF7= (0..143)
0 0 0 0 0 0 0 0 0 0 0 0 0 0 0 0 0 0 0 0 0 0 0 0 0 0 0 0 0 0 0 0 0 0 0 0
0 0 0 0 0 0 0 0 0 0 0 0 0 0 0 0 0 0 0 0 0 0 0 0 0 0 0 0 0 0 0 0 0 0 0 0
0 0 0 0 0 0 0 0 0 0 0 0 0 0 0 0 0 0 0 0 0 0 0 0 0 0 0 0 0 0 0 0 0 0 0 0
0 0 0 0 0 0 0 0 0 0 0 0 0 0 0 0 0 0 0 0 0 0 0 0 0 0 0 0 0 0 0 0 0 0 0 0
##$SHL_EXPANDCF8= (0..143)
0 0 0 0 0 0 0 0 0 0 0 0 0 0 0 0 0 0 0 0 0 0 0 0 0 0 0 0 0 0 0 0 0 0 0 0
0 0 0 0 0 0 0 0 0 0 0 0 0 0 0 0 0 0 0 0 0 0 0 0 0 0 0 0 0 0 0 0 0 0 0 0
0 0 0 0 0 0 0 0 0 0 0 0 0 0 0 0 0 0 0 0 0 0 0 0 0 0 0 0 0 0 0 0 0 0 0 0
0 0 0 0 0 0 0 0 0 0 0 0 0 0 0 0 0 0 0 0 0 0 0 0 0 0 0 0 0 0 0 0 0 0 0 0
##$SHL_EXPANDCF9= (0..143)
0 0 0 0 0 0 0 0 0 0 0 0 0 0 0 0 0 0 0 0 0 0 0 0 0 0 0 0 0 0 0 0 0 0 0 0
0 0 0 0 0 0 0 0 0 0 0 0 0 0 0 0 0 0 0 0 0 0 0 0 0 0 0 0 0 0 0 0 0 0 0 0
0 0 0 0 0 0 0 0 0 0 0 0 0 0 0 0 0 0 0 0 0 0 0 0 0 0 0 0 0 0 0 0 0 0 0 0
0 0 0 0 0 0 0 0 0 0 0 0 0 0 0 0 0 0 0 0 0 0 0 0 0 0 0 0 0 0 0 0 0 0 0 0
##$SHL_EXPFAC= (0..15)
0 0 0 0 0 0 0 0 0 0 0 0 0 0 0 0
##$SHL_FRACEND= (0..15)
0 0 0 0 0 0 0 0 0 0 0 0 0 0 0 0
##$SHL_FRACORG= (0..15)
0 0 0 0 0 0 0 0 0 0 0 0 0 0 0 0
##$SHL_FRACSTART= (0..15)
0 0 0 0 0 0 0 0 0 0 0 0 0 0 0 0
##$SHL_FULLHALF= (0..15)
0 0 0 0 0 0 0 0 0 0 0 0 0 0 0 0
##$SHL_FUNCAMP= (0..15)
100 0 0 0 0 0 0 0 0 0 0 0 0 0 0 0
##$SHL_FUNCTION= (0..15)
<Rectangle> <> <> <> <> <> <> <> <> <> <> <> <> <> <> <>
##$SHL_GCO= (0..15)
<> <> <> <> <> <> <> <> <> <> <> <> <> <> <> <>
##$SHL_GCOCOEFFS0= (0..59)
0 0 0 0 0 0 0 0 0 0 0 0 0 0 0 0 0 0 0 0 0 0 0 0 0 0 0 0 0 0 0 0 0 0 0 0
0 0 0 0 0 0 0 0 0 0 0 0 0 0 0 0 0 0 0 0 0 0 0 0
##$SHL_GCOCOEFFS1= (0..59)
0 0 0 0 0 0 0 0 0 0 0 0 0 0 0 0 0 0 0 0 0 0 0 0 0 0 0 0 0 0 0 0 0 0 0 0
0 0 0 0 0 0 0 0 0 0 0 0 0 0 0 0 0 0 0 0 0 0 0 0
##$SHL_GCOCOEFFS10= (0..59)
0 0 0 0 0 0 0 0 0 0 0 0 0 0 0 0 0 0 0 0 0 0 0 0 0 0 0 0 0 0 0 0 0 0 0 0
0 0 0 0 0 0 0 0 0 0 0 0 0 0 0 0 0 0 0 0 0 0 0 0
##$SHL_GCOCOEFFS11= (0..59)
0 0 0 0 0 0 0 0 0 0 0 0 0 0 0 0 0 0 0 0 0 0 0 0 0 0 0 0 0 0 0 0 0 0 0 0
0 0 0 0 0 0 0 0 0 0 0 0 0 0 0 0 0 0 0 0 0 0 0 0
##$SHL_GCOCOEFFS12= (0..59)
0 0 0 0 0 0 0 0 0 0 0 0 0 0 0 0 0 0 0 0 0 0 0 0 0 0 0 0 0 0 0 0 0 0 0 0
0 0 0 0 0 0 0 0 0 0 0 0 0 0 0 0 0 0 0 0 0 0 0 0
##$SHL_GCOCOEFFS13= (0..59)
0 0 0 0 0 0 0 0 0 0 0 0 0 0 0 0 0 0 0 0 0 0 0 0 0 0 0 0 0 0 0 0 0 0 0 0
0 0 0 0 0 0 0 0 0 0 0 0 0 0 0 0 0 0 0 0 0 0 0 0
##$SHL_GCOCOEFFS14= (0..59)
0 0 0 0 0 0 0 0 0 0 0 0 0 0 0 0 0 0 0 0 0 0 0 0 0 0 0 0 0 0 0 0 0 0 0 0
0 0 0 0 0 0 0 0 0 0 0 0 0 0 0 0 0 0 0 0 0 0 0 0
##$SHL_GCOCOEFFS15= (0..59)
0 0 0 0 0 0 0 0 0 0 0 0 0 0 0 0 0 0 0 0 0 0 0 0 0 0 0 0 0 0 0 0 0 0 0 0
0 0 0 0 0 0 0 0 0 0 0 0 0 0 0 0 0 0 0 0 0 0 0 0
##$SHL_GCOCOEFFS2= (0..59)
0 0 0 0 0 0 0 0 0 0 0 0 0 0 0 0 0 0 0 0 0 0 0 0 0 0 0 0 0 0 0 0 0 0 0 0
0 0 0 0 0 0 0 0 0 0 0 0 0 0 0 0 0 0 0 0 0 0 0 0
##$SHL_GCOCOEFFS3= (0..59)
0 0 0 0 0 0 0 0 0 0 0 0 0 0 0 0 0 0 0 0 0 0 0 0 0 0 0 0 0 0 0 0 0 0 0 0
0 0 0 0 0 0 0 0 0 0 0 0 0 0 0 0 0 0 0 0 0 0 0 0
##$SHL_GCOCOEFFS4= (0..59)
0 0 0 0 0 0 0 0 0 0 0 0 0 0 0 0 0 0 0 0 0 0 0 0 0 0 0 0 0 0 0 0 0 0 0 0
0 0 0 0 0 0 0 0 0 0 0 0 0 0 0 0 0 0 0 0 0 0 0 0
##$SHL_GCOCOEFFS5= (0..59)
0 0 0 0 0 0 0 0 0 0 0 0 0 0 0 0 0 0 0 0 0 0 0 0 0 0 0 0 0 0 0 0 0 0 0 0
0 0 0 0 0 0 0 0 0 0 0 0 0 0 0 0 0 0 0 0 0 0 0 0
##$SHL_GCOCOEFFS6= (0..59)
0 0 0 0 0 0 0 0 0 0 0 0 0 0 0 0 0 0 0 0 0 0 0 0 0 0 0 0 0 0 0 0 0 0 0 0
0 0 0 0 0 0 0 0 0 0 0 0 0 0 0 0 0 0 0 0 0 0 0 0
##$SHL_GCOCOEFFS7= (0..59)
0 0 0 0 0 0 0 0 0 0 0 0 0 0 0 0 0 0 0 0 0 0 0 0 0 0 0 0 0 0 0 0 0 0 0 0
0 0 0 0 0 0 0 0 0 0 0 0 0 0 0 0 0 0 0 0 0 0 0 0
##$SHL_GCOCOEFFS8= (0..59)
0 0 0 0 0 0 0 0 0 0 0 0 0 0 0 0 0 0 0 0 0 0 0 0 0 0 0 0 0 0 0 0 0 0 0 0
0 0 0 0 0 0 0 0 0 0 0 0 0 0 0 0 0 0 0 0 0 0 0 0
##$SHL_GCOCOEFFS9= (0..59)
0 0 0 0 0 0 0 0 0 0 0 0 0 0 0 0 0 0 0 0 0 0 0 0 0 0 0 0 0 0 0 0 0 0 0 0
0 0 0 0 0 0 0 0 0 0 0 0 0 0 0 0 0 0 0 0 0 0 0 0
##$SHL_INTEGFAC= (0..15)
1 0 0 0 0 0 0 0 0 0 0 0 0 0 0 0
##$SHL_LB= (0..15)
0 0 0 0 0 0 0 0 0 0 0 0 0 0 0 0
##$SHL_LEFTLIMIT= (0..15)
0 0 0 0 0 0 0 0 0 0 0 0 0 0 0 0
##$SHL_LENGTH= (0..15)
25000.000373 0 0 0 0 0 0 0 0 0 0 0 0 0 0 0
##$SHL_MAN= (0..15)
<> <> <> <> <> <> <> <> <> <> <> <> <> <> <> <>
##$SHL_MEANAMP= (0..15)
0 0 0 0 0 0 0 0 0 0 0 0 0 0 0 0
##$SHL_MODAMP= (0..15)
0 0 0 0 0 0 0 0 0 0 0 0 0 0 0 0
##$SHL_MODE= (0..15)
0 0 0 0 0 0 0 0 0 0 0 0 0 0 0 0
##$SHL_MODFREQ= (0..15)
0 0 0 0 0 0 0 0 0 0 0 0 0 0 0 0
##$SHL_MODPHASE= (0..15)
0 0 0 0 0 0 0 0 0 0 0 0 0 0 0 0
##$SHL_MODSCALE= (0..15)
0 0 0 0 0 0 0 0 0 0 0 0 0 0 0 0
##$SHL_MODSW= (0..15)
0 0 0 0 0 0 0 0 0 0 0 0 0 0 0 0
##$SHL_MODSWDIR= (0..15)
-1 -1 -1 -1 -1 -1 -1 -1 -1 -1 -1 -1 -1 -1 -1 -1
##$SHL_MU= (0..15)
0 0 0 0 0 0 0 0 0 0 0 0 0 0 0 0
##$SHL_NPOINTS= (0..15)
1250 0 0 0 0 0 0 0 0 0 0 0 0 0 0 0
##$SHL_OFFS= (0..15)
<> <> <> <> <> <> <> <> <> <> <> <> <> <> <> <>
##$SHL_OFFSCOEFF0= (0..95)
0 0 0 0 0 0 0 0 0 0 0 0 0 0 0 0 0 0 0 0 0 0 0 0 0 0 0 0 0 0 0 0 0 0 0 0
0 0 0 0 0 0 0 0 0 0 0 0 0 0 0 0 0 0 0 0 0 0 0 0 0 0 0 0 0 0 0 0 0 0 0 0
0 0 0 0 0 0 0 0 0 0 0 0 0 0 0 0 0 0 0 0 0 0 0 0
##$SHL_OFFSCOEFF1= (0..95)
0 0 0 0 0 0 0 0 0 0 0 0 0 0 0 0 0 0 0 0 0 0 0 0 0 0 0 0 0 0 0 0 0 0 0 0
0 0 0 0 0 0 0 0 0 0 0 0 0 0 0 0 0 0 0 0 0 0 0 0 0 0 0 0 0 0 0 0 0 0 0 0
0 0 0 0 0 0 0 0 0 0 0 0 0 0 0 0 0 0 0 0 0 0 0 0
##$SHL_OFFSCOEFF10= (0..95)
0 0 0 0 0 0 0 0 0 0 0 0 0 0 0 0 0 0 0 0 0 0 0 0 0 0 0 0 0 0 0 0 0 0 0 0
0 0 0 0 0 0 0 0 0 0 0 0 0 0 0 0 0 0 0 0 0 0 0 0 0 0 0 0 0 0 0 0 0 0 0 0
0 0 0 0 0 0 0 0 0 0 0 0 0 0 0 0 0 0 0 0 0 0 0 0
##$SHL_OFFSCOEFF11= (0..95)
0 0 0 0 0 0 0 0 0 0 0 0 0 0 0 0 0 0 0 0 0 0 0 0 0 0 0 0 0 0 0 0 0 0 0 0
0 0 0 0 0 0 0 0 0 0 0 0 0 0 0 0 0 0 0 0 0 0 0 0 0 0 0 0 0 0 0 0 0 0 0 0
0 0 0 0 0 0 0 0 0 0 0 0 0 0 0 0 0 0 0 0 0 0 0 0
##$SHL_OFFSCOEFF12= (0..95)
0 0 0 0 0 0 0 0 0 0 0 0 0 0 0 0 0 0 0 0 0 0 0 0 0 0 0 0 0 0 0 0 0 0 0 0
0 0 0 0 0 0 0 0 0 0 0 0 0 0 0 0 0 0 0 0 0 0 0 0 0 0 0 0 0 0 0 0 0 0 0 0
0 0 0 0 0 0 0 0 0 0 0 0 0 0 0 0 0 0 0 0 0 0 0 0
##$SHL_OFFSCOEFF13= (0..95)
0 0 0 0 0 0 0 0 0 0 0 0 0 0 0 0 0 0 0 0 0 0 0 0 0 0 0 0 0 0 0 0 0 0 0 0
0 0 0 0 0 0 0 0 0 0 0 0 0 0 0 0 0 0 0 0 0 0 0 0 0 0 0 0 0 0 0 0 0 0 0 0
0 0 0 0 0 0 0 0 0 0 0 0 0 0 0 0 0 0 0 0 0 0 0 0
##$SHL_OFFSCOEFF14= (0..95)
0 0 0 0 0 0 0 0 0 0 0 0 0 0 0 0 0 0 0 0 0 0 0 0 0 0 0 0 0 0 0 0 0 0 0 0
0 0 0 0 0 0 0 0 0 0 0 0 0 0 0 0 0 0 0 0 0 0 0 0 0 0 0 0 0 0 0 0 0 0 0 0
0 0 0 0 0 0 0 0 0 0 0 0 0 0 0 0 0 0 0 0 0 0 0 0
##$SHL_OFFSCOEFF15= (0..95)
0 0 0 0 0 0 0 0 0 0 0 0 0 0 0 0 0 0 0 0 0 0 0 0 0 0 0 0 0 0 0 0 0 0 0 0
0 0 0 0 0 0 0 0 0 0 0 0 0 0 0 0 0 0 0 0 0 0 0 0 0 0 0 0 0 0 0 0 0 0 0 0
0 0 0 0 0 0 0 0 0 0 0 0 0 0 0 0 0 0 0 0 0 0 0 0
##$SHL_OFFSCOEFF2= (0..95)
0 0 0 0 0 0 0 0 0 0 0 0 0 0 0 0 0 0 0 0 0 0 0 0 0 0 0 0 0 0 0 0 0 0 0 0
0 0 0 0 0 0 0 0 0 0 0 0 0 0 0 0 0 0 0 0 0 0 0 0 0 0 0 0 0 0 0 0 0 0 0 0
0 0 0 0 0 0 0 0 0 0 0 0 0 0 0 0 0 0 0 0 0 0 0 0
##$SHL_OFFSCOEFF3= (0..95)
0 0 0 0 0 0 0 0 0 0 0 0 0 0 0 0 0 0 0 0 0 0 0 0 0 0 0 0 0 0 0 0 0 0 0 0
0 0 0 0 0 0 0 0 0 0 0 0 0 0 0 0 0 0 0 0 0 0 0 0 0 0 0 0 0 0 0 0 0 0 0 0
0 0 0 0 0 0 0 0 0 0 0 0 0 0 0 0 0 0 0 0 0 0 0 0
##$SHL_OFFSCOEFF4= (0..95)
0 0 0 0 0 0 0 0 0 0 0 0 0 0 0 0 0 0 0 0 0 0 0 0 0 0 0 0 0 0 0 0 0 0 0 0
0 0 0 0 0 0 0 0 0 0 0 0 0 0 0 0 0 0 0 0 0 0 0 0 0 0 0 0 0 0 0 0 0 0 0 0
0 0 0 0 0 0 0 0 0 0 0 0 0 0 0 0 0 0 0 0 0 0 0 0
##$SHL_OFFSCOEFF5= (0..95)
0 0 0 0 0 0 0 0 0 0 0 0 0 0 0 0 0 0 0 0 0 0 0 0 0 0 0 0 0 0 0 0 0 0 0 0
0 0 0 0 0 0 0 0 0 0 0 0 0 0 0 0 0 0 0 0 0 0 0 0 0 0 0 0 0 0 0 0 0 0 0 0
0 0 0 0 0 0 0 0 0 0 0 0 0 0 0 0 0 0 0 0 0 0 0 0
##$SHL_OFFSCOEFF6= (0..95)
0 0 0 0 0 0 0 0 0 0 0 0 0 0 0 0 0 0 0 0 0 0 0 0 0 0 0 0 0 0 0 0 0 0 0 0
0 0 0 0 0 0 0 0 0 0 0 0 0 0 0 0 0 0 0 0 0 0 0 0 0 0 0 0 0 0 0 0 0 0 0 0
0 0 0 0 0 0 0 0 0 0 0 0 0 0 0 0 0 0 0 0 0 0 0 0
##$SHL_OFFSCOEFF7= (0..95)
0 0 0 0 0 0 0 0 0 0 0 0 0 0 0 0 0 0 0 0 0 0 0 0 0 0 0 0 0 0 0 0 0 0 0 0
0 0 0 0 0 0 0 0 0 0 0 0 0 0 0 0 0 0 0 0 0 0 0 0 0 0 0 0 0 0 0 0 0 0 0 0
0 0 0 0 0 0 0 0 0 0 0 0 0 0 0 0 0 0 0 0 0 0 0 0
##$SHL_OFFSCOEFF8= (0..95)
0 0 0 0 0 0 0 0 0 0 0 0 0 0 0 0 0 0 0 0 0 0 0 0 0 0 0 0 0 0 0 0 0 0 0 0
0 0 0 0 0 0 0 0 0 0 0 0 0 0 0 0 0 0 0 0 0 0 0 0 0 0 0 0 0 0 0 0 0 0 0 0
0 0 0 0 0 0 0 0 0 0 0 0 0 0 0 0 0 0 0 0 0 0 0 0
##$SHL_OFFSCOEFF9= (0..95)
0 0 0 0 0 0 0 0 0 0 0 0 0 0 0 0 0 0 0 0 0 0 0 0 0 0 0 0 0 0 0 0 0 0 0 0
0 0 0 0 0 0 0 0 0 0 0 0 0 0 0 0 0 0 0 0 0 0 0 0 0 0 0 0 0 0 0 0 0 0 0 0
0 0 0 0 0 0 0 0 0 0 0 0 0 0 0 0 0 0 0 0 0 0 0 0
##$SHL_PHASE= (0..15)
0 0 0 0 0 0 0 0 0 0 0 0 0 0 0 0
##$SHL_PHASEFAC= (0..15)
0 0 0 0 0 0 0 0 0 0 0 0 0 0 0 0
##$SHL_POWERINDEX= (0..15)
0 0 0 0 0 0 0 0 0 0 0 0 0 0 0 0
##$SHL_QUADCOEFF= (0..15)
0 0 0 0 0 0 0 0 0 0 0 0 0 0 0 0
##$SHL_RIGHTLIMIT= (0..15)
0 0 0 0 0 0 0 0 0 0 0 0 0 0 0 0
##$SHL_SCALEFACTOR= (0..15)
1 1 1 1 1 1 1 1 1 1 1 1 1 1 1 1
##$SHL_SF= (0..15)
<> <> <> <> <> <> <> <> <> <> <> <> <> <> <> <>
##$SHL_SFCOEFFS0= (0..200)
0 0 0 0 0 0 0 0 0 0 0 0 0 0 0 0 0 0 0 0 0 0 0 0 0 0 0 0 0 0 0 0 0 0 0 0
0 0 0 0 0 0 0 0 0 0 0 0 0 0 0 0 0 0 0 0 0 0 0 0 0 0 0 0 0 0 0 0 0 0 0 0
0 0 0 0 0 0 0 0 0 0 0 0 0 0 0 0 0 0 0 0 0 0 0 0 0 0 0 0 0 0 0 0 0 0 0 0
0 0 0 0 0 0 0 0 0 0 0 0 0 0 0 0 0 0 0 0 0 0 0 0 0 0 0 0 0 0 0 0 0 0 0 0
0 0 0 0 0 0 0 0 0 0 0 0 0 0 0 0 0 0 0 0 0 0 0 0 0 0 0 0 0 0 0 0 0 0 0 0
0 0 0 0 0 0 0 0 0 0 0 0 0 0 0 0 0 0 0 0 0
##$SHL_SFCOEFFS1= (0..200)
0 0 0 0 0 0 0 0 0 0 0 0 0 0 0 0 0 0 0 0 0 0 0 0 0 0 0 0 0 0 0 0 0 0 0 0
0 0 0 0 0 0 0 0 0 0 0 0 0 0 0 0 0 0 0 0 0 0 0 0 0 0 0 0 0 0 0 0 0 0 0 0
0 0 0 0 0 0 0 0 0 0 0 0 0 0 0 0 0 0 0 0 0 0 0 0 0 0 0 0 0 0 0 0 0 0 0 0
0 0 0 0 0 0 0 0 0 0 0 0 0 0 0 0 0 0 0 0 0 0 0 0 0 0 0 0 0 0 0 0 0 0 0 0
0 0 0 0 0 0 0 0 0 0 0 0 0 0 0 0 0 0 0 0 0 0 0 0 0 0 0 0 0 0 0 0 0 0 0 0
0 0 0 0 0 0 0 0 0 0 0 0 0 0 0 0 0 0 0 0 0
##$SHL_SFCOEFFS10= (0..200)
0 0 0 0 0 0 0 0 0 0 0 0 0 0 0 0 0 0 0 0 0 0 0 0 0 0 0 0 0 0 0 0 0 0 0 0
0 0 0 0 0 0 0 0 0 0 0 0 0 0 0 0 0 0 0 0 0 0 0 0 0 0 0 0 0 0 0 0 0 0 0 0
0 0 0 0 0 0 0 0 0 0 0 0 0 0 0 0 0 0 0 0 0 0 0 0 0 0 0 0 0 0 0 0 0 0 0 0
0 0 0 0 0 0 0 0 0 0 0 0 0 0 0 0 0 0 0 0 0 0 0 0 0 0 0 0 0 0 0 0 0 0 0 0
0 0 0 0 0 0 0 0 0 0 0 0 0 0 0 0 0 0 0 0 0 0 0 0 0 0 0 0 0 0 0 0 0 0 0 0
0 0 0 0 0 0 0 0 0 0 0 0 0 0 0 0 0 0 0 0 0
##$SHL_SFCOEFFS11= (0..200)
0 0 0 0 0 0 0 0 0 0 0 0 0 0 0 0 0 0 0 0 0 0 0 0 0 0 0 0 0 0 0 0 0 0 0 0
0 0 0 0 0 0 0 0 0 0 0 0 0 0 0 0 0 0 0 0 0 0 0 0 0 0 0 0 0 0 0 0 0 0 0 0
0 0 0 0 0 0 0 0 0 0 0 0 0 0 0 0 0 0 0 0 0 0 0 0 0 0 0 0 0 0 0 0 0 0 0 0
0 0 0 0 0 0 0 0 0 0 0 0 0 0 0 0 0 0 0 0 0 0 0 0 0 0 0 0 0 0 0 0 0 0 0 0
0 0 0 0 0 0 0 0 0 0 0 0 0 0 0 0 0 0 0 0 0 0 0 0 0 0 0 0 0 0 0 0 0 0 0 0
0 0 0 0 0 0 0 0 0 0 0 0 0 0 0 0 0 0 0 0 0
##$SHL_SFCOEFFS12= (0..200)
0 0 0 0 0 0 0 0 0 0 0 0 0 0 0 0 0 0 0 0 0 0 0 0 0 0 0 0 0 0 0 0 0 0 0 0
0 0 0 0 0 0 0 0 0 0 0 0 0 0 0 0 0 0 0 0 0 0 0 0 0 0 0 0 0 0 0 0 0 0 0 0
0 0 0 0 0 0 0 0 0 0 0 0 0 0 0 0 0 0 0 0 0 0 0 0 0 0 0 0 0 0 0 0 0 0 0 0
0 0 0 0 0 0 0 0 0 0 0 0 0 0 0 0 0 0 0 0 0 0 0 0 0 0 0 0 0 0 0 0 0 0 0 0
0 0 0 0 0 0 0 0 0 0 0 0 0 0 0 0 0 0 0 0 0 0 0 0 0 0 0 0 0 0 0 0 0 0 0 0
0 0 0 0 0 0 0 0 0 0 0 0 0 0 0 0 0 0 0 0 0
##$SHL_SFCOEFFS13= (0..200)
0 0 0 0 0 0 0 0 0 0 0 0 0 0 0 0 0 0 0 0 0 0 0 0 0 0 0 0 0 0 0 0 0 0 0 0
0 0 0 0 0 0 0 0 0 0 0 0 0 0 0 0 0 0 0 0 0 0 0 0 0 0 0 0 0 0 0 0 0 0 0 0
0 0 0 0 0 0 0 0 0 0 0 0 0 0 0 0 0 0 0 0 0 0 0 0 0 0 0 0 0 0 0 0 0 0 0 0
0 0 0 0 0 0 0 0 0 0 0 0 0 0 0 0 0 0 0 0 0 0 0 0 0 0 0 0 0 0 0 0 0 0 0 0
0 0 0 0 0 0 0 0 0 0 0 0 0 0 0 0 0 0 0 0 0 0 0 0 0 0 0 0 0 0 0 0 0 0 0 0
0 0 0 0 0 0 0 0 0 0 0 0 0 0 0 0 0 0 0 0 0
##$SHL_SFCOEFFS14= (0..200)
0 0 0 0 0 0 0 0 0 0 0 0 0 0 0 0 0 0 0 0 0 0 0 0 0 0 0 0 0 0 0 0 0 0 0 0
0 0 0 0 0 0 0 0 0 0 0 0 0 0 0 0 0 0 0 0 0 0 0 0 0 0 0 0 0 0 0 0 0 0 0 0
0 0 0 0 0 0 0 0 0 0 0 0 0 0 0 0 0 0 0 0 0 0 0 0 0 0 0 0 0 0 0 0 0 0 0 0
0 0 0 0 0 0 0 0 0 0 0 0 0 0 0 0 0 0 0 0 0 0 0 0 0 0 0 0 0 0 0 0 0 0 0 0
0 0 0 0 0 0 0 0 0 0 0 0 0 0 0 0 0 0 0 0 0 0 0 0 0 0 0 0 0 0 0 0 0 0 0 0
0 0 0 0 0 0 0 0 0 0 0 0 0 0 0 0 0 0 0 0 0
##$SHL_SFCOEFFS15= (0..200)
0 0 0 0 0 0 0 0 0 0 0 0 0 0 0 0 0 0 0 0 0 0 0 0 0 0 0 0 0 0 0 0 0 0 0 0
0 0 0 0 0 0 0 0 0 0 0 0 0 0 0 0 0 0 0 0 0 0 0 0 0 0 0 0 0 0 0 0 0 0 0 0
0 0 0 0 0 0 0 0 0 0 0 0 0 0 0 0 0 0 0 0 0 0 0 0 0 0 0 0 0 0 0 0 0 0 0 0
0 0 0 0 0 0 0 0 0 0 0 0 0 0 0 0 0 0 0 0 0 0 0 0 0 0 0 0 0 0 0 0 0 0 0 0
0 0 0 0 0 0 0 0 0 0 0 0 0 0 0 0 0 0 0 0 0 0 0 0 0 0 0 0 0 0 0 0 0 0 0 0
0 0 0 0 0 0 0 0 0 0 0 0 0 0 0 0 0 0 0 0 0
##$SHL_SFCOEFFS2= (0..200)
0 0 0 0 0 0 0 0 0 0 0 0 0 0 0 0 0 0 0 0 0 0 0 0 0 0 0 0 0 0 0 0 0 0 0 0
0 0 0 0 0 0 0 0 0 0 0 0 0 0 0 0 0 0 0 0 0 0 0 0 0 0 0 0 0 0 0 0 0 0 0 0
0 0 0 0 0 0 0 0 0 0 0 0 0 0 0 0 0 0 0 0 0 0 0 0 0 0 0 0 0 0 0 0 0 0 0 0
0 0 0 0 0 0 0 0 0 0 0 0 0 0 0 0 0 0 0 0 0 0 0 0 0 0 0 0 0 0 0 0 0 0 0 0
0 0 0 0 0 0 0 0 0 0 0 0 0 0 0 0 0 0 0 0 0 0 0 0 0 0 0 0 0 0 0 0 0 0 0 0
0 0 0 0 0 0 0 0 0 0 0 0 0 0 0 0 0 0 0 0 0
##$SHL_SFCOEFFS3= (0..200)
0 0 0 0 0 0 0 0 0 0 0 0 0 0 0 0 0 0 0 0 0 0 0 0 0 0 0 0 0 0 0 0 0 0 0 0
0 0 0 0 0 0 0 0 0 0 0 0 0 0 0 0 0 0 0 0 0 0 0 0 0 0 0 0 0 0 0 0 0 0 0 0
0 0 0 0 0 0 0 0 0 0 0 0 0 0 0 0 0 0 0 0 0 0 0 0 0 0 0 0 0 0 0 0 0 0 0 0
0 0 0 0 0 0 0 0 0 0 0 0 0 0 0 0 0 0 0 0 0 0 0 0 0 0 0 0 0 0 0 0 0 0 0 0
0 0 0 0 0 0 0 0 0 0 0 0 0 0 0 0 0 0 0 0 0 0 0 0 0 0 0 0 0 0 0 0 0 0 0 0
0 0 0 0 0 0 0 0 0 0 0 0 0 0 0 0 0 0 0 0 0
##$SHL_SFCOEFFS4= (0..200)
0 0 0 0 0 0 0 0 0 0 0 0 0 0 0 0 0 0 0 0 0 0 0 0 0 0 0 0 0 0 0 0 0 0 0 0
0 0 0 0 0 0 0 0 0 0 0 0 0 0 0 0 0 0 0 0 0 0 0 0 0 0 0 0 0 0 0 0 0 0 0 0
0 0 0 0 0 0 0 0 0 0 0 0 0 0 0 0 0 0 0 0 0 0 0 0 0 0 0 0 0 0 0 0 0 0 0 0
0 0 0 0 0 0 0 0 0 0 0 0 0 0 0 0 0 0 0 0 0 0 0 0 0 0 0 0 0 0 0 0 0 0 0 0
0 0 0 0 0 0 0 0 0 0 0 0 0 0 0 0 0 0 0 0 0 0 0 0 0 0 0 0 0 0 0 0 0 0 0 0
0 0 0 0 0 0 0 0 0 0 0 0 0 0 0 0 0 0 0 0 0
##$SHL_SFCOEFFS5= (0..200)
0 0 0 0 0 0 0 0 0 0 0 0 0 0 0 0 0 0 0 0 0 0 0 0 0 0 0 0 0 0 0 0 0 0 0 0
0 0 0 0 0 0 0 0 0 0 0 0 0 0 0 0 0 0 0 0 0 0 0 0 0 0 0 0 0 0 0 0 0 0 0 0
0 0 0 0 0 0 0 0 0 0 0 0 0 0 0 0 0 0 0 0 0 0 0 0 0 0 0 0 0 0 0 0 0 0 0 0
0 0 0 0 0 0 0 0 0 0 0 0 0 0 0 0 0 0 0 0 0 0 0 0 0 0 0 0 0 0 0 0 0 0 0 0
0 0 0 0 0 0 0 0 0 0 0 0 0 0 0 0 0 0 0 0 0 0 0 0 0 0 0 0 0 0 0 0 0 0 0 0
0 0 0 0 0 0 0 0 0 0 0 0 0 0 0 0 0 0 0 0 0
##$SHL_SFCOEFFS6= (0..200)
0 0 0 0 0 0 0 0 0 0 0 0 0 0 0 0 0 0 0 0 0 0 0 0 0 0 0 0 0 0 0 0 0 0 0 0
0 0 0 0 0 0 0 0 0 0 0 0 0 0 0 0 0 0 0 0 0 0 0 0 0 0 0 0 0 0 0 0 0 0 0 0
0 0 0 0 0 0 0 0 0 0 0 0 0 0 0 0 0 0 0 0 0 0 0 0 0 0 0 0 0 0 0 0 0 0 0 0
0 0 0 0 0 0 0 0 0 0 0 0 0 0 0 0 0 0 0 0 0 0 0 0 0 0 0 0 0 0 0 0 0 0 0 0
0 0 0 0 0 0 0 0 0 0 0 0 0 0 0 0 0 0 0 0 0 0 0 0 0 0 0 0 0 0 0 0 0 0 0 0
0 0 0 0 0 0 0 0 0 0 0 0 0 0 0 0 0 0 0 0 0
##$SHL_SFCOEFFS7= (0..200)
0 0 0 0 0 0 0 0 0 0 0 0 0 0 0 0 0 0 0 0 0 0 0 0 0 0 0 0 0 0 0 0 0 0 0 0
0 0 0 0 0 0 0 0 0 0 0 0 0 0 0 0 0 0 0 0 0 0 0 0 0 0 0 0 0 0 0 0 0 0 0 0
0 0 0 0 0 0 0 0 0 0 0 0 0 0 0 0 0 0 0 0 0 0 0 0 0 0 0 0 0 0 0 0 0 0 0 0
0 0 0 0 0 0 0 0 0 0 0 0 0 0 0 0 0 0 0 0 0 0 0 0 0 0 0 0 0 0 0 0 0 0 0 0
0 0 0 0 0 0 0 0 0 0 0 0 0 0 0 0 0 0 0 0 0 0 0 0 0 0 0 0 0 0 0 0 0 0 0 0
0 0 0 0 0 0 0 0 0 0 0 0 0 0 0 0 0 0 0 0 0
##$SHL_SFCOEFFS8= (0..200)
0 0 0 0 0 0 0 0 0 0 0 0 0 0 0 0 0 0 0 0 0 0 0 0 0 0 0 0 0 0 0 0 0 0 0 0
0 0 0 0 0 0 0 0 0 0 0 0 0 0 0 0 0 0 0 0 0 0 0 0 0 0 0 0 0 0 0 0 0 0 0 0
0 0 0 0 0 0 0 0 0 0 0 0 0 0 0 0 0 0 0 0 0 0 0 0 0 0 0 0 0 0 0 0 0 0 0 0
0 0 0 0 0 0 0 0 0 0 0 0 0 0 0 0 0 0 0 0 0 0 0 0 0 0 0 0 0 0 0 0 0 0 0 0
0 0 0 0 0 0 0 0 0 0 0 0 0 0 0 0 0 0 0 0 0 0 0 0 0 0 0 0 0 0 0 0 0 0 0 0
0 0 0 0 0 0 0 0 0 0 0 0 0 0 0 0 0 0 0 0 0
##$SHL_SFCOEFFS9= (0..200)
0 0 0 0 0 0 0 0 0 0 0 0 0 0 0 0 0 0 0 0 0 0 0 0 0 0 0 0 0 0 0 0 0 0 0 0
0 0 0 0 0 0 0 0 0 0 0 0 0 0 0 0 0 0 0 0 0 0 0 0 0 0 0 0 0 0 0 0 0 0 0 0
0 0 0 0 0 0 0 0 0 0 0 0 0 0 0 0 0 0 0 0 0 0 0 0 0 0 0 0 0 0 0 0 0 0 0 0
0 0 0 0 0 0 0 0 0 0 0 0 0 0 0 0 0 0 0 0 0 0 0 0 0 0 0 0 0 0 0 0 0 0 0 0
0 0 0 0 0 0 0 0 0 0 0 0 0 0 0 0 0 0 0 0 0 0 0 0 0 0 0 0 0 0 0 0 0 0 0 0
0 0 0 0 0 0 0 0 0 0 0 0 0 0 0 0 0 0 0 0 0
##$SHL_SMOOTHED= (0..15)
0 0 0 0 0 0 0 0 0 0 0 0 0 0 0 0
##$SHL_SMOOTHING= (0..15)
0 0 0 0 0 0 0 0 0 0 0 0 0 0 0 0
##$SHL_SPOAL= (0..15)
0 0 0 0 0 0 0 0 0 0 0 0 0 0 0 0
##$SHL_SPOFFS= (0..15)
0 0 0 0 0 0 0 0 0 0 0 0 0 0 0 0
##$SHL_SPOPH= (0..15)
0 0 0 0 0 0 0 0 0 0 0 0 0 0 0 0
##$SHL_STARTAMP= (0..15)
0 0 0 0 0 0 0 0 0 0 0 0 0 0 0 0
##$SHL_SW= (0..15)
0 0 0 0 0 0 0 0 0 0 0 0 0 0 0 0
##$SHL_SWDIR= (0..15)
-1 -1 -1 -1 -1 -1 -1 -1 -1 -1 -1 -1 -1 -1 -1 -1
##$SHL_TANKAPPA= (0..15)
0 0 0 0 0 0 0 0 0 0 0 0 0 0 0 0
##$SHL_TOTROT= (0..15)
90 0 0 0 0 0 0 0 0 0 0 0 0 0 0 0
##$SHL_TRUNCLEV= (0..15)
0 0 0 0 0 0 0 0 0 0 0 0 0 0 0 0
##$SHL_TYPE= (0..15)
<Excitation> <> <> <> <> <> <> <> <> <> <> <> <> <> <> <>
##$SHL_WINDOWSIZE= (0..15)
0 0 0 0 0 0 0 0 0 0 0 0 0 0 0 0
##$SHL_ZETA= (0..15)
0 0 0 0 0 0 0 0 0 0 0 0 0 0 0 0
##NPOINTS= 1250
##XYPOINTS= (XY..XY)
7.502341, 121.413328
9.244853, 122.083603
10.984538, 122.753878
12.720864, 123.424153
14.453300, 124.094428
16.181317, 124.764703
17.904385, 125.434978
19.621979, 126.105252
21.333573, 126.775527
23.038644, 127.445802
24.736670, 128.116077
26.427132, 128.786352
28.109513, 129.456627
29.783299, 130.126902
31.447978, 130.797177
33.103040, 131.467452
34.747981, 132.137727
36.382296, 132.808001
38.005486, 133.478276
39.617055, 134.148551
41.216510, 134.818826
42.803362, 135.489101
44.377125, 136.159376
45.937319, 136.829651
47.483466, 137.499926
49.015094, 138.170201
50.531734, 138.840475
52.032923, 139.510750
53.518200, 140.181025
54.987113, 140.851300
56.439213, 141.521575
57.874054, 142.191850
59.291199, 142.862125
60.690213, 143.532400
62.070670, 144.202675
63.432147, 144.872950
64.774228, 145.543224
66.096502, 146.213499
67.398565, 146.883774
68.680019, 147.554049
69.940472, 148.224324
71.179539, 148.894599
72.396841, 149.564874
73.592005, 150.235149
74.764667, 150.905424
75.914467, 151.575698
77.041054, 152.245973
78.144083, 152.916248
79.223218, 153.586523
80.278127, 154.256798
81.308490, 154.927073
82.313990, 155.597348
83.294320, 156.267623
84.249180, 156.937898
85.178279, 157.608173
86.081332, 158.278447
86.958064, 158.948722
87.808205, 159.618997
88.631496, 160.289272
89.427686, 160.959547
90.196531, 161.629822
90.937795, 162.300097
91.651253, 162.970372
92.336686, 163.640647
92.993884, 164.310921
93.622646, 164.981196
94.222781, 165.651471
94.794104, 166.321746
95.336441, 166.992021
95.849626, 167.662296
96.333503, 168.332571
96.787923, 169.002846
97.212747, 169.673121
97.607845, 170.343396
97.973097, 171.013670
98.308391, 171.683945
98.613625, 172.354220
98.888704, 173.024495
99.133545, 173.694770
99.348074, 174.365045
99.532224, 175.035320
99.685938, 175.705595
99.809172, 176.375870
99.901885, 177.046144
99.964051, 177.716419
99.995650, 178.386694
99.996672, 179.056969
99.967117, 179.727244
99.906994, 180.397519
99.816323, 181.067794
99.695129, 181.738069
99.543450, 182.408344
99.361334, 183.078619
99.148835, 183.748893
98.906018, 184.419168
98.632957, 185.089443
98.329737, 185.759718
97.996450, 186.429993
97.633197, 187.100268
97.240091, 187.770543
96.817250, 188.440818
96.364805, 189.111093
95.882893, 189.781367
95.371662, 190.451642
94.831269, 191.121917
94.261878, 191.792192
93.663664, 192.462467
93.036810, 193.132742
92.381507, 193.803017
91.697956, 194.473292
90.986365, 195.143567
90.246953, 195.813842
89.479945, 196.484116
88.685576, 197.154391
87.864088, 197.824666
87.015734, 198.494941
86.140772, 199.165216
85.239470, 199.835491
84.312104, 200.505766
83.358957, 201.176041
82.380320, 201.846316
81.376494, 202.516590
80.347784, 203.186865
79.294505, 203.857140
78.216980, 204.527415
77.115538, 205.197690
75.990515, 205.867965
74.842256, 206.538240
73.671112, 207.208515
72.477441, 207.878790
71.261608, 208.549065
70.023984, 209.219339
68.764949, 209.889614
67.484887, 210.559889
66.184189, 211.230164
64.863254, 211.900439
63.522484, 212.570714
62.162291, 213.240989
60.783090, 213.911264
59.385303, 214.581539
57.969357, 215.251813
56.535685, 215.922088
55.084726, 216.592363
53.616923, 217.262638
52.132725, 217.932913
50.632586, 218.603188
49.116965, 219.273463
47.586325, 219.943738
46.041134, 220.614013
44.481864, 221.284288
42.908993, 221.954562
41.323001, 222.624837
39.724374, 223.295112
38.113599, 223.965387
36.491171, 224.635662
34.857584, 225.305937
33.213338, 225.976212
31.558936, 226.646487
29.894885, 227.316762
28.221692, 227.987036
26.539869, 228.657311
24.849931, 229.327586
23.152395, 229.997861
21.447779, 230.668136
19.736605, 231.338411
18.019395, 232.008686
16.296676, 232.678961
14.568974, 233.349236
12.836817, 234.019511
11.100734, 234.689785
9.361257, 235.360060
7.618918, 236.030335
5.874249, 236.700610
4.127784, 237.370885
2.380056, 238.041160
0.631601, 238.711435
1.117047, 59.381710
2.865354, 60.051985
4.612785, 60.722259
6.358805, 61.392534
8.102881, 62.062809
9.844479, 62.733084
11.583067, 63.403359
13.318113, 64.073634
15.049086, 64.743909
16.775458, 65.414184
18.496700, 66.084459
20.212287, 66.754734
21.921693, 67.425008
23.624395, 68.095283
25.319874, 68.765558
27.007611, 69.435833
28.687089, 70.106108
30.357795, 70.776383
32.019219, 71.446658
33.670852, 72.116933
35.312189, 72.787208
36.942728, 73.457482
38.561971, 74.127757
40.169422, 74.798032
41.764591, 75.468307
43.346988, 76.138582
44.916131, 76.808857
46.471540, 77.479132
48.012739, 78.149407
49.539256, 78.819682
51.050626, 79.489957
52.546385, 80.160231
54.026076, 80.830506
55.489248, 81.500781
56.935452, 82.171056
58.364247, 82.841331
59.775195, 83.511606
61.167864, 84.181881
62.541831, 84.852156
63.896673, 85.522431
65.231977, 86.192705
66.547334, 86.862980
67.842342, 87.533255
69.116606, 88.203530
70.369735, 88.873805
71.601347, 89.544080
72.811065, 90.214355
73.998518, 90.884630
75.163345, 91.554905
76.305188, 92.225180
77.423698, 92.895454
78.518534, 93.565729
79.589360, 94.236004
80.635850, 94.906279
81.657683, 95.576554
82.654547, 96.246829
83.626137, 96.917104
84.572156, 97.587379
85.492314, 98.257654
86.386331, 98.927928
87.253933, 99.598203
88.094854, 100.268478
88.908837, 100.938753
89.695634, 101.609028
90.455004, 102.279303
91.186715, 102.949578
91.890543, 103.619853
92.566273, 104.290128
93.213698, 104.960403
93.832620, 105.630677
94.422850, 106.300952
94.984207, 106.971227
95.516521, 107.641502
96.019627, 108.311777
96.493373, 108.982052
96.937613, 109.652327
97.352211, 110.322602
97.737042, 110.992877
98.091986, 111.663151
98.416936, 112.333426
98.711792, 113.003701
98.976464, 113.673976
99.210871, 114.344251
99.414942, 115.014526
99.588614, 115.684801
99.731833, 116.355076
99.844557, 117.025351
99.926750, 117.695626
99.978388, 118.365900
99.999454, 119.036175
99.989943, 119.706450
99.949857, 120.376725
99.879208, 121.047000
99.778019, 121.717275
99.646319, 122.387550
99.484150, 123.057825
99.291560, 123.728100
99.068609, 124.398374
98.815366, 125.068649
98.531906, 125.738924
98.218318, 126.409199
97.874696, 127.079474
97.501146, 127.749749
97.097783, 128.420024
96.664729, 129.090299
96.202117, 129.760574
95.710089, 130.430849
95.188794, 131.101123
94.638393, 131.771398
94.059053, 132.441673
93.450952, 133.111948
92.814276, 133.782223
92.149219, 134.452498
91.455985, 135.122773
90.734785, 135.793048
89.985841, 136.463323
89.209380, 137.133597
88.405642, 137.803872
87.574871, 138.474147
86.717321, 139.144422
85.833255, 139.814697
84.922943, 140.484972
83.986664, 141.155247
83.024703, 141.825522
82.037355, 142.495797
81.024921, 143.166072
79.987712, 143.836346
78.926044, 144.506621
77.840243, 145.176896
76.730639, 145.847171
75.597573, 146.517446
74.441391, 147.187721
73.262446, 147.857996
72.061099, 148.528271
70.837717, 149.198546
69.592675, 149.868820
68.326352, 150.539095
67.039137, 151.209370
65.731423, 151.879645
64.403609, 152.549920
63.056102, 153.220195
61.689314, 153.890470
60.303663, 154.560745
58.899572, 155.231020
57.477471, 155.901295
56.037794, 156.571569
54.580982, 157.241844
53.107481, 157.912119
51.617740, 158.582394
50.112216, 159.252669
48.591368, 159.922944
47.055662, 160.593219
45.505568, 161.263494
43.941559, 161.933769
42.364114, 162.604043
40.773714, 163.274318
39.170847, 163.944593
37.556002, 164.614868
35.929673, 165.285143
34.292358, 165.955418
32.644557, 166.625693
30.986774, 167.295968
29.319516, 167.966243
27.643292, 168.636518
25.958616, 169.306792
24.266002, 169.977067
22.565968, 170.647342
20.859034, 171.317617
19.145722, 171.987892
17.426555, 172.658167
15.702060, 173.328442
13.972763, 173.998717
12.239194, 174.668992
10.501882, 175.339266
8.761359, 176.009541
7.018157, 176.679816
5.272809, 177.350091
3.525849, 178.020366
1.777810, 178.690641
0.029228, 179.360916
1.719363, 0.031191
3.467428, 0.701466
5.214434, 1.371741
6.959844, 2.042015
8.703127, 2.712290
10.443748, 3.382565
12.181175, 4.052840
13.914878, 4.723115
15.644327, 5.393390
17.368991, 6.063665
19.088344, 6.733940
20.801861, 7.404215
22.509016, 8.074489
24.209289, 8.744764
25.902160, 9.415039
27.587110, 10.085314
29.263624, 10.755589
30.931190, 11.425864
32.589298, 12.096139
34.237441, 12.766414
35.875115, 13.436689
37.501819, 14.106964
39.117056, 14.777238
40.720331, 15.447513
42.311155, 16.117788
43.889042, 16.788063
45.453508, 17.458338
47.004075, 18.128613
48.540269, 18.798888
50.061621, 19.469163
51.567665, 20.139438
53.057941, 20.809712
54.531992, 21.479987
55.989369, 22.150262
57.429626, 22.820537
58.852322, 23.490812
60.257022, 24.161087
61.643296, 24.831362
63.010722, 25.501637
64.358880, 26.171912
65.687358, 26.842187
66.995751, 27.512461
68.283658, 28.182736
69.550685, 28.853011
70.796445, 29.523286
72.020557, 30.193561
73.222647, 30.863836
74.402346, 31.534111
75.559295, 32.204386
76.693140, 32.874661
77.803533, 33.544935
78.890136, 34.215210
79.952615, 34.885485
80.990647, 35.555760
82.003914, 36.226035
82.992106, 36.896310
83.954920, 37.566585
84.892063, 38.236860
85.803247, 38.907135
86.688195, 39.577410
87.546635, 40.247684
88.378306, 40.917959
89.182952, 41.588234
89.960328, 42.258509
90.710196, 42.928784
91.432326, 43.599059
92.126499, 44.269334
92.792501, 44.939609
93.430130, 45.609884
94.039189, 46.280158
94.619493, 46.950433
95.170864, 47.620708
95.693135, 48.290983
96.186144, 48.961258
96.649741, 49.631533
97.083786, 50.301808
97.488144, 50.972083
97.862692, 51.642358
98.207315, 52.312633
98.521909, 52.982907
98.806378, 53.653182
99.060633, 54.323457
99.284597, 54.993732
99.478203, 55.664007
99.641390, 56.334282
99.774109, 57.004557
99.876319, 57.674832
99.947989, 58.345107
99.989097, 59.015381
99.999630, 59.685656
99.979586, 60.355931
99.928970, 61.026206
99.847798, 61.696481
99.736094, 62.366756
99.593893, 63.037031
99.421239, 63.707306
99.218184, 64.377581
98.984789, 65.047856
98.721128, 65.718130
98.427279, 66.388405
98.103334, 67.058680
97.749391, 67.728955
97.365557, 68.399230
96.951952, 69.069505
96.508701, 69.739780
96.035939, 70.410055
95.533812, 71.080330
95.002472, 71.750604
94.442083, 72.420879
93.852815, 73.091154
93.234849, 73.761429
92.588374, 74.431704
91.913587, 75.101979
91.210695, 75.772254
90.479913, 76.442529
89.721463, 77.112804
88.935579, 77.783079
88.122501, 78.453353
87.282476, 79.123628
86.415762, 79.793903
85.522624, 80.464178
84.603335, 81.134453
83.658176, 81.804728
82.687436, 82.475003
81.691412, 83.145278
80.670409, 83.815553
79.624738, 84.485827
78.554720, 85.156102
77.460681, 85.826377
76.342957, 86.496652
75.201888, 87.166927
74.037824, 87.837202
72.851121, 88.507477
71.642142, 89.177752
70.411256, 89.848027
69.158840, 90.518302
67.885276, 91.188576
66.590955, 91.858851
65.276272, 92.529126
63.941628, 93.199401
62.587432, 93.869676
61.214099, 94.539951
59.822047, 95.210226
58.411703, 95.880501
56.983498, 96.550776
55.537869, 97.221050
54.075258, 97.891325
52.596111, 98.561600
51.100882, 99.231875
49.590027, 99.902150
48.064008, 100.572425
46.523292, 101.242700
44.968351, 101.912975
43.399659, 102.583250
41.817697, 103.253525
40.222947, 103.923799
38.615899, 104.594074
36.997042, 105.264349
35.366872, 105.934624
33.725888, 106.604899
32.074592, 107.275174
30.413487, 107.945449
28.743083, 108.615724
27.063890, 109.285999
25.376421, 109.956273
23.681192, 110.626548
21.978723, 111.296823
20.269533, 111.967098
18.554144, 112.637373
16.833083, 113.307648
15.106874, 113.977923
13.376045, 114.648198
11.641127, 115.318473
9.902649, 115.988748
8.161143, 116.659022
6.417141, 117.329297
4.671178, 117.999572
2.923786, 118.669847
1.175499, 119.340122
0.573146, 300.010397
2.321616, 300.680672
4.069377, 301.350947
5.815893, 302.021222
7.560631, 302.691496
9.303057, 303.361771
11.042638, 304.032046
12.778842, 304.702321
14.511139, 305.372596
16.238999, 306.042871
17.961893, 306.713146
19.679295, 307.383421
21.390680, 308.053696
23.095523, 308.723971
24.793305, 309.394245
26.483505, 310.064520
28.165607, 310.734795
29.839097, 311.405070
31.503462, 312.075345
33.158195, 312.745620
34.802788, 313.415895
36.436740, 314.086170
38.059549, 314.756445
39.670721, 315.426719
41.269763, 316.096994
42.856185, 316.767269
44.429502, 317.437544
45.989234, 318.107819
47.534904, 318.778094
49.066038, 319.448369
50.582169, 320.118644
52.082833, 320.788919
53.567571, 321.459194
55.035929, 322.129468
56.487459, 322.799743
57.921715, 323.470018
59.338261, 324.140293
60.736662, 324.810568
62.116491, 325.480843
63.477326, 326.151118
64.818752, 326.821393
66.140357, 327.491668
67.441737, 328.161942
68.722496, 328.832217
69.982240, 329.502492
71.220586, 330.172767
72.437153, 330.843042
73.631571, 331.513317
74.803474, 332.183592
75.952504, 332.853867
77.078309, 333.524142
78.180545, 334.194417
79.258875, 334.864691
80.312969, 335.534966
81.342506, 336.205241
82.347169, 336.875516
83.326653, 337.545791
84.280657, 338.216066
85.208889, 338.886341
86.111067, 339.556616
86.986914, 340.226891
87.836162, 340.897165
88.658551, 341.567440
89.453831, 342.237715
90.221757, 342.907990
90.962096, 343.578265
91.674620, 344.248540
92.359112, 344.918815
93.015363, 345.589090
93.643171, 346.259365
94.242346, 346.929640
94.812703, 347.599914
95.354068, 348.270189
95.866276, 348.940464
96.349170, 349.610739
96.802603, 350.281014
97.226435, 350.951289
97.620538, 351.621564
97.984790, 352.291839
98.319081, 352.962114
98.623308, 353.632388
98.897378, 354.302663
99.141207, 354.972938
99.354721, 355.643213
99.537854, 356.313488
99.690551, 356.983763
99.812764, 357.654038
99.904457, 358.324313
99.965601, 358.994588
99.996178, 359.664863
99.996178, 0.335137
99.965601, 1.005412
99.904457, 1.675687
99.812764, 2.345962
99.690551, 3.016237
99.537854, 3.686512
99.354721, 4.356787
99.141207, 5.027062
98.897378, 5.697337
98.623308, 6.367612
98.319081, 7.037886
97.984790, 7.708161
97.620538, 8.378436
97.226435, 9.048711
96.802603, 9.718986
96.349170, 10.389261
95.866276, 11.059536
95.354068, 11.729811
94.812703, 12.400086
94.242346, 13.070360
93.643171, 13.740635
93.015363, 14.410910
92.359112, 15.081185
91.674620, 15.751460
90.962096, 16.421735
90.221757, 17.092010
89.453831, 17.762285
88.658551, 18.432560
87.836162, 19.102835
86.986914, 19.773109
86.111067, 20.443384
85.208889, 21.113659
84.280657, 21.783934
83.326653, 22.454209
82.347169, 23.124484
81.342506, 23.794759
80.312969, 24.465034
79.258875, 25.135309
78.180545, 25.805583
77.078309, 26.475858
75.952504, 27.146133
74.803474, 27.816408
73.631571, 28.486683
72.437153, 29.156958
71.220586, 29.827233
69.982240, 30.497508
68.722496, 31.167783
67.441737, 31.838058
66.140357, 32.508332
64.818752, 33.178607
63.477326, 33.848882
62.116491, 34.519157
60.736662, 35.189432
59.338261, 35.859707
57.921715, 36.529982
56.487459, 37.200257
55.035929, 37.870532
53.567571, 38.540806
52.082833, 39.211081
50.582169, 39.881356
49.066038, 40.551631
47.534904, 41.221906
45.989234, 41.892181
44.429502, 42.562456
42.856185, 43.232731
41.269763, 43.903006
39.670721, 44.573281
38.059549, 45.243555
36.436740, 45.913830
34.802788, 46.584105
33.158195, 47.254380
31.503462, 47.924655
29.839097, 48.594930
28.165607, 49.265205
26.483505, 49.935480
24.793305, 50.605755
23.095523, 51.276029
21.390680, 51.946304
19.679295, 52.616579
17.961893, 53.286854
16.238999, 53.957129
14.511139, 54.627404
12.778842, 55.297679
11.042638, 55.967954
9.303057, 56.638229
7.560631, 57.308504
5.815893, 57.978778
4.069377, 58.649053
2.321616, 59.319328
0.573146, 59.989603
1.175499, 240.659878
2.923786, 241.330153
4.671178, 242.000428
6.417141, 242.670703
8.161143, 243.340978
9.902649, 244.011252
11.641127, 244.681527
13.376045, 245.351802
15.106874, 246.022077
16.833083, 246.692352
18.554144, 247.362627
20.269533, 248.032902
21.978723, 248.703177
23.681192, 249.373452
25.376421, 250.043727
27.063890, 250.714001
28.743083, 251.384276
30.413487, 252.054551
32.074592, 252.724826
33.725888, 253.395101
35.366872, 254.065376
36.997042, 254.735651
38.615899, 255.405926
40.222947, 256.076201
41.817697, 256.746475
43.399659, 257.416750
44.968351, 258.087025
46.523292, 258.757300
48.064008, 259.427575
49.590027, 260.097850
51.100882, 260.768125
52.596111, 261.438400
54.075258, 262.108675
55.537869, 262.778950
56.983498, 263.449224
58.411703, 264.119499
59.822047, 264.789774
61.214099, 265.460049
62.587432, 266.130324
63.941628, 266.800599
65.276272, 267.470874
66.590955, 268.141149
67.885276, 268.811424
69.158840, 269.481698
70.411256, 270.151973
71.642142, 270.822248
72.851121, 271.492523
74.037824, 272.162798
75.201888, 272.833073
76.342957, 273.503348
77.460681, 274.173623
78.554720, 274.843898
79.624738, 275.514173
80.670409, 276.184447
81.691412, 276.854722
82.687436, 277.524997
83.658176, 278.195272
84.603335, 278.865547
85.522624, 279.535822
86.415762, 280.206097
87.282476, 280.876372
88.122501, 281.546647
88.935579, 282.216921
89.721463, 282.887196
90.479913, 283.557471
91.210695, 284.227746
91.913587, 284.898021
92.588374, 285.568296
93.234849, 286.238571
93.852815, 286.908846
94.442083, 287.579121
95.002472, 288.249396
95.533812, 288.919670
96.035939, 289.589945
96.508701, 290.260220
96.951952, 290.930495
97.365557, 291.600770
97.749391, 292.271045
98.103334, 292.941320
98.427279, 293.611595
98.721128, 294.281870
98.984789, 294.952144
99.218184, 295.622419
99.421239, 296.292694
99.593893, 296.962969
99.736094, 297.633244
99.847798, 298.303519
99.928970, 298.973794
99.979586, 299.644069
99.999630, 300.314344
99.989097, 300.984619
99.947989, 301.654893
99.876319, 302.325168
99.774109, 302.995443
99.641390, 303.665718
99.478203, 304.335993
99.284597, 305.006268
99.060633, 305.676543
98.806378, 306.346818
98.521909, 307.017093
98.207315, 307.687367
97.862692, 308.357642
97.488144, 309.027917
97.083786, 309.698192
96.649741, 310.368467
96.186144, 311.038742
95.693135, 311.709017
95.170864, 312.379292
94.619493, 313.049567
94.039189, 313.719842
93.430130, 314.390116
92.792501, 315.060391
92.126499, 315.730666
91.432326, 316.400941
90.710196, 317.071216
89.960328, 317.741491
89.182952, 318.411766
88.378306, 319.082041
87.546635, 319.752316
86.688195, 320.422590
85.803247, 321.092865
84.892063, 321.763140
83.954920, 322.433415
82.992106, 323.103690
82.003914, 323.773965
80.990647, 324.444240
79.952615, 325.114515
78.890136, 325.784790
77.803533, 326.455065
76.693140, 327.125339
75.559295, 327.795614
74.402346, 328.465889
73.222647, 329.136164
72.020557, 329.806439
70.796445, 330.476714
69.550685, 331.146989
68.283658, 331.817264
66.995751, 332.487539
65.687358, 333.157813
64.358880, 333.828088
63.010722, 334.498363
61.643296, 335.168638
60.257022, 335.838913
58.852322, 336.509188
57.429626, 337.179463
55.989369, 337.849738
54.531992, 338.520013
53.057941, 339.190288
51.567665, 339.860562
50.061621, 340.530837
48.540269, 341.201112
47.004075, 341.871387
45.453508, 342.541662
43.889042, 343.211937
42.311155, 343.882212
40.720331, 344.552487
39.117056, 345.222762
37.501819, 345.893036
35.875115, 346.563311
34.237441, 347.233586
32.589298, 347.903861
30.931190, 348.574136
29.263624, 349.244411
27.587110, 349.914686
25.902160, 350.584961
24.209289, 351.255236
22.509016, 351.925511
20.801861, 352.595785
19.088344, 353.266060
17.368991, 353.936335
15.644327, 354.606610
13.914878, 355.276885
12.181175, 355.947160
10.443748, 356.617435
8.703127, 357.287710
6.959844, 357.957985
5.214434, 358.628259
3.467428, 359.298534
1.719363, 359.968809
0.029228, 180.639084
1.777810, 181.309359
3.525849, 181.979634
5.272809, 182.649909
7.018157, 183.320184
8.761359, 183.990459
10.501882, 184.660734
12.239194, 185.331008
13.972763, 186.001283
15.702060, 186.671558
17.426555, 187.341833
19.145722, 188.012108
20.859034, 188.682383
22.565968, 189.352658
24.266002, 190.022933
25.958616, 190.693208
27.643292, 191.363482
29.319516, 192.033757
30.986774, 192.704032
32.644557, 193.374307
34.292358, 194.044582
35.929673, 194.714857
37.556002, 195.385132
39.170847, 196.055407
40.773714, 196.725682
42.364114, 197.395957
43.941559, 198.066231
45.505568, 198.736506
47.055662, 199.406781
48.591368, 200.077056
50.112216, 200.747331
51.617740, 201.417606
53.107481, 202.087881
54.580982, 202.758156
56.037794, 203.428431
57.477471, 204.098705
58.899572, 204.768980
60.303663, 205.439255
61.689314, 206.109530
63.056102, 206.779805
64.403609, 207.450080
65.731423, 208.120355
67.039137, 208.790630
68.326352, 209.460905
69.592675, 210.131180
70.837717, 210.801454
72.061099, 211.471729
73.262446, 212.142004
74.441391, 212.812279
75.597573, 213.482554
76.730639, 214.152829
77.840243, 214.823104
78.926044, 215.493379
79.987712, 216.163654
81.024921, 216.833928
82.037355, 217.504203
83.024703, 218.174478
83.986664, 218.844753
84.922943, 219.515028
85.833255, 220.185303
86.717321, 220.855578
87.574871, 221.525853
88.405642, 222.196128
89.209380, 222.866403
89.985841, 223.536677
90.734785, 224.206952
91.455985, 224.877227
92.149219, 225.547502
92.814276, 226.217777
93.450952, 226.888052
94.059053, 227.558327
94.638393, 228.228602
95.188794, 228.898877
95.710089, 229.569151
96.202117, 230.239426
96.664729, 230.909701
97.097783, 231.579976
97.501146, 232.250251
97.874696, 232.920526
98.218318, 233.590801
98.531906, 234.261076
98.815366, 234.931351
99.068609, 235.601626
99.291560, 236.271900
99.484150, 236.942175
99.646319, 237.612450
99.778019, 238.282725
99.879208, 238.953000
99.949857, 239.623275
99.989943, 240.293550
99.999454, 240.963825
99.978388, 241.634100
99.926750, 242.304374
99.844557, 242.974649
99.731833, 243.644924
99.588614, 244.315199
99.414942, 244.985474
99.210871, 245.655749
98.976464, 246.326024
98.711792, 246.996299
98.416936, 247.666574
98.091986, 248.336849
97.737042, 249.007123
97.352211, 249.677398
96.937613, 250.347673
96.493373, 251.017948
96.019627, 251.688223
95.516521, 252.358498
94.984207, 253.028773
94.422850, 253.699048
93.832620, 254.369323
93.213698, 255.039597
92.566273, 255.709872
91.890543, 256.380147
91.186715, 257.050422
90.455004, 257.720697
89.695634, 258.390972
88.908837, 259.061247
88.094854, 259.731522
87.253933, 260.401797
86.386331, 261.072072
85.492314, 261.742346
84.572156, 262.412621
83.626137, 263.082896
82.654547, 263.753171
81.657683, 264.423446
80.635850, 265.093721
79.589360, 265.763996
78.518534, 266.434271
77.423698, 267.104546
76.305188, 267.774820
75.163345, 268.445095
73.998518, 269.115370
72.811065, 269.785645
71.601347, 270.455920
70.369735, 271.126195
69.116606, 271.796470
67.842342, 272.466745
66.547334, 273.137020
65.231977, 273.807295
63.896673, 274.477569
62.541831, 275.147844
61.167864, 275.818119
59.775195, 276.488394
58.364247, 277.158669
56.935452, 277.828944
55.489248, 278.499219
54.026076, 279.169494
52.546385, 279.839769
51.050626, 280.510043
49.539256, 281.180318
48.012739, 281.850593
46.471540, 282.520868
44.916131, 283.191143
43.346988, 283.861418
41.764591, 284.531693
40.169422, 285.201968
38.561971, 285.872243
36.942728, 286.542518
35.312189, 287.212792
33.670852, 287.883067
32.019219, 288.553342
30.357795, 289.223617
28.687089, 289.893892
27.007611, 290.564167
25.319874, 291.234442
23.624395, 291.904717
21.921693, 292.574992
20.212287, 293.245266
18.496700, 293.915541
16.775458, 294.585816
15.049086, 295.256091
13.318113, 295.926366
11.583067, 296.596641
9.844479, 297.266916
8.102881, 297.937191
6.358805, 298.607466
4.612785, 299.277741
2.865354, 299.948015
1.117047, 300.618290
0.631601, 121.288565
2.380056, 121.958840
4.127784, 122.629115
5.874249, 123.299390
7.618918, 123.969665
9.361257, 124.639940
11.100734, 125.310215
12.836817, 125.980489
14.568974, 126.650764
16.296676, 127.321039
18.019395, 127.991314
19.736605, 128.661589
21.447779, 129.331864
23.152395, 130.002139
24.849931, 130.672414
26.539869, 131.342689
28.221692, 132.012964
29.894885, 132.683238
31.558936, 133.353513
33.213338, 134.023788
34.857584, 134.694063
36.491171, 135.364338
38.113599, 136.034613
39.724374, 136.704888
41.323001, 137.375163
42.908993, 138.045438
44.481864, 138.715712
46.041134, 139.385987
47.586325, 140.056262
49.116965, 140.726537
50.632586, 141.396812
52.132725, 142.067087
53.616923, 142.737362
55.084726, 143.407637
56.535685, 144.077912
57.969357, 144.748187
59.385303, 145.418461
60.783090, 146.088736
62.162291, 146.759011
63.522484, 147.429286
64.863254, 148.099561
66.184189, 148.769836
67.484887, 149.440111
68.764949, 150.110386
70.023984, 150.780661
71.261608, 151.450935
72.477441, 152.121210
73.671112, 152.791485
74.842256, 153.461760
75.990515, 154.132035
77.115538, 154.802310
78.216980, 155.472585
79.294505, 156.142860
80.347784, 156.813135
81.376494, 157.483410
82.380320, 158.153684
83.358957, 158.823959
84.312104, 159.494234
85.239470, 160.164509
86.140772, 160.834784
87.015734, 161.505059
87.864088, 162.175334
88.685576, 162.845609
89.479945, 163.515884
90.246953, 164.186158
90.986365, 164.856433
91.697956, 165.526708
92.381507, 166.196983
93.036810, 166.867258
93.663664, 167.537533
94.261878, 168.207808
94.831269, 168.878083
95.371662, 169.548358
95.882893, 170.218633
96.364805, 170.888907
96.817250, 171.559182
97.240091, 172.229457
97.633197, 172.899732
97.996450, 173.570007
98.329737, 174.240282
98.632957, 174.910557
98.906018, 175.580832
99.148835, 176.251107
99.361334, 176.921381
99.543450, 177.591656
99.695129, 178.261931
99.816323, 178.932206
99.906994, 179.602481
99.967117, 180.272756
99.996672, 180.943031
99.995650, 181.613306
99.964051, 182.283581
99.901885, 182.953856
99.809172, 183.624130
99.685938, 184.294405
99.532224, 184.964680
99.348074, 185.634955
99.133545, 186.305230
98.888704, 186.975505
98.613625, 187.645780
98.308391, 188.316055
97.973097, 188.986330
97.607845, 189.656604
97.212747, 190.326879
96.787923, 190.997154
96.333503, 191.667429
95.849626, 192.337704
95.336441, 193.007979
94.794104, 193.678254
94.222781, 194.348529
93.622646, 195.018804
92.993884, 195.689079
92.336686, 196.359353
91.651253, 197.029628
90.937795, 197.699903
90.196531, 198.370178
89.427686, 199.040453
88.631496, 199.710728
87.808205, 200.381003
86.958064, 201.051278
86.081332, 201.721553
85.178279, 202.391827
84.249180, 203.062102
83.294320, 203.732377
82.313990, 204.402652
81.308490, 205.072927
80.278127, 205.743202
79.223218, 206.413477
78.144083, 207.083752
77.041054, 207.754027
75.914467, 208.424302
74.764667, 209.094576
73.592005, 209.764851
72.396841, 210.435126
71.179539, 211.105401
69.940472, 211.775676
68.680019, 212.445951
67.398565, 213.116226
66.096502, 213.786501
64.774228, 214.456776
63.432147, 215.127050
62.070670, 215.797325
60.690213, 216.467600
59.291199, 217.137875
57.874054, 217.808150
56.439213, 218.478425
54.987113, 219.148700
53.518200, 219.818975
52.032923, 220.489250
50.531734, 221.159525
49.015094, 221.829799
47.483466, 222.500074
45.937319, 223.170349
44.377125, 223.840624
42.803362, 224.510899
41.216510, 225.181174
39.617055, 225.851449
38.005486, 226.521724
36.382296, 227.191999
34.747981, 227.862273
33.103040, 228.532548
31.447978, 229.202823
29.783299, 229.873098
28.109513, 230.543373
26.427132, 231.213648
24.736670, 231.883923
23.038644, 232.554198
21.333573, 233.224473
19.621979, 233.894748
17.904385, 234.565022
16.181317, 235.235297
14.453300, 235.905572
12.720864, 236.575847
10.984538, 237.246122
9.244853, 237.916397
7.502341, 238.586672
##END=
