##TITLE= Parameter file, TopSpin 4.3.0
##JCAMPDX= 5.0
##DATATYPE= Parameter Values
##ORIGIN= Bruker BioSpin GmbH
##OWNER= nmrsu
$$ 2024-05-09 13:56:51.601 +0100  nmrsu@4CE1161FJM
$$ C:/Bruker/TopSpin4.3.0/exp/stan/nmr/lists/wave/user/multisupp_aux_d8
$$ process C:\Bruker\TopSpin4.3.0\prog\mod\xwinshape.exe
##MINX= 0.42379700
##MAXX= 99.99938900
##MINY= 0.11349300
##MAXY= 359.88650700
##$SHAPE_ADDPHASE= 0
##$SHAPE_AMP= 99.99938933
##$SHAPE_BWFAC= 0
##$SHAPE_BWFAC50= 0
##$SHAPE_CALCBW= yes
##$SHAPE_CALCINTEG= yes
##$SHAPE_EXMODE= <Excitation>
##$SHAPE_EXPAND= <>
##$SHAPE_EXPANDCF= (0..143)
0 0 0 0 0 0 0 0 0 0 0 0 0 0 0 0 0 0 0 0 0 0 0 0 0 0 0 0 0 0 0 0 0 0 0 0
0 0 0 0 0 0 0 0 0 0 0 0 0 0 0 0 0 0 0 0 0 0 0 0 0 0 0 0 0 0 0 0 0 0 0 0
0 0 0 0 0 0 0 0 0 0 0 0 0 0 0 0 0 0 0 0 0 0 0 0 0 0 0 0 0 0 0 0 0 0 0 0
0 0 0 0 0 0 0 0 0 0 0 0 0 0 0 0 0 0 0 0 0 0 0 0 0 0 0 0 0 0 0 0 0 0 0 0
##$SHAPE_EXPFAC= 0
##$SHAPE_FRACEND= 0
##$SHAPE_FRACORG= 0
##$SHAPE_FRACSTART= 0
##$SHAPE_INTEGFAC= 0
##$SHAPE_KEEPRES= yes
##$SHAPE_LENGTH= 25000.000373
##$SHAPE_MAN= <M>
##$SHAPE_MODE= 3
##$SHAPE_MODFREQ= 0
##$SHAPE_MODPHASE= 0
##$SHAPE_MODSCALE= 0
##$SHAPE_MODSW= 0
##$SHAPE_MODSWDIR= -1
##$SHAPE_NPOINTS= 1250
##$SHAPE_OFFS= <1 3>
##$SHAPE_OFFSCOEFF= (0..95)
-161.78078 0 100 -229.49495 0 100 -298.02261 0 100 0 0 0 0 0 0 0 0 0 0
0 0 0 0 0 0 0 0 0 0 0 0 0 0 0 0 0 0 0 0 0 0 0 0 0 0 0 0 0 0 0 0 0 0 0 0
0 0 0 0 0 0 0 0 0 0 0 0 0 0 0 0 0 0 0 0 0 0 0 0 0 0 0 0 0 0 0 0 0 0 0 0
0 0 0 0 0
##$SHAPE_PARAMETER= <>
##$SHAPE_REPHFAC= 0
##$SHAPE_RES= 0
##$SHAPE_SCALEFAC= 1.00000611
##$SHAPE_SCALETYPE= 0
##$SHAPE_SPOAL= 0
##$SHAPE_SPOFFS= 0
##$SHAPE_SPOPH= 0
##$SHAPE_TOTROT= 90
##$SHAPE_TYPE= <Excitation>
##$SHAPE_USER_DEF= <>
##$SHAPE_VERSION= 2.1
##$SHL_ADDPHASE= (0..15)
0 0 0 0 0 0 0 0 0 0 0 0 0 0 0 0
##$SHL_ALIGNOFFSET= (0..15)
0 0 0 0 0 0 0 0 0 0 0 0 0 0 0 0
##$SHL_AMP= (0..15)
100 0 0 0 0 0 0 0 0 0 0 0 0 0 0 0
##$SHL_AMPFAC= (0..15)
0 0 0 0 0 0 0 0 0 0 0 0 0 0 0 0
##$SHL_BETA= (0..15)
0 0 0 0 0 0 0 0 0 0 0 0 0 0 0 0
##$SHL_BWFAC= (0..15)
1.116 0 0 0 0 0 0 0 0 0 0 0 0 0 0 0
##$SHL_CALCBW= (0..15)
yes yes yes yes yes yes yes yes yes yes yes yes yes yes yes yes
##$SHL_CALCINTEG= (0..15)
yes yes yes yes yes yes yes yes yes yes yes yes yes yes yes yes
##$SHL_CENTERAMP= (0..15)
0 0 0 0 0 0 0 0 0 0 0 0 0 0 0 0
##$SHL_CYCNUM= (0..15)
0 0 0 0 0 0 0 0 0 0 0 0 0 0 0 0
##$SHL_DIPOLCPL= (0..15)
0 0 0 0 0 0 0 0 0 0 0 0 0 0 0 0
##$SHL_ENDAMP= (0..15)
0 0 0 0 0 0 0 0 0 0 0 0 0 0 0 0
##$SHL_EXMODE= (0..15)
<Excitation> <> <> <> <> <> <> <> <> <> <> <> <> <> <> <>
##$SHL_EXPAND= (0..15)
<> <> <> <> <> <> <> <> <> <> <> <> <> <> <> <>
##$SHL_EXPANDCF0= (0..143)
0 0 0 0 0 0 0 0 0 0 0 0 0 0 0 0 0 0 0 0 0 0 0 0 0 0 0 0 0 0 0 0 0 0 0 0
0 0 0 0 0 0 0 0 0 0 0 0 0 0 0 0 0 0 0 0 0 0 0 0 0 0 0 0 0 0 0 0 0 0 0 0
0 0 0 0 0 0 0 0 0 0 0 0 0 0 0 0 0 0 0 0 0 0 0 0 0 0 0 0 0 0 0 0 0 0 0 0
0 0 0 0 0 0 0 0 0 0 0 0 0 0 0 0 0 0 0 0 0 0 0 0 0 0 0 0 0 0 0 0 0 0 0 0
##$SHL_EXPANDCF1= (0..143)
0 0 0 0 0 0 0 0 0 0 0 0 0 0 0 0 0 0 0 0 0 0 0 0 0 0 0 0 0 0 0 0 0 0 0 0
0 0 0 0 0 0 0 0 0 0 0 0 0 0 0 0 0 0 0 0 0 0 0 0 0 0 0 0 0 0 0 0 0 0 0 0
0 0 0 0 0 0 0 0 0 0 0 0 0 0 0 0 0 0 0 0 0 0 0 0 0 0 0 0 0 0 0 0 0 0 0 0
0 0 0 0 0 0 0 0 0 0 0 0 0 0 0 0 0 0 0 0 0 0 0 0 0 0 0 0 0 0 0 0 0 0 0 0
##$SHL_EXPANDCF10= (0..143)
0 0 0 0 0 0 0 0 0 0 0 0 0 0 0 0 0 0 0 0 0 0 0 0 0 0 0 0 0 0 0 0 0 0 0 0
0 0 0 0 0 0 0 0 0 0 0 0 0 0 0 0 0 0 0 0 0 0 0 0 0 0 0 0 0 0 0 0 0 0 0 0
0 0 0 0 0 0 0 0 0 0 0 0 0 0 0 0 0 0 0 0 0 0 0 0 0 0 0 0 0 0 0 0 0 0 0 0
0 0 0 0 0 0 0 0 0 0 0 0 0 0 0 0 0 0 0 0 0 0 0 0 0 0 0 0 0 0 0 0 0 0 0 0
##$SHL_EXPANDCF11= (0..143)
0 0 0 0 0 0 0 0 0 0 0 0 0 0 0 0 0 0 0 0 0 0 0 0 0 0 0 0 0 0 0 0 0 0 0 0
0 0 0 0 0 0 0 0 0 0 0 0 0 0 0 0 0 0 0 0 0 0 0 0 0 0 0 0 0 0 0 0 0 0 0 0
0 0 0 0 0 0 0 0 0 0 0 0 0 0 0 0 0 0 0 0 0 0 0 0 0 0 0 0 0 0 0 0 0 0 0 0
0 0 0 0 0 0 0 0 0 0 0 0 0 0 0 0 0 0 0 0 0 0 0 0 0 0 0 0 0 0 0 0 0 0 0 0
##$SHL_EXPANDCF12= (0..143)
0 0 0 0 0 0 0 0 0 0 0 0 0 0 0 0 0 0 0 0 0 0 0 0 0 0 0 0 0 0 0 0 0 0 0 0
0 0 0 0 0 0 0 0 0 0 0 0 0 0 0 0 0 0 0 0 0 0 0 0 0 0 0 0 0 0 0 0 0 0 0 0
0 0 0 0 0 0 0 0 0 0 0 0 0 0 0 0 0 0 0 0 0 0 0 0 0 0 0 0 0 0 0 0 0 0 0 0
0 0 0 0 0 0 0 0 0 0 0 0 0 0 0 0 0 0 0 0 0 0 0 0 0 0 0 0 0 0 0 0 0 0 0 0
##$SHL_EXPANDCF13= (0..143)
0 0 0 0 0 0 0 0 0 0 0 0 0 0 0 0 0 0 0 0 0 0 0 0 0 0 0 0 0 0 0 0 0 0 0 0
0 0 0 0 0 0 0 0 0 0 0 0 0 0 0 0 0 0 0 0 0 0 0 0 0 0 0 0 0 0 0 0 0 0 0 0
0 0 0 0 0 0 0 0 0 0 0 0 0 0 0 0 0 0 0 0 0 0 0 0 0 0 0 0 0 0 0 0 0 0 0 0
0 0 0 0 0 0 0 0 0 0 0 0 0 0 0 0 0 0 0 0 0 0 0 0 0 0 0 0 0 0 0 0 0 0 0 0
##$SHL_EXPANDCF14= (0..143)
0 0 0 0 0 0 0 0 0 0 0 0 0 0 0 0 0 0 0 0 0 0 0 0 0 0 0 0 0 0 0 0 0 0 0 0
0 0 0 0 0 0 0 0 0 0 0 0 0 0 0 0 0 0 0 0 0 0 0 0 0 0 0 0 0 0 0 0 0 0 0 0
0 0 0 0 0 0 0 0 0 0 0 0 0 0 0 0 0 0 0 0 0 0 0 0 0 0 0 0 0 0 0 0 0 0 0 0
0 0 0 0 0 0 0 0 0 0 0 0 0 0 0 0 0 0 0 0 0 0 0 0 0 0 0 0 0 0 0 0 0 0 0 0
##$SHL_EXPANDCF15= (0..143)
0 0 0 0 0 0 0 0 0 0 0 0 0 0 0 0 0 0 0 0 0 0 0 0 0 0 0 0 0 0 0 0 0 0 0 0
0 0 0 0 0 0 0 0 0 0 0 0 0 0 0 0 0 0 0 0 0 0 0 0 0 0 0 0 0 0 0 0 0 0 0 0
0 0 0 0 0 0 0 0 0 0 0 0 0 0 0 0 0 0 0 0 0 0 0 0 0 0 0 0 0 0 0 0 0 0 0 0
0 0 0 0 0 0 0 0 0 0 0 0 0 0 0 0 0 0 0 0 0 0 0 0 0 0 0 0 0 0 0 0 0 0 0 0
##$SHL_EXPANDCF2= (0..143)
0 0 0 0 0 0 0 0 0 0 0 0 0 0 0 0 0 0 0 0 0 0 0 0 0 0 0 0 0 0 0 0 0 0 0 0
0 0 0 0 0 0 0 0 0 0 0 0 0 0 0 0 0 0 0 0 0 0 0 0 0 0 0 0 0 0 0 0 0 0 0 0
0 0 0 0 0 0 0 0 0 0 0 0 0 0 0 0 0 0 0 0 0 0 0 0 0 0 0 0 0 0 0 0 0 0 0 0
0 0 0 0 0 0 0 0 0 0 0 0 0 0 0 0 0 0 0 0 0 0 0 0 0 0 0 0 0 0 0 0 0 0 0 0
##$SHL_EXPANDCF3= (0..143)
0 0 0 0 0 0 0 0 0 0 0 0 0 0 0 0 0 0 0 0 0 0 0 0 0 0 0 0 0 0 0 0 0 0 0 0
0 0 0 0 0 0 0 0 0 0 0 0 0 0 0 0 0 0 0 0 0 0 0 0 0 0 0 0 0 0 0 0 0 0 0 0
0 0 0 0 0 0 0 0 0 0 0 0 0 0 0 0 0 0 0 0 0 0 0 0 0 0 0 0 0 0 0 0 0 0 0 0
0 0 0 0 0 0 0 0 0 0 0 0 0 0 0 0 0 0 0 0 0 0 0 0 0 0 0 0 0 0 0 0 0 0 0 0
##$SHL_EXPANDCF4= (0..143)
0 0 0 0 0 0 0 0 0 0 0 0 0 0 0 0 0 0 0 0 0 0 0 0 0 0 0 0 0 0 0 0 0 0 0 0
0 0 0 0 0 0 0 0 0 0 0 0 0 0 0 0 0 0 0 0 0 0 0 0 0 0 0 0 0 0 0 0 0 0 0 0
0 0 0 0 0 0 0 0 0 0 0 0 0 0 0 0 0 0 0 0 0 0 0 0 0 0 0 0 0 0 0 0 0 0 0 0
0 0 0 0 0 0 0 0 0 0 0 0 0 0 0 0 0 0 0 0 0 0 0 0 0 0 0 0 0 0 0 0 0 0 0 0
##$SHL_EXPANDCF5= (0..143)
0 0 0 0 0 0 0 0 0 0 0 0 0 0 0 0 0 0 0 0 0 0 0 0 0 0 0 0 0 0 0 0 0 0 0 0
0 0 0 0 0 0 0 0 0 0 0 0 0 0 0 0 0 0 0 0 0 0 0 0 0 0 0 0 0 0 0 0 0 0 0 0
0 0 0 0 0 0 0 0 0 0 0 0 0 0 0 0 0 0 0 0 0 0 0 0 0 0 0 0 0 0 0 0 0 0 0 0
0 0 0 0 0 0 0 0 0 0 0 0 0 0 0 0 0 0 0 0 0 0 0 0 0 0 0 0 0 0 0 0 0 0 0 0
##$SHL_EXPANDCF6= (0..143)
0 0 0 0 0 0 0 0 0 0 0 0 0 0 0 0 0 0 0 0 0 0 0 0 0 0 0 0 0 0 0 0 0 0 0 0
0 0 0 0 0 0 0 0 0 0 0 0 0 0 0 0 0 0 0 0 0 0 0 0 0 0 0 0 0 0 0 0 0 0 0 0
0 0 0 0 0 0 0 0 0 0 0 0 0 0 0 0 0 0 0 0 0 0 0 0 0 0 0 0 0 0 0 0 0 0 0 0
0 0 0 0 0 0 0 0 0 0 0 0 0 0 0 0 0 0 0 0 0 0 0 0 0 0 0 0 0 0 0 0 0 0 0 0
##$SHL_EXPANDCF7= (0..143)
0 0 0 0 0 0 0 0 0 0 0 0 0 0 0 0 0 0 0 0 0 0 0 0 0 0 0 0 0 0 0 0 0 0 0 0
0 0 0 0 0 0 0 0 0 0 0 0 0 0 0 0 0 0 0 0 0 0 0 0 0 0 0 0 0 0 0 0 0 0 0 0
0 0 0 0 0 0 0 0 0 0 0 0 0 0 0 0 0 0 0 0 0 0 0 0 0 0 0 0 0 0 0 0 0 0 0 0
0 0 0 0 0 0 0 0 0 0 0 0 0 0 0 0 0 0 0 0 0 0 0 0 0 0 0 0 0 0 0 0 0 0 0 0
##$SHL_EXPANDCF8= (0..143)
0 0 0 0 0 0 0 0 0 0 0 0 0 0 0 0 0 0 0 0 0 0 0 0 0 0 0 0 0 0 0 0 0 0 0 0
0 0 0 0 0 0 0 0 0 0 0 0 0 0 0 0 0 0 0 0 0 0 0 0 0 0 0 0 0 0 0 0 0 0 0 0
0 0 0 0 0 0 0 0 0 0 0 0 0 0 0 0 0 0 0 0 0 0 0 0 0 0 0 0 0 0 0 0 0 0 0 0
0 0 0 0 0 0 0 0 0 0 0 0 0 0 0 0 0 0 0 0 0 0 0 0 0 0 0 0 0 0 0 0 0 0 0 0
##$SHL_EXPANDCF9= (0..143)
0 0 0 0 0 0 0 0 0 0 0 0 0 0 0 0 0 0 0 0 0 0 0 0 0 0 0 0 0 0 0 0 0 0 0 0
0 0 0 0 0 0 0 0 0 0 0 0 0 0 0 0 0 0 0 0 0 0 0 0 0 0 0 0 0 0 0 0 0 0 0 0
0 0 0 0 0 0 0 0 0 0 0 0 0 0 0 0 0 0 0 0 0 0 0 0 0 0 0 0 0 0 0 0 0 0 0 0
0 0 0 0 0 0 0 0 0 0 0 0 0 0 0 0 0 0 0 0 0 0 0 0 0 0 0 0 0 0 0 0 0 0 0 0
##$SHL_EXPFAC= (0..15)
0 0 0 0 0 0 0 0 0 0 0 0 0 0 0 0
##$SHL_FRACEND= (0..15)
0 0 0 0 0 0 0 0 0 0 0 0 0 0 0 0
##$SHL_FRACORG= (0..15)
0 0 0 0 0 0 0 0 0 0 0 0 0 0 0 0
##$SHL_FRACSTART= (0..15)
0 0 0 0 0 0 0 0 0 0 0 0 0 0 0 0
##$SHL_FULLHALF= (0..15)
0 0 0 0 0 0 0 0 0 0 0 0 0 0 0 0
##$SHL_FUNCAMP= (0..15)
100 0 0 0 0 0 0 0 0 0 0 0 0 0 0 0
##$SHL_FUNCTION= (0..15)
<Rectangle> <> <> <> <> <> <> <> <> <> <> <> <> <> <> <>
##$SHL_GCO= (0..15)
<> <> <> <> <> <> <> <> <> <> <> <> <> <> <> <>
##$SHL_GCOCOEFFS0= (0..59)
0 0 0 0 0 0 0 0 0 0 0 0 0 0 0 0 0 0 0 0 0 0 0 0 0 0 0 0 0 0 0 0 0 0 0 0
0 0 0 0 0 0 0 0 0 0 0 0 0 0 0 0 0 0 0 0 0 0 0 0
##$SHL_GCOCOEFFS1= (0..59)
0 0 0 0 0 0 0 0 0 0 0 0 0 0 0 0 0 0 0 0 0 0 0 0 0 0 0 0 0 0 0 0 0 0 0 0
0 0 0 0 0 0 0 0 0 0 0 0 0 0 0 0 0 0 0 0 0 0 0 0
##$SHL_GCOCOEFFS10= (0..59)
0 0 0 0 0 0 0 0 0 0 0 0 0 0 0 0 0 0 0 0 0 0 0 0 0 0 0 0 0 0 0 0 0 0 0 0
0 0 0 0 0 0 0 0 0 0 0 0 0 0 0 0 0 0 0 0 0 0 0 0
##$SHL_GCOCOEFFS11= (0..59)
0 0 0 0 0 0 0 0 0 0 0 0 0 0 0 0 0 0 0 0 0 0 0 0 0 0 0 0 0 0 0 0 0 0 0 0
0 0 0 0 0 0 0 0 0 0 0 0 0 0 0 0 0 0 0 0 0 0 0 0
##$SHL_GCOCOEFFS12= (0..59)
0 0 0 0 0 0 0 0 0 0 0 0 0 0 0 0 0 0 0 0 0 0 0 0 0 0 0 0 0 0 0 0 0 0 0 0
0 0 0 0 0 0 0 0 0 0 0 0 0 0 0 0 0 0 0 0 0 0 0 0
##$SHL_GCOCOEFFS13= (0..59)
0 0 0 0 0 0 0 0 0 0 0 0 0 0 0 0 0 0 0 0 0 0 0 0 0 0 0 0 0 0 0 0 0 0 0 0
0 0 0 0 0 0 0 0 0 0 0 0 0 0 0 0 0 0 0 0 0 0 0 0
##$SHL_GCOCOEFFS14= (0..59)
0 0 0 0 0 0 0 0 0 0 0 0 0 0 0 0 0 0 0 0 0 0 0 0 0 0 0 0 0 0 0 0 0 0 0 0
0 0 0 0 0 0 0 0 0 0 0 0 0 0 0 0 0 0 0 0 0 0 0 0
##$SHL_GCOCOEFFS15= (0..59)
0 0 0 0 0 0 0 0 0 0 0 0 0 0 0 0 0 0 0 0 0 0 0 0 0 0 0 0 0 0 0 0 0 0 0 0
0 0 0 0 0 0 0 0 0 0 0 0 0 0 0 0 0 0 0 0 0 0 0 0
##$SHL_GCOCOEFFS2= (0..59)
0 0 0 0 0 0 0 0 0 0 0 0 0 0 0 0 0 0 0 0 0 0 0 0 0 0 0 0 0 0 0 0 0 0 0 0
0 0 0 0 0 0 0 0 0 0 0 0 0 0 0 0 0 0 0 0 0 0 0 0
##$SHL_GCOCOEFFS3= (0..59)
0 0 0 0 0 0 0 0 0 0 0 0 0 0 0 0 0 0 0 0 0 0 0 0 0 0 0 0 0 0 0 0 0 0 0 0
0 0 0 0 0 0 0 0 0 0 0 0 0 0 0 0 0 0 0 0 0 0 0 0
##$SHL_GCOCOEFFS4= (0..59)
0 0 0 0 0 0 0 0 0 0 0 0 0 0 0 0 0 0 0 0 0 0 0 0 0 0 0 0 0 0 0 0 0 0 0 0
0 0 0 0 0 0 0 0 0 0 0 0 0 0 0 0 0 0 0 0 0 0 0 0
##$SHL_GCOCOEFFS5= (0..59)
0 0 0 0 0 0 0 0 0 0 0 0 0 0 0 0 0 0 0 0 0 0 0 0 0 0 0 0 0 0 0 0 0 0 0 0
0 0 0 0 0 0 0 0 0 0 0 0 0 0 0 0 0 0 0 0 0 0 0 0
##$SHL_GCOCOEFFS6= (0..59)
0 0 0 0 0 0 0 0 0 0 0 0 0 0 0 0 0 0 0 0 0 0 0 0 0 0 0 0 0 0 0 0 0 0 0 0
0 0 0 0 0 0 0 0 0 0 0 0 0 0 0 0 0 0 0 0 0 0 0 0
##$SHL_GCOCOEFFS7= (0..59)
0 0 0 0 0 0 0 0 0 0 0 0 0 0 0 0 0 0 0 0 0 0 0 0 0 0 0 0 0 0 0 0 0 0 0 0
0 0 0 0 0 0 0 0 0 0 0 0 0 0 0 0 0 0 0 0 0 0 0 0
##$SHL_GCOCOEFFS8= (0..59)
0 0 0 0 0 0 0 0 0 0 0 0 0 0 0 0 0 0 0 0 0 0 0 0 0 0 0 0 0 0 0 0 0 0 0 0
0 0 0 0 0 0 0 0 0 0 0 0 0 0 0 0 0 0 0 0 0 0 0 0
##$SHL_GCOCOEFFS9= (0..59)
0 0 0 0 0 0 0 0 0 0 0 0 0 0 0 0 0 0 0 0 0 0 0 0 0 0 0 0 0 0 0 0 0 0 0 0
0 0 0 0 0 0 0 0 0 0 0 0 0 0 0 0 0 0 0 0 0 0 0 0
##$SHL_INTEGFAC= (0..15)
1 0 0 0 0 0 0 0 0 0 0 0 0 0 0 0
##$SHL_LB= (0..15)
0 0 0 0 0 0 0 0 0 0 0 0 0 0 0 0
##$SHL_LEFTLIMIT= (0..15)
0 0 0 0 0 0 0 0 0 0 0 0 0 0 0 0
##$SHL_LENGTH= (0..15)
25000.000373 0 0 0 0 0 0 0 0 0 0 0 0 0 0 0
##$SHL_MAN= (0..15)
<> <> <> <> <> <> <> <> <> <> <> <> <> <> <> <>
##$SHL_MEANAMP= (0..15)
0 0 0 0 0 0 0 0 0 0 0 0 0 0 0 0
##$SHL_MODAMP= (0..15)
0 0 0 0 0 0 0 0 0 0 0 0 0 0 0 0
##$SHL_MODE= (0..15)
0 0 0 0 0 0 0 0 0 0 0 0 0 0 0 0
##$SHL_MODFREQ= (0..15)
0 0 0 0 0 0 0 0 0 0 0 0 0 0 0 0
##$SHL_MODPHASE= (0..15)
0 0 0 0 0 0 0 0 0 0 0 0 0 0 0 0
##$SHL_MODSCALE= (0..15)
0 0 0 0 0 0 0 0 0 0 0 0 0 0 0 0
##$SHL_MODSW= (0..15)
0 0 0 0 0 0 0 0 0 0 0 0 0 0 0 0
##$SHL_MODSWDIR= (0..15)
-1 -1 -1 -1 -1 -1 -1 -1 -1 -1 -1 -1 -1 -1 -1 -1
##$SHL_MU= (0..15)
0 0 0 0 0 0 0 0 0 0 0 0 0 0 0 0
##$SHL_NPOINTS= (0..15)
1250 0 0 0 0 0 0 0 0 0 0 0 0 0 0 0
##$SHL_OFFS= (0..15)
<> <> <> <> <> <> <> <> <> <> <> <> <> <> <> <>
##$SHL_OFFSCOEFF0= (0..95)
0 0 0 0 0 0 0 0 0 0 0 0 0 0 0 0 0 0 0 0 0 0 0 0 0 0 0 0 0 0 0 0 0 0 0 0
0 0 0 0 0 0 0 0 0 0 0 0 0 0 0 0 0 0 0 0 0 0 0 0 0 0 0 0 0 0 0 0 0 0 0 0
0 0 0 0 0 0 0 0 0 0 0 0 0 0 0 0 0 0 0 0 0 0 0 0
##$SHL_OFFSCOEFF1= (0..95)
0 0 0 0 0 0 0 0 0 0 0 0 0 0 0 0 0 0 0 0 0 0 0 0 0 0 0 0 0 0 0 0 0 0 0 0
0 0 0 0 0 0 0 0 0 0 0 0 0 0 0 0 0 0 0 0 0 0 0 0 0 0 0 0 0 0 0 0 0 0 0 0
0 0 0 0 0 0 0 0 0 0 0 0 0 0 0 0 0 0 0 0 0 0 0 0
##$SHL_OFFSCOEFF10= (0..95)
0 0 0 0 0 0 0 0 0 0 0 0 0 0 0 0 0 0 0 0 0 0 0 0 0 0 0 0 0 0 0 0 0 0 0 0
0 0 0 0 0 0 0 0 0 0 0 0 0 0 0 0 0 0 0 0 0 0 0 0 0 0 0 0 0 0 0 0 0 0 0 0
0 0 0 0 0 0 0 0 0 0 0 0 0 0 0 0 0 0 0 0 0 0 0 0
##$SHL_OFFSCOEFF11= (0..95)
0 0 0 0 0 0 0 0 0 0 0 0 0 0 0 0 0 0 0 0 0 0 0 0 0 0 0 0 0 0 0 0 0 0 0 0
0 0 0 0 0 0 0 0 0 0 0 0 0 0 0 0 0 0 0 0 0 0 0 0 0 0 0 0 0 0 0 0 0 0 0 0
0 0 0 0 0 0 0 0 0 0 0 0 0 0 0 0 0 0 0 0 0 0 0 0
##$SHL_OFFSCOEFF12= (0..95)
0 0 0 0 0 0 0 0 0 0 0 0 0 0 0 0 0 0 0 0 0 0 0 0 0 0 0 0 0 0 0 0 0 0 0 0
0 0 0 0 0 0 0 0 0 0 0 0 0 0 0 0 0 0 0 0 0 0 0 0 0 0 0 0 0 0 0 0 0 0 0 0
0 0 0 0 0 0 0 0 0 0 0 0 0 0 0 0 0 0 0 0 0 0 0 0
##$SHL_OFFSCOEFF13= (0..95)
0 0 0 0 0 0 0 0 0 0 0 0 0 0 0 0 0 0 0 0 0 0 0 0 0 0 0 0 0 0 0 0 0 0 0 0
0 0 0 0 0 0 0 0 0 0 0 0 0 0 0 0 0 0 0 0 0 0 0 0 0 0 0 0 0 0 0 0 0 0 0 0
0 0 0 0 0 0 0 0 0 0 0 0 0 0 0 0 0 0 0 0 0 0 0 0
##$SHL_OFFSCOEFF14= (0..95)
0 0 0 0 0 0 0 0 0 0 0 0 0 0 0 0 0 0 0 0 0 0 0 0 0 0 0 0 0 0 0 0 0 0 0 0
0 0 0 0 0 0 0 0 0 0 0 0 0 0 0 0 0 0 0 0 0 0 0 0 0 0 0 0 0 0 0 0 0 0 0 0
0 0 0 0 0 0 0 0 0 0 0 0 0 0 0 0 0 0 0 0 0 0 0 0
##$SHL_OFFSCOEFF15= (0..95)
0 0 0 0 0 0 0 0 0 0 0 0 0 0 0 0 0 0 0 0 0 0 0 0 0 0 0 0 0 0 0 0 0 0 0 0
0 0 0 0 0 0 0 0 0 0 0 0 0 0 0 0 0 0 0 0 0 0 0 0 0 0 0 0 0 0 0 0 0 0 0 0
0 0 0 0 0 0 0 0 0 0 0 0 0 0 0 0 0 0 0 0 0 0 0 0
##$SHL_OFFSCOEFF2= (0..95)
0 0 0 0 0 0 0 0 0 0 0 0 0 0 0 0 0 0 0 0 0 0 0 0 0 0 0 0 0 0 0 0 0 0 0 0
0 0 0 0 0 0 0 0 0 0 0 0 0 0 0 0 0 0 0 0 0 0 0 0 0 0 0 0 0 0 0 0 0 0 0 0
0 0 0 0 0 0 0 0 0 0 0 0 0 0 0 0 0 0 0 0 0 0 0 0
##$SHL_OFFSCOEFF3= (0..95)
0 0 0 0 0 0 0 0 0 0 0 0 0 0 0 0 0 0 0 0 0 0 0 0 0 0 0 0 0 0 0 0 0 0 0 0
0 0 0 0 0 0 0 0 0 0 0 0 0 0 0 0 0 0 0 0 0 0 0 0 0 0 0 0 0 0 0 0 0 0 0 0
0 0 0 0 0 0 0 0 0 0 0 0 0 0 0 0 0 0 0 0 0 0 0 0
##$SHL_OFFSCOEFF4= (0..95)
0 0 0 0 0 0 0 0 0 0 0 0 0 0 0 0 0 0 0 0 0 0 0 0 0 0 0 0 0 0 0 0 0 0 0 0
0 0 0 0 0 0 0 0 0 0 0 0 0 0 0 0 0 0 0 0 0 0 0 0 0 0 0 0 0 0 0 0 0 0 0 0
0 0 0 0 0 0 0 0 0 0 0 0 0 0 0 0 0 0 0 0 0 0 0 0
##$SHL_OFFSCOEFF5= (0..95)
0 0 0 0 0 0 0 0 0 0 0 0 0 0 0 0 0 0 0 0 0 0 0 0 0 0 0 0 0 0 0 0 0 0 0 0
0 0 0 0 0 0 0 0 0 0 0 0 0 0 0 0 0 0 0 0 0 0 0 0 0 0 0 0 0 0 0 0 0 0 0 0
0 0 0 0 0 0 0 0 0 0 0 0 0 0 0 0 0 0 0 0 0 0 0 0
##$SHL_OFFSCOEFF6= (0..95)
0 0 0 0 0 0 0 0 0 0 0 0 0 0 0 0 0 0 0 0 0 0 0 0 0 0 0 0 0 0 0 0 0 0 0 0
0 0 0 0 0 0 0 0 0 0 0 0 0 0 0 0 0 0 0 0 0 0 0 0 0 0 0 0 0 0 0 0 0 0 0 0
0 0 0 0 0 0 0 0 0 0 0 0 0 0 0 0 0 0 0 0 0 0 0 0
##$SHL_OFFSCOEFF7= (0..95)
0 0 0 0 0 0 0 0 0 0 0 0 0 0 0 0 0 0 0 0 0 0 0 0 0 0 0 0 0 0 0 0 0 0 0 0
0 0 0 0 0 0 0 0 0 0 0 0 0 0 0 0 0 0 0 0 0 0 0 0 0 0 0 0 0 0 0 0 0 0 0 0
0 0 0 0 0 0 0 0 0 0 0 0 0 0 0 0 0 0 0 0 0 0 0 0
##$SHL_OFFSCOEFF8= (0..95)
0 0 0 0 0 0 0 0 0 0 0 0 0 0 0 0 0 0 0 0 0 0 0 0 0 0 0 0 0 0 0 0 0 0 0 0
0 0 0 0 0 0 0 0 0 0 0 0 0 0 0 0 0 0 0 0 0 0 0 0 0 0 0 0 0 0 0 0 0 0 0 0
0 0 0 0 0 0 0 0 0 0 0 0 0 0 0 0 0 0 0 0 0 0 0 0
##$SHL_OFFSCOEFF9= (0..95)
0 0 0 0 0 0 0 0 0 0 0 0 0 0 0 0 0 0 0 0 0 0 0 0 0 0 0 0 0 0 0 0 0 0 0 0
0 0 0 0 0 0 0 0 0 0 0 0 0 0 0 0 0 0 0 0 0 0 0 0 0 0 0 0 0 0 0 0 0 0 0 0
0 0 0 0 0 0 0 0 0 0 0 0 0 0 0 0 0 0 0 0 0 0 0 0
##$SHL_PHASE= (0..15)
0 0 0 0 0 0 0 0 0 0 0 0 0 0 0 0
##$SHL_PHASEFAC= (0..15)
0 0 0 0 0 0 0 0 0 0 0 0 0 0 0 0
##$SHL_POWERINDEX= (0..15)
0 0 0 0 0 0 0 0 0 0 0 0 0 0 0 0
##$SHL_QUADCOEFF= (0..15)
0 0 0 0 0 0 0 0 0 0 0 0 0 0 0 0
##$SHL_RIGHTLIMIT= (0..15)
0 0 0 0 0 0 0 0 0 0 0 0 0 0 0 0
##$SHL_SCALEFACTOR= (0..15)
1 1 1 1 1 1 1 1 1 1 1 1 1 1 1 1
##$SHL_SF= (0..15)
<> <> <> <> <> <> <> <> <> <> <> <> <> <> <> <>
##$SHL_SFCOEFFS0= (0..200)
0 0 0 0 0 0 0 0 0 0 0 0 0 0 0 0 0 0 0 0 0 0 0 0 0 0 0 0 0 0 0 0 0 0 0 0
0 0 0 0 0 0 0 0 0 0 0 0 0 0 0 0 0 0 0 0 0 0 0 0 0 0 0 0 0 0 0 0 0 0 0 0
0 0 0 0 0 0 0 0 0 0 0 0 0 0 0 0 0 0 0 0 0 0 0 0 0 0 0 0 0 0 0 0 0 0 0 0
0 0 0 0 0 0 0 0 0 0 0 0 0 0 0 0 0 0 0 0 0 0 0 0 0 0 0 0 0 0 0 0 0 0 0 0
0 0 0 0 0 0 0 0 0 0 0 0 0 0 0 0 0 0 0 0 0 0 0 0 0 0 0 0 0 0 0 0 0 0 0 0
0 0 0 0 0 0 0 0 0 0 0 0 0 0 0 0 0 0 0 0 0
##$SHL_SFCOEFFS1= (0..200)
0 0 0 0 0 0 0 0 0 0 0 0 0 0 0 0 0 0 0 0 0 0 0 0 0 0 0 0 0 0 0 0 0 0 0 0
0 0 0 0 0 0 0 0 0 0 0 0 0 0 0 0 0 0 0 0 0 0 0 0 0 0 0 0 0 0 0 0 0 0 0 0
0 0 0 0 0 0 0 0 0 0 0 0 0 0 0 0 0 0 0 0 0 0 0 0 0 0 0 0 0 0 0 0 0 0 0 0
0 0 0 0 0 0 0 0 0 0 0 0 0 0 0 0 0 0 0 0 0 0 0 0 0 0 0 0 0 0 0 0 0 0 0 0
0 0 0 0 0 0 0 0 0 0 0 0 0 0 0 0 0 0 0 0 0 0 0 0 0 0 0 0 0 0 0 0 0 0 0 0
0 0 0 0 0 0 0 0 0 0 0 0 0 0 0 0 0 0 0 0 0
##$SHL_SFCOEFFS10= (0..200)
0 0 0 0 0 0 0 0 0 0 0 0 0 0 0 0 0 0 0 0 0 0 0 0 0 0 0 0 0 0 0 0 0 0 0 0
0 0 0 0 0 0 0 0 0 0 0 0 0 0 0 0 0 0 0 0 0 0 0 0 0 0 0 0 0 0 0 0 0 0 0 0
0 0 0 0 0 0 0 0 0 0 0 0 0 0 0 0 0 0 0 0 0 0 0 0 0 0 0 0 0 0 0 0 0 0 0 0
0 0 0 0 0 0 0 0 0 0 0 0 0 0 0 0 0 0 0 0 0 0 0 0 0 0 0 0 0 0 0 0 0 0 0 0
0 0 0 0 0 0 0 0 0 0 0 0 0 0 0 0 0 0 0 0 0 0 0 0 0 0 0 0 0 0 0 0 0 0 0 0
0 0 0 0 0 0 0 0 0 0 0 0 0 0 0 0 0 0 0 0 0
##$SHL_SFCOEFFS11= (0..200)
0 0 0 0 0 0 0 0 0 0 0 0 0 0 0 0 0 0 0 0 0 0 0 0 0 0 0 0 0 0 0 0 0 0 0 0
0 0 0 0 0 0 0 0 0 0 0 0 0 0 0 0 0 0 0 0 0 0 0 0 0 0 0 0 0 0 0 0 0 0 0 0
0 0 0 0 0 0 0 0 0 0 0 0 0 0 0 0 0 0 0 0 0 0 0 0 0 0 0 0 0 0 0 0 0 0 0 0
0 0 0 0 0 0 0 0 0 0 0 0 0 0 0 0 0 0 0 0 0 0 0 0 0 0 0 0 0 0 0 0 0 0 0 0
0 0 0 0 0 0 0 0 0 0 0 0 0 0 0 0 0 0 0 0 0 0 0 0 0 0 0 0 0 0 0 0 0 0 0 0
0 0 0 0 0 0 0 0 0 0 0 0 0 0 0 0 0 0 0 0 0
##$SHL_SFCOEFFS12= (0..200)
0 0 0 0 0 0 0 0 0 0 0 0 0 0 0 0 0 0 0 0 0 0 0 0 0 0 0 0 0 0 0 0 0 0 0 0
0 0 0 0 0 0 0 0 0 0 0 0 0 0 0 0 0 0 0 0 0 0 0 0 0 0 0 0 0 0 0 0 0 0 0 0
0 0 0 0 0 0 0 0 0 0 0 0 0 0 0 0 0 0 0 0 0 0 0 0 0 0 0 0 0 0 0 0 0 0 0 0
0 0 0 0 0 0 0 0 0 0 0 0 0 0 0 0 0 0 0 0 0 0 0 0 0 0 0 0 0 0 0 0 0 0 0 0
0 0 0 0 0 0 0 0 0 0 0 0 0 0 0 0 0 0 0 0 0 0 0 0 0 0 0 0 0 0 0 0 0 0 0 0
0 0 0 0 0 0 0 0 0 0 0 0 0 0 0 0 0 0 0 0 0
##$SHL_SFCOEFFS13= (0..200)
0 0 0 0 0 0 0 0 0 0 0 0 0 0 0 0 0 0 0 0 0 0 0 0 0 0 0 0 0 0 0 0 0 0 0 0
0 0 0 0 0 0 0 0 0 0 0 0 0 0 0 0 0 0 0 0 0 0 0 0 0 0 0 0 0 0 0 0 0 0 0 0
0 0 0 0 0 0 0 0 0 0 0 0 0 0 0 0 0 0 0 0 0 0 0 0 0 0 0 0 0 0 0 0 0 0 0 0
0 0 0 0 0 0 0 0 0 0 0 0 0 0 0 0 0 0 0 0 0 0 0 0 0 0 0 0 0 0 0 0 0 0 0 0
0 0 0 0 0 0 0 0 0 0 0 0 0 0 0 0 0 0 0 0 0 0 0 0 0 0 0 0 0 0 0 0 0 0 0 0
0 0 0 0 0 0 0 0 0 0 0 0 0 0 0 0 0 0 0 0 0
##$SHL_SFCOEFFS14= (0..200)
0 0 0 0 0 0 0 0 0 0 0 0 0 0 0 0 0 0 0 0 0 0 0 0 0 0 0 0 0 0 0 0 0 0 0 0
0 0 0 0 0 0 0 0 0 0 0 0 0 0 0 0 0 0 0 0 0 0 0 0 0 0 0 0 0 0 0 0 0 0 0 0
0 0 0 0 0 0 0 0 0 0 0 0 0 0 0 0 0 0 0 0 0 0 0 0 0 0 0 0 0 0 0 0 0 0 0 0
0 0 0 0 0 0 0 0 0 0 0 0 0 0 0 0 0 0 0 0 0 0 0 0 0 0 0 0 0 0 0 0 0 0 0 0
0 0 0 0 0 0 0 0 0 0 0 0 0 0 0 0 0 0 0 0 0 0 0 0 0 0 0 0 0 0 0 0 0 0 0 0
0 0 0 0 0 0 0 0 0 0 0 0 0 0 0 0 0 0 0 0 0
##$SHL_SFCOEFFS15= (0..200)
0 0 0 0 0 0 0 0 0 0 0 0 0 0 0 0 0 0 0 0 0 0 0 0 0 0 0 0 0 0 0 0 0 0 0 0
0 0 0 0 0 0 0 0 0 0 0 0 0 0 0 0 0 0 0 0 0 0 0 0 0 0 0 0 0 0 0 0 0 0 0 0
0 0 0 0 0 0 0 0 0 0 0 0 0 0 0 0 0 0 0 0 0 0 0 0 0 0 0 0 0 0 0 0 0 0 0 0
0 0 0 0 0 0 0 0 0 0 0 0 0 0 0 0 0 0 0 0 0 0 0 0 0 0 0 0 0 0 0 0 0 0 0 0
0 0 0 0 0 0 0 0 0 0 0 0 0 0 0 0 0 0 0 0 0 0 0 0 0 0 0 0 0 0 0 0 0 0 0 0
0 0 0 0 0 0 0 0 0 0 0 0 0 0 0 0 0 0 0 0 0
##$SHL_SFCOEFFS2= (0..200)
0 0 0 0 0 0 0 0 0 0 0 0 0 0 0 0 0 0 0 0 0 0 0 0 0 0 0 0 0 0 0 0 0 0 0 0
0 0 0 0 0 0 0 0 0 0 0 0 0 0 0 0 0 0 0 0 0 0 0 0 0 0 0 0 0 0 0 0 0 0 0 0
0 0 0 0 0 0 0 0 0 0 0 0 0 0 0 0 0 0 0 0 0 0 0 0 0 0 0 0 0 0 0 0 0 0 0 0
0 0 0 0 0 0 0 0 0 0 0 0 0 0 0 0 0 0 0 0 0 0 0 0 0 0 0 0 0 0 0 0 0 0 0 0
0 0 0 0 0 0 0 0 0 0 0 0 0 0 0 0 0 0 0 0 0 0 0 0 0 0 0 0 0 0 0 0 0 0 0 0
0 0 0 0 0 0 0 0 0 0 0 0 0 0 0 0 0 0 0 0 0
##$SHL_SFCOEFFS3= (0..200)
0 0 0 0 0 0 0 0 0 0 0 0 0 0 0 0 0 0 0 0 0 0 0 0 0 0 0 0 0 0 0 0 0 0 0 0
0 0 0 0 0 0 0 0 0 0 0 0 0 0 0 0 0 0 0 0 0 0 0 0 0 0 0 0 0 0 0 0 0 0 0 0
0 0 0 0 0 0 0 0 0 0 0 0 0 0 0 0 0 0 0 0 0 0 0 0 0 0 0 0 0 0 0 0 0 0 0 0
0 0 0 0 0 0 0 0 0 0 0 0 0 0 0 0 0 0 0 0 0 0 0 0 0 0 0 0 0 0 0 0 0 0 0 0
0 0 0 0 0 0 0 0 0 0 0 0 0 0 0 0 0 0 0 0 0 0 0 0 0 0 0 0 0 0 0 0 0 0 0 0
0 0 0 0 0 0 0 0 0 0 0 0 0 0 0 0 0 0 0 0 0
##$SHL_SFCOEFFS4= (0..200)
0 0 0 0 0 0 0 0 0 0 0 0 0 0 0 0 0 0 0 0 0 0 0 0 0 0 0 0 0 0 0 0 0 0 0 0
0 0 0 0 0 0 0 0 0 0 0 0 0 0 0 0 0 0 0 0 0 0 0 0 0 0 0 0 0 0 0 0 0 0 0 0
0 0 0 0 0 0 0 0 0 0 0 0 0 0 0 0 0 0 0 0 0 0 0 0 0 0 0 0 0 0 0 0 0 0 0 0
0 0 0 0 0 0 0 0 0 0 0 0 0 0 0 0 0 0 0 0 0 0 0 0 0 0 0 0 0 0 0 0 0 0 0 0
0 0 0 0 0 0 0 0 0 0 0 0 0 0 0 0 0 0 0 0 0 0 0 0 0 0 0 0 0 0 0 0 0 0 0 0
0 0 0 0 0 0 0 0 0 0 0 0 0 0 0 0 0 0 0 0 0
##$SHL_SFCOEFFS5= (0..200)
0 0 0 0 0 0 0 0 0 0 0 0 0 0 0 0 0 0 0 0 0 0 0 0 0 0 0 0 0 0 0 0 0 0 0 0
0 0 0 0 0 0 0 0 0 0 0 0 0 0 0 0 0 0 0 0 0 0 0 0 0 0 0 0 0 0 0 0 0 0 0 0
0 0 0 0 0 0 0 0 0 0 0 0 0 0 0 0 0 0 0 0 0 0 0 0 0 0 0 0 0 0 0 0 0 0 0 0
0 0 0 0 0 0 0 0 0 0 0 0 0 0 0 0 0 0 0 0 0 0 0 0 0 0 0 0 0 0 0 0 0 0 0 0
0 0 0 0 0 0 0 0 0 0 0 0 0 0 0 0 0 0 0 0 0 0 0 0 0 0 0 0 0 0 0 0 0 0 0 0
0 0 0 0 0 0 0 0 0 0 0 0 0 0 0 0 0 0 0 0 0
##$SHL_SFCOEFFS6= (0..200)
0 0 0 0 0 0 0 0 0 0 0 0 0 0 0 0 0 0 0 0 0 0 0 0 0 0 0 0 0 0 0 0 0 0 0 0
0 0 0 0 0 0 0 0 0 0 0 0 0 0 0 0 0 0 0 0 0 0 0 0 0 0 0 0 0 0 0 0 0 0 0 0
0 0 0 0 0 0 0 0 0 0 0 0 0 0 0 0 0 0 0 0 0 0 0 0 0 0 0 0 0 0 0 0 0 0 0 0
0 0 0 0 0 0 0 0 0 0 0 0 0 0 0 0 0 0 0 0 0 0 0 0 0 0 0 0 0 0 0 0 0 0 0 0
0 0 0 0 0 0 0 0 0 0 0 0 0 0 0 0 0 0 0 0 0 0 0 0 0 0 0 0 0 0 0 0 0 0 0 0
0 0 0 0 0 0 0 0 0 0 0 0 0 0 0 0 0 0 0 0 0
##$SHL_SFCOEFFS7= (0..200)
0 0 0 0 0 0 0 0 0 0 0 0 0 0 0 0 0 0 0 0 0 0 0 0 0 0 0 0 0 0 0 0 0 0 0 0
0 0 0 0 0 0 0 0 0 0 0 0 0 0 0 0 0 0 0 0 0 0 0 0 0 0 0 0 0 0 0 0 0 0 0 0
0 0 0 0 0 0 0 0 0 0 0 0 0 0 0 0 0 0 0 0 0 0 0 0 0 0 0 0 0 0 0 0 0 0 0 0
0 0 0 0 0 0 0 0 0 0 0 0 0 0 0 0 0 0 0 0 0 0 0 0 0 0 0 0 0 0 0 0 0 0 0 0
0 0 0 0 0 0 0 0 0 0 0 0 0 0 0 0 0 0 0 0 0 0 0 0 0 0 0 0 0 0 0 0 0 0 0 0
0 0 0 0 0 0 0 0 0 0 0 0 0 0 0 0 0 0 0 0 0
##$SHL_SFCOEFFS8= (0..200)
0 0 0 0 0 0 0 0 0 0 0 0 0 0 0 0 0 0 0 0 0 0 0 0 0 0 0 0 0 0 0 0 0 0 0 0
0 0 0 0 0 0 0 0 0 0 0 0 0 0 0 0 0 0 0 0 0 0 0 0 0 0 0 0 0 0 0 0 0 0 0 0
0 0 0 0 0 0 0 0 0 0 0 0 0 0 0 0 0 0 0 0 0 0 0 0 0 0 0 0 0 0 0 0 0 0 0 0
0 0 0 0 0 0 0 0 0 0 0 0 0 0 0 0 0 0 0 0 0 0 0 0 0 0 0 0 0 0 0 0 0 0 0 0
0 0 0 0 0 0 0 0 0 0 0 0 0 0 0 0 0 0 0 0 0 0 0 0 0 0 0 0 0 0 0 0 0 0 0 0
0 0 0 0 0 0 0 0 0 0 0 0 0 0 0 0 0 0 0 0 0
##$SHL_SFCOEFFS9= (0..200)
0 0 0 0 0 0 0 0 0 0 0 0 0 0 0 0 0 0 0 0 0 0 0 0 0 0 0 0 0 0 0 0 0 0 0 0
0 0 0 0 0 0 0 0 0 0 0 0 0 0 0 0 0 0 0 0 0 0 0 0 0 0 0 0 0 0 0 0 0 0 0 0
0 0 0 0 0 0 0 0 0 0 0 0 0 0 0 0 0 0 0 0 0 0 0 0 0 0 0 0 0 0 0 0 0 0 0 0
0 0 0 0 0 0 0 0 0 0 0 0 0 0 0 0 0 0 0 0 0 0 0 0 0 0 0 0 0 0 0 0 0 0 0 0
0 0 0 0 0 0 0 0 0 0 0 0 0 0 0 0 0 0 0 0 0 0 0 0 0 0 0 0 0 0 0 0 0 0 0 0
0 0 0 0 0 0 0 0 0 0 0 0 0 0 0 0 0 0 0 0 0
##$SHL_SMOOTHED= (0..15)
0 0 0 0 0 0 0 0 0 0 0 0 0 0 0 0
##$SHL_SMOOTHING= (0..15)
0 0 0 0 0 0 0 0 0 0 0 0 0 0 0 0
##$SHL_SPOAL= (0..15)
0 0 0 0 0 0 0 0 0 0 0 0 0 0 0 0
##$SHL_SPOFFS= (0..15)
0 0 0 0 0 0 0 0 0 0 0 0 0 0 0 0
##$SHL_SPOPH= (0..15)
0 0 0 0 0 0 0 0 0 0 0 0 0 0 0 0
##$SHL_STARTAMP= (0..15)
0 0 0 0 0 0 0 0 0 0 0 0 0 0 0 0
##$SHL_SW= (0..15)
0 0 0 0 0 0 0 0 0 0 0 0 0 0 0 0
##$SHL_SWDIR= (0..15)
-1 -1 -1 -1 -1 -1 -1 -1 -1 -1 -1 -1 -1 -1 -1 -1
##$SHL_TANKAPPA= (0..15)
0 0 0 0 0 0 0 0 0 0 0 0 0 0 0 0
##$SHL_TOTROT= (0..15)
90 0 0 0 0 0 0 0 0 0 0 0 0 0 0 0
##$SHL_TRUNCLEV= (0..15)
0 0 0 0 0 0 0 0 0 0 0 0 0 0 0 0
##$SHL_TYPE= (0..15)
<Excitation> <> <> <> <> <> <> <> <> <> <> <> <> <> <> <>
##$SHL_WINDOWSIZE= (0..15)
0 0 0 0 0 0 0 0 0 0 0 0 0 0 0 0
##$SHL_ZETA= (0..15)
0 0 0 0 0 0 0 0 0 0 0 0 0 0 0 0
##NPOINTS= 1250
##XYPOINTS= (XY..XY)
72.790629, 47.107402
72.329327, 48.766686
71.865167, 50.426055
71.398184, 52.085511
70.928411, 53.745055
70.455883, 55.404689
69.980635, 57.064416
69.502702, 58.724237
69.022118, 60.384154
68.538919, 62.044169
68.053140, 63.704285
67.564817, 65.364503
67.073986, 67.024827
66.580682, 68.685258
66.084942, 70.345799
65.586803, 72.006452
65.086300, 73.667221
64.583470, 75.328107
64.078351, 76.989115
63.570979, 78.650246
63.061392, 80.311504
62.549627, 81.972892
62.035721, 83.634414
61.519712, 85.296072
61.001638, 86.957870
60.481538, 88.619812
59.959448, 90.281902
59.435408, 91.944144
58.909455, 93.606541
58.381629, 95.269098
57.851969, 96.931820
57.320512, 98.594711
56.787298, 100.257775
56.252366, 101.921018
55.715756, 103.584445
55.177506, 105.248061
54.637657, 106.911872
54.096248, 108.575884
53.553318, 110.240102
53.008907, 111.904533
52.463056, 113.569184
51.915804, 115.234061
51.367192, 116.899172
50.817259, 118.564524
50.266047, 120.230124
49.713595, 121.895982
49.159945, 123.562105
48.605136, 125.228503
48.049210, 126.895184
47.492208, 128.562159
46.934169, 130.229437
46.375136, 131.897030
45.815150, 133.564949
45.254250, 135.233205
44.692480, 136.901810
44.129879, 138.570779
43.566490, 140.240123
43.002353, 141.909859
42.437511, 143.580000
41.872004, 145.250563
41.305874, 146.921564
40.739164, 148.593021
40.171913, 150.264952
39.604165, 151.937378
39.035961, 153.610319
38.467343, 155.283796
37.898353, 156.957834
37.329032, 158.632456
36.759423, 160.307688
36.189567, 161.983558
35.619506, 163.660096
35.049283, 165.337333
34.478939, 167.015301
33.908517, 168.694035
33.338059, 170.373574
32.767606, 172.053957
32.197201, 173.735227
31.626886, 175.417430
31.056704, 177.100614
30.486695, 178.784832
29.916904, 180.470139
29.347371, 182.156597
28.778139, 183.844270
28.209250, 185.533227
27.640747, 187.223544
27.072672, 188.915302
26.505066, 190.608589
25.937973, 192.303500
25.371435, 194.000138
24.805494, 195.698614
24.240192, 197.399052
23.675572, 199.101584
23.111677, 200.806355
22.548548, 202.513524
21.986229, 204.223266
21.424761, 205.935773
20.864189, 207.651256
20.304554, 209.369948
19.745899, 211.092108
19.188269, 212.818023
18.631704, 214.548012
18.076251, 216.282433
17.521951, 218.021685
16.968848, 219.766217
16.416988, 221.516537
15.866415, 223.273217
15.317174, 225.036910
14.769310, 226.808360
14.222871, 228.588419
13.677903, 230.378071
13.134454, 232.178454
12.592575, 233.990891
12.052316, 235.816936
11.513731, 237.658418
10.976875, 239.517509
10.441806, 241.396809
9.908586, 243.299453
9.377283, 245.229259
8.847971, 247.190922
8.320730, 249.190282
7.795655, 251.234691
7.272851, 253.333538
6.752448, 255.498998
6.234602, 257.747147
5.719512, 260.099639
5.207436, 262.586337
4.698727, 265.249557
4.193884, 268.151207
3.693652, 271.385367
3.199202, 275.101669
2.712504, 279.551620
2.237148, 285.187071
1.780349, 292.885077
1.358410, 304.477091
1.012319, 323.712567
0.837329, 354.553298
0.931182, 28.046756
1.231036, 50.619118
1.624434, 64.022687
2.056606, 72.642020
2.506070, 78.781153
2.963676, 83.529626
3.425030, 87.435332
3.887785, 90.796439
4.350580, 93.787011
4.812568, 96.514790
5.273191, 99.049762
5.732062, 101.439251
6.188902, 103.716348
6.643501, 105.904865
7.095696, 108.022357
7.545355, 110.082045
7.992372, 112.094069
8.436655, 114.066337
8.878125, 116.005102
9.316714, 117.915374
9.752359, 119.801215
10.185004, 121.665948
10.614598, 123.512324
11.041091, 125.342633
11.464438, 127.158803
11.884596, 128.962462
12.301525, 130.755002
12.715184, 132.537611
13.125537, 134.311317
13.532546, 136.077011
13.936176, 137.835466
14.336392, 139.587362
14.733161, 141.333294
15.126449, 143.073787
15.516225, 144.809309
15.902456, 146.540273
16.285112, 148.267047
16.664162, 149.989963
17.039576, 151.709316
17.411325, 153.425373
17.779379, 155.138375
18.143711, 156.848540
18.504292, 158.556064
18.861093, 160.261128
19.214089, 161.963894
19.563251, 163.664512
19.908553, 165.363118
20.249970, 167.059838
20.587474, 168.754786
20.921041, 170.448067
21.250645, 172.139780
21.576262, 173.830013
21.897867, 175.518850
22.215436, 177.206368
22.528945, 178.892637
22.838370, 180.577724
23.143689, 182.261690
23.444879, 183.944593
23.741916, 185.626485
24.034780, 187.307417
24.323448, 188.987434
24.607899, 190.666580
24.888111, 192.344896
25.164064, 194.022419
25.435738, 195.699186
25.703111, 197.375229
25.966165, 199.050581
26.224879, 200.725270
26.479235, 202.399326
26.729214, 204.072773
26.974797, 205.745636
27.215965, 207.417940
27.452703, 209.089705
27.684990, 210.760954
27.912812, 212.431704
28.136150, 214.101976
28.354988, 215.771786
28.569310, 217.441151
28.779100, 219.110088
28.984343, 220.778610
29.185023, 222.446733
29.381126, 224.114470
29.572637, 225.781833
29.759543, 227.448835
29.941828, 229.115487
30.119481, 230.781800
30.292487, 232.447786
30.460834, 234.113453
30.624510, 235.778811
30.783502, 237.443869
30.937799, 239.108636
31.087389, 240.773120
31.232262, 242.437329
31.372406, 244.101270
31.507812, 245.764950
31.638469, 247.428376
31.764368, 249.091554
31.885499, 250.754491
32.001854, 252.417193
32.113424, 254.079664
32.220200, 255.741910
32.322176, 257.403937
32.419343, 259.065748
32.511693, 260.727349
32.599222, 262.388744
32.681921, 264.049937
32.759785, 265.710933
32.832808, 267.371733
32.900985, 269.032343
32.964310, 270.692766
33.022779, 272.353004
33.076389, 274.013062
33.125133, 275.672941
33.169010, 277.332644
33.208016, 278.992174
33.242148, 280.651533
33.271403, 282.310724
33.295780, 283.969748
33.315276, 285.628608
33.329890, 287.287305
33.339621, 288.945841
33.344468, 290.604218
33.344431, 292.262437
33.339510, 293.920499
33.329705, 295.578405
33.315017, 297.236157
33.295447, 298.893755
33.270996, 300.551200
33.241666, 302.208493
33.207460, 303.865634
33.168379, 305.522624
33.124427, 307.179463
33.075607, 308.836151
33.021922, 310.492689
32.963376, 312.149076
32.899974, 313.805312
32.831721, 315.461397
32.758620, 317.117330
32.680678, 318.773111
32.597900, 320.428739
32.510293, 322.084213
32.417862, 323.739532
32.320615, 325.394696
32.218558, 327.049703
32.111700, 328.704551
32.000047, 330.359240
31.883609, 332.013766
31.762393, 333.668130
31.636409, 335.322327
31.505665, 336.976357
31.370172, 338.630218
31.229939, 340.283905
31.084977, 341.937418
30.935296, 343.590752
30.780907, 345.243905
30.621821, 346.896873
30.458051, 348.549653
30.289608, 350.202241
30.116504, 351.854633
29.938752, 353.506825
29.756366, 355.158812
29.569358, 356.810589
29.377743, 358.462152
29.181534, 0.113493
28.980746, 1.764609
28.775393, 3.415492
28.565491, 5.066137
28.351055, 6.716536
28.132100, 8.366681
27.908643, 10.016565
27.680701, 11.666180
27.448289, 13.315517
27.211426, 14.964567
26.970127, 16.613319
26.724412, 18.261763
26.474298, 19.909887
26.219804, 21.557681
25.960947, 23.205131
25.697748, 24.852224
25.430225, 26.498944
25.158399, 28.145278
24.882289, 29.791209
24.601915, 31.436718
24.317298, 33.081788
24.028459, 34.726399
23.735420, 36.370528
23.438201, 38.014154
23.136825, 39.657251
22.831314, 41.299794
22.521690, 42.941754
22.207976, 44.583100
21.890196, 46.223800
21.568372, 47.863819
21.242529, 49.503118
20.912690, 51.141656
20.578879, 52.779388
20.241122, 54.416265
19.899444, 56.052236
19.553869, 57.687242
19.204423, 59.321222
18.851132, 60.954107
18.494022, 62.585822
18.133120, 64.216286
17.768453, 65.845409
17.400046, 67.473091
17.027929, 69.099225
16.652128, 70.723689
16.272672, 72.346349
15.889589, 73.967058
15.502907, 75.585648
15.112656, 77.201934
14.718865, 78.815710
14.321564, 80.426739
13.920783, 82.034758
13.516552, 83.639468
13.108902, 85.240525
12.697865, 86.837540
12.283472, 88.430063
11.865755, 90.017577
11.444748, 91.599480
11.020483, 93.175070
10.592995, 94.743522
10.162320, 96.303860
9.728491, 97.854922
9.291547, 99.395311
8.851526, 100.923336
8.408468, 102.436927
7.962413, 103.933525
7.513408, 105.409927
7.061498, 106.862072
6.606738, 108.284732
6.149185, 109.671060
5.688905, 111.011916
5.225980, 112.294817
4.760505, 113.502262
4.292609, 114.608933
3.822465, 115.576811
3.350327, 116.346102
2.876597, 116.817184
2.401970, 116.811214
1.927803, 115.973435
1.457184, 113.494667
0.998963, 107.110365
0.589524, 88.431893
0.423797, 34.677791
0.708098, 352.801186
1.148959, 339.666619
1.625662, 334.907770
2.115741, 333.069001
2.612985, 332.541565
3.115041, 332.708064
3.620818, 333.284443
4.129732, 334.122557
4.641436, 335.137792
5.155700, 336.278380
5.672366, 337.510898
6.191313, 338.812817
6.712445, 340.168405
7.235682, 341.566344
7.760957, 342.998285
8.288207, 344.457937
8.817375, 345.940468
9.348410, 347.442108
9.881262, 348.959871
10.415882, 350.491360
10.952225, 352.034634
11.490246, 353.588096
12.029899, 355.150430
12.571142, 356.720533
13.113932, 358.297479
13.658225, 359.880484
14.203979, 1.468878
14.751154, 3.062086
15.299705, 4.659613
15.849592, 6.261029
16.400774, 7.865958
16.953208, 9.474073
17.506852, 11.085085
18.061666, 12.698739
18.617608, 14.314808
19.174636, 15.933092
19.732709, 17.553412
20.291786, 19.175607
20.851825, 20.799532
21.412784, 22.425059
21.974622, 24.052069
22.537297, 25.680458
23.100768, 27.310127
23.664993, 28.940991
24.229930, 30.572969
24.795539, 32.205988
25.361776, 33.839982
25.928601, 35.474890
26.495972, 37.110655
27.063846, 38.747225
27.632183, 40.384554
28.200939, 42.022598
28.770075, 43.661314
29.339547, 45.300667
29.909313, 46.940620
30.479333, 48.581142
31.049563, 50.222202
31.619963, 51.863773
32.190490, 53.505828
32.761102, 55.148342
33.331758, 56.791293
33.902415, 58.434660
34.473032, 60.078422
35.043566, 61.722560
35.613976, 63.367058
36.184221, 65.011898
36.754257, 66.657066
37.324044, 68.302546
37.893540, 69.948324
38.462702, 71.594388
39.031489, 73.240725
39.599860, 74.887324
40.167772, 76.534174
40.735184, 78.181264
41.302054, 79.828584
41.868341, 81.476127
42.434004, 83.123881
42.999000, 84.771840
43.563288, 86.419995
44.126827, 88.068339
44.689576, 89.716864
45.251493, 91.365564
45.812538, 93.014433
46.372668, 94.663463
46.931843, 96.312650
47.490023, 97.961987
48.047165, 99.611469
48.603229, 101.261092
49.158175, 102.910850
49.711962, 104.560739
50.264549, 106.210754
50.815895, 107.860890
51.365961, 109.511145
51.914705, 111.161513
52.462088, 112.811992
53.008070, 114.462578
53.552610, 116.113266
54.095669, 117.764055
54.637206, 119.414940
55.177183, 121.065919
55.715559, 122.716989
56.252295, 124.368147
56.787352, 126.019390
57.320691, 127.670716
57.852271, 129.322122
58.382056, 130.973607
58.910005, 132.625166
59.436080, 134.276799
59.960242, 135.928504
60.482453, 137.580277
61.002675, 139.232118
61.520869, 140.884024
62.036998, 142.535994
62.551024, 144.188025
63.062908, 145.840116
63.572615, 147.492266
64.080105, 149.144472
64.585342, 150.796733
65.088290, 152.449048
65.588910, 154.101415
66.087167, 155.753833
66.583024, 157.406301
67.076445, 159.058817
67.567392, 160.711379
68.055832, 162.363988
68.541727, 164.016641
69.025041, 165.669337
69.505741, 167.322075
69.983790, 168.974855
70.459153, 170.627675
70.931796, 172.280534
71.401683, 173.933431
71.868781, 175.586365
72.333055, 177.239336
72.794472, 178.892342
73.252996, 180.545382
73.708596, 182.198457
74.161237, 183.851564
74.610886, 185.504703
75.057510, 187.157873
75.501077, 188.811074
75.941553, 190.464304
76.378908, 192.117564
76.813108, 193.770852
77.244122, 195.424168
77.671918, 197.077511
78.096465, 198.730880
78.517732, 200.384275
78.935688, 202.037695
79.350302, 203.691140
79.761544, 205.344609
80.169384, 206.998102
80.573792, 208.651617
80.974738, 210.305155
81.372193, 211.958715
81.766128, 213.612296
82.156513, 215.265898
82.543321, 216.919520
82.926523, 218.573162
83.306091, 220.226824
83.681996, 221.880505
84.054212, 223.534205
84.422712, 225.187922
84.787467, 226.841658
85.148452, 228.495411
85.505640, 230.149181
85.859005, 231.802967
86.208521, 233.456770
86.554162, 235.110588
86.895903, 236.764422
87.233719, 238.418271
87.567586, 240.072135
87.897478, 241.726013
88.223371, 243.379906
88.545243, 245.033812
88.863068, 246.687732
89.176824, 248.341664
89.486488, 249.995610
89.792038, 251.649568
90.093450, 253.303539
90.390702, 254.957521
90.683774, 256.611515
90.972642, 258.265521
91.257287, 259.919538
91.537688, 261.573565
91.813823, 263.227603
92.085673, 264.881652
92.353217, 266.535710
92.616437, 268.189779
92.875312, 269.843857
93.129824, 271.497944
93.379954, 273.152041
93.625684, 274.806147
93.866996, 276.460261
94.103872, 278.114384
94.336294, 279.768514
94.564247, 281.422653
94.787712, 283.076800
95.006674, 284.730955
95.221117, 286.385116
95.431024, 288.039285
95.636381, 289.693461
95.837173, 291.347644
96.033384, 293.001833
96.225000, 294.656029
96.412008, 296.310231
96.594394, 297.964439
96.772144, 299.618653
96.945245, 301.272873
97.113684, 302.927098
97.277450, 304.581328
97.436530, 306.235563
97.590913, 307.889804
97.740586, 309.544049
97.885540, 311.198299
98.025764, 312.852553
98.161247, 314.506812
98.291979, 316.161074
98.417952, 317.815341
98.539155, 319.469612
98.655579, 321.123886
98.767217, 322.778163
98.874060, 324.432444
98.976100, 326.086728
99.073330, 327.741015
99.165742, 329.395305
99.253331, 331.049598
99.336088, 332.703893
99.414009, 334.358191
99.487088, 336.012490
99.555319, 337.666792
99.618697, 339.321096
99.677218, 340.975402
99.730877, 342.629709
99.779671, 344.284018
99.823595, 345.938328
99.862647, 347.592640
99.896824, 349.246952
99.926123, 350.901266
99.950542, 352.555580
99.970080, 354.209895
99.984734, 355.864210
99.994504, 357.518526
99.999389, 359.172842
99.999389, 0.827158
99.994504, 2.481474
99.984734, 4.135790
99.970080, 5.790105
99.950542, 7.444420
99.926123, 9.098734
99.896824, 10.753048
99.862647, 12.407360
99.823595, 14.061672
99.779671, 15.715982
99.730877, 17.370291
99.677218, 19.024598
99.618697, 20.678904
99.555319, 22.333208
99.487088, 23.987510
99.414009, 25.641809
99.336088, 27.296107
99.253331, 28.950402
99.165742, 30.604695
99.073330, 32.258985
98.976100, 33.913272
98.874060, 35.567556
98.767217, 37.221837
98.655579, 38.876114
98.539155, 40.530388
98.417952, 42.184659
98.291979, 43.838926
98.161247, 45.493188
98.025764, 47.147447
97.885540, 48.801701
97.740586, 50.455951
97.590913, 52.110196
97.436530, 53.764437
97.277450, 55.418672
97.113684, 57.072902
96.945245, 58.727127
96.772144, 60.381347
96.594394, 62.035561
96.412008, 63.689769
96.225000, 65.343971
96.033384, 66.998167
95.837173, 68.652356
95.636381, 70.306539
95.431024, 71.960715
95.221117, 73.614884
95.006674, 75.269045
94.787712, 76.923200
94.564247, 78.577347
94.336294, 80.231486
94.103872, 81.885616
93.866996, 83.539739
93.625684, 85.193853
93.379954, 86.847959
93.129824, 88.502056
92.875312, 90.156143
92.616437, 91.810221
92.353217, 93.464290
92.085673, 95.118348
91.813823, 96.772397
91.537688, 98.426435
91.257287, 100.080462
90.972642, 101.734479
90.683774, 103.388485
90.390702, 105.042479
90.093450, 106.696461
89.792038, 108.350432
89.486488, 110.004390
89.176824, 111.658336
88.863068, 113.312268
88.545243, 114.966188
88.223371, 116.620094
87.897478, 118.273987
87.567586, 119.927865
87.233719, 121.581729
86.895903, 123.235578
86.554162, 124.889412
86.208521, 126.543230
85.859005, 128.197033
85.505640, 129.850819
85.148452, 131.504589
84.787467, 133.158342
84.422712, 134.812078
84.054212, 136.465795
83.681996, 138.119495
83.306091, 139.773176
82.926523, 141.426838
82.543321, 143.080480
82.156513, 144.734102
81.766128, 146.387704
81.372193, 148.041285
80.974738, 149.694845
80.573792, 151.348383
80.169384, 153.001898
79.761544, 154.655391
79.350302, 156.308860
78.935688, 157.962305
78.517732, 159.615725
78.096465, 161.269120
77.671918, 162.922489
77.244122, 164.575832
76.813108, 166.229148
76.378908, 167.882436
75.941553, 169.535696
75.501077, 171.188926
75.057510, 172.842127
74.610886, 174.495297
74.161237, 176.148436
73.708596, 177.801543
73.252996, 179.454618
72.794472, 181.107658
72.333055, 182.760664
71.868781, 184.413635
71.401683, 186.066569
70.931796, 187.719466
70.459153, 189.372325
69.983790, 191.025145
69.505741, 192.677925
69.025041, 194.330663
68.541727, 195.983359
68.055832, 197.636012
67.567392, 199.288621
67.076445, 200.941183
66.583024, 202.593699
66.087167, 204.246167
65.588910, 205.898585
65.088290, 207.550952
64.585342, 209.203267
64.080105, 210.855528
63.572615, 212.507734
63.062908, 214.159884
62.551024, 215.811975
62.036998, 217.464006
61.520869, 219.115976
61.002675, 220.767882
60.482453, 222.419723
59.960242, 224.071496
59.436080, 225.723201
58.910005, 227.374834
58.382056, 229.026393
57.852271, 230.677878
57.320691, 232.329284
56.787352, 233.980610
56.252295, 235.631853
55.715559, 237.283011
55.177183, 238.934081
54.637206, 240.585060
54.095669, 242.235945
53.552610, 243.886734
53.008070, 245.537422
52.462088, 247.188008
51.914705, 248.838487
51.365961, 250.488855
50.815895, 252.139110
50.264549, 253.789246
49.711962, 255.439261
49.158175, 257.089150
48.603229, 258.738908
48.047165, 260.388531
47.490023, 262.038013
46.931843, 263.687350
46.372668, 265.336537
45.812538, 266.985567
45.251493, 268.634436
44.689576, 270.283136
44.126827, 271.931661
43.563288, 273.580005
42.999000, 275.228160
42.434004, 276.876119
41.868341, 278.523873
41.302054, 280.171416
40.735184, 281.818736
40.167772, 283.465826
39.599860, 285.112676
39.031489, 286.759275
38.462702, 288.405612
37.893540, 290.051676
37.324044, 291.697454
36.754257, 293.342934
36.184221, 294.988102
35.613976, 296.632942
35.043566, 298.277440
34.473032, 299.921578
33.902415, 301.565340
33.331758, 303.208707
32.761102, 304.851658
32.190490, 306.494172
31.619963, 308.136227
31.049563, 309.777798
30.479333, 311.418858
29.909313, 313.059380
29.339547, 314.699333
28.770075, 316.338686
28.200939, 317.977402
27.632183, 319.615446
27.063846, 321.252775
26.495972, 322.889345
25.928601, 324.525110
25.361776, 326.160018
24.795539, 327.794012
24.229930, 329.427031
23.664993, 331.059009
23.100768, 332.689873
22.537297, 334.319542
21.974622, 335.947931
21.412784, 337.574941
20.851825, 339.200468
20.291786, 340.824393
19.732709, 342.446588
19.174636, 344.066908
18.617608, 345.685192
18.061666, 347.301261
17.506852, 348.914915
16.953208, 350.525927
16.400774, 352.134042
15.849592, 353.738971
15.299705, 355.340387
14.751154, 356.937914
14.203979, 358.531122
13.658225, 0.119516
13.113932, 1.702521
12.571142, 3.279467
12.029899, 4.849570
11.490246, 6.411904
10.952225, 7.965366
10.415882, 9.508640
9.881262, 11.040129
9.348410, 12.557892
8.817375, 14.059532
8.288207, 15.542063
7.760957, 17.001715
7.235682, 18.433656
6.712445, 19.831595
6.191313, 21.187183
5.672366, 22.489102
5.155700, 23.721620
4.641436, 24.862208
4.129732, 25.877443
3.620818, 26.715557
3.115041, 27.291936
2.612985, 27.458435
2.115741, 26.930999
1.625662, 25.092230
1.148959, 20.333381
0.708098, 7.198814
0.423797, 325.322209
0.589524, 271.568107
0.998963, 252.889635
1.457184, 246.505333
1.927803, 244.026565
2.401970, 243.188786
2.876597, 243.182816
3.350327, 243.653898
3.822465, 244.423189
4.292609, 245.391067
4.760505, 246.497738
5.225980, 247.705183
5.688905, 248.988084
6.149185, 250.328940
6.606738, 251.715268
7.061498, 253.137928
7.513408, 254.590073
7.962413, 256.066475
8.408468, 257.563073
8.851526, 259.076664
9.291547, 260.604689
9.728491, 262.145078
10.162320, 263.696140
10.592995, 265.256478
11.020483, 266.824930
11.444748, 268.400520
11.865755, 269.982423
12.283472, 271.569937
12.697865, 273.162460
13.108902, 274.759475
13.516552, 276.360532
13.920783, 277.965242
14.321564, 279.573261
14.718865, 281.184290
15.112656, 282.798066
15.502907, 284.414352
15.889589, 286.032942
16.272672, 287.653651
16.652128, 289.276311
17.027929, 290.900775
17.400046, 292.526909
17.768453, 294.154591
18.133120, 295.783714
18.494022, 297.414178
18.851132, 299.045893
19.204423, 300.678778
19.553869, 302.312758
19.899444, 303.947764
20.241122, 305.583735
20.578879, 307.220612
20.912690, 308.858344
21.242529, 310.496882
21.568372, 312.136181
21.890196, 313.776200
22.207976, 315.416900
22.521690, 317.058246
22.831314, 318.700206
23.136825, 320.342749
23.438201, 321.985846
23.735420, 323.629472
24.028459, 325.273601
24.317298, 326.918212
24.601915, 328.563282
24.882289, 330.208791
25.158399, 331.854722
25.430225, 333.501056
25.697748, 335.147776
25.960947, 336.794869
26.219804, 338.442319
26.474298, 340.090113
26.724412, 341.738237
26.970127, 343.386681
27.211426, 345.035433
27.448289, 346.684483
27.680701, 348.333820
27.908643, 349.983435
28.132100, 351.633319
28.351055, 353.283464
28.565491, 354.933863
28.775393, 356.584508
28.980746, 358.235391
29.181534, 359.886507
29.377743, 1.537848
29.569358, 3.189411
29.756366, 4.841188
29.938752, 6.493175
30.116504, 8.145367
30.289608, 9.797759
30.458051, 11.450347
30.621821, 13.103127
30.780907, 14.756095
30.935296, 16.409248
31.084977, 18.062582
31.229939, 19.716095
31.370172, 21.369782
31.505665, 23.023643
31.636409, 24.677673
31.762393, 26.331870
31.883609, 27.986234
32.000047, 29.640760
32.111700, 31.295449
32.218558, 32.950297
32.320615, 34.605304
32.417862, 36.260468
32.510293, 37.915787
32.597900, 39.571261
32.680678, 41.226889
32.758620, 42.882670
32.831721, 44.538603
32.899974, 46.194688
32.963376, 47.850924
33.021922, 49.507311
33.075607, 51.163849
33.124427, 52.820537
33.168379, 54.477376
33.207460, 56.134366
33.241666, 57.791507
33.270996, 59.448800
33.295447, 61.106245
33.315017, 62.763843
33.329705, 64.421595
33.339510, 66.079501
33.344431, 67.737563
33.344468, 69.395782
33.339621, 71.054159
33.329890, 72.712695
33.315276, 74.371392
33.295780, 76.030252
33.271403, 77.689276
33.242148, 79.348467
33.208016, 81.007826
33.169010, 82.667356
33.125133, 84.327059
33.076389, 85.986938
33.022779, 87.646996
32.964310, 89.307234
32.900985, 90.967657
32.832808, 92.628267
32.759785, 94.289067
32.681921, 95.950063
32.599222, 97.611256
32.511693, 99.272651
32.419343, 100.934252
32.322176, 102.596063
32.220200, 104.258090
32.113424, 105.920336
32.001854, 107.582807
31.885499, 109.245509
31.764368, 110.908446
31.638469, 112.571624
31.507812, 114.235050
31.372406, 115.898730
31.232262, 117.562671
31.087389, 119.226880
30.937799, 120.891364
30.783502, 122.556131
30.624510, 124.221189
30.460834, 125.886547
30.292487, 127.552214
30.119481, 129.218200
29.941828, 130.884513
29.759543, 132.551165
29.572637, 134.218167
29.381126, 135.885530
29.185023, 137.553267
28.984343, 139.221390
28.779100, 140.889912
28.569310, 142.558849
28.354988, 144.228214
28.136150, 145.898024
27.912812, 147.568296
27.684990, 149.239046
27.452703, 150.910295
27.215965, 152.582060
26.974797, 154.254364
26.729214, 155.927227
26.479235, 157.600674
26.224879, 159.274730
25.966165, 160.949419
25.703111, 162.624771
25.435738, 164.300814
25.164064, 165.977581
24.888111, 167.655104
24.607899, 169.333420
24.323448, 171.012566
24.034780, 172.692583
23.741916, 174.373515
23.444879, 176.055407
23.143689, 177.738310
22.838370, 179.422276
22.528945, 181.107363
22.215436, 182.793632
21.897867, 184.481150
21.576262, 186.169987
21.250645, 187.860220
20.921041, 189.551933
20.587474, 191.245214
20.249970, 192.940162
19.908553, 194.636882
19.563251, 196.335488
19.214089, 198.036106
18.861093, 199.738872
18.504292, 201.443936
18.143711, 203.151460
17.779379, 204.861625
17.411325, 206.574627
17.039576, 208.290684
16.664162, 210.010037
16.285112, 211.732953
15.902456, 213.459727
15.516225, 215.190691
15.126449, 216.926213
14.733161, 218.666706
14.336392, 220.412638
13.936176, 222.164534
13.532546, 223.922989
13.125537, 225.688683
12.715184, 227.462389
12.301525, 229.244998
11.884596, 231.037538
11.464438, 232.841197
11.041091, 234.657367
10.614598, 236.487676
10.185004, 238.334052
9.752359, 240.198785
9.316714, 242.084626
8.878125, 243.994898
8.436655, 245.933663
7.992372, 247.905931
7.545355, 249.917955
7.095696, 251.977643
6.643501, 254.095135
6.188902, 256.283652
5.732062, 258.560749
5.273191, 260.950238
4.812568, 263.485210
4.350580, 266.212989
3.887785, 269.203561
3.425030, 272.564668
2.963676, 276.470374
2.506070, 281.218847
2.056606, 287.357980
1.624434, 295.977313
1.231036, 309.380882
0.931182, 331.953244
0.837329, 5.446702
1.012319, 36.287433
1.358410, 55.522909
1.780349, 67.114923
2.237148, 74.812929
2.712504, 80.448380
3.199202, 84.898331
3.693652, 88.614633
4.193884, 91.848793
4.698727, 94.750443
5.207436, 97.413663
5.719512, 99.900361
6.234602, 102.252853
6.752448, 104.501002
7.272851, 106.666462
7.795655, 108.765309
8.320730, 110.809718
8.847971, 112.809078
9.377283, 114.770741
9.908586, 116.700547
10.441806, 118.603191
10.976875, 120.482491
11.513731, 122.341582
12.052316, 124.183064
12.592575, 126.009109
13.134454, 127.821546
13.677903, 129.621929
14.222871, 131.411581
14.769310, 133.191640
15.317174, 134.963090
15.866415, 136.726783
16.416988, 138.483463
16.968848, 140.233783
17.521951, 141.978315
18.076251, 143.717567
18.631704, 145.451988
19.188269, 147.181977
19.745899, 148.907892
20.304554, 150.630052
20.864189, 152.348744
21.424761, 154.064227
21.986229, 155.776734
22.548548, 157.486476
23.111677, 159.193645
23.675572, 160.898416
24.240192, 162.600948
24.805494, 164.301386
25.371435, 165.999862
25.937973, 167.696500
26.505066, 169.391411
27.072672, 171.084698
27.640747, 172.776456
28.209250, 174.466773
28.778139, 176.155730
29.347371, 177.843403
29.916904, 179.529861
30.486695, 181.215168
31.056704, 182.899386
31.626886, 184.582570
32.197201, 186.264773
32.767606, 187.946043
33.338059, 189.626426
33.908517, 191.305965
34.478939, 192.984699
35.049283, 194.662667
35.619506, 196.339904
36.189567, 198.016442
36.759423, 199.692312
37.329032, 201.367544
37.898353, 203.042166
38.467343, 204.716204
39.035961, 206.389681
39.604165, 208.062622
40.171913, 209.735048
40.739164, 211.406979
41.305874, 213.078436
41.872004, 214.749437
42.437511, 216.420000
43.002353, 218.090141
43.566490, 219.759877
44.129879, 221.429221
44.692480, 223.098190
45.254250, 224.766795
45.815150, 226.435051
46.375136, 228.102970
46.934169, 229.770563
47.492208, 231.437841
48.049210, 233.104816
48.605136, 234.771497
49.159945, 236.437895
49.713595, 238.104018
50.266047, 239.769876
50.817259, 241.435476
51.367192, 243.100828
51.915804, 244.765939
52.463056, 246.430816
53.008907, 248.095467
53.553318, 249.759898
54.096248, 251.424116
54.637657, 253.088128
55.177506, 254.751939
55.715756, 256.415555
56.252366, 258.078982
56.787298, 259.742225
57.320512, 261.405289
57.851969, 263.068180
58.381629, 264.730902
58.909455, 266.393459
59.435408, 268.055856
59.959448, 269.718098
60.481538, 271.380188
61.001638, 273.042130
61.519712, 274.703928
62.035721, 276.365586
62.549627, 278.027108
63.061392, 279.688496
63.570979, 281.349754
64.078351, 283.010885
64.583470, 284.671893
65.086300, 286.332779
65.586803, 287.993548
66.084942, 289.654201
66.580682, 291.314742
67.073986, 292.975173
67.564817, 294.635497
68.053140, 296.295715
68.538919, 297.955831
69.022118, 299.615846
69.502702, 301.275763
69.980635, 302.935584
70.455883, 304.595311
70.928411, 306.254945
71.398184, 307.914489
71.865167, 309.573945
72.329327, 311.233314
72.790629, 312.892598
##END=
