##TITLE= Parameter file, TopSpin 4.3.0
##JCAMPDX= 5.0
##DATATYPE= Parameter Values
##ORIGIN= Bruker BioSpin GmbH
##OWNER= nmrsu
$$ 2024-03-04 10:02:45.876 +0000  nmrsu@4CE1161FJM
$$ C:/Bruker/TopSpin4.3.0/exp/stan/nmr/lists/wave/user/multisupp_aux_d8
$$ process C:\Bruker\TopSpin4.3.0\prog\mod\xwinshape.exe
##MINX= 0.52521300
##MAXX= 99.99938900
##MINY= 0.48322400
##MAXY= 359.51677600
##$SHAPE_ADDPHASE= 0
##$SHAPE_AMP= 99.99938926
##$SHAPE_BWFAC= 0
##$SHAPE_BWFAC50= 0
##$SHAPE_CALCBW= yes
##$SHAPE_CALCINTEG= yes
##$SHAPE_EXMODE= <Excitation>
##$SHAPE_EXPAND= <>
##$SHAPE_EXPANDCF= (0..143)
0 0 0 0 0 0 0 0 0 0 0 0 0 0 0 0 0 0 0 0 0 0 0 0 0 0 0 0 0 0 0 0 0 0 0 0
0 0 0 0 0 0 0 0 0 0 0 0 0 0 0 0 0 0 0 0 0 0 0 0 0 0 0 0 0 0 0 0 0 0 0 0
0 0 0 0 0 0 0 0 0 0 0 0 0 0 0 0 0 0 0 0 0 0 0 0 0 0 0 0 0 0 0 0 0 0 0 0
0 0 0 0 0 0 0 0 0 0 0 0 0 0 0 0 0 0 0 0 0 0 0 0 0 0 0 0 0 0 0 0 0 0 0 0
##$SHAPE_EXPFAC= 0
##$SHAPE_FRACEND= 0
##$SHAPE_FRACORG= 0
##$SHAPE_FRACSTART= 0
##$SHAPE_INTEGFAC= 0
##$SHAPE_KEEPRES= yes
##$SHAPE_LENGTH= 25000.000373
##$SHAPE_MAN= <M>
##$SHAPE_MODE= 3
##$SHAPE_MODFREQ= 0
##$SHAPE_MODPHASE= 0
##$SHAPE_MODSCALE= 0
##$SHAPE_MODSW= 0
##$SHAPE_MODSWDIR= -1
##$SHAPE_NPOINTS= 1250
##$SHAPE_OFFS= <1 3>
##$SHAPE_OFFSCOEFF= (0..95)
-154.01312 0 100 -221.62979 0 100 -290.26321 0 100 0 0 0 0 0 0 0 0 0 0
0 0 0 0 0 0 0 0 0 0 0 0 0 0 0 0 0 0 0 0 0 0 0 0 0 0 0 0 0 0 0 0 0 0 0 0
0 0 0 0 0 0 0 0 0 0 0 0 0 0 0 0 0 0 0 0 0 0 0 0 0 0 0 0 0 0 0 0 0 0 0 0
0 0 0 0 0
##$SHAPE_PARAMETER= <>
##$SHAPE_REPHFAC= 0
##$SHAPE_RES= 0
##$SHAPE_SCALEFAC= 1.00000611
##$SHAPE_SCALETYPE= 0
##$SHAPE_SPOAL= 0
##$SHAPE_SPOFFS= 0
##$SHAPE_SPOPH= 0
##$SHAPE_TOTROT= 90
##$SHAPE_TYPE= <Excitation>
##$SHAPE_USER_DEF= <>
##$SHAPE_VERSION= 2.1
##$SHL_ADDPHASE= (0..15)
0 0 0 0 0 0 0 0 0 0 0 0 0 0 0 0
##$SHL_ALIGNOFFSET= (0..15)
0 0 0 0 0 0 0 0 0 0 0 0 0 0 0 0
##$SHL_AMP= (0..15)
100 0 0 0 0 0 0 0 0 0 0 0 0 0 0 0
##$SHL_AMPFAC= (0..15)
0 0 0 0 0 0 0 0 0 0 0 0 0 0 0 0
##$SHL_BETA= (0..15)
0 0 0 0 0 0 0 0 0 0 0 0 0 0 0 0
##$SHL_BWFAC= (0..15)
1.116 0 0 0 0 0 0 0 0 0 0 0 0 0 0 0
##$SHL_CALCBW= (0..15)
yes yes yes yes yes yes yes yes yes yes yes yes yes yes yes yes
##$SHL_CALCINTEG= (0..15)
yes yes yes yes yes yes yes yes yes yes yes yes yes yes yes yes
##$SHL_CENTERAMP= (0..15)
0 0 0 0 0 0 0 0 0 0 0 0 0 0 0 0
##$SHL_CYCNUM= (0..15)
0 0 0 0 0 0 0 0 0 0 0 0 0 0 0 0
##$SHL_DIPOLCPL= (0..15)
0 0 0 0 0 0 0 0 0 0 0 0 0 0 0 0
##$SHL_ENDAMP= (0..15)
0 0 0 0 0 0 0 0 0 0 0 0 0 0 0 0
##$SHL_EXMODE= (0..15)
<Excitation> <> <> <> <> <> <> <> <> <> <> <> <> <> <> <>
##$SHL_EXPAND= (0..15)
<> <> <> <> <> <> <> <> <> <> <> <> <> <> <> <>
##$SHL_EXPANDCF0= (0..143)
0 0 0 0 0 0 0 0 0 0 0 0 0 0 0 0 0 0 0 0 0 0 0 0 0 0 0 0 0 0 0 0 0 0 0 0
0 0 0 0 0 0 0 0 0 0 0 0 0 0 0 0 0 0 0 0 0 0 0 0 0 0 0 0 0 0 0 0 0 0 0 0
0 0 0 0 0 0 0 0 0 0 0 0 0 0 0 0 0 0 0 0 0 0 0 0 0 0 0 0 0 0 0 0 0 0 0 0
0 0 0 0 0 0 0 0 0 0 0 0 0 0 0 0 0 0 0 0 0 0 0 0 0 0 0 0 0 0 0 0 0 0 0 0
##$SHL_EXPANDCF1= (0..143)
0 0 0 0 0 0 0 0 0 0 0 0 0 0 0 0 0 0 0 0 0 0 0 0 0 0 0 0 0 0 0 0 0 0 0 0
0 0 0 0 0 0 0 0 0 0 0 0 0 0 0 0 0 0 0 0 0 0 0 0 0 0 0 0 0 0 0 0 0 0 0 0
0 0 0 0 0 0 0 0 0 0 0 0 0 0 0 0 0 0 0 0 0 0 0 0 0 0 0 0 0 0 0 0 0 0 0 0
0 0 0 0 0 0 0 0 0 0 0 0 0 0 0 0 0 0 0 0 0 0 0 0 0 0 0 0 0 0 0 0 0 0 0 0
##$SHL_EXPANDCF10= (0..143)
0 0 0 0 0 0 0 0 0 0 0 0 0 0 0 0 0 0 0 0 0 0 0 0 0 0 0 0 0 0 0 0 0 0 0 0
0 0 0 0 0 0 0 0 0 0 0 0 0 0 0 0 0 0 0 0 0 0 0 0 0 0 0 0 0 0 0 0 0 0 0 0
0 0 0 0 0 0 0 0 0 0 0 0 0 0 0 0 0 0 0 0 0 0 0 0 0 0 0 0 0 0 0 0 0 0 0 0
0 0 0 0 0 0 0 0 0 0 0 0 0 0 0 0 0 0 0 0 0 0 0 0 0 0 0 0 0 0 0 0 0 0 0 0
##$SHL_EXPANDCF11= (0..143)
0 0 0 0 0 0 0 0 0 0 0 0 0 0 0 0 0 0 0 0 0 0 0 0 0 0 0 0 0 0 0 0 0 0 0 0
0 0 0 0 0 0 0 0 0 0 0 0 0 0 0 0 0 0 0 0 0 0 0 0 0 0 0 0 0 0 0 0 0 0 0 0
0 0 0 0 0 0 0 0 0 0 0 0 0 0 0 0 0 0 0 0 0 0 0 0 0 0 0 0 0 0 0 0 0 0 0 0
0 0 0 0 0 0 0 0 0 0 0 0 0 0 0 0 0 0 0 0 0 0 0 0 0 0 0 0 0 0 0 0 0 0 0 0
##$SHL_EXPANDCF12= (0..143)
0 0 0 0 0 0 0 0 0 0 0 0 0 0 0 0 0 0 0 0 0 0 0 0 0 0 0 0 0 0 0 0 0 0 0 0
0 0 0 0 0 0 0 0 0 0 0 0 0 0 0 0 0 0 0 0 0 0 0 0 0 0 0 0 0 0 0 0 0 0 0 0
0 0 0 0 0 0 0 0 0 0 0 0 0 0 0 0 0 0 0 0 0 0 0 0 0 0 0 0 0 0 0 0 0 0 0 0
0 0 0 0 0 0 0 0 0 0 0 0 0 0 0 0 0 0 0 0 0 0 0 0 0 0 0 0 0 0 0 0 0 0 0 0
##$SHL_EXPANDCF13= (0..143)
0 0 0 0 0 0 0 0 0 0 0 0 0 0 0 0 0 0 0 0 0 0 0 0 0 0 0 0 0 0 0 0 0 0 0 0
0 0 0 0 0 0 0 0 0 0 0 0 0 0 0 0 0 0 0 0 0 0 0 0 0 0 0 0 0 0 0 0 0 0 0 0
0 0 0 0 0 0 0 0 0 0 0 0 0 0 0 0 0 0 0 0 0 0 0 0 0 0 0 0 0 0 0 0 0 0 0 0
0 0 0 0 0 0 0 0 0 0 0 0 0 0 0 0 0 0 0 0 0 0 0 0 0 0 0 0 0 0 0 0 0 0 0 0
##$SHL_EXPANDCF14= (0..143)
0 0 0 0 0 0 0 0 0 0 0 0 0 0 0 0 0 0 0 0 0 0 0 0 0 0 0 0 0 0 0 0 0 0 0 0
0 0 0 0 0 0 0 0 0 0 0 0 0 0 0 0 0 0 0 0 0 0 0 0 0 0 0 0 0 0 0 0 0 0 0 0
0 0 0 0 0 0 0 0 0 0 0 0 0 0 0 0 0 0 0 0 0 0 0 0 0 0 0 0 0 0 0 0 0 0 0 0
0 0 0 0 0 0 0 0 0 0 0 0 0 0 0 0 0 0 0 0 0 0 0 0 0 0 0 0 0 0 0 0 0 0 0 0
##$SHL_EXPANDCF15= (0..143)
0 0 0 0 0 0 0 0 0 0 0 0 0 0 0 0 0 0 0 0 0 0 0 0 0 0 0 0 0 0 0 0 0 0 0 0
0 0 0 0 0 0 0 0 0 0 0 0 0 0 0 0 0 0 0 0 0 0 0 0 0 0 0 0 0 0 0 0 0 0 0 0
0 0 0 0 0 0 0 0 0 0 0 0 0 0 0 0 0 0 0 0 0 0 0 0 0 0 0 0 0 0 0 0 0 0 0 0
0 0 0 0 0 0 0 0 0 0 0 0 0 0 0 0 0 0 0 0 0 0 0 0 0 0 0 0 0 0 0 0 0 0 0 0
##$SHL_EXPANDCF2= (0..143)
0 0 0 0 0 0 0 0 0 0 0 0 0 0 0 0 0 0 0 0 0 0 0 0 0 0 0 0 0 0 0 0 0 0 0 0
0 0 0 0 0 0 0 0 0 0 0 0 0 0 0 0 0 0 0 0 0 0 0 0 0 0 0 0 0 0 0 0 0 0 0 0
0 0 0 0 0 0 0 0 0 0 0 0 0 0 0 0 0 0 0 0 0 0 0 0 0 0 0 0 0 0 0 0 0 0 0 0
0 0 0 0 0 0 0 0 0 0 0 0 0 0 0 0 0 0 0 0 0 0 0 0 0 0 0 0 0 0 0 0 0 0 0 0
##$SHL_EXPANDCF3= (0..143)
0 0 0 0 0 0 0 0 0 0 0 0 0 0 0 0 0 0 0 0 0 0 0 0 0 0 0 0 0 0 0 0 0 0 0 0
0 0 0 0 0 0 0 0 0 0 0 0 0 0 0 0 0 0 0 0 0 0 0 0 0 0 0 0 0 0 0 0 0 0 0 0
0 0 0 0 0 0 0 0 0 0 0 0 0 0 0 0 0 0 0 0 0 0 0 0 0 0 0 0 0 0 0 0 0 0 0 0
0 0 0 0 0 0 0 0 0 0 0 0 0 0 0 0 0 0 0 0 0 0 0 0 0 0 0 0 0 0 0 0 0 0 0 0
##$SHL_EXPANDCF4= (0..143)
0 0 0 0 0 0 0 0 0 0 0 0 0 0 0 0 0 0 0 0 0 0 0 0 0 0 0 0 0 0 0 0 0 0 0 0
0 0 0 0 0 0 0 0 0 0 0 0 0 0 0 0 0 0 0 0 0 0 0 0 0 0 0 0 0 0 0 0 0 0 0 0
0 0 0 0 0 0 0 0 0 0 0 0 0 0 0 0 0 0 0 0 0 0 0 0 0 0 0 0 0 0 0 0 0 0 0 0
0 0 0 0 0 0 0 0 0 0 0 0 0 0 0 0 0 0 0 0 0 0 0 0 0 0 0 0 0 0 0 0 0 0 0 0
##$SHL_EXPANDCF5= (0..143)
0 0 0 0 0 0 0 0 0 0 0 0 0 0 0 0 0 0 0 0 0 0 0 0 0 0 0 0 0 0 0 0 0 0 0 0
0 0 0 0 0 0 0 0 0 0 0 0 0 0 0 0 0 0 0 0 0 0 0 0 0 0 0 0 0 0 0 0 0 0 0 0
0 0 0 0 0 0 0 0 0 0 0 0 0 0 0 0 0 0 0 0 0 0 0 0 0 0 0 0 0 0 0 0 0 0 0 0
0 0 0 0 0 0 0 0 0 0 0 0 0 0 0 0 0 0 0 0 0 0 0 0 0 0 0 0 0 0 0 0 0 0 0 0
##$SHL_EXPANDCF6= (0..143)
0 0 0 0 0 0 0 0 0 0 0 0 0 0 0 0 0 0 0 0 0 0 0 0 0 0 0 0 0 0 0 0 0 0 0 0
0 0 0 0 0 0 0 0 0 0 0 0 0 0 0 0 0 0 0 0 0 0 0 0 0 0 0 0 0 0 0 0 0 0 0 0
0 0 0 0 0 0 0 0 0 0 0 0 0 0 0 0 0 0 0 0 0 0 0 0 0 0 0 0 0 0 0 0 0 0 0 0
0 0 0 0 0 0 0 0 0 0 0 0 0 0 0 0 0 0 0 0 0 0 0 0 0 0 0 0 0 0 0 0 0 0 0 0
##$SHL_EXPANDCF7= (0..143)
0 0 0 0 0 0 0 0 0 0 0 0 0 0 0 0 0 0 0 0 0 0 0 0 0 0 0 0 0 0 0 0 0 0 0 0
0 0 0 0 0 0 0 0 0 0 0 0 0 0 0 0 0 0 0 0 0 0 0 0 0 0 0 0 0 0 0 0 0 0 0 0
0 0 0 0 0 0 0 0 0 0 0 0 0 0 0 0 0 0 0 0 0 0 0 0 0 0 0 0 0 0 0 0 0 0 0 0
0 0 0 0 0 0 0 0 0 0 0 0 0 0 0 0 0 0 0 0 0 0 0 0 0 0 0 0 0 0 0 0 0 0 0 0
##$SHL_EXPANDCF8= (0..143)
0 0 0 0 0 0 0 0 0 0 0 0 0 0 0 0 0 0 0 0 0 0 0 0 0 0 0 0 0 0 0 0 0 0 0 0
0 0 0 0 0 0 0 0 0 0 0 0 0 0 0 0 0 0 0 0 0 0 0 0 0 0 0 0 0 0 0 0 0 0 0 0
0 0 0 0 0 0 0 0 0 0 0 0 0 0 0 0 0 0 0 0 0 0 0 0 0 0 0 0 0 0 0 0 0 0 0 0
0 0 0 0 0 0 0 0 0 0 0 0 0 0 0 0 0 0 0 0 0 0 0 0 0 0 0 0 0 0 0 0 0 0 0 0
##$SHL_EXPANDCF9= (0..143)
0 0 0 0 0 0 0 0 0 0 0 0 0 0 0 0 0 0 0 0 0 0 0 0 0 0 0 0 0 0 0 0 0 0 0 0
0 0 0 0 0 0 0 0 0 0 0 0 0 0 0 0 0 0 0 0 0 0 0 0 0 0 0 0 0 0 0 0 0 0 0 0
0 0 0 0 0 0 0 0 0 0 0 0 0 0 0 0 0 0 0 0 0 0 0 0 0 0 0 0 0 0 0 0 0 0 0 0
0 0 0 0 0 0 0 0 0 0 0 0 0 0 0 0 0 0 0 0 0 0 0 0 0 0 0 0 0 0 0 0 0 0 0 0
##$SHL_EXPFAC= (0..15)
0 0 0 0 0 0 0 0 0 0 0 0 0 0 0 0
##$SHL_FRACEND= (0..15)
0 0 0 0 0 0 0 0 0 0 0 0 0 0 0 0
##$SHL_FRACORG= (0..15)
0 0 0 0 0 0 0 0 0 0 0 0 0 0 0 0
##$SHL_FRACSTART= (0..15)
0 0 0 0 0 0 0 0 0 0 0 0 0 0 0 0
##$SHL_FULLHALF= (0..15)
0 0 0 0 0 0 0 0 0 0 0 0 0 0 0 0
##$SHL_FUNCAMP= (0..15)
100 0 0 0 0 0 0 0 0 0 0 0 0 0 0 0
##$SHL_FUNCTION= (0..15)
<Rectangle> <> <> <> <> <> <> <> <> <> <> <> <> <> <> <>
##$SHL_GCO= (0..15)
<> <> <> <> <> <> <> <> <> <> <> <> <> <> <> <>
##$SHL_GCOCOEFFS0= (0..59)
0 0 0 0 0 0 0 0 0 0 0 0 0 0 0 0 0 0 0 0 0 0 0 0 0 0 0 0 0 0 0 0 0 0 0 0
0 0 0 0 0 0 0 0 0 0 0 0 0 0 0 0 0 0 0 0 0 0 0 0
##$SHL_GCOCOEFFS1= (0..59)
0 0 0 0 0 0 0 0 0 0 0 0 0 0 0 0 0 0 0 0 0 0 0 0 0 0 0 0 0 0 0 0 0 0 0 0
0 0 0 0 0 0 0 0 0 0 0 0 0 0 0 0 0 0 0 0 0 0 0 0
##$SHL_GCOCOEFFS10= (0..59)
0 0 0 0 0 0 0 0 0 0 0 0 0 0 0 0 0 0 0 0 0 0 0 0 0 0 0 0 0 0 0 0 0 0 0 0
0 0 0 0 0 0 0 0 0 0 0 0 0 0 0 0 0 0 0 0 0 0 0 0
##$SHL_GCOCOEFFS11= (0..59)
0 0 0 0 0 0 0 0 0 0 0 0 0 0 0 0 0 0 0 0 0 0 0 0 0 0 0 0 0 0 0 0 0 0 0 0
0 0 0 0 0 0 0 0 0 0 0 0 0 0 0 0 0 0 0 0 0 0 0 0
##$SHL_GCOCOEFFS12= (0..59)
0 0 0 0 0 0 0 0 0 0 0 0 0 0 0 0 0 0 0 0 0 0 0 0 0 0 0 0 0 0 0 0 0 0 0 0
0 0 0 0 0 0 0 0 0 0 0 0 0 0 0 0 0 0 0 0 0 0 0 0
##$SHL_GCOCOEFFS13= (0..59)
0 0 0 0 0 0 0 0 0 0 0 0 0 0 0 0 0 0 0 0 0 0 0 0 0 0 0 0 0 0 0 0 0 0 0 0
0 0 0 0 0 0 0 0 0 0 0 0 0 0 0 0 0 0 0 0 0 0 0 0
##$SHL_GCOCOEFFS14= (0..59)
0 0 0 0 0 0 0 0 0 0 0 0 0 0 0 0 0 0 0 0 0 0 0 0 0 0 0 0 0 0 0 0 0 0 0 0
0 0 0 0 0 0 0 0 0 0 0 0 0 0 0 0 0 0 0 0 0 0 0 0
##$SHL_GCOCOEFFS15= (0..59)
0 0 0 0 0 0 0 0 0 0 0 0 0 0 0 0 0 0 0 0 0 0 0 0 0 0 0 0 0 0 0 0 0 0 0 0
0 0 0 0 0 0 0 0 0 0 0 0 0 0 0 0 0 0 0 0 0 0 0 0
##$SHL_GCOCOEFFS2= (0..59)
0 0 0 0 0 0 0 0 0 0 0 0 0 0 0 0 0 0 0 0 0 0 0 0 0 0 0 0 0 0 0 0 0 0 0 0
0 0 0 0 0 0 0 0 0 0 0 0 0 0 0 0 0 0 0 0 0 0 0 0
##$SHL_GCOCOEFFS3= (0..59)
0 0 0 0 0 0 0 0 0 0 0 0 0 0 0 0 0 0 0 0 0 0 0 0 0 0 0 0 0 0 0 0 0 0 0 0
0 0 0 0 0 0 0 0 0 0 0 0 0 0 0 0 0 0 0 0 0 0 0 0
##$SHL_GCOCOEFFS4= (0..59)
0 0 0 0 0 0 0 0 0 0 0 0 0 0 0 0 0 0 0 0 0 0 0 0 0 0 0 0 0 0 0 0 0 0 0 0
0 0 0 0 0 0 0 0 0 0 0 0 0 0 0 0 0 0 0 0 0 0 0 0
##$SHL_GCOCOEFFS5= (0..59)
0 0 0 0 0 0 0 0 0 0 0 0 0 0 0 0 0 0 0 0 0 0 0 0 0 0 0 0 0 0 0 0 0 0 0 0
0 0 0 0 0 0 0 0 0 0 0 0 0 0 0 0 0 0 0 0 0 0 0 0
##$SHL_GCOCOEFFS6= (0..59)
0 0 0 0 0 0 0 0 0 0 0 0 0 0 0 0 0 0 0 0 0 0 0 0 0 0 0 0 0 0 0 0 0 0 0 0
0 0 0 0 0 0 0 0 0 0 0 0 0 0 0 0 0 0 0 0 0 0 0 0
##$SHL_GCOCOEFFS7= (0..59)
0 0 0 0 0 0 0 0 0 0 0 0 0 0 0 0 0 0 0 0 0 0 0 0 0 0 0 0 0 0 0 0 0 0 0 0
0 0 0 0 0 0 0 0 0 0 0 0 0 0 0 0 0 0 0 0 0 0 0 0
##$SHL_GCOCOEFFS8= (0..59)
0 0 0 0 0 0 0 0 0 0 0 0 0 0 0 0 0 0 0 0 0 0 0 0 0 0 0 0 0 0 0 0 0 0 0 0
0 0 0 0 0 0 0 0 0 0 0 0 0 0 0 0 0 0 0 0 0 0 0 0
##$SHL_GCOCOEFFS9= (0..59)
0 0 0 0 0 0 0 0 0 0 0 0 0 0 0 0 0 0 0 0 0 0 0 0 0 0 0 0 0 0 0 0 0 0 0 0
0 0 0 0 0 0 0 0 0 0 0 0 0 0 0 0 0 0 0 0 0 0 0 0
##$SHL_INTEGFAC= (0..15)
1 0 0 0 0 0 0 0 0 0 0 0 0 0 0 0
##$SHL_LB= (0..15)
0 0 0 0 0 0 0 0 0 0 0 0 0 0 0 0
##$SHL_LEFTLIMIT= (0..15)
0 0 0 0 0 0 0 0 0 0 0 0 0 0 0 0
##$SHL_LENGTH= (0..15)
25000.000373 0 0 0 0 0 0 0 0 0 0 0 0 0 0 0
##$SHL_MAN= (0..15)
<> <> <> <> <> <> <> <> <> <> <> <> <> <> <> <>
##$SHL_MEANAMP= (0..15)
0 0 0 0 0 0 0 0 0 0 0 0 0 0 0 0
##$SHL_MODAMP= (0..15)
0 0 0 0 0 0 0 0 0 0 0 0 0 0 0 0
##$SHL_MODE= (0..15)
0 0 0 0 0 0 0 0 0 0 0 0 0 0 0 0
##$SHL_MODFREQ= (0..15)
0 0 0 0 0 0 0 0 0 0 0 0 0 0 0 0
##$SHL_MODPHASE= (0..15)
0 0 0 0 0 0 0 0 0 0 0 0 0 0 0 0
##$SHL_MODSCALE= (0..15)
0 0 0 0 0 0 0 0 0 0 0 0 0 0 0 0
##$SHL_MODSW= (0..15)
0 0 0 0 0 0 0 0 0 0 0 0 0 0 0 0
##$SHL_MODSWDIR= (0..15)
-1 -1 -1 -1 -1 -1 -1 -1 -1 -1 -1 -1 -1 -1 -1 -1
##$SHL_MU= (0..15)
0 0 0 0 0 0 0 0 0 0 0 0 0 0 0 0
##$SHL_NPOINTS= (0..15)
1250 0 0 0 0 0 0 0 0 0 0 0 0 0 0 0
##$SHL_OFFS= (0..15)
<> <> <> <> <> <> <> <> <> <> <> <> <> <> <> <>
##$SHL_OFFSCOEFF0= (0..95)
0 0 0 0 0 0 0 0 0 0 0 0 0 0 0 0 0 0 0 0 0 0 0 0 0 0 0 0 0 0 0 0 0 0 0 0
0 0 0 0 0 0 0 0 0 0 0 0 0 0 0 0 0 0 0 0 0 0 0 0 0 0 0 0 0 0 0 0 0 0 0 0
0 0 0 0 0 0 0 0 0 0 0 0 0 0 0 0 0 0 0 0 0 0 0 0
##$SHL_OFFSCOEFF1= (0..95)
0 0 0 0 0 0 0 0 0 0 0 0 0 0 0 0 0 0 0 0 0 0 0 0 0 0 0 0 0 0 0 0 0 0 0 0
0 0 0 0 0 0 0 0 0 0 0 0 0 0 0 0 0 0 0 0 0 0 0 0 0 0 0 0 0 0 0 0 0 0 0 0
0 0 0 0 0 0 0 0 0 0 0 0 0 0 0 0 0 0 0 0 0 0 0 0
##$SHL_OFFSCOEFF10= (0..95)
0 0 0 0 0 0 0 0 0 0 0 0 0 0 0 0 0 0 0 0 0 0 0 0 0 0 0 0 0 0 0 0 0 0 0 0
0 0 0 0 0 0 0 0 0 0 0 0 0 0 0 0 0 0 0 0 0 0 0 0 0 0 0 0 0 0 0 0 0 0 0 0
0 0 0 0 0 0 0 0 0 0 0 0 0 0 0 0 0 0 0 0 0 0 0 0
##$SHL_OFFSCOEFF11= (0..95)
0 0 0 0 0 0 0 0 0 0 0 0 0 0 0 0 0 0 0 0 0 0 0 0 0 0 0 0 0 0 0 0 0 0 0 0
0 0 0 0 0 0 0 0 0 0 0 0 0 0 0 0 0 0 0 0 0 0 0 0 0 0 0 0 0 0 0 0 0 0 0 0
0 0 0 0 0 0 0 0 0 0 0 0 0 0 0 0 0 0 0 0 0 0 0 0
##$SHL_OFFSCOEFF12= (0..95)
0 0 0 0 0 0 0 0 0 0 0 0 0 0 0 0 0 0 0 0 0 0 0 0 0 0 0 0 0 0 0 0 0 0 0 0
0 0 0 0 0 0 0 0 0 0 0 0 0 0 0 0 0 0 0 0 0 0 0 0 0 0 0 0 0 0 0 0 0 0 0 0
0 0 0 0 0 0 0 0 0 0 0 0 0 0 0 0 0 0 0 0 0 0 0 0
##$SHL_OFFSCOEFF13= (0..95)
0 0 0 0 0 0 0 0 0 0 0 0 0 0 0 0 0 0 0 0 0 0 0 0 0 0 0 0 0 0 0 0 0 0 0 0
0 0 0 0 0 0 0 0 0 0 0 0 0 0 0 0 0 0 0 0 0 0 0 0 0 0 0 0 0 0 0 0 0 0 0 0
0 0 0 0 0 0 0 0 0 0 0 0 0 0 0 0 0 0 0 0 0 0 0 0
##$SHL_OFFSCOEFF14= (0..95)
0 0 0 0 0 0 0 0 0 0 0 0 0 0 0 0 0 0 0 0 0 0 0 0 0 0 0 0 0 0 0 0 0 0 0 0
0 0 0 0 0 0 0 0 0 0 0 0 0 0 0 0 0 0 0 0 0 0 0 0 0 0 0 0 0 0 0 0 0 0 0 0
0 0 0 0 0 0 0 0 0 0 0 0 0 0 0 0 0 0 0 0 0 0 0 0
##$SHL_OFFSCOEFF15= (0..95)
0 0 0 0 0 0 0 0 0 0 0 0 0 0 0 0 0 0 0 0 0 0 0 0 0 0 0 0 0 0 0 0 0 0 0 0
0 0 0 0 0 0 0 0 0 0 0 0 0 0 0 0 0 0 0 0 0 0 0 0 0 0 0 0 0 0 0 0 0 0 0 0
0 0 0 0 0 0 0 0 0 0 0 0 0 0 0 0 0 0 0 0 0 0 0 0
##$SHL_OFFSCOEFF2= (0..95)
0 0 0 0 0 0 0 0 0 0 0 0 0 0 0 0 0 0 0 0 0 0 0 0 0 0 0 0 0 0 0 0 0 0 0 0
0 0 0 0 0 0 0 0 0 0 0 0 0 0 0 0 0 0 0 0 0 0 0 0 0 0 0 0 0 0 0 0 0 0 0 0
0 0 0 0 0 0 0 0 0 0 0 0 0 0 0 0 0 0 0 0 0 0 0 0
##$SHL_OFFSCOEFF3= (0..95)
0 0 0 0 0 0 0 0 0 0 0 0 0 0 0 0 0 0 0 0 0 0 0 0 0 0 0 0 0 0 0 0 0 0 0 0
0 0 0 0 0 0 0 0 0 0 0 0 0 0 0 0 0 0 0 0 0 0 0 0 0 0 0 0 0 0 0 0 0 0 0 0
0 0 0 0 0 0 0 0 0 0 0 0 0 0 0 0 0 0 0 0 0 0 0 0
##$SHL_OFFSCOEFF4= (0..95)
0 0 0 0 0 0 0 0 0 0 0 0 0 0 0 0 0 0 0 0 0 0 0 0 0 0 0 0 0 0 0 0 0 0 0 0
0 0 0 0 0 0 0 0 0 0 0 0 0 0 0 0 0 0 0 0 0 0 0 0 0 0 0 0 0 0 0 0 0 0 0 0
0 0 0 0 0 0 0 0 0 0 0 0 0 0 0 0 0 0 0 0 0 0 0 0
##$SHL_OFFSCOEFF5= (0..95)
0 0 0 0 0 0 0 0 0 0 0 0 0 0 0 0 0 0 0 0 0 0 0 0 0 0 0 0 0 0 0 0 0 0 0 0
0 0 0 0 0 0 0 0 0 0 0 0 0 0 0 0 0 0 0 0 0 0 0 0 0 0 0 0 0 0 0 0 0 0 0 0
0 0 0 0 0 0 0 0 0 0 0 0 0 0 0 0 0 0 0 0 0 0 0 0
##$SHL_OFFSCOEFF6= (0..95)
0 0 0 0 0 0 0 0 0 0 0 0 0 0 0 0 0 0 0 0 0 0 0 0 0 0 0 0 0 0 0 0 0 0 0 0
0 0 0 0 0 0 0 0 0 0 0 0 0 0 0 0 0 0 0 0 0 0 0 0 0 0 0 0 0 0 0 0 0 0 0 0
0 0 0 0 0 0 0 0 0 0 0 0 0 0 0 0 0 0 0 0 0 0 0 0
##$SHL_OFFSCOEFF7= (0..95)
0 0 0 0 0 0 0 0 0 0 0 0 0 0 0 0 0 0 0 0 0 0 0 0 0 0 0 0 0 0 0 0 0 0 0 0
0 0 0 0 0 0 0 0 0 0 0 0 0 0 0 0 0 0 0 0 0 0 0 0 0 0 0 0 0 0 0 0 0 0 0 0
0 0 0 0 0 0 0 0 0 0 0 0 0 0 0 0 0 0 0 0 0 0 0 0
##$SHL_OFFSCOEFF8= (0..95)
0 0 0 0 0 0 0 0 0 0 0 0 0 0 0 0 0 0 0 0 0 0 0 0 0 0 0 0 0 0 0 0 0 0 0 0
0 0 0 0 0 0 0 0 0 0 0 0 0 0 0 0 0 0 0 0 0 0 0 0 0 0 0 0 0 0 0 0 0 0 0 0
0 0 0 0 0 0 0 0 0 0 0 0 0 0 0 0 0 0 0 0 0 0 0 0
##$SHL_OFFSCOEFF9= (0..95)
0 0 0 0 0 0 0 0 0 0 0 0 0 0 0 0 0 0 0 0 0 0 0 0 0 0 0 0 0 0 0 0 0 0 0 0
0 0 0 0 0 0 0 0 0 0 0 0 0 0 0 0 0 0 0 0 0 0 0 0 0 0 0 0 0 0 0 0 0 0 0 0
0 0 0 0 0 0 0 0 0 0 0 0 0 0 0 0 0 0 0 0 0 0 0 0
##$SHL_PHASE= (0..15)
0 0 0 0 0 0 0 0 0 0 0 0 0 0 0 0
##$SHL_PHASEFAC= (0..15)
0 0 0 0 0 0 0 0 0 0 0 0 0 0 0 0
##$SHL_POWERINDEX= (0..15)
0 0 0 0 0 0 0 0 0 0 0 0 0 0 0 0
##$SHL_QUADCOEFF= (0..15)
0 0 0 0 0 0 0 0 0 0 0 0 0 0 0 0
##$SHL_RIGHTLIMIT= (0..15)
0 0 0 0 0 0 0 0 0 0 0 0 0 0 0 0
##$SHL_SCALEFACTOR= (0..15)
1 1 1 1 1 1 1 1 1 1 1 1 1 1 1 1
##$SHL_SF= (0..15)
<> <> <> <> <> <> <> <> <> <> <> <> <> <> <> <>
##$SHL_SFCOEFFS0= (0..200)
0 0 0 0 0 0 0 0 0 0 0 0 0 0 0 0 0 0 0 0 0 0 0 0 0 0 0 0 0 0 0 0 0 0 0 0
0 0 0 0 0 0 0 0 0 0 0 0 0 0 0 0 0 0 0 0 0 0 0 0 0 0 0 0 0 0 0 0 0 0 0 0
0 0 0 0 0 0 0 0 0 0 0 0 0 0 0 0 0 0 0 0 0 0 0 0 0 0 0 0 0 0 0 0 0 0 0 0
0 0 0 0 0 0 0 0 0 0 0 0 0 0 0 0 0 0 0 0 0 0 0 0 0 0 0 0 0 0 0 0 0 0 0 0
0 0 0 0 0 0 0 0 0 0 0 0 0 0 0 0 0 0 0 0 0 0 0 0 0 0 0 0 0 0 0 0 0 0 0 0
0 0 0 0 0 0 0 0 0 0 0 0 0 0 0 0 0 0 0 0 0
##$SHL_SFCOEFFS1= (0..200)
0 0 0 0 0 0 0 0 0 0 0 0 0 0 0 0 0 0 0 0 0 0 0 0 0 0 0 0 0 0 0 0 0 0 0 0
0 0 0 0 0 0 0 0 0 0 0 0 0 0 0 0 0 0 0 0 0 0 0 0 0 0 0 0 0 0 0 0 0 0 0 0
0 0 0 0 0 0 0 0 0 0 0 0 0 0 0 0 0 0 0 0 0 0 0 0 0 0 0 0 0 0 0 0 0 0 0 0
0 0 0 0 0 0 0 0 0 0 0 0 0 0 0 0 0 0 0 0 0 0 0 0 0 0 0 0 0 0 0 0 0 0 0 0
0 0 0 0 0 0 0 0 0 0 0 0 0 0 0 0 0 0 0 0 0 0 0 0 0 0 0 0 0 0 0 0 0 0 0 0
0 0 0 0 0 0 0 0 0 0 0 0 0 0 0 0 0 0 0 0 0
##$SHL_SFCOEFFS10= (0..200)
0 0 0 0 0 0 0 0 0 0 0 0 0 0 0 0 0 0 0 0 0 0 0 0 0 0 0 0 0 0 0 0 0 0 0 0
0 0 0 0 0 0 0 0 0 0 0 0 0 0 0 0 0 0 0 0 0 0 0 0 0 0 0 0 0 0 0 0 0 0 0 0
0 0 0 0 0 0 0 0 0 0 0 0 0 0 0 0 0 0 0 0 0 0 0 0 0 0 0 0 0 0 0 0 0 0 0 0
0 0 0 0 0 0 0 0 0 0 0 0 0 0 0 0 0 0 0 0 0 0 0 0 0 0 0 0 0 0 0 0 0 0 0 0
0 0 0 0 0 0 0 0 0 0 0 0 0 0 0 0 0 0 0 0 0 0 0 0 0 0 0 0 0 0 0 0 0 0 0 0
0 0 0 0 0 0 0 0 0 0 0 0 0 0 0 0 0 0 0 0 0
##$SHL_SFCOEFFS11= (0..200)
0 0 0 0 0 0 0 0 0 0 0 0 0 0 0 0 0 0 0 0 0 0 0 0 0 0 0 0 0 0 0 0 0 0 0 0
0 0 0 0 0 0 0 0 0 0 0 0 0 0 0 0 0 0 0 0 0 0 0 0 0 0 0 0 0 0 0 0 0 0 0 0
0 0 0 0 0 0 0 0 0 0 0 0 0 0 0 0 0 0 0 0 0 0 0 0 0 0 0 0 0 0 0 0 0 0 0 0
0 0 0 0 0 0 0 0 0 0 0 0 0 0 0 0 0 0 0 0 0 0 0 0 0 0 0 0 0 0 0 0 0 0 0 0
0 0 0 0 0 0 0 0 0 0 0 0 0 0 0 0 0 0 0 0 0 0 0 0 0 0 0 0 0 0 0 0 0 0 0 0
0 0 0 0 0 0 0 0 0 0 0 0 0 0 0 0 0 0 0 0 0
##$SHL_SFCOEFFS12= (0..200)
0 0 0 0 0 0 0 0 0 0 0 0 0 0 0 0 0 0 0 0 0 0 0 0 0 0 0 0 0 0 0 0 0 0 0 0
0 0 0 0 0 0 0 0 0 0 0 0 0 0 0 0 0 0 0 0 0 0 0 0 0 0 0 0 0 0 0 0 0 0 0 0
0 0 0 0 0 0 0 0 0 0 0 0 0 0 0 0 0 0 0 0 0 0 0 0 0 0 0 0 0 0 0 0 0 0 0 0
0 0 0 0 0 0 0 0 0 0 0 0 0 0 0 0 0 0 0 0 0 0 0 0 0 0 0 0 0 0 0 0 0 0 0 0
0 0 0 0 0 0 0 0 0 0 0 0 0 0 0 0 0 0 0 0 0 0 0 0 0 0 0 0 0 0 0 0 0 0 0 0
0 0 0 0 0 0 0 0 0 0 0 0 0 0 0 0 0 0 0 0 0
##$SHL_SFCOEFFS13= (0..200)
0 0 0 0 0 0 0 0 0 0 0 0 0 0 0 0 0 0 0 0 0 0 0 0 0 0 0 0 0 0 0 0 0 0 0 0
0 0 0 0 0 0 0 0 0 0 0 0 0 0 0 0 0 0 0 0 0 0 0 0 0 0 0 0 0 0 0 0 0 0 0 0
0 0 0 0 0 0 0 0 0 0 0 0 0 0 0 0 0 0 0 0 0 0 0 0 0 0 0 0 0 0 0 0 0 0 0 0
0 0 0 0 0 0 0 0 0 0 0 0 0 0 0 0 0 0 0 0 0 0 0 0 0 0 0 0 0 0 0 0 0 0 0 0
0 0 0 0 0 0 0 0 0 0 0 0 0 0 0 0 0 0 0 0 0 0 0 0 0 0 0 0 0 0 0 0 0 0 0 0
0 0 0 0 0 0 0 0 0 0 0 0 0 0 0 0 0 0 0 0 0
##$SHL_SFCOEFFS14= (0..200)
0 0 0 0 0 0 0 0 0 0 0 0 0 0 0 0 0 0 0 0 0 0 0 0 0 0 0 0 0 0 0 0 0 0 0 0
0 0 0 0 0 0 0 0 0 0 0 0 0 0 0 0 0 0 0 0 0 0 0 0 0 0 0 0 0 0 0 0 0 0 0 0
0 0 0 0 0 0 0 0 0 0 0 0 0 0 0 0 0 0 0 0 0 0 0 0 0 0 0 0 0 0 0 0 0 0 0 0
0 0 0 0 0 0 0 0 0 0 0 0 0 0 0 0 0 0 0 0 0 0 0 0 0 0 0 0 0 0 0 0 0 0 0 0
0 0 0 0 0 0 0 0 0 0 0 0 0 0 0 0 0 0 0 0 0 0 0 0 0 0 0 0 0 0 0 0 0 0 0 0
0 0 0 0 0 0 0 0 0 0 0 0 0 0 0 0 0 0 0 0 0
##$SHL_SFCOEFFS15= (0..200)
0 0 0 0 0 0 0 0 0 0 0 0 0 0 0 0 0 0 0 0 0 0 0 0 0 0 0 0 0 0 0 0 0 0 0 0
0 0 0 0 0 0 0 0 0 0 0 0 0 0 0 0 0 0 0 0 0 0 0 0 0 0 0 0 0 0 0 0 0 0 0 0
0 0 0 0 0 0 0 0 0 0 0 0 0 0 0 0 0 0 0 0 0 0 0 0 0 0 0 0 0 0 0 0 0 0 0 0
0 0 0 0 0 0 0 0 0 0 0 0 0 0 0 0 0 0 0 0 0 0 0 0 0 0 0 0 0 0 0 0 0 0 0 0
0 0 0 0 0 0 0 0 0 0 0 0 0 0 0 0 0 0 0 0 0 0 0 0 0 0 0 0 0 0 0 0 0 0 0 0
0 0 0 0 0 0 0 0 0 0 0 0 0 0 0 0 0 0 0 0 0
##$SHL_SFCOEFFS2= (0..200)
0 0 0 0 0 0 0 0 0 0 0 0 0 0 0 0 0 0 0 0 0 0 0 0 0 0 0 0 0 0 0 0 0 0 0 0
0 0 0 0 0 0 0 0 0 0 0 0 0 0 0 0 0 0 0 0 0 0 0 0 0 0 0 0 0 0 0 0 0 0 0 0
0 0 0 0 0 0 0 0 0 0 0 0 0 0 0 0 0 0 0 0 0 0 0 0 0 0 0 0 0 0 0 0 0 0 0 0
0 0 0 0 0 0 0 0 0 0 0 0 0 0 0 0 0 0 0 0 0 0 0 0 0 0 0 0 0 0 0 0 0 0 0 0
0 0 0 0 0 0 0 0 0 0 0 0 0 0 0 0 0 0 0 0 0 0 0 0 0 0 0 0 0 0 0 0 0 0 0 0
0 0 0 0 0 0 0 0 0 0 0 0 0 0 0 0 0 0 0 0 0
##$SHL_SFCOEFFS3= (0..200)
0 0 0 0 0 0 0 0 0 0 0 0 0 0 0 0 0 0 0 0 0 0 0 0 0 0 0 0 0 0 0 0 0 0 0 0
0 0 0 0 0 0 0 0 0 0 0 0 0 0 0 0 0 0 0 0 0 0 0 0 0 0 0 0 0 0 0 0 0 0 0 0
0 0 0 0 0 0 0 0 0 0 0 0 0 0 0 0 0 0 0 0 0 0 0 0 0 0 0 0 0 0 0 0 0 0 0 0
0 0 0 0 0 0 0 0 0 0 0 0 0 0 0 0 0 0 0 0 0 0 0 0 0 0 0 0 0 0 0 0 0 0 0 0
0 0 0 0 0 0 0 0 0 0 0 0 0 0 0 0 0 0 0 0 0 0 0 0 0 0 0 0 0 0 0 0 0 0 0 0
0 0 0 0 0 0 0 0 0 0 0 0 0 0 0 0 0 0 0 0 0
##$SHL_SFCOEFFS4= (0..200)
0 0 0 0 0 0 0 0 0 0 0 0 0 0 0 0 0 0 0 0 0 0 0 0 0 0 0 0 0 0 0 0 0 0 0 0
0 0 0 0 0 0 0 0 0 0 0 0 0 0 0 0 0 0 0 0 0 0 0 0 0 0 0 0 0 0 0 0 0 0 0 0
0 0 0 0 0 0 0 0 0 0 0 0 0 0 0 0 0 0 0 0 0 0 0 0 0 0 0 0 0 0 0 0 0 0 0 0
0 0 0 0 0 0 0 0 0 0 0 0 0 0 0 0 0 0 0 0 0 0 0 0 0 0 0 0 0 0 0 0 0 0 0 0
0 0 0 0 0 0 0 0 0 0 0 0 0 0 0 0 0 0 0 0 0 0 0 0 0 0 0 0 0 0 0 0 0 0 0 0
0 0 0 0 0 0 0 0 0 0 0 0 0 0 0 0 0 0 0 0 0
##$SHL_SFCOEFFS5= (0..200)
0 0 0 0 0 0 0 0 0 0 0 0 0 0 0 0 0 0 0 0 0 0 0 0 0 0 0 0 0 0 0 0 0 0 0 0
0 0 0 0 0 0 0 0 0 0 0 0 0 0 0 0 0 0 0 0 0 0 0 0 0 0 0 0 0 0 0 0 0 0 0 0
0 0 0 0 0 0 0 0 0 0 0 0 0 0 0 0 0 0 0 0 0 0 0 0 0 0 0 0 0 0 0 0 0 0 0 0
0 0 0 0 0 0 0 0 0 0 0 0 0 0 0 0 0 0 0 0 0 0 0 0 0 0 0 0 0 0 0 0 0 0 0 0
0 0 0 0 0 0 0 0 0 0 0 0 0 0 0 0 0 0 0 0 0 0 0 0 0 0 0 0 0 0 0 0 0 0 0 0
0 0 0 0 0 0 0 0 0 0 0 0 0 0 0 0 0 0 0 0 0
##$SHL_SFCOEFFS6= (0..200)
0 0 0 0 0 0 0 0 0 0 0 0 0 0 0 0 0 0 0 0 0 0 0 0 0 0 0 0 0 0 0 0 0 0 0 0
0 0 0 0 0 0 0 0 0 0 0 0 0 0 0 0 0 0 0 0 0 0 0 0 0 0 0 0 0 0 0 0 0 0 0 0
0 0 0 0 0 0 0 0 0 0 0 0 0 0 0 0 0 0 0 0 0 0 0 0 0 0 0 0 0 0 0 0 0 0 0 0
0 0 0 0 0 0 0 0 0 0 0 0 0 0 0 0 0 0 0 0 0 0 0 0 0 0 0 0 0 0 0 0 0 0 0 0
0 0 0 0 0 0 0 0 0 0 0 0 0 0 0 0 0 0 0 0 0 0 0 0 0 0 0 0 0 0 0 0 0 0 0 0
0 0 0 0 0 0 0 0 0 0 0 0 0 0 0 0 0 0 0 0 0
##$SHL_SFCOEFFS7= (0..200)
0 0 0 0 0 0 0 0 0 0 0 0 0 0 0 0 0 0 0 0 0 0 0 0 0 0 0 0 0 0 0 0 0 0 0 0
0 0 0 0 0 0 0 0 0 0 0 0 0 0 0 0 0 0 0 0 0 0 0 0 0 0 0 0 0 0 0 0 0 0 0 0
0 0 0 0 0 0 0 0 0 0 0 0 0 0 0 0 0 0 0 0 0 0 0 0 0 0 0 0 0 0 0 0 0 0 0 0
0 0 0 0 0 0 0 0 0 0 0 0 0 0 0 0 0 0 0 0 0 0 0 0 0 0 0 0 0 0 0 0 0 0 0 0
0 0 0 0 0 0 0 0 0 0 0 0 0 0 0 0 0 0 0 0 0 0 0 0 0 0 0 0 0 0 0 0 0 0 0 0
0 0 0 0 0 0 0 0 0 0 0 0 0 0 0 0 0 0 0 0 0
##$SHL_SFCOEFFS8= (0..200)
0 0 0 0 0 0 0 0 0 0 0 0 0 0 0 0 0 0 0 0 0 0 0 0 0 0 0 0 0 0 0 0 0 0 0 0
0 0 0 0 0 0 0 0 0 0 0 0 0 0 0 0 0 0 0 0 0 0 0 0 0 0 0 0 0 0 0 0 0 0 0 0
0 0 0 0 0 0 0 0 0 0 0 0 0 0 0 0 0 0 0 0 0 0 0 0 0 0 0 0 0 0 0 0 0 0 0 0
0 0 0 0 0 0 0 0 0 0 0 0 0 0 0 0 0 0 0 0 0 0 0 0 0 0 0 0 0 0 0 0 0 0 0 0
0 0 0 0 0 0 0 0 0 0 0 0 0 0 0 0 0 0 0 0 0 0 0 0 0 0 0 0 0 0 0 0 0 0 0 0
0 0 0 0 0 0 0 0 0 0 0 0 0 0 0 0 0 0 0 0 0
##$SHL_SFCOEFFS9= (0..200)
0 0 0 0 0 0 0 0 0 0 0 0 0 0 0 0 0 0 0 0 0 0 0 0 0 0 0 0 0 0 0 0 0 0 0 0
0 0 0 0 0 0 0 0 0 0 0 0 0 0 0 0 0 0 0 0 0 0 0 0 0 0 0 0 0 0 0 0 0 0 0 0
0 0 0 0 0 0 0 0 0 0 0 0 0 0 0 0 0 0 0 0 0 0 0 0 0 0 0 0 0 0 0 0 0 0 0 0
0 0 0 0 0 0 0 0 0 0 0 0 0 0 0 0 0 0 0 0 0 0 0 0 0 0 0 0 0 0 0 0 0 0 0 0
0 0 0 0 0 0 0 0 0 0 0 0 0 0 0 0 0 0 0 0 0 0 0 0 0 0 0 0 0 0 0 0 0 0 0 0
0 0 0 0 0 0 0 0 0 0 0 0 0 0 0 0 0 0 0 0 0
##$SHL_SMOOTHED= (0..15)
0 0 0 0 0 0 0 0 0 0 0 0 0 0 0 0
##$SHL_SMOOTHING= (0..15)
0 0 0 0 0 0 0 0 0 0 0 0 0 0 0 0
##$SHL_SPOAL= (0..15)
0 0 0 0 0 0 0 0 0 0 0 0 0 0 0 0
##$SHL_SPOFFS= (0..15)
0 0 0 0 0 0 0 0 0 0 0 0 0 0 0 0
##$SHL_SPOPH= (0..15)
0 0 0 0 0 0 0 0 0 0 0 0 0 0 0 0
##$SHL_STARTAMP= (0..15)
0 0 0 0 0 0 0 0 0 0 0 0 0 0 0 0
##$SHL_SW= (0..15)
0 0 0 0 0 0 0 0 0 0 0 0 0 0 0 0
##$SHL_SWDIR= (0..15)
-1 -1 -1 -1 -1 -1 -1 -1 -1 -1 -1 -1 -1 -1 -1 -1
##$SHL_TANKAPPA= (0..15)
0 0 0 0 0 0 0 0 0 0 0 0 0 0 0 0
##$SHL_TOTROT= (0..15)
90 0 0 0 0 0 0 0 0 0 0 0 0 0 0 0
##$SHL_TRUNCLEV= (0..15)
0 0 0 0 0 0 0 0 0 0 0 0 0 0 0 0
##$SHL_TYPE= (0..15)
<Excitation> <> <> <> <> <> <> <> <> <> <> <> <> <> <> <>
##$SHL_WINDOWSIZE= (0..15)
0 0 0 0 0 0 0 0 0 0 0 0 0 0 0 0
##$SHL_ZETA= (0..15)
0 0 0 0 0 0 0 0 0 0 0 0 0 0 0 0
##NPOINTS= 1250
##XYPOINTS= (XY..XY)
72.802863, 82.224317
72.341686, 83.828698
71.877650, 85.433185
71.410789, 87.037780
70.941138, 88.642485
70.468730, 90.247303
69.993601, 91.852236
69.515785, 93.457287
69.035317, 95.062458
68.552233, 96.667751
68.066568, 98.273170
67.578357, 99.878718
67.087637, 101.484397
66.594443, 103.090209
66.098812, 104.696160
65.600780, 106.302250
65.100384, 107.908485
64.597659, 109.514867
64.092644, 111.121400
63.585375, 112.728087
63.075889, 114.334933
62.564225, 115.941941
62.050418, 117.549116
61.534508, 119.156461
61.016531, 120.763982
60.496527, 122.371682
59.974532, 123.979567
59.450586, 125.587641
58.924726, 127.195909
58.396993, 128.804377
57.867423, 130.413051
57.336056, 132.021935
56.802932, 133.631037
56.268088, 135.240361
55.731565, 136.849915
55.193402, 138.459706
54.653639, 140.069739
54.112314, 141.680023
53.569468, 143.290566
53.025141, 144.901374
52.479372, 146.512456
51.932202, 148.123821
51.383671, 149.735477
50.833819, 151.347435
50.282687, 152.959703
49.730315, 154.572292
49.176744, 156.185213
48.622014, 157.798476
48.066166, 159.412093
47.509241, 161.026077
46.951280, 162.640439
46.392324, 164.255195
45.832414, 165.870357
45.271591, 167.485939
44.709897, 169.101959
44.147373, 170.718431
43.584060, 172.335373
43.020000, 173.952803
42.455234, 175.570739
41.889804, 177.189201
41.323751, 178.808211
40.757118, 180.427789
40.189945, 182.047960
39.622276, 183.668748
39.054150, 185.290178
38.485612, 186.912278
37.916702, 188.535076
37.347462, 190.158604
36.777935, 191.782894
36.208162, 193.407981
35.638186, 195.033899
35.068049, 196.660690
34.497793, 198.288393
33.927460, 199.917052
33.357093, 201.546715
32.786733, 203.177432
32.216424, 204.809254
31.646206, 206.442240
31.076124, 208.076450
30.506219, 209.711950
29.936533, 211.348809
29.367110, 212.987102
28.797991, 214.626910
28.229219, 216.268320
27.660837, 217.911426
27.092887, 219.556328
26.525412, 221.203137
25.958455, 222.851970
25.392058, 224.502956
24.826264, 226.156234
24.261117, 227.811956
23.696658, 229.470288
23.132932, 231.131411
22.569981, 232.795521
22.007848, 234.462837
21.446578, 236.133597
20.886213, 237.808064
20.326798, 239.486528
19.768376, 241.169310
19.210991, 242.856766
18.654689, 244.549295
18.099513, 246.247340
17.545510, 247.951396
16.992725, 249.662021
16.441204, 251.379844
15.890994, 253.105577
15.342144, 254.840027
14.794701, 256.584118
14.248717, 258.338904
13.704241, 260.105604
13.161327, 261.885624
12.620030, 263.680603
12.080407, 265.492458
11.542518, 267.323447
11.006428, 269.176248
10.472205, 271.054064
9.939924, 272.960752
9.409668, 274.901000
8.881528, 276.880567
8.355608, 278.906598
7.832031, 280.988071
7.310941, 283.136418
6.792512, 285.366414
6.276964, 287.697488
5.764576, 290.155683
5.255720, 292.776683
4.750905, 295.610649
4.250855, 298.730188
3.756646, 302.244056
3.269958, 306.321786
2.793566, 311.240083
2.332370, 317.474145
1.895716, 325.880672
1.502846, 338.030155
1.194750, 356.436075
1.045623, 22.464687
1.117621, 50.164004
1.373827, 71.224311
1.732315, 85.171799
2.140593, 94.618766
2.573614, 101.463507
3.019484, 106.758955
3.472139, 111.082153
3.928233, 114.763316
4.385787, 118.001393
4.843557, 120.922132
5.300722, 123.608414
5.756712, 126.116873
6.211120, 128.487422
6.663642, 130.748951
7.114046, 132.922858
7.562149, 135.025320
8.007803, 137.068780
8.450884, 139.062964
8.891289, 141.015578
9.328929, 142.932810
9.763726, 144.819678
10.195608, 146.680299
10.624514, 148.518078
11.050386, 150.335858
11.473169, 152.136030
11.892816, 153.920617
12.309279, 155.691347
12.722514, 157.449699
13.132478, 159.196952
13.539132, 160.934211
13.942437, 162.662442
14.342356, 164.382491
14.738851, 166.095098
15.131889, 167.800919
15.521435, 169.500534
15.907456, 171.194460
16.289919, 172.883157
16.668792, 174.567037
17.044044, 176.246468
17.415644, 177.921784
17.783563, 179.593285
18.147771, 181.261243
18.508239, 182.925903
18.864939, 184.587490
19.217842, 186.246207
19.566921, 187.902242
19.912148, 189.555763
20.253497, 191.206927
20.590942, 192.855879
20.924456, 194.502748
21.254014, 196.147657
21.579591, 197.790719
21.901162, 199.432035
22.218703, 201.071704
22.532188, 202.709812
22.841596, 204.346444
23.146901, 205.981674
23.448082, 207.615576
23.745114, 209.248216
24.037977, 210.879655
24.326648, 212.509951
24.611106, 214.139159
24.891328, 215.767329
25.167294, 217.394509
25.438984, 219.020744
25.706377, 220.646075
25.969452, 222.270541
26.228192, 223.894180
26.482575, 225.517026
26.732583, 227.139112
26.978198, 228.760469
27.219402, 230.381126
27.456175, 232.001111
27.688502, 233.620449
27.916363, 235.239165
28.139743, 236.857283
28.358625, 238.474824
28.572993, 240.091809
28.782831, 241.708258
28.988122, 243.324190
29.188853, 244.939622
29.385007, 246.554571
29.576572, 248.169054
29.763531, 249.783085
29.945872, 251.396680
30.123581, 253.009851
30.296645, 254.622611
30.465051, 256.234974
30.628786, 257.846951
30.787839, 259.458553
30.942197, 261.069791
31.091850, 262.680676
31.236785, 264.291216
31.376994, 265.901422
31.512464, 267.511302
31.643186, 269.120864
31.769151, 270.730117
31.890349, 272.339068
32.006771, 273.947725
32.118408, 275.556093
32.225253, 277.164181
32.327297, 278.771995
32.424533, 280.379539
32.516953, 281.986821
32.604551, 283.593845
32.687320, 285.200616
32.765255, 286.807141
32.838349, 288.413422
32.906597, 290.019465
32.969994, 291.625274
33.028535, 293.230852
33.082216, 294.836205
33.131032, 296.441334
33.174981, 298.046244
33.214060, 299.650937
33.248264, 301.255417
33.277592, 302.859687
33.302041, 304.463748
33.321610, 306.067604
33.336296, 307.671256
33.346100, 309.274708
33.351020, 310.877960
33.351056, 312.481014
33.346208, 314.083873
33.336476, 315.686537
33.321860, 317.289009
33.302363, 318.891288
33.277984, 320.493376
33.248727, 322.095274
33.214593, 323.696982
33.175584, 325.298502
33.131704, 326.899833
33.082956, 328.500975
33.029343, 330.101930
32.970869, 331.702695
32.907539, 333.303273
32.839356, 334.903661
32.766327, 336.503860
32.688455, 338.103869
32.605748, 339.703687
32.518211, 341.303313
32.425851, 342.902745
32.328674, 344.501983
32.226687, 346.101025
32.119898, 347.699868
32.008315, 349.298512
31.891945, 350.896954
31.770798, 352.495192
31.644883, 354.093223
31.514207, 355.691045
31.378782, 357.288655
31.238617, 358.886049
31.093722, 0.483224
30.944108, 2.080176
30.789786, 3.676902
30.630767, 5.273398
30.467063, 6.869658
30.298686, 8.465679
30.125648, 10.061455
29.947962, 11.656981
29.765641, 13.252251
29.578698, 14.847259
29.387147, 16.441998
29.191003, 18.036462
28.990279, 19.630644
28.784990, 21.224536
28.575152, 22.818130
28.360779, 24.411416
28.141888, 26.004386
27.918494, 27.597031
27.690615, 29.189339
27.458266, 30.781299
27.221465, 32.372901
26.980229, 33.964132
26.734576, 35.554978
26.484524, 37.145425
26.230092, 38.735459
25.971297, 40.325064
25.708160, 41.914223
25.440699, 43.502918
25.168935, 45.091130
24.892887, 46.678838
24.612575, 48.266021
24.328020, 49.852655
24.039244, 51.438715
23.746267, 53.024175
23.449111, 54.609007
23.147798, 56.193179
22.842350, 57.776659
22.532790, 59.359411
22.219141, 60.941398
21.901425, 62.522578
21.579666, 64.102908
21.253889, 65.682340
20.924116, 67.260822
20.590374, 68.838298
20.252685, 70.414709
19.911076, 71.989988
19.565571, 73.564065
19.216197, 75.136860
18.862980, 76.708289
18.505945, 78.278260
18.145119, 79.846670
17.780530, 81.413407
17.412204, 82.978348
17.040169, 84.541357
16.664454, 86.102284
16.285086, 87.660963
15.902094, 89.217207
15.515507, 90.770811
15.125355, 92.321543
14.731667, 93.869144
14.334474, 95.413324
13.933805, 96.953752
13.529693, 98.490055
13.122169, 100.021808
12.711264, 101.548525
12.297012, 103.069648
11.879446, 104.584533
11.458600, 106.092431
11.034508, 107.592469
10.607207, 109.083623
10.176733, 110.564680
9.743125, 112.034198
9.306422, 113.490442
8.866666, 114.931315
8.423900, 116.354250
7.978173, 117.756076
7.529534, 119.132827
7.078039, 120.479479
6.623752, 121.789571
6.166743, 123.054651
5.707099, 124.263451
5.244924, 125.400612
4.780349, 126.444647
4.313551, 127.364562
3.844778, 128.113985
3.374398, 128.620358
2.903003, 128.763655
2.431621, 128.330711
1.962245, 126.905939
1.499328, 123.570297
1.055039, 115.913666
0.673250, 96.409238
0.525213, 51.378346
0.766900, 13.087529
1.182076, 358.049153
1.646334, 351.947639
2.129418, 349.261429
2.622243, 348.159644
3.121273, 347.908533
3.624855, 348.163668
4.132108, 348.743472
4.642513, 349.543568
5.155737, 350.499840
5.671551, 351.570781
6.189790, 352.728361
6.710324, 353.952975
7.233052, 355.230511
7.757887, 356.550550
8.284755, 357.905234
8.813589, 359.288530
9.344330, 0.695723
9.876922, 2.123082
10.411311, 3.567612
10.947447, 5.026882
11.485283, 6.498899
12.024770, 7.982013
12.565863, 9.474847
13.108518, 10.976243
13.652689, 12.485217
14.198334, 14.000934
14.745409, 15.522674
15.293870, 17.049817
15.843676, 18.581825
16.394784, 20.118229
16.947151, 21.658618
17.500736, 23.202631
18.055496, 24.749949
18.611390, 26.300289
19.168375, 27.853400
19.726409, 29.409057
20.285452, 30.967059
20.845461, 32.527226
21.406394, 34.089397
21.968209, 35.653423
22.530865, 37.219173
23.094320, 38.786525
23.658532, 40.355372
24.223460, 41.925611
24.789060, 43.497154
25.355293, 45.069916
25.922115, 46.643820
26.489485, 48.218797
27.057362, 49.794781
27.625702, 51.371714
28.194465, 52.949540
28.763608, 54.528209
29.333089, 56.107672
29.902867, 57.687888
30.472899, 59.268814
31.043144, 60.850414
31.613559, 62.432651
32.184103, 64.015494
32.754734, 65.598912
33.325409, 67.182877
33.896087, 68.767361
34.466726, 70.352339
35.037284, 71.937789
35.607719, 73.523687
36.177989, 75.110014
36.748053, 76.696750
37.317867, 78.283876
37.887391, 79.871376
38.456583, 81.459233
39.025401, 83.047432
39.593803, 84.635958
40.161747, 86.224798
40.729192, 87.813938
41.296096, 89.403367
41.862418, 90.993072
42.428115, 92.583043
42.993147, 94.173270
43.557472, 95.763742
44.121049, 97.354449
44.683836, 98.945384
45.245791, 100.536538
45.806875, 102.127901
46.367045, 103.719468
46.926260, 105.311230
47.484481, 106.903180
48.041664, 108.495312
48.597770, 110.087619
49.152758, 111.680095
49.706588, 113.272735
50.259218, 114.865532
50.810607, 116.458482
51.360717, 118.051579
51.909506, 119.644818
52.456934, 121.238196
53.002960, 122.831706
53.547546, 124.425346
54.090650, 126.019111
54.632234, 127.612997
55.172257, 129.207000
55.710680, 130.801116
56.247463, 132.395342
56.782567, 133.989676
57.315953, 135.584112
57.847581, 137.178649
58.377413, 138.773284
58.905410, 140.368013
59.431533, 141.962834
59.955744, 143.557743
60.478004, 145.152740
60.998274, 146.747820
61.516518, 148.342982
62.032696, 149.938223
62.546770, 151.533541
63.058704, 153.128935
63.568460, 154.724401
64.076000, 156.319938
64.581287, 157.915544
65.084284, 159.511217
65.584954, 161.106956
66.083261, 162.702758
66.579167, 164.298622
67.072637, 165.894546
67.563635, 167.490529
68.052124, 169.086569
68.538068, 170.682664
69.021433, 172.278814
69.502182, 173.875017
69.980281, 175.471271
70.455693, 177.067575
70.928386, 178.663929
71.398323, 180.260330
71.865470, 181.856777
72.329793, 183.453270
72.791259, 185.049807
73.249833, 186.646387
73.705481, 188.243009
74.158171, 189.839672
74.607868, 191.436376
75.054541, 193.033118
75.498156, 194.629899
75.938681, 196.226717
76.376084, 197.823571
76.810332, 199.420461
77.241394, 201.017385
77.669237, 202.614343
78.093832, 204.211334
78.515146, 205.808358
78.933149, 207.405413
79.347810, 209.002498
79.759098, 210.599614
80.166984, 212.196759
80.571438, 213.793933
80.972430, 215.391135
81.369930, 216.988364
81.763910, 218.585620
82.154340, 220.182902
82.541193, 221.780210
82.924439, 223.377543
83.304051, 224.974900
83.680000, 226.572280
84.052259, 228.169684
84.420802, 229.767111
84.785600, 231.364560
85.146627, 232.962031
85.503857, 234.559523
85.857264, 236.157035
86.206821, 237.754568
86.552503, 239.352121
86.894285, 240.949693
87.232141, 242.547284
87.566047, 244.144894
87.895979, 245.742521
88.221911, 247.340166
88.543821, 248.937829
88.861685, 250.535508
89.175479, 252.133204
89.485180, 253.730915
89.790766, 255.328643
90.092215, 256.926385
90.389503, 258.524143
90.682610, 260.121915
90.971514, 261.719702
91.256194, 263.317503
91.536629, 264.915317
91.812798, 266.513144
92.084681, 268.110984
92.352258, 269.708837
92.615510, 271.306703
92.874417, 272.904580
93.128960, 274.502469
93.379121, 276.100369
93.624882, 277.698281
93.866223, 279.296203
94.103129, 280.894136
94.335580, 282.492080
94.563561, 284.090033
94.787054, 285.687996
95.006043, 287.285969
95.220513, 288.883951
95.430446, 290.481941
95.635829, 292.079941
95.836646, 293.677949
96.032882, 295.275965
96.224522, 296.873990
96.411554, 298.472022
96.593962, 300.070062
96.771734, 301.668109
96.944857, 303.266163
97.113318, 304.864224
97.277104, 306.462291
97.436204, 308.060365
97.590606, 309.658445
97.740299, 311.256532
97.885271, 312.854624
98.025513, 314.452721
98.161013, 316.050824
98.291762, 317.648932
98.417750, 319.247045
98.538968, 320.845163
98.655408, 322.443285
98.767060, 324.041412
98.873916, 325.639542
98.975969, 327.237677
99.073212, 328.835816
99.165636, 330.433958
99.253235, 332.032103
99.336003, 333.630252
99.413934, 335.228403
99.487022, 336.826558
99.555262, 338.424715
99.618648, 340.022874
99.677177, 341.621036
99.730843, 343.219200
99.779642, 344.817366
99.823572, 346.415533
99.862630, 348.013702
99.896811, 349.611873
99.926113, 351.210044
99.950536, 352.808217
99.970076, 354.406390
99.984732, 356.004564
99.994503, 357.602738
99.999389, 359.200913
99.999389, 0.799087
99.994503, 2.397262
99.984732, 3.995436
99.970076, 5.593610
99.950536, 7.191783
99.926113, 8.789956
99.896811, 10.388127
99.862630, 11.986298
99.823572, 13.584467
99.779642, 15.182634
99.730843, 16.780800
99.677177, 18.378964
99.618648, 19.977126
99.555262, 21.575285
99.487022, 23.173442
99.413934, 24.771597
99.336003, 26.369748
99.253235, 27.967897
99.165636, 29.566042
99.073212, 31.164184
98.975969, 32.762323
98.873916, 34.360458
98.767060, 35.958588
98.655408, 37.556715
98.538968, 39.154837
98.417750, 40.752955
98.291762, 42.351068
98.161013, 43.949176
98.025513, 45.547279
97.885271, 47.145376
97.740299, 48.743468
97.590606, 50.341555
97.436204, 51.939635
97.277104, 53.537709
97.113318, 55.135776
96.944857, 56.733837
96.771734, 58.331891
96.593962, 59.929938
96.411554, 61.527978
96.224522, 63.126010
96.032882, 64.724035
95.836646, 66.322051
95.635829, 67.920059
95.430446, 69.518059
95.220513, 71.116049
95.006043, 72.714031
94.787054, 74.312004
94.563561, 75.909967
94.335580, 77.507920
94.103129, 79.105864
93.866223, 80.703797
93.624882, 82.301719
93.379121, 83.899631
93.128960, 85.497531
92.874417, 87.095420
92.615510, 88.693297
92.352258, 90.291163
92.084681, 91.889016
91.812798, 93.486856
91.536629, 95.084683
91.256194, 96.682497
90.971514, 98.280298
90.682610, 99.878085
90.389503, 101.475857
90.092215, 103.073615
89.790766, 104.671357
89.485180, 106.269085
89.175479, 107.866796
88.861685, 109.464492
88.543821, 111.062171
88.221911, 112.659834
87.895979, 114.257479
87.566047, 115.855106
87.232141, 117.452716
86.894285, 119.050307
86.552503, 120.647879
86.206821, 122.245432
85.857264, 123.842965
85.503857, 125.440477
85.146627, 127.037969
84.785600, 128.635440
84.420802, 130.232889
84.052259, 131.830316
83.680000, 133.427720
83.304051, 135.025100
82.924439, 136.622457
82.541193, 138.219790
82.154340, 139.817098
81.763910, 141.414380
81.369930, 143.011636
80.972430, 144.608865
80.571438, 146.206067
80.166984, 147.803241
79.759098, 149.400386
79.347810, 150.997502
78.933149, 152.594587
78.515146, 154.191642
78.093832, 155.788666
77.669237, 157.385657
77.241394, 158.982615
76.810332, 160.579539
76.376084, 162.176429
75.938681, 163.773283
75.498156, 165.370101
75.054541, 166.966882
74.607868, 168.563624
74.158171, 170.160328
73.705481, 171.756991
73.249833, 173.353613
72.791259, 174.950193
72.329793, 176.546730
71.865470, 178.143223
71.398323, 179.739670
70.928386, 181.336071
70.455693, 182.932425
69.980281, 184.528729
69.502182, 186.124983
69.021433, 187.721186
68.538068, 189.317336
68.052124, 190.913431
67.563635, 192.509471
67.072637, 194.105454
66.579167, 195.701378
66.083261, 197.297242
65.584954, 198.893044
65.084284, 200.488783
64.581287, 202.084456
64.076000, 203.680062
63.568460, 205.275599
63.058704, 206.871065
62.546770, 208.466459
62.032696, 210.061777
61.516518, 211.657018
60.998274, 213.252180
60.478004, 214.847260
59.955744, 216.442257
59.431533, 218.037166
58.905410, 219.631987
58.377413, 221.226716
57.847581, 222.821351
57.315953, 224.415888
56.782567, 226.010324
56.247463, 227.604658
55.710680, 229.198884
55.172257, 230.793000
54.632234, 232.387003
54.090650, 233.980889
53.547546, 235.574654
53.002960, 237.168294
52.456934, 238.761804
51.909506, 240.355182
51.360717, 241.948421
50.810607, 243.541518
50.259218, 245.134468
49.706588, 246.727265
49.152758, 248.319905
48.597770, 249.912381
48.041664, 251.504688
47.484481, 253.096820
46.926260, 254.688770
46.367045, 256.280532
45.806875, 257.872099
45.245791, 259.463462
44.683836, 261.054616
44.121049, 262.645551
43.557472, 264.236258
42.993147, 265.826730
42.428115, 267.416957
41.862418, 269.006928
41.296096, 270.596633
40.729192, 272.186062
40.161747, 273.775202
39.593803, 275.364042
39.025401, 276.952568
38.456583, 278.540767
37.887391, 280.128624
37.317867, 281.716124
36.748053, 283.303250
36.177989, 284.889986
35.607719, 286.476313
35.037284, 288.062211
34.466726, 289.647661
33.896087, 291.232639
33.325409, 292.817123
32.754734, 294.401088
32.184103, 295.984506
31.613559, 297.567349
31.043144, 299.149586
30.472899, 300.731186
29.902867, 302.312112
29.333089, 303.892328
28.763608, 305.471791
28.194465, 307.050460
27.625702, 308.628286
27.057362, 310.205219
26.489485, 311.781203
25.922115, 313.356180
25.355293, 314.930084
24.789060, 316.502846
24.223460, 318.074389
23.658532, 319.644628
23.094320, 321.213475
22.530865, 322.780827
21.968209, 324.346577
21.406394, 325.910603
20.845461, 327.472774
20.285452, 329.032941
19.726409, 330.590943
19.168375, 332.146600
18.611390, 333.699711
18.055496, 335.250051
17.500736, 336.797369
16.947151, 338.341382
16.394784, 339.881771
15.843676, 341.418175
15.293870, 342.950183
14.745409, 344.477326
14.198334, 345.999066
13.652689, 347.514783
13.108518, 349.023757
12.565863, 350.525153
12.024770, 352.017987
11.485283, 353.501101
10.947447, 354.973118
10.411311, 356.432388
9.876922, 357.876918
9.344330, 359.304277
8.813589, 0.711470
8.284755, 2.094766
7.757887, 3.449450
7.233052, 4.769489
6.710324, 6.047025
6.189790, 7.271639
5.671551, 8.429219
5.155737, 9.500160
4.642513, 10.456432
4.132108, 11.256528
3.624855, 11.836332
3.121273, 12.091467
2.622243, 11.840356
2.129418, 10.738571
1.646334, 8.052361
1.182076, 1.950847
0.766900, 346.912471
0.525213, 308.621654
0.673250, 263.590762
1.055039, 244.086334
1.499328, 236.429703
1.962245, 233.094061
2.431621, 231.669289
2.903003, 231.236345
3.374398, 231.379642
3.844778, 231.886015
4.313551, 232.635438
4.780349, 233.555353
5.244924, 234.599388
5.707099, 235.736549
6.166743, 236.945349
6.623752, 238.210429
7.078039, 239.520521
7.529534, 240.867173
7.978173, 242.243924
8.423900, 243.645750
8.866666, 245.068685
9.306422, 246.509558
9.743125, 247.965802
10.176733, 249.435320
10.607207, 250.916377
11.034508, 252.407531
11.458600, 253.907569
11.879446, 255.415467
12.297012, 256.930352
12.711264, 258.451475
13.122169, 259.978192
13.529693, 261.509945
13.933805, 263.046248
14.334474, 264.586676
14.731667, 266.130856
15.125355, 267.678457
15.515507, 269.229189
15.902094, 270.782793
16.285086, 272.339037
16.664454, 273.897716
17.040169, 275.458643
17.412204, 277.021652
17.780530, 278.586593
18.145119, 280.153330
18.505945, 281.721740
18.862980, 283.291711
19.216197, 284.863140
19.565571, 286.435935
19.911076, 288.010012
20.252685, 289.585291
20.590374, 291.161702
20.924116, 292.739178
21.253889, 294.317660
21.579666, 295.897092
21.901425, 297.477422
22.219141, 299.058602
22.532790, 300.640589
22.842350, 302.223341
23.147798, 303.806821
23.449111, 305.390993
23.746267, 306.975825
24.039244, 308.561285
24.328020, 310.147345
24.612575, 311.733979
24.892887, 313.321162
25.168935, 314.908870
25.440699, 316.497082
25.708160, 318.085777
25.971297, 319.674936
26.230092, 321.264541
26.484524, 322.854575
26.734576, 324.445022
26.980229, 326.035868
27.221465, 327.627099
27.458266, 329.218701
27.690615, 330.810661
27.918494, 332.402969
28.141888, 333.995614
28.360779, 335.588584
28.575152, 337.181870
28.784990, 338.775464
28.990279, 340.369356
29.191003, 341.963538
29.387147, 343.558002
29.578698, 345.152741
29.765641, 346.747749
29.947962, 348.343019
30.125648, 349.938545
30.298686, 351.534321
30.467063, 353.130342
30.630767, 354.726602
30.789786, 356.323098
30.944108, 357.919824
31.093722, 359.516776
31.238617, 1.113951
31.378782, 2.711345
31.514207, 4.308955
31.644883, 5.906777
31.770798, 7.504808
31.891945, 9.103046
32.008315, 10.701488
32.119898, 12.300132
32.226687, 13.898975
32.328674, 15.498017
32.425851, 17.097255
32.518211, 18.696687
32.605748, 20.296313
32.688455, 21.896131
32.766327, 23.496140
32.839356, 25.096339
32.907539, 26.696727
32.970869, 28.297305
33.029343, 29.898070
33.082956, 31.499025
33.131704, 33.100167
33.175584, 34.701498
33.214593, 36.303018
33.248727, 37.904726
33.277984, 39.506624
33.302363, 41.108712
33.321860, 42.710991
33.336476, 44.313463
33.346208, 45.916127
33.351056, 47.518986
33.351020, 49.122040
33.346100, 50.725292
33.336296, 52.328744
33.321610, 53.932396
33.302041, 55.536252
33.277592, 57.140313
33.248264, 58.744583
33.214060, 60.349063
33.174981, 61.953756
33.131032, 63.558666
33.082216, 65.163795
33.028535, 66.769148
32.969994, 68.374726
32.906597, 69.980535
32.838349, 71.586578
32.765255, 73.192859
32.687320, 74.799384
32.604551, 76.406155
32.516953, 78.013179
32.424533, 79.620461
32.327297, 81.228005
32.225253, 82.835819
32.118408, 84.443907
32.006771, 86.052275
31.890349, 87.660932
31.769151, 89.269883
31.643186, 90.879136
31.512464, 92.488698
31.376994, 94.098578
31.236785, 95.708784
31.091850, 97.319324
30.942197, 98.930209
30.787839, 100.541447
30.628786, 102.153049
30.465051, 103.765026
30.296645, 105.377389
30.123581, 106.990149
29.945872, 108.603320
29.763531, 110.216915
29.576572, 111.830946
29.385007, 113.445429
29.188853, 115.060378
28.988122, 116.675810
28.782831, 118.291742
28.572993, 119.908191
28.358625, 121.525176
28.139743, 123.142717
27.916363, 124.760835
27.688502, 126.379551
27.456175, 127.998889
27.219402, 129.618874
26.978198, 131.239531
26.732583, 132.860888
26.482575, 134.482974
26.228192, 136.105820
25.969452, 137.729459
25.706377, 139.353925
25.438984, 140.979256
25.167294, 142.605491
24.891328, 144.232671
24.611106, 145.860841
24.326648, 147.490049
24.037977, 149.120345
23.745114, 150.751784
23.448082, 152.384424
23.146901, 154.018326
22.841596, 155.653556
22.532188, 157.290188
22.218703, 158.928296
21.901162, 160.567965
21.579591, 162.209281
21.254014, 163.852343
20.924456, 165.497252
20.590942, 167.144121
20.253497, 168.793073
19.912148, 170.444237
19.566921, 172.097758
19.217842, 173.753793
18.864939, 175.412510
18.508239, 177.074097
18.147771, 178.738757
17.783563, 180.406715
17.415644, 182.078216
17.044044, 183.753532
16.668792, 185.432963
16.289919, 187.116843
15.907456, 188.805540
15.521435, 190.499466
15.131889, 192.199081
14.738851, 193.904902
14.342356, 195.617509
13.942437, 197.337558
13.539132, 199.065789
13.132478, 200.803048
12.722514, 202.550301
12.309279, 204.308653
11.892816, 206.079383
11.473169, 207.863970
11.050386, 209.664142
10.624514, 211.481922
10.195608, 213.319701
9.763726, 215.180322
9.328929, 217.067190
8.891289, 218.984422
8.450884, 220.937036
8.007803, 222.931220
7.562149, 224.974680
7.114046, 227.077142
6.663642, 229.251049
6.211120, 231.512578
5.756712, 233.883127
5.300722, 236.391586
4.843557, 239.077868
4.385787, 241.998607
3.928233, 245.236684
3.472139, 248.917847
3.019484, 253.241045
2.573614, 258.536493
2.140593, 265.381234
1.732315, 274.828201
1.373827, 288.775689
1.117621, 309.835996
1.045623, 337.535313
1.194750, 3.563925
1.502846, 21.969845
1.895716, 34.119328
2.332370, 42.525855
2.793566, 48.759917
3.269958, 53.678214
3.756646, 57.755944
4.250855, 61.269812
4.750905, 64.389351
5.255720, 67.223317
5.764576, 69.844317
6.276964, 72.302512
6.792512, 74.633586
7.310941, 76.863582
7.832031, 79.011929
8.355608, 81.093402
8.881528, 83.119433
9.409668, 85.099000
9.939924, 87.039248
10.472205, 88.945936
11.006428, 90.823752
11.542518, 92.676553
12.080407, 94.507542
12.620030, 96.319397
13.161327, 98.114376
13.704241, 99.894396
14.248717, 101.661096
14.794701, 103.415882
15.342144, 105.159973
15.890994, 106.894423
16.441204, 108.620156
16.992725, 110.337979
17.545510, 112.048604
18.099513, 113.752660
18.654689, 115.450705
19.210991, 117.143234
19.768376, 118.830690
20.326798, 120.513472
20.886213, 122.191936
21.446578, 123.866403
22.007848, 125.537163
22.569981, 127.204479
23.132932, 128.868589
23.696658, 130.529712
24.261117, 132.188044
24.826264, 133.843766
25.392058, 135.497044
25.958455, 137.148030
26.525412, 138.796863
27.092887, 140.443672
27.660837, 142.088574
28.229219, 143.731680
28.797991, 145.373090
29.367110, 147.012898
29.936533, 148.651191
30.506219, 150.288050
31.076124, 151.923550
31.646206, 153.557760
32.216424, 155.190746
32.786733, 156.822568
33.357093, 158.453285
33.927460, 160.082948
34.497793, 161.711607
35.068049, 163.339310
35.638186, 164.966101
36.208162, 166.592019
36.777935, 168.217106
37.347462, 169.841396
37.916702, 171.464924
38.485612, 173.087722
39.054150, 174.709822
39.622276, 176.331252
40.189945, 177.952040
40.757118, 179.572211
41.323751, 181.191789
41.889804, 182.810799
42.455234, 184.429261
43.020000, 186.047197
43.584060, 187.664627
44.147373, 189.281569
44.709897, 190.898041
45.271591, 192.514061
45.832414, 194.129643
46.392324, 195.744805
46.951280, 197.359561
47.509241, 198.973923
48.066166, 200.587907
48.622014, 202.201524
49.176744, 203.814787
49.730315, 205.427708
50.282687, 207.040297
50.833819, 208.652565
51.383671, 210.264523
51.932202, 211.876179
52.479372, 213.487544
53.025141, 215.098626
53.569468, 216.709434
54.112314, 218.319977
54.653639, 219.930261
55.193402, 221.540294
55.731565, 223.150085
56.268088, 224.759639
56.802932, 226.368963
57.336056, 227.978065
57.867423, 229.586949
58.396993, 231.195623
58.924726, 232.804091
59.450586, 234.412359
59.974532, 236.020433
60.496527, 237.628318
61.016531, 239.236018
61.534508, 240.843539
62.050418, 242.450884
62.564225, 244.058059
63.075889, 245.665067
63.585375, 247.271913
64.092644, 248.878600
64.597659, 250.485133
65.100384, 252.091515
65.600780, 253.697750
66.098812, 255.303840
66.594443, 256.909791
67.087637, 258.515603
67.578357, 260.121282
68.066568, 261.726830
68.552233, 263.332249
69.035317, 264.937542
69.515785, 266.542713
69.993601, 268.147764
70.468730, 269.752697
70.941138, 271.357515
71.410789, 272.962220
71.877650, 274.566815
72.341686, 276.171302
72.802863, 277.775683
##END=
