##TITLE= Parameter file, TopSpin 4.3.0
##JCAMPDX= 5.0
##DATATYPE= Parameter Values
##ORIGIN= Bruker BioSpin GmbH
##OWNER= nmrsu
$$ 2024-05-31 13:31:14.744 +0100  nmrsu@4CE1161FJM
$$ C:/Bruker/TopSpin4.3.0/exp/stan/nmr/lists/wave/user/multisupp_aux_d8
$$ process C:\Bruker\TopSpin4.3.0\prog\mod\xwinshape.exe
##MINX= 14.96362800
##MAXX= 99.99722500
##MINY= 0.32665000
##MAXY= 359.67335000
##$SHAPE_ADDPHASE= 0
##$SHAPE_AMP= 99.99722457
##$SHAPE_BWFAC= 0
##$SHAPE_BWFAC50= 0
##$SHAPE_CALCBW= yes
##$SHAPE_CALCINTEG= yes
##$SHAPE_EXMODE= <Excitation>
##$SHAPE_EXPAND= <>
##$SHAPE_EXPANDCF= (0..143)
0 0 0 0 0 0 0 0 0 0 0 0 0 0 0 0 0 0 0 0 0 0 0 0 0 0 0 0 0 0 0 0 0 0 0 0
0 0 0 0 0 0 0 0 0 0 0 0 0 0 0 0 0 0 0 0 0 0 0 0 0 0 0 0 0 0 0 0 0 0 0 0
0 0 0 0 0 0 0 0 0 0 0 0 0 0 0 0 0 0 0 0 0 0 0 0 0 0 0 0 0 0 0 0 0 0 0 0
0 0 0 0 0 0 0 0 0 0 0 0 0 0 0 0 0 0 0 0 0 0 0 0 0 0 0 0 0 0 0 0 0 0 0 0
##$SHAPE_EXPFAC= 0
##$SHAPE_FRACEND= 0
##$SHAPE_FRACORG= 0
##$SHAPE_FRACSTART= 0
##$SHAPE_INTEGFAC= 0
##$SHAPE_KEEPRES= yes
##$SHAPE_LENGTH= 25000.000373
##$SHAPE_MAN= <M>
##$SHAPE_MODE= 3
##$SHAPE_MODFREQ= 0
##$SHAPE_MODPHASE= 0
##$SHAPE_MODSCALE= 0
##$SHAPE_MODSW= 0
##$SHAPE_MODSWDIR= -1
##$SHAPE_NPOINTS= 1250
##$SHAPE_OFFS= <1 3>
##$SHAPE_OFFSCOEFF= (0..95)
72.329926 0 100 -138.38353 0 100 -206.1526 0 100 0 0 0 0 0 0 0 0 0 0 0
0 0 0 0 0 0 0 0 0 0 0 0 0 0 0 0 0 0 0 0 0 0 0 0 0 0 0 0 0 0 0 0 0 0 0 0
0 0 0 0 0 0 0 0 0 0 0 0 0 0 0 0 0 0 0 0 0 0 0 0 0 0 0 0 0 0 0 0 0 0 0 0
0 0 0 0
##$SHAPE_PARAMETER= <>
##$SHAPE_REPHFAC= 0
##$SHAPE_RES= 0
##$SHAPE_SCALEFAC= 1.00002776
##$SHAPE_SCALETYPE= 0
##$SHAPE_SPOAL= 0
##$SHAPE_SPOFFS= 0
##$SHAPE_SPOPH= 0
##$SHAPE_TOTROT= 90
##$SHAPE_TYPE= <Excitation>
##$SHAPE_USER_DEF= <>
##$SHAPE_VERSION= 2.1
##$SHL_ADDPHASE= (0..15)
0 0 0 0 0 0 0 0 0 0 0 0 0 0 0 0
##$SHL_ALIGNOFFSET= (0..15)
0 0 0 0 0 0 0 0 0 0 0 0 0 0 0 0
##$SHL_AMP= (0..15)
100 0 0 0 0 0 0 0 0 0 0 0 0 0 0 0
##$SHL_AMPFAC= (0..15)
0 0 0 0 0 0 0 0 0 0 0 0 0 0 0 0
##$SHL_BETA= (0..15)
0 0 0 0 0 0 0 0 0 0 0 0 0 0 0 0
##$SHL_BWFAC= (0..15)
1.116 0 0 0 0 0 0 0 0 0 0 0 0 0 0 0
##$SHL_CALCBW= (0..15)
yes yes yes yes yes yes yes yes yes yes yes yes yes yes yes yes
##$SHL_CALCINTEG= (0..15)
yes yes yes yes yes yes yes yes yes yes yes yes yes yes yes yes
##$SHL_CENTERAMP= (0..15)
0 0 0 0 0 0 0 0 0 0 0 0 0 0 0 0
##$SHL_CYCNUM= (0..15)
0 0 0 0 0 0 0 0 0 0 0 0 0 0 0 0
##$SHL_DIPOLCPL= (0..15)
0 0 0 0 0 0 0 0 0 0 0 0 0 0 0 0
##$SHL_ENDAMP= (0..15)
0 0 0 0 0 0 0 0 0 0 0 0 0 0 0 0
##$SHL_EXMODE= (0..15)
<Excitation> <> <> <> <> <> <> <> <> <> <> <> <> <> <> <>
##$SHL_EXPAND= (0..15)
<> <> <> <> <> <> <> <> <> <> <> <> <> <> <> <>
##$SHL_EXPANDCF0= (0..143)
0 0 0 0 0 0 0 0 0 0 0 0 0 0 0 0 0 0 0 0 0 0 0 0 0 0 0 0 0 0 0 0 0 0 0 0
0 0 0 0 0 0 0 0 0 0 0 0 0 0 0 0 0 0 0 0 0 0 0 0 0 0 0 0 0 0 0 0 0 0 0 0
0 0 0 0 0 0 0 0 0 0 0 0 0 0 0 0 0 0 0 0 0 0 0 0 0 0 0 0 0 0 0 0 0 0 0 0
0 0 0 0 0 0 0 0 0 0 0 0 0 0 0 0 0 0 0 0 0 0 0 0 0 0 0 0 0 0 0 0 0 0 0 0
##$SHL_EXPANDCF1= (0..143)
0 0 0 0 0 0 0 0 0 0 0 0 0 0 0 0 0 0 0 0 0 0 0 0 0 0 0 0 0 0 0 0 0 0 0 0
0 0 0 0 0 0 0 0 0 0 0 0 0 0 0 0 0 0 0 0 0 0 0 0 0 0 0 0 0 0 0 0 0 0 0 0
0 0 0 0 0 0 0 0 0 0 0 0 0 0 0 0 0 0 0 0 0 0 0 0 0 0 0 0 0 0 0 0 0 0 0 0
0 0 0 0 0 0 0 0 0 0 0 0 0 0 0 0 0 0 0 0 0 0 0 0 0 0 0 0 0 0 0 0 0 0 0 0
##$SHL_EXPANDCF10= (0..143)
0 0 0 0 0 0 0 0 0 0 0 0 0 0 0 0 0 0 0 0 0 0 0 0 0 0 0 0 0 0 0 0 0 0 0 0
0 0 0 0 0 0 0 0 0 0 0 0 0 0 0 0 0 0 0 0 0 0 0 0 0 0 0 0 0 0 0 0 0 0 0 0
0 0 0 0 0 0 0 0 0 0 0 0 0 0 0 0 0 0 0 0 0 0 0 0 0 0 0 0 0 0 0 0 0 0 0 0
0 0 0 0 0 0 0 0 0 0 0 0 0 0 0 0 0 0 0 0 0 0 0 0 0 0 0 0 0 0 0 0 0 0 0 0
##$SHL_EXPANDCF11= (0..143)
0 0 0 0 0 0 0 0 0 0 0 0 0 0 0 0 0 0 0 0 0 0 0 0 0 0 0 0 0 0 0 0 0 0 0 0
0 0 0 0 0 0 0 0 0 0 0 0 0 0 0 0 0 0 0 0 0 0 0 0 0 0 0 0 0 0 0 0 0 0 0 0
0 0 0 0 0 0 0 0 0 0 0 0 0 0 0 0 0 0 0 0 0 0 0 0 0 0 0 0 0 0 0 0 0 0 0 0
0 0 0 0 0 0 0 0 0 0 0 0 0 0 0 0 0 0 0 0 0 0 0 0 0 0 0 0 0 0 0 0 0 0 0 0
##$SHL_EXPANDCF12= (0..143)
0 0 0 0 0 0 0 0 0 0 0 0 0 0 0 0 0 0 0 0 0 0 0 0 0 0 0 0 0 0 0 0 0 0 0 0
0 0 0 0 0 0 0 0 0 0 0 0 0 0 0 0 0 0 0 0 0 0 0 0 0 0 0 0 0 0 0 0 0 0 0 0
0 0 0 0 0 0 0 0 0 0 0 0 0 0 0 0 0 0 0 0 0 0 0 0 0 0 0 0 0 0 0 0 0 0 0 0
0 0 0 0 0 0 0 0 0 0 0 0 0 0 0 0 0 0 0 0 0 0 0 0 0 0 0 0 0 0 0 0 0 0 0 0
##$SHL_EXPANDCF13= (0..143)
0 0 0 0 0 0 0 0 0 0 0 0 0 0 0 0 0 0 0 0 0 0 0 0 0 0 0 0 0 0 0 0 0 0 0 0
0 0 0 0 0 0 0 0 0 0 0 0 0 0 0 0 0 0 0 0 0 0 0 0 0 0 0 0 0 0 0 0 0 0 0 0
0 0 0 0 0 0 0 0 0 0 0 0 0 0 0 0 0 0 0 0 0 0 0 0 0 0 0 0 0 0 0 0 0 0 0 0
0 0 0 0 0 0 0 0 0 0 0 0 0 0 0 0 0 0 0 0 0 0 0 0 0 0 0 0 0 0 0 0 0 0 0 0
##$SHL_EXPANDCF14= (0..143)
0 0 0 0 0 0 0 0 0 0 0 0 0 0 0 0 0 0 0 0 0 0 0 0 0 0 0 0 0 0 0 0 0 0 0 0
0 0 0 0 0 0 0 0 0 0 0 0 0 0 0 0 0 0 0 0 0 0 0 0 0 0 0 0 0 0 0 0 0 0 0 0
0 0 0 0 0 0 0 0 0 0 0 0 0 0 0 0 0 0 0 0 0 0 0 0 0 0 0 0 0 0 0 0 0 0 0 0
0 0 0 0 0 0 0 0 0 0 0 0 0 0 0 0 0 0 0 0 0 0 0 0 0 0 0 0 0 0 0 0 0 0 0 0
##$SHL_EXPANDCF15= (0..143)
0 0 0 0 0 0 0 0 0 0 0 0 0 0 0 0 0 0 0 0 0 0 0 0 0 0 0 0 0 0 0 0 0 0 0 0
0 0 0 0 0 0 0 0 0 0 0 0 0 0 0 0 0 0 0 0 0 0 0 0 0 0 0 0 0 0 0 0 0 0 0 0
0 0 0 0 0 0 0 0 0 0 0 0 0 0 0 0 0 0 0 0 0 0 0 0 0 0 0 0 0 0 0 0 0 0 0 0
0 0 0 0 0 0 0 0 0 0 0 0 0 0 0 0 0 0 0 0 0 0 0 0 0 0 0 0 0 0 0 0 0 0 0 0
##$SHL_EXPANDCF2= (0..143)
0 0 0 0 0 0 0 0 0 0 0 0 0 0 0 0 0 0 0 0 0 0 0 0 0 0 0 0 0 0 0 0 0 0 0 0
0 0 0 0 0 0 0 0 0 0 0 0 0 0 0 0 0 0 0 0 0 0 0 0 0 0 0 0 0 0 0 0 0 0 0 0
0 0 0 0 0 0 0 0 0 0 0 0 0 0 0 0 0 0 0 0 0 0 0 0 0 0 0 0 0 0 0 0 0 0 0 0
0 0 0 0 0 0 0 0 0 0 0 0 0 0 0 0 0 0 0 0 0 0 0 0 0 0 0 0 0 0 0 0 0 0 0 0
##$SHL_EXPANDCF3= (0..143)
0 0 0 0 0 0 0 0 0 0 0 0 0 0 0 0 0 0 0 0 0 0 0 0 0 0 0 0 0 0 0 0 0 0 0 0
0 0 0 0 0 0 0 0 0 0 0 0 0 0 0 0 0 0 0 0 0 0 0 0 0 0 0 0 0 0 0 0 0 0 0 0
0 0 0 0 0 0 0 0 0 0 0 0 0 0 0 0 0 0 0 0 0 0 0 0 0 0 0 0 0 0 0 0 0 0 0 0
0 0 0 0 0 0 0 0 0 0 0 0 0 0 0 0 0 0 0 0 0 0 0 0 0 0 0 0 0 0 0 0 0 0 0 0
##$SHL_EXPANDCF4= (0..143)
0 0 0 0 0 0 0 0 0 0 0 0 0 0 0 0 0 0 0 0 0 0 0 0 0 0 0 0 0 0 0 0 0 0 0 0
0 0 0 0 0 0 0 0 0 0 0 0 0 0 0 0 0 0 0 0 0 0 0 0 0 0 0 0 0 0 0 0 0 0 0 0
0 0 0 0 0 0 0 0 0 0 0 0 0 0 0 0 0 0 0 0 0 0 0 0 0 0 0 0 0 0 0 0 0 0 0 0
0 0 0 0 0 0 0 0 0 0 0 0 0 0 0 0 0 0 0 0 0 0 0 0 0 0 0 0 0 0 0 0 0 0 0 0
##$SHL_EXPANDCF5= (0..143)
0 0 0 0 0 0 0 0 0 0 0 0 0 0 0 0 0 0 0 0 0 0 0 0 0 0 0 0 0 0 0 0 0 0 0 0
0 0 0 0 0 0 0 0 0 0 0 0 0 0 0 0 0 0 0 0 0 0 0 0 0 0 0 0 0 0 0 0 0 0 0 0
0 0 0 0 0 0 0 0 0 0 0 0 0 0 0 0 0 0 0 0 0 0 0 0 0 0 0 0 0 0 0 0 0 0 0 0
0 0 0 0 0 0 0 0 0 0 0 0 0 0 0 0 0 0 0 0 0 0 0 0 0 0 0 0 0 0 0 0 0 0 0 0
##$SHL_EXPANDCF6= (0..143)
0 0 0 0 0 0 0 0 0 0 0 0 0 0 0 0 0 0 0 0 0 0 0 0 0 0 0 0 0 0 0 0 0 0 0 0
0 0 0 0 0 0 0 0 0 0 0 0 0 0 0 0 0 0 0 0 0 0 0 0 0 0 0 0 0 0 0 0 0 0 0 0
0 0 0 0 0 0 0 0 0 0 0 0 0 0 0 0 0 0 0 0 0 0 0 0 0 0 0 0 0 0 0 0 0 0 0 0
0 0 0 0 0 0 0 0 0 0 0 0 0 0 0 0 0 0 0 0 0 0 0 0 0 0 0 0 0 0 0 0 0 0 0 0
##$SHL_EXPANDCF7= (0..143)
0 0 0 0 0 0 0 0 0 0 0 0 0 0 0 0 0 0 0 0 0 0 0 0 0 0 0 0 0 0 0 0 0 0 0 0
0 0 0 0 0 0 0 0 0 0 0 0 0 0 0 0 0 0 0 0 0 0 0 0 0 0 0 0 0 0 0 0 0 0 0 0
0 0 0 0 0 0 0 0 0 0 0 0 0 0 0 0 0 0 0 0 0 0 0 0 0 0 0 0 0 0 0 0 0 0 0 0
0 0 0 0 0 0 0 0 0 0 0 0 0 0 0 0 0 0 0 0 0 0 0 0 0 0 0 0 0 0 0 0 0 0 0 0
##$SHL_EXPANDCF8= (0..143)
0 0 0 0 0 0 0 0 0 0 0 0 0 0 0 0 0 0 0 0 0 0 0 0 0 0 0 0 0 0 0 0 0 0 0 0
0 0 0 0 0 0 0 0 0 0 0 0 0 0 0 0 0 0 0 0 0 0 0 0 0 0 0 0 0 0 0 0 0 0 0 0
0 0 0 0 0 0 0 0 0 0 0 0 0 0 0 0 0 0 0 0 0 0 0 0 0 0 0 0 0 0 0 0 0 0 0 0
0 0 0 0 0 0 0 0 0 0 0 0 0 0 0 0 0 0 0 0 0 0 0 0 0 0 0 0 0 0 0 0 0 0 0 0
##$SHL_EXPANDCF9= (0..143)
0 0 0 0 0 0 0 0 0 0 0 0 0 0 0 0 0 0 0 0 0 0 0 0 0 0 0 0 0 0 0 0 0 0 0 0
0 0 0 0 0 0 0 0 0 0 0 0 0 0 0 0 0 0 0 0 0 0 0 0 0 0 0 0 0 0 0 0 0 0 0 0
0 0 0 0 0 0 0 0 0 0 0 0 0 0 0 0 0 0 0 0 0 0 0 0 0 0 0 0 0 0 0 0 0 0 0 0
0 0 0 0 0 0 0 0 0 0 0 0 0 0 0 0 0 0 0 0 0 0 0 0 0 0 0 0 0 0 0 0 0 0 0 0
##$SHL_EXPFAC= (0..15)
0 0 0 0 0 0 0 0 0 0 0 0 0 0 0 0
##$SHL_FRACEND= (0..15)
0 0 0 0 0 0 0 0 0 0 0 0 0 0 0 0
##$SHL_FRACORG= (0..15)
0 0 0 0 0 0 0 0 0 0 0 0 0 0 0 0
##$SHL_FRACSTART= (0..15)
0 0 0 0 0 0 0 0 0 0 0 0 0 0 0 0
##$SHL_FULLHALF= (0..15)
0 0 0 0 0 0 0 0 0 0 0 0 0 0 0 0
##$SHL_FUNCAMP= (0..15)
100 0 0 0 0 0 0 0 0 0 0 0 0 0 0 0
##$SHL_FUNCTION= (0..15)
<Rectangle> <> <> <> <> <> <> <> <> <> <> <> <> <> <> <>
##$SHL_GCO= (0..15)
<> <> <> <> <> <> <> <> <> <> <> <> <> <> <> <>
##$SHL_GCOCOEFFS0= (0..59)
0 0 0 0 0 0 0 0 0 0 0 0 0 0 0 0 0 0 0 0 0 0 0 0 0 0 0 0 0 0 0 0 0 0 0 0
0 0 0 0 0 0 0 0 0 0 0 0 0 0 0 0 0 0 0 0 0 0 0 0
##$SHL_GCOCOEFFS1= (0..59)
0 0 0 0 0 0 0 0 0 0 0 0 0 0 0 0 0 0 0 0 0 0 0 0 0 0 0 0 0 0 0 0 0 0 0 0
0 0 0 0 0 0 0 0 0 0 0 0 0 0 0 0 0 0 0 0 0 0 0 0
##$SHL_GCOCOEFFS10= (0..59)
0 0 0 0 0 0 0 0 0 0 0 0 0 0 0 0 0 0 0 0 0 0 0 0 0 0 0 0 0 0 0 0 0 0 0 0
0 0 0 0 0 0 0 0 0 0 0 0 0 0 0 0 0 0 0 0 0 0 0 0
##$SHL_GCOCOEFFS11= (0..59)
0 0 0 0 0 0 0 0 0 0 0 0 0 0 0 0 0 0 0 0 0 0 0 0 0 0 0 0 0 0 0 0 0 0 0 0
0 0 0 0 0 0 0 0 0 0 0 0 0 0 0 0 0 0 0 0 0 0 0 0
##$SHL_GCOCOEFFS12= (0..59)
0 0 0 0 0 0 0 0 0 0 0 0 0 0 0 0 0 0 0 0 0 0 0 0 0 0 0 0 0 0 0 0 0 0 0 0
0 0 0 0 0 0 0 0 0 0 0 0 0 0 0 0 0 0 0 0 0 0 0 0
##$SHL_GCOCOEFFS13= (0..59)
0 0 0 0 0 0 0 0 0 0 0 0 0 0 0 0 0 0 0 0 0 0 0 0 0 0 0 0 0 0 0 0 0 0 0 0
0 0 0 0 0 0 0 0 0 0 0 0 0 0 0 0 0 0 0 0 0 0 0 0
##$SHL_GCOCOEFFS14= (0..59)
0 0 0 0 0 0 0 0 0 0 0 0 0 0 0 0 0 0 0 0 0 0 0 0 0 0 0 0 0 0 0 0 0 0 0 0
0 0 0 0 0 0 0 0 0 0 0 0 0 0 0 0 0 0 0 0 0 0 0 0
##$SHL_GCOCOEFFS15= (0..59)
0 0 0 0 0 0 0 0 0 0 0 0 0 0 0 0 0 0 0 0 0 0 0 0 0 0 0 0 0 0 0 0 0 0 0 0
0 0 0 0 0 0 0 0 0 0 0 0 0 0 0 0 0 0 0 0 0 0 0 0
##$SHL_GCOCOEFFS2= (0..59)
0 0 0 0 0 0 0 0 0 0 0 0 0 0 0 0 0 0 0 0 0 0 0 0 0 0 0 0 0 0 0 0 0 0 0 0
0 0 0 0 0 0 0 0 0 0 0 0 0 0 0 0 0 0 0 0 0 0 0 0
##$SHL_GCOCOEFFS3= (0..59)
0 0 0 0 0 0 0 0 0 0 0 0 0 0 0 0 0 0 0 0 0 0 0 0 0 0 0 0 0 0 0 0 0 0 0 0
0 0 0 0 0 0 0 0 0 0 0 0 0 0 0 0 0 0 0 0 0 0 0 0
##$SHL_GCOCOEFFS4= (0..59)
0 0 0 0 0 0 0 0 0 0 0 0 0 0 0 0 0 0 0 0 0 0 0 0 0 0 0 0 0 0 0 0 0 0 0 0
0 0 0 0 0 0 0 0 0 0 0 0 0 0 0 0 0 0 0 0 0 0 0 0
##$SHL_GCOCOEFFS5= (0..59)
0 0 0 0 0 0 0 0 0 0 0 0 0 0 0 0 0 0 0 0 0 0 0 0 0 0 0 0 0 0 0 0 0 0 0 0
0 0 0 0 0 0 0 0 0 0 0 0 0 0 0 0 0 0 0 0 0 0 0 0
##$SHL_GCOCOEFFS6= (0..59)
0 0 0 0 0 0 0 0 0 0 0 0 0 0 0 0 0 0 0 0 0 0 0 0 0 0 0 0 0 0 0 0 0 0 0 0
0 0 0 0 0 0 0 0 0 0 0 0 0 0 0 0 0 0 0 0 0 0 0 0
##$SHL_GCOCOEFFS7= (0..59)
0 0 0 0 0 0 0 0 0 0 0 0 0 0 0 0 0 0 0 0 0 0 0 0 0 0 0 0 0 0 0 0 0 0 0 0
0 0 0 0 0 0 0 0 0 0 0 0 0 0 0 0 0 0 0 0 0 0 0 0
##$SHL_GCOCOEFFS8= (0..59)
0 0 0 0 0 0 0 0 0 0 0 0 0 0 0 0 0 0 0 0 0 0 0 0 0 0 0 0 0 0 0 0 0 0 0 0
0 0 0 0 0 0 0 0 0 0 0 0 0 0 0 0 0 0 0 0 0 0 0 0
##$SHL_GCOCOEFFS9= (0..59)
0 0 0 0 0 0 0 0 0 0 0 0 0 0 0 0 0 0 0 0 0 0 0 0 0 0 0 0 0 0 0 0 0 0 0 0
0 0 0 0 0 0 0 0 0 0 0 0 0 0 0 0 0 0 0 0 0 0 0 0
##$SHL_INTEGFAC= (0..15)
1 0 0 0 0 0 0 0 0 0 0 0 0 0 0 0
##$SHL_LB= (0..15)
0 0 0 0 0 0 0 0 0 0 0 0 0 0 0 0
##$SHL_LEFTLIMIT= (0..15)
0 0 0 0 0 0 0 0 0 0 0 0 0 0 0 0
##$SHL_LENGTH= (0..15)
25000.000373 0 0 0 0 0 0 0 0 0 0 0 0 0 0 0
##$SHL_MAN= (0..15)
<> <> <> <> <> <> <> <> <> <> <> <> <> <> <> <>
##$SHL_MEANAMP= (0..15)
0 0 0 0 0 0 0 0 0 0 0 0 0 0 0 0
##$SHL_MODAMP= (0..15)
0 0 0 0 0 0 0 0 0 0 0 0 0 0 0 0
##$SHL_MODE= (0..15)
0 0 0 0 0 0 0 0 0 0 0 0 0 0 0 0
##$SHL_MODFREQ= (0..15)
0 0 0 0 0 0 0 0 0 0 0 0 0 0 0 0
##$SHL_MODPHASE= (0..15)
0 0 0 0 0 0 0 0 0 0 0 0 0 0 0 0
##$SHL_MODSCALE= (0..15)
0 0 0 0 0 0 0 0 0 0 0 0 0 0 0 0
##$SHL_MODSW= (0..15)
0 0 0 0 0 0 0 0 0 0 0 0 0 0 0 0
##$SHL_MODSWDIR= (0..15)
-1 -1 -1 -1 -1 -1 -1 -1 -1 -1 -1 -1 -1 -1 -1 -1
##$SHL_MU= (0..15)
0 0 0 0 0 0 0 0 0 0 0 0 0 0 0 0
##$SHL_NPOINTS= (0..15)
1250 0 0 0 0 0 0 0 0 0 0 0 0 0 0 0
##$SHL_OFFS= (0..15)
<> <> <> <> <> <> <> <> <> <> <> <> <> <> <> <>
##$SHL_OFFSCOEFF0= (0..95)
0 0 0 0 0 0 0 0 0 0 0 0 0 0 0 0 0 0 0 0 0 0 0 0 0 0 0 0 0 0 0 0 0 0 0 0
0 0 0 0 0 0 0 0 0 0 0 0 0 0 0 0 0 0 0 0 0 0 0 0 0 0 0 0 0 0 0 0 0 0 0 0
0 0 0 0 0 0 0 0 0 0 0 0 0 0 0 0 0 0 0 0 0 0 0 0
##$SHL_OFFSCOEFF1= (0..95)
0 0 0 0 0 0 0 0 0 0 0 0 0 0 0 0 0 0 0 0 0 0 0 0 0 0 0 0 0 0 0 0 0 0 0 0
0 0 0 0 0 0 0 0 0 0 0 0 0 0 0 0 0 0 0 0 0 0 0 0 0 0 0 0 0 0 0 0 0 0 0 0
0 0 0 0 0 0 0 0 0 0 0 0 0 0 0 0 0 0 0 0 0 0 0 0
##$SHL_OFFSCOEFF10= (0..95)
0 0 0 0 0 0 0 0 0 0 0 0 0 0 0 0 0 0 0 0 0 0 0 0 0 0 0 0 0 0 0 0 0 0 0 0
0 0 0 0 0 0 0 0 0 0 0 0 0 0 0 0 0 0 0 0 0 0 0 0 0 0 0 0 0 0 0 0 0 0 0 0
0 0 0 0 0 0 0 0 0 0 0 0 0 0 0 0 0 0 0 0 0 0 0 0
##$SHL_OFFSCOEFF11= (0..95)
0 0 0 0 0 0 0 0 0 0 0 0 0 0 0 0 0 0 0 0 0 0 0 0 0 0 0 0 0 0 0 0 0 0 0 0
0 0 0 0 0 0 0 0 0 0 0 0 0 0 0 0 0 0 0 0 0 0 0 0 0 0 0 0 0 0 0 0 0 0 0 0
0 0 0 0 0 0 0 0 0 0 0 0 0 0 0 0 0 0 0 0 0 0 0 0
##$SHL_OFFSCOEFF12= (0..95)
0 0 0 0 0 0 0 0 0 0 0 0 0 0 0 0 0 0 0 0 0 0 0 0 0 0 0 0 0 0 0 0 0 0 0 0
0 0 0 0 0 0 0 0 0 0 0 0 0 0 0 0 0 0 0 0 0 0 0 0 0 0 0 0 0 0 0 0 0 0 0 0
0 0 0 0 0 0 0 0 0 0 0 0 0 0 0 0 0 0 0 0 0 0 0 0
##$SHL_OFFSCOEFF13= (0..95)
0 0 0 0 0 0 0 0 0 0 0 0 0 0 0 0 0 0 0 0 0 0 0 0 0 0 0 0 0 0 0 0 0 0 0 0
0 0 0 0 0 0 0 0 0 0 0 0 0 0 0 0 0 0 0 0 0 0 0 0 0 0 0 0 0 0 0 0 0 0 0 0
0 0 0 0 0 0 0 0 0 0 0 0 0 0 0 0 0 0 0 0 0 0 0 0
##$SHL_OFFSCOEFF14= (0..95)
0 0 0 0 0 0 0 0 0 0 0 0 0 0 0 0 0 0 0 0 0 0 0 0 0 0 0 0 0 0 0 0 0 0 0 0
0 0 0 0 0 0 0 0 0 0 0 0 0 0 0 0 0 0 0 0 0 0 0 0 0 0 0 0 0 0 0 0 0 0 0 0
0 0 0 0 0 0 0 0 0 0 0 0 0 0 0 0 0 0 0 0 0 0 0 0
##$SHL_OFFSCOEFF15= (0..95)
0 0 0 0 0 0 0 0 0 0 0 0 0 0 0 0 0 0 0 0 0 0 0 0 0 0 0 0 0 0 0 0 0 0 0 0
0 0 0 0 0 0 0 0 0 0 0 0 0 0 0 0 0 0 0 0 0 0 0 0 0 0 0 0 0 0 0 0 0 0 0 0
0 0 0 0 0 0 0 0 0 0 0 0 0 0 0 0 0 0 0 0 0 0 0 0
##$SHL_OFFSCOEFF2= (0..95)
0 0 0 0 0 0 0 0 0 0 0 0 0 0 0 0 0 0 0 0 0 0 0 0 0 0 0 0 0 0 0 0 0 0 0 0
0 0 0 0 0 0 0 0 0 0 0 0 0 0 0 0 0 0 0 0 0 0 0 0 0 0 0 0 0 0 0 0 0 0 0 0
0 0 0 0 0 0 0 0 0 0 0 0 0 0 0 0 0 0 0 0 0 0 0 0
##$SHL_OFFSCOEFF3= (0..95)
0 0 0 0 0 0 0 0 0 0 0 0 0 0 0 0 0 0 0 0 0 0 0 0 0 0 0 0 0 0 0 0 0 0 0 0
0 0 0 0 0 0 0 0 0 0 0 0 0 0 0 0 0 0 0 0 0 0 0 0 0 0 0 0 0 0 0 0 0 0 0 0
0 0 0 0 0 0 0 0 0 0 0 0 0 0 0 0 0 0 0 0 0 0 0 0
##$SHL_OFFSCOEFF4= (0..95)
0 0 0 0 0 0 0 0 0 0 0 0 0 0 0 0 0 0 0 0 0 0 0 0 0 0 0 0 0 0 0 0 0 0 0 0
0 0 0 0 0 0 0 0 0 0 0 0 0 0 0 0 0 0 0 0 0 0 0 0 0 0 0 0 0 0 0 0 0 0 0 0
0 0 0 0 0 0 0 0 0 0 0 0 0 0 0 0 0 0 0 0 0 0 0 0
##$SHL_OFFSCOEFF5= (0..95)
0 0 0 0 0 0 0 0 0 0 0 0 0 0 0 0 0 0 0 0 0 0 0 0 0 0 0 0 0 0 0 0 0 0 0 0
0 0 0 0 0 0 0 0 0 0 0 0 0 0 0 0 0 0 0 0 0 0 0 0 0 0 0 0 0 0 0 0 0 0 0 0
0 0 0 0 0 0 0 0 0 0 0 0 0 0 0 0 0 0 0 0 0 0 0 0
##$SHL_OFFSCOEFF6= (0..95)
0 0 0 0 0 0 0 0 0 0 0 0 0 0 0 0 0 0 0 0 0 0 0 0 0 0 0 0 0 0 0 0 0 0 0 0
0 0 0 0 0 0 0 0 0 0 0 0 0 0 0 0 0 0 0 0 0 0 0 0 0 0 0 0 0 0 0 0 0 0 0 0
0 0 0 0 0 0 0 0 0 0 0 0 0 0 0 0 0 0 0 0 0 0 0 0
##$SHL_OFFSCOEFF7= (0..95)
0 0 0 0 0 0 0 0 0 0 0 0 0 0 0 0 0 0 0 0 0 0 0 0 0 0 0 0 0 0 0 0 0 0 0 0
0 0 0 0 0 0 0 0 0 0 0 0 0 0 0 0 0 0 0 0 0 0 0 0 0 0 0 0 0 0 0 0 0 0 0 0
0 0 0 0 0 0 0 0 0 0 0 0 0 0 0 0 0 0 0 0 0 0 0 0
##$SHL_OFFSCOEFF8= (0..95)
0 0 0 0 0 0 0 0 0 0 0 0 0 0 0 0 0 0 0 0 0 0 0 0 0 0 0 0 0 0 0 0 0 0 0 0
0 0 0 0 0 0 0 0 0 0 0 0 0 0 0 0 0 0 0 0 0 0 0 0 0 0 0 0 0 0 0 0 0 0 0 0
0 0 0 0 0 0 0 0 0 0 0 0 0 0 0 0 0 0 0 0 0 0 0 0
##$SHL_OFFSCOEFF9= (0..95)
0 0 0 0 0 0 0 0 0 0 0 0 0 0 0 0 0 0 0 0 0 0 0 0 0 0 0 0 0 0 0 0 0 0 0 0
0 0 0 0 0 0 0 0 0 0 0 0 0 0 0 0 0 0 0 0 0 0 0 0 0 0 0 0 0 0 0 0 0 0 0 0
0 0 0 0 0 0 0 0 0 0 0 0 0 0 0 0 0 0 0 0 0 0 0 0
##$SHL_PHASE= (0..15)
0 0 0 0 0 0 0 0 0 0 0 0 0 0 0 0
##$SHL_PHASEFAC= (0..15)
0 0 0 0 0 0 0 0 0 0 0 0 0 0 0 0
##$SHL_POWERINDEX= (0..15)
0 0 0 0 0 0 0 0 0 0 0 0 0 0 0 0
##$SHL_QUADCOEFF= (0..15)
0 0 0 0 0 0 0 0 0 0 0 0 0 0 0 0
##$SHL_RIGHTLIMIT= (0..15)
0 0 0 0 0 0 0 0 0 0 0 0 0 0 0 0
##$SHL_SCALEFACTOR= (0..15)
1 1 1 1 1 1 1 1 1 1 1 1 1 1 1 1
##$SHL_SF= (0..15)
<> <> <> <> <> <> <> <> <> <> <> <> <> <> <> <>
##$SHL_SFCOEFFS0= (0..200)
0 0 0 0 0 0 0 0 0 0 0 0 0 0 0 0 0 0 0 0 0 0 0 0 0 0 0 0 0 0 0 0 0 0 0 0
0 0 0 0 0 0 0 0 0 0 0 0 0 0 0 0 0 0 0 0 0 0 0 0 0 0 0 0 0 0 0 0 0 0 0 0
0 0 0 0 0 0 0 0 0 0 0 0 0 0 0 0 0 0 0 0 0 0 0 0 0 0 0 0 0 0 0 0 0 0 0 0
0 0 0 0 0 0 0 0 0 0 0 0 0 0 0 0 0 0 0 0 0 0 0 0 0 0 0 0 0 0 0 0 0 0 0 0
0 0 0 0 0 0 0 0 0 0 0 0 0 0 0 0 0 0 0 0 0 0 0 0 0 0 0 0 0 0 0 0 0 0 0 0
0 0 0 0 0 0 0 0 0 0 0 0 0 0 0 0 0 0 0 0 0
##$SHL_SFCOEFFS1= (0..200)
0 0 0 0 0 0 0 0 0 0 0 0 0 0 0 0 0 0 0 0 0 0 0 0 0 0 0 0 0 0 0 0 0 0 0 0
0 0 0 0 0 0 0 0 0 0 0 0 0 0 0 0 0 0 0 0 0 0 0 0 0 0 0 0 0 0 0 0 0 0 0 0
0 0 0 0 0 0 0 0 0 0 0 0 0 0 0 0 0 0 0 0 0 0 0 0 0 0 0 0 0 0 0 0 0 0 0 0
0 0 0 0 0 0 0 0 0 0 0 0 0 0 0 0 0 0 0 0 0 0 0 0 0 0 0 0 0 0 0 0 0 0 0 0
0 0 0 0 0 0 0 0 0 0 0 0 0 0 0 0 0 0 0 0 0 0 0 0 0 0 0 0 0 0 0 0 0 0 0 0
0 0 0 0 0 0 0 0 0 0 0 0 0 0 0 0 0 0 0 0 0
##$SHL_SFCOEFFS10= (0..200)
0 0 0 0 0 0 0 0 0 0 0 0 0 0 0 0 0 0 0 0 0 0 0 0 0 0 0 0 0 0 0 0 0 0 0 0
0 0 0 0 0 0 0 0 0 0 0 0 0 0 0 0 0 0 0 0 0 0 0 0 0 0 0 0 0 0 0 0 0 0 0 0
0 0 0 0 0 0 0 0 0 0 0 0 0 0 0 0 0 0 0 0 0 0 0 0 0 0 0 0 0 0 0 0 0 0 0 0
0 0 0 0 0 0 0 0 0 0 0 0 0 0 0 0 0 0 0 0 0 0 0 0 0 0 0 0 0 0 0 0 0 0 0 0
0 0 0 0 0 0 0 0 0 0 0 0 0 0 0 0 0 0 0 0 0 0 0 0 0 0 0 0 0 0 0 0 0 0 0 0
0 0 0 0 0 0 0 0 0 0 0 0 0 0 0 0 0 0 0 0 0
##$SHL_SFCOEFFS11= (0..200)
0 0 0 0 0 0 0 0 0 0 0 0 0 0 0 0 0 0 0 0 0 0 0 0 0 0 0 0 0 0 0 0 0 0 0 0
0 0 0 0 0 0 0 0 0 0 0 0 0 0 0 0 0 0 0 0 0 0 0 0 0 0 0 0 0 0 0 0 0 0 0 0
0 0 0 0 0 0 0 0 0 0 0 0 0 0 0 0 0 0 0 0 0 0 0 0 0 0 0 0 0 0 0 0 0 0 0 0
0 0 0 0 0 0 0 0 0 0 0 0 0 0 0 0 0 0 0 0 0 0 0 0 0 0 0 0 0 0 0 0 0 0 0 0
0 0 0 0 0 0 0 0 0 0 0 0 0 0 0 0 0 0 0 0 0 0 0 0 0 0 0 0 0 0 0 0 0 0 0 0
0 0 0 0 0 0 0 0 0 0 0 0 0 0 0 0 0 0 0 0 0
##$SHL_SFCOEFFS12= (0..200)
0 0 0 0 0 0 0 0 0 0 0 0 0 0 0 0 0 0 0 0 0 0 0 0 0 0 0 0 0 0 0 0 0 0 0 0
0 0 0 0 0 0 0 0 0 0 0 0 0 0 0 0 0 0 0 0 0 0 0 0 0 0 0 0 0 0 0 0 0 0 0 0
0 0 0 0 0 0 0 0 0 0 0 0 0 0 0 0 0 0 0 0 0 0 0 0 0 0 0 0 0 0 0 0 0 0 0 0
0 0 0 0 0 0 0 0 0 0 0 0 0 0 0 0 0 0 0 0 0 0 0 0 0 0 0 0 0 0 0 0 0 0 0 0
0 0 0 0 0 0 0 0 0 0 0 0 0 0 0 0 0 0 0 0 0 0 0 0 0 0 0 0 0 0 0 0 0 0 0 0
0 0 0 0 0 0 0 0 0 0 0 0 0 0 0 0 0 0 0 0 0
##$SHL_SFCOEFFS13= (0..200)
0 0 0 0 0 0 0 0 0 0 0 0 0 0 0 0 0 0 0 0 0 0 0 0 0 0 0 0 0 0 0 0 0 0 0 0
0 0 0 0 0 0 0 0 0 0 0 0 0 0 0 0 0 0 0 0 0 0 0 0 0 0 0 0 0 0 0 0 0 0 0 0
0 0 0 0 0 0 0 0 0 0 0 0 0 0 0 0 0 0 0 0 0 0 0 0 0 0 0 0 0 0 0 0 0 0 0 0
0 0 0 0 0 0 0 0 0 0 0 0 0 0 0 0 0 0 0 0 0 0 0 0 0 0 0 0 0 0 0 0 0 0 0 0
0 0 0 0 0 0 0 0 0 0 0 0 0 0 0 0 0 0 0 0 0 0 0 0 0 0 0 0 0 0 0 0 0 0 0 0
0 0 0 0 0 0 0 0 0 0 0 0 0 0 0 0 0 0 0 0 0
##$SHL_SFCOEFFS14= (0..200)
0 0 0 0 0 0 0 0 0 0 0 0 0 0 0 0 0 0 0 0 0 0 0 0 0 0 0 0 0 0 0 0 0 0 0 0
0 0 0 0 0 0 0 0 0 0 0 0 0 0 0 0 0 0 0 0 0 0 0 0 0 0 0 0 0 0 0 0 0 0 0 0
0 0 0 0 0 0 0 0 0 0 0 0 0 0 0 0 0 0 0 0 0 0 0 0 0 0 0 0 0 0 0 0 0 0 0 0
0 0 0 0 0 0 0 0 0 0 0 0 0 0 0 0 0 0 0 0 0 0 0 0 0 0 0 0 0 0 0 0 0 0 0 0
0 0 0 0 0 0 0 0 0 0 0 0 0 0 0 0 0 0 0 0 0 0 0 0 0 0 0 0 0 0 0 0 0 0 0 0
0 0 0 0 0 0 0 0 0 0 0 0 0 0 0 0 0 0 0 0 0
##$SHL_SFCOEFFS15= (0..200)
0 0 0 0 0 0 0 0 0 0 0 0 0 0 0 0 0 0 0 0 0 0 0 0 0 0 0 0 0 0 0 0 0 0 0 0
0 0 0 0 0 0 0 0 0 0 0 0 0 0 0 0 0 0 0 0 0 0 0 0 0 0 0 0 0 0 0 0 0 0 0 0
0 0 0 0 0 0 0 0 0 0 0 0 0 0 0 0 0 0 0 0 0 0 0 0 0 0 0 0 0 0 0 0 0 0 0 0
0 0 0 0 0 0 0 0 0 0 0 0 0 0 0 0 0 0 0 0 0 0 0 0 0 0 0 0 0 0 0 0 0 0 0 0
0 0 0 0 0 0 0 0 0 0 0 0 0 0 0 0 0 0 0 0 0 0 0 0 0 0 0 0 0 0 0 0 0 0 0 0
0 0 0 0 0 0 0 0 0 0 0 0 0 0 0 0 0 0 0 0 0
##$SHL_SFCOEFFS2= (0..200)
0 0 0 0 0 0 0 0 0 0 0 0 0 0 0 0 0 0 0 0 0 0 0 0 0 0 0 0 0 0 0 0 0 0 0 0
0 0 0 0 0 0 0 0 0 0 0 0 0 0 0 0 0 0 0 0 0 0 0 0 0 0 0 0 0 0 0 0 0 0 0 0
0 0 0 0 0 0 0 0 0 0 0 0 0 0 0 0 0 0 0 0 0 0 0 0 0 0 0 0 0 0 0 0 0 0 0 0
0 0 0 0 0 0 0 0 0 0 0 0 0 0 0 0 0 0 0 0 0 0 0 0 0 0 0 0 0 0 0 0 0 0 0 0
0 0 0 0 0 0 0 0 0 0 0 0 0 0 0 0 0 0 0 0 0 0 0 0 0 0 0 0 0 0 0 0 0 0 0 0
0 0 0 0 0 0 0 0 0 0 0 0 0 0 0 0 0 0 0 0 0
##$SHL_SFCOEFFS3= (0..200)
0 0 0 0 0 0 0 0 0 0 0 0 0 0 0 0 0 0 0 0 0 0 0 0 0 0 0 0 0 0 0 0 0 0 0 0
0 0 0 0 0 0 0 0 0 0 0 0 0 0 0 0 0 0 0 0 0 0 0 0 0 0 0 0 0 0 0 0 0 0 0 0
0 0 0 0 0 0 0 0 0 0 0 0 0 0 0 0 0 0 0 0 0 0 0 0 0 0 0 0 0 0 0 0 0 0 0 0
0 0 0 0 0 0 0 0 0 0 0 0 0 0 0 0 0 0 0 0 0 0 0 0 0 0 0 0 0 0 0 0 0 0 0 0
0 0 0 0 0 0 0 0 0 0 0 0 0 0 0 0 0 0 0 0 0 0 0 0 0 0 0 0 0 0 0 0 0 0 0 0
0 0 0 0 0 0 0 0 0 0 0 0 0 0 0 0 0 0 0 0 0
##$SHL_SFCOEFFS4= (0..200)
0 0 0 0 0 0 0 0 0 0 0 0 0 0 0 0 0 0 0 0 0 0 0 0 0 0 0 0 0 0 0 0 0 0 0 0
0 0 0 0 0 0 0 0 0 0 0 0 0 0 0 0 0 0 0 0 0 0 0 0 0 0 0 0 0 0 0 0 0 0 0 0
0 0 0 0 0 0 0 0 0 0 0 0 0 0 0 0 0 0 0 0 0 0 0 0 0 0 0 0 0 0 0 0 0 0 0 0
0 0 0 0 0 0 0 0 0 0 0 0 0 0 0 0 0 0 0 0 0 0 0 0 0 0 0 0 0 0 0 0 0 0 0 0
0 0 0 0 0 0 0 0 0 0 0 0 0 0 0 0 0 0 0 0 0 0 0 0 0 0 0 0 0 0 0 0 0 0 0 0
0 0 0 0 0 0 0 0 0 0 0 0 0 0 0 0 0 0 0 0 0
##$SHL_SFCOEFFS5= (0..200)
0 0 0 0 0 0 0 0 0 0 0 0 0 0 0 0 0 0 0 0 0 0 0 0 0 0 0 0 0 0 0 0 0 0 0 0
0 0 0 0 0 0 0 0 0 0 0 0 0 0 0 0 0 0 0 0 0 0 0 0 0 0 0 0 0 0 0 0 0 0 0 0
0 0 0 0 0 0 0 0 0 0 0 0 0 0 0 0 0 0 0 0 0 0 0 0 0 0 0 0 0 0 0 0 0 0 0 0
0 0 0 0 0 0 0 0 0 0 0 0 0 0 0 0 0 0 0 0 0 0 0 0 0 0 0 0 0 0 0 0 0 0 0 0
0 0 0 0 0 0 0 0 0 0 0 0 0 0 0 0 0 0 0 0 0 0 0 0 0 0 0 0 0 0 0 0 0 0 0 0
0 0 0 0 0 0 0 0 0 0 0 0 0 0 0 0 0 0 0 0 0
##$SHL_SFCOEFFS6= (0..200)
0 0 0 0 0 0 0 0 0 0 0 0 0 0 0 0 0 0 0 0 0 0 0 0 0 0 0 0 0 0 0 0 0 0 0 0
0 0 0 0 0 0 0 0 0 0 0 0 0 0 0 0 0 0 0 0 0 0 0 0 0 0 0 0 0 0 0 0 0 0 0 0
0 0 0 0 0 0 0 0 0 0 0 0 0 0 0 0 0 0 0 0 0 0 0 0 0 0 0 0 0 0 0 0 0 0 0 0
0 0 0 0 0 0 0 0 0 0 0 0 0 0 0 0 0 0 0 0 0 0 0 0 0 0 0 0 0 0 0 0 0 0 0 0
0 0 0 0 0 0 0 0 0 0 0 0 0 0 0 0 0 0 0 0 0 0 0 0 0 0 0 0 0 0 0 0 0 0 0 0
0 0 0 0 0 0 0 0 0 0 0 0 0 0 0 0 0 0 0 0 0
##$SHL_SFCOEFFS7= (0..200)
0 0 0 0 0 0 0 0 0 0 0 0 0 0 0 0 0 0 0 0 0 0 0 0 0 0 0 0 0 0 0 0 0 0 0 0
0 0 0 0 0 0 0 0 0 0 0 0 0 0 0 0 0 0 0 0 0 0 0 0 0 0 0 0 0 0 0 0 0 0 0 0
0 0 0 0 0 0 0 0 0 0 0 0 0 0 0 0 0 0 0 0 0 0 0 0 0 0 0 0 0 0 0 0 0 0 0 0
0 0 0 0 0 0 0 0 0 0 0 0 0 0 0 0 0 0 0 0 0 0 0 0 0 0 0 0 0 0 0 0 0 0 0 0
0 0 0 0 0 0 0 0 0 0 0 0 0 0 0 0 0 0 0 0 0 0 0 0 0 0 0 0 0 0 0 0 0 0 0 0
0 0 0 0 0 0 0 0 0 0 0 0 0 0 0 0 0 0 0 0 0
##$SHL_SFCOEFFS8= (0..200)
0 0 0 0 0 0 0 0 0 0 0 0 0 0 0 0 0 0 0 0 0 0 0 0 0 0 0 0 0 0 0 0 0 0 0 0
0 0 0 0 0 0 0 0 0 0 0 0 0 0 0 0 0 0 0 0 0 0 0 0 0 0 0 0 0 0 0 0 0 0 0 0
0 0 0 0 0 0 0 0 0 0 0 0 0 0 0 0 0 0 0 0 0 0 0 0 0 0 0 0 0 0 0 0 0 0 0 0
0 0 0 0 0 0 0 0 0 0 0 0 0 0 0 0 0 0 0 0 0 0 0 0 0 0 0 0 0 0 0 0 0 0 0 0
0 0 0 0 0 0 0 0 0 0 0 0 0 0 0 0 0 0 0 0 0 0 0 0 0 0 0 0 0 0 0 0 0 0 0 0
0 0 0 0 0 0 0 0 0 0 0 0 0 0 0 0 0 0 0 0 0
##$SHL_SFCOEFFS9= (0..200)
0 0 0 0 0 0 0 0 0 0 0 0 0 0 0 0 0 0 0 0 0 0 0 0 0 0 0 0 0 0 0 0 0 0 0 0
0 0 0 0 0 0 0 0 0 0 0 0 0 0 0 0 0 0 0 0 0 0 0 0 0 0 0 0 0 0 0 0 0 0 0 0
0 0 0 0 0 0 0 0 0 0 0 0 0 0 0 0 0 0 0 0 0 0 0 0 0 0 0 0 0 0 0 0 0 0 0 0
0 0 0 0 0 0 0 0 0 0 0 0 0 0 0 0 0 0 0 0 0 0 0 0 0 0 0 0 0 0 0 0 0 0 0 0
0 0 0 0 0 0 0 0 0 0 0 0 0 0 0 0 0 0 0 0 0 0 0 0 0 0 0 0 0 0 0 0 0 0 0 0
0 0 0 0 0 0 0 0 0 0 0 0 0 0 0 0 0 0 0 0 0
##$SHL_SMOOTHED= (0..15)
0 0 0 0 0 0 0 0 0 0 0 0 0 0 0 0
##$SHL_SMOOTHING= (0..15)
0 0 0 0 0 0 0 0 0 0 0 0 0 0 0 0
##$SHL_SPOAL= (0..15)
0 0 0 0 0 0 0 0 0 0 0 0 0 0 0 0
##$SHL_SPOFFS= (0..15)
0 0 0 0 0 0 0 0 0 0 0 0 0 0 0 0
##$SHL_SPOPH= (0..15)
0 0 0 0 0 0 0 0 0 0 0 0 0 0 0 0
##$SHL_STARTAMP= (0..15)
0 0 0 0 0 0 0 0 0 0 0 0 0 0 0 0
##$SHL_SW= (0..15)
0 0 0 0 0 0 0 0 0 0 0 0 0 0 0 0
##$SHL_SWDIR= (0..15)
-1 -1 -1 -1 -1 -1 -1 -1 -1 -1 -1 -1 -1 -1 -1 -1
##$SHL_TANKAPPA= (0..15)
0 0 0 0 0 0 0 0 0 0 0 0 0 0 0 0
##$SHL_TOTROT= (0..15)
90 0 0 0 0 0 0 0 0 0 0 0 0 0 0 0
##$SHL_TRUNCLEV= (0..15)
0 0 0 0 0 0 0 0 0 0 0 0 0 0 0 0
##$SHL_TYPE= (0..15)
<Excitation> <> <> <> <> <> <> <> <> <> <> <> <> <> <> <>
##$SHL_WINDOWSIZE= (0..15)
0 0 0 0 0 0 0 0 0 0 0 0 0 0 0 0
##$SHL_ZETA= (0..15)
0 0 0 0 0 0 0 0 0 0 0 0 0 0 0 0
##NPOINTS= 1250
##XYPOINTS= (XY..XY)
29.912455, 103.224569
29.125203, 105.885148
28.380875, 108.661487
27.683158, 111.555015
27.035818, 114.565620
26.442638, 117.691331
25.907347, 120.928004
25.433530, 124.269065
25.024527, 127.705326
24.683326, 131.224932
24.412454, 134.813456
24.213871, 138.454166
24.088882, 142.128474
24.038073, 145.816541
24.061273, 149.497985
24.157553, 153.152650
24.325260, 156.761347
24.562079, 160.306509
24.865121, 163.772708
25.231033, 167.146998
25.656105, 170.419080
26.136386, 173.581310
26.667789, 176.628559
27.246182, 179.557985
27.867469, 182.368742
28.527652, 185.061653
29.222877, 187.638893
29.949468, 190.103683
30.703947, 192.460020
31.483050, 194.712436
32.283723, 196.865802
33.103126, 198.925172
33.938626, 200.895649
34.787783, 202.782292
35.648343, 204.590043
36.518227, 206.323673
37.395513, 207.987751
38.278428, 209.586619
39.165335, 211.124379
40.054721, 212.604895
40.945186, 214.031786
41.835435, 215.408437
42.724265, 216.738007
43.610560, 218.023438
44.493282, 219.267467
45.371466, 220.472637
46.244208, 221.641310
47.110667, 222.775680
47.970055, 223.877781
48.821632, 224.949505
49.664706, 225.992604
50.498625, 227.008707
51.322775, 227.999325
52.136580, 228.965865
52.939494, 229.909631
53.731002, 230.831838
54.510619, 231.733614
55.277883, 232.616011
56.032359, 233.480008
56.773635, 234.326517
57.501317, 235.156388
58.215036, 235.970414
58.914438, 236.769336
59.599190, 237.553845
60.268973, 238.324587
60.923487, 239.082166
61.562445, 239.827146
62.185576, 240.560056
62.792624, 241.281390
63.383344, 241.991610
63.957505, 242.691152
64.514890, 243.380421
65.055292, 244.059797
65.578517, 244.729639
66.084380, 245.390281
66.572709, 246.042036
67.043343, 246.685200
67.496131, 247.320047
67.930929, 247.946838
68.347608, 248.565813
68.746045, 249.177201
69.126128, 249.781214
69.487754, 250.378052
69.830828, 250.967901
70.155265, 251.550935
70.460989, 252.127316
70.747932, 252.697198
71.016036, 253.260720
71.265249, 253.818014
71.495529, 254.369203
71.706842, 254.914398
71.899161, 255.453705
72.072469, 255.987219
72.226755, 256.515029
72.362017, 257.037214
72.478260, 257.553847
72.575498, 258.064994
72.653752, 258.570713
72.713049, 259.071057
72.753426, 259.566072
72.774926, 260.055794
72.777600, 260.540259
72.761505, 261.019491
72.726708, 261.493512
72.673280, 261.962336
72.601302, 262.425971
72.510860, 262.884421
72.402049, 263.337681
72.274969, 263.785743
72.129728, 264.228592
71.966441, 264.666208
71.785231, 265.098563
71.586227, 265.525627
71.369563, 265.947359
71.135382, 266.363717
70.883834, 266.774650
70.615074, 267.180100
70.329266, 267.580006
70.026579, 267.974297
69.707189, 268.362898
69.371278, 268.745724
69.019037, 269.122688
68.650660, 269.493690
68.266352, 269.858628
67.866320, 270.217387
67.450781, 270.569848
67.019958, 270.915882
66.574078, 271.255351
66.113378, 271.588109
65.638099, 271.914001
65.148491, 272.232860
64.644808, 272.544511
64.127313, 272.848768
63.596273, 273.145431
63.051966, 273.434291
62.494671, 273.715127
61.924680, 273.987703
61.342286, 274.251771
60.747793, 274.507065
60.141511, 274.753309
59.523756, 274.990207
58.894853, 275.217448
58.255133, 275.434700
57.604935, 275.641617
56.944606, 275.837828
56.274500, 276.022944
55.594981, 276.196552
54.906418, 276.358214
54.209192, 276.507470
53.503690, 276.643829
52.790310, 276.766774
52.069458, 276.875758
51.341551, 276.970201
50.607016, 277.049488
49.866289, 277.112970
49.119820, 277.159957
48.368068, 277.189721
47.611505, 277.201488
46.850617, 277.194440
46.085901, 277.167710
45.317872, 277.120380
44.547057, 277.051476
43.774001, 276.959969
42.999263, 276.844768
42.223425, 276.704719
41.447083, 276.538600
40.670857, 276.345121
39.895387, 276.122916
39.121337, 275.870546
38.349396, 275.586492
37.580278, 275.269154
36.814726, 274.916851
36.053513, 274.527818
35.297442, 274.100205
34.547352, 273.632083
33.804115, 273.121440
33.068642, 272.566191
32.341884, 271.964184
31.624831, 271.313206
30.918516, 270.610999
30.224018, 269.855279
29.542460, 269.043752
28.875010, 268.174144
28.222882, 267.244236
27.587335, 266.251898
26.969670, 265.195140
26.371227, 264.072165
25.793382, 262.881432
25.237539, 261.621723
24.705121, 260.292222
24.197560, 258.892595
23.716285, 257.423078
23.262707, 255.884558
22.838197, 254.278657
22.444071, 252.607804
22.081563, 250.875293
21.751805, 249.085322
21.455800, 247.243008
21.194398, 245.354364
20.968272, 243.426251
20.777899, 241.466288
20.623539, 239.482726
20.505226, 237.484296
20.422756, 235.480026
20.375689, 233.479044
20.363350, 231.490378
20.384842, 229.522760
20.439062, 227.584442
20.524721, 225.683041
20.640368, 223.825418
20.784417, 222.017585
20.955172, 220.264655
21.150862, 218.570820
21.369658, 216.939370
21.609703, 215.372722
21.869135, 213.872487
22.146104, 212.439539
22.438787, 211.074095
22.745406, 209.775803
23.064234, 208.543823
23.393607, 207.376912
23.731927, 206.273502
24.077667, 205.231763
24.429372, 204.249672
24.785662, 203.325064
25.145227, 202.455679
25.506832, 201.639202
25.869309, 200.873295
26.231559, 200.155624
26.592548, 199.483882
26.951300, 198.855803
27.306902, 198.269178
27.658492, 197.721861
28.005263, 197.211780
28.346457, 196.736938
28.681360, 196.295416
29.009305, 195.885377
29.329662, 195.505062
29.641842, 195.152790
29.945293, 194.826958
30.239494, 194.526037
30.523957, 194.248570
30.798226, 193.993166
31.061871, 193.758502
31.314490, 193.543315
31.555705, 193.346400
31.785163, 193.166609
32.002534, 193.002842
32.207510, 192.854051
32.399801, 192.719228
32.579140, 192.597410
32.745277, 192.487671
32.897979, 192.389121
33.037032, 192.300901
33.162238, 192.222183
33.273416, 192.152163
33.370399, 192.090065
33.453035, 192.035132
33.521189, 191.986625
33.574738, 191.943823
33.613573, 191.906020
33.637601, 191.872518
33.646739, 191.842632
33.640921, 191.815681
33.620090, 191.790990
33.584206, 191.767886
33.533239, 191.745696
33.467173, 191.723744
33.386004, 191.701348
33.289742, 191.677821
33.178409, 191.652462
33.052041, 191.624561
32.910686, 191.593390
32.754405, 191.558202
32.583273, 191.518230
32.397381, 191.472681
32.196830, 191.420732
31.981738, 191.361531
31.752239, 191.294186
31.508480, 191.217767
31.250625, 191.131297
30.978855, 191.033750
30.693368, 190.924045
30.394382, 190.801036
30.082133, 190.663514
29.756876, 190.510192
29.418891, 190.339701
29.068479, 190.150584
28.705965, 189.941282
28.331703, 189.710129
27.946073, 189.455339
27.549488, 189.174995
27.142392, 188.867040
26.725266, 188.529257
26.298633, 188.159262
25.863055, 187.754485
25.419143, 187.312154
24.967560, 186.829281
24.509026, 186.302644
24.044324, 185.728766
23.574305, 185.103904
23.099897, 184.424027
22.622113, 183.684808
22.142057, 182.881607
21.660940, 182.009467
21.180081, 181.063117
20.700928, 180.036980
20.225063, 178.925199
19.754216, 177.721678
19.290280, 176.420149
18.835318, 175.014264
18.391576, 173.497735
17.961491, 171.864501
17.547694, 170.108960
17.153008, 168.226253
16.780441, 166.212604
16.433167, 164.065717
16.114495, 161.785213
15.827824, 159.373093
15.576584, 156.834176
15.364164, 154.176478
15.193815, 151.411464
15.068558, 148.554122
14.991080, 145.622793
14.963628, 142.638738
14.987930, 139.625444
15.065125, 136.607709
15.195726, 133.610591
15.379618, 130.658332
15.616086, 127.773365
15.903870, 124.975508
16.241241, 122.281399
16.626097, 119.704208
17.056054, 117.253593
17.528536, 114.935879
18.040866, 112.754380
18.590328, 110.709821
19.174234, 108.800790
19.789961, 107.024190
20.434985, 105.375661
21.106903, 103.849948
21.803448, 102.441209
22.522486, 101.143274
23.262028, 99.949839
24.020214, 98.854626
24.795319, 97.851487
25.585735, 96.934488
26.389971, 96.097961
27.206640, 95.336537
28.034450, 94.645160
28.872197, 94.019096
29.718757, 93.453929
30.573080, 92.945549
31.434179, 92.490144
32.301126, 92.084182
33.173049, 91.724393
34.049121, 91.407756
34.928562, 91.131479
35.810629, 90.892983
36.694615, 90.689886
37.579846, 90.519987
38.465676, 90.381253
39.351487, 90.271803
40.236686, 90.189900
41.120699, 90.133935
42.002976, 90.102418
42.882981, 90.093971
43.760201, 90.107312
44.634133, 90.141257
45.504291, 90.194702
46.370204, 90.266624
47.231411, 90.356071
48.087464, 90.462156
48.937926, 90.584055
49.782368, 90.720998
50.620375, 90.872268
51.451538, 91.037197
52.275457, 91.215158
53.091740, 91.405568
53.900006, 91.607880
54.699878, 91.821583
55.490988, 92.046199
56.272974, 92.281278
57.045483, 92.526401
57.808166, 92.781174
58.560683, 93.045226
59.302699, 93.318210
60.033884, 93.599801
60.753917, 93.889692
61.462481, 94.187597
62.159266, 94.493244
62.843966, 94.806380
63.516284, 95.126765
64.175926, 95.454177
64.822605, 95.788403
65.456039, 96.129246
66.075954, 96.476520
66.682078, 96.830049
67.274147, 97.189669
67.851903, 97.555227
68.415093, 97.926578
68.963470, 98.303587
69.496793, 98.686127
70.014825, 99.074079
70.517337, 99.467334
71.004105, 99.865787
71.474911, 100.269344
71.929543, 100.677915
72.367795, 101.091419
72.789465, 101.509778
73.194361, 101.932925
73.582293, 102.360793
73.953080, 102.793327
74.306546, 103.230472
74.642520, 103.672183
74.960839, 104.118417
75.261347, 104.569138
75.543891, 105.024314
75.808328, 105.483919
76.054519, 105.947931
76.282332, 106.416333
76.491643, 106.889114
76.682333, 107.366266
76.854289, 107.847787
77.007407, 108.333678
77.141587, 108.823947
77.256739, 109.318605
77.352778, 109.817668
77.429624, 110.321158
77.487208, 110.829101
77.525465, 111.341527
77.544339, 111.858472
77.543779, 112.379978
77.523743, 112.906090
77.484195, 113.436859
77.425108, 113.972343
77.346461, 114.512603
77.248241, 115.057708
77.130442, 115.607733
76.993066, 116.162756
76.836122, 116.722865
76.659629, 117.288152
76.463611, 117.858718
76.248102, 118.434670
76.013143, 119.016122
75.758783, 119.603196
75.485080, 120.196024
75.192099, 120.794743
74.879916, 121.399502
74.548613, 122.010458
74.198282, 122.627778
73.829023, 123.251641
73.440946, 123.882233
73.034170, 124.519757
72.608822, 125.164423
72.165040, 125.816459
71.702971, 126.476102
71.222772, 127.143606
70.724611, 127.819241
70.208665, 128.503293
69.675123, 129.196064
69.124184, 129.897877
68.556058, 130.609073
67.970969, 131.330014
67.369150, 132.061086
66.750848, 132.802697
66.116324, 133.555284
65.465850, 134.319309
64.799713, 135.095263
64.118215, 135.883669
63.421673, 136.685086
62.710421, 137.500106
61.984807, 138.329362
61.245199, 139.173528
60.491982, 140.033322
59.725563, 140.909511
58.946368, 141.802914
58.154844, 142.714405
57.351463, 143.644917
56.536723, 144.595448
55.711146, 145.567066
54.875285, 146.560912
54.029723, 147.578206
53.175075, 148.620256
52.311992, 149.688460
51.441165, 150.784315
50.563323, 151.909424
49.679244, 153.065502
48.789752, 154.254385
47.895723, 155.478037
46.998092, 156.738558
46.097855, 158.038190
45.196078, 159.379328
44.293897, 160.764522
43.392530, 162.196486
42.493281, 163.678102
41.597551, 165.212419
40.706839, 166.802656
39.822758, 168.452195
38.947039, 170.164572
38.081541, 171.943461
37.228260, 173.792648
36.389338, 175.716000
35.567069, 177.717416
34.763910, 179.800765
33.982478, 181.969811
33.225560, 184.228115
32.496109, 186.578913
31.797235, 189.024981
31.132198, 191.568467
30.504383, 194.210708
29.917279, 196.952036
29.374436, 199.791564
28.879423, 202.726988
28.435766, 205.754397
28.046883, 208.868129
27.716007, 212.060676
27.446108, 215.322669
27.239809, 218.642955
27.099308, 222.008779
27.026308, 225.406067
27.021961, 228.819800
27.086832, 232.234465
27.220883, 235.634532
27.423481, 239.004948
27.693424, 242.331576
28.028995, 245.601587
28.428024, 248.803739
28.887958, 251.928566
29.405950, 254.968465
29.978927, 257.917679
30.603673, 260.772211
31.276895, 263.529678
31.995280, 266.189128
32.755548, 268.750836
33.554486, 271.216095
34.388985, 273.587020
35.256056, 275.866361
36.152848, 278.057339
37.076653, 280.163506
38.024914, 282.188622
38.995220, 284.136560
39.985306, 286.011225
40.993049, 287.816493
42.016459, 289.556162
43.053670, 291.233920
44.102940, 292.853318
45.162632, 294.417755
46.231217, 295.930465
47.307259, 297.394517
48.389411, 298.812809
49.476406, 300.188074
50.567052, 301.522882
51.660228, 302.819643
52.754873, 304.080619
53.849985, 305.307929
54.944617, 306.503555
56.037869, 307.669350
57.128886, 308.807050
58.216857, 309.918274
59.301006, 311.004540
60.380595, 312.067264
61.454917, 313.107772
62.523297, 314.127303
63.585086, 315.127020
64.639663, 316.108007
65.686430, 317.071284
66.724812, 318.017803
67.754256, 318.948460
68.774229, 319.864093
69.784214, 320.765491
70.783716, 321.653394
71.772252, 322.528498
72.749359, 323.391458
73.714587, 324.242891
74.667498, 325.083377
75.607672, 325.913465
76.534698, 326.733670
77.448181, 327.544482
78.347734, 328.346360
79.232983, 329.139742
80.103568, 329.925041
80.959135, 330.702647
81.799343, 331.472931
82.623861, 332.236245
83.432366, 332.992923
84.224547, 333.743282
85.000101, 334.487626
85.758734, 335.226240
86.500161, 335.959400
87.224106, 336.687366
87.930301, 337.410388
88.618488, 338.128704
89.288417, 338.842543
89.939843, 339.552121
90.572534, 340.257648
91.186263, 340.959326
91.780812, 341.657345
92.355971, 342.351891
92.911537, 343.043142
93.447316, 343.731270
93.963121, 344.416438
94.458772, 345.098808
94.934098, 345.778532
95.388936, 346.455759
95.823128, 347.130635
96.236527, 347.803299
96.628991, 348.473887
97.000386, 349.142530
97.350586, 349.809358
97.679473, 350.474496
97.986935, 351.138065
98.272869, 351.800187
98.537178, 352.460976
98.779773, 353.120549
99.000573, 353.779019
99.199504, 354.436494
99.376499, 355.093085
99.531499, 355.748900
99.664453, 356.404044
99.775315, 357.058622
99.864049, 357.712739
99.930626, 358.366497
99.975023, 359.020000
99.997225, 359.673350
99.997225, 0.326650
99.975023, 0.980000
99.930626, 1.633503
99.864049, 2.287261
99.775315, 2.941378
99.664453, 3.595956
99.531499, 4.251100
99.376499, 4.906915
99.199504, 5.563506
99.000573, 6.220981
98.779773, 6.879451
98.537178, 7.539024
98.272869, 8.199813
97.986935, 8.861935
97.679473, 9.525504
97.350586, 10.190642
97.000386, 10.857470
96.628991, 11.526113
96.236527, 12.196701
95.823128, 12.869365
95.388936, 13.544241
94.934098, 14.221468
94.458772, 14.901192
93.963121, 15.583562
93.447316, 16.268730
92.911537, 16.956858
92.355971, 17.648109
91.780812, 18.342655
91.186263, 19.040674
90.572534, 19.742352
89.939843, 20.447879
89.288417, 21.157457
88.618488, 21.871296
87.930301, 22.589612
87.224106, 23.312634
86.500161, 24.040600
85.758734, 24.773760
85.000101, 25.512374
84.224547, 26.256718
83.432366, 27.007077
82.623861, 27.763755
81.799343, 28.527069
80.959135, 29.297353
80.103568, 30.074959
79.232983, 30.860258
78.347734, 31.653640
77.448181, 32.455518
76.534698, 33.266330
75.607672, 34.086535
74.667498, 34.916623
73.714587, 35.757109
72.749359, 36.608542
71.772252, 37.471502
70.783716, 38.346606
69.784214, 39.234509
68.774229, 40.135907
67.754256, 41.051540
66.724812, 41.982197
65.686430, 42.928716
64.639663, 43.891993
63.585086, 44.872980
62.523297, 45.872697
61.454917, 46.892228
60.380595, 47.932736
59.301006, 48.995460
58.216857, 50.081726
57.128886, 51.192950
56.037869, 52.330650
54.944617, 53.496445
53.849985, 54.692071
52.754873, 55.919381
51.660228, 57.180357
50.567052, 58.477118
49.476406, 59.811926
48.389411, 61.187191
47.307259, 62.605483
46.231217, 64.069535
45.162632, 65.582245
44.102940, 67.146682
43.053670, 68.766080
42.016459, 70.443838
40.993049, 72.183507
39.985306, 73.988775
38.995220, 75.863440
38.024914, 77.811378
37.076653, 79.836494
36.152848, 81.942661
35.256056, 84.133639
34.388985, 86.412980
33.554486, 88.783905
32.755548, 91.249164
31.995280, 93.810872
31.276895, 96.470322
30.603673, 99.227789
29.978927, 102.082321
29.405950, 105.031535
28.887958, 108.071434
28.428024, 111.196261
28.028995, 114.398413
27.693424, 117.668424
27.423481, 120.995052
27.220883, 124.365468
27.086832, 127.765535
27.021961, 131.180200
27.026308, 134.593933
27.099308, 137.991221
27.239809, 141.357045
27.446108, 144.677331
27.716007, 147.939324
28.046883, 151.131871
28.435766, 154.245603
28.879423, 157.273012
29.374436, 160.208436
29.917279, 163.047964
30.504383, 165.789292
31.132198, 168.431533
31.797235, 170.975019
32.496109, 173.421087
33.225560, 175.771885
33.982478, 178.030189
34.763910, 180.199235
35.567069, 182.282584
36.389338, 184.284000
37.228260, 186.207352
38.081541, 188.056539
38.947039, 189.835428
39.822758, 191.547805
40.706839, 193.197344
41.597551, 194.787581
42.493281, 196.321898
43.392530, 197.803514
44.293897, 199.235478
45.196078, 200.620672
46.097855, 201.961810
46.998092, 203.261442
47.895723, 204.521963
48.789752, 205.745615
49.679244, 206.934498
50.563323, 208.090576
51.441165, 209.215685
52.311992, 210.311540
53.175075, 211.379744
54.029723, 212.421794
54.875285, 213.439088
55.711146, 214.432934
56.536723, 215.404552
57.351463, 216.355083
58.154844, 217.285595
58.946368, 218.197086
59.725563, 219.090489
60.491982, 219.966678
61.245199, 220.826472
61.984807, 221.670638
62.710421, 222.499894
63.421673, 223.314914
64.118215, 224.116331
64.799713, 224.904737
65.465850, 225.680691
66.116324, 226.444716
66.750848, 227.197303
67.369150, 227.938914
67.970969, 228.669986
68.556058, 229.390927
69.124184, 230.102123
69.675123, 230.803936
70.208665, 231.496707
70.724611, 232.180759
71.222772, 232.856394
71.702971, 233.523898
72.165040, 234.183541
72.608822, 234.835577
73.034170, 235.480243
73.440946, 236.117767
73.829023, 236.748359
74.198282, 237.372222
74.548613, 237.989542
74.879916, 238.600498
75.192099, 239.205257
75.485080, 239.803976
75.758783, 240.396804
76.013143, 240.983878
76.248102, 241.565330
76.463611, 242.141282
76.659629, 242.711848
76.836122, 243.277135
76.993066, 243.837244
77.130442, 244.392267
77.248241, 244.942292
77.346461, 245.487397
77.425108, 246.027657
77.484195, 246.563141
77.523743, 247.093910
77.543779, 247.620022
77.544339, 248.141528
77.525465, 248.658473
77.487208, 249.170899
77.429624, 249.678842
77.352778, 250.182332
77.256739, 250.681395
77.141587, 251.176053
77.007407, 251.666322
76.854289, 252.152213
76.682333, 252.633734
76.491643, 253.110886
76.282332, 253.583667
76.054519, 254.052069
75.808328, 254.516081
75.543891, 254.975686
75.261347, 255.430862
74.960839, 255.881583
74.642520, 256.327817
74.306546, 256.769528
73.953080, 257.206673
73.582293, 257.639207
73.194361, 258.067075
72.789465, 258.490222
72.367795, 258.908581
71.929543, 259.322085
71.474911, 259.730656
71.004105, 260.134213
70.517337, 260.532666
70.014825, 260.925921
69.496793, 261.313873
68.963470, 261.696413
68.415093, 262.073422
67.851903, 262.444773
67.274147, 262.810331
66.682078, 263.169951
66.075954, 263.523480
65.456039, 263.870754
64.822605, 264.211597
64.175926, 264.545823
63.516284, 264.873235
62.843966, 265.193620
62.159266, 265.506756
61.462481, 265.812403
60.753917, 266.110308
60.033884, 266.400199
59.302699, 266.681790
58.560683, 266.954774
57.808166, 267.218826
57.045483, 267.473599
56.272974, 267.718722
55.490988, 267.953801
54.699878, 268.178417
53.900006, 268.392120
53.091740, 268.594432
52.275457, 268.784842
51.451538, 268.962803
50.620375, 269.127732
49.782368, 269.279002
48.937926, 269.415945
48.087464, 269.537844
47.231411, 269.643929
46.370204, 269.733376
45.504291, 269.805298
44.634133, 269.858743
43.760201, 269.892688
42.882981, 269.906029
42.002976, 269.897582
41.120699, 269.866065
40.236686, 269.810100
39.351487, 269.728197
38.465676, 269.618747
37.579846, 269.480013
36.694615, 269.310114
35.810629, 269.107017
34.928562, 268.868521
34.049121, 268.592244
33.173049, 268.275607
32.301126, 267.915818
31.434179, 267.509856
30.573080, 267.054451
29.718757, 266.546071
28.872197, 265.980904
28.034450, 265.354840
27.206640, 264.663463
26.389971, 263.902039
25.585735, 263.065512
24.795319, 262.148513
24.020214, 261.145374
23.262028, 260.050161
22.522486, 258.856726
21.803448, 257.558791
21.106903, 256.150052
20.434985, 254.624339
19.789961, 252.975810
19.174234, 251.199210
18.590328, 249.290179
18.040866, 247.245620
17.528536, 245.064121
17.056054, 242.746407
16.626097, 240.295792
16.241241, 237.718601
15.903870, 235.024492
15.616086, 232.226635
15.379618, 229.341668
15.195726, 226.389409
15.065125, 223.392291
14.987930, 220.374556
14.963628, 217.361262
14.991080, 214.377207
15.068558, 211.445878
15.193815, 208.588536
15.364164, 205.823522
15.576584, 203.165824
15.827824, 200.626907
16.114495, 198.214787
16.433167, 195.934283
16.780441, 193.787396
17.153008, 191.773747
17.547694, 189.891040
17.961491, 188.135499
18.391576, 186.502265
18.835318, 184.985736
19.290280, 183.579851
19.754216, 182.278322
20.225063, 181.074801
20.700928, 179.963020
21.180081, 178.936883
21.660940, 177.990533
22.142057, 177.118393
22.622113, 176.315192
23.099897, 175.575973
23.574305, 174.896096
24.044324, 174.271234
24.509026, 173.697356
24.967560, 173.170719
25.419143, 172.687846
25.863055, 172.245515
26.298633, 171.840738
26.725266, 171.470743
27.142392, 171.132960
27.549488, 170.825005
27.946073, 170.544661
28.331703, 170.289871
28.705965, 170.058718
29.068479, 169.849416
29.418891, 169.660299
29.756876, 169.489808
30.082133, 169.336486
30.394382, 169.198964
30.693368, 169.075955
30.978855, 168.966250
31.250625, 168.868703
31.508480, 168.782233
31.752239, 168.705814
31.981738, 168.638469
32.196830, 168.579268
32.397381, 168.527319
32.583273, 168.481770
32.754405, 168.441798
32.910686, 168.406610
33.052041, 168.375439
33.178409, 168.347538
33.289742, 168.322179
33.386004, 168.298652
33.467173, 168.276256
33.533239, 168.254304
33.584206, 168.232114
33.620090, 168.209010
33.640921, 168.184319
33.646739, 168.157368
33.637601, 168.127482
33.613573, 168.093980
33.574738, 168.056177
33.521189, 168.013375
33.453035, 167.964868
33.370399, 167.909935
33.273416, 167.847837
33.162238, 167.777817
33.037032, 167.699099
32.897979, 167.610879
32.745277, 167.512329
32.579140, 167.402590
32.399801, 167.280772
32.207510, 167.145949
32.002534, 166.997158
31.785163, 166.833391
31.555705, 166.653600
31.314490, 166.456685
31.061871, 166.241498
30.798226, 166.006834
30.523957, 165.751430
30.239494, 165.473963
29.945293, 165.173042
29.641842, 164.847210
29.329662, 164.494938
29.009305, 164.114623
28.681360, 163.704584
28.346457, 163.263062
28.005263, 162.788220
27.658492, 162.278139
27.306902, 161.730822
26.951300, 161.144197
26.592548, 160.516118
26.231559, 159.844376
25.869309, 159.126705
25.506832, 158.360798
25.145227, 157.544321
24.785662, 156.674936
24.429372, 155.750328
24.077667, 154.768237
23.731927, 153.726498
23.393607, 152.623088
23.064234, 151.456177
22.745406, 150.224197
22.438787, 148.925905
22.146104, 147.560461
21.869135, 146.127513
21.609703, 144.627278
21.369658, 143.060630
21.150862, 141.429180
20.955172, 139.735345
20.784417, 137.982415
20.640368, 136.174582
20.524721, 134.316959
20.439062, 132.415558
20.384842, 130.477240
20.363350, 128.509622
20.375689, 126.520956
20.422756, 124.519974
20.505226, 122.515704
20.623539, 120.517274
20.777899, 118.533712
20.968272, 116.573749
21.194398, 114.645636
21.455800, 112.756992
21.751805, 110.914678
22.081563, 109.124707
22.444071, 107.392196
22.838197, 105.721343
23.262707, 104.115442
23.716285, 102.576922
24.197560, 101.107405
24.705121, 99.707778
25.237539, 98.378277
25.793382, 97.118568
26.371227, 95.927835
26.969670, 94.804860
27.587335, 93.748102
28.222882, 92.755764
28.875010, 91.825856
29.542460, 90.956248
30.224018, 90.144721
30.918516, 89.389001
31.624831, 88.686794
32.341884, 88.035816
33.068642, 87.433809
33.804115, 86.878560
34.547352, 86.367917
35.297442, 85.899795
36.053513, 85.472182
36.814726, 85.083149
37.580278, 84.730846
38.349396, 84.413508
39.121337, 84.129454
39.895387, 83.877084
40.670857, 83.654879
41.447083, 83.461400
42.223425, 83.295281
42.999263, 83.155232
43.774001, 83.040031
44.547057, 82.948524
45.317872, 82.879620
46.085901, 82.832290
46.850617, 82.805560
47.611505, 82.798512
48.368068, 82.810279
49.119820, 82.840043
49.866289, 82.887030
50.607016, 82.950512
51.341551, 83.029799
52.069458, 83.124242
52.790310, 83.233226
53.503690, 83.356171
54.209192, 83.492530
54.906418, 83.641786
55.594981, 83.803448
56.274500, 83.977056
56.944606, 84.162172
57.604935, 84.358383
58.255133, 84.565300
58.894853, 84.782552
59.523756, 85.009793
60.141511, 85.246691
60.747793, 85.492935
61.342286, 85.748229
61.924680, 86.012297
62.494671, 86.284873
63.051966, 86.565709
63.596273, 86.854569
64.127313, 87.151232
64.644808, 87.455489
65.148491, 87.767140
65.638099, 88.085999
66.113378, 88.411891
66.574078, 88.744649
67.019958, 89.084118
67.450781, 89.430152
67.866320, 89.782613
68.266352, 90.141372
68.650660, 90.506310
69.019037, 90.877312
69.371278, 91.254276
69.707189, 91.637102
70.026579, 92.025703
70.329266, 92.419994
70.615074, 92.819900
70.883834, 93.225350
71.135382, 93.636283
71.369563, 94.052641
71.586227, 94.474373
71.785231, 94.901437
71.966441, 95.333792
72.129728, 95.771408
72.274969, 96.214257
72.402049, 96.662319
72.510860, 97.115579
72.601302, 97.574029
72.673280, 98.037664
72.726708, 98.506488
72.761505, 98.980509
72.777600, 99.459741
72.774926, 99.944206
72.753426, 100.433928
72.713049, 100.928943
72.653752, 101.429287
72.575498, 101.935006
72.478260, 102.446153
72.362017, 102.962786
72.226755, 103.484971
72.072469, 104.012781
71.899161, 104.546295
71.706842, 105.085602
71.495529, 105.630797
71.265249, 106.181986
71.016036, 106.739280
70.747932, 107.302802
70.460989, 107.872684
70.155265, 108.449065
69.830828, 109.032099
69.487754, 109.621948
69.126128, 110.218786
68.746045, 110.822799
68.347608, 111.434187
67.930929, 112.053162
67.496131, 112.679953
67.043343, 113.314800
66.572709, 113.957964
66.084380, 114.609719
65.578517, 115.270361
65.055292, 115.940203
64.514890, 116.619579
63.957505, 117.308848
63.383344, 118.008390
62.792624, 118.718610
62.185576, 119.439944
61.562445, 120.172854
60.923487, 120.917834
60.268973, 121.675413
59.599190, 122.446155
58.914438, 123.230664
58.215036, 124.029586
57.501317, 124.843612
56.773635, 125.673483
56.032359, 126.519992
55.277883, 127.383989
54.510619, 128.266386
53.731002, 129.168162
52.939494, 130.090369
52.136580, 131.034135
51.322775, 132.000675
50.498625, 132.991293
49.664706, 134.007396
48.821632, 135.050495
47.970055, 136.122219
47.110667, 137.224320
46.244208, 138.358690
45.371466, 139.527363
44.493282, 140.732533
43.610560, 141.976562
42.724265, 143.261993
41.835435, 144.591563
40.945186, 145.968214
40.054721, 147.395105
39.165335, 148.875621
38.278428, 150.413381
37.395513, 152.012249
36.518227, 153.676327
35.648343, 155.409957
34.787783, 157.217708
33.938626, 159.104351
33.103126, 161.074828
32.283723, 163.134198
31.483050, 165.287564
30.703947, 167.539980
29.949468, 169.896317
29.222877, 172.361107
28.527652, 174.938347
27.867469, 177.631258
27.246182, 180.442015
26.667789, 183.371441
26.136386, 186.418690
25.656105, 189.580920
25.231033, 192.853002
24.865121, 196.227292
24.562079, 199.693491
24.325260, 203.238653
24.157553, 206.847350
24.061273, 210.502015
24.038073, 214.183459
24.088882, 217.871526
24.213871, 221.545834
24.412454, 225.186544
24.683326, 228.775068
25.024527, 232.294674
25.433530, 235.730935
25.907347, 239.071996
26.442638, 242.308669
27.035818, 245.434380
27.683158, 248.444985
28.380875, 251.338513
29.125203, 254.114852
29.912455, 256.775431
##END=
