##TITLE= Parameter file, TopSpin 4.3.0
##JCAMPDX= 5.0
##DATATYPE= Parameter Values
##ORIGIN= Bruker BioSpin GmbH
##OWNER= nmrsu
$$ 2024-05-31 12:49:43.416 +0100  nmrsu@4CE1161FJM
$$ C:/Bruker/TopSpin4.3.0/exp/stan/nmr/lists/wave/user/multisupp_aux_d8
$$ process C:\Bruker\TopSpin4.3.0\prog\mod\xwinshape.exe
##MINX= 2.24346800
##MAXX= 99.99938900
##MINY= 0.51209200
##MAXY= 359.48790800
##$SHAPE_ADDPHASE= 0
##$SHAPE_AMP= 99.99938916
##$SHAPE_BWFAC= 0
##$SHAPE_BWFAC50= 0
##$SHAPE_CALCBW= yes
##$SHAPE_CALCINTEG= yes
##$SHAPE_EXMODE= <Excitation>
##$SHAPE_EXPAND= <>
##$SHAPE_EXPANDCF= (0..143)
0 0 0 0 0 0 0 0 0 0 0 0 0 0 0 0 0 0 0 0 0 0 0 0 0 0 0 0 0 0 0 0 0 0 0 0
0 0 0 0 0 0 0 0 0 0 0 0 0 0 0 0 0 0 0 0 0 0 0 0 0 0 0 0 0 0 0 0 0 0 0 0
0 0 0 0 0 0 0 0 0 0 0 0 0 0 0 0 0 0 0 0 0 0 0 0 0 0 0 0 0 0 0 0 0 0 0 0
0 0 0 0 0 0 0 0 0 0 0 0 0 0 0 0 0 0 0 0 0 0 0 0 0 0 0 0 0 0 0 0 0 0 0 0
##$SHAPE_EXPFAC= 0
##$SHAPE_FRACEND= 0
##$SHAPE_FRACORG= 0
##$SHAPE_FRACSTART= 0
##$SHAPE_INTEGFAC= 0
##$SHAPE_KEEPRES= yes
##$SHAPE_LENGTH= 25000.000373
##$SHAPE_MAN= <M>
##$SHAPE_MODE= 3
##$SHAPE_MODFREQ= 0
##$SHAPE_MODPHASE= 0
##$SHAPE_MODSCALE= 0
##$SHAPE_MODSW= 0
##$SHAPE_MODSWDIR= -1
##$SHAPE_NPOINTS= 1250
##$SHAPE_OFFS= <1 3>
##$SHAPE_OFFSCOEFF= (0..95)
-140.16667 0 100 -210.47813 0 100 -276.40521 0 100 0 0 0 0 0 0 0 0 0 0
0 0 0 0 0 0 0 0 0 0 0 0 0 0 0 0 0 0 0 0 0 0 0 0 0 0 0 0 0 0 0 0 0 0 0 0
0 0 0 0 0 0 0 0 0 0 0 0 0 0 0 0 0 0 0 0 0 0 0 0 0 0 0 0 0 0 0 0 0 0 0 0
0 0 0 0 0
##$SHAPE_PARAMETER= <>
##$SHAPE_REPHFAC= 0
##$SHAPE_RES= 0
##$SHAPE_SCALEFAC= 1.00000611
##$SHAPE_SCALETYPE= 0
##$SHAPE_SPOAL= 0
##$SHAPE_SPOFFS= 0
##$SHAPE_SPOPH= 0
##$SHAPE_TOTROT= 90
##$SHAPE_TYPE= <Excitation>
##$SHAPE_USER_DEF= <>
##$SHAPE_VERSION= 2.1
##$SHL_ADDPHASE= (0..15)
0 0 0 0 0 0 0 0 0 0 0 0 0 0 0 0
##$SHL_ALIGNOFFSET= (0..15)
0 0 0 0 0 0 0 0 0 0 0 0 0 0 0 0
##$SHL_AMP= (0..15)
100 0 0 0 0 0 0 0 0 0 0 0 0 0 0 0
##$SHL_AMPFAC= (0..15)
0 0 0 0 0 0 0 0 0 0 0 0 0 0 0 0
##$SHL_BETA= (0..15)
0 0 0 0 0 0 0 0 0 0 0 0 0 0 0 0
##$SHL_BWFAC= (0..15)
1.116 0 0 0 0 0 0 0 0 0 0 0 0 0 0 0
##$SHL_CALCBW= (0..15)
yes yes yes yes yes yes yes yes yes yes yes yes yes yes yes yes
##$SHL_CALCINTEG= (0..15)
yes yes yes yes yes yes yes yes yes yes yes yes yes yes yes yes
##$SHL_CENTERAMP= (0..15)
0 0 0 0 0 0 0 0 0 0 0 0 0 0 0 0
##$SHL_CYCNUM= (0..15)
0 0 0 0 0 0 0 0 0 0 0 0 0 0 0 0
##$SHL_DIPOLCPL= (0..15)
0 0 0 0 0 0 0 0 0 0 0 0 0 0 0 0
##$SHL_ENDAMP= (0..15)
0 0 0 0 0 0 0 0 0 0 0 0 0 0 0 0
##$SHL_EXMODE= (0..15)
<Excitation> <> <> <> <> <> <> <> <> <> <> <> <> <> <> <>
##$SHL_EXPAND= (0..15)
<> <> <> <> <> <> <> <> <> <> <> <> <> <> <> <>
##$SHL_EXPANDCF0= (0..143)
0 0 0 0 0 0 0 0 0 0 0 0 0 0 0 0 0 0 0 0 0 0 0 0 0 0 0 0 0 0 0 0 0 0 0 0
0 0 0 0 0 0 0 0 0 0 0 0 0 0 0 0 0 0 0 0 0 0 0 0 0 0 0 0 0 0 0 0 0 0 0 0
0 0 0 0 0 0 0 0 0 0 0 0 0 0 0 0 0 0 0 0 0 0 0 0 0 0 0 0 0 0 0 0 0 0 0 0
0 0 0 0 0 0 0 0 0 0 0 0 0 0 0 0 0 0 0 0 0 0 0 0 0 0 0 0 0 0 0 0 0 0 0 0
##$SHL_EXPANDCF1= (0..143)
0 0 0 0 0 0 0 0 0 0 0 0 0 0 0 0 0 0 0 0 0 0 0 0 0 0 0 0 0 0 0 0 0 0 0 0
0 0 0 0 0 0 0 0 0 0 0 0 0 0 0 0 0 0 0 0 0 0 0 0 0 0 0 0 0 0 0 0 0 0 0 0
0 0 0 0 0 0 0 0 0 0 0 0 0 0 0 0 0 0 0 0 0 0 0 0 0 0 0 0 0 0 0 0 0 0 0 0
0 0 0 0 0 0 0 0 0 0 0 0 0 0 0 0 0 0 0 0 0 0 0 0 0 0 0 0 0 0 0 0 0 0 0 0
##$SHL_EXPANDCF10= (0..143)
0 0 0 0 0 0 0 0 0 0 0 0 0 0 0 0 0 0 0 0 0 0 0 0 0 0 0 0 0 0 0 0 0 0 0 0
0 0 0 0 0 0 0 0 0 0 0 0 0 0 0 0 0 0 0 0 0 0 0 0 0 0 0 0 0 0 0 0 0 0 0 0
0 0 0 0 0 0 0 0 0 0 0 0 0 0 0 0 0 0 0 0 0 0 0 0 0 0 0 0 0 0 0 0 0 0 0 0
0 0 0 0 0 0 0 0 0 0 0 0 0 0 0 0 0 0 0 0 0 0 0 0 0 0 0 0 0 0 0 0 0 0 0 0
##$SHL_EXPANDCF11= (0..143)
0 0 0 0 0 0 0 0 0 0 0 0 0 0 0 0 0 0 0 0 0 0 0 0 0 0 0 0 0 0 0 0 0 0 0 0
0 0 0 0 0 0 0 0 0 0 0 0 0 0 0 0 0 0 0 0 0 0 0 0 0 0 0 0 0 0 0 0 0 0 0 0
0 0 0 0 0 0 0 0 0 0 0 0 0 0 0 0 0 0 0 0 0 0 0 0 0 0 0 0 0 0 0 0 0 0 0 0
0 0 0 0 0 0 0 0 0 0 0 0 0 0 0 0 0 0 0 0 0 0 0 0 0 0 0 0 0 0 0 0 0 0 0 0
##$SHL_EXPANDCF12= (0..143)
0 0 0 0 0 0 0 0 0 0 0 0 0 0 0 0 0 0 0 0 0 0 0 0 0 0 0 0 0 0 0 0 0 0 0 0
0 0 0 0 0 0 0 0 0 0 0 0 0 0 0 0 0 0 0 0 0 0 0 0 0 0 0 0 0 0 0 0 0 0 0 0
0 0 0 0 0 0 0 0 0 0 0 0 0 0 0 0 0 0 0 0 0 0 0 0 0 0 0 0 0 0 0 0 0 0 0 0
0 0 0 0 0 0 0 0 0 0 0 0 0 0 0 0 0 0 0 0 0 0 0 0 0 0 0 0 0 0 0 0 0 0 0 0
##$SHL_EXPANDCF13= (0..143)
0 0 0 0 0 0 0 0 0 0 0 0 0 0 0 0 0 0 0 0 0 0 0 0 0 0 0 0 0 0 0 0 0 0 0 0
0 0 0 0 0 0 0 0 0 0 0 0 0 0 0 0 0 0 0 0 0 0 0 0 0 0 0 0 0 0 0 0 0 0 0 0
0 0 0 0 0 0 0 0 0 0 0 0 0 0 0 0 0 0 0 0 0 0 0 0 0 0 0 0 0 0 0 0 0 0 0 0
0 0 0 0 0 0 0 0 0 0 0 0 0 0 0 0 0 0 0 0 0 0 0 0 0 0 0 0 0 0 0 0 0 0 0 0
##$SHL_EXPANDCF14= (0..143)
0 0 0 0 0 0 0 0 0 0 0 0 0 0 0 0 0 0 0 0 0 0 0 0 0 0 0 0 0 0 0 0 0 0 0 0
0 0 0 0 0 0 0 0 0 0 0 0 0 0 0 0 0 0 0 0 0 0 0 0 0 0 0 0 0 0 0 0 0 0 0 0
0 0 0 0 0 0 0 0 0 0 0 0 0 0 0 0 0 0 0 0 0 0 0 0 0 0 0 0 0 0 0 0 0 0 0 0
0 0 0 0 0 0 0 0 0 0 0 0 0 0 0 0 0 0 0 0 0 0 0 0 0 0 0 0 0 0 0 0 0 0 0 0
##$SHL_EXPANDCF15= (0..143)
0 0 0 0 0 0 0 0 0 0 0 0 0 0 0 0 0 0 0 0 0 0 0 0 0 0 0 0 0 0 0 0 0 0 0 0
0 0 0 0 0 0 0 0 0 0 0 0 0 0 0 0 0 0 0 0 0 0 0 0 0 0 0 0 0 0 0 0 0 0 0 0
0 0 0 0 0 0 0 0 0 0 0 0 0 0 0 0 0 0 0 0 0 0 0 0 0 0 0 0 0 0 0 0 0 0 0 0
0 0 0 0 0 0 0 0 0 0 0 0 0 0 0 0 0 0 0 0 0 0 0 0 0 0 0 0 0 0 0 0 0 0 0 0
##$SHL_EXPANDCF2= (0..143)
0 0 0 0 0 0 0 0 0 0 0 0 0 0 0 0 0 0 0 0 0 0 0 0 0 0 0 0 0 0 0 0 0 0 0 0
0 0 0 0 0 0 0 0 0 0 0 0 0 0 0 0 0 0 0 0 0 0 0 0 0 0 0 0 0 0 0 0 0 0 0 0
0 0 0 0 0 0 0 0 0 0 0 0 0 0 0 0 0 0 0 0 0 0 0 0 0 0 0 0 0 0 0 0 0 0 0 0
0 0 0 0 0 0 0 0 0 0 0 0 0 0 0 0 0 0 0 0 0 0 0 0 0 0 0 0 0 0 0 0 0 0 0 0
##$SHL_EXPANDCF3= (0..143)
0 0 0 0 0 0 0 0 0 0 0 0 0 0 0 0 0 0 0 0 0 0 0 0 0 0 0 0 0 0 0 0 0 0 0 0
0 0 0 0 0 0 0 0 0 0 0 0 0 0 0 0 0 0 0 0 0 0 0 0 0 0 0 0 0 0 0 0 0 0 0 0
0 0 0 0 0 0 0 0 0 0 0 0 0 0 0 0 0 0 0 0 0 0 0 0 0 0 0 0 0 0 0 0 0 0 0 0
0 0 0 0 0 0 0 0 0 0 0 0 0 0 0 0 0 0 0 0 0 0 0 0 0 0 0 0 0 0 0 0 0 0 0 0
##$SHL_EXPANDCF4= (0..143)
0 0 0 0 0 0 0 0 0 0 0 0 0 0 0 0 0 0 0 0 0 0 0 0 0 0 0 0 0 0 0 0 0 0 0 0
0 0 0 0 0 0 0 0 0 0 0 0 0 0 0 0 0 0 0 0 0 0 0 0 0 0 0 0 0 0 0 0 0 0 0 0
0 0 0 0 0 0 0 0 0 0 0 0 0 0 0 0 0 0 0 0 0 0 0 0 0 0 0 0 0 0 0 0 0 0 0 0
0 0 0 0 0 0 0 0 0 0 0 0 0 0 0 0 0 0 0 0 0 0 0 0 0 0 0 0 0 0 0 0 0 0 0 0
##$SHL_EXPANDCF5= (0..143)
0 0 0 0 0 0 0 0 0 0 0 0 0 0 0 0 0 0 0 0 0 0 0 0 0 0 0 0 0 0 0 0 0 0 0 0
0 0 0 0 0 0 0 0 0 0 0 0 0 0 0 0 0 0 0 0 0 0 0 0 0 0 0 0 0 0 0 0 0 0 0 0
0 0 0 0 0 0 0 0 0 0 0 0 0 0 0 0 0 0 0 0 0 0 0 0 0 0 0 0 0 0 0 0 0 0 0 0
0 0 0 0 0 0 0 0 0 0 0 0 0 0 0 0 0 0 0 0 0 0 0 0 0 0 0 0 0 0 0 0 0 0 0 0
##$SHL_EXPANDCF6= (0..143)
0 0 0 0 0 0 0 0 0 0 0 0 0 0 0 0 0 0 0 0 0 0 0 0 0 0 0 0 0 0 0 0 0 0 0 0
0 0 0 0 0 0 0 0 0 0 0 0 0 0 0 0 0 0 0 0 0 0 0 0 0 0 0 0 0 0 0 0 0 0 0 0
0 0 0 0 0 0 0 0 0 0 0 0 0 0 0 0 0 0 0 0 0 0 0 0 0 0 0 0 0 0 0 0 0 0 0 0
0 0 0 0 0 0 0 0 0 0 0 0 0 0 0 0 0 0 0 0 0 0 0 0 0 0 0 0 0 0 0 0 0 0 0 0
##$SHL_EXPANDCF7= (0..143)
0 0 0 0 0 0 0 0 0 0 0 0 0 0 0 0 0 0 0 0 0 0 0 0 0 0 0 0 0 0 0 0 0 0 0 0
0 0 0 0 0 0 0 0 0 0 0 0 0 0 0 0 0 0 0 0 0 0 0 0 0 0 0 0 0 0 0 0 0 0 0 0
0 0 0 0 0 0 0 0 0 0 0 0 0 0 0 0 0 0 0 0 0 0 0 0 0 0 0 0 0 0 0 0 0 0 0 0
0 0 0 0 0 0 0 0 0 0 0 0 0 0 0 0 0 0 0 0 0 0 0 0 0 0 0 0 0 0 0 0 0 0 0 0
##$SHL_EXPANDCF8= (0..143)
0 0 0 0 0 0 0 0 0 0 0 0 0 0 0 0 0 0 0 0 0 0 0 0 0 0 0 0 0 0 0 0 0 0 0 0
0 0 0 0 0 0 0 0 0 0 0 0 0 0 0 0 0 0 0 0 0 0 0 0 0 0 0 0 0 0 0 0 0 0 0 0
0 0 0 0 0 0 0 0 0 0 0 0 0 0 0 0 0 0 0 0 0 0 0 0 0 0 0 0 0 0 0 0 0 0 0 0
0 0 0 0 0 0 0 0 0 0 0 0 0 0 0 0 0 0 0 0 0 0 0 0 0 0 0 0 0 0 0 0 0 0 0 0
##$SHL_EXPANDCF9= (0..143)
0 0 0 0 0 0 0 0 0 0 0 0 0 0 0 0 0 0 0 0 0 0 0 0 0 0 0 0 0 0 0 0 0 0 0 0
0 0 0 0 0 0 0 0 0 0 0 0 0 0 0 0 0 0 0 0 0 0 0 0 0 0 0 0 0 0 0 0 0 0 0 0
0 0 0 0 0 0 0 0 0 0 0 0 0 0 0 0 0 0 0 0 0 0 0 0 0 0 0 0 0 0 0 0 0 0 0 0
0 0 0 0 0 0 0 0 0 0 0 0 0 0 0 0 0 0 0 0 0 0 0 0 0 0 0 0 0 0 0 0 0 0 0 0
##$SHL_EXPFAC= (0..15)
0 0 0 0 0 0 0 0 0 0 0 0 0 0 0 0
##$SHL_FRACEND= (0..15)
0 0 0 0 0 0 0 0 0 0 0 0 0 0 0 0
##$SHL_FRACORG= (0..15)
0 0 0 0 0 0 0 0 0 0 0 0 0 0 0 0
##$SHL_FRACSTART= (0..15)
0 0 0 0 0 0 0 0 0 0 0 0 0 0 0 0
##$SHL_FULLHALF= (0..15)
0 0 0 0 0 0 0 0 0 0 0 0 0 0 0 0
##$SHL_FUNCAMP= (0..15)
100 0 0 0 0 0 0 0 0 0 0 0 0 0 0 0
##$SHL_FUNCTION= (0..15)
<Rectangle> <> <> <> <> <> <> <> <> <> <> <> <> <> <> <>
##$SHL_GCO= (0..15)
<> <> <> <> <> <> <> <> <> <> <> <> <> <> <> <>
##$SHL_GCOCOEFFS0= (0..59)
0 0 0 0 0 0 0 0 0 0 0 0 0 0 0 0 0 0 0 0 0 0 0 0 0 0 0 0 0 0 0 0 0 0 0 0
0 0 0 0 0 0 0 0 0 0 0 0 0 0 0 0 0 0 0 0 0 0 0 0
##$SHL_GCOCOEFFS1= (0..59)
0 0 0 0 0 0 0 0 0 0 0 0 0 0 0 0 0 0 0 0 0 0 0 0 0 0 0 0 0 0 0 0 0 0 0 0
0 0 0 0 0 0 0 0 0 0 0 0 0 0 0 0 0 0 0 0 0 0 0 0
##$SHL_GCOCOEFFS10= (0..59)
0 0 0 0 0 0 0 0 0 0 0 0 0 0 0 0 0 0 0 0 0 0 0 0 0 0 0 0 0 0 0 0 0 0 0 0
0 0 0 0 0 0 0 0 0 0 0 0 0 0 0 0 0 0 0 0 0 0 0 0
##$SHL_GCOCOEFFS11= (0..59)
0 0 0 0 0 0 0 0 0 0 0 0 0 0 0 0 0 0 0 0 0 0 0 0 0 0 0 0 0 0 0 0 0 0 0 0
0 0 0 0 0 0 0 0 0 0 0 0 0 0 0 0 0 0 0 0 0 0 0 0
##$SHL_GCOCOEFFS12= (0..59)
0 0 0 0 0 0 0 0 0 0 0 0 0 0 0 0 0 0 0 0 0 0 0 0 0 0 0 0 0 0 0 0 0 0 0 0
0 0 0 0 0 0 0 0 0 0 0 0 0 0 0 0 0 0 0 0 0 0 0 0
##$SHL_GCOCOEFFS13= (0..59)
0 0 0 0 0 0 0 0 0 0 0 0 0 0 0 0 0 0 0 0 0 0 0 0 0 0 0 0 0 0 0 0 0 0 0 0
0 0 0 0 0 0 0 0 0 0 0 0 0 0 0 0 0 0 0 0 0 0 0 0
##$SHL_GCOCOEFFS14= (0..59)
0 0 0 0 0 0 0 0 0 0 0 0 0 0 0 0 0 0 0 0 0 0 0 0 0 0 0 0 0 0 0 0 0 0 0 0
0 0 0 0 0 0 0 0 0 0 0 0 0 0 0 0 0 0 0 0 0 0 0 0
##$SHL_GCOCOEFFS15= (0..59)
0 0 0 0 0 0 0 0 0 0 0 0 0 0 0 0 0 0 0 0 0 0 0 0 0 0 0 0 0 0 0 0 0 0 0 0
0 0 0 0 0 0 0 0 0 0 0 0 0 0 0 0 0 0 0 0 0 0 0 0
##$SHL_GCOCOEFFS2= (0..59)
0 0 0 0 0 0 0 0 0 0 0 0 0 0 0 0 0 0 0 0 0 0 0 0 0 0 0 0 0 0 0 0 0 0 0 0
0 0 0 0 0 0 0 0 0 0 0 0 0 0 0 0 0 0 0 0 0 0 0 0
##$SHL_GCOCOEFFS3= (0..59)
0 0 0 0 0 0 0 0 0 0 0 0 0 0 0 0 0 0 0 0 0 0 0 0 0 0 0 0 0 0 0 0 0 0 0 0
0 0 0 0 0 0 0 0 0 0 0 0 0 0 0 0 0 0 0 0 0 0 0 0
##$SHL_GCOCOEFFS4= (0..59)
0 0 0 0 0 0 0 0 0 0 0 0 0 0 0 0 0 0 0 0 0 0 0 0 0 0 0 0 0 0 0 0 0 0 0 0
0 0 0 0 0 0 0 0 0 0 0 0 0 0 0 0 0 0 0 0 0 0 0 0
##$SHL_GCOCOEFFS5= (0..59)
0 0 0 0 0 0 0 0 0 0 0 0 0 0 0 0 0 0 0 0 0 0 0 0 0 0 0 0 0 0 0 0 0 0 0 0
0 0 0 0 0 0 0 0 0 0 0 0 0 0 0 0 0 0 0 0 0 0 0 0
##$SHL_GCOCOEFFS6= (0..59)
0 0 0 0 0 0 0 0 0 0 0 0 0 0 0 0 0 0 0 0 0 0 0 0 0 0 0 0 0 0 0 0 0 0 0 0
0 0 0 0 0 0 0 0 0 0 0 0 0 0 0 0 0 0 0 0 0 0 0 0
##$SHL_GCOCOEFFS7= (0..59)
0 0 0 0 0 0 0 0 0 0 0 0 0 0 0 0 0 0 0 0 0 0 0 0 0 0 0 0 0 0 0 0 0 0 0 0
0 0 0 0 0 0 0 0 0 0 0 0 0 0 0 0 0 0 0 0 0 0 0 0
##$SHL_GCOCOEFFS8= (0..59)
0 0 0 0 0 0 0 0 0 0 0 0 0 0 0 0 0 0 0 0 0 0 0 0 0 0 0 0 0 0 0 0 0 0 0 0
0 0 0 0 0 0 0 0 0 0 0 0 0 0 0 0 0 0 0 0 0 0 0 0
##$SHL_GCOCOEFFS9= (0..59)
0 0 0 0 0 0 0 0 0 0 0 0 0 0 0 0 0 0 0 0 0 0 0 0 0 0 0 0 0 0 0 0 0 0 0 0
0 0 0 0 0 0 0 0 0 0 0 0 0 0 0 0 0 0 0 0 0 0 0 0
##$SHL_INTEGFAC= (0..15)
1 0 0 0 0 0 0 0 0 0 0 0 0 0 0 0
##$SHL_LB= (0..15)
0 0 0 0 0 0 0 0 0 0 0 0 0 0 0 0
##$SHL_LEFTLIMIT= (0..15)
0 0 0 0 0 0 0 0 0 0 0 0 0 0 0 0
##$SHL_LENGTH= (0..15)
25000.000373 0 0 0 0 0 0 0 0 0 0 0 0 0 0 0
##$SHL_MAN= (0..15)
<> <> <> <> <> <> <> <> <> <> <> <> <> <> <> <>
##$SHL_MEANAMP= (0..15)
0 0 0 0 0 0 0 0 0 0 0 0 0 0 0 0
##$SHL_MODAMP= (0..15)
0 0 0 0 0 0 0 0 0 0 0 0 0 0 0 0
##$SHL_MODE= (0..15)
0 0 0 0 0 0 0 0 0 0 0 0 0 0 0 0
##$SHL_MODFREQ= (0..15)
0 0 0 0 0 0 0 0 0 0 0 0 0 0 0 0
##$SHL_MODPHASE= (0..15)
0 0 0 0 0 0 0 0 0 0 0 0 0 0 0 0
##$SHL_MODSCALE= (0..15)
0 0 0 0 0 0 0 0 0 0 0 0 0 0 0 0
##$SHL_MODSW= (0..15)
0 0 0 0 0 0 0 0 0 0 0 0 0 0 0 0
##$SHL_MODSWDIR= (0..15)
-1 -1 -1 -1 -1 -1 -1 -1 -1 -1 -1 -1 -1 -1 -1 -1
##$SHL_MU= (0..15)
0 0 0 0 0 0 0 0 0 0 0 0 0 0 0 0
##$SHL_NPOINTS= (0..15)
1250 0 0 0 0 0 0 0 0 0 0 0 0 0 0 0
##$SHL_OFFS= (0..15)
<> <> <> <> <> <> <> <> <> <> <> <> <> <> <> <>
##$SHL_OFFSCOEFF0= (0..95)
0 0 0 0 0 0 0 0 0 0 0 0 0 0 0 0 0 0 0 0 0 0 0 0 0 0 0 0 0 0 0 0 0 0 0 0
0 0 0 0 0 0 0 0 0 0 0 0 0 0 0 0 0 0 0 0 0 0 0 0 0 0 0 0 0 0 0 0 0 0 0 0
0 0 0 0 0 0 0 0 0 0 0 0 0 0 0 0 0 0 0 0 0 0 0 0
##$SHL_OFFSCOEFF1= (0..95)
0 0 0 0 0 0 0 0 0 0 0 0 0 0 0 0 0 0 0 0 0 0 0 0 0 0 0 0 0 0 0 0 0 0 0 0
0 0 0 0 0 0 0 0 0 0 0 0 0 0 0 0 0 0 0 0 0 0 0 0 0 0 0 0 0 0 0 0 0 0 0 0
0 0 0 0 0 0 0 0 0 0 0 0 0 0 0 0 0 0 0 0 0 0 0 0
##$SHL_OFFSCOEFF10= (0..95)
0 0 0 0 0 0 0 0 0 0 0 0 0 0 0 0 0 0 0 0 0 0 0 0 0 0 0 0 0 0 0 0 0 0 0 0
0 0 0 0 0 0 0 0 0 0 0 0 0 0 0 0 0 0 0 0 0 0 0 0 0 0 0 0 0 0 0 0 0 0 0 0
0 0 0 0 0 0 0 0 0 0 0 0 0 0 0 0 0 0 0 0 0 0 0 0
##$SHL_OFFSCOEFF11= (0..95)
0 0 0 0 0 0 0 0 0 0 0 0 0 0 0 0 0 0 0 0 0 0 0 0 0 0 0 0 0 0 0 0 0 0 0 0
0 0 0 0 0 0 0 0 0 0 0 0 0 0 0 0 0 0 0 0 0 0 0 0 0 0 0 0 0 0 0 0 0 0 0 0
0 0 0 0 0 0 0 0 0 0 0 0 0 0 0 0 0 0 0 0 0 0 0 0
##$SHL_OFFSCOEFF12= (0..95)
0 0 0 0 0 0 0 0 0 0 0 0 0 0 0 0 0 0 0 0 0 0 0 0 0 0 0 0 0 0 0 0 0 0 0 0
0 0 0 0 0 0 0 0 0 0 0 0 0 0 0 0 0 0 0 0 0 0 0 0 0 0 0 0 0 0 0 0 0 0 0 0
0 0 0 0 0 0 0 0 0 0 0 0 0 0 0 0 0 0 0 0 0 0 0 0
##$SHL_OFFSCOEFF13= (0..95)
0 0 0 0 0 0 0 0 0 0 0 0 0 0 0 0 0 0 0 0 0 0 0 0 0 0 0 0 0 0 0 0 0 0 0 0
0 0 0 0 0 0 0 0 0 0 0 0 0 0 0 0 0 0 0 0 0 0 0 0 0 0 0 0 0 0 0 0 0 0 0 0
0 0 0 0 0 0 0 0 0 0 0 0 0 0 0 0 0 0 0 0 0 0 0 0
##$SHL_OFFSCOEFF14= (0..95)
0 0 0 0 0 0 0 0 0 0 0 0 0 0 0 0 0 0 0 0 0 0 0 0 0 0 0 0 0 0 0 0 0 0 0 0
0 0 0 0 0 0 0 0 0 0 0 0 0 0 0 0 0 0 0 0 0 0 0 0 0 0 0 0 0 0 0 0 0 0 0 0
0 0 0 0 0 0 0 0 0 0 0 0 0 0 0 0 0 0 0 0 0 0 0 0
##$SHL_OFFSCOEFF15= (0..95)
0 0 0 0 0 0 0 0 0 0 0 0 0 0 0 0 0 0 0 0 0 0 0 0 0 0 0 0 0 0 0 0 0 0 0 0
0 0 0 0 0 0 0 0 0 0 0 0 0 0 0 0 0 0 0 0 0 0 0 0 0 0 0 0 0 0 0 0 0 0 0 0
0 0 0 0 0 0 0 0 0 0 0 0 0 0 0 0 0 0 0 0 0 0 0 0
##$SHL_OFFSCOEFF2= (0..95)
0 0 0 0 0 0 0 0 0 0 0 0 0 0 0 0 0 0 0 0 0 0 0 0 0 0 0 0 0 0 0 0 0 0 0 0
0 0 0 0 0 0 0 0 0 0 0 0 0 0 0 0 0 0 0 0 0 0 0 0 0 0 0 0 0 0 0 0 0 0 0 0
0 0 0 0 0 0 0 0 0 0 0 0 0 0 0 0 0 0 0 0 0 0 0 0
##$SHL_OFFSCOEFF3= (0..95)
0 0 0 0 0 0 0 0 0 0 0 0 0 0 0 0 0 0 0 0 0 0 0 0 0 0 0 0 0 0 0 0 0 0 0 0
0 0 0 0 0 0 0 0 0 0 0 0 0 0 0 0 0 0 0 0 0 0 0 0 0 0 0 0 0 0 0 0 0 0 0 0
0 0 0 0 0 0 0 0 0 0 0 0 0 0 0 0 0 0 0 0 0 0 0 0
##$SHL_OFFSCOEFF4= (0..95)
0 0 0 0 0 0 0 0 0 0 0 0 0 0 0 0 0 0 0 0 0 0 0 0 0 0 0 0 0 0 0 0 0 0 0 0
0 0 0 0 0 0 0 0 0 0 0 0 0 0 0 0 0 0 0 0 0 0 0 0 0 0 0 0 0 0 0 0 0 0 0 0
0 0 0 0 0 0 0 0 0 0 0 0 0 0 0 0 0 0 0 0 0 0 0 0
##$SHL_OFFSCOEFF5= (0..95)
0 0 0 0 0 0 0 0 0 0 0 0 0 0 0 0 0 0 0 0 0 0 0 0 0 0 0 0 0 0 0 0 0 0 0 0
0 0 0 0 0 0 0 0 0 0 0 0 0 0 0 0 0 0 0 0 0 0 0 0 0 0 0 0 0 0 0 0 0 0 0 0
0 0 0 0 0 0 0 0 0 0 0 0 0 0 0 0 0 0 0 0 0 0 0 0
##$SHL_OFFSCOEFF6= (0..95)
0 0 0 0 0 0 0 0 0 0 0 0 0 0 0 0 0 0 0 0 0 0 0 0 0 0 0 0 0 0 0 0 0 0 0 0
0 0 0 0 0 0 0 0 0 0 0 0 0 0 0 0 0 0 0 0 0 0 0 0 0 0 0 0 0 0 0 0 0 0 0 0
0 0 0 0 0 0 0 0 0 0 0 0 0 0 0 0 0 0 0 0 0 0 0 0
##$SHL_OFFSCOEFF7= (0..95)
0 0 0 0 0 0 0 0 0 0 0 0 0 0 0 0 0 0 0 0 0 0 0 0 0 0 0 0 0 0 0 0 0 0 0 0
0 0 0 0 0 0 0 0 0 0 0 0 0 0 0 0 0 0 0 0 0 0 0 0 0 0 0 0 0 0 0 0 0 0 0 0
0 0 0 0 0 0 0 0 0 0 0 0 0 0 0 0 0 0 0 0 0 0 0 0
##$SHL_OFFSCOEFF8= (0..95)
0 0 0 0 0 0 0 0 0 0 0 0 0 0 0 0 0 0 0 0 0 0 0 0 0 0 0 0 0 0 0 0 0 0 0 0
0 0 0 0 0 0 0 0 0 0 0 0 0 0 0 0 0 0 0 0 0 0 0 0 0 0 0 0 0 0 0 0 0 0 0 0
0 0 0 0 0 0 0 0 0 0 0 0 0 0 0 0 0 0 0 0 0 0 0 0
##$SHL_OFFSCOEFF9= (0..95)
0 0 0 0 0 0 0 0 0 0 0 0 0 0 0 0 0 0 0 0 0 0 0 0 0 0 0 0 0 0 0 0 0 0 0 0
0 0 0 0 0 0 0 0 0 0 0 0 0 0 0 0 0 0 0 0 0 0 0 0 0 0 0 0 0 0 0 0 0 0 0 0
0 0 0 0 0 0 0 0 0 0 0 0 0 0 0 0 0 0 0 0 0 0 0 0
##$SHL_PHASE= (0..15)
0 0 0 0 0 0 0 0 0 0 0 0 0 0 0 0
##$SHL_PHASEFAC= (0..15)
0 0 0 0 0 0 0 0 0 0 0 0 0 0 0 0
##$SHL_POWERINDEX= (0..15)
0 0 0 0 0 0 0 0 0 0 0 0 0 0 0 0
##$SHL_QUADCOEFF= (0..15)
0 0 0 0 0 0 0 0 0 0 0 0 0 0 0 0
##$SHL_RIGHTLIMIT= (0..15)
0 0 0 0 0 0 0 0 0 0 0 0 0 0 0 0
##$SHL_SCALEFACTOR= (0..15)
1 1 1 1 1 1 1 1 1 1 1 1 1 1 1 1
##$SHL_SF= (0..15)
<> <> <> <> <> <> <> <> <> <> <> <> <> <> <> <>
##$SHL_SFCOEFFS0= (0..200)
0 0 0 0 0 0 0 0 0 0 0 0 0 0 0 0 0 0 0 0 0 0 0 0 0 0 0 0 0 0 0 0 0 0 0 0
0 0 0 0 0 0 0 0 0 0 0 0 0 0 0 0 0 0 0 0 0 0 0 0 0 0 0 0 0 0 0 0 0 0 0 0
0 0 0 0 0 0 0 0 0 0 0 0 0 0 0 0 0 0 0 0 0 0 0 0 0 0 0 0 0 0 0 0 0 0 0 0
0 0 0 0 0 0 0 0 0 0 0 0 0 0 0 0 0 0 0 0 0 0 0 0 0 0 0 0 0 0 0 0 0 0 0 0
0 0 0 0 0 0 0 0 0 0 0 0 0 0 0 0 0 0 0 0 0 0 0 0 0 0 0 0 0 0 0 0 0 0 0 0
0 0 0 0 0 0 0 0 0 0 0 0 0 0 0 0 0 0 0 0 0
##$SHL_SFCOEFFS1= (0..200)
0 0 0 0 0 0 0 0 0 0 0 0 0 0 0 0 0 0 0 0 0 0 0 0 0 0 0 0 0 0 0 0 0 0 0 0
0 0 0 0 0 0 0 0 0 0 0 0 0 0 0 0 0 0 0 0 0 0 0 0 0 0 0 0 0 0 0 0 0 0 0 0
0 0 0 0 0 0 0 0 0 0 0 0 0 0 0 0 0 0 0 0 0 0 0 0 0 0 0 0 0 0 0 0 0 0 0 0
0 0 0 0 0 0 0 0 0 0 0 0 0 0 0 0 0 0 0 0 0 0 0 0 0 0 0 0 0 0 0 0 0 0 0 0
0 0 0 0 0 0 0 0 0 0 0 0 0 0 0 0 0 0 0 0 0 0 0 0 0 0 0 0 0 0 0 0 0 0 0 0
0 0 0 0 0 0 0 0 0 0 0 0 0 0 0 0 0 0 0 0 0
##$SHL_SFCOEFFS10= (0..200)
0 0 0 0 0 0 0 0 0 0 0 0 0 0 0 0 0 0 0 0 0 0 0 0 0 0 0 0 0 0 0 0 0 0 0 0
0 0 0 0 0 0 0 0 0 0 0 0 0 0 0 0 0 0 0 0 0 0 0 0 0 0 0 0 0 0 0 0 0 0 0 0
0 0 0 0 0 0 0 0 0 0 0 0 0 0 0 0 0 0 0 0 0 0 0 0 0 0 0 0 0 0 0 0 0 0 0 0
0 0 0 0 0 0 0 0 0 0 0 0 0 0 0 0 0 0 0 0 0 0 0 0 0 0 0 0 0 0 0 0 0 0 0 0
0 0 0 0 0 0 0 0 0 0 0 0 0 0 0 0 0 0 0 0 0 0 0 0 0 0 0 0 0 0 0 0 0 0 0 0
0 0 0 0 0 0 0 0 0 0 0 0 0 0 0 0 0 0 0 0 0
##$SHL_SFCOEFFS11= (0..200)
0 0 0 0 0 0 0 0 0 0 0 0 0 0 0 0 0 0 0 0 0 0 0 0 0 0 0 0 0 0 0 0 0 0 0 0
0 0 0 0 0 0 0 0 0 0 0 0 0 0 0 0 0 0 0 0 0 0 0 0 0 0 0 0 0 0 0 0 0 0 0 0
0 0 0 0 0 0 0 0 0 0 0 0 0 0 0 0 0 0 0 0 0 0 0 0 0 0 0 0 0 0 0 0 0 0 0 0
0 0 0 0 0 0 0 0 0 0 0 0 0 0 0 0 0 0 0 0 0 0 0 0 0 0 0 0 0 0 0 0 0 0 0 0
0 0 0 0 0 0 0 0 0 0 0 0 0 0 0 0 0 0 0 0 0 0 0 0 0 0 0 0 0 0 0 0 0 0 0 0
0 0 0 0 0 0 0 0 0 0 0 0 0 0 0 0 0 0 0 0 0
##$SHL_SFCOEFFS12= (0..200)
0 0 0 0 0 0 0 0 0 0 0 0 0 0 0 0 0 0 0 0 0 0 0 0 0 0 0 0 0 0 0 0 0 0 0 0
0 0 0 0 0 0 0 0 0 0 0 0 0 0 0 0 0 0 0 0 0 0 0 0 0 0 0 0 0 0 0 0 0 0 0 0
0 0 0 0 0 0 0 0 0 0 0 0 0 0 0 0 0 0 0 0 0 0 0 0 0 0 0 0 0 0 0 0 0 0 0 0
0 0 0 0 0 0 0 0 0 0 0 0 0 0 0 0 0 0 0 0 0 0 0 0 0 0 0 0 0 0 0 0 0 0 0 0
0 0 0 0 0 0 0 0 0 0 0 0 0 0 0 0 0 0 0 0 0 0 0 0 0 0 0 0 0 0 0 0 0 0 0 0
0 0 0 0 0 0 0 0 0 0 0 0 0 0 0 0 0 0 0 0 0
##$SHL_SFCOEFFS13= (0..200)
0 0 0 0 0 0 0 0 0 0 0 0 0 0 0 0 0 0 0 0 0 0 0 0 0 0 0 0 0 0 0 0 0 0 0 0
0 0 0 0 0 0 0 0 0 0 0 0 0 0 0 0 0 0 0 0 0 0 0 0 0 0 0 0 0 0 0 0 0 0 0 0
0 0 0 0 0 0 0 0 0 0 0 0 0 0 0 0 0 0 0 0 0 0 0 0 0 0 0 0 0 0 0 0 0 0 0 0
0 0 0 0 0 0 0 0 0 0 0 0 0 0 0 0 0 0 0 0 0 0 0 0 0 0 0 0 0 0 0 0 0 0 0 0
0 0 0 0 0 0 0 0 0 0 0 0 0 0 0 0 0 0 0 0 0 0 0 0 0 0 0 0 0 0 0 0 0 0 0 0
0 0 0 0 0 0 0 0 0 0 0 0 0 0 0 0 0 0 0 0 0
##$SHL_SFCOEFFS14= (0..200)
0 0 0 0 0 0 0 0 0 0 0 0 0 0 0 0 0 0 0 0 0 0 0 0 0 0 0 0 0 0 0 0 0 0 0 0
0 0 0 0 0 0 0 0 0 0 0 0 0 0 0 0 0 0 0 0 0 0 0 0 0 0 0 0 0 0 0 0 0 0 0 0
0 0 0 0 0 0 0 0 0 0 0 0 0 0 0 0 0 0 0 0 0 0 0 0 0 0 0 0 0 0 0 0 0 0 0 0
0 0 0 0 0 0 0 0 0 0 0 0 0 0 0 0 0 0 0 0 0 0 0 0 0 0 0 0 0 0 0 0 0 0 0 0
0 0 0 0 0 0 0 0 0 0 0 0 0 0 0 0 0 0 0 0 0 0 0 0 0 0 0 0 0 0 0 0 0 0 0 0
0 0 0 0 0 0 0 0 0 0 0 0 0 0 0 0 0 0 0 0 0
##$SHL_SFCOEFFS15= (0..200)
0 0 0 0 0 0 0 0 0 0 0 0 0 0 0 0 0 0 0 0 0 0 0 0 0 0 0 0 0 0 0 0 0 0 0 0
0 0 0 0 0 0 0 0 0 0 0 0 0 0 0 0 0 0 0 0 0 0 0 0 0 0 0 0 0 0 0 0 0 0 0 0
0 0 0 0 0 0 0 0 0 0 0 0 0 0 0 0 0 0 0 0 0 0 0 0 0 0 0 0 0 0 0 0 0 0 0 0
0 0 0 0 0 0 0 0 0 0 0 0 0 0 0 0 0 0 0 0 0 0 0 0 0 0 0 0 0 0 0 0 0 0 0 0
0 0 0 0 0 0 0 0 0 0 0 0 0 0 0 0 0 0 0 0 0 0 0 0 0 0 0 0 0 0 0 0 0 0 0 0
0 0 0 0 0 0 0 0 0 0 0 0 0 0 0 0 0 0 0 0 0
##$SHL_SFCOEFFS2= (0..200)
0 0 0 0 0 0 0 0 0 0 0 0 0 0 0 0 0 0 0 0 0 0 0 0 0 0 0 0 0 0 0 0 0 0 0 0
0 0 0 0 0 0 0 0 0 0 0 0 0 0 0 0 0 0 0 0 0 0 0 0 0 0 0 0 0 0 0 0 0 0 0 0
0 0 0 0 0 0 0 0 0 0 0 0 0 0 0 0 0 0 0 0 0 0 0 0 0 0 0 0 0 0 0 0 0 0 0 0
0 0 0 0 0 0 0 0 0 0 0 0 0 0 0 0 0 0 0 0 0 0 0 0 0 0 0 0 0 0 0 0 0 0 0 0
0 0 0 0 0 0 0 0 0 0 0 0 0 0 0 0 0 0 0 0 0 0 0 0 0 0 0 0 0 0 0 0 0 0 0 0
0 0 0 0 0 0 0 0 0 0 0 0 0 0 0 0 0 0 0 0 0
##$SHL_SFCOEFFS3= (0..200)
0 0 0 0 0 0 0 0 0 0 0 0 0 0 0 0 0 0 0 0 0 0 0 0 0 0 0 0 0 0 0 0 0 0 0 0
0 0 0 0 0 0 0 0 0 0 0 0 0 0 0 0 0 0 0 0 0 0 0 0 0 0 0 0 0 0 0 0 0 0 0 0
0 0 0 0 0 0 0 0 0 0 0 0 0 0 0 0 0 0 0 0 0 0 0 0 0 0 0 0 0 0 0 0 0 0 0 0
0 0 0 0 0 0 0 0 0 0 0 0 0 0 0 0 0 0 0 0 0 0 0 0 0 0 0 0 0 0 0 0 0 0 0 0
0 0 0 0 0 0 0 0 0 0 0 0 0 0 0 0 0 0 0 0 0 0 0 0 0 0 0 0 0 0 0 0 0 0 0 0
0 0 0 0 0 0 0 0 0 0 0 0 0 0 0 0 0 0 0 0 0
##$SHL_SFCOEFFS4= (0..200)
0 0 0 0 0 0 0 0 0 0 0 0 0 0 0 0 0 0 0 0 0 0 0 0 0 0 0 0 0 0 0 0 0 0 0 0
0 0 0 0 0 0 0 0 0 0 0 0 0 0 0 0 0 0 0 0 0 0 0 0 0 0 0 0 0 0 0 0 0 0 0 0
0 0 0 0 0 0 0 0 0 0 0 0 0 0 0 0 0 0 0 0 0 0 0 0 0 0 0 0 0 0 0 0 0 0 0 0
0 0 0 0 0 0 0 0 0 0 0 0 0 0 0 0 0 0 0 0 0 0 0 0 0 0 0 0 0 0 0 0 0 0 0 0
0 0 0 0 0 0 0 0 0 0 0 0 0 0 0 0 0 0 0 0 0 0 0 0 0 0 0 0 0 0 0 0 0 0 0 0
0 0 0 0 0 0 0 0 0 0 0 0 0 0 0 0 0 0 0 0 0
##$SHL_SFCOEFFS5= (0..200)
0 0 0 0 0 0 0 0 0 0 0 0 0 0 0 0 0 0 0 0 0 0 0 0 0 0 0 0 0 0 0 0 0 0 0 0
0 0 0 0 0 0 0 0 0 0 0 0 0 0 0 0 0 0 0 0 0 0 0 0 0 0 0 0 0 0 0 0 0 0 0 0
0 0 0 0 0 0 0 0 0 0 0 0 0 0 0 0 0 0 0 0 0 0 0 0 0 0 0 0 0 0 0 0 0 0 0 0
0 0 0 0 0 0 0 0 0 0 0 0 0 0 0 0 0 0 0 0 0 0 0 0 0 0 0 0 0 0 0 0 0 0 0 0
0 0 0 0 0 0 0 0 0 0 0 0 0 0 0 0 0 0 0 0 0 0 0 0 0 0 0 0 0 0 0 0 0 0 0 0
0 0 0 0 0 0 0 0 0 0 0 0 0 0 0 0 0 0 0 0 0
##$SHL_SFCOEFFS6= (0..200)
0 0 0 0 0 0 0 0 0 0 0 0 0 0 0 0 0 0 0 0 0 0 0 0 0 0 0 0 0 0 0 0 0 0 0 0
0 0 0 0 0 0 0 0 0 0 0 0 0 0 0 0 0 0 0 0 0 0 0 0 0 0 0 0 0 0 0 0 0 0 0 0
0 0 0 0 0 0 0 0 0 0 0 0 0 0 0 0 0 0 0 0 0 0 0 0 0 0 0 0 0 0 0 0 0 0 0 0
0 0 0 0 0 0 0 0 0 0 0 0 0 0 0 0 0 0 0 0 0 0 0 0 0 0 0 0 0 0 0 0 0 0 0 0
0 0 0 0 0 0 0 0 0 0 0 0 0 0 0 0 0 0 0 0 0 0 0 0 0 0 0 0 0 0 0 0 0 0 0 0
0 0 0 0 0 0 0 0 0 0 0 0 0 0 0 0 0 0 0 0 0
##$SHL_SFCOEFFS7= (0..200)
0 0 0 0 0 0 0 0 0 0 0 0 0 0 0 0 0 0 0 0 0 0 0 0 0 0 0 0 0 0 0 0 0 0 0 0
0 0 0 0 0 0 0 0 0 0 0 0 0 0 0 0 0 0 0 0 0 0 0 0 0 0 0 0 0 0 0 0 0 0 0 0
0 0 0 0 0 0 0 0 0 0 0 0 0 0 0 0 0 0 0 0 0 0 0 0 0 0 0 0 0 0 0 0 0 0 0 0
0 0 0 0 0 0 0 0 0 0 0 0 0 0 0 0 0 0 0 0 0 0 0 0 0 0 0 0 0 0 0 0 0 0 0 0
0 0 0 0 0 0 0 0 0 0 0 0 0 0 0 0 0 0 0 0 0 0 0 0 0 0 0 0 0 0 0 0 0 0 0 0
0 0 0 0 0 0 0 0 0 0 0 0 0 0 0 0 0 0 0 0 0
##$SHL_SFCOEFFS8= (0..200)
0 0 0 0 0 0 0 0 0 0 0 0 0 0 0 0 0 0 0 0 0 0 0 0 0 0 0 0 0 0 0 0 0 0 0 0
0 0 0 0 0 0 0 0 0 0 0 0 0 0 0 0 0 0 0 0 0 0 0 0 0 0 0 0 0 0 0 0 0 0 0 0
0 0 0 0 0 0 0 0 0 0 0 0 0 0 0 0 0 0 0 0 0 0 0 0 0 0 0 0 0 0 0 0 0 0 0 0
0 0 0 0 0 0 0 0 0 0 0 0 0 0 0 0 0 0 0 0 0 0 0 0 0 0 0 0 0 0 0 0 0 0 0 0
0 0 0 0 0 0 0 0 0 0 0 0 0 0 0 0 0 0 0 0 0 0 0 0 0 0 0 0 0 0 0 0 0 0 0 0
0 0 0 0 0 0 0 0 0 0 0 0 0 0 0 0 0 0 0 0 0
##$SHL_SFCOEFFS9= (0..200)
0 0 0 0 0 0 0 0 0 0 0 0 0 0 0 0 0 0 0 0 0 0 0 0 0 0 0 0 0 0 0 0 0 0 0 0
0 0 0 0 0 0 0 0 0 0 0 0 0 0 0 0 0 0 0 0 0 0 0 0 0 0 0 0 0 0 0 0 0 0 0 0
0 0 0 0 0 0 0 0 0 0 0 0 0 0 0 0 0 0 0 0 0 0 0 0 0 0 0 0 0 0 0 0 0 0 0 0
0 0 0 0 0 0 0 0 0 0 0 0 0 0 0 0 0 0 0 0 0 0 0 0 0 0 0 0 0 0 0 0 0 0 0 0
0 0 0 0 0 0 0 0 0 0 0 0 0 0 0 0 0 0 0 0 0 0 0 0 0 0 0 0 0 0 0 0 0 0 0 0
0 0 0 0 0 0 0 0 0 0 0 0 0 0 0 0 0 0 0 0 0
##$SHL_SMOOTHED= (0..15)
0 0 0 0 0 0 0 0 0 0 0 0 0 0 0 0
##$SHL_SMOOTHING= (0..15)
0 0 0 0 0 0 0 0 0 0 0 0 0 0 0 0
##$SHL_SPOAL= (0..15)
0 0 0 0 0 0 0 0 0 0 0 0 0 0 0 0
##$SHL_SPOFFS= (0..15)
0 0 0 0 0 0 0 0 0 0 0 0 0 0 0 0
##$SHL_SPOPH= (0..15)
0 0 0 0 0 0 0 0 0 0 0 0 0 0 0 0
##$SHL_STARTAMP= (0..15)
0 0 0 0 0 0 0 0 0 0 0 0 0 0 0 0
##$SHL_SW= (0..15)
0 0 0 0 0 0 0 0 0 0 0 0 0 0 0 0
##$SHL_SWDIR= (0..15)
-1 -1 -1 -1 -1 -1 -1 -1 -1 -1 -1 -1 -1 -1 -1 -1
##$SHL_TANKAPPA= (0..15)
0 0 0 0 0 0 0 0 0 0 0 0 0 0 0 0
##$SHL_TOTROT= (0..15)
90 0 0 0 0 0 0 0 0 0 0 0 0 0 0 0
##$SHL_TRUNCLEV= (0..15)
0 0 0 0 0 0 0 0 0 0 0 0 0 0 0 0
##$SHL_TYPE= (0..15)
<Excitation> <> <> <> <> <> <> <> <> <> <> <> <> <> <> <>
##$SHL_WINDOWSIZE= (0..15)
0 0 0 0 0 0 0 0 0 0 0 0 0 0 0 0
##$SHL_ZETA= (0..15)
0 0 0 0 0 0 0 0 0 0 0 0 0 0 0 0
##NPOINTS= 1250
##XYPOINTS= (XY..XY)
72.525672, 138.950402
72.066548, 140.428467
71.604584, 141.906073
71.139813, 143.383212
70.672271, 144.859873
70.201991, 146.336047
69.729010, 147.811723
69.253362, 149.286890
68.775083, 150.761538
68.294209, 152.235656
67.810774, 153.709230
67.324816, 155.182250
66.836371, 156.654703
66.345475, 158.126576
65.852165, 159.597855
65.356477, 161.068526
64.858449, 162.538575
64.358118, 164.007988
63.855522, 165.476749
63.350697, 166.944841
62.843683, 168.412249
62.334516, 169.878955
61.823236, 171.344943
61.309880, 172.810192
60.794487, 174.274685
60.277096, 175.738401
59.757746, 177.201321
59.236475, 178.663423
58.713324, 180.124684
58.188331, 181.585083
57.661536, 183.044595
57.132979, 184.503196
56.602700, 185.960861
56.070739, 187.417561
55.537136, 188.873271
55.001932, 190.327961
54.465167, 191.781601
53.926882, 193.234159
53.387119, 194.685605
52.845917, 196.135902
52.303319, 197.585018
51.759366, 199.032914
51.214100, 200.479552
50.667562, 201.924892
50.119794, 203.368893
49.570838, 204.811511
49.020737, 206.252700
48.469534, 207.692413
47.917270, 209.130600
47.363988, 210.567209
46.809732, 212.002185
46.254545, 213.435471
45.698470, 214.867007
45.141550, 216.296731
44.583829, 217.724577
44.025351, 219.150476
43.466161, 220.574355
42.906302, 221.996137
42.345819, 223.415744
41.784757, 224.833090
41.223160, 226.248087
40.661075, 227.660641
40.098545, 229.070655
39.535618, 230.478023
38.972338, 231.882637
38.408753, 233.284381
37.844908, 234.683132
37.280851, 236.078760
36.716628, 237.471130
36.152288, 238.860095
35.587877, 240.245503
35.023445, 241.627188
34.459040, 243.004980
33.894710, 244.378692
33.330507, 245.748129
32.766479, 247.113082
32.202678, 248.473329
31.639154, 249.828633
31.075960, 251.178739
30.513148, 252.523376
29.950772, 253.862256
29.388886, 255.195066
28.827544, 256.521473
28.266803, 257.841119
27.706720, 259.153620
27.147353, 260.458560
26.588762, 261.755492
26.031008, 263.043935
25.474152, 264.323367
24.918261, 265.593222
24.363399, 266.852890
23.809635, 268.101705
23.257039, 269.338945
22.705685, 270.563821
22.155648, 271.775476
21.607009, 272.972969
21.059850, 274.155271
20.514257, 275.321255
19.970324, 276.469679
19.428146, 277.599175
18.887827, 278.708235
18.349475, 279.795188
17.813209, 280.858182
17.279155, 281.895158
16.747447, 282.903823
16.218233, 283.881615
15.691674, 284.825662
15.167947, 285.732745
14.647244, 286.599233
14.129781, 287.421030
13.615797, 288.193498
13.105558, 288.911370
12.599366, 289.568648
12.097563, 290.158481
11.600537, 290.673026
11.108732, 291.103277
10.622663, 291.438870
10.142923, 291.667854
9.670206, 291.776427
9.205324, 291.748638
8.749233, 291.566059
8.303066, 291.207441
7.868168, 290.648379
7.446141, 289.861049
7.038897, 288.814096
6.648716, 287.472849
6.278304, 285.800070
5.930855, 283.757621
5.610081, 281.309443
5.320212, 278.426339
5.065919, 275.092803
4.852117, 271.315575
4.683638, 267.132456
4.564754, 262.618543
4.498626, 257.886167
4.486800, 253.075825
4.528911, 248.338788
4.622698, 243.816196
4.764337, 239.621451
4.948965, 235.830868
5.171248, 232.483350
5.425853, 229.586485
5.707776, 227.125332
6.012522, 225.071009
6.336172, 223.387591
6.675375, 222.036949
7.027302, 220.981789
7.389581, 220.187341
7.760228, 219.622143
8.137588, 219.258260
8.520275, 219.071182
8.907125, 219.039567
9.297159, 219.144902
9.689549, 219.371164
10.083588, 219.704490
10.478675, 220.132872
10.874291, 220.645903
11.269989, 221.234536
11.665380, 221.890894
12.060124, 222.608098
12.453924, 223.380127
12.846514, 224.201691
13.237663, 225.068134
13.627160, 225.975344
14.014820, 226.919679
14.400474, 227.897905
14.783971, 228.907144
15.165170, 229.944823
15.543948, 231.008641
15.920186, 232.096534
16.293781, 233.206643
16.664632, 234.337294
17.032649, 235.486973
17.397746, 236.654309
17.759846, 237.838057
18.118874, 239.037087
18.474759, 240.250366
18.827437, 241.476954
19.176846, 242.715990
19.522926, 243.966684
19.865623, 245.228312
20.204883, 246.500209
20.540656, 247.781762
20.872893, 249.072406
21.201548, 250.371618
21.526577, 251.678915
21.847938, 252.993851
22.165589, 254.316010
22.479492, 255.645008
22.789607, 256.980486
23.095899, 258.322112
23.398331, 259.669574
23.696870, 261.022582
23.991482, 262.380866
24.282135, 263.744174
24.568798, 265.112267
24.851440, 266.484924
25.130032, 267.861938
25.404544, 269.243112
25.674950, 270.628263
25.941222, 272.017218
26.203334, 273.409816
26.461259, 274.805903
26.714973, 276.205335
26.964452, 277.607976
27.209671, 279.013698
27.450608, 280.422379
27.687239, 281.833905
27.919543, 283.248169
28.147498, 284.665066
28.371084, 286.084500
28.590280, 287.506379
28.805066, 288.930615
29.015422, 290.357127
29.221331, 291.785835
29.422773, 293.216664
29.619730, 294.649544
29.812186, 296.084408
30.000123, 297.521192
30.183525, 298.959834
30.362375, 300.400276
30.536658, 301.842464
30.706360, 303.286345
30.871464, 304.731870
31.031958, 306.178989
31.187827, 307.627658
31.339057, 309.077835
31.485636, 310.529476
31.627551, 311.982544
31.764790, 313.437000
31.897342, 314.892810
32.025194, 316.349938
32.148336, 317.808353
32.266758, 319.268022
32.380449, 320.728918
32.489400, 322.191012
32.593601, 323.654276
32.693043, 325.118685
32.787718, 326.584215
32.877618, 328.050843
32.962735, 329.518546
33.043062, 330.987304
33.118592, 332.457097
33.189318, 333.927905
33.255234, 335.399710
33.316335, 336.872496
33.372614, 338.346247
33.424068, 339.820946
33.470691, 341.296580
33.512479, 342.773134
33.549428, 344.250596
33.581536, 345.728955
33.608798, 347.208197
33.631213, 348.688314
33.648777, 350.169294
33.661490, 351.651130
33.669348, 353.133811
33.672353, 354.617331
33.670502, 356.101683
33.663795, 357.586859
33.652232, 359.072854
33.635813, 0.559663
33.614540, 2.047282
33.588414, 3.535706
33.557435, 5.024931
33.521606, 6.514957
33.480929, 8.005779
33.435407, 9.497398
33.385042, 10.989811
33.329838, 12.483020
33.269800, 13.977024
33.204930, 15.471825
33.135233, 16.967424
33.060715, 18.463824
32.981381, 19.961027
32.897235, 21.459039
32.808285, 22.957863
32.714537, 24.457503
32.615996, 25.957967
32.512671, 27.459261
32.404569, 28.961392
32.291698, 30.464368
32.174066, 31.968199
32.051681, 33.472894
31.924553, 34.978463
31.792690, 36.484918
31.656103, 37.992272
31.514802, 39.500538
31.368797, 41.009731
31.218099, 42.519865
31.062719, 44.030957
30.902668, 45.543025
30.737960, 47.056087
30.568604, 48.570164
30.394616, 50.085277
30.216007, 51.601448
30.032791, 53.118701
29.844982, 54.637063
29.652593, 56.156559
29.455640, 57.677218
29.254138, 59.199072
29.048100, 60.722152
28.837544, 62.246493
28.622486, 63.772131
28.402941, 65.299105
28.178926, 66.827455
27.950459, 68.357225
27.717557, 69.888460
27.480238, 71.421211
27.238520, 72.955527
26.992422, 74.491466
26.741964, 76.029084
26.487164, 77.568444
26.228042, 79.109612
25.964619, 80.652659
25.696916, 82.197659
25.424953, 83.744692
25.148753, 85.293843
24.868336, 86.845203
24.583726, 88.398868
24.294945, 89.954941
24.002017, 91.513534
23.704966, 93.074764
23.403815, 94.638759
23.098589, 96.205654
22.789314, 97.775595
22.476015, 99.348739
22.158718, 100.925254
21.837451, 102.505323
21.512241, 104.089140
21.183115, 105.676919
20.850103, 107.268887
20.513234, 108.865292
20.172537, 110.466404
19.828044, 112.072513
19.479786, 113.683939
19.127796, 115.301025
18.772106, 116.924152
18.412751, 118.553731
18.049767, 120.190216
17.683190, 121.834104
17.313058, 123.485943
16.939410, 125.146336
16.562287, 126.815952
16.181731, 128.495529
15.797786, 130.185891
15.410500, 131.887953
15.019921, 133.602740
14.626101, 135.331398
14.229094, 137.075220
13.828960, 138.835660
13.425759, 140.614369
13.019561, 142.413221
12.610438, 144.234357
12.198469, 146.080228
11.783742, 147.953660
11.366353, 149.857921
10.946410, 151.796814
10.524035, 153.774787
10.099365, 155.797072
9.672558, 157.869868
9.243797, 160.000563
8.813296, 162.198032
8.381310, 164.473021
7.948143, 166.838646
7.514165, 169.311066
7.079833, 171.910385
6.645717, 174.661868
6.212542, 177.597617
5.781242, 180.758883
5.353047, 184.199283
4.929598, 187.989272
4.513133, 192.222299
4.106758, 197.023035
3.714860, 202.557494
3.343711, 209.042976
3.002318, 216.750236
2.703405, 225.977656
2.464032, 236.957585
2.304469, 249.656371
2.243468, 263.535775
2.290516, 277.554150
2.440839, 290.601831
2.678416, 302.005648
2.983632, 311.631522
3.339009, 319.671090
3.731139, 326.419170
4.150410, 332.157074
4.590094, 337.115087
5.045488, 341.470520
5.513262, 345.356826
5.991026, 348.873995
6.477029, 352.097276
6.969966, 355.083797
7.468844, 357.877395
7.972895, 0.512092
8.481516, 3.014594
8.994224, 5.406098
9.510627, 7.703602
10.030401, 9.920874
10.553276, 12.069166
11.079024, 14.157757
11.607449, 16.194358
12.138379, 18.185425
12.671666, 20.136401
13.207177, 22.051906
13.744793, 23.935884
14.284405, 25.791723
14.825916, 27.622344
15.369234, 29.430283
15.914276, 31.217751
16.460962, 32.986682
17.009218, 34.738776
17.558974, 36.475532
18.110163, 38.198280
18.662721, 39.908201
19.216586, 41.606346
19.771698, 43.293656
20.328001, 44.970978
20.885438, 46.639069
21.443954, 48.298616
22.003497, 49.950237
22.564014, 51.594494
23.125453, 53.231897
23.687764, 54.862910
24.250898, 56.487957
24.814805, 58.107425
25.379437, 59.721669
25.944747, 61.331015
26.510686, 62.935762
27.077207, 64.536185
27.644265, 66.132539
28.211813, 67.725059
28.779804, 69.313961
29.348194, 70.899448
29.916936, 72.481706
30.485986, 74.060908
31.055299, 75.637217
31.624830, 77.210782
32.194534, 78.781744
32.764367, 80.350233
33.334285, 81.916373
33.904244, 83.480278
34.474200, 85.042055
35.044108, 86.601805
35.613927, 88.159622
36.183611, 89.715596
36.753117, 91.269809
37.322403, 92.822341
37.891424, 94.373265
38.460139, 95.922651
39.028503, 97.470566
39.596474, 99.017071
40.164010, 100.562226
40.731067, 102.106085
41.297602, 103.648703
41.863575, 105.190128
42.428941, 106.730408
42.993658, 108.269589
43.557686, 109.807712
44.120980, 111.344818
44.683499, 112.880947
45.245202, 114.416134
45.806047, 115.950414
46.365990, 117.483820
46.924992, 119.016385
47.483011, 120.548139
48.040004, 122.079109
48.595931, 123.609324
49.150750, 125.138811
49.704421, 126.667593
50.256901, 128.195695
50.808151, 129.723140
51.358130, 131.249950
51.906796, 132.776146
52.454109, 134.301748
53.000029, 135.826775
53.544515, 137.351245
54.087527, 138.875178
54.629025, 140.398588
55.168969, 141.921494
55.707319, 143.443910
56.244035, 144.965852
56.779078, 146.487333
57.312408, 148.008369
57.843986, 149.528972
58.373773, 151.049155
58.901730, 152.568930
59.427817, 154.088310
59.951996, 155.607306
60.474229, 157.125930
60.994476, 158.644190
61.512700, 160.162099
62.028862, 161.679666
62.542925, 163.196901
63.054850, 164.713812
63.564600, 166.230409
64.072138, 167.746700
64.577426, 169.262694
65.080426, 170.778399
65.581102, 172.293822
66.079418, 173.808971
66.575336, 175.323854
67.068819, 176.838477
67.559833, 178.352846
68.048340, 179.866970
68.534304, 181.380853
69.017691, 182.894503
69.498463, 184.407925
69.976587, 185.921125
70.452027, 187.434109
70.924748, 188.946882
71.394715, 190.459449
71.861894, 191.971816
72.326250, 193.483987
72.787750, 194.995968
73.246359, 196.507762
73.702044, 198.019375
74.154771, 199.530811
74.604507, 201.042075
75.051219, 202.553170
75.494875, 204.064100
75.935441, 205.574870
76.372885, 207.085483
76.807176, 208.595943
77.238280, 210.106253
77.666168, 211.616418
78.090807, 213.126440
78.512165, 214.636324
78.930213, 216.146071
79.344920, 217.655686
79.756254, 219.165171
80.164187, 220.674529
80.568687, 222.183764
80.969726, 223.692879
81.367273, 225.201875
81.761300, 226.710756
82.151778, 228.219524
82.538678, 229.728182
82.921971, 231.236733
83.301630, 232.745178
83.677627, 234.253521
84.049934, 235.761764
84.418524, 237.269908
84.783370, 238.777957
85.144445, 240.285912
85.501722, 241.793776
85.855175, 243.301550
86.204779, 244.809237
86.550508, 246.316838
86.892336, 247.824356
87.230239, 249.331793
87.564191, 250.839149
87.894168, 252.346428
88.220146, 253.853631
88.542101, 255.360760
88.860010, 256.867816
89.173848, 258.374801
89.483593, 259.881717
89.789223, 261.388566
90.090715, 262.895348
90.388046, 264.402066
90.681196, 265.908721
90.970142, 267.415314
91.254863, 268.921847
91.535338, 270.428322
91.811548, 271.934739
92.083471, 273.441101
92.351088, 274.947408
92.614379, 276.453662
92.873324, 277.959865
93.127905, 279.466016
93.378104, 280.972119
93.623901, 282.478173
93.865279, 283.984181
94.102220, 285.490143
94.334706, 286.996060
94.562721, 288.501935
94.786248, 290.007767
95.005271, 291.513558
95.219773, 293.019310
95.429738, 294.525022
95.635153, 296.030697
95.836000, 297.536336
96.032266, 299.041938
96.223936, 300.547507
96.410996, 302.053041
96.593432, 303.558543
96.771232, 305.064014
96.944381, 306.569454
97.112868, 308.074865
97.276680, 309.580246
97.435804, 311.085601
97.590230, 312.590928
97.739946, 314.096230
97.884941, 315.601507
98.025204, 317.106759
98.160725, 318.611989
98.291495, 320.117196
98.417503, 321.622383
98.538740, 323.127548
98.655197, 324.632694
98.766867, 326.137822
98.873740, 327.642931
98.975809, 329.148023
99.073066, 330.653100
99.165505, 332.158160
99.253118, 333.663207
99.335899, 335.168239
99.413843, 336.673259
99.486942, 338.178266
99.555192, 339.683262
99.618588, 341.188248
99.677126, 342.693224
99.730800, 344.198190
99.779608, 345.703149
99.823545, 347.208101
99.862608, 348.713045
99.896794, 350.217984
99.926102, 351.722918
99.950528, 353.227848
99.970071, 354.732774
99.984730, 356.237698
99.994503, 357.742619
99.999389, 359.247540
99.999389, 0.752460
99.994503, 2.257381
99.984730, 3.762302
99.970071, 5.267226
99.950528, 6.772152
99.926102, 8.277082
99.896794, 9.782016
99.862608, 11.286955
99.823545, 12.791899
99.779608, 14.296851
99.730800, 15.801810
99.677126, 17.306776
99.618588, 18.811752
99.555192, 20.316738
99.486942, 21.821734
99.413843, 23.326741
99.335899, 24.831761
99.253118, 26.336793
99.165505, 27.841840
99.073066, 29.346900
98.975809, 30.851977
98.873740, 32.357069
98.766867, 33.862178
98.655197, 35.367306
98.538740, 36.872452
98.417503, 38.377617
98.291495, 39.882804
98.160725, 41.388011
98.025204, 42.893241
97.884941, 44.398493
97.739946, 45.903770
97.590230, 47.409072
97.435804, 48.914399
97.276680, 50.419754
97.112868, 51.925135
96.944381, 53.430546
96.771232, 54.935986
96.593432, 56.441457
96.410996, 57.946959
96.223936, 59.452493
96.032266, 60.958062
95.836000, 62.463664
95.635153, 63.969303
95.429738, 65.474978
95.219773, 66.980690
95.005271, 68.486442
94.786248, 69.992233
94.562721, 71.498065
94.334706, 73.003940
94.102220, 74.509857
93.865279, 76.015819
93.623901, 77.521827
93.378104, 79.027881
93.127905, 80.533984
92.873324, 82.040135
92.614379, 83.546338
92.351088, 85.052592
92.083471, 86.558899
91.811548, 88.065261
91.535338, 89.571678
91.254863, 91.078153
90.970142, 92.584686
90.681196, 94.091279
90.388046, 95.597934
90.090715, 97.104652
89.789223, 98.611434
89.483593, 100.118283
89.173848, 101.625199
88.860010, 103.132184
88.542101, 104.639240
88.220146, 106.146369
87.894168, 107.653572
87.564191, 109.160851
87.230239, 110.668207
86.892336, 112.175644
86.550508, 113.683162
86.204779, 115.190763
85.855175, 116.698450
85.501722, 118.206224
85.144445, 119.714088
84.783370, 121.222043
84.418524, 122.730092
84.049934, 124.238236
83.677627, 125.746479
83.301630, 127.254822
82.921971, 128.763267
82.538678, 130.271818
82.151778, 131.780476
81.761300, 133.289244
81.367273, 134.798125
80.969726, 136.307121
80.568687, 137.816236
80.164187, 139.325471
79.756254, 140.834829
79.344920, 142.344314
78.930213, 143.853929
78.512165, 145.363676
78.090807, 146.873560
77.666168, 148.383582
77.238280, 149.893747
76.807176, 151.404057
76.372885, 152.914517
75.935441, 154.425130
75.494875, 155.935900
75.051219, 157.446830
74.604507, 158.957925
74.154771, 160.469189
73.702044, 161.980625
73.246359, 163.492238
72.787750, 165.004032
72.326250, 166.516013
71.861894, 168.028184
71.394715, 169.540551
70.924748, 171.053118
70.452027, 172.565891
69.976587, 174.078875
69.498463, 175.592075
69.017691, 177.105497
68.534304, 178.619147
68.048340, 180.133030
67.559833, 181.647154
67.068819, 183.161523
66.575336, 184.676146
66.079418, 186.191029
65.581102, 187.706178
65.080426, 189.221601
64.577426, 190.737306
64.072138, 192.253300
63.564600, 193.769591
63.054850, 195.286188
62.542925, 196.803099
62.028862, 198.320334
61.512700, 199.837901
60.994476, 201.355810
60.474229, 202.874070
59.951996, 204.392694
59.427817, 205.911690
58.901730, 207.431070
58.373773, 208.950845
57.843986, 210.471028
57.312408, 211.991631
56.779078, 213.512667
56.244035, 215.034148
55.707319, 216.556090
55.168969, 218.078506
54.629025, 219.601412
54.087527, 221.124822
53.544515, 222.648755
53.000029, 224.173225
52.454109, 225.698252
51.906796, 227.223854
51.358130, 228.750050
50.808151, 230.276860
50.256901, 231.804305
49.704421, 233.332407
49.150750, 234.861189
48.595931, 236.390676
48.040004, 237.920891
47.483011, 239.451861
46.924992, 240.983615
46.365990, 242.516180
45.806047, 244.049586
45.245202, 245.583866
44.683499, 247.119053
44.120980, 248.655182
43.557686, 250.192288
42.993658, 251.730411
42.428941, 253.269592
41.863575, 254.809872
41.297602, 256.351297
40.731067, 257.893915
40.164010, 259.437774
39.596474, 260.982929
39.028503, 262.529434
38.460139, 264.077349
37.891424, 265.626735
37.322403, 267.177659
36.753117, 268.730191
36.183611, 270.284404
35.613927, 271.840378
35.044108, 273.398195
34.474200, 274.957945
33.904244, 276.519722
33.334285, 278.083627
32.764367, 279.649767
32.194534, 281.218256
31.624830, 282.789218
31.055299, 284.362783
30.485986, 285.939092
29.916936, 287.518294
29.348194, 289.100552
28.779804, 290.686039
28.211813, 292.274941
27.644265, 293.867461
27.077207, 295.463815
26.510686, 297.064238
25.944747, 298.668985
25.379437, 300.278331
24.814805, 301.892575
24.250898, 303.512043
23.687764, 305.137090
23.125453, 306.768103
22.564014, 308.405506
22.003497, 310.049763
21.443954, 311.701384
20.885438, 313.360931
20.328001, 315.029022
19.771698, 316.706344
19.216586, 318.393654
18.662721, 320.091799
18.110163, 321.801720
17.558974, 323.524468
17.009218, 325.261224
16.460962, 327.013318
15.914276, 328.782249
15.369234, 330.569717
14.825916, 332.377656
14.284405, 334.208277
13.744793, 336.064116
13.207177, 337.948094
12.671666, 339.863599
12.138379, 341.814575
11.607449, 343.805642
11.079024, 345.842243
10.553276, 347.930834
10.030401, 350.079126
9.510627, 352.296398
8.994224, 354.593902
8.481516, 356.985406
7.972895, 359.487908
7.468844, 2.122605
6.969966, 4.916203
6.477029, 7.902724
5.991026, 11.126005
5.513262, 14.643174
5.045488, 18.529480
4.590094, 22.884913
4.150410, 27.842926
3.731139, 33.580830
3.339009, 40.328910
2.983632, 48.368478
2.678416, 57.994352
2.440839, 69.398169
2.290516, 82.445850
2.243468, 96.464225
2.304469, 110.343629
2.464032, 123.042415
2.703405, 134.022344
3.002318, 143.249764
3.343711, 150.957024
3.714860, 157.442506
4.106758, 162.976965
4.513133, 167.777701
4.929598, 172.010728
5.353047, 175.800717
5.781242, 179.241117
6.212542, 182.402383
6.645717, 185.338132
7.079833, 188.089615
7.514165, 190.688934
7.948143, 193.161354
8.381310, 195.526979
8.813296, 197.801968
9.243797, 199.999437
9.672558, 202.130132
10.099365, 204.202928
10.524035, 206.225213
10.946410, 208.203186
11.366353, 210.142079
11.783742, 212.046340
12.198469, 213.919772
12.610438, 215.765643
13.019561, 217.586779
13.425759, 219.385631
13.828960, 221.164340
14.229094, 222.924780
14.626101, 224.668602
15.019921, 226.397260
15.410500, 228.112047
15.797786, 229.814109
16.181731, 231.504471
16.562287, 233.184048
16.939410, 234.853664
17.313058, 236.514057
17.683190, 238.165896
18.049767, 239.809784
18.412751, 241.446269
18.772106, 243.075848
19.127796, 244.698975
19.479786, 246.316061
19.828044, 247.927487
20.172537, 249.533596
20.513234, 251.134708
20.850103, 252.731113
21.183115, 254.323081
21.512241, 255.910860
21.837451, 257.494677
22.158718, 259.074746
22.476015, 260.651261
22.789314, 262.224405
23.098589, 263.794346
23.403815, 265.361241
23.704966, 266.925236
24.002017, 268.486466
24.294945, 270.045059
24.583726, 271.601132
24.868336, 273.154797
25.148753, 274.706157
25.424953, 276.255308
25.696916, 277.802341
25.964619, 279.347341
26.228042, 280.890388
26.487164, 282.431556
26.741964, 283.970916
26.992422, 285.508534
27.238520, 287.044473
27.480238, 288.578789
27.717557, 290.111540
27.950459, 291.642775
28.178926, 293.172545
28.402941, 294.700895
28.622486, 296.227869
28.837544, 297.753507
29.048100, 299.277848
29.254138, 300.800928
29.455640, 302.322782
29.652593, 303.843441
29.844982, 305.362937
30.032791, 306.881299
30.216007, 308.398552
30.394616, 309.914723
30.568604, 311.429836
30.737960, 312.943913
30.902668, 314.456975
31.062719, 315.969043
31.218099, 317.480135
31.368797, 318.990269
31.514802, 320.499462
31.656103, 322.007728
31.792690, 323.515082
31.924553, 325.021537
32.051681, 326.527106
32.174066, 328.031801
32.291698, 329.535632
32.404569, 331.038608
32.512671, 332.540739
32.615996, 334.042033
32.714537, 335.542497
32.808285, 337.042137
32.897235, 338.540961
32.981381, 340.038973
33.060715, 341.536176
33.135233, 343.032576
33.204930, 344.528175
33.269800, 346.022976
33.329838, 347.516980
33.385042, 349.010189
33.435407, 350.502602
33.480929, 351.994221
33.521606, 353.485043
33.557435, 354.975069
33.588414, 356.464294
33.614540, 357.952718
33.635813, 359.440337
33.652232, 0.927146
33.663795, 2.413141
33.670502, 3.898317
33.672353, 5.382669
33.669348, 6.866189
33.661490, 8.348870
33.648777, 9.830706
33.631213, 11.311686
33.608798, 12.791803
33.581536, 14.271045
33.549428, 15.749404
33.512479, 17.226866
33.470691, 18.703420
33.424068, 20.179054
33.372614, 21.653753
33.316335, 23.127504
33.255234, 24.600290
33.189318, 26.072095
33.118592, 27.542903
33.043062, 29.012696
32.962735, 30.481454
32.877618, 31.949157
32.787718, 33.415785
32.693043, 34.881315
32.593601, 36.345724
32.489400, 37.808988
32.380449, 39.271082
32.266758, 40.731978
32.148336, 42.191647
32.025194, 43.650062
31.897342, 45.107190
31.764790, 46.563000
31.627551, 48.017456
31.485636, 49.470524
31.339057, 50.922165
31.187827, 52.372342
31.031958, 53.821011
30.871464, 55.268130
30.706360, 56.713655
30.536658, 58.157536
30.362375, 59.599724
30.183525, 61.040166
30.000123, 62.478808
29.812186, 63.915592
29.619730, 65.350456
29.422773, 66.783336
29.221331, 68.214165
29.015422, 69.642873
28.805066, 71.069385
28.590280, 72.493621
28.371084, 73.915500
28.147498, 75.334934
27.919543, 76.751831
27.687239, 78.166095
27.450608, 79.577621
27.209671, 80.986302
26.964452, 82.392024
26.714973, 83.794665
26.461259, 85.194097
26.203334, 86.590184
25.941222, 87.982782
25.674950, 89.371737
25.404544, 90.756888
25.130032, 92.138062
24.851440, 93.515076
24.568798, 94.887733
24.282135, 96.255826
23.991482, 97.619134
23.696870, 98.977418
23.398331, 100.330426
23.095899, 101.677888
22.789607, 103.019514
22.479492, 104.354992
22.165589, 105.683990
21.847938, 107.006149
21.526577, 108.321085
21.201548, 109.628382
20.872893, 110.927594
20.540656, 112.218238
20.204883, 113.499791
19.865623, 114.771688
19.522926, 116.033316
19.176846, 117.284010
18.827437, 118.523046
18.474759, 119.749634
18.118874, 120.962913
17.759846, 122.161943
17.397746, 123.345691
17.032649, 124.513027
16.664632, 125.662706
16.293781, 126.793357
15.920186, 127.903466
15.543948, 128.991359
15.165170, 130.055177
14.783971, 131.092856
14.400474, 132.102095
14.014820, 133.080321
13.627160, 134.024656
13.237663, 134.931866
12.846514, 135.798309
12.453924, 136.619873
12.060124, 137.391902
11.665380, 138.109106
11.269989, 138.765464
10.874291, 139.354097
10.478675, 139.867128
10.083588, 140.295510
9.689549, 140.628836
9.297159, 140.855098
8.907125, 140.960433
8.520275, 140.928818
8.137588, 140.741740
7.760228, 140.377857
7.389581, 139.812659
7.027302, 139.018211
6.675375, 137.963051
6.336172, 136.612409
6.012522, 134.928991
5.707776, 132.874668
5.425853, 130.413515
5.171248, 127.516650
4.948965, 124.169132
4.764337, 120.378549
4.622698, 116.183804
4.528911, 111.661212
4.486800, 106.924175
4.498626, 102.113833
4.564754, 97.381457
4.683638, 92.867544
4.852117, 88.684425
5.065919, 84.907197
5.320212, 81.573661
5.610081, 78.690557
5.930855, 76.242379
6.278304, 74.199930
6.648716, 72.527151
7.038897, 71.185904
7.446141, 70.138951
7.868168, 69.351621
8.303066, 68.792559
8.749233, 68.433941
9.205324, 68.251362
9.670206, 68.223573
10.142923, 68.332146
10.622663, 68.561130
11.108732, 68.896723
11.600537, 69.326974
12.097563, 69.841519
12.599366, 70.431352
13.105558, 71.088630
13.615797, 71.806502
14.129781, 72.578970
14.647244, 73.400767
15.167947, 74.267255
15.691674, 75.174338
16.218233, 76.118385
16.747447, 77.096177
17.279155, 78.104842
17.813209, 79.141818
18.349475, 80.204812
18.887827, 81.291765
19.428146, 82.400825
19.970324, 83.530321
20.514257, 84.678745
21.059850, 85.844729
21.607009, 87.027031
22.155648, 88.224524
22.705685, 89.436179
23.257039, 90.661055
23.809635, 91.898295
24.363399, 93.147110
24.918261, 94.406778
25.474152, 95.676633
26.031008, 96.956065
26.588762, 98.244508
27.147353, 99.541440
27.706720, 100.846380
28.266803, 102.158881
28.827544, 103.478527
29.388886, 104.804934
29.950772, 106.137744
30.513148, 107.476624
31.075960, 108.821261
31.639154, 110.171367
32.202678, 111.526671
32.766479, 112.886918
33.330507, 114.251871
33.894710, 115.621308
34.459040, 116.995020
35.023445, 118.372812
35.587877, 119.754497
36.152288, 121.139905
36.716628, 122.528870
37.280851, 123.921240
37.844908, 125.316868
38.408753, 126.715619
38.972338, 128.117363
39.535618, 129.521977
40.098545, 130.929345
40.661075, 132.339359
41.223160, 133.751913
41.784757, 135.166910
42.345819, 136.584256
42.906302, 138.003863
43.466161, 139.425645
44.025351, 140.849524
44.583829, 142.275423
45.141550, 143.703269
45.698470, 145.132993
46.254545, 146.564529
46.809732, 147.997815
47.363988, 149.432791
47.917270, 150.869400
48.469534, 152.307587
49.020737, 153.747300
49.570838, 155.188489
50.119794, 156.631107
50.667562, 158.075108
51.214100, 159.520448
51.759366, 160.967086
52.303319, 162.414982
52.845917, 163.864098
53.387119, 165.314395
53.926882, 166.765841
54.465167, 168.218399
55.001932, 169.672039
55.537136, 171.126729
56.070739, 172.582439
56.602700, 174.039139
57.132979, 175.496804
57.661536, 176.955405
58.188331, 178.414917
58.713324, 179.875316
59.236475, 181.336577
59.757746, 182.798679
60.277096, 184.261599
60.794487, 185.725315
61.309880, 187.189808
61.823236, 188.655057
62.334516, 190.121045
62.843683, 191.587751
63.350697, 193.055159
63.855522, 194.523251
64.358118, 195.992012
64.858449, 197.461425
65.356477, 198.931474
65.852165, 200.402145
66.345475, 201.873424
66.836371, 203.345297
67.324816, 204.817750
67.810774, 206.290770
68.294209, 207.764344
68.775083, 209.238462
69.253362, 210.713110
69.729010, 212.188277
70.201991, 213.663953
70.672271, 215.140127
71.139813, 216.616788
71.604584, 218.093927
72.066548, 219.571533
72.525672, 221.049598
##END=
