##TITLE= Parameter file, TopSpin 4.3.0
##JCAMPDX= 5.0
##DATATYPE= Parameter Values
##ORIGIN= Bruker BioSpin GmbH
##OWNER= nmrsu
$$ 2024-05-09 17:01:13.734 +0100  nmrsu@4CE1161FJM
$$ C:/Bruker/TopSpin4.3.0/exp/stan/nmr/lists/wave/user/multisupp_aux_d8
$$ process C:\Bruker\TopSpin4.3.0\prog\mod\xwinshape.exe
##MINX= 0.54660400
##MAXX= 99.99938900
##MINY= 0.33752800
##MAXY= 359.66247200
##$SHAPE_ADDPHASE= 0
##$SHAPE_AMP= 99.9993893
##$SHAPE_BWFAC= 0
##$SHAPE_BWFAC50= 0
##$SHAPE_CALCBW= yes
##$SHAPE_CALCINTEG= yes
##$SHAPE_EXMODE= <Excitation>
##$SHAPE_EXPAND= <>
##$SHAPE_EXPANDCF= (0..143)
0 0 0 0 0 0 0 0 0 0 0 0 0 0 0 0 0 0 0 0 0 0 0 0 0 0 0 0 0 0 0 0 0 0 0 0
0 0 0 0 0 0 0 0 0 0 0 0 0 0 0 0 0 0 0 0 0 0 0 0 0 0 0 0 0 0 0 0 0 0 0 0
0 0 0 0 0 0 0 0 0 0 0 0 0 0 0 0 0 0 0 0 0 0 0 0 0 0 0 0 0 0 0 0 0 0 0 0
0 0 0 0 0 0 0 0 0 0 0 0 0 0 0 0 0 0 0 0 0 0 0 0 0 0 0 0 0 0 0 0 0 0 0 0
##$SHAPE_EXPFAC= 0
##$SHAPE_FRACEND= 0
##$SHAPE_FRACORG= 0
##$SHAPE_FRACSTART= 0
##$SHAPE_INTEGFAC= 0
##$SHAPE_KEEPRES= yes
##$SHAPE_LENGTH= 25000.000373
##$SHAPE_MAN= <M>
##$SHAPE_MODE= 3
##$SHAPE_MODFREQ= 0
##$SHAPE_MODPHASE= 0
##$SHAPE_MODSCALE= 0
##$SHAPE_MODSW= 0
##$SHAPE_MODSWDIR= -1
##$SHAPE_NPOINTS= 1250
##$SHAPE_OFFS= <1 3>
##$SHAPE_OFFSCOEFF= (0..95)
-158.76428 0 100 -226.35777 0 100 -295.009 0 100 0 0 0 0 0 0 0 0 0 0 0
0 0 0 0 0 0 0 0 0 0 0 0 0 0 0 0 0 0 0 0 0 0 0 0 0 0 0 0 0 0 0 0 0 0 0 0
0 0 0 0 0 0 0 0 0 0 0 0 0 0 0 0 0 0 0 0 0 0 0 0 0 0 0 0 0 0 0 0 0 0 0 0
0 0 0 0
##$SHAPE_PARAMETER= <>
##$SHAPE_REPHFAC= 0
##$SHAPE_RES= 0
##$SHAPE_SCALEFAC= 1.00000611
##$SHAPE_SCALETYPE= 0
##$SHAPE_SPOAL= 0
##$SHAPE_SPOFFS= 0
##$SHAPE_SPOPH= 0
##$SHAPE_TOTROT= 90
##$SHAPE_TYPE= <Excitation>
##$SHAPE_USER_DEF= <>
##$SHAPE_VERSION= 2.1
##$SHL_ADDPHASE= (0..15)
0 0 0 0 0 0 0 0 0 0 0 0 0 0 0 0
##$SHL_ALIGNOFFSET= (0..15)
0 0 0 0 0 0 0 0 0 0 0 0 0 0 0 0
##$SHL_AMP= (0..15)
100 0 0 0 0 0 0 0 0 0 0 0 0 0 0 0
##$SHL_AMPFAC= (0..15)
0 0 0 0 0 0 0 0 0 0 0 0 0 0 0 0
##$SHL_BETA= (0..15)
0 0 0 0 0 0 0 0 0 0 0 0 0 0 0 0
##$SHL_BWFAC= (0..15)
1.116 0 0 0 0 0 0 0 0 0 0 0 0 0 0 0
##$SHL_CALCBW= (0..15)
yes yes yes yes yes yes yes yes yes yes yes yes yes yes yes yes
##$SHL_CALCINTEG= (0..15)
yes yes yes yes yes yes yes yes yes yes yes yes yes yes yes yes
##$SHL_CENTERAMP= (0..15)
0 0 0 0 0 0 0 0 0 0 0 0 0 0 0 0
##$SHL_CYCNUM= (0..15)
0 0 0 0 0 0 0 0 0 0 0 0 0 0 0 0
##$SHL_DIPOLCPL= (0..15)
0 0 0 0 0 0 0 0 0 0 0 0 0 0 0 0
##$SHL_ENDAMP= (0..15)
0 0 0 0 0 0 0 0 0 0 0 0 0 0 0 0
##$SHL_EXMODE= (0..15)
<Excitation> <> <> <> <> <> <> <> <> <> <> <> <> <> <> <>
##$SHL_EXPAND= (0..15)
<> <> <> <> <> <> <> <> <> <> <> <> <> <> <> <>
##$SHL_EXPANDCF0= (0..143)
0 0 0 0 0 0 0 0 0 0 0 0 0 0 0 0 0 0 0 0 0 0 0 0 0 0 0 0 0 0 0 0 0 0 0 0
0 0 0 0 0 0 0 0 0 0 0 0 0 0 0 0 0 0 0 0 0 0 0 0 0 0 0 0 0 0 0 0 0 0 0 0
0 0 0 0 0 0 0 0 0 0 0 0 0 0 0 0 0 0 0 0 0 0 0 0 0 0 0 0 0 0 0 0 0 0 0 0
0 0 0 0 0 0 0 0 0 0 0 0 0 0 0 0 0 0 0 0 0 0 0 0 0 0 0 0 0 0 0 0 0 0 0 0
##$SHL_EXPANDCF1= (0..143)
0 0 0 0 0 0 0 0 0 0 0 0 0 0 0 0 0 0 0 0 0 0 0 0 0 0 0 0 0 0 0 0 0 0 0 0
0 0 0 0 0 0 0 0 0 0 0 0 0 0 0 0 0 0 0 0 0 0 0 0 0 0 0 0 0 0 0 0 0 0 0 0
0 0 0 0 0 0 0 0 0 0 0 0 0 0 0 0 0 0 0 0 0 0 0 0 0 0 0 0 0 0 0 0 0 0 0 0
0 0 0 0 0 0 0 0 0 0 0 0 0 0 0 0 0 0 0 0 0 0 0 0 0 0 0 0 0 0 0 0 0 0 0 0
##$SHL_EXPANDCF10= (0..143)
0 0 0 0 0 0 0 0 0 0 0 0 0 0 0 0 0 0 0 0 0 0 0 0 0 0 0 0 0 0 0 0 0 0 0 0
0 0 0 0 0 0 0 0 0 0 0 0 0 0 0 0 0 0 0 0 0 0 0 0 0 0 0 0 0 0 0 0 0 0 0 0
0 0 0 0 0 0 0 0 0 0 0 0 0 0 0 0 0 0 0 0 0 0 0 0 0 0 0 0 0 0 0 0 0 0 0 0
0 0 0 0 0 0 0 0 0 0 0 0 0 0 0 0 0 0 0 0 0 0 0 0 0 0 0 0 0 0 0 0 0 0 0 0
##$SHL_EXPANDCF11= (0..143)
0 0 0 0 0 0 0 0 0 0 0 0 0 0 0 0 0 0 0 0 0 0 0 0 0 0 0 0 0 0 0 0 0 0 0 0
0 0 0 0 0 0 0 0 0 0 0 0 0 0 0 0 0 0 0 0 0 0 0 0 0 0 0 0 0 0 0 0 0 0 0 0
0 0 0 0 0 0 0 0 0 0 0 0 0 0 0 0 0 0 0 0 0 0 0 0 0 0 0 0 0 0 0 0 0 0 0 0
0 0 0 0 0 0 0 0 0 0 0 0 0 0 0 0 0 0 0 0 0 0 0 0 0 0 0 0 0 0 0 0 0 0 0 0
##$SHL_EXPANDCF12= (0..143)
0 0 0 0 0 0 0 0 0 0 0 0 0 0 0 0 0 0 0 0 0 0 0 0 0 0 0 0 0 0 0 0 0 0 0 0
0 0 0 0 0 0 0 0 0 0 0 0 0 0 0 0 0 0 0 0 0 0 0 0 0 0 0 0 0 0 0 0 0 0 0 0
0 0 0 0 0 0 0 0 0 0 0 0 0 0 0 0 0 0 0 0 0 0 0 0 0 0 0 0 0 0 0 0 0 0 0 0
0 0 0 0 0 0 0 0 0 0 0 0 0 0 0 0 0 0 0 0 0 0 0 0 0 0 0 0 0 0 0 0 0 0 0 0
##$SHL_EXPANDCF13= (0..143)
0 0 0 0 0 0 0 0 0 0 0 0 0 0 0 0 0 0 0 0 0 0 0 0 0 0 0 0 0 0 0 0 0 0 0 0
0 0 0 0 0 0 0 0 0 0 0 0 0 0 0 0 0 0 0 0 0 0 0 0 0 0 0 0 0 0 0 0 0 0 0 0
0 0 0 0 0 0 0 0 0 0 0 0 0 0 0 0 0 0 0 0 0 0 0 0 0 0 0 0 0 0 0 0 0 0 0 0
0 0 0 0 0 0 0 0 0 0 0 0 0 0 0 0 0 0 0 0 0 0 0 0 0 0 0 0 0 0 0 0 0 0 0 0
##$SHL_EXPANDCF14= (0..143)
0 0 0 0 0 0 0 0 0 0 0 0 0 0 0 0 0 0 0 0 0 0 0 0 0 0 0 0 0 0 0 0 0 0 0 0
0 0 0 0 0 0 0 0 0 0 0 0 0 0 0 0 0 0 0 0 0 0 0 0 0 0 0 0 0 0 0 0 0 0 0 0
0 0 0 0 0 0 0 0 0 0 0 0 0 0 0 0 0 0 0 0 0 0 0 0 0 0 0 0 0 0 0 0 0 0 0 0
0 0 0 0 0 0 0 0 0 0 0 0 0 0 0 0 0 0 0 0 0 0 0 0 0 0 0 0 0 0 0 0 0 0 0 0
##$SHL_EXPANDCF15= (0..143)
0 0 0 0 0 0 0 0 0 0 0 0 0 0 0 0 0 0 0 0 0 0 0 0 0 0 0 0 0 0 0 0 0 0 0 0
0 0 0 0 0 0 0 0 0 0 0 0 0 0 0 0 0 0 0 0 0 0 0 0 0 0 0 0 0 0 0 0 0 0 0 0
0 0 0 0 0 0 0 0 0 0 0 0 0 0 0 0 0 0 0 0 0 0 0 0 0 0 0 0 0 0 0 0 0 0 0 0
0 0 0 0 0 0 0 0 0 0 0 0 0 0 0 0 0 0 0 0 0 0 0 0 0 0 0 0 0 0 0 0 0 0 0 0
##$SHL_EXPANDCF2= (0..143)
0 0 0 0 0 0 0 0 0 0 0 0 0 0 0 0 0 0 0 0 0 0 0 0 0 0 0 0 0 0 0 0 0 0 0 0
0 0 0 0 0 0 0 0 0 0 0 0 0 0 0 0 0 0 0 0 0 0 0 0 0 0 0 0 0 0 0 0 0 0 0 0
0 0 0 0 0 0 0 0 0 0 0 0 0 0 0 0 0 0 0 0 0 0 0 0 0 0 0 0 0 0 0 0 0 0 0 0
0 0 0 0 0 0 0 0 0 0 0 0 0 0 0 0 0 0 0 0 0 0 0 0 0 0 0 0 0 0 0 0 0 0 0 0
##$SHL_EXPANDCF3= (0..143)
0 0 0 0 0 0 0 0 0 0 0 0 0 0 0 0 0 0 0 0 0 0 0 0 0 0 0 0 0 0 0 0 0 0 0 0
0 0 0 0 0 0 0 0 0 0 0 0 0 0 0 0 0 0 0 0 0 0 0 0 0 0 0 0 0 0 0 0 0 0 0 0
0 0 0 0 0 0 0 0 0 0 0 0 0 0 0 0 0 0 0 0 0 0 0 0 0 0 0 0 0 0 0 0 0 0 0 0
0 0 0 0 0 0 0 0 0 0 0 0 0 0 0 0 0 0 0 0 0 0 0 0 0 0 0 0 0 0 0 0 0 0 0 0
##$SHL_EXPANDCF4= (0..143)
0 0 0 0 0 0 0 0 0 0 0 0 0 0 0 0 0 0 0 0 0 0 0 0 0 0 0 0 0 0 0 0 0 0 0 0
0 0 0 0 0 0 0 0 0 0 0 0 0 0 0 0 0 0 0 0 0 0 0 0 0 0 0 0 0 0 0 0 0 0 0 0
0 0 0 0 0 0 0 0 0 0 0 0 0 0 0 0 0 0 0 0 0 0 0 0 0 0 0 0 0 0 0 0 0 0 0 0
0 0 0 0 0 0 0 0 0 0 0 0 0 0 0 0 0 0 0 0 0 0 0 0 0 0 0 0 0 0 0 0 0 0 0 0
##$SHL_EXPANDCF5= (0..143)
0 0 0 0 0 0 0 0 0 0 0 0 0 0 0 0 0 0 0 0 0 0 0 0 0 0 0 0 0 0 0 0 0 0 0 0
0 0 0 0 0 0 0 0 0 0 0 0 0 0 0 0 0 0 0 0 0 0 0 0 0 0 0 0 0 0 0 0 0 0 0 0
0 0 0 0 0 0 0 0 0 0 0 0 0 0 0 0 0 0 0 0 0 0 0 0 0 0 0 0 0 0 0 0 0 0 0 0
0 0 0 0 0 0 0 0 0 0 0 0 0 0 0 0 0 0 0 0 0 0 0 0 0 0 0 0 0 0 0 0 0 0 0 0
##$SHL_EXPANDCF6= (0..143)
0 0 0 0 0 0 0 0 0 0 0 0 0 0 0 0 0 0 0 0 0 0 0 0 0 0 0 0 0 0 0 0 0 0 0 0
0 0 0 0 0 0 0 0 0 0 0 0 0 0 0 0 0 0 0 0 0 0 0 0 0 0 0 0 0 0 0 0 0 0 0 0
0 0 0 0 0 0 0 0 0 0 0 0 0 0 0 0 0 0 0 0 0 0 0 0 0 0 0 0 0 0 0 0 0 0 0 0
0 0 0 0 0 0 0 0 0 0 0 0 0 0 0 0 0 0 0 0 0 0 0 0 0 0 0 0 0 0 0 0 0 0 0 0
##$SHL_EXPANDCF7= (0..143)
0 0 0 0 0 0 0 0 0 0 0 0 0 0 0 0 0 0 0 0 0 0 0 0 0 0 0 0 0 0 0 0 0 0 0 0
0 0 0 0 0 0 0 0 0 0 0 0 0 0 0 0 0 0 0 0 0 0 0 0 0 0 0 0 0 0 0 0 0 0 0 0
0 0 0 0 0 0 0 0 0 0 0 0 0 0 0 0 0 0 0 0 0 0 0 0 0 0 0 0 0 0 0 0 0 0 0 0
0 0 0 0 0 0 0 0 0 0 0 0 0 0 0 0 0 0 0 0 0 0 0 0 0 0 0 0 0 0 0 0 0 0 0 0
##$SHL_EXPANDCF8= (0..143)
0 0 0 0 0 0 0 0 0 0 0 0 0 0 0 0 0 0 0 0 0 0 0 0 0 0 0 0 0 0 0 0 0 0 0 0
0 0 0 0 0 0 0 0 0 0 0 0 0 0 0 0 0 0 0 0 0 0 0 0 0 0 0 0 0 0 0 0 0 0 0 0
0 0 0 0 0 0 0 0 0 0 0 0 0 0 0 0 0 0 0 0 0 0 0 0 0 0 0 0 0 0 0 0 0 0 0 0
0 0 0 0 0 0 0 0 0 0 0 0 0 0 0 0 0 0 0 0 0 0 0 0 0 0 0 0 0 0 0 0 0 0 0 0
##$SHL_EXPANDCF9= (0..143)
0 0 0 0 0 0 0 0 0 0 0 0 0 0 0 0 0 0 0 0 0 0 0 0 0 0 0 0 0 0 0 0 0 0 0 0
0 0 0 0 0 0 0 0 0 0 0 0 0 0 0 0 0 0 0 0 0 0 0 0 0 0 0 0 0 0 0 0 0 0 0 0
0 0 0 0 0 0 0 0 0 0 0 0 0 0 0 0 0 0 0 0 0 0 0 0 0 0 0 0 0 0 0 0 0 0 0 0
0 0 0 0 0 0 0 0 0 0 0 0 0 0 0 0 0 0 0 0 0 0 0 0 0 0 0 0 0 0 0 0 0 0 0 0
##$SHL_EXPFAC= (0..15)
0 0 0 0 0 0 0 0 0 0 0 0 0 0 0 0
##$SHL_FRACEND= (0..15)
0 0 0 0 0 0 0 0 0 0 0 0 0 0 0 0
##$SHL_FRACORG= (0..15)
0 0 0 0 0 0 0 0 0 0 0 0 0 0 0 0
##$SHL_FRACSTART= (0..15)
0 0 0 0 0 0 0 0 0 0 0 0 0 0 0 0
##$SHL_FULLHALF= (0..15)
0 0 0 0 0 0 0 0 0 0 0 0 0 0 0 0
##$SHL_FUNCAMP= (0..15)
100 0 0 0 0 0 0 0 0 0 0 0 0 0 0 0
##$SHL_FUNCTION= (0..15)
<Rectangle> <> <> <> <> <> <> <> <> <> <> <> <> <> <> <>
##$SHL_GCO= (0..15)
<> <> <> <> <> <> <> <> <> <> <> <> <> <> <> <>
##$SHL_GCOCOEFFS0= (0..59)
0 0 0 0 0 0 0 0 0 0 0 0 0 0 0 0 0 0 0 0 0 0 0 0 0 0 0 0 0 0 0 0 0 0 0 0
0 0 0 0 0 0 0 0 0 0 0 0 0 0 0 0 0 0 0 0 0 0 0 0
##$SHL_GCOCOEFFS1= (0..59)
0 0 0 0 0 0 0 0 0 0 0 0 0 0 0 0 0 0 0 0 0 0 0 0 0 0 0 0 0 0 0 0 0 0 0 0
0 0 0 0 0 0 0 0 0 0 0 0 0 0 0 0 0 0 0 0 0 0 0 0
##$SHL_GCOCOEFFS10= (0..59)
0 0 0 0 0 0 0 0 0 0 0 0 0 0 0 0 0 0 0 0 0 0 0 0 0 0 0 0 0 0 0 0 0 0 0 0
0 0 0 0 0 0 0 0 0 0 0 0 0 0 0 0 0 0 0 0 0 0 0 0
##$SHL_GCOCOEFFS11= (0..59)
0 0 0 0 0 0 0 0 0 0 0 0 0 0 0 0 0 0 0 0 0 0 0 0 0 0 0 0 0 0 0 0 0 0 0 0
0 0 0 0 0 0 0 0 0 0 0 0 0 0 0 0 0 0 0 0 0 0 0 0
##$SHL_GCOCOEFFS12= (0..59)
0 0 0 0 0 0 0 0 0 0 0 0 0 0 0 0 0 0 0 0 0 0 0 0 0 0 0 0 0 0 0 0 0 0 0 0
0 0 0 0 0 0 0 0 0 0 0 0 0 0 0 0 0 0 0 0 0 0 0 0
##$SHL_GCOCOEFFS13= (0..59)
0 0 0 0 0 0 0 0 0 0 0 0 0 0 0 0 0 0 0 0 0 0 0 0 0 0 0 0 0 0 0 0 0 0 0 0
0 0 0 0 0 0 0 0 0 0 0 0 0 0 0 0 0 0 0 0 0 0 0 0
##$SHL_GCOCOEFFS14= (0..59)
0 0 0 0 0 0 0 0 0 0 0 0 0 0 0 0 0 0 0 0 0 0 0 0 0 0 0 0 0 0 0 0 0 0 0 0
0 0 0 0 0 0 0 0 0 0 0 0 0 0 0 0 0 0 0 0 0 0 0 0
##$SHL_GCOCOEFFS15= (0..59)
0 0 0 0 0 0 0 0 0 0 0 0 0 0 0 0 0 0 0 0 0 0 0 0 0 0 0 0 0 0 0 0 0 0 0 0
0 0 0 0 0 0 0 0 0 0 0 0 0 0 0 0 0 0 0 0 0 0 0 0
##$SHL_GCOCOEFFS2= (0..59)
0 0 0 0 0 0 0 0 0 0 0 0 0 0 0 0 0 0 0 0 0 0 0 0 0 0 0 0 0 0 0 0 0 0 0 0
0 0 0 0 0 0 0 0 0 0 0 0 0 0 0 0 0 0 0 0 0 0 0 0
##$SHL_GCOCOEFFS3= (0..59)
0 0 0 0 0 0 0 0 0 0 0 0 0 0 0 0 0 0 0 0 0 0 0 0 0 0 0 0 0 0 0 0 0 0 0 0
0 0 0 0 0 0 0 0 0 0 0 0 0 0 0 0 0 0 0 0 0 0 0 0
##$SHL_GCOCOEFFS4= (0..59)
0 0 0 0 0 0 0 0 0 0 0 0 0 0 0 0 0 0 0 0 0 0 0 0 0 0 0 0 0 0 0 0 0 0 0 0
0 0 0 0 0 0 0 0 0 0 0 0 0 0 0 0 0 0 0 0 0 0 0 0
##$SHL_GCOCOEFFS5= (0..59)
0 0 0 0 0 0 0 0 0 0 0 0 0 0 0 0 0 0 0 0 0 0 0 0 0 0 0 0 0 0 0 0 0 0 0 0
0 0 0 0 0 0 0 0 0 0 0 0 0 0 0 0 0 0 0 0 0 0 0 0
##$SHL_GCOCOEFFS6= (0..59)
0 0 0 0 0 0 0 0 0 0 0 0 0 0 0 0 0 0 0 0 0 0 0 0 0 0 0 0 0 0 0 0 0 0 0 0
0 0 0 0 0 0 0 0 0 0 0 0 0 0 0 0 0 0 0 0 0 0 0 0
##$SHL_GCOCOEFFS7= (0..59)
0 0 0 0 0 0 0 0 0 0 0 0 0 0 0 0 0 0 0 0 0 0 0 0 0 0 0 0 0 0 0 0 0 0 0 0
0 0 0 0 0 0 0 0 0 0 0 0 0 0 0 0 0 0 0 0 0 0 0 0
##$SHL_GCOCOEFFS8= (0..59)
0 0 0 0 0 0 0 0 0 0 0 0 0 0 0 0 0 0 0 0 0 0 0 0 0 0 0 0 0 0 0 0 0 0 0 0
0 0 0 0 0 0 0 0 0 0 0 0 0 0 0 0 0 0 0 0 0 0 0 0
##$SHL_GCOCOEFFS9= (0..59)
0 0 0 0 0 0 0 0 0 0 0 0 0 0 0 0 0 0 0 0 0 0 0 0 0 0 0 0 0 0 0 0 0 0 0 0
0 0 0 0 0 0 0 0 0 0 0 0 0 0 0 0 0 0 0 0 0 0 0 0
##$SHL_INTEGFAC= (0..15)
1 0 0 0 0 0 0 0 0 0 0 0 0 0 0 0
##$SHL_LB= (0..15)
0 0 0 0 0 0 0 0 0 0 0 0 0 0 0 0
##$SHL_LEFTLIMIT= (0..15)
0 0 0 0 0 0 0 0 0 0 0 0 0 0 0 0
##$SHL_LENGTH= (0..15)
25000.000373 0 0 0 0 0 0 0 0 0 0 0 0 0 0 0
##$SHL_MAN= (0..15)
<> <> <> <> <> <> <> <> <> <> <> <> <> <> <> <>
##$SHL_MEANAMP= (0..15)
0 0 0 0 0 0 0 0 0 0 0 0 0 0 0 0
##$SHL_MODAMP= (0..15)
0 0 0 0 0 0 0 0 0 0 0 0 0 0 0 0
##$SHL_MODE= (0..15)
0 0 0 0 0 0 0 0 0 0 0 0 0 0 0 0
##$SHL_MODFREQ= (0..15)
0 0 0 0 0 0 0 0 0 0 0 0 0 0 0 0
##$SHL_MODPHASE= (0..15)
0 0 0 0 0 0 0 0 0 0 0 0 0 0 0 0
##$SHL_MODSCALE= (0..15)
0 0 0 0 0 0 0 0 0 0 0 0 0 0 0 0
##$SHL_MODSW= (0..15)
0 0 0 0 0 0 0 0 0 0 0 0 0 0 0 0
##$SHL_MODSWDIR= (0..15)
-1 -1 -1 -1 -1 -1 -1 -1 -1 -1 -1 -1 -1 -1 -1 -1
##$SHL_MU= (0..15)
0 0 0 0 0 0 0 0 0 0 0 0 0 0 0 0
##$SHL_NPOINTS= (0..15)
1250 0 0 0 0 0 0 0 0 0 0 0 0 0 0 0
##$SHL_OFFS= (0..15)
<> <> <> <> <> <> <> <> <> <> <> <> <> <> <> <>
##$SHL_OFFSCOEFF0= (0..95)
0 0 0 0 0 0 0 0 0 0 0 0 0 0 0 0 0 0 0 0 0 0 0 0 0 0 0 0 0 0 0 0 0 0 0 0
0 0 0 0 0 0 0 0 0 0 0 0 0 0 0 0 0 0 0 0 0 0 0 0 0 0 0 0 0 0 0 0 0 0 0 0
0 0 0 0 0 0 0 0 0 0 0 0 0 0 0 0 0 0 0 0 0 0 0 0
##$SHL_OFFSCOEFF1= (0..95)
0 0 0 0 0 0 0 0 0 0 0 0 0 0 0 0 0 0 0 0 0 0 0 0 0 0 0 0 0 0 0 0 0 0 0 0
0 0 0 0 0 0 0 0 0 0 0 0 0 0 0 0 0 0 0 0 0 0 0 0 0 0 0 0 0 0 0 0 0 0 0 0
0 0 0 0 0 0 0 0 0 0 0 0 0 0 0 0 0 0 0 0 0 0 0 0
##$SHL_OFFSCOEFF10= (0..95)
0 0 0 0 0 0 0 0 0 0 0 0 0 0 0 0 0 0 0 0 0 0 0 0 0 0 0 0 0 0 0 0 0 0 0 0
0 0 0 0 0 0 0 0 0 0 0 0 0 0 0 0 0 0 0 0 0 0 0 0 0 0 0 0 0 0 0 0 0 0 0 0
0 0 0 0 0 0 0 0 0 0 0 0 0 0 0 0 0 0 0 0 0 0 0 0
##$SHL_OFFSCOEFF11= (0..95)
0 0 0 0 0 0 0 0 0 0 0 0 0 0 0 0 0 0 0 0 0 0 0 0 0 0 0 0 0 0 0 0 0 0 0 0
0 0 0 0 0 0 0 0 0 0 0 0 0 0 0 0 0 0 0 0 0 0 0 0 0 0 0 0 0 0 0 0 0 0 0 0
0 0 0 0 0 0 0 0 0 0 0 0 0 0 0 0 0 0 0 0 0 0 0 0
##$SHL_OFFSCOEFF12= (0..95)
0 0 0 0 0 0 0 0 0 0 0 0 0 0 0 0 0 0 0 0 0 0 0 0 0 0 0 0 0 0 0 0 0 0 0 0
0 0 0 0 0 0 0 0 0 0 0 0 0 0 0 0 0 0 0 0 0 0 0 0 0 0 0 0 0 0 0 0 0 0 0 0
0 0 0 0 0 0 0 0 0 0 0 0 0 0 0 0 0 0 0 0 0 0 0 0
##$SHL_OFFSCOEFF13= (0..95)
0 0 0 0 0 0 0 0 0 0 0 0 0 0 0 0 0 0 0 0 0 0 0 0 0 0 0 0 0 0 0 0 0 0 0 0
0 0 0 0 0 0 0 0 0 0 0 0 0 0 0 0 0 0 0 0 0 0 0 0 0 0 0 0 0 0 0 0 0 0 0 0
0 0 0 0 0 0 0 0 0 0 0 0 0 0 0 0 0 0 0 0 0 0 0 0
##$SHL_OFFSCOEFF14= (0..95)
0 0 0 0 0 0 0 0 0 0 0 0 0 0 0 0 0 0 0 0 0 0 0 0 0 0 0 0 0 0 0 0 0 0 0 0
0 0 0 0 0 0 0 0 0 0 0 0 0 0 0 0 0 0 0 0 0 0 0 0 0 0 0 0 0 0 0 0 0 0 0 0
0 0 0 0 0 0 0 0 0 0 0 0 0 0 0 0 0 0 0 0 0 0 0 0
##$SHL_OFFSCOEFF15= (0..95)
0 0 0 0 0 0 0 0 0 0 0 0 0 0 0 0 0 0 0 0 0 0 0 0 0 0 0 0 0 0 0 0 0 0 0 0
0 0 0 0 0 0 0 0 0 0 0 0 0 0 0 0 0 0 0 0 0 0 0 0 0 0 0 0 0 0 0 0 0 0 0 0
0 0 0 0 0 0 0 0 0 0 0 0 0 0 0 0 0 0 0 0 0 0 0 0
##$SHL_OFFSCOEFF2= (0..95)
0 0 0 0 0 0 0 0 0 0 0 0 0 0 0 0 0 0 0 0 0 0 0 0 0 0 0 0 0 0 0 0 0 0 0 0
0 0 0 0 0 0 0 0 0 0 0 0 0 0 0 0 0 0 0 0 0 0 0 0 0 0 0 0 0 0 0 0 0 0 0 0
0 0 0 0 0 0 0 0 0 0 0 0 0 0 0 0 0 0 0 0 0 0 0 0
##$SHL_OFFSCOEFF3= (0..95)
0 0 0 0 0 0 0 0 0 0 0 0 0 0 0 0 0 0 0 0 0 0 0 0 0 0 0 0 0 0 0 0 0 0 0 0
0 0 0 0 0 0 0 0 0 0 0 0 0 0 0 0 0 0 0 0 0 0 0 0 0 0 0 0 0 0 0 0 0 0 0 0
0 0 0 0 0 0 0 0 0 0 0 0 0 0 0 0 0 0 0 0 0 0 0 0
##$SHL_OFFSCOEFF4= (0..95)
0 0 0 0 0 0 0 0 0 0 0 0 0 0 0 0 0 0 0 0 0 0 0 0 0 0 0 0 0 0 0 0 0 0 0 0
0 0 0 0 0 0 0 0 0 0 0 0 0 0 0 0 0 0 0 0 0 0 0 0 0 0 0 0 0 0 0 0 0 0 0 0
0 0 0 0 0 0 0 0 0 0 0 0 0 0 0 0 0 0 0 0 0 0 0 0
##$SHL_OFFSCOEFF5= (0..95)
0 0 0 0 0 0 0 0 0 0 0 0 0 0 0 0 0 0 0 0 0 0 0 0 0 0 0 0 0 0 0 0 0 0 0 0
0 0 0 0 0 0 0 0 0 0 0 0 0 0 0 0 0 0 0 0 0 0 0 0 0 0 0 0 0 0 0 0 0 0 0 0
0 0 0 0 0 0 0 0 0 0 0 0 0 0 0 0 0 0 0 0 0 0 0 0
##$SHL_OFFSCOEFF6= (0..95)
0 0 0 0 0 0 0 0 0 0 0 0 0 0 0 0 0 0 0 0 0 0 0 0 0 0 0 0 0 0 0 0 0 0 0 0
0 0 0 0 0 0 0 0 0 0 0 0 0 0 0 0 0 0 0 0 0 0 0 0 0 0 0 0 0 0 0 0 0 0 0 0
0 0 0 0 0 0 0 0 0 0 0 0 0 0 0 0 0 0 0 0 0 0 0 0
##$SHL_OFFSCOEFF7= (0..95)
0 0 0 0 0 0 0 0 0 0 0 0 0 0 0 0 0 0 0 0 0 0 0 0 0 0 0 0 0 0 0 0 0 0 0 0
0 0 0 0 0 0 0 0 0 0 0 0 0 0 0 0 0 0 0 0 0 0 0 0 0 0 0 0 0 0 0 0 0 0 0 0
0 0 0 0 0 0 0 0 0 0 0 0 0 0 0 0 0 0 0 0 0 0 0 0
##$SHL_OFFSCOEFF8= (0..95)
0 0 0 0 0 0 0 0 0 0 0 0 0 0 0 0 0 0 0 0 0 0 0 0 0 0 0 0 0 0 0 0 0 0 0 0
0 0 0 0 0 0 0 0 0 0 0 0 0 0 0 0 0 0 0 0 0 0 0 0 0 0 0 0 0 0 0 0 0 0 0 0
0 0 0 0 0 0 0 0 0 0 0 0 0 0 0 0 0 0 0 0 0 0 0 0
##$SHL_OFFSCOEFF9= (0..95)
0 0 0 0 0 0 0 0 0 0 0 0 0 0 0 0 0 0 0 0 0 0 0 0 0 0 0 0 0 0 0 0 0 0 0 0
0 0 0 0 0 0 0 0 0 0 0 0 0 0 0 0 0 0 0 0 0 0 0 0 0 0 0 0 0 0 0 0 0 0 0 0
0 0 0 0 0 0 0 0 0 0 0 0 0 0 0 0 0 0 0 0 0 0 0 0
##$SHL_PHASE= (0..15)
0 0 0 0 0 0 0 0 0 0 0 0 0 0 0 0
##$SHL_PHASEFAC= (0..15)
0 0 0 0 0 0 0 0 0 0 0 0 0 0 0 0
##$SHL_POWERINDEX= (0..15)
0 0 0 0 0 0 0 0 0 0 0 0 0 0 0 0
##$SHL_QUADCOEFF= (0..15)
0 0 0 0 0 0 0 0 0 0 0 0 0 0 0 0
##$SHL_RIGHTLIMIT= (0..15)
0 0 0 0 0 0 0 0 0 0 0 0 0 0 0 0
##$SHL_SCALEFACTOR= (0..15)
1 1 1 1 1 1 1 1 1 1 1 1 1 1 1 1
##$SHL_SF= (0..15)
<> <> <> <> <> <> <> <> <> <> <> <> <> <> <> <>
##$SHL_SFCOEFFS0= (0..200)
0 0 0 0 0 0 0 0 0 0 0 0 0 0 0 0 0 0 0 0 0 0 0 0 0 0 0 0 0 0 0 0 0 0 0 0
0 0 0 0 0 0 0 0 0 0 0 0 0 0 0 0 0 0 0 0 0 0 0 0 0 0 0 0 0 0 0 0 0 0 0 0
0 0 0 0 0 0 0 0 0 0 0 0 0 0 0 0 0 0 0 0 0 0 0 0 0 0 0 0 0 0 0 0 0 0 0 0
0 0 0 0 0 0 0 0 0 0 0 0 0 0 0 0 0 0 0 0 0 0 0 0 0 0 0 0 0 0 0 0 0 0 0 0
0 0 0 0 0 0 0 0 0 0 0 0 0 0 0 0 0 0 0 0 0 0 0 0 0 0 0 0 0 0 0 0 0 0 0 0
0 0 0 0 0 0 0 0 0 0 0 0 0 0 0 0 0 0 0 0 0
##$SHL_SFCOEFFS1= (0..200)
0 0 0 0 0 0 0 0 0 0 0 0 0 0 0 0 0 0 0 0 0 0 0 0 0 0 0 0 0 0 0 0 0 0 0 0
0 0 0 0 0 0 0 0 0 0 0 0 0 0 0 0 0 0 0 0 0 0 0 0 0 0 0 0 0 0 0 0 0 0 0 0
0 0 0 0 0 0 0 0 0 0 0 0 0 0 0 0 0 0 0 0 0 0 0 0 0 0 0 0 0 0 0 0 0 0 0 0
0 0 0 0 0 0 0 0 0 0 0 0 0 0 0 0 0 0 0 0 0 0 0 0 0 0 0 0 0 0 0 0 0 0 0 0
0 0 0 0 0 0 0 0 0 0 0 0 0 0 0 0 0 0 0 0 0 0 0 0 0 0 0 0 0 0 0 0 0 0 0 0
0 0 0 0 0 0 0 0 0 0 0 0 0 0 0 0 0 0 0 0 0
##$SHL_SFCOEFFS10= (0..200)
0 0 0 0 0 0 0 0 0 0 0 0 0 0 0 0 0 0 0 0 0 0 0 0 0 0 0 0 0 0 0 0 0 0 0 0
0 0 0 0 0 0 0 0 0 0 0 0 0 0 0 0 0 0 0 0 0 0 0 0 0 0 0 0 0 0 0 0 0 0 0 0
0 0 0 0 0 0 0 0 0 0 0 0 0 0 0 0 0 0 0 0 0 0 0 0 0 0 0 0 0 0 0 0 0 0 0 0
0 0 0 0 0 0 0 0 0 0 0 0 0 0 0 0 0 0 0 0 0 0 0 0 0 0 0 0 0 0 0 0 0 0 0 0
0 0 0 0 0 0 0 0 0 0 0 0 0 0 0 0 0 0 0 0 0 0 0 0 0 0 0 0 0 0 0 0 0 0 0 0
0 0 0 0 0 0 0 0 0 0 0 0 0 0 0 0 0 0 0 0 0
##$SHL_SFCOEFFS11= (0..200)
0 0 0 0 0 0 0 0 0 0 0 0 0 0 0 0 0 0 0 0 0 0 0 0 0 0 0 0 0 0 0 0 0 0 0 0
0 0 0 0 0 0 0 0 0 0 0 0 0 0 0 0 0 0 0 0 0 0 0 0 0 0 0 0 0 0 0 0 0 0 0 0
0 0 0 0 0 0 0 0 0 0 0 0 0 0 0 0 0 0 0 0 0 0 0 0 0 0 0 0 0 0 0 0 0 0 0 0
0 0 0 0 0 0 0 0 0 0 0 0 0 0 0 0 0 0 0 0 0 0 0 0 0 0 0 0 0 0 0 0 0 0 0 0
0 0 0 0 0 0 0 0 0 0 0 0 0 0 0 0 0 0 0 0 0 0 0 0 0 0 0 0 0 0 0 0 0 0 0 0
0 0 0 0 0 0 0 0 0 0 0 0 0 0 0 0 0 0 0 0 0
##$SHL_SFCOEFFS12= (0..200)
0 0 0 0 0 0 0 0 0 0 0 0 0 0 0 0 0 0 0 0 0 0 0 0 0 0 0 0 0 0 0 0 0 0 0 0
0 0 0 0 0 0 0 0 0 0 0 0 0 0 0 0 0 0 0 0 0 0 0 0 0 0 0 0 0 0 0 0 0 0 0 0
0 0 0 0 0 0 0 0 0 0 0 0 0 0 0 0 0 0 0 0 0 0 0 0 0 0 0 0 0 0 0 0 0 0 0 0
0 0 0 0 0 0 0 0 0 0 0 0 0 0 0 0 0 0 0 0 0 0 0 0 0 0 0 0 0 0 0 0 0 0 0 0
0 0 0 0 0 0 0 0 0 0 0 0 0 0 0 0 0 0 0 0 0 0 0 0 0 0 0 0 0 0 0 0 0 0 0 0
0 0 0 0 0 0 0 0 0 0 0 0 0 0 0 0 0 0 0 0 0
##$SHL_SFCOEFFS13= (0..200)
0 0 0 0 0 0 0 0 0 0 0 0 0 0 0 0 0 0 0 0 0 0 0 0 0 0 0 0 0 0 0 0 0 0 0 0
0 0 0 0 0 0 0 0 0 0 0 0 0 0 0 0 0 0 0 0 0 0 0 0 0 0 0 0 0 0 0 0 0 0 0 0
0 0 0 0 0 0 0 0 0 0 0 0 0 0 0 0 0 0 0 0 0 0 0 0 0 0 0 0 0 0 0 0 0 0 0 0
0 0 0 0 0 0 0 0 0 0 0 0 0 0 0 0 0 0 0 0 0 0 0 0 0 0 0 0 0 0 0 0 0 0 0 0
0 0 0 0 0 0 0 0 0 0 0 0 0 0 0 0 0 0 0 0 0 0 0 0 0 0 0 0 0 0 0 0 0 0 0 0
0 0 0 0 0 0 0 0 0 0 0 0 0 0 0 0 0 0 0 0 0
##$SHL_SFCOEFFS14= (0..200)
0 0 0 0 0 0 0 0 0 0 0 0 0 0 0 0 0 0 0 0 0 0 0 0 0 0 0 0 0 0 0 0 0 0 0 0
0 0 0 0 0 0 0 0 0 0 0 0 0 0 0 0 0 0 0 0 0 0 0 0 0 0 0 0 0 0 0 0 0 0 0 0
0 0 0 0 0 0 0 0 0 0 0 0 0 0 0 0 0 0 0 0 0 0 0 0 0 0 0 0 0 0 0 0 0 0 0 0
0 0 0 0 0 0 0 0 0 0 0 0 0 0 0 0 0 0 0 0 0 0 0 0 0 0 0 0 0 0 0 0 0 0 0 0
0 0 0 0 0 0 0 0 0 0 0 0 0 0 0 0 0 0 0 0 0 0 0 0 0 0 0 0 0 0 0 0 0 0 0 0
0 0 0 0 0 0 0 0 0 0 0 0 0 0 0 0 0 0 0 0 0
##$SHL_SFCOEFFS15= (0..200)
0 0 0 0 0 0 0 0 0 0 0 0 0 0 0 0 0 0 0 0 0 0 0 0 0 0 0 0 0 0 0 0 0 0 0 0
0 0 0 0 0 0 0 0 0 0 0 0 0 0 0 0 0 0 0 0 0 0 0 0 0 0 0 0 0 0 0 0 0 0 0 0
0 0 0 0 0 0 0 0 0 0 0 0 0 0 0 0 0 0 0 0 0 0 0 0 0 0 0 0 0 0 0 0 0 0 0 0
0 0 0 0 0 0 0 0 0 0 0 0 0 0 0 0 0 0 0 0 0 0 0 0 0 0 0 0 0 0 0 0 0 0 0 0
0 0 0 0 0 0 0 0 0 0 0 0 0 0 0 0 0 0 0 0 0 0 0 0 0 0 0 0 0 0 0 0 0 0 0 0
0 0 0 0 0 0 0 0 0 0 0 0 0 0 0 0 0 0 0 0 0
##$SHL_SFCOEFFS2= (0..200)
0 0 0 0 0 0 0 0 0 0 0 0 0 0 0 0 0 0 0 0 0 0 0 0 0 0 0 0 0 0 0 0 0 0 0 0
0 0 0 0 0 0 0 0 0 0 0 0 0 0 0 0 0 0 0 0 0 0 0 0 0 0 0 0 0 0 0 0 0 0 0 0
0 0 0 0 0 0 0 0 0 0 0 0 0 0 0 0 0 0 0 0 0 0 0 0 0 0 0 0 0 0 0 0 0 0 0 0
0 0 0 0 0 0 0 0 0 0 0 0 0 0 0 0 0 0 0 0 0 0 0 0 0 0 0 0 0 0 0 0 0 0 0 0
0 0 0 0 0 0 0 0 0 0 0 0 0 0 0 0 0 0 0 0 0 0 0 0 0 0 0 0 0 0 0 0 0 0 0 0
0 0 0 0 0 0 0 0 0 0 0 0 0 0 0 0 0 0 0 0 0
##$SHL_SFCOEFFS3= (0..200)
0 0 0 0 0 0 0 0 0 0 0 0 0 0 0 0 0 0 0 0 0 0 0 0 0 0 0 0 0 0 0 0 0 0 0 0
0 0 0 0 0 0 0 0 0 0 0 0 0 0 0 0 0 0 0 0 0 0 0 0 0 0 0 0 0 0 0 0 0 0 0 0
0 0 0 0 0 0 0 0 0 0 0 0 0 0 0 0 0 0 0 0 0 0 0 0 0 0 0 0 0 0 0 0 0 0 0 0
0 0 0 0 0 0 0 0 0 0 0 0 0 0 0 0 0 0 0 0 0 0 0 0 0 0 0 0 0 0 0 0 0 0 0 0
0 0 0 0 0 0 0 0 0 0 0 0 0 0 0 0 0 0 0 0 0 0 0 0 0 0 0 0 0 0 0 0 0 0 0 0
0 0 0 0 0 0 0 0 0 0 0 0 0 0 0 0 0 0 0 0 0
##$SHL_SFCOEFFS4= (0..200)
0 0 0 0 0 0 0 0 0 0 0 0 0 0 0 0 0 0 0 0 0 0 0 0 0 0 0 0 0 0 0 0 0 0 0 0
0 0 0 0 0 0 0 0 0 0 0 0 0 0 0 0 0 0 0 0 0 0 0 0 0 0 0 0 0 0 0 0 0 0 0 0
0 0 0 0 0 0 0 0 0 0 0 0 0 0 0 0 0 0 0 0 0 0 0 0 0 0 0 0 0 0 0 0 0 0 0 0
0 0 0 0 0 0 0 0 0 0 0 0 0 0 0 0 0 0 0 0 0 0 0 0 0 0 0 0 0 0 0 0 0 0 0 0
0 0 0 0 0 0 0 0 0 0 0 0 0 0 0 0 0 0 0 0 0 0 0 0 0 0 0 0 0 0 0 0 0 0 0 0
0 0 0 0 0 0 0 0 0 0 0 0 0 0 0 0 0 0 0 0 0
##$SHL_SFCOEFFS5= (0..200)
0 0 0 0 0 0 0 0 0 0 0 0 0 0 0 0 0 0 0 0 0 0 0 0 0 0 0 0 0 0 0 0 0 0 0 0
0 0 0 0 0 0 0 0 0 0 0 0 0 0 0 0 0 0 0 0 0 0 0 0 0 0 0 0 0 0 0 0 0 0 0 0
0 0 0 0 0 0 0 0 0 0 0 0 0 0 0 0 0 0 0 0 0 0 0 0 0 0 0 0 0 0 0 0 0 0 0 0
0 0 0 0 0 0 0 0 0 0 0 0 0 0 0 0 0 0 0 0 0 0 0 0 0 0 0 0 0 0 0 0 0 0 0 0
0 0 0 0 0 0 0 0 0 0 0 0 0 0 0 0 0 0 0 0 0 0 0 0 0 0 0 0 0 0 0 0 0 0 0 0
0 0 0 0 0 0 0 0 0 0 0 0 0 0 0 0 0 0 0 0 0
##$SHL_SFCOEFFS6= (0..200)
0 0 0 0 0 0 0 0 0 0 0 0 0 0 0 0 0 0 0 0 0 0 0 0 0 0 0 0 0 0 0 0 0 0 0 0
0 0 0 0 0 0 0 0 0 0 0 0 0 0 0 0 0 0 0 0 0 0 0 0 0 0 0 0 0 0 0 0 0 0 0 0
0 0 0 0 0 0 0 0 0 0 0 0 0 0 0 0 0 0 0 0 0 0 0 0 0 0 0 0 0 0 0 0 0 0 0 0
0 0 0 0 0 0 0 0 0 0 0 0 0 0 0 0 0 0 0 0 0 0 0 0 0 0 0 0 0 0 0 0 0 0 0 0
0 0 0 0 0 0 0 0 0 0 0 0 0 0 0 0 0 0 0 0 0 0 0 0 0 0 0 0 0 0 0 0 0 0 0 0
0 0 0 0 0 0 0 0 0 0 0 0 0 0 0 0 0 0 0 0 0
##$SHL_SFCOEFFS7= (0..200)
0 0 0 0 0 0 0 0 0 0 0 0 0 0 0 0 0 0 0 0 0 0 0 0 0 0 0 0 0 0 0 0 0 0 0 0
0 0 0 0 0 0 0 0 0 0 0 0 0 0 0 0 0 0 0 0 0 0 0 0 0 0 0 0 0 0 0 0 0 0 0 0
0 0 0 0 0 0 0 0 0 0 0 0 0 0 0 0 0 0 0 0 0 0 0 0 0 0 0 0 0 0 0 0 0 0 0 0
0 0 0 0 0 0 0 0 0 0 0 0 0 0 0 0 0 0 0 0 0 0 0 0 0 0 0 0 0 0 0 0 0 0 0 0
0 0 0 0 0 0 0 0 0 0 0 0 0 0 0 0 0 0 0 0 0 0 0 0 0 0 0 0 0 0 0 0 0 0 0 0
0 0 0 0 0 0 0 0 0 0 0 0 0 0 0 0 0 0 0 0 0
##$SHL_SFCOEFFS8= (0..200)
0 0 0 0 0 0 0 0 0 0 0 0 0 0 0 0 0 0 0 0 0 0 0 0 0 0 0 0 0 0 0 0 0 0 0 0
0 0 0 0 0 0 0 0 0 0 0 0 0 0 0 0 0 0 0 0 0 0 0 0 0 0 0 0 0 0 0 0 0 0 0 0
0 0 0 0 0 0 0 0 0 0 0 0 0 0 0 0 0 0 0 0 0 0 0 0 0 0 0 0 0 0 0 0 0 0 0 0
0 0 0 0 0 0 0 0 0 0 0 0 0 0 0 0 0 0 0 0 0 0 0 0 0 0 0 0 0 0 0 0 0 0 0 0
0 0 0 0 0 0 0 0 0 0 0 0 0 0 0 0 0 0 0 0 0 0 0 0 0 0 0 0 0 0 0 0 0 0 0 0
0 0 0 0 0 0 0 0 0 0 0 0 0 0 0 0 0 0 0 0 0
##$SHL_SFCOEFFS9= (0..200)
0 0 0 0 0 0 0 0 0 0 0 0 0 0 0 0 0 0 0 0 0 0 0 0 0 0 0 0 0 0 0 0 0 0 0 0
0 0 0 0 0 0 0 0 0 0 0 0 0 0 0 0 0 0 0 0 0 0 0 0 0 0 0 0 0 0 0 0 0 0 0 0
0 0 0 0 0 0 0 0 0 0 0 0 0 0 0 0 0 0 0 0 0 0 0 0 0 0 0 0 0 0 0 0 0 0 0 0
0 0 0 0 0 0 0 0 0 0 0 0 0 0 0 0 0 0 0 0 0 0 0 0 0 0 0 0 0 0 0 0 0 0 0 0
0 0 0 0 0 0 0 0 0 0 0 0 0 0 0 0 0 0 0 0 0 0 0 0 0 0 0 0 0 0 0 0 0 0 0 0
0 0 0 0 0 0 0 0 0 0 0 0 0 0 0 0 0 0 0 0 0
##$SHL_SMOOTHED= (0..15)
0 0 0 0 0 0 0 0 0 0 0 0 0 0 0 0
##$SHL_SMOOTHING= (0..15)
0 0 0 0 0 0 0 0 0 0 0 0 0 0 0 0
##$SHL_SPOAL= (0..15)
0 0 0 0 0 0 0 0 0 0 0 0 0 0 0 0
##$SHL_SPOFFS= (0..15)
0 0 0 0 0 0 0 0 0 0 0 0 0 0 0 0
##$SHL_SPOPH= (0..15)
0 0 0 0 0 0 0 0 0 0 0 0 0 0 0 0
##$SHL_STARTAMP= (0..15)
0 0 0 0 0 0 0 0 0 0 0 0 0 0 0 0
##$SHL_SW= (0..15)
0 0 0 0 0 0 0 0 0 0 0 0 0 0 0 0
##$SHL_SWDIR= (0..15)
-1 -1 -1 -1 -1 -1 -1 -1 -1 -1 -1 -1 -1 -1 -1 -1
##$SHL_TANKAPPA= (0..15)
0 0 0 0 0 0 0 0 0 0 0 0 0 0 0 0
##$SHL_TOTROT= (0..15)
90 0 0 0 0 0 0 0 0 0 0 0 0 0 0 0
##$SHL_TRUNCLEV= (0..15)
0 0 0 0 0 0 0 0 0 0 0 0 0 0 0 0
##$SHL_TYPE= (0..15)
<Excitation> <> <> <> <> <> <> <> <> <> <> <> <> <> <> <>
##$SHL_WINDOWSIZE= (0..15)
0 0 0 0 0 0 0 0 0 0 0 0 0 0 0 0
##$SHL_ZETA= (0..15)
0 0 0 0 0 0 0 0 0 0 0 0 0 0 0 0
##NPOINTS= 1250
##XYPOINTS= (XY..XY)
72.790362, 60.915627
72.329143, 62.554400
71.865066, 64.193284
71.398165, 65.832280
70.928475, 67.471392
70.456029, 69.110620
69.980863, 70.749969
69.503011, 72.389440
69.022509, 74.029036
68.539392, 75.668759
68.053694, 77.308614
67.565453, 78.948601
67.074703, 80.588726
66.581481, 82.228990
66.085822, 83.869397
65.587764, 85.509951
65.087342, 87.150654
64.584594, 88.791510
64.079556, 90.432524
63.572265, 92.073698
63.062759, 93.715037
62.551075, 95.356546
62.037251, 96.998227
61.521323, 98.640087
61.003331, 100.282128
60.483312, 101.924357
59.961304, 103.566777
59.437346, 105.209395
58.911476, 106.852215
58.383732, 108.495243
57.854154, 110.138485
57.322780, 111.781946
56.789649, 113.425634
56.254801, 115.069553
55.718274, 116.713712
55.180109, 118.358116
54.640344, 120.002774
54.099019, 121.647692
53.556175, 123.292879
53.011850, 124.938343
52.466085, 126.584092
51.918920, 128.230135
51.370395, 129.876483
50.820551, 131.523143
50.269427, 133.170127
49.717065, 134.817444
49.163505, 136.465107
48.608787, 138.113127
48.052953, 139.761515
47.496043, 141.410285
46.938098, 143.059449
46.379160, 144.709022
45.819269, 146.359019
45.258467, 148.009453
44.696794, 149.660342
44.134293, 151.311703
43.571004, 152.963553
43.006970, 154.615910
42.442231, 156.268795
41.876829, 157.922227
41.310806, 159.576229
40.744204, 161.230824
40.177064, 162.886035
39.609428, 164.541889
39.041338, 166.198411
38.472836, 167.855631
37.903964, 169.513578
37.334764, 171.172285
36.765278, 172.831785
36.195549, 174.492114
35.625617, 176.153311
35.055526, 177.815414
34.485317, 179.478468
33.915034, 181.142519
33.344717, 182.807613
32.774410, 184.473805
32.204155, 186.141149
31.633994, 187.809704
31.063969, 189.479534
30.494124, 191.150707
29.924500, 192.823295
29.355140, 194.497377
28.786086, 196.173037
28.217382, 197.850365
27.649070, 199.529458
27.081192, 201.210423
26.513792, 202.893373
25.946911, 204.578432
25.380593, 206.265733
24.814881, 207.955421
24.249818, 209.647654
23.685447, 211.342606
23.121811, 213.040464
22.558953, 214.741435
21.996917, 216.445744
21.435747, 218.153641
20.875485, 219.865398
20.316177, 221.581319
19.757866, 223.301738
19.200597, 225.027027
18.644415, 226.757600
18.089365, 228.493918
17.535493, 230.236499
16.982844, 231.985923
16.431466, 233.742846
15.881406, 235.508009
15.332712, 237.282255
14.785434, 239.066544
14.239624, 240.861977
13.695332, 242.669822
13.152612, 244.491546
12.611522, 246.328855
12.072119, 248.183748
11.534466, 250.058576
10.998630, 251.956133
10.464680, 253.879752
9.932695, 255.833452
9.402761, 257.822119
8.874975, 259.851749
8.349446, 261.929785
7.826303, 264.065575
7.305698, 266.271017
6.787820, 268.561489
6.272900, 270.957199
5.761241, 273.485217
5.253240, 276.182609
4.749446, 279.101417
4.250638, 282.316850
3.757976, 285.941310
3.273266, 290.149421
2.799486, 295.224705
2.341867, 301.649941
1.910292, 310.282733
1.524769, 322.652360
1.226584, 341.068825
1.086702, 6.480037
1.160598, 33.202100
1.412598, 53.774733
1.766034, 67.660186
2.170213, 77.191923
2.600135, 84.152531
3.043654, 89.561383
3.494484, 93.987810
3.949128, 97.761613
4.405502, 101.083133
4.862293, 104.079739
5.318629, 106.835737
5.773908, 109.408922
6.227696, 111.840126
6.679672, 114.158964
7.129590, 116.387407
7.577255, 118.542086
8.022512, 120.635807
8.465230, 122.678590
8.905301, 124.678382
9.342631, 126.641564
9.777139, 128.573319
10.208751, 130.477898
10.637402, 132.358821
11.063033, 134.219025
11.485589, 136.060984
11.905019, 137.886791
12.321274, 139.698233
12.734310, 141.496843
13.144083, 143.283943
13.550553, 145.060679
13.953679, 146.828050
14.353426, 148.586933
14.749754, 150.338096
15.142629, 152.082218
15.532017, 153.819900
15.917883, 155.551678
16.300195, 157.278028
16.678921, 158.999378
17.054029, 160.716112
17.425488, 162.428572
17.793268, 164.137073
18.157339, 165.841894
18.517673, 167.543291
18.874240, 169.241497
19.227013, 170.936724
19.575963, 172.629164
19.921064, 174.318994
20.262288, 176.006377
20.599609, 177.691461
20.933001, 179.374382
21.262438, 181.055268
21.587895, 182.734234
21.909348, 184.411388
22.226771, 186.086829
22.540140, 187.760650
22.849432, 189.432936
23.154624, 191.103768
23.455691, 192.773218
23.752611, 194.441357
24.045363, 196.108249
24.333923, 197.773953
24.618270, 199.438526
24.898383, 201.102022
25.174241, 202.764488
25.445823, 204.425972
25.713108, 206.086516
25.976078, 207.746163
26.234711, 209.404949
26.488989, 211.062912
26.738893, 212.720084
26.984404, 214.376499
27.225504, 216.032187
27.462174, 217.687175
27.694398, 219.341492
27.922158, 220.995162
28.145437, 222.648210
28.364218, 224.300659
28.578486, 225.952530
28.788224, 227.603844
28.993416, 229.254620
29.194048, 230.904877
29.390104, 232.554632
29.581570, 234.203902
29.768433, 235.852703
29.950677, 237.501049
30.128289, 239.148955
30.301257, 240.796435
30.469567, 242.443501
30.633208, 244.090166
30.792166, 245.736441
30.946430, 247.382338
31.095989, 249.027868
31.240832, 250.673039
31.380947, 252.317863
31.516325, 253.962348
31.646956, 255.606503
31.772829, 257.250336
31.893936, 258.893855
32.010268, 260.537068
32.121815, 262.179982
32.228570, 263.822603
32.330525, 265.464939
32.427672, 267.106996
32.520005, 268.748780
32.607515, 270.390295
32.690197, 272.031548
32.768045, 273.672544
32.841053, 275.313287
32.909215, 276.953783
32.972526, 278.594035
33.030982, 280.234047
33.084579, 281.873824
33.133312, 283.513370
33.177178, 285.152687
33.216173, 286.791779
33.250295, 288.430649
33.279541, 290.069300
33.303908, 291.707735
33.323396, 293.345956
33.338003, 294.983965
33.347727, 296.621766
33.352567, 298.259359
33.352524, 299.896746
33.347598, 301.533930
33.337788, 303.170912
33.323095, 304.807693
33.303521, 306.444274
33.279066, 308.080657
33.249733, 309.716841
33.215524, 311.352829
33.176441, 312.988620
33.132487, 314.624215
33.083665, 316.259614
33.029979, 317.894817
32.971433, 319.529824
32.908030, 321.164635
32.839776, 322.799250
32.766676, 324.433667
32.688735, 326.067887
32.605958, 327.701908
32.518352, 329.335729
32.425923, 330.969349
32.328678, 332.602767
32.226624, 334.235980
32.119769, 335.868988
32.008120, 337.501788
31.891685, 339.134378
31.770473, 340.766755
31.644493, 342.398917
31.513754, 344.030862
31.378266, 345.662585
31.238039, 347.294085
31.093082, 348.925356
30.943407, 350.556396
30.789025, 352.187201
30.629946, 353.817765
30.466183, 355.448086
30.297747, 357.078156
30.124651, 358.707972
29.946908, 0.337528
29.764531, 1.966817
29.577532, 3.595834
29.385926, 5.224571
29.189727, 6.853023
28.988949, 8.481180
28.783608, 10.109035
28.573717, 11.736580
28.359292, 13.363806
28.140350, 14.990702
27.916906, 16.617260
27.688977, 18.243467
27.456579, 19.869313
27.219730, 21.494786
26.978447, 23.119872
26.732748, 24.744558
26.482650, 26.368830
26.228172, 27.992671
25.969334, 29.616065
25.706153, 31.238996
25.438649, 32.861443
25.166843, 34.483388
24.890753, 36.104808
24.610401, 37.725682
24.325807, 39.345985
24.036992, 40.965691
23.743977, 42.584772
23.446784, 44.203199
23.145434, 45.820940
22.839951, 47.437960
22.530357, 49.054223
22.216674, 50.669689
21.898925, 52.284316
21.577135, 53.898058
21.251327, 55.510865
20.921524, 57.122684
20.587753, 58.733456
20.250037, 60.343119
19.908401, 61.951604
19.562871, 63.558837
19.213472, 65.164737
18.860231, 66.769215
18.503174, 68.372175
18.142327, 69.973510
17.777718, 71.573104
17.409374, 73.170829
17.037322, 74.766542
16.661591, 76.360089
16.282208, 77.951295
15.899204, 79.539967
15.512606, 81.125890
15.122444, 82.708824
14.728749, 84.288499
14.331549, 85.864612
13.930877, 87.436820
13.526764, 89.004733
13.119240, 90.567910
12.708339, 92.125845
12.294093, 93.677955
11.876536, 95.223571
11.455702, 96.761912
11.031626, 98.292072
10.604345, 99.812981
10.173895, 101.323379
9.740316, 102.821761
9.303648, 104.306324
8.863933, 105.774882
8.421216, 107.224762
7.975546, 108.652663
7.526975, 110.054456
7.075559, 111.424907
6.621366, 112.757289
6.164469, 114.042802
5.704959, 115.269715
5.242945, 116.422037
4.778568, 117.477402
4.312016, 118.403553
3.843554, 119.152247
3.373580, 119.648034
2.902730, 119.766209
2.432114, 119.285598
1.963880, 117.776067
1.502820, 114.291109
1.061933, 106.377115
0.687028, 86.621711
0.546604, 42.848404
0.784400, 5.668251
1.195285, 350.562841
1.657137, 344.323828
2.138791, 341.547080
2.630686, 340.391697
3.129067, 340.111032
3.632174, 340.352394
4.139064, 340.929155
4.649183, 341.733774
5.162175, 342.700076
5.677798, 343.785172
6.195876, 344.960070
6.716274, 346.204480
7.238884, 347.503785
7.763615, 348.847190
8.290392, 350.226552
8.819146, 351.635612
9.349814, 353.069484
9.882339, 354.524295
10.416668, 355.996938
10.952749, 357.484889
11.490534, 358.986082
12.029973, 0.498802
12.571022, 2.021620
13.113635, 3.553333
13.657767, 5.092922
14.203375, 6.639516
14.750414, 8.192369
15.298841, 9.750837
15.848614, 11.314361
16.399690, 12.882453
16.952027, 14.454687
17.505582, 16.030688
18.060313, 17.610124
18.616179, 19.192702
19.173136, 20.778159
19.731144, 22.366263
20.290159, 23.956806
20.850142, 25.549599
21.411049, 27.144475
21.972838, 28.741280
22.535469, 30.339876
23.098899, 31.940139
23.663086, 33.541955
24.227988, 35.145220
24.793564, 36.749839
25.359772, 38.355726
25.926569, 39.962801
26.493914, 41.570990
27.061766, 43.180228
27.630081, 44.790452
28.198819, 46.401605
28.767937, 48.013633
29.337393, 49.626488
29.907146, 51.240125
30.477153, 52.854501
31.047373, 54.469578
31.617763, 56.085317
32.188282, 57.701687
32.758887, 59.318654
33.329537, 60.936189
33.900189, 62.554265
34.470802, 64.172855
35.041334, 65.791935
35.611743, 67.411481
36.181987, 69.031474
36.752023, 70.651891
37.321811, 72.272715
37.891309, 73.893927
38.460474, 75.515510
39.029264, 77.137449
39.597639, 78.759728
40.165556, 80.382333
40.732974, 82.005251
41.299850, 83.628469
41.866144, 85.251975
42.431814, 86.875757
42.996818, 88.499804
43.561115, 90.124107
44.124663, 91.748655
44.687422, 93.373440
45.249349, 94.998451
45.810404, 96.623682
46.370545, 98.249123
46.929732, 99.874767
47.487923, 101.500608
48.045077, 103.126637
48.601154, 104.752848
49.156113, 106.379236
49.709912, 108.005793
50.262513, 109.632514
50.813873, 111.259394
51.363953, 112.886427
51.912712, 114.513609
52.460109, 116.140933
53.006106, 117.768397
53.550661, 119.395994
54.093736, 121.023722
54.635289, 122.651575
55.175282, 124.279550
55.713674, 125.907643
56.250427, 127.535851
56.785500, 129.164170
57.318855, 130.792596
57.850453, 132.421127
58.380255, 134.049759
58.908221, 135.678490
59.434313, 137.307316
59.958493, 138.936234
60.480722, 140.565242
61.000961, 142.194338
61.519174, 143.823519
62.035321, 145.452782
62.549364, 147.082126
63.061267, 148.711547
63.570992, 150.341044
64.078501, 151.970615
64.583757, 153.600258
65.086723, 155.229971
65.587362, 156.859751
66.085638, 158.489598
66.581514, 160.119509
67.074953, 161.749482
67.565919, 163.379517
68.054378, 165.009611
68.540292, 166.639763
69.023625, 168.269971
69.504344, 169.900234
69.982412, 171.530551
70.457794, 173.160920
70.930456, 174.791340
71.400362, 176.421809
71.867479, 178.052327
72.331772, 179.682892
72.793208, 181.313503
73.251752, 182.944159
73.707370, 184.574859
74.160030, 186.205601
74.609698, 187.836385
75.056341, 189.467210
75.499926, 191.098074
75.940422, 192.728977
76.377795, 194.359918
76.812014, 195.990896
77.243046, 197.621910
77.670861, 199.252959
78.095427, 200.884043
78.516712, 202.515160
78.934686, 204.146309
79.349319, 205.777491
79.760579, 207.408704
80.168437, 209.039948
80.572863, 210.671221
80.973827, 212.302524
81.371300, 213.933855
81.765252, 215.565214
82.155655, 217.196600
82.542481, 218.828012
82.925700, 220.459451
83.305285, 222.090915
83.681208, 223.722403
84.053441, 225.353916
84.421957, 226.985453
84.786729, 228.617012
85.147731, 230.248595
85.504936, 231.880199
85.858317, 233.511825
86.207849, 235.143472
86.553506, 236.775139
86.895263, 238.406827
87.233095, 240.038534
87.566977, 241.670261
87.896885, 243.302006
88.222794, 244.933770
88.544681, 246.565552
88.862521, 248.197351
89.176292, 249.829167
89.485971, 251.461000
89.791535, 253.092849
90.092961, 254.724714
90.390228, 256.356595
90.683313, 257.988491
90.972196, 259.620402
91.256855, 261.252327
91.537269, 262.884267
91.813417, 264.516220
92.085280, 266.148187
92.352838, 267.780166
92.616070, 269.412159
92.874958, 271.044164
93.129482, 272.676181
93.379625, 274.308211
93.625366, 275.940252
93.866690, 277.572304
94.103578, 279.204367
94.336012, 280.836441
94.563975, 282.468525
94.787452, 284.100619
95.006424, 285.732724
95.220878, 287.364838
95.430796, 288.996961
95.636163, 290.629093
95.836964, 292.261235
96.033185, 293.893384
96.224811, 295.525542
96.411828, 297.157709
96.594223, 298.789883
96.771982, 300.422064
96.945091, 302.054254
97.113539, 303.686450
97.277313, 305.318653
97.436401, 306.950863
97.590791, 308.583079
97.740473, 310.215301
97.885434, 311.847530
98.025664, 313.479764
98.161154, 315.112004
98.291893, 316.744249
98.417872, 318.376499
98.539081, 320.008755
98.655511, 321.641015
98.767155, 323.273279
98.874003, 324.905548
98.976048, 326.537821
99.073283, 328.170098
99.165700, 329.802378
99.253293, 331.434663
99.336055, 333.066950
99.413980, 334.699241
99.487062, 336.331534
99.555296, 337.963830
99.618678, 339.596129
99.677202, 341.228430
99.730863, 342.860733
99.779659, 344.493038
99.823586, 346.125345
99.862640, 347.757654
99.896819, 349.389964
99.926119, 351.022275
99.950540, 352.654587
99.970078, 354.286900
99.984733, 355.919214
99.994504, 357.551528
99.999389, 359.183843
99.999389, 0.816157
99.994504, 2.448472
99.984733, 4.080786
99.970078, 5.713100
99.950540, 7.345413
99.926119, 8.977725
99.896819, 10.610036
99.862640, 12.242346
99.823586, 13.874655
99.779659, 15.506962
99.730863, 17.139267
99.677202, 18.771570
99.618678, 20.403871
99.555296, 22.036170
99.487062, 23.668466
99.413980, 25.300759
99.336055, 26.933050
99.253293, 28.565337
99.165700, 30.197622
99.073283, 31.829902
98.976048, 33.462179
98.874003, 35.094452
98.767155, 36.726721
98.655511, 38.358985
98.539081, 39.991245
98.417872, 41.623501
98.291893, 43.255751
98.161154, 44.887996
98.025664, 46.520236
97.885434, 48.152470
97.740473, 49.784699
97.590791, 51.416921
97.436401, 53.049137
97.277313, 54.681347
97.113539, 56.313550
96.945091, 57.945746
96.771982, 59.577936
96.594223, 61.210117
96.411828, 62.842291
96.224811, 64.474458
96.033185, 66.106616
95.836964, 67.738765
95.636163, 69.370907
95.430796, 71.003039
95.220878, 72.635162
95.006424, 74.267276
94.787452, 75.899381
94.563975, 77.531475
94.336012, 79.163559
94.103578, 80.795633
93.866690, 82.427696
93.625366, 84.059748
93.379625, 85.691789
93.129482, 87.323819
92.874958, 88.955836
92.616070, 90.587841
92.352838, 92.219834
92.085280, 93.851813
91.813417, 95.483780
91.537269, 97.115733
91.256855, 98.747673
90.972196, 100.379598
90.683313, 102.011509
90.390228, 103.643405
90.092961, 105.275286
89.791535, 106.907151
89.485971, 108.539000
89.176292, 110.170833
88.862521, 111.802649
88.544681, 113.434448
88.222794, 115.066230
87.896885, 116.697994
87.566977, 118.329739
87.233095, 119.961466
86.895263, 121.593173
86.553506, 123.224861
86.207849, 124.856528
85.858317, 126.488175
85.504936, 128.119801
85.147731, 129.751405
84.786729, 131.382988
84.421957, 133.014547
84.053441, 134.646084
83.681208, 136.277597
83.305285, 137.909085
82.925700, 139.540549
82.542481, 141.171988
82.155655, 142.803400
81.765252, 144.434786
81.371300, 146.066145
80.973827, 147.697476
80.572863, 149.328779
80.168437, 150.960052
79.760579, 152.591296
79.349319, 154.222509
78.934686, 155.853691
78.516712, 157.484840
78.095427, 159.115957
77.670861, 160.747041
77.243046, 162.378090
76.812014, 164.009104
76.377795, 165.640082
75.940422, 167.271023
75.499926, 168.901926
75.056341, 170.532790
74.609698, 172.163615
74.160030, 173.794399
73.707370, 175.425141
73.251752, 177.055841
72.793208, 178.686497
72.331772, 180.317108
71.867479, 181.947673
71.400362, 183.578191
70.930456, 185.208660
70.457794, 186.839080
69.982412, 188.469449
69.504344, 190.099766
69.023625, 191.730029
68.540292, 193.360237
68.054378, 194.990389
67.565919, 196.620483
67.074953, 198.250518
66.581514, 199.880491
66.085638, 201.510402
65.587362, 203.140249
65.086723, 204.770029
64.583757, 206.399742
64.078501, 208.029385
63.570992, 209.658956
63.061267, 211.288453
62.549364, 212.917874
62.035321, 214.547218
61.519174, 216.176481
61.000961, 217.805662
60.480722, 219.434758
59.958493, 221.063766
59.434313, 222.692684
58.908221, 224.321510
58.380255, 225.950241
57.850453, 227.578873
57.318855, 229.207404
56.785500, 230.835830
56.250427, 232.464149
55.713674, 234.092357
55.175282, 235.720450
54.635289, 237.348425
54.093736, 238.976278
53.550661, 240.604006
53.006106, 242.231603
52.460109, 243.859067
51.912712, 245.486391
51.363953, 247.113573
50.813873, 248.740606
50.262513, 250.367486
49.709912, 251.994207
49.156113, 253.620764
48.601154, 255.247152
48.045077, 256.873363
47.487923, 258.499392
46.929732, 260.125233
46.370545, 261.750877
45.810404, 263.376318
45.249349, 265.001549
44.687422, 266.626560
44.124663, 268.251345
43.561115, 269.875893
42.996818, 271.500196
42.431814, 273.124243
41.866144, 274.748025
41.299850, 276.371531
40.732974, 277.994749
40.165556, 279.617667
39.597639, 281.240272
39.029264, 282.862551
38.460474, 284.484490
37.891309, 286.106073
37.321811, 287.727285
36.752023, 289.348109
36.181987, 290.968526
35.611743, 292.588519
35.041334, 294.208065
34.470802, 295.827145
33.900189, 297.445735
33.329537, 299.063811
32.758887, 300.681346
32.188282, 302.298313
31.617763, 303.914683
31.047373, 305.530422
30.477153, 307.145499
29.907146, 308.759875
29.337393, 310.373512
28.767937, 311.986367
28.198819, 313.598395
27.630081, 315.209548
27.061766, 316.819772
26.493914, 318.429010
25.926569, 320.037199
25.359772, 321.644274
24.793564, 323.250161
24.227988, 324.854780
23.663086, 326.458045
23.098899, 328.059861
22.535469, 329.660124
21.972838, 331.258720
21.411049, 332.855525
20.850142, 334.450401
20.290159, 336.043194
19.731144, 337.633737
19.173136, 339.221841
18.616179, 340.807298
18.060313, 342.389876
17.505582, 343.969312
16.952027, 345.545313
16.399690, 347.117547
15.848614, 348.685639
15.298841, 350.249163
14.750414, 351.807631
14.203375, 353.360484
13.657767, 354.907078
13.113635, 356.446667
12.571022, 357.978380
12.029973, 359.501198
11.490534, 1.013918
10.952749, 2.515111
10.416668, 4.003062
9.882339, 5.475705
9.349814, 6.930516
8.819146, 8.364388
8.290392, 9.773448
7.763615, 11.152810
7.238884, 12.496215
6.716274, 13.795520
6.195876, 15.039930
5.677798, 16.214828
5.162175, 17.299924
4.649183, 18.266226
4.139064, 19.070845
3.632174, 19.647606
3.129067, 19.888968
2.630686, 19.608303
2.138791, 18.452920
1.657137, 15.676172
1.195285, 9.437159
0.784400, 354.331749
0.546604, 317.151596
0.687028, 273.378289
1.061933, 253.622885
1.502820, 245.708891
1.963880, 242.223933
2.432114, 240.714402
2.902730, 240.233791
3.373580, 240.351966
3.843554, 240.847753
4.312016, 241.596447
4.778568, 242.522598
5.242945, 243.577963
5.704959, 244.730285
6.164469, 245.957198
6.621366, 247.242711
7.075559, 248.575093
7.526975, 249.945544
7.975546, 251.347337
8.421216, 252.775238
8.863933, 254.225118
9.303648, 255.693676
9.740316, 257.178239
10.173895, 258.676621
10.604345, 260.187019
11.031626, 261.707928
11.455702, 263.238088
11.876536, 264.776429
12.294093, 266.322045
12.708339, 267.874155
13.119240, 269.432090
13.526764, 270.995267
13.930877, 272.563180
14.331549, 274.135388
14.728749, 275.711501
15.122444, 277.291176
15.512606, 278.874110
15.899204, 280.460033
16.282208, 282.048705
16.661591, 283.639911
17.037322, 285.233458
17.409374, 286.829171
17.777718, 288.426896
18.142327, 290.026490
18.503174, 291.627825
18.860231, 293.230785
19.213472, 294.835263
19.562871, 296.441163
19.908401, 298.048396
20.250037, 299.656881
20.587753, 301.266544
20.921524, 302.877316
21.251327, 304.489135
21.577135, 306.101942
21.898925, 307.715684
22.216674, 309.330311
22.530357, 310.945777
22.839951, 312.562040
23.145434, 314.179060
23.446784, 315.796801
23.743977, 317.415228
24.036992, 319.034309
24.325807, 320.654015
24.610401, 322.274318
24.890753, 323.895192
25.166843, 325.516612
25.438649, 327.138557
25.706153, 328.761004
25.969334, 330.383935
26.228172, 332.007329
26.482650, 333.631170
26.732748, 335.255442
26.978447, 336.880128
27.219730, 338.505214
27.456579, 340.130687
27.688977, 341.756533
27.916906, 343.382740
28.140350, 345.009298
28.359292, 346.636194
28.573717, 348.263420
28.783608, 349.890965
28.988949, 351.518820
29.189727, 353.146977
29.385926, 354.775429
29.577532, 356.404166
29.764531, 358.033183
29.946908, 359.662472
30.124651, 1.292028
30.297747, 2.921844
30.466183, 4.551914
30.629946, 6.182235
30.789025, 7.812799
30.943407, 9.443604
31.093082, 11.074644
31.238039, 12.705915
31.378266, 14.337415
31.513754, 15.969138
31.644493, 17.601083
31.770473, 19.233245
31.891685, 20.865622
32.008120, 22.498212
32.119769, 24.131012
32.226624, 25.764020
32.328678, 27.397233
32.425923, 29.030651
32.518352, 30.664271
32.605958, 32.298092
32.688735, 33.932113
32.766676, 35.566333
32.839776, 37.200750
32.908030, 38.835365
32.971433, 40.470176
33.029979, 42.105183
33.083665, 43.740386
33.132487, 45.375785
33.176441, 47.011380
33.215524, 48.647171
33.249733, 50.283159
33.279066, 51.919343
33.303521, 53.555726
33.323095, 55.192307
33.337788, 56.829088
33.347598, 58.466070
33.352524, 60.103254
33.352567, 61.740641
33.347727, 63.378234
33.338003, 65.016035
33.323396, 66.654044
33.303908, 68.292265
33.279541, 69.930700
33.250295, 71.569351
33.216173, 73.208221
33.177178, 74.847313
33.133312, 76.486630
33.084579, 78.126176
33.030982, 79.765953
32.972526, 81.405965
32.909215, 83.046217
32.841053, 84.686713
32.768045, 86.327456
32.690197, 87.968452
32.607515, 89.609705
32.520005, 91.251220
32.427672, 92.893004
32.330525, 94.535061
32.228570, 96.177397
32.121815, 97.820018
32.010268, 99.462932
31.893936, 101.106145
31.772829, 102.749664
31.646956, 104.393497
31.516325, 106.037652
31.380947, 107.682137
31.240832, 109.326961
31.095989, 110.972132
30.946430, 112.617662
30.792166, 114.263559
30.633208, 115.909834
30.469567, 117.556499
30.301257, 119.203565
30.128289, 120.851045
29.950677, 122.498951
29.768433, 124.147297
29.581570, 125.796098
29.390104, 127.445368
29.194048, 129.095123
28.993416, 130.745380
28.788224, 132.396156
28.578486, 134.047470
28.364218, 135.699341
28.145437, 137.351790
27.922158, 139.004838
27.694398, 140.658508
27.462174, 142.312825
27.225504, 143.967813
26.984404, 145.623501
26.738893, 147.279916
26.488989, 148.937088
26.234711, 150.595051
25.976078, 152.253837
25.713108, 153.913484
25.445823, 155.574028
25.174241, 157.235512
24.898383, 158.897978
24.618270, 160.561474
24.333923, 162.226047
24.045363, 163.891751
23.752611, 165.558643
23.455691, 167.226782
23.154624, 168.896232
22.849432, 170.567064
22.540140, 172.239350
22.226771, 173.913171
21.909348, 175.588612
21.587895, 177.265766
21.262438, 178.944732
20.933001, 180.625618
20.599609, 182.308539
20.262288, 183.993623
19.921064, 185.681006
19.575963, 187.370836
19.227013, 189.063276
18.874240, 190.758503
18.517673, 192.456709
18.157339, 194.158106
17.793268, 195.862927
17.425488, 197.571428
17.054029, 199.283888
16.678921, 201.000622
16.300195, 202.721972
15.917883, 204.448322
15.532017, 206.180100
15.142629, 207.917782
14.749754, 209.661904
14.353426, 211.413067
13.953679, 213.171950
13.550553, 214.939321
13.144083, 216.716057
12.734310, 218.503157
12.321274, 220.301767
11.905019, 222.113209
11.485589, 223.939016
11.063033, 225.780975
10.637402, 227.641179
10.208751, 229.522102
9.777139, 231.426681
9.342631, 233.358436
8.905301, 235.321618
8.465230, 237.321410
8.022512, 239.364193
7.577255, 241.457914
7.129590, 243.612593
6.679672, 245.841036
6.227696, 248.159874
5.773908, 250.591078
5.318629, 253.164263
4.862293, 255.920261
4.405502, 258.916867
3.949128, 262.238387
3.494484, 266.012190
3.043654, 270.438617
2.600135, 275.847469
2.170213, 282.808077
1.766034, 292.339814
1.412598, 306.225267
1.160598, 326.797900
1.086702, 353.519963
1.226584, 18.931175
1.524769, 37.347640
1.910292, 49.717267
2.341867, 58.350059
2.799486, 64.775295
3.273266, 69.850579
3.757976, 74.058690
4.250638, 77.683150
4.749446, 80.898583
5.253240, 83.817391
5.761241, 86.514783
6.272900, 89.042801
6.787820, 91.438511
7.305698, 93.728983
7.826303, 95.934425
8.349446, 98.070215
8.874975, 100.148251
9.402761, 102.177881
9.932695, 104.166548
10.464680, 106.120248
10.998630, 108.043867
11.534466, 109.941424
12.072119, 111.816252
12.611522, 113.671145
13.152612, 115.508454
13.695332, 117.330178
14.239624, 119.138023
14.785434, 120.933456
15.332712, 122.717745
15.881406, 124.491991
16.431466, 126.257154
16.982844, 128.014077
17.535493, 129.763501
18.089365, 131.506082
18.644415, 133.242400
19.200597, 134.972973
19.757866, 136.698262
20.316177, 138.418681
20.875485, 140.134602
21.435747, 141.846359
21.996917, 143.554256
22.558953, 145.258565
23.121811, 146.959536
23.685447, 148.657394
24.249818, 150.352346
24.814881, 152.044579
25.380593, 153.734267
25.946911, 155.421568
26.513792, 157.106627
27.081192, 158.789577
27.649070, 160.470542
28.217382, 162.149635
28.786086, 163.826963
29.355140, 165.502623
29.924500, 167.176705
30.494124, 168.849293
31.063969, 170.520466
31.633994, 172.190296
32.204155, 173.858851
32.774410, 175.526195
33.344717, 177.192387
33.915034, 178.857481
34.485317, 180.521532
35.055526, 182.184586
35.625617, 183.846689
36.195549, 185.507886
36.765278, 187.168215
37.334764, 188.827715
37.903964, 190.486422
38.472836, 192.144369
39.041338, 193.801589
39.609428, 195.458111
40.177064, 197.113965
40.744204, 198.769176
41.310806, 200.423771
41.876829, 202.077773
42.442231, 203.731205
43.006970, 205.384090
43.571004, 207.036447
44.134293, 208.688297
44.696794, 210.339658
45.258467, 211.990547
45.819269, 213.640981
46.379160, 215.290978
46.938098, 216.940551
47.496043, 218.589715
48.052953, 220.238485
48.608787, 221.886873
49.163505, 223.534893
49.717065, 225.182556
50.269427, 226.829873
50.820551, 228.476857
51.370395, 230.123517
51.918920, 231.769865
52.466085, 233.415908
53.011850, 235.061657
53.556175, 236.707121
54.099019, 238.352308
54.640344, 239.997226
55.180109, 241.641884
55.718274, 243.286288
56.254801, 244.930447
56.789649, 246.574366
57.322780, 248.218054
57.854154, 249.861515
58.383732, 251.504757
58.911476, 253.147785
59.437346, 254.790605
59.961304, 256.433223
60.483312, 258.075643
61.003331, 259.717872
61.521323, 261.359913
62.037251, 263.001773
62.551075, 264.643454
63.062759, 266.284963
63.572265, 267.926302
64.079556, 269.567476
64.584594, 271.208490
65.087342, 272.849346
65.587764, 274.490049
66.085822, 276.130603
66.581481, 277.771010
67.074703, 279.411274
67.565453, 281.051399
68.053694, 282.691386
68.539392, 284.331241
69.022509, 285.970964
69.503011, 287.610560
69.980863, 289.250031
70.456029, 290.889380
70.928475, 292.528608
71.398165, 294.167720
71.865066, 295.806716
72.329143, 297.445600
72.790362, 299.084373
##END=
