##TITLE= Parameter file, TopSpin 4.3.0
##JCAMPDX= 5.0
##DATATYPE= Parameter Values
##ORIGIN= Bruker BioSpin GmbH
##OWNER= nmrsu
$$ 2024-05-09 19:17:07.131 +0100  nmrsu@4CE1161FJM
$$ C:/Bruker/TopSpin4.3.0/exp/stan/nmr/lists/wave/user/multisupp_aux_d8
$$ process C:\Bruker\TopSpin4.3.0\prog\mod\xwinshape.exe
##MINX= 0.48178200
##MAXX= 99.99938900
##MINY= 0.18962400
##MAXY= 359.81037600
##$SHAPE_ADDPHASE= 0
##$SHAPE_AMP= 99.99938928
##$SHAPE_BWFAC= 0
##$SHAPE_BWFAC50= 0
##$SHAPE_CALCBW= yes
##$SHAPE_CALCINTEG= yes
##$SHAPE_EXMODE= <Excitation>
##$SHAPE_EXPAND= <>
##$SHAPE_EXPANDCF= (0..143)
0 0 0 0 0 0 0 0 0 0 0 0 0 0 0 0 0 0 0 0 0 0 0 0 0 0 0 0 0 0 0 0 0 0 0 0
0 0 0 0 0 0 0 0 0 0 0 0 0 0 0 0 0 0 0 0 0 0 0 0 0 0 0 0 0 0 0 0 0 0 0 0
0 0 0 0 0 0 0 0 0 0 0 0 0 0 0 0 0 0 0 0 0 0 0 0 0 0 0 0 0 0 0 0 0 0 0 0
0 0 0 0 0 0 0 0 0 0 0 0 0 0 0 0 0 0 0 0 0 0 0 0 0 0 0 0 0 0 0 0 0 0 0 0
##$SHAPE_EXPFAC= 0
##$SHAPE_FRACEND= 0
##$SHAPE_FRACORG= 0
##$SHAPE_FRACSTART= 0
##$SHAPE_INTEGFAC= 0
##$SHAPE_KEEPRES= yes
##$SHAPE_LENGTH= 25000.000373
##$SHAPE_MAN= <M>
##$SHAPE_MODE= 3
##$SHAPE_MODFREQ= 0
##$SHAPE_MODPHASE= 0
##$SHAPE_MODSCALE= 0
##$SHAPE_MODSW= 0
##$SHAPE_MODSWDIR= -1
##$SHAPE_NPOINTS= 1250
##$SHAPE_OFFS= <1 3>
##$SHAPE_OFFSCOEFF= (0..95)
-158.06378 0 100 -225.72235 0 100 -294.31114 0 100 0 0 0 0 0 0 0 0 0 0
0 0 0 0 0 0 0 0 0 0 0 0 0 0 0 0 0 0 0 0 0 0 0 0 0 0 0 0 0 0 0 0 0 0 0 0
0 0 0 0 0 0 0 0 0 0 0 0 0 0 0 0 0 0 0 0 0 0 0 0 0 0 0 0 0 0 0 0 0 0 0 0
0 0 0 0 0
##$SHAPE_PARAMETER= <>
##$SHAPE_REPHFAC= 0
##$SHAPE_RES= 0
##$SHAPE_SCALEFAC= 1.00000611
##$SHAPE_SCALETYPE= 0
##$SHAPE_SPOAL= 0
##$SHAPE_SPOFFS= 0
##$SHAPE_SPOPH= 0
##$SHAPE_TOTROT= 90
##$SHAPE_TYPE= <Excitation>
##$SHAPE_USER_DEF= <>
##$SHAPE_VERSION= 2.1
##$SHL_ADDPHASE= (0..15)
0 0 0 0 0 0 0 0 0 0 0 0 0 0 0 0
##$SHL_ALIGNOFFSET= (0..15)
0 0 0 0 0 0 0 0 0 0 0 0 0 0 0 0
##$SHL_AMP= (0..15)
100 0 0 0 0 0 0 0 0 0 0 0 0 0 0 0
##$SHL_AMPFAC= (0..15)
0 0 0 0 0 0 0 0 0 0 0 0 0 0 0 0
##$SHL_BETA= (0..15)
0 0 0 0 0 0 0 0 0 0 0 0 0 0 0 0
##$SHL_BWFAC= (0..15)
1.116 0 0 0 0 0 0 0 0 0 0 0 0 0 0 0
##$SHL_CALCBW= (0..15)
yes yes yes yes yes yes yes yes yes yes yes yes yes yes yes yes
##$SHL_CALCINTEG= (0..15)
yes yes yes yes yes yes yes yes yes yes yes yes yes yes yes yes
##$SHL_CENTERAMP= (0..15)
0 0 0 0 0 0 0 0 0 0 0 0 0 0 0 0
##$SHL_CYCNUM= (0..15)
0 0 0 0 0 0 0 0 0 0 0 0 0 0 0 0
##$SHL_DIPOLCPL= (0..15)
0 0 0 0 0 0 0 0 0 0 0 0 0 0 0 0
##$SHL_ENDAMP= (0..15)
0 0 0 0 0 0 0 0 0 0 0 0 0 0 0 0
##$SHL_EXMODE= (0..15)
<Excitation> <> <> <> <> <> <> <> <> <> <> <> <> <> <> <>
##$SHL_EXPAND= (0..15)
<> <> <> <> <> <> <> <> <> <> <> <> <> <> <> <>
##$SHL_EXPANDCF0= (0..143)
0 0 0 0 0 0 0 0 0 0 0 0 0 0 0 0 0 0 0 0 0 0 0 0 0 0 0 0 0 0 0 0 0 0 0 0
0 0 0 0 0 0 0 0 0 0 0 0 0 0 0 0 0 0 0 0 0 0 0 0 0 0 0 0 0 0 0 0 0 0 0 0
0 0 0 0 0 0 0 0 0 0 0 0 0 0 0 0 0 0 0 0 0 0 0 0 0 0 0 0 0 0 0 0 0 0 0 0
0 0 0 0 0 0 0 0 0 0 0 0 0 0 0 0 0 0 0 0 0 0 0 0 0 0 0 0 0 0 0 0 0 0 0 0
##$SHL_EXPANDCF1= (0..143)
0 0 0 0 0 0 0 0 0 0 0 0 0 0 0 0 0 0 0 0 0 0 0 0 0 0 0 0 0 0 0 0 0 0 0 0
0 0 0 0 0 0 0 0 0 0 0 0 0 0 0 0 0 0 0 0 0 0 0 0 0 0 0 0 0 0 0 0 0 0 0 0
0 0 0 0 0 0 0 0 0 0 0 0 0 0 0 0 0 0 0 0 0 0 0 0 0 0 0 0 0 0 0 0 0 0 0 0
0 0 0 0 0 0 0 0 0 0 0 0 0 0 0 0 0 0 0 0 0 0 0 0 0 0 0 0 0 0 0 0 0 0 0 0
##$SHL_EXPANDCF10= (0..143)
0 0 0 0 0 0 0 0 0 0 0 0 0 0 0 0 0 0 0 0 0 0 0 0 0 0 0 0 0 0 0 0 0 0 0 0
0 0 0 0 0 0 0 0 0 0 0 0 0 0 0 0 0 0 0 0 0 0 0 0 0 0 0 0 0 0 0 0 0 0 0 0
0 0 0 0 0 0 0 0 0 0 0 0 0 0 0 0 0 0 0 0 0 0 0 0 0 0 0 0 0 0 0 0 0 0 0 0
0 0 0 0 0 0 0 0 0 0 0 0 0 0 0 0 0 0 0 0 0 0 0 0 0 0 0 0 0 0 0 0 0 0 0 0
##$SHL_EXPANDCF11= (0..143)
0 0 0 0 0 0 0 0 0 0 0 0 0 0 0 0 0 0 0 0 0 0 0 0 0 0 0 0 0 0 0 0 0 0 0 0
0 0 0 0 0 0 0 0 0 0 0 0 0 0 0 0 0 0 0 0 0 0 0 0 0 0 0 0 0 0 0 0 0 0 0 0
0 0 0 0 0 0 0 0 0 0 0 0 0 0 0 0 0 0 0 0 0 0 0 0 0 0 0 0 0 0 0 0 0 0 0 0
0 0 0 0 0 0 0 0 0 0 0 0 0 0 0 0 0 0 0 0 0 0 0 0 0 0 0 0 0 0 0 0 0 0 0 0
##$SHL_EXPANDCF12= (0..143)
0 0 0 0 0 0 0 0 0 0 0 0 0 0 0 0 0 0 0 0 0 0 0 0 0 0 0 0 0 0 0 0 0 0 0 0
0 0 0 0 0 0 0 0 0 0 0 0 0 0 0 0 0 0 0 0 0 0 0 0 0 0 0 0 0 0 0 0 0 0 0 0
0 0 0 0 0 0 0 0 0 0 0 0 0 0 0 0 0 0 0 0 0 0 0 0 0 0 0 0 0 0 0 0 0 0 0 0
0 0 0 0 0 0 0 0 0 0 0 0 0 0 0 0 0 0 0 0 0 0 0 0 0 0 0 0 0 0 0 0 0 0 0 0
##$SHL_EXPANDCF13= (0..143)
0 0 0 0 0 0 0 0 0 0 0 0 0 0 0 0 0 0 0 0 0 0 0 0 0 0 0 0 0 0 0 0 0 0 0 0
0 0 0 0 0 0 0 0 0 0 0 0 0 0 0 0 0 0 0 0 0 0 0 0 0 0 0 0 0 0 0 0 0 0 0 0
0 0 0 0 0 0 0 0 0 0 0 0 0 0 0 0 0 0 0 0 0 0 0 0 0 0 0 0 0 0 0 0 0 0 0 0
0 0 0 0 0 0 0 0 0 0 0 0 0 0 0 0 0 0 0 0 0 0 0 0 0 0 0 0 0 0 0 0 0 0 0 0
##$SHL_EXPANDCF14= (0..143)
0 0 0 0 0 0 0 0 0 0 0 0 0 0 0 0 0 0 0 0 0 0 0 0 0 0 0 0 0 0 0 0 0 0 0 0
0 0 0 0 0 0 0 0 0 0 0 0 0 0 0 0 0 0 0 0 0 0 0 0 0 0 0 0 0 0 0 0 0 0 0 0
0 0 0 0 0 0 0 0 0 0 0 0 0 0 0 0 0 0 0 0 0 0 0 0 0 0 0 0 0 0 0 0 0 0 0 0
0 0 0 0 0 0 0 0 0 0 0 0 0 0 0 0 0 0 0 0 0 0 0 0 0 0 0 0 0 0 0 0 0 0 0 0
##$SHL_EXPANDCF15= (0..143)
0 0 0 0 0 0 0 0 0 0 0 0 0 0 0 0 0 0 0 0 0 0 0 0 0 0 0 0 0 0 0 0 0 0 0 0
0 0 0 0 0 0 0 0 0 0 0 0 0 0 0 0 0 0 0 0 0 0 0 0 0 0 0 0 0 0 0 0 0 0 0 0
0 0 0 0 0 0 0 0 0 0 0 0 0 0 0 0 0 0 0 0 0 0 0 0 0 0 0 0 0 0 0 0 0 0 0 0
0 0 0 0 0 0 0 0 0 0 0 0 0 0 0 0 0 0 0 0 0 0 0 0 0 0 0 0 0 0 0 0 0 0 0 0
##$SHL_EXPANDCF2= (0..143)
0 0 0 0 0 0 0 0 0 0 0 0 0 0 0 0 0 0 0 0 0 0 0 0 0 0 0 0 0 0 0 0 0 0 0 0
0 0 0 0 0 0 0 0 0 0 0 0 0 0 0 0 0 0 0 0 0 0 0 0 0 0 0 0 0 0 0 0 0 0 0 0
0 0 0 0 0 0 0 0 0 0 0 0 0 0 0 0 0 0 0 0 0 0 0 0 0 0 0 0 0 0 0 0 0 0 0 0
0 0 0 0 0 0 0 0 0 0 0 0 0 0 0 0 0 0 0 0 0 0 0 0 0 0 0 0 0 0 0 0 0 0 0 0
##$SHL_EXPANDCF3= (0..143)
0 0 0 0 0 0 0 0 0 0 0 0 0 0 0 0 0 0 0 0 0 0 0 0 0 0 0 0 0 0 0 0 0 0 0 0
0 0 0 0 0 0 0 0 0 0 0 0 0 0 0 0 0 0 0 0 0 0 0 0 0 0 0 0 0 0 0 0 0 0 0 0
0 0 0 0 0 0 0 0 0 0 0 0 0 0 0 0 0 0 0 0 0 0 0 0 0 0 0 0 0 0 0 0 0 0 0 0
0 0 0 0 0 0 0 0 0 0 0 0 0 0 0 0 0 0 0 0 0 0 0 0 0 0 0 0 0 0 0 0 0 0 0 0
##$SHL_EXPANDCF4= (0..143)
0 0 0 0 0 0 0 0 0 0 0 0 0 0 0 0 0 0 0 0 0 0 0 0 0 0 0 0 0 0 0 0 0 0 0 0
0 0 0 0 0 0 0 0 0 0 0 0 0 0 0 0 0 0 0 0 0 0 0 0 0 0 0 0 0 0 0 0 0 0 0 0
0 0 0 0 0 0 0 0 0 0 0 0 0 0 0 0 0 0 0 0 0 0 0 0 0 0 0 0 0 0 0 0 0 0 0 0
0 0 0 0 0 0 0 0 0 0 0 0 0 0 0 0 0 0 0 0 0 0 0 0 0 0 0 0 0 0 0 0 0 0 0 0
##$SHL_EXPANDCF5= (0..143)
0 0 0 0 0 0 0 0 0 0 0 0 0 0 0 0 0 0 0 0 0 0 0 0 0 0 0 0 0 0 0 0 0 0 0 0
0 0 0 0 0 0 0 0 0 0 0 0 0 0 0 0 0 0 0 0 0 0 0 0 0 0 0 0 0 0 0 0 0 0 0 0
0 0 0 0 0 0 0 0 0 0 0 0 0 0 0 0 0 0 0 0 0 0 0 0 0 0 0 0 0 0 0 0 0 0 0 0
0 0 0 0 0 0 0 0 0 0 0 0 0 0 0 0 0 0 0 0 0 0 0 0 0 0 0 0 0 0 0 0 0 0 0 0
##$SHL_EXPANDCF6= (0..143)
0 0 0 0 0 0 0 0 0 0 0 0 0 0 0 0 0 0 0 0 0 0 0 0 0 0 0 0 0 0 0 0 0 0 0 0
0 0 0 0 0 0 0 0 0 0 0 0 0 0 0 0 0 0 0 0 0 0 0 0 0 0 0 0 0 0 0 0 0 0 0 0
0 0 0 0 0 0 0 0 0 0 0 0 0 0 0 0 0 0 0 0 0 0 0 0 0 0 0 0 0 0 0 0 0 0 0 0
0 0 0 0 0 0 0 0 0 0 0 0 0 0 0 0 0 0 0 0 0 0 0 0 0 0 0 0 0 0 0 0 0 0 0 0
##$SHL_EXPANDCF7= (0..143)
0 0 0 0 0 0 0 0 0 0 0 0 0 0 0 0 0 0 0 0 0 0 0 0 0 0 0 0 0 0 0 0 0 0 0 0
0 0 0 0 0 0 0 0 0 0 0 0 0 0 0 0 0 0 0 0 0 0 0 0 0 0 0 0 0 0 0 0 0 0 0 0
0 0 0 0 0 0 0 0 0 0 0 0 0 0 0 0 0 0 0 0 0 0 0 0 0 0 0 0 0 0 0 0 0 0 0 0
0 0 0 0 0 0 0 0 0 0 0 0 0 0 0 0 0 0 0 0 0 0 0 0 0 0 0 0 0 0 0 0 0 0 0 0
##$SHL_EXPANDCF8= (0..143)
0 0 0 0 0 0 0 0 0 0 0 0 0 0 0 0 0 0 0 0 0 0 0 0 0 0 0 0 0 0 0 0 0 0 0 0
0 0 0 0 0 0 0 0 0 0 0 0 0 0 0 0 0 0 0 0 0 0 0 0 0 0 0 0 0 0 0 0 0 0 0 0
0 0 0 0 0 0 0 0 0 0 0 0 0 0 0 0 0 0 0 0 0 0 0 0 0 0 0 0 0 0 0 0 0 0 0 0
0 0 0 0 0 0 0 0 0 0 0 0 0 0 0 0 0 0 0 0 0 0 0 0 0 0 0 0 0 0 0 0 0 0 0 0
##$SHL_EXPANDCF9= (0..143)
0 0 0 0 0 0 0 0 0 0 0 0 0 0 0 0 0 0 0 0 0 0 0 0 0 0 0 0 0 0 0 0 0 0 0 0
0 0 0 0 0 0 0 0 0 0 0 0 0 0 0 0 0 0 0 0 0 0 0 0 0 0 0 0 0 0 0 0 0 0 0 0
0 0 0 0 0 0 0 0 0 0 0 0 0 0 0 0 0 0 0 0 0 0 0 0 0 0 0 0 0 0 0 0 0 0 0 0
0 0 0 0 0 0 0 0 0 0 0 0 0 0 0 0 0 0 0 0 0 0 0 0 0 0 0 0 0 0 0 0 0 0 0 0
##$SHL_EXPFAC= (0..15)
0 0 0 0 0 0 0 0 0 0 0 0 0 0 0 0
##$SHL_FRACEND= (0..15)
0 0 0 0 0 0 0 0 0 0 0 0 0 0 0 0
##$SHL_FRACORG= (0..15)
0 0 0 0 0 0 0 0 0 0 0 0 0 0 0 0
##$SHL_FRACSTART= (0..15)
0 0 0 0 0 0 0 0 0 0 0 0 0 0 0 0
##$SHL_FULLHALF= (0..15)
0 0 0 0 0 0 0 0 0 0 0 0 0 0 0 0
##$SHL_FUNCAMP= (0..15)
100 0 0 0 0 0 0 0 0 0 0 0 0 0 0 0
##$SHL_FUNCTION= (0..15)
<Rectangle> <> <> <> <> <> <> <> <> <> <> <> <> <> <> <>
##$SHL_GCO= (0..15)
<> <> <> <> <> <> <> <> <> <> <> <> <> <> <> <>
##$SHL_GCOCOEFFS0= (0..59)
0 0 0 0 0 0 0 0 0 0 0 0 0 0 0 0 0 0 0 0 0 0 0 0 0 0 0 0 0 0 0 0 0 0 0 0
0 0 0 0 0 0 0 0 0 0 0 0 0 0 0 0 0 0 0 0 0 0 0 0
##$SHL_GCOCOEFFS1= (0..59)
0 0 0 0 0 0 0 0 0 0 0 0 0 0 0 0 0 0 0 0 0 0 0 0 0 0 0 0 0 0 0 0 0 0 0 0
0 0 0 0 0 0 0 0 0 0 0 0 0 0 0 0 0 0 0 0 0 0 0 0
##$SHL_GCOCOEFFS10= (0..59)
0 0 0 0 0 0 0 0 0 0 0 0 0 0 0 0 0 0 0 0 0 0 0 0 0 0 0 0 0 0 0 0 0 0 0 0
0 0 0 0 0 0 0 0 0 0 0 0 0 0 0 0 0 0 0 0 0 0 0 0
##$SHL_GCOCOEFFS11= (0..59)
0 0 0 0 0 0 0 0 0 0 0 0 0 0 0 0 0 0 0 0 0 0 0 0 0 0 0 0 0 0 0 0 0 0 0 0
0 0 0 0 0 0 0 0 0 0 0 0 0 0 0 0 0 0 0 0 0 0 0 0
##$SHL_GCOCOEFFS12= (0..59)
0 0 0 0 0 0 0 0 0 0 0 0 0 0 0 0 0 0 0 0 0 0 0 0 0 0 0 0 0 0 0 0 0 0 0 0
0 0 0 0 0 0 0 0 0 0 0 0 0 0 0 0 0 0 0 0 0 0 0 0
##$SHL_GCOCOEFFS13= (0..59)
0 0 0 0 0 0 0 0 0 0 0 0 0 0 0 0 0 0 0 0 0 0 0 0 0 0 0 0 0 0 0 0 0 0 0 0
0 0 0 0 0 0 0 0 0 0 0 0 0 0 0 0 0 0 0 0 0 0 0 0
##$SHL_GCOCOEFFS14= (0..59)
0 0 0 0 0 0 0 0 0 0 0 0 0 0 0 0 0 0 0 0 0 0 0 0 0 0 0 0 0 0 0 0 0 0 0 0
0 0 0 0 0 0 0 0 0 0 0 0 0 0 0 0 0 0 0 0 0 0 0 0
##$SHL_GCOCOEFFS15= (0..59)
0 0 0 0 0 0 0 0 0 0 0 0 0 0 0 0 0 0 0 0 0 0 0 0 0 0 0 0 0 0 0 0 0 0 0 0
0 0 0 0 0 0 0 0 0 0 0 0 0 0 0 0 0 0 0 0 0 0 0 0
##$SHL_GCOCOEFFS2= (0..59)
0 0 0 0 0 0 0 0 0 0 0 0 0 0 0 0 0 0 0 0 0 0 0 0 0 0 0 0 0 0 0 0 0 0 0 0
0 0 0 0 0 0 0 0 0 0 0 0 0 0 0 0 0 0 0 0 0 0 0 0
##$SHL_GCOCOEFFS3= (0..59)
0 0 0 0 0 0 0 0 0 0 0 0 0 0 0 0 0 0 0 0 0 0 0 0 0 0 0 0 0 0 0 0 0 0 0 0
0 0 0 0 0 0 0 0 0 0 0 0 0 0 0 0 0 0 0 0 0 0 0 0
##$SHL_GCOCOEFFS4= (0..59)
0 0 0 0 0 0 0 0 0 0 0 0 0 0 0 0 0 0 0 0 0 0 0 0 0 0 0 0 0 0 0 0 0 0 0 0
0 0 0 0 0 0 0 0 0 0 0 0 0 0 0 0 0 0 0 0 0 0 0 0
##$SHL_GCOCOEFFS5= (0..59)
0 0 0 0 0 0 0 0 0 0 0 0 0 0 0 0 0 0 0 0 0 0 0 0 0 0 0 0 0 0 0 0 0 0 0 0
0 0 0 0 0 0 0 0 0 0 0 0 0 0 0 0 0 0 0 0 0 0 0 0
##$SHL_GCOCOEFFS6= (0..59)
0 0 0 0 0 0 0 0 0 0 0 0 0 0 0 0 0 0 0 0 0 0 0 0 0 0 0 0 0 0 0 0 0 0 0 0
0 0 0 0 0 0 0 0 0 0 0 0 0 0 0 0 0 0 0 0 0 0 0 0
##$SHL_GCOCOEFFS7= (0..59)
0 0 0 0 0 0 0 0 0 0 0 0 0 0 0 0 0 0 0 0 0 0 0 0 0 0 0 0 0 0 0 0 0 0 0 0
0 0 0 0 0 0 0 0 0 0 0 0 0 0 0 0 0 0 0 0 0 0 0 0
##$SHL_GCOCOEFFS8= (0..59)
0 0 0 0 0 0 0 0 0 0 0 0 0 0 0 0 0 0 0 0 0 0 0 0 0 0 0 0 0 0 0 0 0 0 0 0
0 0 0 0 0 0 0 0 0 0 0 0 0 0 0 0 0 0 0 0 0 0 0 0
##$SHL_GCOCOEFFS9= (0..59)
0 0 0 0 0 0 0 0 0 0 0 0 0 0 0 0 0 0 0 0 0 0 0 0 0 0 0 0 0 0 0 0 0 0 0 0
0 0 0 0 0 0 0 0 0 0 0 0 0 0 0 0 0 0 0 0 0 0 0 0
##$SHL_INTEGFAC= (0..15)
1 0 0 0 0 0 0 0 0 0 0 0 0 0 0 0
##$SHL_LB= (0..15)
0 0 0 0 0 0 0 0 0 0 0 0 0 0 0 0
##$SHL_LEFTLIMIT= (0..15)
0 0 0 0 0 0 0 0 0 0 0 0 0 0 0 0
##$SHL_LENGTH= (0..15)
25000.000373 0 0 0 0 0 0 0 0 0 0 0 0 0 0 0
##$SHL_MAN= (0..15)
<> <> <> <> <> <> <> <> <> <> <> <> <> <> <> <>
##$SHL_MEANAMP= (0..15)
0 0 0 0 0 0 0 0 0 0 0 0 0 0 0 0
##$SHL_MODAMP= (0..15)
0 0 0 0 0 0 0 0 0 0 0 0 0 0 0 0
##$SHL_MODE= (0..15)
0 0 0 0 0 0 0 0 0 0 0 0 0 0 0 0
##$SHL_MODFREQ= (0..15)
0 0 0 0 0 0 0 0 0 0 0 0 0 0 0 0
##$SHL_MODPHASE= (0..15)
0 0 0 0 0 0 0 0 0 0 0 0 0 0 0 0
##$SHL_MODSCALE= (0..15)
0 0 0 0 0 0 0 0 0 0 0 0 0 0 0 0
##$SHL_MODSW= (0..15)
0 0 0 0 0 0 0 0 0 0 0 0 0 0 0 0
##$SHL_MODSWDIR= (0..15)
-1 -1 -1 -1 -1 -1 -1 -1 -1 -1 -1 -1 -1 -1 -1 -1
##$SHL_MU= (0..15)
0 0 0 0 0 0 0 0 0 0 0 0 0 0 0 0
##$SHL_NPOINTS= (0..15)
1250 0 0 0 0 0 0 0 0 0 0 0 0 0 0 0
##$SHL_OFFS= (0..15)
<> <> <> <> <> <> <> <> <> <> <> <> <> <> <> <>
##$SHL_OFFSCOEFF0= (0..95)
0 0 0 0 0 0 0 0 0 0 0 0 0 0 0 0 0 0 0 0 0 0 0 0 0 0 0 0 0 0 0 0 0 0 0 0
0 0 0 0 0 0 0 0 0 0 0 0 0 0 0 0 0 0 0 0 0 0 0 0 0 0 0 0 0 0 0 0 0 0 0 0
0 0 0 0 0 0 0 0 0 0 0 0 0 0 0 0 0 0 0 0 0 0 0 0
##$SHL_OFFSCOEFF1= (0..95)
0 0 0 0 0 0 0 0 0 0 0 0 0 0 0 0 0 0 0 0 0 0 0 0 0 0 0 0 0 0 0 0 0 0 0 0
0 0 0 0 0 0 0 0 0 0 0 0 0 0 0 0 0 0 0 0 0 0 0 0 0 0 0 0 0 0 0 0 0 0 0 0
0 0 0 0 0 0 0 0 0 0 0 0 0 0 0 0 0 0 0 0 0 0 0 0
##$SHL_OFFSCOEFF10= (0..95)
0 0 0 0 0 0 0 0 0 0 0 0 0 0 0 0 0 0 0 0 0 0 0 0 0 0 0 0 0 0 0 0 0 0 0 0
0 0 0 0 0 0 0 0 0 0 0 0 0 0 0 0 0 0 0 0 0 0 0 0 0 0 0 0 0 0 0 0 0 0 0 0
0 0 0 0 0 0 0 0 0 0 0 0 0 0 0 0 0 0 0 0 0 0 0 0
##$SHL_OFFSCOEFF11= (0..95)
0 0 0 0 0 0 0 0 0 0 0 0 0 0 0 0 0 0 0 0 0 0 0 0 0 0 0 0 0 0 0 0 0 0 0 0
0 0 0 0 0 0 0 0 0 0 0 0 0 0 0 0 0 0 0 0 0 0 0 0 0 0 0 0 0 0 0 0 0 0 0 0
0 0 0 0 0 0 0 0 0 0 0 0 0 0 0 0 0 0 0 0 0 0 0 0
##$SHL_OFFSCOEFF12= (0..95)
0 0 0 0 0 0 0 0 0 0 0 0 0 0 0 0 0 0 0 0 0 0 0 0 0 0 0 0 0 0 0 0 0 0 0 0
0 0 0 0 0 0 0 0 0 0 0 0 0 0 0 0 0 0 0 0 0 0 0 0 0 0 0 0 0 0 0 0 0 0 0 0
0 0 0 0 0 0 0 0 0 0 0 0 0 0 0 0 0 0 0 0 0 0 0 0
##$SHL_OFFSCOEFF13= (0..95)
0 0 0 0 0 0 0 0 0 0 0 0 0 0 0 0 0 0 0 0 0 0 0 0 0 0 0 0 0 0 0 0 0 0 0 0
0 0 0 0 0 0 0 0 0 0 0 0 0 0 0 0 0 0 0 0 0 0 0 0 0 0 0 0 0 0 0 0 0 0 0 0
0 0 0 0 0 0 0 0 0 0 0 0 0 0 0 0 0 0 0 0 0 0 0 0
##$SHL_OFFSCOEFF14= (0..95)
0 0 0 0 0 0 0 0 0 0 0 0 0 0 0 0 0 0 0 0 0 0 0 0 0 0 0 0 0 0 0 0 0 0 0 0
0 0 0 0 0 0 0 0 0 0 0 0 0 0 0 0 0 0 0 0 0 0 0 0 0 0 0 0 0 0 0 0 0 0 0 0
0 0 0 0 0 0 0 0 0 0 0 0 0 0 0 0 0 0 0 0 0 0 0 0
##$SHL_OFFSCOEFF15= (0..95)
0 0 0 0 0 0 0 0 0 0 0 0 0 0 0 0 0 0 0 0 0 0 0 0 0 0 0 0 0 0 0 0 0 0 0 0
0 0 0 0 0 0 0 0 0 0 0 0 0 0 0 0 0 0 0 0 0 0 0 0 0 0 0 0 0 0 0 0 0 0 0 0
0 0 0 0 0 0 0 0 0 0 0 0 0 0 0 0 0 0 0 0 0 0 0 0
##$SHL_OFFSCOEFF2= (0..95)
0 0 0 0 0 0 0 0 0 0 0 0 0 0 0 0 0 0 0 0 0 0 0 0 0 0 0 0 0 0 0 0 0 0 0 0
0 0 0 0 0 0 0 0 0 0 0 0 0 0 0 0 0 0 0 0 0 0 0 0 0 0 0 0 0 0 0 0 0 0 0 0
0 0 0 0 0 0 0 0 0 0 0 0 0 0 0 0 0 0 0 0 0 0 0 0
##$SHL_OFFSCOEFF3= (0..95)
0 0 0 0 0 0 0 0 0 0 0 0 0 0 0 0 0 0 0 0 0 0 0 0 0 0 0 0 0 0 0 0 0 0 0 0
0 0 0 0 0 0 0 0 0 0 0 0 0 0 0 0 0 0 0 0 0 0 0 0 0 0 0 0 0 0 0 0 0 0 0 0
0 0 0 0 0 0 0 0 0 0 0 0 0 0 0 0 0 0 0 0 0 0 0 0
##$SHL_OFFSCOEFF4= (0..95)
0 0 0 0 0 0 0 0 0 0 0 0 0 0 0 0 0 0 0 0 0 0 0 0 0 0 0 0 0 0 0 0 0 0 0 0
0 0 0 0 0 0 0 0 0 0 0 0 0 0 0 0 0 0 0 0 0 0 0 0 0 0 0 0 0 0 0 0 0 0 0 0
0 0 0 0 0 0 0 0 0 0 0 0 0 0 0 0 0 0 0 0 0 0 0 0
##$SHL_OFFSCOEFF5= (0..95)
0 0 0 0 0 0 0 0 0 0 0 0 0 0 0 0 0 0 0 0 0 0 0 0 0 0 0 0 0 0 0 0 0 0 0 0
0 0 0 0 0 0 0 0 0 0 0 0 0 0 0 0 0 0 0 0 0 0 0 0 0 0 0 0 0 0 0 0 0 0 0 0
0 0 0 0 0 0 0 0 0 0 0 0 0 0 0 0 0 0 0 0 0 0 0 0
##$SHL_OFFSCOEFF6= (0..95)
0 0 0 0 0 0 0 0 0 0 0 0 0 0 0 0 0 0 0 0 0 0 0 0 0 0 0 0 0 0 0 0 0 0 0 0
0 0 0 0 0 0 0 0 0 0 0 0 0 0 0 0 0 0 0 0 0 0 0 0 0 0 0 0 0 0 0 0 0 0 0 0
0 0 0 0 0 0 0 0 0 0 0 0 0 0 0 0 0 0 0 0 0 0 0 0
##$SHL_OFFSCOEFF7= (0..95)
0 0 0 0 0 0 0 0 0 0 0 0 0 0 0 0 0 0 0 0 0 0 0 0 0 0 0 0 0 0 0 0 0 0 0 0
0 0 0 0 0 0 0 0 0 0 0 0 0 0 0 0 0 0 0 0 0 0 0 0 0 0 0 0 0 0 0 0 0 0 0 0
0 0 0 0 0 0 0 0 0 0 0 0 0 0 0 0 0 0 0 0 0 0 0 0
##$SHL_OFFSCOEFF8= (0..95)
0 0 0 0 0 0 0 0 0 0 0 0 0 0 0 0 0 0 0 0 0 0 0 0 0 0 0 0 0 0 0 0 0 0 0 0
0 0 0 0 0 0 0 0 0 0 0 0 0 0 0 0 0 0 0 0 0 0 0 0 0 0 0 0 0 0 0 0 0 0 0 0
0 0 0 0 0 0 0 0 0 0 0 0 0 0 0 0 0 0 0 0 0 0 0 0
##$SHL_OFFSCOEFF9= (0..95)
0 0 0 0 0 0 0 0 0 0 0 0 0 0 0 0 0 0 0 0 0 0 0 0 0 0 0 0 0 0 0 0 0 0 0 0
0 0 0 0 0 0 0 0 0 0 0 0 0 0 0 0 0 0 0 0 0 0 0 0 0 0 0 0 0 0 0 0 0 0 0 0
0 0 0 0 0 0 0 0 0 0 0 0 0 0 0 0 0 0 0 0 0 0 0 0
##$SHL_PHASE= (0..15)
0 0 0 0 0 0 0 0 0 0 0 0 0 0 0 0
##$SHL_PHASEFAC= (0..15)
0 0 0 0 0 0 0 0 0 0 0 0 0 0 0 0
##$SHL_POWERINDEX= (0..15)
0 0 0 0 0 0 0 0 0 0 0 0 0 0 0 0
##$SHL_QUADCOEFF= (0..15)
0 0 0 0 0 0 0 0 0 0 0 0 0 0 0 0
##$SHL_RIGHTLIMIT= (0..15)
0 0 0 0 0 0 0 0 0 0 0 0 0 0 0 0
##$SHL_SCALEFACTOR= (0..15)
1 1 1 1 1 1 1 1 1 1 1 1 1 1 1 1
##$SHL_SF= (0..15)
<> <> <> <> <> <> <> <> <> <> <> <> <> <> <> <>
##$SHL_SFCOEFFS0= (0..200)
0 0 0 0 0 0 0 0 0 0 0 0 0 0 0 0 0 0 0 0 0 0 0 0 0 0 0 0 0 0 0 0 0 0 0 0
0 0 0 0 0 0 0 0 0 0 0 0 0 0 0 0 0 0 0 0 0 0 0 0 0 0 0 0 0 0 0 0 0 0 0 0
0 0 0 0 0 0 0 0 0 0 0 0 0 0 0 0 0 0 0 0 0 0 0 0 0 0 0 0 0 0 0 0 0 0 0 0
0 0 0 0 0 0 0 0 0 0 0 0 0 0 0 0 0 0 0 0 0 0 0 0 0 0 0 0 0 0 0 0 0 0 0 0
0 0 0 0 0 0 0 0 0 0 0 0 0 0 0 0 0 0 0 0 0 0 0 0 0 0 0 0 0 0 0 0 0 0 0 0
0 0 0 0 0 0 0 0 0 0 0 0 0 0 0 0 0 0 0 0 0
##$SHL_SFCOEFFS1= (0..200)
0 0 0 0 0 0 0 0 0 0 0 0 0 0 0 0 0 0 0 0 0 0 0 0 0 0 0 0 0 0 0 0 0 0 0 0
0 0 0 0 0 0 0 0 0 0 0 0 0 0 0 0 0 0 0 0 0 0 0 0 0 0 0 0 0 0 0 0 0 0 0 0
0 0 0 0 0 0 0 0 0 0 0 0 0 0 0 0 0 0 0 0 0 0 0 0 0 0 0 0 0 0 0 0 0 0 0 0
0 0 0 0 0 0 0 0 0 0 0 0 0 0 0 0 0 0 0 0 0 0 0 0 0 0 0 0 0 0 0 0 0 0 0 0
0 0 0 0 0 0 0 0 0 0 0 0 0 0 0 0 0 0 0 0 0 0 0 0 0 0 0 0 0 0 0 0 0 0 0 0
0 0 0 0 0 0 0 0 0 0 0 0 0 0 0 0 0 0 0 0 0
##$SHL_SFCOEFFS10= (0..200)
0 0 0 0 0 0 0 0 0 0 0 0 0 0 0 0 0 0 0 0 0 0 0 0 0 0 0 0 0 0 0 0 0 0 0 0
0 0 0 0 0 0 0 0 0 0 0 0 0 0 0 0 0 0 0 0 0 0 0 0 0 0 0 0 0 0 0 0 0 0 0 0
0 0 0 0 0 0 0 0 0 0 0 0 0 0 0 0 0 0 0 0 0 0 0 0 0 0 0 0 0 0 0 0 0 0 0 0
0 0 0 0 0 0 0 0 0 0 0 0 0 0 0 0 0 0 0 0 0 0 0 0 0 0 0 0 0 0 0 0 0 0 0 0
0 0 0 0 0 0 0 0 0 0 0 0 0 0 0 0 0 0 0 0 0 0 0 0 0 0 0 0 0 0 0 0 0 0 0 0
0 0 0 0 0 0 0 0 0 0 0 0 0 0 0 0 0 0 0 0 0
##$SHL_SFCOEFFS11= (0..200)
0 0 0 0 0 0 0 0 0 0 0 0 0 0 0 0 0 0 0 0 0 0 0 0 0 0 0 0 0 0 0 0 0 0 0 0
0 0 0 0 0 0 0 0 0 0 0 0 0 0 0 0 0 0 0 0 0 0 0 0 0 0 0 0 0 0 0 0 0 0 0 0
0 0 0 0 0 0 0 0 0 0 0 0 0 0 0 0 0 0 0 0 0 0 0 0 0 0 0 0 0 0 0 0 0 0 0 0
0 0 0 0 0 0 0 0 0 0 0 0 0 0 0 0 0 0 0 0 0 0 0 0 0 0 0 0 0 0 0 0 0 0 0 0
0 0 0 0 0 0 0 0 0 0 0 0 0 0 0 0 0 0 0 0 0 0 0 0 0 0 0 0 0 0 0 0 0 0 0 0
0 0 0 0 0 0 0 0 0 0 0 0 0 0 0 0 0 0 0 0 0
##$SHL_SFCOEFFS12= (0..200)
0 0 0 0 0 0 0 0 0 0 0 0 0 0 0 0 0 0 0 0 0 0 0 0 0 0 0 0 0 0 0 0 0 0 0 0
0 0 0 0 0 0 0 0 0 0 0 0 0 0 0 0 0 0 0 0 0 0 0 0 0 0 0 0 0 0 0 0 0 0 0 0
0 0 0 0 0 0 0 0 0 0 0 0 0 0 0 0 0 0 0 0 0 0 0 0 0 0 0 0 0 0 0 0 0 0 0 0
0 0 0 0 0 0 0 0 0 0 0 0 0 0 0 0 0 0 0 0 0 0 0 0 0 0 0 0 0 0 0 0 0 0 0 0
0 0 0 0 0 0 0 0 0 0 0 0 0 0 0 0 0 0 0 0 0 0 0 0 0 0 0 0 0 0 0 0 0 0 0 0
0 0 0 0 0 0 0 0 0 0 0 0 0 0 0 0 0 0 0 0 0
##$SHL_SFCOEFFS13= (0..200)
0 0 0 0 0 0 0 0 0 0 0 0 0 0 0 0 0 0 0 0 0 0 0 0 0 0 0 0 0 0 0 0 0 0 0 0
0 0 0 0 0 0 0 0 0 0 0 0 0 0 0 0 0 0 0 0 0 0 0 0 0 0 0 0 0 0 0 0 0 0 0 0
0 0 0 0 0 0 0 0 0 0 0 0 0 0 0 0 0 0 0 0 0 0 0 0 0 0 0 0 0 0 0 0 0 0 0 0
0 0 0 0 0 0 0 0 0 0 0 0 0 0 0 0 0 0 0 0 0 0 0 0 0 0 0 0 0 0 0 0 0 0 0 0
0 0 0 0 0 0 0 0 0 0 0 0 0 0 0 0 0 0 0 0 0 0 0 0 0 0 0 0 0 0 0 0 0 0 0 0
0 0 0 0 0 0 0 0 0 0 0 0 0 0 0 0 0 0 0 0 0
##$SHL_SFCOEFFS14= (0..200)
0 0 0 0 0 0 0 0 0 0 0 0 0 0 0 0 0 0 0 0 0 0 0 0 0 0 0 0 0 0 0 0 0 0 0 0
0 0 0 0 0 0 0 0 0 0 0 0 0 0 0 0 0 0 0 0 0 0 0 0 0 0 0 0 0 0 0 0 0 0 0 0
0 0 0 0 0 0 0 0 0 0 0 0 0 0 0 0 0 0 0 0 0 0 0 0 0 0 0 0 0 0 0 0 0 0 0 0
0 0 0 0 0 0 0 0 0 0 0 0 0 0 0 0 0 0 0 0 0 0 0 0 0 0 0 0 0 0 0 0 0 0 0 0
0 0 0 0 0 0 0 0 0 0 0 0 0 0 0 0 0 0 0 0 0 0 0 0 0 0 0 0 0 0 0 0 0 0 0 0
0 0 0 0 0 0 0 0 0 0 0 0 0 0 0 0 0 0 0 0 0
##$SHL_SFCOEFFS15= (0..200)
0 0 0 0 0 0 0 0 0 0 0 0 0 0 0 0 0 0 0 0 0 0 0 0 0 0 0 0 0 0 0 0 0 0 0 0
0 0 0 0 0 0 0 0 0 0 0 0 0 0 0 0 0 0 0 0 0 0 0 0 0 0 0 0 0 0 0 0 0 0 0 0
0 0 0 0 0 0 0 0 0 0 0 0 0 0 0 0 0 0 0 0 0 0 0 0 0 0 0 0 0 0 0 0 0 0 0 0
0 0 0 0 0 0 0 0 0 0 0 0 0 0 0 0 0 0 0 0 0 0 0 0 0 0 0 0 0 0 0 0 0 0 0 0
0 0 0 0 0 0 0 0 0 0 0 0 0 0 0 0 0 0 0 0 0 0 0 0 0 0 0 0 0 0 0 0 0 0 0 0
0 0 0 0 0 0 0 0 0 0 0 0 0 0 0 0 0 0 0 0 0
##$SHL_SFCOEFFS2= (0..200)
0 0 0 0 0 0 0 0 0 0 0 0 0 0 0 0 0 0 0 0 0 0 0 0 0 0 0 0 0 0 0 0 0 0 0 0
0 0 0 0 0 0 0 0 0 0 0 0 0 0 0 0 0 0 0 0 0 0 0 0 0 0 0 0 0 0 0 0 0 0 0 0
0 0 0 0 0 0 0 0 0 0 0 0 0 0 0 0 0 0 0 0 0 0 0 0 0 0 0 0 0 0 0 0 0 0 0 0
0 0 0 0 0 0 0 0 0 0 0 0 0 0 0 0 0 0 0 0 0 0 0 0 0 0 0 0 0 0 0 0 0 0 0 0
0 0 0 0 0 0 0 0 0 0 0 0 0 0 0 0 0 0 0 0 0 0 0 0 0 0 0 0 0 0 0 0 0 0 0 0
0 0 0 0 0 0 0 0 0 0 0 0 0 0 0 0 0 0 0 0 0
##$SHL_SFCOEFFS3= (0..200)
0 0 0 0 0 0 0 0 0 0 0 0 0 0 0 0 0 0 0 0 0 0 0 0 0 0 0 0 0 0 0 0 0 0 0 0
0 0 0 0 0 0 0 0 0 0 0 0 0 0 0 0 0 0 0 0 0 0 0 0 0 0 0 0 0 0 0 0 0 0 0 0
0 0 0 0 0 0 0 0 0 0 0 0 0 0 0 0 0 0 0 0 0 0 0 0 0 0 0 0 0 0 0 0 0 0 0 0
0 0 0 0 0 0 0 0 0 0 0 0 0 0 0 0 0 0 0 0 0 0 0 0 0 0 0 0 0 0 0 0 0 0 0 0
0 0 0 0 0 0 0 0 0 0 0 0 0 0 0 0 0 0 0 0 0 0 0 0 0 0 0 0 0 0 0 0 0 0 0 0
0 0 0 0 0 0 0 0 0 0 0 0 0 0 0 0 0 0 0 0 0
##$SHL_SFCOEFFS4= (0..200)
0 0 0 0 0 0 0 0 0 0 0 0 0 0 0 0 0 0 0 0 0 0 0 0 0 0 0 0 0 0 0 0 0 0 0 0
0 0 0 0 0 0 0 0 0 0 0 0 0 0 0 0 0 0 0 0 0 0 0 0 0 0 0 0 0 0 0 0 0 0 0 0
0 0 0 0 0 0 0 0 0 0 0 0 0 0 0 0 0 0 0 0 0 0 0 0 0 0 0 0 0 0 0 0 0 0 0 0
0 0 0 0 0 0 0 0 0 0 0 0 0 0 0 0 0 0 0 0 0 0 0 0 0 0 0 0 0 0 0 0 0 0 0 0
0 0 0 0 0 0 0 0 0 0 0 0 0 0 0 0 0 0 0 0 0 0 0 0 0 0 0 0 0 0 0 0 0 0 0 0
0 0 0 0 0 0 0 0 0 0 0 0 0 0 0 0 0 0 0 0 0
##$SHL_SFCOEFFS5= (0..200)
0 0 0 0 0 0 0 0 0 0 0 0 0 0 0 0 0 0 0 0 0 0 0 0 0 0 0 0 0 0 0 0 0 0 0 0
0 0 0 0 0 0 0 0 0 0 0 0 0 0 0 0 0 0 0 0 0 0 0 0 0 0 0 0 0 0 0 0 0 0 0 0
0 0 0 0 0 0 0 0 0 0 0 0 0 0 0 0 0 0 0 0 0 0 0 0 0 0 0 0 0 0 0 0 0 0 0 0
0 0 0 0 0 0 0 0 0 0 0 0 0 0 0 0 0 0 0 0 0 0 0 0 0 0 0 0 0 0 0 0 0 0 0 0
0 0 0 0 0 0 0 0 0 0 0 0 0 0 0 0 0 0 0 0 0 0 0 0 0 0 0 0 0 0 0 0 0 0 0 0
0 0 0 0 0 0 0 0 0 0 0 0 0 0 0 0 0 0 0 0 0
##$SHL_SFCOEFFS6= (0..200)
0 0 0 0 0 0 0 0 0 0 0 0 0 0 0 0 0 0 0 0 0 0 0 0 0 0 0 0 0 0 0 0 0 0 0 0
0 0 0 0 0 0 0 0 0 0 0 0 0 0 0 0 0 0 0 0 0 0 0 0 0 0 0 0 0 0 0 0 0 0 0 0
0 0 0 0 0 0 0 0 0 0 0 0 0 0 0 0 0 0 0 0 0 0 0 0 0 0 0 0 0 0 0 0 0 0 0 0
0 0 0 0 0 0 0 0 0 0 0 0 0 0 0 0 0 0 0 0 0 0 0 0 0 0 0 0 0 0 0 0 0 0 0 0
0 0 0 0 0 0 0 0 0 0 0 0 0 0 0 0 0 0 0 0 0 0 0 0 0 0 0 0 0 0 0 0 0 0 0 0
0 0 0 0 0 0 0 0 0 0 0 0 0 0 0 0 0 0 0 0 0
##$SHL_SFCOEFFS7= (0..200)
0 0 0 0 0 0 0 0 0 0 0 0 0 0 0 0 0 0 0 0 0 0 0 0 0 0 0 0 0 0 0 0 0 0 0 0
0 0 0 0 0 0 0 0 0 0 0 0 0 0 0 0 0 0 0 0 0 0 0 0 0 0 0 0 0 0 0 0 0 0 0 0
0 0 0 0 0 0 0 0 0 0 0 0 0 0 0 0 0 0 0 0 0 0 0 0 0 0 0 0 0 0 0 0 0 0 0 0
0 0 0 0 0 0 0 0 0 0 0 0 0 0 0 0 0 0 0 0 0 0 0 0 0 0 0 0 0 0 0 0 0 0 0 0
0 0 0 0 0 0 0 0 0 0 0 0 0 0 0 0 0 0 0 0 0 0 0 0 0 0 0 0 0 0 0 0 0 0 0 0
0 0 0 0 0 0 0 0 0 0 0 0 0 0 0 0 0 0 0 0 0
##$SHL_SFCOEFFS8= (0..200)
0 0 0 0 0 0 0 0 0 0 0 0 0 0 0 0 0 0 0 0 0 0 0 0 0 0 0 0 0 0 0 0 0 0 0 0
0 0 0 0 0 0 0 0 0 0 0 0 0 0 0 0 0 0 0 0 0 0 0 0 0 0 0 0 0 0 0 0 0 0 0 0
0 0 0 0 0 0 0 0 0 0 0 0 0 0 0 0 0 0 0 0 0 0 0 0 0 0 0 0 0 0 0 0 0 0 0 0
0 0 0 0 0 0 0 0 0 0 0 0 0 0 0 0 0 0 0 0 0 0 0 0 0 0 0 0 0 0 0 0 0 0 0 0
0 0 0 0 0 0 0 0 0 0 0 0 0 0 0 0 0 0 0 0 0 0 0 0 0 0 0 0 0 0 0 0 0 0 0 0
0 0 0 0 0 0 0 0 0 0 0 0 0 0 0 0 0 0 0 0 0
##$SHL_SFCOEFFS9= (0..200)
0 0 0 0 0 0 0 0 0 0 0 0 0 0 0 0 0 0 0 0 0 0 0 0 0 0 0 0 0 0 0 0 0 0 0 0
0 0 0 0 0 0 0 0 0 0 0 0 0 0 0 0 0 0 0 0 0 0 0 0 0 0 0 0 0 0 0 0 0 0 0 0
0 0 0 0 0 0 0 0 0 0 0 0 0 0 0 0 0 0 0 0 0 0 0 0 0 0 0 0 0 0 0 0 0 0 0 0
0 0 0 0 0 0 0 0 0 0 0 0 0 0 0 0 0 0 0 0 0 0 0 0 0 0 0 0 0 0 0 0 0 0 0 0
0 0 0 0 0 0 0 0 0 0 0 0 0 0 0 0 0 0 0 0 0 0 0 0 0 0 0 0 0 0 0 0 0 0 0 0
0 0 0 0 0 0 0 0 0 0 0 0 0 0 0 0 0 0 0 0 0
##$SHL_SMOOTHED= (0..15)
0 0 0 0 0 0 0 0 0 0 0 0 0 0 0 0
##$SHL_SMOOTHING= (0..15)
0 0 0 0 0 0 0 0 0 0 0 0 0 0 0 0
##$SHL_SPOAL= (0..15)
0 0 0 0 0 0 0 0 0 0 0 0 0 0 0 0
##$SHL_SPOFFS= (0..15)
0 0 0 0 0 0 0 0 0 0 0 0 0 0 0 0
##$SHL_SPOPH= (0..15)
0 0 0 0 0 0 0 0 0 0 0 0 0 0 0 0
##$SHL_STARTAMP= (0..15)
0 0 0 0 0 0 0 0 0 0 0 0 0 0 0 0
##$SHL_SW= (0..15)
0 0 0 0 0 0 0 0 0 0 0 0 0 0 0 0
##$SHL_SWDIR= (0..15)
-1 -1 -1 -1 -1 -1 -1 -1 -1 -1 -1 -1 -1 -1 -1 -1
##$SHL_TANKAPPA= (0..15)
0 0 0 0 0 0 0 0 0 0 0 0 0 0 0 0
##$SHL_TOTROT= (0..15)
90 0 0 0 0 0 0 0 0 0 0 0 0 0 0 0
##$SHL_TRUNCLEV= (0..15)
0 0 0 0 0 0 0 0 0 0 0 0 0 0 0 0
##$SHL_TYPE= (0..15)
<Excitation> <> <> <> <> <> <> <> <> <> <> <> <> <> <> <>
##$SHL_WINDOWSIZE= (0..15)
0 0 0 0 0 0 0 0 0 0 0 0 0 0 0 0
##$SHL_ZETA= (0..15)
0 0 0 0 0 0 0 0 0 0 0 0 0 0 0 0
##NPOINTS= 1250
##XYPOINTS= (XY..XY)
72.799453, 63.928093
72.338230, 65.561206
71.874147, 67.194415
71.407241, 68.827723
70.937544, 70.461133
70.465091, 72.094645
69.989916, 73.728263
69.512056, 75.361989
69.031544, 76.995824
68.548416, 78.629772
68.062707, 80.263834
67.574454, 81.898015
67.083691, 83.532315
66.590455, 85.166738
66.094782, 86.801286
65.596708, 88.435964
65.096271, 90.070773
64.593505, 91.705716
64.088450, 93.340798
63.581140, 94.976021
63.071615, 96.611390
62.559910, 98.246907
62.046064, 99.882576
61.530115, 101.518401
61.012100, 103.154387
60.492056, 104.790537
59.970024, 106.426856
59.446040, 108.063348
58.920143, 109.700018
58.392371, 111.336871
57.862765, 112.973912
57.331361, 114.611146
56.798200, 116.248578
56.263320, 117.886215
55.726761, 119.524062
55.188561, 121.162125
54.648762, 122.800410
54.107401, 124.438925
53.564520, 126.077676
53.020157, 127.716671
52.474353, 129.355916
51.927148, 130.995420
51.378582, 132.635191
50.828695, 134.275238
50.277528, 135.915568
49.725121, 137.556193
49.171515, 139.197120
48.616750, 140.838362
48.060867, 142.479927
47.503908, 144.121828
46.945912, 145.764076
46.386921, 147.406683
45.826976, 149.049662
45.266119, 150.693027
44.704389, 152.336791
44.141830, 153.980969
43.578481, 155.625578
43.014385, 157.270633
42.449584, 158.916151
41.884117, 160.562152
41.318028, 162.208653
40.751358, 163.855674
40.184148, 165.503238
39.616441, 167.151367
39.048277, 168.800083
38.479700, 170.449413
37.910751, 172.099383
37.341471, 173.750020
36.771904, 175.401354
36.202090, 177.053418
35.632073, 178.706244
35.061893, 180.359867
34.491593, 182.014326
33.921216, 183.669661
33.350803, 185.325914
32.780397, 186.983132
32.210040, 188.641362
31.639774, 190.300658
31.069641, 191.961074
30.499684, 193.622671
29.929946, 195.285512
29.360467, 196.949667
28.791292, 198.615209
28.222461, 200.282218
27.654018, 201.950779
27.086006, 203.620985
26.518466, 205.292937
25.951441, 206.966743
25.384973, 208.642521
24.819106, 210.320397
24.253882, 212.000512
23.689344, 213.683017
23.125534, 215.368078
22.562495, 217.055876
22.000270, 218.746610
21.438903, 220.440498
20.878437, 222.137782
20.318914, 223.838728
19.760379, 225.543630
19.202874, 227.252816
18.646445, 228.966649
18.091135, 230.685535
17.536989, 232.409931
16.984052, 234.140348
16.432369, 235.877362
15.881985, 237.621627
15.332949, 239.373884
14.785307, 241.134980
14.239107, 242.905885
13.694398, 244.687716
13.151233, 246.481767
12.609663, 248.289541
12.069742, 250.112802
11.531528, 251.953627
10.995081, 253.814479
10.460465, 255.698305
9.927749, 257.608657
9.397009, 259.549856
8.868328, 261.527210
8.341800, 263.547316
7.817534, 265.618466
7.295659, 267.751233
6.776327, 269.959305
6.259730, 272.260707
5.746111, 274.679658
5.235791, 277.249432
4.729210, 280.016969
4.226991, 283.050529
3.730066, 286.453005
3.239890, 290.386213
2.758890, 295.117671
2.291411, 301.115936
1.845928, 309.253229
1.440590, 321.220300
1.116767, 340.020376
0.957077, 7.895794
1.036637, 37.823999
1.309867, 59.613867
1.682861, 73.436968
2.101414, 82.592020
2.541638, 89.169657
2.992707, 94.252533
3.449242, 98.411895
3.908323, 101.967363
4.368237, 105.108771
4.827913, 107.954964
5.286645, 110.583753
5.743944, 113.048048
6.199460, 115.385004
6.652932, 117.621438
7.104157, 119.777173
7.552976, 121.867166
7.999258, 123.902907
8.442895, 125.893366
8.883796, 127.845645
9.321878, 129.765440
9.757072, 131.657369
10.189313, 133.525217
10.618544, 135.372115
11.044711, 137.200673
11.467763, 139.013088
11.887656, 140.811218
12.304344, 142.596648
12.717785, 144.370735
13.127940, 146.134651
13.534769, 147.889412
13.938235, 149.635904
14.338303, 151.374899
14.734937, 153.107079
15.128103, 154.833044
15.517768, 156.553327
15.903899, 158.268399
16.286464, 159.978683
16.665432, 161.684556
17.040772, 163.386357
17.412455, 165.084390
17.780451, 166.778930
18.144730, 168.470226
18.505264, 170.158504
18.862025, 171.843968
19.214985, 173.526806
19.564117, 175.207187
19.909393, 176.885269
20.250788, 178.561193
20.588275, 180.235091
20.921829, 181.907084
21.251423, 183.577283
21.577034, 185.245790
21.898635, 186.912701
22.216204, 188.578103
22.529716, 190.242078
22.839147, 191.904700
23.144474, 193.566041
23.445674, 195.226166
23.742724, 196.885136
24.035603, 198.543006
24.324288, 200.199831
24.608758, 201.855661
24.888992, 203.510540
25.164967, 205.164514
25.436665, 206.817622
25.704065, 208.469903
25.967146, 210.121393
26.225890, 211.772126
26.480276, 213.422133
26.730286, 215.071445
26.975902, 216.720090
27.217106, 218.368094
27.453878, 220.015483
27.686203, 221.662280
27.914061, 223.308508
28.137438, 224.954189
28.356315, 226.599342
28.570678, 228.243986
28.780509, 229.888140
28.985794, 231.531820
29.186517, 233.175043
29.382664, 234.817825
29.574220, 236.460179
29.761170, 238.102121
29.943501, 239.743662
30.121200, 241.384816
30.294252, 243.025595
30.462647, 244.666010
30.626370, 246.306071
30.785411, 247.945790
30.939756, 249.585176
31.089396, 251.224238
31.234318, 252.862985
31.374512, 254.501426
31.509968, 256.139569
31.640676, 257.777421
31.766626, 259.414990
31.887808, 261.052283
32.004214, 262.689306
32.115836, 264.326067
32.222664, 265.962570
32.324692, 267.598822
32.421911, 269.234828
32.514314, 270.870593
32.601895, 272.506123
32.684647, 274.141421
32.762564, 275.776494
32.835640, 277.411344
32.903870, 279.045976
32.967248, 280.680394
33.025771, 282.314601
33.079434, 283.948601
33.128232, 285.582397
33.172162, 287.215992
33.211221, 288.849389
33.245406, 290.482591
33.274715, 292.115600
33.299145, 293.748419
33.318695, 295.381050
33.333362, 297.013495
33.343146, 298.645756
33.348047, 300.277834
33.348063, 301.909732
33.343195, 303.541450
33.333443, 305.172990
33.318808, 306.804354
33.299290, 308.435542
33.274892, 310.066556
33.245615, 311.697395
33.211461, 313.328061
33.172432, 314.958554
33.128532, 316.588874
33.079764, 318.219022
33.026131, 319.848998
32.967636, 321.478801
32.904286, 323.108432
32.836083, 324.737890
32.763034, 326.367175
32.685142, 327.996285
32.602415, 329.625221
32.514858, 331.253981
32.422478, 332.882564
32.325280, 334.510969
32.223274, 336.139195
32.116465, 337.767239
32.004861, 339.395101
31.888472, 341.022778
31.767305, 342.650268
31.641369, 344.277569
31.510674, 345.904678
31.375229, 347.531593
31.235044, 349.158311
31.090130, 350.784828
30.940496, 352.411142
30.786154, 354.037248
30.627115, 355.663144
30.463392, 357.288824
30.294995, 358.914285
30.121937, 0.539522
29.944231, 2.164530
29.761891, 3.789304
29.574928, 5.413838
29.383358, 7.038127
29.187194, 8.662163
28.986451, 10.285942
28.781142, 11.909454
28.571284, 13.532694
28.356892, 15.155652
28.137981, 16.778322
27.914568, 18.400692
27.686669, 20.022756
27.454301, 21.644501
27.217480, 23.265918
26.976224, 24.886994
26.730552, 26.507719
26.480480, 28.128080
26.226028, 29.748061
25.967213, 31.367650
25.704056, 32.986831
25.436575, 34.605587
25.164791, 36.223901
24.888722, 37.841754
24.608390, 39.459126
24.323815, 41.075995
24.035017, 42.692340
23.742019, 44.308135
23.444842, 45.923355
23.143508, 47.537971
22.838038, 49.151953
22.528456, 50.765269
22.214784, 52.377885
21.897046, 53.989762
21.575264, 55.600861
21.249463, 57.211137
20.919667, 58.820544
20.585900, 60.429031
20.248186, 62.036542
19.906552, 63.643017
19.561021, 65.248390
19.211620, 66.852591
18.858375, 68.455541
18.501312, 70.057156
18.140457, 71.657341
17.775837, 73.255995
17.407480, 74.853004
17.035413, 76.448245
16.659664, 78.041578
16.280261, 79.632853
15.897232, 81.221898
15.510607, 82.808525
15.120415, 84.392523
14.726685, 85.973653
14.329447, 87.551649
13.928731, 89.126209
13.524569, 90.696990
13.116992, 92.263604
12.706031, 93.825604
12.291719, 95.382480
11.874088, 96.933640
11.453173, 98.478398
11.029006, 100.015954
10.601624, 101.545369
10.171062, 103.065531
9.737357, 104.575114
9.300548, 106.072531
8.860674, 107.555854
8.417779, 109.022729
7.971906, 110.470243
7.523104, 111.894755
7.071424, 113.291650
6.616925, 114.654987
6.159672, 115.976996
5.699743, 117.247309
5.237230, 118.451782
4.772250, 119.570610
4.304958, 120.575192
3.835567, 121.422663
3.364396, 122.045810
2.891950, 122.333097
2.419109, 122.085512
1.947584, 120.912123
1.481230, 117.936674
1.030806, 110.795627
0.637277, 91.557028
0.481782, 43.192038
0.740148, 3.309304
1.166366, 348.970842
1.636138, 343.417116
2.122354, 341.087670
2.617166, 340.231972
3.117559, 340.162206
3.622132, 340.558500
4.130136, 341.253071
4.641128, 342.149768
5.154823, 343.189638
5.671022, 344.334569
6.189582, 345.558845
6.710387, 346.844496
7.233346, 348.178588
7.758380, 349.551578
8.285422, 350.956272
8.814409, 352.387144
9.345284, 353.839882
9.877994, 355.311067
10.412489, 356.797961
10.948720, 358.298338
11.486640, 359.810376
12.026204, 1.332565
12.567367, 2.863645
13.110084, 4.402556
13.654312, 5.948399
14.200009, 7.500410
14.747130, 9.057929
15.295635, 10.620391
15.845479, 12.187302
16.396622, 13.758234
16.949022, 15.332811
17.502636, 16.910703
18.057423, 18.491617
18.613341, 20.075296
19.170348, 21.661509
19.728402, 23.250051
20.287463, 24.840738
20.847488, 26.433406
21.408436, 28.027905
21.970264, 29.624102
22.532932, 31.221876
23.096397, 32.821115
23.660618, 34.421721
24.225553, 36.023601
24.791161, 37.626673
25.357399, 39.230861
25.924226, 40.836093
26.491600, 42.442306
27.059478, 44.049441
27.627821, 45.657444
28.196584, 47.266263
28.765728, 48.875853
29.335208, 50.486171
29.904985, 52.097176
30.475015, 53.708831
31.045258, 55.321102
31.615670, 56.933957
32.186210, 58.547365
32.756837, 60.161300
33.327507, 61.775734
33.898180, 63.390644
34.468814, 65.006005
35.039365, 66.621798
35.609793, 68.238002
36.180056, 69.854597
36.750112, 71.471566
37.319919, 73.088893
37.889434, 74.706561
38.458618, 76.324556
39.027426, 77.942864
39.595819, 79.561471
40.163753, 81.180365
40.731188, 82.799533
41.298082, 84.418966
41.864393, 86.038652
42.430079, 87.658581
42.995100, 89.278743
43.559414, 90.899130
44.122978, 92.519733
44.685753, 94.140543
45.247697, 95.761554
45.808768, 97.382757
46.368925, 99.004145
46.928128, 100.625712
47.486335, 102.247451
48.043505, 103.869356
48.599598, 105.491422
49.154572, 107.113642
49.708387, 108.736012
50.261003, 110.358526
50.812379, 111.981180
51.362474, 113.603968
51.911248, 115.226887
52.458662, 116.849932
53.004674, 118.473099
53.549244, 120.096384
54.092334, 121.719783
54.633902, 123.343292
55.173910, 124.966909
55.712317, 126.590630
56.249085, 128.214452
56.784173, 129.838371
57.317543, 131.462385
57.849156, 133.086491
58.378972, 134.710685
58.906953, 136.334967
59.433060, 137.959332
59.957255, 139.583778
60.479499, 141.208304
60.999753, 142.832907
61.517980, 144.457584
62.034141, 146.082334
62.548200, 147.707154
63.060117, 149.332043
63.569857, 150.956999
64.077380, 152.582019
64.582650, 154.207103
65.085631, 155.832248
65.586284, 157.457453
66.084574, 159.082716
66.580464, 160.708035
67.073918, 162.333410
67.564899, 163.958838
68.053371, 165.584318
68.539299, 167.209850
69.022647, 168.835431
69.503380, 170.461060
69.981461, 172.086737
70.456858, 173.712459
70.929533, 175.338226
71.399454, 176.964037
71.866584, 178.589890
72.330891, 180.215785
72.792340, 181.841720
73.250898, 183.467695
73.706530, 185.093708
74.159203, 186.719759
74.608884, 188.345846
75.055541, 189.971969
75.499139, 191.598128
75.939648, 193.224320
76.377035, 194.850545
76.811267, 196.476803
77.242312, 198.103093
77.670140, 199.729413
78.094719, 201.355764
78.516017, 202.982144
78.934004, 204.608553
79.348649, 206.234990
79.759922, 207.861455
80.167793, 209.487947
80.572231, 211.114465
80.973207, 212.741008
81.370692, 214.367577
81.764657, 215.994169
82.155072, 217.620786
82.541910, 219.247427
82.925141, 220.874090
83.304738, 222.500775
83.680672, 224.127482
84.052917, 225.754210
84.421445, 227.380960
84.786229, 229.007729
85.147242, 230.634519
85.504458, 232.261327
85.857850, 233.888155
86.207394, 235.515002
86.553062, 237.141866
86.894830, 238.768748
87.232673, 240.395648
87.566565, 242.022564
87.896484, 243.649497
88.222403, 245.276446
88.544300, 246.903411
88.862151, 248.530391
89.175932, 250.157386
89.485621, 251.784396
89.791195, 253.411420
90.092631, 255.038459
90.389907, 256.665510
90.683002, 258.292576
90.971894, 259.919654
91.256562, 261.546745
91.536986, 263.173849
91.813143, 264.800965
92.085015, 266.428092
92.352581, 268.055231
92.615822, 269.682382
92.874718, 271.309543
93.129251, 272.936715
93.379402, 274.563898
93.625152, 276.191090
93.866484, 277.818293
94.103379, 279.445505
94.335821, 281.072727
94.563792, 282.699958
94.787276, 284.327198
95.006256, 285.954447
95.220716, 287.581704
95.430641, 289.208969
95.636015, 290.836242
95.836823, 292.463523
96.033051, 294.090812
96.224683, 295.718108
96.411707, 297.345411
96.594108, 298.972721
96.771872, 300.600037
96.944988, 302.227360
97.113441, 303.854690
97.277221, 305.482025
97.436314, 307.109367
97.590709, 308.736714
97.740396, 310.364066
97.885362, 311.991424
98.025597, 313.618787
98.161092, 315.246155
98.291835, 316.873527
98.417818, 318.500904
98.539031, 320.128285
98.655466, 321.755671
98.767113, 323.383060
98.873965, 325.010454
98.976013, 326.637851
99.073252, 328.265251
99.165672, 329.892655
99.253267, 331.520061
99.336032, 333.147471
99.413960, 334.774883
99.487044, 336.402298
99.555281, 338.029715
99.618665, 339.657135
99.677190, 341.284557
99.730854, 342.911980
99.779652, 344.539405
99.823580, 346.166832
99.862635, 347.794260
99.896815, 349.421690
99.926117, 351.049120
99.950538, 352.676552
99.970077, 354.303984
99.984733, 355.931417
99.994504, 357.558850
99.999389, 359.186283
99.999389, 0.813717
99.994504, 2.441150
99.984733, 4.068583
99.970077, 5.696016
99.950538, 7.323448
99.926117, 8.950880
99.896815, 10.578310
99.862635, 12.205740
99.823580, 13.833168
99.779652, 15.460595
99.730854, 17.088020
99.677190, 18.715443
99.618665, 20.342865
99.555281, 21.970285
99.487044, 23.597702
99.413960, 25.225117
99.336032, 26.852529
99.253267, 28.479939
99.165672, 30.107345
99.073252, 31.734749
98.976013, 33.362149
98.873965, 34.989546
98.767113, 36.616940
98.655466, 38.244329
98.539031, 39.871715
98.417818, 41.499096
98.291835, 43.126473
98.161092, 44.753845
98.025597, 46.381213
97.885362, 48.008576
97.740396, 49.635934
97.590709, 51.263286
97.436314, 52.890633
97.277221, 54.517975
97.113441, 56.145310
96.944988, 57.772640
96.771872, 59.399963
96.594108, 61.027279
96.411707, 62.654589
96.224683, 64.281892
96.033051, 65.909188
95.836823, 67.536477
95.636015, 69.163758
95.430641, 70.791031
95.220716, 72.418296
95.006256, 74.045553
94.787276, 75.672802
94.563792, 77.300042
94.335821, 78.927273
94.103379, 80.554495
93.866484, 82.181707
93.625152, 83.808910
93.379402, 85.436102
93.129251, 87.063285
92.874718, 88.690457
92.615822, 90.317618
92.352581, 91.944769
92.085015, 93.571908
91.813143, 95.199035
91.536986, 96.826151
91.256562, 98.453255
90.971894, 100.080346
90.683002, 101.707424
90.389907, 103.334490
90.092631, 104.961541
89.791195, 106.588580
89.485621, 108.215604
89.175932, 109.842614
88.862151, 111.469609
88.544300, 113.096589
88.222403, 114.723554
87.896484, 116.350503
87.566565, 117.977436
87.232673, 119.604352
86.894830, 121.231252
86.553062, 122.858134
86.207394, 124.484998
85.857850, 126.111845
85.504458, 127.738673
85.147242, 129.365481
84.786229, 130.992271
84.421445, 132.619040
84.052917, 134.245790
83.680672, 135.872518
83.304738, 137.499225
82.925141, 139.125910
82.541910, 140.752573
82.155072, 142.379214
81.764657, 144.005831
81.370692, 145.632423
80.973207, 147.258992
80.572231, 148.885535
80.167793, 150.512053
79.759922, 152.138545
79.348649, 153.765010
78.934004, 155.391447
78.516017, 157.017856
78.094719, 158.644236
77.670140, 160.270587
77.242312, 161.896907
76.811267, 163.523197
76.377035, 165.149455
75.939648, 166.775680
75.499139, 168.401872
75.055541, 170.028031
74.608884, 171.654154
74.159203, 173.280241
73.706530, 174.906292
73.250898, 176.532305
72.792340, 178.158280
72.330891, 179.784215
71.866584, 181.410110
71.399454, 183.035963
70.929533, 184.661774
70.456858, 186.287541
69.981461, 187.913263
69.503380, 189.538940
69.022647, 191.164569
68.539299, 192.790150
68.053371, 194.415682
67.564899, 196.041162
67.073918, 197.666590
66.580464, 199.291965
66.084574, 200.917284
65.586284, 202.542547
65.085631, 204.167752
64.582650, 205.792897
64.077380, 207.417981
63.569857, 209.043001
63.060117, 210.667957
62.548200, 212.292846
62.034141, 213.917666
61.517980, 215.542416
60.999753, 217.167093
60.479499, 218.791696
59.957255, 220.416222
59.433060, 222.040668
58.906953, 223.665033
58.378972, 225.289315
57.849156, 226.913509
57.317543, 228.537615
56.784173, 230.161629
56.249085, 231.785548
55.712317, 233.409370
55.173910, 235.033091
54.633902, 236.656708
54.092334, 238.280217
53.549244, 239.903616
53.004674, 241.526901
52.458662, 243.150068
51.911248, 244.773113
51.362474, 246.396032
50.812379, 248.018820
50.261003, 249.641474
49.708387, 251.263988
49.154572, 252.886358
48.599598, 254.508578
48.043505, 256.130644
47.486335, 257.752549
46.928128, 259.374288
46.368925, 260.995855
45.808768, 262.617243
45.247697, 264.238446
44.685753, 265.859457
44.122978, 267.480267
43.559414, 269.100870
42.995100, 270.721257
42.430079, 272.341419
41.864393, 273.961348
41.298082, 275.581034
40.731188, 277.200467
40.163753, 278.819635
39.595819, 280.438529
39.027426, 282.057136
38.458618, 283.675444
37.889434, 285.293439
37.319919, 286.911107
36.750112, 288.528434
36.180056, 290.145403
35.609793, 291.761998
35.039365, 293.378202
34.468814, 294.993995
33.898180, 296.609356
33.327507, 298.224266
32.756837, 299.838700
32.186210, 301.452635
31.615670, 303.066043
31.045258, 304.678898
30.475015, 306.291169
29.904985, 307.902824
29.335208, 309.513829
28.765728, 311.124147
28.196584, 312.733737
27.627821, 314.342556
27.059478, 315.950559
26.491600, 317.557694
25.924226, 319.163907
25.357399, 320.769139
24.791161, 322.373327
24.225553, 323.976399
23.660618, 325.578279
23.096397, 327.178885
22.532932, 328.778124
21.970264, 330.375898
21.408436, 331.972095
20.847488, 333.566594
20.287463, 335.159262
19.728402, 336.749949
19.170348, 338.338491
18.613341, 339.924704
18.057423, 341.508383
17.502636, 343.089297
16.949022, 344.667189
16.396622, 346.241766
15.845479, 347.812698
15.295635, 349.379609
14.747130, 350.942071
14.200009, 352.499590
13.654312, 354.051601
13.110084, 355.597444
12.567367, 357.136355
12.026204, 358.667435
11.486640, 0.189624
10.948720, 1.701662
10.412489, 3.202039
9.877994, 4.688933
9.345284, 6.160118
8.814409, 7.612856
8.285422, 9.043728
7.758380, 10.448422
7.233346, 11.821412
6.710387, 13.155504
6.189582, 14.441155
5.671022, 15.665431
5.154823, 16.810362
4.641128, 17.850232
4.130136, 18.746929
3.622132, 19.441500
3.117559, 19.837794
2.617166, 19.768028
2.122354, 18.912330
1.636138, 16.582884
1.166366, 11.029158
0.740148, 356.690696
0.481782, 316.807962
0.637277, 268.442972
1.030806, 249.204373
1.481230, 242.063326
1.947584, 239.087877
2.419109, 237.914488
2.891950, 237.666903
3.364396, 237.954190
3.835567, 238.577337
4.304958, 239.424808
4.772250, 240.429390
5.237230, 241.548218
5.699743, 242.752691
6.159672, 244.023004
6.616925, 245.345013
7.071424, 246.708350
7.523104, 248.105245
7.971906, 249.529757
8.417779, 250.977271
8.860674, 252.444146
9.300548, 253.927469
9.737357, 255.424886
10.171062, 256.934469
10.601624, 258.454631
11.029006, 259.984046
11.453173, 261.521602
11.874088, 263.066360
12.291719, 264.617520
12.706031, 266.174396
13.116992, 267.736396
13.524569, 269.303010
13.928731, 270.873791
14.329447, 272.448351
14.726685, 274.026347
15.120415, 275.607477
15.510607, 277.191475
15.897232, 278.778102
16.280261, 280.367147
16.659664, 281.958422
17.035413, 283.551755
17.407480, 285.146996
17.775837, 286.744005
18.140457, 288.342659
18.501312, 289.942844
18.858375, 291.544459
19.211620, 293.147409
19.561021, 294.751610
19.906552, 296.356983
20.248186, 297.963458
20.585900, 299.570969
20.919667, 301.179456
21.249463, 302.788863
21.575264, 304.399139
21.897046, 306.010238
22.214784, 307.622115
22.528456, 309.234731
22.838038, 310.848047
23.143508, 312.462029
23.444842, 314.076645
23.742019, 315.691865
24.035017, 317.307660
24.323815, 318.924005
24.608390, 320.540874
24.888722, 322.158246
25.164791, 323.776099
25.436575, 325.394413
25.704056, 327.013169
25.967213, 328.632350
26.226028, 330.251939
26.480480, 331.871920
26.730552, 333.492281
26.976224, 335.113006
27.217480, 336.734082
27.454301, 338.355499
27.686669, 339.977244
27.914568, 341.599308
28.137981, 343.221678
28.356892, 344.844348
28.571284, 346.467306
28.781142, 348.090546
28.986451, 349.714058
29.187194, 351.337837
29.383358, 352.961873
29.574928, 354.586162
29.761891, 356.210696
29.944231, 357.835470
30.121937, 359.460478
30.294995, 1.085715
30.463392, 2.711176
30.627115, 4.336856
30.786154, 5.962752
30.940496, 7.588858
31.090130, 9.215172
31.235044, 10.841689
31.375229, 12.468407
31.510674, 14.095322
31.641369, 15.722431
31.767305, 17.349732
31.888472, 18.977222
32.004861, 20.604899
32.116465, 22.232761
32.223274, 23.860805
32.325280, 25.489031
32.422478, 27.117436
32.514858, 28.746019
32.602415, 30.374779
32.685142, 32.003715
32.763034, 33.632825
32.836083, 35.262110
32.904286, 36.891568
32.967636, 38.521199
33.026131, 40.151002
33.079764, 41.780978
33.128532, 43.411126
33.172432, 45.041446
33.211461, 46.671939
33.245615, 48.302605
33.274892, 49.933444
33.299290, 51.564458
33.318808, 53.195646
33.333443, 54.827010
33.343195, 56.458550
33.348063, 58.090268
33.348047, 59.722166
33.343146, 61.354244
33.333362, 62.986505
33.318695, 64.618950
33.299145, 66.251581
33.274715, 67.884400
33.245406, 69.517409
33.211221, 71.150611
33.172162, 72.784008
33.128232, 74.417603
33.079434, 76.051399
33.025771, 77.685399
32.967248, 79.319606
32.903870, 80.954024
32.835640, 82.588656
32.762564, 84.223506
32.684647, 85.858579
32.601895, 87.493877
32.514314, 89.129407
32.421911, 90.765172
32.324692, 92.401178
32.222664, 94.037430
32.115836, 95.673933
32.004214, 97.310694
31.887808, 98.947717
31.766626, 100.585010
31.640676, 102.222579
31.509968, 103.860431
31.374512, 105.498574
31.234318, 107.137015
31.089396, 108.775762
30.939756, 110.414824
30.785411, 112.054210
30.626370, 113.693929
30.462647, 115.333990
30.294252, 116.974405
30.121200, 118.615184
29.943501, 120.256338
29.761170, 121.897879
29.574220, 123.539821
29.382664, 125.182175
29.186517, 126.824957
28.985794, 128.468180
28.780509, 130.111860
28.570678, 131.756014
28.356315, 133.400658
28.137438, 135.045811
27.914061, 136.691492
27.686203, 138.337720
27.453878, 139.984517
27.217106, 141.631906
26.975902, 143.279910
26.730286, 144.928555
26.480276, 146.577867
26.225890, 148.227874
25.967146, 149.878607
25.704065, 151.530097
25.436665, 153.182378
25.164967, 154.835486
24.888992, 156.489460
24.608758, 158.144339
24.324288, 159.800169
24.035603, 161.456994
23.742724, 163.114864
23.445674, 164.773834
23.144474, 166.433959
22.839147, 168.095300
22.529716, 169.757922
22.216204, 171.421897
21.898635, 173.087299
21.577034, 174.754210
21.251423, 176.422717
20.921829, 178.092916
20.588275, 179.764909
20.250788, 181.438807
19.909393, 183.114731
19.564117, 184.792813
19.214985, 186.473194
18.862025, 188.156032
18.505264, 189.841496
18.144730, 191.529774
17.780451, 193.221070
17.412455, 194.915610
17.040772, 196.613643
16.665432, 198.315444
16.286464, 200.021317
15.903899, 201.731601
15.517768, 203.446673
15.128103, 205.166956
14.734937, 206.892921
14.338303, 208.625101
13.938235, 210.364096
13.534769, 212.110588
13.127940, 213.865349
12.717785, 215.629265
12.304344, 217.403352
11.887656, 219.188782
11.467763, 220.986912
11.044711, 222.799327
10.618544, 224.627885
10.189313, 226.474783
9.757072, 228.342631
9.321878, 230.234560
8.883796, 232.154355
8.442895, 234.106634
7.999258, 236.097093
7.552976, 238.132834
7.104157, 240.222827
6.652932, 242.378562
6.199460, 244.614996
5.743944, 246.951952
5.286645, 249.416247
4.827913, 252.045036
4.368237, 254.891229
3.908323, 258.032637
3.449242, 261.588105
2.992707, 265.747467
2.541638, 270.830343
2.101414, 277.407980
1.682861, 286.563032
1.309867, 300.386133
1.036637, 322.176001
0.957077, 352.104206
1.116767, 19.979624
1.440590, 38.779700
1.845928, 50.746771
2.291411, 58.884064
2.758890, 64.882329
3.239890, 69.613787
3.730066, 73.546995
4.226991, 76.949471
4.729210, 79.983031
5.235791, 82.750568
5.746111, 85.320342
6.259730, 87.739293
6.776327, 90.040695
7.295659, 92.248767
7.817534, 94.381534
8.341800, 96.452684
8.868328, 98.472790
9.397009, 100.450144
9.927749, 102.391343
10.460465, 104.301695
10.995081, 106.185521
11.531528, 108.046373
12.069742, 109.887198
12.609663, 111.710459
13.151233, 113.518233
13.694398, 115.312284
14.239107, 117.094115
14.785307, 118.865020
15.332949, 120.626116
15.881985, 122.378373
16.432369, 124.122638
16.984052, 125.859652
17.536989, 127.590069
18.091135, 129.314465
18.646445, 131.033351
19.202874, 132.747184
19.760379, 134.456370
20.318914, 136.161272
20.878437, 137.862218
21.438903, 139.559502
22.000270, 141.253390
22.562495, 142.944124
23.125534, 144.631922
23.689344, 146.316983
24.253882, 147.999488
24.819106, 149.679603
25.384973, 151.357479
25.951441, 153.033257
26.518466, 154.707063
27.086006, 156.379015
27.654018, 158.049221
28.222461, 159.717782
28.791292, 161.384791
29.360467, 163.050333
29.929946, 164.714488
30.499684, 166.377329
31.069641, 168.038926
31.639774, 169.699342
32.210040, 171.358638
32.780397, 173.016868
33.350803, 174.674086
33.921216, 176.330339
34.491593, 177.985674
35.061893, 179.640133
35.632073, 181.293756
36.202090, 182.946582
36.771904, 184.598646
37.341471, 186.249980
37.910751, 187.900617
38.479700, 189.550587
39.048277, 191.199917
39.616441, 192.848633
40.184148, 194.496762
40.751358, 196.144326
41.318028, 197.791347
41.884117, 199.437848
42.449584, 201.083849
43.014385, 202.729367
43.578481, 204.374422
44.141830, 206.019031
44.704389, 207.663209
45.266119, 209.306973
45.826976, 210.950338
46.386921, 212.593317
46.945912, 214.235924
47.503908, 215.878172
48.060867, 217.520073
48.616750, 219.161638
49.171515, 220.802880
49.725121, 222.443807
50.277528, 224.084432
50.828695, 225.724762
51.378582, 227.364809
51.927148, 229.004580
52.474353, 230.644084
53.020157, 232.283329
53.564520, 233.922324
54.107401, 235.561075
54.648762, 237.199590
55.188561, 238.837875
55.726761, 240.475938
56.263320, 242.113785
56.798200, 243.751422
57.331361, 245.388854
57.862765, 247.026088
58.392371, 248.663129
58.920143, 250.299982
59.446040, 251.936652
59.970024, 253.573144
60.492056, 255.209463
61.012100, 256.845613
61.530115, 258.481599
62.046064, 260.117424
62.559910, 261.753093
63.071615, 263.388610
63.581140, 265.023979
64.088450, 266.659202
64.593505, 268.294284
65.096271, 269.929227
65.596708, 271.564036
66.094782, 273.198714
66.590455, 274.833262
67.083691, 276.467685
67.574454, 278.101985
68.062707, 279.736166
68.548416, 281.370228
69.031544, 283.004176
69.512056, 284.638011
69.989916, 286.271737
70.465091, 287.905355
70.937544, 289.538867
71.407241, 291.172277
71.874147, 292.805585
72.338230, 294.438794
72.799453, 296.071907
##END=
