##TITLE= Parameter file, TopSpin 4.3.0
##JCAMPDX= 5.0
##DATATYPE= Parameter Values
##ORIGIN= Bruker BioSpin GmbH
##OWNER= nmrsu
$$ 2024-05-01 00:04:29.658 +0100  nmrsu@4CE1161FJM
$$ C:/Bruker/TopSpin4.3.0/exp/stan/nmr/lists/wave/user/multisupp_aux_d8
$$ process C:\Bruker\TopSpin4.3.0\prog\mod\xwinshape.exe
##MINX= 0.51161600
##MAXX= 99.99938900
##MINY= 0.35472800
##MAXY= 359.64527200
##$SHAPE_ADDPHASE= 0
##$SHAPE_AMP= 99.99938934
##$SHAPE_BWFAC= 0
##$SHAPE_BWFAC50= 0
##$SHAPE_CALCBW= yes
##$SHAPE_CALCINTEG= yes
##$SHAPE_EXMODE= <Excitation>
##$SHAPE_EXPAND= <>
##$SHAPE_EXPANDCF= (0..143)
0 0 0 0 0 0 0 0 0 0 0 0 0 0 0 0 0 0 0 0 0 0 0 0 0 0 0 0 0 0 0 0 0 0 0 0
0 0 0 0 0 0 0 0 0 0 0 0 0 0 0 0 0 0 0 0 0 0 0 0 0 0 0 0 0 0 0 0 0 0 0 0
0 0 0 0 0 0 0 0 0 0 0 0 0 0 0 0 0 0 0 0 0 0 0 0 0 0 0 0 0 0 0 0 0 0 0 0
0 0 0 0 0 0 0 0 0 0 0 0 0 0 0 0 0 0 0 0 0 0 0 0 0 0 0 0 0 0 0 0 0 0 0 0
##$SHAPE_EXPFAC= 0
##$SHAPE_FRACEND= 0
##$SHAPE_FRACORG= 0
##$SHAPE_FRACSTART= 0
##$SHAPE_INTEGFAC= 0
##$SHAPE_KEEPRES= yes
##$SHAPE_LENGTH= 25000.000373
##$SHAPE_MAN= <M>
##$SHAPE_MODE= 3
##$SHAPE_MODFREQ= 0
##$SHAPE_MODPHASE= 0
##$SHAPE_MODSCALE= 0
##$SHAPE_MODSW= 0
##$SHAPE_MODSWDIR= -1
##$SHAPE_NPOINTS= 1250
##$SHAPE_OFFS= <1 3>
##$SHAPE_OFFSCOEFF= (0..95)
-162.6969 0 100 -230.32349 0 100 -298.93761 0 100 0 0 0 0 0 0 0 0 0 0 0
0 0 0 0 0 0 0 0 0 0 0 0 0 0 0 0 0 0 0 0 0 0 0 0 0 0 0 0 0 0 0 0 0 0 0 0
0 0 0 0 0 0 0 0 0 0 0 0 0 0 0 0 0 0 0 0 0 0 0 0 0 0 0 0 0 0 0 0 0 0 0 0
0 0 0 0
##$SHAPE_PARAMETER= <>
##$SHAPE_REPHFAC= 0
##$SHAPE_RES= 0
##$SHAPE_SCALEFAC= 1.00000611
##$SHAPE_SCALETYPE= 0
##$SHAPE_SPOAL= 0
##$SHAPE_SPOFFS= 0
##$SHAPE_SPOPH= 0
##$SHAPE_TOTROT= 90
##$SHAPE_TYPE= <Excitation>
##$SHAPE_USER_DEF= <>
##$SHAPE_VERSION= 2.1
##$SHL_ADDPHASE= (0..15)
0 0 0 0 0 0 0 0 0 0 0 0 0 0 0 0
##$SHL_ALIGNOFFSET= (0..15)
0 0 0 0 0 0 0 0 0 0 0 0 0 0 0 0
##$SHL_AMP= (0..15)
100 0 0 0 0 0 0 0 0 0 0 0 0 0 0 0
##$SHL_AMPFAC= (0..15)
0 0 0 0 0 0 0 0 0 0 0 0 0 0 0 0
##$SHL_BETA= (0..15)
0 0 0 0 0 0 0 0 0 0 0 0 0 0 0 0
##$SHL_BWFAC= (0..15)
1.116 0 0 0 0 0 0 0 0 0 0 0 0 0 0 0
##$SHL_CALCBW= (0..15)
yes yes yes yes yes yes yes yes yes yes yes yes yes yes yes yes
##$SHL_CALCINTEG= (0..15)
yes yes yes yes yes yes yes yes yes yes yes yes yes yes yes yes
##$SHL_CENTERAMP= (0..15)
0 0 0 0 0 0 0 0 0 0 0 0 0 0 0 0
##$SHL_CYCNUM= (0..15)
0 0 0 0 0 0 0 0 0 0 0 0 0 0 0 0
##$SHL_DIPOLCPL= (0..15)
0 0 0 0 0 0 0 0 0 0 0 0 0 0 0 0
##$SHL_ENDAMP= (0..15)
0 0 0 0 0 0 0 0 0 0 0 0 0 0 0 0
##$SHL_EXMODE= (0..15)
<Excitation> <> <> <> <> <> <> <> <> <> <> <> <> <> <> <>
##$SHL_EXPAND= (0..15)
<> <> <> <> <> <> <> <> <> <> <> <> <> <> <> <>
##$SHL_EXPANDCF0= (0..143)
0 0 0 0 0 0 0 0 0 0 0 0 0 0 0 0 0 0 0 0 0 0 0 0 0 0 0 0 0 0 0 0 0 0 0 0
0 0 0 0 0 0 0 0 0 0 0 0 0 0 0 0 0 0 0 0 0 0 0 0 0 0 0 0 0 0 0 0 0 0 0 0
0 0 0 0 0 0 0 0 0 0 0 0 0 0 0 0 0 0 0 0 0 0 0 0 0 0 0 0 0 0 0 0 0 0 0 0
0 0 0 0 0 0 0 0 0 0 0 0 0 0 0 0 0 0 0 0 0 0 0 0 0 0 0 0 0 0 0 0 0 0 0 0
##$SHL_EXPANDCF1= (0..143)
0 0 0 0 0 0 0 0 0 0 0 0 0 0 0 0 0 0 0 0 0 0 0 0 0 0 0 0 0 0 0 0 0 0 0 0
0 0 0 0 0 0 0 0 0 0 0 0 0 0 0 0 0 0 0 0 0 0 0 0 0 0 0 0 0 0 0 0 0 0 0 0
0 0 0 0 0 0 0 0 0 0 0 0 0 0 0 0 0 0 0 0 0 0 0 0 0 0 0 0 0 0 0 0 0 0 0 0
0 0 0 0 0 0 0 0 0 0 0 0 0 0 0 0 0 0 0 0 0 0 0 0 0 0 0 0 0 0 0 0 0 0 0 0
##$SHL_EXPANDCF10= (0..143)
0 0 0 0 0 0 0 0 0 0 0 0 0 0 0 0 0 0 0 0 0 0 0 0 0 0 0 0 0 0 0 0 0 0 0 0
0 0 0 0 0 0 0 0 0 0 0 0 0 0 0 0 0 0 0 0 0 0 0 0 0 0 0 0 0 0 0 0 0 0 0 0
0 0 0 0 0 0 0 0 0 0 0 0 0 0 0 0 0 0 0 0 0 0 0 0 0 0 0 0 0 0 0 0 0 0 0 0
0 0 0 0 0 0 0 0 0 0 0 0 0 0 0 0 0 0 0 0 0 0 0 0 0 0 0 0 0 0 0 0 0 0 0 0
##$SHL_EXPANDCF11= (0..143)
0 0 0 0 0 0 0 0 0 0 0 0 0 0 0 0 0 0 0 0 0 0 0 0 0 0 0 0 0 0 0 0 0 0 0 0
0 0 0 0 0 0 0 0 0 0 0 0 0 0 0 0 0 0 0 0 0 0 0 0 0 0 0 0 0 0 0 0 0 0 0 0
0 0 0 0 0 0 0 0 0 0 0 0 0 0 0 0 0 0 0 0 0 0 0 0 0 0 0 0 0 0 0 0 0 0 0 0
0 0 0 0 0 0 0 0 0 0 0 0 0 0 0 0 0 0 0 0 0 0 0 0 0 0 0 0 0 0 0 0 0 0 0 0
##$SHL_EXPANDCF12= (0..143)
0 0 0 0 0 0 0 0 0 0 0 0 0 0 0 0 0 0 0 0 0 0 0 0 0 0 0 0 0 0 0 0 0 0 0 0
0 0 0 0 0 0 0 0 0 0 0 0 0 0 0 0 0 0 0 0 0 0 0 0 0 0 0 0 0 0 0 0 0 0 0 0
0 0 0 0 0 0 0 0 0 0 0 0 0 0 0 0 0 0 0 0 0 0 0 0 0 0 0 0 0 0 0 0 0 0 0 0
0 0 0 0 0 0 0 0 0 0 0 0 0 0 0 0 0 0 0 0 0 0 0 0 0 0 0 0 0 0 0 0 0 0 0 0
##$SHL_EXPANDCF13= (0..143)
0 0 0 0 0 0 0 0 0 0 0 0 0 0 0 0 0 0 0 0 0 0 0 0 0 0 0 0 0 0 0 0 0 0 0 0
0 0 0 0 0 0 0 0 0 0 0 0 0 0 0 0 0 0 0 0 0 0 0 0 0 0 0 0 0 0 0 0 0 0 0 0
0 0 0 0 0 0 0 0 0 0 0 0 0 0 0 0 0 0 0 0 0 0 0 0 0 0 0 0 0 0 0 0 0 0 0 0
0 0 0 0 0 0 0 0 0 0 0 0 0 0 0 0 0 0 0 0 0 0 0 0 0 0 0 0 0 0 0 0 0 0 0 0
##$SHL_EXPANDCF14= (0..143)
0 0 0 0 0 0 0 0 0 0 0 0 0 0 0 0 0 0 0 0 0 0 0 0 0 0 0 0 0 0 0 0 0 0 0 0
0 0 0 0 0 0 0 0 0 0 0 0 0 0 0 0 0 0 0 0 0 0 0 0 0 0 0 0 0 0 0 0 0 0 0 0
0 0 0 0 0 0 0 0 0 0 0 0 0 0 0 0 0 0 0 0 0 0 0 0 0 0 0 0 0 0 0 0 0 0 0 0
0 0 0 0 0 0 0 0 0 0 0 0 0 0 0 0 0 0 0 0 0 0 0 0 0 0 0 0 0 0 0 0 0 0 0 0
##$SHL_EXPANDCF15= (0..143)
0 0 0 0 0 0 0 0 0 0 0 0 0 0 0 0 0 0 0 0 0 0 0 0 0 0 0 0 0 0 0 0 0 0 0 0
0 0 0 0 0 0 0 0 0 0 0 0 0 0 0 0 0 0 0 0 0 0 0 0 0 0 0 0 0 0 0 0 0 0 0 0
0 0 0 0 0 0 0 0 0 0 0 0 0 0 0 0 0 0 0 0 0 0 0 0 0 0 0 0 0 0 0 0 0 0 0 0
0 0 0 0 0 0 0 0 0 0 0 0 0 0 0 0 0 0 0 0 0 0 0 0 0 0 0 0 0 0 0 0 0 0 0 0
##$SHL_EXPANDCF2= (0..143)
0 0 0 0 0 0 0 0 0 0 0 0 0 0 0 0 0 0 0 0 0 0 0 0 0 0 0 0 0 0 0 0 0 0 0 0
0 0 0 0 0 0 0 0 0 0 0 0 0 0 0 0 0 0 0 0 0 0 0 0 0 0 0 0 0 0 0 0 0 0 0 0
0 0 0 0 0 0 0 0 0 0 0 0 0 0 0 0 0 0 0 0 0 0 0 0 0 0 0 0 0 0 0 0 0 0 0 0
0 0 0 0 0 0 0 0 0 0 0 0 0 0 0 0 0 0 0 0 0 0 0 0 0 0 0 0 0 0 0 0 0 0 0 0
##$SHL_EXPANDCF3= (0..143)
0 0 0 0 0 0 0 0 0 0 0 0 0 0 0 0 0 0 0 0 0 0 0 0 0 0 0 0 0 0 0 0 0 0 0 0
0 0 0 0 0 0 0 0 0 0 0 0 0 0 0 0 0 0 0 0 0 0 0 0 0 0 0 0 0 0 0 0 0 0 0 0
0 0 0 0 0 0 0 0 0 0 0 0 0 0 0 0 0 0 0 0 0 0 0 0 0 0 0 0 0 0 0 0 0 0 0 0
0 0 0 0 0 0 0 0 0 0 0 0 0 0 0 0 0 0 0 0 0 0 0 0 0 0 0 0 0 0 0 0 0 0 0 0
##$SHL_EXPANDCF4= (0..143)
0 0 0 0 0 0 0 0 0 0 0 0 0 0 0 0 0 0 0 0 0 0 0 0 0 0 0 0 0 0 0 0 0 0 0 0
0 0 0 0 0 0 0 0 0 0 0 0 0 0 0 0 0 0 0 0 0 0 0 0 0 0 0 0 0 0 0 0 0 0 0 0
0 0 0 0 0 0 0 0 0 0 0 0 0 0 0 0 0 0 0 0 0 0 0 0 0 0 0 0 0 0 0 0 0 0 0 0
0 0 0 0 0 0 0 0 0 0 0 0 0 0 0 0 0 0 0 0 0 0 0 0 0 0 0 0 0 0 0 0 0 0 0 0
##$SHL_EXPANDCF5= (0..143)
0 0 0 0 0 0 0 0 0 0 0 0 0 0 0 0 0 0 0 0 0 0 0 0 0 0 0 0 0 0 0 0 0 0 0 0
0 0 0 0 0 0 0 0 0 0 0 0 0 0 0 0 0 0 0 0 0 0 0 0 0 0 0 0 0 0 0 0 0 0 0 0
0 0 0 0 0 0 0 0 0 0 0 0 0 0 0 0 0 0 0 0 0 0 0 0 0 0 0 0 0 0 0 0 0 0 0 0
0 0 0 0 0 0 0 0 0 0 0 0 0 0 0 0 0 0 0 0 0 0 0 0 0 0 0 0 0 0 0 0 0 0 0 0
##$SHL_EXPANDCF6= (0..143)
0 0 0 0 0 0 0 0 0 0 0 0 0 0 0 0 0 0 0 0 0 0 0 0 0 0 0 0 0 0 0 0 0 0 0 0
0 0 0 0 0 0 0 0 0 0 0 0 0 0 0 0 0 0 0 0 0 0 0 0 0 0 0 0 0 0 0 0 0 0 0 0
0 0 0 0 0 0 0 0 0 0 0 0 0 0 0 0 0 0 0 0 0 0 0 0 0 0 0 0 0 0 0 0 0 0 0 0
0 0 0 0 0 0 0 0 0 0 0 0 0 0 0 0 0 0 0 0 0 0 0 0 0 0 0 0 0 0 0 0 0 0 0 0
##$SHL_EXPANDCF7= (0..143)
0 0 0 0 0 0 0 0 0 0 0 0 0 0 0 0 0 0 0 0 0 0 0 0 0 0 0 0 0 0 0 0 0 0 0 0
0 0 0 0 0 0 0 0 0 0 0 0 0 0 0 0 0 0 0 0 0 0 0 0 0 0 0 0 0 0 0 0 0 0 0 0
0 0 0 0 0 0 0 0 0 0 0 0 0 0 0 0 0 0 0 0 0 0 0 0 0 0 0 0 0 0 0 0 0 0 0 0
0 0 0 0 0 0 0 0 0 0 0 0 0 0 0 0 0 0 0 0 0 0 0 0 0 0 0 0 0 0 0 0 0 0 0 0
##$SHL_EXPANDCF8= (0..143)
0 0 0 0 0 0 0 0 0 0 0 0 0 0 0 0 0 0 0 0 0 0 0 0 0 0 0 0 0 0 0 0 0 0 0 0
0 0 0 0 0 0 0 0 0 0 0 0 0 0 0 0 0 0 0 0 0 0 0 0 0 0 0 0 0 0 0 0 0 0 0 0
0 0 0 0 0 0 0 0 0 0 0 0 0 0 0 0 0 0 0 0 0 0 0 0 0 0 0 0 0 0 0 0 0 0 0 0
0 0 0 0 0 0 0 0 0 0 0 0 0 0 0 0 0 0 0 0 0 0 0 0 0 0 0 0 0 0 0 0 0 0 0 0
##$SHL_EXPANDCF9= (0..143)
0 0 0 0 0 0 0 0 0 0 0 0 0 0 0 0 0 0 0 0 0 0 0 0 0 0 0 0 0 0 0 0 0 0 0 0
0 0 0 0 0 0 0 0 0 0 0 0 0 0 0 0 0 0 0 0 0 0 0 0 0 0 0 0 0 0 0 0 0 0 0 0
0 0 0 0 0 0 0 0 0 0 0 0 0 0 0 0 0 0 0 0 0 0 0 0 0 0 0 0 0 0 0 0 0 0 0 0
0 0 0 0 0 0 0 0 0 0 0 0 0 0 0 0 0 0 0 0 0 0 0 0 0 0 0 0 0 0 0 0 0 0 0 0
##$SHL_EXPFAC= (0..15)
0 0 0 0 0 0 0 0 0 0 0 0 0 0 0 0
##$SHL_FRACEND= (0..15)
0 0 0 0 0 0 0 0 0 0 0 0 0 0 0 0
##$SHL_FRACORG= (0..15)
0 0 0 0 0 0 0 0 0 0 0 0 0 0 0 0
##$SHL_FRACSTART= (0..15)
0 0 0 0 0 0 0 0 0 0 0 0 0 0 0 0
##$SHL_FULLHALF= (0..15)
0 0 0 0 0 0 0 0 0 0 0 0 0 0 0 0
##$SHL_FUNCAMP= (0..15)
100 0 0 0 0 0 0 0 0 0 0 0 0 0 0 0
##$SHL_FUNCTION= (0..15)
<Rectangle> <> <> <> <> <> <> <> <> <> <> <> <> <> <> <>
##$SHL_GCO= (0..15)
<> <> <> <> <> <> <> <> <> <> <> <> <> <> <> <>
##$SHL_GCOCOEFFS0= (0..59)
0 0 0 0 0 0 0 0 0 0 0 0 0 0 0 0 0 0 0 0 0 0 0 0 0 0 0 0 0 0 0 0 0 0 0 0
0 0 0 0 0 0 0 0 0 0 0 0 0 0 0 0 0 0 0 0 0 0 0 0
##$SHL_GCOCOEFFS1= (0..59)
0 0 0 0 0 0 0 0 0 0 0 0 0 0 0 0 0 0 0 0 0 0 0 0 0 0 0 0 0 0 0 0 0 0 0 0
0 0 0 0 0 0 0 0 0 0 0 0 0 0 0 0 0 0 0 0 0 0 0 0
##$SHL_GCOCOEFFS10= (0..59)
0 0 0 0 0 0 0 0 0 0 0 0 0 0 0 0 0 0 0 0 0 0 0 0 0 0 0 0 0 0 0 0 0 0 0 0
0 0 0 0 0 0 0 0 0 0 0 0 0 0 0 0 0 0 0 0 0 0 0 0
##$SHL_GCOCOEFFS11= (0..59)
0 0 0 0 0 0 0 0 0 0 0 0 0 0 0 0 0 0 0 0 0 0 0 0 0 0 0 0 0 0 0 0 0 0 0 0
0 0 0 0 0 0 0 0 0 0 0 0 0 0 0 0 0 0 0 0 0 0 0 0
##$SHL_GCOCOEFFS12= (0..59)
0 0 0 0 0 0 0 0 0 0 0 0 0 0 0 0 0 0 0 0 0 0 0 0 0 0 0 0 0 0 0 0 0 0 0 0
0 0 0 0 0 0 0 0 0 0 0 0 0 0 0 0 0 0 0 0 0 0 0 0
##$SHL_GCOCOEFFS13= (0..59)
0 0 0 0 0 0 0 0 0 0 0 0 0 0 0 0 0 0 0 0 0 0 0 0 0 0 0 0 0 0 0 0 0 0 0 0
0 0 0 0 0 0 0 0 0 0 0 0 0 0 0 0 0 0 0 0 0 0 0 0
##$SHL_GCOCOEFFS14= (0..59)
0 0 0 0 0 0 0 0 0 0 0 0 0 0 0 0 0 0 0 0 0 0 0 0 0 0 0 0 0 0 0 0 0 0 0 0
0 0 0 0 0 0 0 0 0 0 0 0 0 0 0 0 0 0 0 0 0 0 0 0
##$SHL_GCOCOEFFS15= (0..59)
0 0 0 0 0 0 0 0 0 0 0 0 0 0 0 0 0 0 0 0 0 0 0 0 0 0 0 0 0 0 0 0 0 0 0 0
0 0 0 0 0 0 0 0 0 0 0 0 0 0 0 0 0 0 0 0 0 0 0 0
##$SHL_GCOCOEFFS2= (0..59)
0 0 0 0 0 0 0 0 0 0 0 0 0 0 0 0 0 0 0 0 0 0 0 0 0 0 0 0 0 0 0 0 0 0 0 0
0 0 0 0 0 0 0 0 0 0 0 0 0 0 0 0 0 0 0 0 0 0 0 0
##$SHL_GCOCOEFFS3= (0..59)
0 0 0 0 0 0 0 0 0 0 0 0 0 0 0 0 0 0 0 0 0 0 0 0 0 0 0 0 0 0 0 0 0 0 0 0
0 0 0 0 0 0 0 0 0 0 0 0 0 0 0 0 0 0 0 0 0 0 0 0
##$SHL_GCOCOEFFS4= (0..59)
0 0 0 0 0 0 0 0 0 0 0 0 0 0 0 0 0 0 0 0 0 0 0 0 0 0 0 0 0 0 0 0 0 0 0 0
0 0 0 0 0 0 0 0 0 0 0 0 0 0 0 0 0 0 0 0 0 0 0 0
##$SHL_GCOCOEFFS5= (0..59)
0 0 0 0 0 0 0 0 0 0 0 0 0 0 0 0 0 0 0 0 0 0 0 0 0 0 0 0 0 0 0 0 0 0 0 0
0 0 0 0 0 0 0 0 0 0 0 0 0 0 0 0 0 0 0 0 0 0 0 0
##$SHL_GCOCOEFFS6= (0..59)
0 0 0 0 0 0 0 0 0 0 0 0 0 0 0 0 0 0 0 0 0 0 0 0 0 0 0 0 0 0 0 0 0 0 0 0
0 0 0 0 0 0 0 0 0 0 0 0 0 0 0 0 0 0 0 0 0 0 0 0
##$SHL_GCOCOEFFS7= (0..59)
0 0 0 0 0 0 0 0 0 0 0 0 0 0 0 0 0 0 0 0 0 0 0 0 0 0 0 0 0 0 0 0 0 0 0 0
0 0 0 0 0 0 0 0 0 0 0 0 0 0 0 0 0 0 0 0 0 0 0 0
##$SHL_GCOCOEFFS8= (0..59)
0 0 0 0 0 0 0 0 0 0 0 0 0 0 0 0 0 0 0 0 0 0 0 0 0 0 0 0 0 0 0 0 0 0 0 0
0 0 0 0 0 0 0 0 0 0 0 0 0 0 0 0 0 0 0 0 0 0 0 0
##$SHL_GCOCOEFFS9= (0..59)
0 0 0 0 0 0 0 0 0 0 0 0 0 0 0 0 0 0 0 0 0 0 0 0 0 0 0 0 0 0 0 0 0 0 0 0
0 0 0 0 0 0 0 0 0 0 0 0 0 0 0 0 0 0 0 0 0 0 0 0
##$SHL_INTEGFAC= (0..15)
1 0 0 0 0 0 0 0 0 0 0 0 0 0 0 0
##$SHL_LB= (0..15)
0 0 0 0 0 0 0 0 0 0 0 0 0 0 0 0
##$SHL_LEFTLIMIT= (0..15)
0 0 0 0 0 0 0 0 0 0 0 0 0 0 0 0
##$SHL_LENGTH= (0..15)
25000.000373 0 0 0 0 0 0 0 0 0 0 0 0 0 0 0
##$SHL_MAN= (0..15)
<> <> <> <> <> <> <> <> <> <> <> <> <> <> <> <>
##$SHL_MEANAMP= (0..15)
0 0 0 0 0 0 0 0 0 0 0 0 0 0 0 0
##$SHL_MODAMP= (0..15)
0 0 0 0 0 0 0 0 0 0 0 0 0 0 0 0
##$SHL_MODE= (0..15)
0 0 0 0 0 0 0 0 0 0 0 0 0 0 0 0
##$SHL_MODFREQ= (0..15)
0 0 0 0 0 0 0 0 0 0 0 0 0 0 0 0
##$SHL_MODPHASE= (0..15)
0 0 0 0 0 0 0 0 0 0 0 0 0 0 0 0
##$SHL_MODSCALE= (0..15)
0 0 0 0 0 0 0 0 0 0 0 0 0 0 0 0
##$SHL_MODSW= (0..15)
0 0 0 0 0 0 0 0 0 0 0 0 0 0 0 0
##$SHL_MODSWDIR= (0..15)
-1 -1 -1 -1 -1 -1 -1 -1 -1 -1 -1 -1 -1 -1 -1 -1
##$SHL_MU= (0..15)
0 0 0 0 0 0 0 0 0 0 0 0 0 0 0 0
##$SHL_NPOINTS= (0..15)
1250 0 0 0 0 0 0 0 0 0 0 0 0 0 0 0
##$SHL_OFFS= (0..15)
<> <> <> <> <> <> <> <> <> <> <> <> <> <> <> <>
##$SHL_OFFSCOEFF0= (0..95)
0 0 0 0 0 0 0 0 0 0 0 0 0 0 0 0 0 0 0 0 0 0 0 0 0 0 0 0 0 0 0 0 0 0 0 0
0 0 0 0 0 0 0 0 0 0 0 0 0 0 0 0 0 0 0 0 0 0 0 0 0 0 0 0 0 0 0 0 0 0 0 0
0 0 0 0 0 0 0 0 0 0 0 0 0 0 0 0 0 0 0 0 0 0 0 0
##$SHL_OFFSCOEFF1= (0..95)
0 0 0 0 0 0 0 0 0 0 0 0 0 0 0 0 0 0 0 0 0 0 0 0 0 0 0 0 0 0 0 0 0 0 0 0
0 0 0 0 0 0 0 0 0 0 0 0 0 0 0 0 0 0 0 0 0 0 0 0 0 0 0 0 0 0 0 0 0 0 0 0
0 0 0 0 0 0 0 0 0 0 0 0 0 0 0 0 0 0 0 0 0 0 0 0
##$SHL_OFFSCOEFF10= (0..95)
0 0 0 0 0 0 0 0 0 0 0 0 0 0 0 0 0 0 0 0 0 0 0 0 0 0 0 0 0 0 0 0 0 0 0 0
0 0 0 0 0 0 0 0 0 0 0 0 0 0 0 0 0 0 0 0 0 0 0 0 0 0 0 0 0 0 0 0 0 0 0 0
0 0 0 0 0 0 0 0 0 0 0 0 0 0 0 0 0 0 0 0 0 0 0 0
##$SHL_OFFSCOEFF11= (0..95)
0 0 0 0 0 0 0 0 0 0 0 0 0 0 0 0 0 0 0 0 0 0 0 0 0 0 0 0 0 0 0 0 0 0 0 0
0 0 0 0 0 0 0 0 0 0 0 0 0 0 0 0 0 0 0 0 0 0 0 0 0 0 0 0 0 0 0 0 0 0 0 0
0 0 0 0 0 0 0 0 0 0 0 0 0 0 0 0 0 0 0 0 0 0 0 0
##$SHL_OFFSCOEFF12= (0..95)
0 0 0 0 0 0 0 0 0 0 0 0 0 0 0 0 0 0 0 0 0 0 0 0 0 0 0 0 0 0 0 0 0 0 0 0
0 0 0 0 0 0 0 0 0 0 0 0 0 0 0 0 0 0 0 0 0 0 0 0 0 0 0 0 0 0 0 0 0 0 0 0
0 0 0 0 0 0 0 0 0 0 0 0 0 0 0 0 0 0 0 0 0 0 0 0
##$SHL_OFFSCOEFF13= (0..95)
0 0 0 0 0 0 0 0 0 0 0 0 0 0 0 0 0 0 0 0 0 0 0 0 0 0 0 0 0 0 0 0 0 0 0 0
0 0 0 0 0 0 0 0 0 0 0 0 0 0 0 0 0 0 0 0 0 0 0 0 0 0 0 0 0 0 0 0 0 0 0 0
0 0 0 0 0 0 0 0 0 0 0 0 0 0 0 0 0 0 0 0 0 0 0 0
##$SHL_OFFSCOEFF14= (0..95)
0 0 0 0 0 0 0 0 0 0 0 0 0 0 0 0 0 0 0 0 0 0 0 0 0 0 0 0 0 0 0 0 0 0 0 0
0 0 0 0 0 0 0 0 0 0 0 0 0 0 0 0 0 0 0 0 0 0 0 0 0 0 0 0 0 0 0 0 0 0 0 0
0 0 0 0 0 0 0 0 0 0 0 0 0 0 0 0 0 0 0 0 0 0 0 0
##$SHL_OFFSCOEFF15= (0..95)
0 0 0 0 0 0 0 0 0 0 0 0 0 0 0 0 0 0 0 0 0 0 0 0 0 0 0 0 0 0 0 0 0 0 0 0
0 0 0 0 0 0 0 0 0 0 0 0 0 0 0 0 0 0 0 0 0 0 0 0 0 0 0 0 0 0 0 0 0 0 0 0
0 0 0 0 0 0 0 0 0 0 0 0 0 0 0 0 0 0 0 0 0 0 0 0
##$SHL_OFFSCOEFF2= (0..95)
0 0 0 0 0 0 0 0 0 0 0 0 0 0 0 0 0 0 0 0 0 0 0 0 0 0 0 0 0 0 0 0 0 0 0 0
0 0 0 0 0 0 0 0 0 0 0 0 0 0 0 0 0 0 0 0 0 0 0 0 0 0 0 0 0 0 0 0 0 0 0 0
0 0 0 0 0 0 0 0 0 0 0 0 0 0 0 0 0 0 0 0 0 0 0 0
##$SHL_OFFSCOEFF3= (0..95)
0 0 0 0 0 0 0 0 0 0 0 0 0 0 0 0 0 0 0 0 0 0 0 0 0 0 0 0 0 0 0 0 0 0 0 0
0 0 0 0 0 0 0 0 0 0 0 0 0 0 0 0 0 0 0 0 0 0 0 0 0 0 0 0 0 0 0 0 0 0 0 0
0 0 0 0 0 0 0 0 0 0 0 0 0 0 0 0 0 0 0 0 0 0 0 0
##$SHL_OFFSCOEFF4= (0..95)
0 0 0 0 0 0 0 0 0 0 0 0 0 0 0 0 0 0 0 0 0 0 0 0 0 0 0 0 0 0 0 0 0 0 0 0
0 0 0 0 0 0 0 0 0 0 0 0 0 0 0 0 0 0 0 0 0 0 0 0 0 0 0 0 0 0 0 0 0 0 0 0
0 0 0 0 0 0 0 0 0 0 0 0 0 0 0 0 0 0 0 0 0 0 0 0
##$SHL_OFFSCOEFF5= (0..95)
0 0 0 0 0 0 0 0 0 0 0 0 0 0 0 0 0 0 0 0 0 0 0 0 0 0 0 0 0 0 0 0 0 0 0 0
0 0 0 0 0 0 0 0 0 0 0 0 0 0 0 0 0 0 0 0 0 0 0 0 0 0 0 0 0 0 0 0 0 0 0 0
0 0 0 0 0 0 0 0 0 0 0 0 0 0 0 0 0 0 0 0 0 0 0 0
##$SHL_OFFSCOEFF6= (0..95)
0 0 0 0 0 0 0 0 0 0 0 0 0 0 0 0 0 0 0 0 0 0 0 0 0 0 0 0 0 0 0 0 0 0 0 0
0 0 0 0 0 0 0 0 0 0 0 0 0 0 0 0 0 0 0 0 0 0 0 0 0 0 0 0 0 0 0 0 0 0 0 0
0 0 0 0 0 0 0 0 0 0 0 0 0 0 0 0 0 0 0 0 0 0 0 0
##$SHL_OFFSCOEFF7= (0..95)
0 0 0 0 0 0 0 0 0 0 0 0 0 0 0 0 0 0 0 0 0 0 0 0 0 0 0 0 0 0 0 0 0 0 0 0
0 0 0 0 0 0 0 0 0 0 0 0 0 0 0 0 0 0 0 0 0 0 0 0 0 0 0 0 0 0 0 0 0 0 0 0
0 0 0 0 0 0 0 0 0 0 0 0 0 0 0 0 0 0 0 0 0 0 0 0
##$SHL_OFFSCOEFF8= (0..95)
0 0 0 0 0 0 0 0 0 0 0 0 0 0 0 0 0 0 0 0 0 0 0 0 0 0 0 0 0 0 0 0 0 0 0 0
0 0 0 0 0 0 0 0 0 0 0 0 0 0 0 0 0 0 0 0 0 0 0 0 0 0 0 0 0 0 0 0 0 0 0 0
0 0 0 0 0 0 0 0 0 0 0 0 0 0 0 0 0 0 0 0 0 0 0 0
##$SHL_OFFSCOEFF9= (0..95)
0 0 0 0 0 0 0 0 0 0 0 0 0 0 0 0 0 0 0 0 0 0 0 0 0 0 0 0 0 0 0 0 0 0 0 0
0 0 0 0 0 0 0 0 0 0 0 0 0 0 0 0 0 0 0 0 0 0 0 0 0 0 0 0 0 0 0 0 0 0 0 0
0 0 0 0 0 0 0 0 0 0 0 0 0 0 0 0 0 0 0 0 0 0 0 0
##$SHL_PHASE= (0..15)
0 0 0 0 0 0 0 0 0 0 0 0 0 0 0 0
##$SHL_PHASEFAC= (0..15)
0 0 0 0 0 0 0 0 0 0 0 0 0 0 0 0
##$SHL_POWERINDEX= (0..15)
0 0 0 0 0 0 0 0 0 0 0 0 0 0 0 0
##$SHL_QUADCOEFF= (0..15)
0 0 0 0 0 0 0 0 0 0 0 0 0 0 0 0
##$SHL_RIGHTLIMIT= (0..15)
0 0 0 0 0 0 0 0 0 0 0 0 0 0 0 0
##$SHL_SCALEFACTOR= (0..15)
1 1 1 1 1 1 1 1 1 1 1 1 1 1 1 1
##$SHL_SF= (0..15)
<> <> <> <> <> <> <> <> <> <> <> <> <> <> <> <>
##$SHL_SFCOEFFS0= (0..200)
0 0 0 0 0 0 0 0 0 0 0 0 0 0 0 0 0 0 0 0 0 0 0 0 0 0 0 0 0 0 0 0 0 0 0 0
0 0 0 0 0 0 0 0 0 0 0 0 0 0 0 0 0 0 0 0 0 0 0 0 0 0 0 0 0 0 0 0 0 0 0 0
0 0 0 0 0 0 0 0 0 0 0 0 0 0 0 0 0 0 0 0 0 0 0 0 0 0 0 0 0 0 0 0 0 0 0 0
0 0 0 0 0 0 0 0 0 0 0 0 0 0 0 0 0 0 0 0 0 0 0 0 0 0 0 0 0 0 0 0 0 0 0 0
0 0 0 0 0 0 0 0 0 0 0 0 0 0 0 0 0 0 0 0 0 0 0 0 0 0 0 0 0 0 0 0 0 0 0 0
0 0 0 0 0 0 0 0 0 0 0 0 0 0 0 0 0 0 0 0 0
##$SHL_SFCOEFFS1= (0..200)
0 0 0 0 0 0 0 0 0 0 0 0 0 0 0 0 0 0 0 0 0 0 0 0 0 0 0 0 0 0 0 0 0 0 0 0
0 0 0 0 0 0 0 0 0 0 0 0 0 0 0 0 0 0 0 0 0 0 0 0 0 0 0 0 0 0 0 0 0 0 0 0
0 0 0 0 0 0 0 0 0 0 0 0 0 0 0 0 0 0 0 0 0 0 0 0 0 0 0 0 0 0 0 0 0 0 0 0
0 0 0 0 0 0 0 0 0 0 0 0 0 0 0 0 0 0 0 0 0 0 0 0 0 0 0 0 0 0 0 0 0 0 0 0
0 0 0 0 0 0 0 0 0 0 0 0 0 0 0 0 0 0 0 0 0 0 0 0 0 0 0 0 0 0 0 0 0 0 0 0
0 0 0 0 0 0 0 0 0 0 0 0 0 0 0 0 0 0 0 0 0
##$SHL_SFCOEFFS10= (0..200)
0 0 0 0 0 0 0 0 0 0 0 0 0 0 0 0 0 0 0 0 0 0 0 0 0 0 0 0 0 0 0 0 0 0 0 0
0 0 0 0 0 0 0 0 0 0 0 0 0 0 0 0 0 0 0 0 0 0 0 0 0 0 0 0 0 0 0 0 0 0 0 0
0 0 0 0 0 0 0 0 0 0 0 0 0 0 0 0 0 0 0 0 0 0 0 0 0 0 0 0 0 0 0 0 0 0 0 0
0 0 0 0 0 0 0 0 0 0 0 0 0 0 0 0 0 0 0 0 0 0 0 0 0 0 0 0 0 0 0 0 0 0 0 0
0 0 0 0 0 0 0 0 0 0 0 0 0 0 0 0 0 0 0 0 0 0 0 0 0 0 0 0 0 0 0 0 0 0 0 0
0 0 0 0 0 0 0 0 0 0 0 0 0 0 0 0 0 0 0 0 0
##$SHL_SFCOEFFS11= (0..200)
0 0 0 0 0 0 0 0 0 0 0 0 0 0 0 0 0 0 0 0 0 0 0 0 0 0 0 0 0 0 0 0 0 0 0 0
0 0 0 0 0 0 0 0 0 0 0 0 0 0 0 0 0 0 0 0 0 0 0 0 0 0 0 0 0 0 0 0 0 0 0 0
0 0 0 0 0 0 0 0 0 0 0 0 0 0 0 0 0 0 0 0 0 0 0 0 0 0 0 0 0 0 0 0 0 0 0 0
0 0 0 0 0 0 0 0 0 0 0 0 0 0 0 0 0 0 0 0 0 0 0 0 0 0 0 0 0 0 0 0 0 0 0 0
0 0 0 0 0 0 0 0 0 0 0 0 0 0 0 0 0 0 0 0 0 0 0 0 0 0 0 0 0 0 0 0 0 0 0 0
0 0 0 0 0 0 0 0 0 0 0 0 0 0 0 0 0 0 0 0 0
##$SHL_SFCOEFFS12= (0..200)
0 0 0 0 0 0 0 0 0 0 0 0 0 0 0 0 0 0 0 0 0 0 0 0 0 0 0 0 0 0 0 0 0 0 0 0
0 0 0 0 0 0 0 0 0 0 0 0 0 0 0 0 0 0 0 0 0 0 0 0 0 0 0 0 0 0 0 0 0 0 0 0
0 0 0 0 0 0 0 0 0 0 0 0 0 0 0 0 0 0 0 0 0 0 0 0 0 0 0 0 0 0 0 0 0 0 0 0
0 0 0 0 0 0 0 0 0 0 0 0 0 0 0 0 0 0 0 0 0 0 0 0 0 0 0 0 0 0 0 0 0 0 0 0
0 0 0 0 0 0 0 0 0 0 0 0 0 0 0 0 0 0 0 0 0 0 0 0 0 0 0 0 0 0 0 0 0 0 0 0
0 0 0 0 0 0 0 0 0 0 0 0 0 0 0 0 0 0 0 0 0
##$SHL_SFCOEFFS13= (0..200)
0 0 0 0 0 0 0 0 0 0 0 0 0 0 0 0 0 0 0 0 0 0 0 0 0 0 0 0 0 0 0 0 0 0 0 0
0 0 0 0 0 0 0 0 0 0 0 0 0 0 0 0 0 0 0 0 0 0 0 0 0 0 0 0 0 0 0 0 0 0 0 0
0 0 0 0 0 0 0 0 0 0 0 0 0 0 0 0 0 0 0 0 0 0 0 0 0 0 0 0 0 0 0 0 0 0 0 0
0 0 0 0 0 0 0 0 0 0 0 0 0 0 0 0 0 0 0 0 0 0 0 0 0 0 0 0 0 0 0 0 0 0 0 0
0 0 0 0 0 0 0 0 0 0 0 0 0 0 0 0 0 0 0 0 0 0 0 0 0 0 0 0 0 0 0 0 0 0 0 0
0 0 0 0 0 0 0 0 0 0 0 0 0 0 0 0 0 0 0 0 0
##$SHL_SFCOEFFS14= (0..200)
0 0 0 0 0 0 0 0 0 0 0 0 0 0 0 0 0 0 0 0 0 0 0 0 0 0 0 0 0 0 0 0 0 0 0 0
0 0 0 0 0 0 0 0 0 0 0 0 0 0 0 0 0 0 0 0 0 0 0 0 0 0 0 0 0 0 0 0 0 0 0 0
0 0 0 0 0 0 0 0 0 0 0 0 0 0 0 0 0 0 0 0 0 0 0 0 0 0 0 0 0 0 0 0 0 0 0 0
0 0 0 0 0 0 0 0 0 0 0 0 0 0 0 0 0 0 0 0 0 0 0 0 0 0 0 0 0 0 0 0 0 0 0 0
0 0 0 0 0 0 0 0 0 0 0 0 0 0 0 0 0 0 0 0 0 0 0 0 0 0 0 0 0 0 0 0 0 0 0 0
0 0 0 0 0 0 0 0 0 0 0 0 0 0 0 0 0 0 0 0 0
##$SHL_SFCOEFFS15= (0..200)
0 0 0 0 0 0 0 0 0 0 0 0 0 0 0 0 0 0 0 0 0 0 0 0 0 0 0 0 0 0 0 0 0 0 0 0
0 0 0 0 0 0 0 0 0 0 0 0 0 0 0 0 0 0 0 0 0 0 0 0 0 0 0 0 0 0 0 0 0 0 0 0
0 0 0 0 0 0 0 0 0 0 0 0 0 0 0 0 0 0 0 0 0 0 0 0 0 0 0 0 0 0 0 0 0 0 0 0
0 0 0 0 0 0 0 0 0 0 0 0 0 0 0 0 0 0 0 0 0 0 0 0 0 0 0 0 0 0 0 0 0 0 0 0
0 0 0 0 0 0 0 0 0 0 0 0 0 0 0 0 0 0 0 0 0 0 0 0 0 0 0 0 0 0 0 0 0 0 0 0
0 0 0 0 0 0 0 0 0 0 0 0 0 0 0 0 0 0 0 0 0
##$SHL_SFCOEFFS2= (0..200)
0 0 0 0 0 0 0 0 0 0 0 0 0 0 0 0 0 0 0 0 0 0 0 0 0 0 0 0 0 0 0 0 0 0 0 0
0 0 0 0 0 0 0 0 0 0 0 0 0 0 0 0 0 0 0 0 0 0 0 0 0 0 0 0 0 0 0 0 0 0 0 0
0 0 0 0 0 0 0 0 0 0 0 0 0 0 0 0 0 0 0 0 0 0 0 0 0 0 0 0 0 0 0 0 0 0 0 0
0 0 0 0 0 0 0 0 0 0 0 0 0 0 0 0 0 0 0 0 0 0 0 0 0 0 0 0 0 0 0 0 0 0 0 0
0 0 0 0 0 0 0 0 0 0 0 0 0 0 0 0 0 0 0 0 0 0 0 0 0 0 0 0 0 0 0 0 0 0 0 0
0 0 0 0 0 0 0 0 0 0 0 0 0 0 0 0 0 0 0 0 0
##$SHL_SFCOEFFS3= (0..200)
0 0 0 0 0 0 0 0 0 0 0 0 0 0 0 0 0 0 0 0 0 0 0 0 0 0 0 0 0 0 0 0 0 0 0 0
0 0 0 0 0 0 0 0 0 0 0 0 0 0 0 0 0 0 0 0 0 0 0 0 0 0 0 0 0 0 0 0 0 0 0 0
0 0 0 0 0 0 0 0 0 0 0 0 0 0 0 0 0 0 0 0 0 0 0 0 0 0 0 0 0 0 0 0 0 0 0 0
0 0 0 0 0 0 0 0 0 0 0 0 0 0 0 0 0 0 0 0 0 0 0 0 0 0 0 0 0 0 0 0 0 0 0 0
0 0 0 0 0 0 0 0 0 0 0 0 0 0 0 0 0 0 0 0 0 0 0 0 0 0 0 0 0 0 0 0 0 0 0 0
0 0 0 0 0 0 0 0 0 0 0 0 0 0 0 0 0 0 0 0 0
##$SHL_SFCOEFFS4= (0..200)
0 0 0 0 0 0 0 0 0 0 0 0 0 0 0 0 0 0 0 0 0 0 0 0 0 0 0 0 0 0 0 0 0 0 0 0
0 0 0 0 0 0 0 0 0 0 0 0 0 0 0 0 0 0 0 0 0 0 0 0 0 0 0 0 0 0 0 0 0 0 0 0
0 0 0 0 0 0 0 0 0 0 0 0 0 0 0 0 0 0 0 0 0 0 0 0 0 0 0 0 0 0 0 0 0 0 0 0
0 0 0 0 0 0 0 0 0 0 0 0 0 0 0 0 0 0 0 0 0 0 0 0 0 0 0 0 0 0 0 0 0 0 0 0
0 0 0 0 0 0 0 0 0 0 0 0 0 0 0 0 0 0 0 0 0 0 0 0 0 0 0 0 0 0 0 0 0 0 0 0
0 0 0 0 0 0 0 0 0 0 0 0 0 0 0 0 0 0 0 0 0
##$SHL_SFCOEFFS5= (0..200)
0 0 0 0 0 0 0 0 0 0 0 0 0 0 0 0 0 0 0 0 0 0 0 0 0 0 0 0 0 0 0 0 0 0 0 0
0 0 0 0 0 0 0 0 0 0 0 0 0 0 0 0 0 0 0 0 0 0 0 0 0 0 0 0 0 0 0 0 0 0 0 0
0 0 0 0 0 0 0 0 0 0 0 0 0 0 0 0 0 0 0 0 0 0 0 0 0 0 0 0 0 0 0 0 0 0 0 0
0 0 0 0 0 0 0 0 0 0 0 0 0 0 0 0 0 0 0 0 0 0 0 0 0 0 0 0 0 0 0 0 0 0 0 0
0 0 0 0 0 0 0 0 0 0 0 0 0 0 0 0 0 0 0 0 0 0 0 0 0 0 0 0 0 0 0 0 0 0 0 0
0 0 0 0 0 0 0 0 0 0 0 0 0 0 0 0 0 0 0 0 0
##$SHL_SFCOEFFS6= (0..200)
0 0 0 0 0 0 0 0 0 0 0 0 0 0 0 0 0 0 0 0 0 0 0 0 0 0 0 0 0 0 0 0 0 0 0 0
0 0 0 0 0 0 0 0 0 0 0 0 0 0 0 0 0 0 0 0 0 0 0 0 0 0 0 0 0 0 0 0 0 0 0 0
0 0 0 0 0 0 0 0 0 0 0 0 0 0 0 0 0 0 0 0 0 0 0 0 0 0 0 0 0 0 0 0 0 0 0 0
0 0 0 0 0 0 0 0 0 0 0 0 0 0 0 0 0 0 0 0 0 0 0 0 0 0 0 0 0 0 0 0 0 0 0 0
0 0 0 0 0 0 0 0 0 0 0 0 0 0 0 0 0 0 0 0 0 0 0 0 0 0 0 0 0 0 0 0 0 0 0 0
0 0 0 0 0 0 0 0 0 0 0 0 0 0 0 0 0 0 0 0 0
##$SHL_SFCOEFFS7= (0..200)
0 0 0 0 0 0 0 0 0 0 0 0 0 0 0 0 0 0 0 0 0 0 0 0 0 0 0 0 0 0 0 0 0 0 0 0
0 0 0 0 0 0 0 0 0 0 0 0 0 0 0 0 0 0 0 0 0 0 0 0 0 0 0 0 0 0 0 0 0 0 0 0
0 0 0 0 0 0 0 0 0 0 0 0 0 0 0 0 0 0 0 0 0 0 0 0 0 0 0 0 0 0 0 0 0 0 0 0
0 0 0 0 0 0 0 0 0 0 0 0 0 0 0 0 0 0 0 0 0 0 0 0 0 0 0 0 0 0 0 0 0 0 0 0
0 0 0 0 0 0 0 0 0 0 0 0 0 0 0 0 0 0 0 0 0 0 0 0 0 0 0 0 0 0 0 0 0 0 0 0
0 0 0 0 0 0 0 0 0 0 0 0 0 0 0 0 0 0 0 0 0
##$SHL_SFCOEFFS8= (0..200)
0 0 0 0 0 0 0 0 0 0 0 0 0 0 0 0 0 0 0 0 0 0 0 0 0 0 0 0 0 0 0 0 0 0 0 0
0 0 0 0 0 0 0 0 0 0 0 0 0 0 0 0 0 0 0 0 0 0 0 0 0 0 0 0 0 0 0 0 0 0 0 0
0 0 0 0 0 0 0 0 0 0 0 0 0 0 0 0 0 0 0 0 0 0 0 0 0 0 0 0 0 0 0 0 0 0 0 0
0 0 0 0 0 0 0 0 0 0 0 0 0 0 0 0 0 0 0 0 0 0 0 0 0 0 0 0 0 0 0 0 0 0 0 0
0 0 0 0 0 0 0 0 0 0 0 0 0 0 0 0 0 0 0 0 0 0 0 0 0 0 0 0 0 0 0 0 0 0 0 0
0 0 0 0 0 0 0 0 0 0 0 0 0 0 0 0 0 0 0 0 0
##$SHL_SFCOEFFS9= (0..200)
0 0 0 0 0 0 0 0 0 0 0 0 0 0 0 0 0 0 0 0 0 0 0 0 0 0 0 0 0 0 0 0 0 0 0 0
0 0 0 0 0 0 0 0 0 0 0 0 0 0 0 0 0 0 0 0 0 0 0 0 0 0 0 0 0 0 0 0 0 0 0 0
0 0 0 0 0 0 0 0 0 0 0 0 0 0 0 0 0 0 0 0 0 0 0 0 0 0 0 0 0 0 0 0 0 0 0 0
0 0 0 0 0 0 0 0 0 0 0 0 0 0 0 0 0 0 0 0 0 0 0 0 0 0 0 0 0 0 0 0 0 0 0 0
0 0 0 0 0 0 0 0 0 0 0 0 0 0 0 0 0 0 0 0 0 0 0 0 0 0 0 0 0 0 0 0 0 0 0 0
0 0 0 0 0 0 0 0 0 0 0 0 0 0 0 0 0 0 0 0 0
##$SHL_SMOOTHED= (0..15)
0 0 0 0 0 0 0 0 0 0 0 0 0 0 0 0
##$SHL_SMOOTHING= (0..15)
0 0 0 0 0 0 0 0 0 0 0 0 0 0 0 0
##$SHL_SPOAL= (0..15)
0 0 0 0 0 0 0 0 0 0 0 0 0 0 0 0
##$SHL_SPOFFS= (0..15)
0 0 0 0 0 0 0 0 0 0 0 0 0 0 0 0
##$SHL_SPOPH= (0..15)
0 0 0 0 0 0 0 0 0 0 0 0 0 0 0 0
##$SHL_STARTAMP= (0..15)
0 0 0 0 0 0 0 0 0 0 0 0 0 0 0 0
##$SHL_SW= (0..15)
0 0 0 0 0 0 0 0 0 0 0 0 0 0 0 0
##$SHL_SWDIR= (0..15)
-1 -1 -1 -1 -1 -1 -1 -1 -1 -1 -1 -1 -1 -1 -1 -1
##$SHL_TANKAPPA= (0..15)
0 0 0 0 0 0 0 0 0 0 0 0 0 0 0 0
##$SHL_TOTROT= (0..15)
90 0 0 0 0 0 0 0 0 0 0 0 0 0 0 0
##$SHL_TRUNCLEV= (0..15)
0 0 0 0 0 0 0 0 0 0 0 0 0 0 0 0
##$SHL_TYPE= (0..15)
<Excitation> <> <> <> <> <> <> <> <> <> <> <> <> <> <> <>
##$SHL_WINDOWSIZE= (0..15)
0 0 0 0 0 0 0 0 0 0 0 0 0 0 0 0
##$SHL_ZETA= (0..15)
0 0 0 0 0 0 0 0 0 0 0 0 0 0 0 0
##NPOINTS= 1250
##XYPOINTS= (XY..XY)
72.783908, 43.169862
72.322632, 44.836593
71.858499, 46.503427
71.391543, 48.170367
70.921798, 49.837413
70.449299, 51.504570
69.974080, 53.171838
69.496176, 54.839220
69.015622, 56.506720
68.532454, 58.174338
68.046706, 59.842079
67.558415, 61.509944
67.067616, 63.177937
66.574345, 64.846060
66.078638, 66.514317
65.580533, 68.182711
65.080064, 69.851244
64.577270, 71.519921
64.072187, 73.188744
63.564852, 74.857718
63.055301, 76.526845
62.543574, 78.196131
62.029706, 79.865578
61.513736, 81.535191
60.995702, 83.204975
60.475642, 84.874933
59.953594, 86.545070
59.429595, 88.215392
58.903685, 89.885903
58.375903, 91.556608
57.846286, 93.227512
57.314874, 94.898622
56.781706, 96.569942
56.246821, 98.241480
55.710258, 99.913241
55.172057, 101.585231
54.632256, 103.257458
54.090897, 104.929929
53.548017, 106.602650
53.003659, 108.275630
52.457860, 109.948877
51.910662, 111.622398
51.362104, 113.296204
50.812228, 114.970301
50.261072, 116.644701
49.708678, 118.319413
49.155087, 119.994447
48.600338, 121.669815
48.044474, 123.345526
47.487533, 125.021595
46.929559, 126.698032
46.370591, 128.374850
45.810670, 130.052064
45.249839, 131.729688
44.688137, 133.407736
44.125607, 135.086224
43.562290, 136.765170
42.998226, 138.444589
42.433459, 140.124502
41.868029, 141.804926
41.301977, 143.485882
40.735347, 145.167392
40.168178, 146.849478
39.600514, 148.532164
39.032396, 150.215475
38.463866, 151.899437
37.894965, 153.584080
37.325736, 155.269432
36.756221, 156.955525
36.186462, 158.642393
35.616500, 160.330071
35.046379, 162.018596
34.476140, 163.708010
33.905825, 165.398355
33.335477, 167.089676
32.765137, 168.782021
32.194849, 170.475443
31.624654, 172.169998
31.054595, 173.865743
30.484713, 175.562744
29.915053, 177.261067
29.345655, 178.960786
28.776563, 180.661980
28.207818, 182.364733
27.639464, 184.069137
27.071543, 185.775289
26.504097, 187.483297
25.937169, 189.193275
25.370802, 190.905350
24.805039, 192.619656
24.239922, 194.336342
23.675494, 196.055569
23.111798, 197.777513
22.548878, 199.502367
21.986776, 201.230342
21.425536, 202.961672
20.865200, 204.696612
20.305814, 206.435446
19.747420, 208.178486
19.190063, 209.926081
18.633787, 211.678617
18.078637, 213.436528
17.524657, 215.200298
16.971893, 216.970470
16.420391, 218.747658
15.870199, 220.532557
15.321362, 222.325955
14.773930, 224.128754
14.227952, 225.941985
13.683478, 227.766836
13.140561, 229.604684
12.599255, 231.457128
12.059616, 233.326044
11.521703, 235.213640
10.985580, 237.122537
10.451314, 239.055868
9.918977, 241.017412
9.388651, 243.011760
8.860423, 245.044559
8.334396, 247.122816
7.810688, 249.255346
7.289437, 251.453377
6.770812, 253.731443
6.255025, 256.108670
5.742344, 258.610735
5.233127, 261.272879
4.727865, 264.144741
4.227254, 267.298358
3.732335, 270.841994
3.244735, 274.945147
2.767155, 279.886117
2.304400, 286.146869
1.865725, 294.607051
1.470485, 306.909142
1.160820, 325.749945
1.014594, 352.626018
1.095832, 20.970614
1.361825, 42.076141
1.727187, 55.867631
2.139903, 65.174193
2.575853, 71.926640
3.023736, 77.169443
3.477831, 81.468296
3.934987, 85.144971
4.393344, 88.392688
4.851733, 91.333341
5.309381, 94.047185
5.765752, 96.589023
6.220462, 98.997461
6.673224, 101.300440
7.123819, 103.518654
7.572071, 105.667743
8.017840, 107.759741
8.461010, 109.804054
8.901479, 111.808134
9.339163, 113.777967
9.773986, 115.718406
10.205881, 117.633434
10.634786, 119.526346
11.060644, 121.399892
11.483406, 123.256386
11.903021, 125.097786
12.319444, 126.925764
12.732631, 128.741752
13.142542, 130.546987
13.549137, 132.342542
13.952377, 134.129349
14.352226, 135.908227
14.748648, 137.679894
15.141607, 139.444986
15.531072, 141.204063
15.917007, 142.957627
16.299381, 144.706122
16.678163, 146.449948
17.053321, 148.189463
17.424825, 149.924988
17.792645, 151.656815
18.156751, 153.385206
18.517116, 155.110401
18.873710, 156.832616
19.226506, 158.552049
19.575476, 160.268881
19.920593, 161.983275
20.261831, 163.695385
20.599163, 165.405348
20.932562, 167.113292
21.262005, 168.819336
21.587465, 170.523587
21.908918, 172.226146
22.226339, 173.927107
22.539705, 175.626555
22.848992, 177.324570
23.154175, 179.021227
23.455233, 180.716595
23.752143, 182.410738
24.044882, 184.103717
24.333429, 185.795587
24.617761, 187.486402
24.897857, 189.176210
25.173697, 190.865057
25.445260, 192.552987
25.712526, 194.240041
25.975474, 195.926255
26.234085, 197.611667
26.488340, 199.296310
26.738220, 200.980215
26.983706, 202.663413
27.224779, 204.345932
27.461423, 206.027798
27.693620, 207.709038
27.921352, 209.389673
28.144602, 211.069728
28.363353, 212.749224
28.577591, 214.428180
28.787298, 216.106616
28.992459, 217.784549
29.193059, 219.461998
29.389082, 221.138979
29.580516, 222.815507
29.767345, 224.491596
29.949555, 226.167262
30.127134, 227.842516
30.300067, 229.517373
30.468342, 231.191843
30.631947, 232.865939
30.790870, 234.539671
30.945098, 236.213050
31.094621, 237.886085
31.239427, 239.558787
31.379506, 241.231164
31.514847, 242.903224
31.645440, 244.574976
31.771276, 246.246428
31.892345, 247.917587
32.008639, 249.588460
32.120148, 251.259054
32.226865, 252.929375
32.328781, 254.599430
32.425890, 256.269223
32.518184, 257.938762
32.605655, 259.608050
32.688299, 261.277093
32.766108, 262.945896
32.839076, 264.614464
32.907199, 266.282800
32.970472, 267.950908
33.028889, 269.618793
33.082446, 271.286459
33.131140, 272.953908
33.174967, 274.621143
33.213923, 276.288169
33.248006, 277.954987
33.277212, 279.621601
33.301541, 281.288013
33.320990, 282.954226
33.335557, 284.620241
33.345242, 286.286061
33.350044, 287.951687
33.349962, 289.617121
33.344996, 291.282365
33.335147, 292.947421
33.320416, 294.612288
33.300803, 296.276970
33.276310, 297.941465
33.246939, 299.605777
33.212691, 301.269904
33.173570, 302.933847
33.129578, 304.597608
33.080718, 306.261185
33.026994, 307.924580
32.968410, 309.587792
32.904970, 311.250820
32.836679, 312.913665
32.763541, 314.576326
32.685563, 316.238802
32.602749, 317.901093
32.515107, 319.563197
32.422641, 321.225114
32.325360, 322.886841
32.223269, 324.548378
32.116378, 326.209722
32.004692, 327.870873
31.888222, 329.531827
31.766974, 331.192583
31.640959, 332.853138
31.510185, 334.513490
31.374662, 336.173635
31.234399, 337.833571
31.089408, 339.493294
30.939698, 341.152801
30.785281, 342.812088
30.626168, 344.471151
30.462371, 346.129986
30.293902, 347.788587
30.120772, 349.446951
29.942996, 351.105072
29.760585, 352.762944
29.573553, 354.420561
29.381914, 356.077918
29.185683, 357.735007
28.984872, 359.391822
28.779498, 1.048355
28.569575, 2.704597
28.355119, 4.360542
28.136145, 6.016179
27.912669, 7.671499
27.684709, 9.326493
27.452279, 10.981149
27.215399, 12.635456
26.974085, 14.289402
26.728354, 15.942975
26.478226, 17.596160
26.223718, 19.248943
25.964848, 20.901309
25.701637, 22.553241
25.434103, 24.204723
25.162266, 25.855734
24.886147, 27.506256
24.605764, 29.156268
24.321140, 30.805746
24.032295, 32.454666
23.739250, 34.103003
23.442027, 35.750728
23.140647, 37.397813
22.835134, 39.044224
22.525509, 40.689928
22.211796, 42.334887
21.894017, 43.979063
21.572197, 45.622411
21.246358, 47.264886
20.916525, 48.906438
20.582722, 50.547012
20.244975, 52.186549
19.903307, 53.824986
19.557745, 55.462253
19.208314, 57.098275
18.855040, 58.732967
18.497950, 60.366241
18.137069, 61.997997
17.772426, 63.628126
17.404046, 65.256508
17.031958, 66.883010
16.656190, 68.507487
16.276770, 70.129777
15.893726, 71.749698
15.507088, 73.367050
15.116885, 74.981609
14.723146, 76.593121
14.325902, 78.201303
13.925183, 79.805835
13.521020, 81.406352
13.113445, 83.002441
12.702490, 84.593628
12.288186, 86.179370
11.870568, 87.759039
11.449669, 89.331905
11.025524, 90.897119
10.598168, 92.453682
10.167639, 94.000411
9.733972, 95.535901
9.297209, 97.058460
8.857390, 98.566043
8.414558, 100.056145
7.968760, 101.525673
7.520046, 102.970756
7.068469, 104.386488
6.614092, 105.766557
6.156985, 107.102706
5.697229, 108.383917
5.234925, 109.595164
4.770202, 110.715410
4.303228, 111.714281
3.834241, 112.546280
3.363595, 113.140112
2.891855, 113.377597
2.420008, 113.048255
1.949971, 111.739979
1.486054, 108.535118
1.040160, 100.996600
0.656204, 81.314892
0.511616, 34.929005
0.763318, 356.612728
1.183421, 342.068039
1.649941, 336.276005
2.134259, 333.793907
2.627848, 332.843644
3.127394, 332.715440
3.631346, 333.076499
4.138877, 333.751418
4.649496, 334.639359
5.162890, 335.678367
5.678842, 336.828323
6.197193, 338.062126
6.717821, 339.360821
7.240628, 340.710754
7.765529, 342.101846
8.292452, 343.526495
8.821334, 344.978858
9.352115, 346.454375
9.884740, 347.949431
10.419158, 349.461126
10.955318, 350.987106
11.493172, 352.525442
12.032675, 354.074534
12.573781, 355.633049
13.116444, 357.199864
13.660622, 358.774028
14.206271, 0.354728
14.753346, 1.941270
15.301807, 3.533050
15.851610, 5.129549
16.402713, 6.730311
16.955073, 8.334938
17.508650, 9.943080
18.063400, 11.554427
18.619282, 13.168706
19.176254, 14.785673
19.734274, 16.405110
20.293301, 18.026822
20.853293, 19.650634
21.414208, 21.276390
21.976004, 22.903946
22.538639, 24.533174
23.102073, 26.163958
23.666262, 27.796191
24.231166, 29.429776
24.796742, 31.064625
25.362949, 32.700657
25.929745, 34.337798
26.497087, 35.975979
27.064935, 37.615139
27.633246, 39.255218
28.201979, 40.896165
28.771091, 42.537929
29.340541, 44.180465
29.910286, 45.823730
30.480285, 47.467685
31.050496, 49.112294
31.620876, 50.757522
32.191385, 52.403337
32.761980, 54.049711
33.332619, 55.696614
33.903259, 57.344022
34.473860, 58.991911
35.044380, 60.640256
35.614775, 62.289037
36.185006, 63.938234
36.755029, 65.587828
37.324802, 67.237801
37.894285, 68.888136
38.463434, 70.538818
39.032209, 72.189832
39.600568, 73.841164
40.168469, 75.492800
40.735870, 77.144727
41.302729, 78.796935
41.869006, 80.449411
42.434658, 82.102146
42.999644, 83.755128
43.563922, 85.408349
44.127452, 87.061798
44.690192, 88.715468
45.252100, 90.369350
45.813135, 92.023436
46.373257, 93.677719
46.932424, 95.332192
47.490595, 96.986848
48.047729, 98.641679
48.603785, 100.296681
49.158723, 101.951848
49.712502, 103.607172
50.265081, 105.262650
50.816420, 106.918276
51.366479, 108.574045
51.915216, 110.229953
52.462592, 111.885994
53.008567, 113.542164
53.553100, 115.198460
54.096152, 116.854877
54.637683, 118.511412
55.177653, 120.168061
55.716023, 121.824819
56.252752, 123.481685
56.787803, 125.138654
57.321135, 126.795723
57.852710, 128.452890
58.382488, 130.110152
58.910431, 131.767505
59.436500, 133.424948
59.960656, 135.082477
60.482862, 136.740090
61.003078, 138.397784
61.521266, 140.055558
62.037390, 141.713409
62.551410, 143.371334
63.063289, 145.029333
63.572990, 146.687402
64.080475, 148.345540
64.585707, 150.003745
65.088649, 151.662015
65.589264, 153.320349
66.087516, 154.978744
66.583368, 156.637199
67.076783, 158.295713
67.567726, 159.954284
68.056160, 161.612910
68.542050, 163.271591
69.025360, 164.930323
69.506054, 166.589108
69.984098, 168.247942
70.459457, 169.906825
70.932095, 171.565755
71.401977, 173.224732
71.869071, 174.883754
72.333340, 176.542820
72.794752, 178.201929
73.253272, 179.861080
73.708867, 181.520271
74.161503, 183.179503
74.611147, 184.838773
75.057767, 186.498082
75.501329, 188.157427
75.941802, 189.816809
76.379152, 191.476226
76.813347, 193.135677
77.244357, 194.795162
77.672149, 196.454680
78.096692, 198.114230
78.517955, 199.773811
78.935906, 201.433423
79.350516, 203.093065
79.761754, 204.752736
80.169590, 206.412435
80.573994, 208.072162
80.974936, 209.731917
81.372387, 211.391698
81.766317, 213.051505
82.156699, 214.711337
82.543503, 216.371195
82.926701, 218.031076
83.306265, 219.690981
83.682166, 221.350909
84.054379, 223.010860
84.422874, 224.670833
84.787626, 226.330828
85.148608, 227.990843
85.505792, 229.650879
85.859153, 231.310936
86.208665, 232.971012
86.554303, 234.631107
86.896041, 236.291221
87.233853, 237.951353
87.567716, 239.611504
87.897605, 241.271671
88.223495, 242.931856
88.545363, 244.592058
88.863186, 246.252276
89.176939, 247.912510
89.486599, 249.572760
89.792145, 251.233025
90.093554, 252.893304
90.390804, 254.553599
90.683872, 256.213907
90.972738, 257.874229
91.257380, 259.534565
91.537777, 261.194914
91.813910, 262.855276
92.085757, 264.515651
92.353298, 266.176037
92.616515, 267.836436
92.875388, 269.496847
93.129897, 271.157268
93.380024, 272.817701
93.625752, 274.478145
93.867061, 276.138599
94.103934, 277.799064
94.336355, 279.459538
94.564305, 281.120022
94.787768, 282.780516
95.006727, 284.441019
95.221168, 286.101531
95.431073, 287.762052
95.636428, 289.422581
95.837217, 291.083118
96.033426, 292.743664
96.225041, 294.404217
96.412047, 296.064778
96.594430, 297.725346
96.772178, 299.385921
96.945278, 301.046503
97.113715, 302.707092
97.277479, 304.367687
97.436558, 306.028288
97.590938, 307.688896
97.740611, 309.349509
97.885563, 311.010128
98.025785, 312.670752
98.161267, 314.331382
98.291998, 315.992016
98.417969, 317.652656
98.539170, 319.313299
98.655594, 320.973948
98.767230, 322.634600
98.874072, 324.295257
98.976111, 325.955917
99.073340, 327.616581
99.165751, 329.277249
99.253339, 330.937920
99.336095, 332.598593
99.414016, 334.259270
99.487093, 335.919950
99.555324, 337.580632
99.618701, 339.241316
99.677221, 340.902003
99.730880, 342.562692
99.779673, 344.223382
99.823597, 345.884074
99.862649, 347.544768
99.896825, 349.205463
99.926124, 350.866159
99.950543, 352.526856
99.970080, 354.187554
99.984734, 355.848252
99.994504, 357.508951
99.999389, 359.169650
99.999389, 0.830350
99.994504, 2.491049
99.984734, 4.151748
99.970080, 5.812446
99.950543, 7.473144
99.926124, 9.133841
99.896825, 10.794537
99.862649, 12.455232
99.823597, 14.115926
99.779673, 15.776618
99.730880, 17.437308
99.677221, 19.097997
99.618701, 20.758684
99.555324, 22.419368
99.487093, 24.080050
99.414016, 25.740730
99.336095, 27.401407
99.253339, 29.062080
99.165751, 30.722751
99.073340, 32.383419
98.976111, 34.044083
98.874072, 35.704743
98.767230, 37.365400
98.655594, 39.026052
98.539170, 40.686701
98.417969, 42.347344
98.291998, 44.007984
98.161267, 45.668618
98.025785, 47.329248
97.885563, 48.989872
97.740611, 50.650491
97.590938, 52.311104
97.436558, 53.971712
97.277479, 55.632313
97.113715, 57.292908
96.945278, 58.953497
96.772178, 60.614079
96.594430, 62.274654
96.412047, 63.935222
96.225041, 65.595783
96.033426, 67.256336
95.837217, 68.916882
95.636428, 70.577419
95.431073, 72.237948
95.221168, 73.898469
95.006727, 75.558981
94.787768, 77.219484
94.564305, 78.879978
94.336355, 80.540462
94.103934, 82.200936
93.867061, 83.861401
93.625752, 85.521855
93.380024, 87.182299
93.129897, 88.842732
92.875388, 90.503153
92.616515, 92.163564
92.353298, 93.823963
92.085757, 95.484349
91.813910, 97.144724
91.537777, 98.805086
91.257380, 100.465435
90.972738, 102.125771
90.683872, 103.786093
90.390804, 105.446401
90.093554, 107.106696
89.792145, 108.766975
89.486599, 110.427240
89.176939, 112.087490
88.863186, 113.747724
88.545363, 115.407942
88.223495, 117.068144
87.897605, 118.728329
87.567716, 120.388496
87.233853, 122.048647
86.896041, 123.708779
86.554303, 125.368893
86.208665, 127.028988
85.859153, 128.689064
85.505792, 130.349121
85.148608, 132.009157
84.787626, 133.669172
84.422874, 135.329167
84.054379, 136.989140
83.682166, 138.649091
83.306265, 140.309019
82.926701, 141.968924
82.543503, 143.628805
82.156699, 145.288663
81.766317, 146.948495
81.372387, 148.608302
80.974936, 150.268083
80.573994, 151.927838
80.169590, 153.587565
79.761754, 155.247264
79.350516, 156.906935
78.935906, 158.566577
78.517955, 160.226189
78.096692, 161.885770
77.672149, 163.545320
77.244357, 165.204838
76.813347, 166.864323
76.379152, 168.523774
75.941802, 170.183191
75.501329, 171.842573
75.057767, 173.501918
74.611147, 175.161227
74.161503, 176.820497
73.708867, 178.479729
73.253272, 180.138920
72.794752, 181.798071
72.333340, 183.457180
71.869071, 185.116246
71.401977, 186.775268
70.932095, 188.434245
70.459457, 190.093175
69.984098, 191.752058
69.506054, 193.410892
69.025360, 195.069677
68.542050, 196.728409
68.056160, 198.387090
67.567726, 200.045716
67.076783, 201.704287
66.583368, 203.362801
66.087516, 205.021256
65.589264, 206.679651
65.088649, 208.337985
64.585707, 209.996255
64.080475, 211.654460
63.572990, 213.312598
63.063289, 214.970667
62.551410, 216.628666
62.037390, 218.286591
61.521266, 219.944442
61.003078, 221.602216
60.482862, 223.259910
59.960656, 224.917523
59.436500, 226.575052
58.910431, 228.232495
58.382488, 229.889848
57.852710, 231.547110
57.321135, 233.204277
56.787803, 234.861346
56.252752, 236.518315
55.716023, 238.175181
55.177653, 239.831939
54.637683, 241.488588
54.096152, 243.145123
53.553100, 244.801540
53.008567, 246.457836
52.462592, 248.114006
51.915216, 249.770047
51.366479, 251.425955
50.816420, 253.081724
50.265081, 254.737350
49.712502, 256.392828
49.158723, 258.048152
48.603785, 259.703319
48.047729, 261.358321
47.490595, 263.013152
46.932424, 264.667808
46.373257, 266.322281
45.813135, 267.976564
45.252100, 269.630650
44.690192, 271.284532
44.127452, 272.938202
43.563922, 274.591651
42.999644, 276.244872
42.434658, 277.897854
41.869006, 279.550589
41.302729, 281.203065
40.735870, 282.855273
40.168469, 284.507200
39.600568, 286.158836
39.032209, 287.810168
38.463434, 289.461182
37.894285, 291.111864
37.324802, 292.762199
36.755029, 294.412172
36.185006, 296.061766
35.614775, 297.710963
35.044380, 299.359744
34.473860, 301.008089
33.903259, 302.655978
33.332619, 304.303386
32.761980, 305.950289
32.191385, 307.596663
31.620876, 309.242478
31.050496, 310.887706
30.480285, 312.532315
29.910286, 314.176270
29.340541, 315.819535
28.771091, 317.462071
28.201979, 319.103835
27.633246, 320.744782
27.064935, 322.384861
26.497087, 324.024021
25.929745, 325.662202
25.362949, 327.299343
24.796742, 328.935375
24.231166, 330.570224
23.666262, 332.203809
23.102073, 333.836042
22.538639, 335.466826
21.976004, 337.096054
21.414208, 338.723610
20.853293, 340.349366
20.293301, 341.973178
19.734274, 343.594890
19.176254, 345.214327
18.619282, 346.831294
18.063400, 348.445573
17.508650, 350.056920
16.955073, 351.665062
16.402713, 353.269689
15.851610, 354.870451
15.301807, 356.466950
14.753346, 358.058730
14.206271, 359.645272
13.660622, 1.225972
13.116444, 2.800136
12.573781, 4.366951
12.032675, 5.925466
11.493172, 7.474558
10.955318, 9.012894
10.419158, 10.538874
9.884740, 12.050569
9.352115, 13.545625
8.821334, 15.021142
8.292452, 16.473505
7.765529, 17.898154
7.240628, 19.289246
6.717821, 20.639179
6.197193, 21.937874
5.678842, 23.171677
5.162890, 24.321633
4.649496, 25.360641
4.138877, 26.248582
3.631346, 26.923501
3.127394, 27.284560
2.627848, 27.156356
2.134259, 26.206093
1.649941, 23.723995
1.183421, 17.931961
0.763318, 3.387272
0.511616, 325.070995
0.656204, 278.685108
1.040160, 259.003400
1.486054, 251.464882
1.949971, 248.260021
2.420008, 246.951745
2.891855, 246.622403
3.363595, 246.859888
3.834241, 247.453720
4.303228, 248.285719
4.770202, 249.284590
5.234925, 250.404836
5.697229, 251.616083
6.156985, 252.897294
6.614092, 254.233443
7.068469, 255.613512
7.520046, 257.029244
7.968760, 258.474327
8.414558, 259.943855
8.857390, 261.433957
9.297209, 262.941540
9.733972, 264.464099
10.167639, 265.999589
10.598168, 267.546318
11.025524, 269.102881
11.449669, 270.668095
11.870568, 272.240961
12.288186, 273.820630
12.702490, 275.406372
13.113445, 276.997559
13.521020, 278.593648
13.925183, 280.194165
14.325902, 281.798697
14.723146, 283.406879
15.116885, 285.018391
15.507088, 286.632950
15.893726, 288.250302
16.276770, 289.870223
16.656190, 291.492513
17.031958, 293.116990
17.404046, 294.743492
17.772426, 296.371874
18.137069, 298.002003
18.497950, 299.633759
18.855040, 301.267033
19.208314, 302.901725
19.557745, 304.537747
19.903307, 306.175014
20.244975, 307.813451
20.582722, 309.452988
20.916525, 311.093562
21.246358, 312.735114
21.572197, 314.377589
21.894017, 316.020937
22.211796, 317.665113
22.525509, 319.310072
22.835134, 320.955776
23.140647, 322.602187
23.442027, 324.249272
23.739250, 325.896997
24.032295, 327.545334
24.321140, 329.194254
24.605764, 330.843732
24.886147, 332.493744
25.162266, 334.144266
25.434103, 335.795277
25.701637, 337.446759
25.964848, 339.098691
26.223718, 340.751057
26.478226, 342.403840
26.728354, 344.057025
26.974085, 345.710598
27.215399, 347.364544
27.452279, 349.018851
27.684709, 350.673507
27.912669, 352.328501
28.136145, 353.983821
28.355119, 355.639458
28.569575, 357.295403
28.779498, 358.951645
28.984872, 0.608178
29.185683, 2.264993
29.381914, 3.922082
29.573553, 5.579439
29.760585, 7.237056
29.942996, 8.894928
30.120772, 10.553049
30.293902, 12.211413
30.462371, 13.870014
30.626168, 15.528849
30.785281, 17.187912
30.939698, 18.847199
31.089408, 20.506706
31.234399, 22.166429
31.374662, 23.826365
31.510185, 25.486510
31.640959, 27.146862
31.766974, 28.807417
31.888222, 30.468173
32.004692, 32.129127
32.116378, 33.790278
32.223269, 35.451622
32.325360, 37.113159
32.422641, 38.774886
32.515107, 40.436803
32.602749, 42.098907
32.685563, 43.761198
32.763541, 45.423674
32.836679, 47.086335
32.904970, 48.749180
32.968410, 50.412208
33.026994, 52.075420
33.080718, 53.738815
33.129578, 55.402392
33.173570, 57.066153
33.212691, 58.730096
33.246939, 60.394223
33.276310, 62.058535
33.300803, 63.723030
33.320416, 65.387712
33.335147, 67.052579
33.344996, 68.717635
33.349962, 70.382879
33.350044, 72.048313
33.345242, 73.713939
33.335557, 75.379759
33.320990, 77.045774
33.301541, 78.711987
33.277212, 80.378399
33.248006, 82.045013
33.213923, 83.711831
33.174967, 85.378857
33.131140, 87.046092
33.082446, 88.713541
33.028889, 90.381207
32.970472, 92.049092
32.907199, 93.717200
32.839076, 95.385536
32.766108, 97.054104
32.688299, 98.722907
32.605655, 100.391950
32.518184, 102.061238
32.425890, 103.730777
32.328781, 105.400570
32.226865, 107.070625
32.120148, 108.740946
32.008639, 110.411540
31.892345, 112.082413
31.771276, 113.753572
31.645440, 115.425024
31.514847, 117.096776
31.379506, 118.768836
31.239427, 120.441213
31.094621, 122.113915
30.945098, 123.786950
30.790870, 125.460329
30.631947, 127.134061
30.468342, 128.808157
30.300067, 130.482627
30.127134, 132.157484
29.949555, 133.832738
29.767345, 135.508404
29.580516, 137.184493
29.389082, 138.861021
29.193059, 140.538002
28.992459, 142.215451
28.787298, 143.893384
28.577591, 145.571820
28.363353, 147.250776
28.144602, 148.930272
27.921352, 150.610327
27.693620, 152.290962
27.461423, 153.972202
27.224779, 155.654068
26.983706, 157.336587
26.738220, 159.019785
26.488340, 160.703690
26.234085, 162.388333
25.975474, 164.073745
25.712526, 165.759959
25.445260, 167.447013
25.173697, 169.134943
24.897857, 170.823790
24.617761, 172.513598
24.333429, 174.204413
24.044882, 175.896283
23.752143, 177.589262
23.455233, 179.283405
23.154175, 180.978773
22.848992, 182.675430
22.539705, 184.373445
22.226339, 186.072893
21.908918, 187.773854
21.587465, 189.476413
21.262005, 191.180664
20.932562, 192.886708
20.599163, 194.594652
20.261831, 196.304615
19.920593, 198.016725
19.575476, 199.731119
19.226506, 201.447951
18.873710, 203.167384
18.517116, 204.889599
18.156751, 206.614794
17.792645, 208.343185
17.424825, 210.075012
17.053321, 211.810537
16.678163, 213.550052
16.299381, 215.293878
15.917007, 217.042373
15.531072, 218.795937
15.141607, 220.555014
14.748648, 222.320106
14.352226, 224.091773
13.952377, 225.870651
13.549137, 227.657458
13.142542, 229.453013
12.732631, 231.258248
12.319444, 233.074236
11.903021, 234.902214
11.483406, 236.743614
11.060644, 238.600108
10.634786, 240.473654
10.205881, 242.366566
9.773986, 244.281594
9.339163, 246.222033
8.901479, 248.191866
8.461010, 250.195946
8.017840, 252.240259
7.572071, 254.332257
7.123819, 256.481346
6.673224, 258.699560
6.220462, 261.002539
5.765752, 263.410977
5.309381, 265.952815
4.851733, 268.666659
4.393344, 271.607312
3.934987, 274.855029
3.477831, 278.531704
3.023736, 282.830557
2.575853, 288.073360
2.139903, 294.825807
1.727187, 304.132369
1.361825, 317.923859
1.095832, 339.029386
1.014594, 7.373982
1.160820, 34.250055
1.470485, 53.090858
1.865725, 65.392949
2.304400, 73.853131
2.767155, 80.113883
3.244735, 85.054853
3.732335, 89.158006
4.227254, 92.701642
4.727865, 95.855259
5.233127, 98.727121
5.742344, 101.389265
6.255025, 103.891330
6.770812, 106.268557
7.289437, 108.546623
7.810688, 110.744654
8.334396, 112.877184
8.860423, 114.955441
9.388651, 116.988240
9.918977, 118.982588
10.451314, 120.944132
10.985580, 122.877463
11.521703, 124.786360
12.059616, 126.673956
12.599255, 128.542872
13.140561, 130.395316
13.683478, 132.233164
14.227952, 134.058015
14.773930, 135.871246
15.321362, 137.674045
15.870199, 139.467443
16.420391, 141.252342
16.971893, 143.029530
17.524657, 144.799702
18.078637, 146.563472
18.633787, 148.321383
19.190063, 150.073919
19.747420, 151.821514
20.305814, 153.564554
20.865200, 155.303388
21.425536, 157.038328
21.986776, 158.769658
22.548878, 160.497633
23.111798, 162.222487
23.675494, 163.944431
24.239922, 165.663658
24.805039, 167.380344
25.370802, 169.094650
25.937169, 170.806725
26.504097, 172.516703
27.071543, 174.224711
27.639464, 175.930863
28.207818, 177.635267
28.776563, 179.338020
29.345655, 181.039214
29.915053, 182.738933
30.484713, 184.437256
31.054595, 186.134257
31.624654, 187.830002
32.194849, 189.524557
32.765137, 191.217979
33.335477, 192.910324
33.905825, 194.601645
34.476140, 196.291990
35.046379, 197.981404
35.616500, 199.669929
36.186462, 201.357607
36.756221, 203.044475
37.325736, 204.730568
37.894965, 206.415920
38.463866, 208.100563
39.032396, 209.784525
39.600514, 211.467836
40.168178, 213.150522
40.735347, 214.832608
41.301977, 216.514118
41.868029, 218.195074
42.433459, 219.875498
42.998226, 221.555411
43.562290, 223.234830
44.125607, 224.913776
44.688137, 226.592264
45.249839, 228.270312
45.810670, 229.947936
46.370591, 231.625150
46.929559, 233.301968
47.487533, 234.978405
48.044474, 236.654474
48.600338, 238.330185
49.155087, 240.005553
49.708678, 241.680587
50.261072, 243.355299
50.812228, 245.029699
51.362104, 246.703796
51.910662, 248.377602
52.457860, 250.051123
53.003659, 251.724370
53.548017, 253.397350
54.090897, 255.070071
54.632256, 256.742542
55.172057, 258.414769
55.710258, 260.086759
56.246821, 261.758520
56.781706, 263.430058
57.314874, 265.101378
57.846286, 266.772488
58.375903, 268.443392
58.903685, 270.114097
59.429595, 271.784608
59.953594, 273.454930
60.475642, 275.125067
60.995702, 276.795025
61.513736, 278.464809
62.029706, 280.134422
62.543574, 281.803869
63.055301, 283.473155
63.564852, 285.142282
64.072187, 286.811256
64.577270, 288.480079
65.080064, 290.148756
65.580533, 291.817289
66.078638, 293.485683
66.574345, 295.153940
67.067616, 296.822063
67.558415, 298.490056
68.046706, 300.157921
68.532454, 301.825662
69.015622, 303.493280
69.496176, 305.160780
69.974080, 306.828162
70.449299, 308.495430
70.921798, 310.162587
71.391543, 311.829633
71.858499, 313.496573
72.322632, 315.163407
72.783908, 316.830138
##END=
