##TITLE= Parameter file, TopSpin 4.3.0
##JCAMPDX= 5.0
##DATATYPE= Parameter Values
##ORIGIN= Bruker BioSpin GmbH
##OWNER= nmrsu
$$ 2024-05-31 15:09:10.274 +0100  nmrsu@4CE1161FJM
$$ C:/Bruker/TopSpin4.3.0/exp/stan/nmr/lists/wave/user/multisupp_aux_d8
$$ process C:\Bruker\TopSpin4.3.0\prog\mod\xwinshape.exe
##MINX= 0.42455900
##MAXX= 99.99938900
##MINY= 0.34922400
##MAXY= 359.65077600
##$SHAPE_ADDPHASE= 0
##$SHAPE_AMP= 99.99938935
##$SHAPE_BWFAC= 0
##$SHAPE_BWFAC50= 0
##$SHAPE_CALCBW= yes
##$SHAPE_CALCINTEG= yes
##$SHAPE_EXMODE= <Excitation>
##$SHAPE_EXPAND= <>
##$SHAPE_EXPANDCF= (0..143)
0 0 0 0 0 0 0 0 0 0 0 0 0 0 0 0 0 0 0 0 0 0 0 0 0 0 0 0 0 0 0 0 0 0 0 0
0 0 0 0 0 0 0 0 0 0 0 0 0 0 0 0 0 0 0 0 0 0 0 0 0 0 0 0 0 0 0 0 0 0 0 0
0 0 0 0 0 0 0 0 0 0 0 0 0 0 0 0 0 0 0 0 0 0 0 0 0 0 0 0 0 0 0 0 0 0 0 0
0 0 0 0 0 0 0 0 0 0 0 0 0 0 0 0 0 0 0 0 0 0 0 0 0 0 0 0 0 0 0 0 0 0 0 0
##$SHAPE_EXPFAC= 0
##$SHAPE_FRACEND= 0
##$SHAPE_FRACORG= 0
##$SHAPE_FRACSTART= 0
##$SHAPE_INTEGFAC= 0
##$SHAPE_KEEPRES= yes
##$SHAPE_LENGTH= 25000.000373
##$SHAPE_MAN= <M>
##$SHAPE_MODE= 3
##$SHAPE_MODFREQ= 0
##$SHAPE_MODPHASE= 0
##$SHAPE_MODSCALE= 0
##$SHAPE_MODSW= 0
##$SHAPE_MODSWDIR= -1
##$SHAPE_NPOINTS= 1250
##$SHAPE_OFFS= <1 3>
##$SHAPE_OFFSCOEFF= (0..95)
-139.95969 0 100 -207.67235 0 100 -276.19928 0 100 0 0 0 0 0 0 0 0 0 0
0 0 0 0 0 0 0 0 0 0 0 0 0 0 0 0 0 0 0 0 0 0 0 0 0 0 0 0 0 0 0 0 0 0 0 0
0 0 0 0 0 0 0 0 0 0 0 0 0 0 0 0 0 0 0 0 0 0 0 0 0 0 0 0 0 0 0 0 0 0 0 0
0 0 0 0 0
##$SHAPE_PARAMETER= <>
##$SHAPE_REPHFAC= 0
##$SHAPE_RES= 0
##$SHAPE_SCALEFAC= 1.00000611
##$SHAPE_SCALETYPE= 0
##$SHAPE_SPOAL= 0
##$SHAPE_SPOFFS= 0
##$SHAPE_SPOPH= 0
##$SHAPE_TOTROT= 90
##$SHAPE_TYPE= <Excitation>
##$SHAPE_USER_DEF= <>
##$SHAPE_VERSION= 2.1
##$SHL_ADDPHASE= (0..15)
0 0 0 0 0 0 0 0 0 0 0 0 0 0 0 0
##$SHL_ALIGNOFFSET= (0..15)
0 0 0 0 0 0 0 0 0 0 0 0 0 0 0 0
##$SHL_AMP= (0..15)
100 0 0 0 0 0 0 0 0 0 0 0 0 0 0 0
##$SHL_AMPFAC= (0..15)
0 0 0 0 0 0 0 0 0 0 0 0 0 0 0 0
##$SHL_BETA= (0..15)
0 0 0 0 0 0 0 0 0 0 0 0 0 0 0 0
##$SHL_BWFAC= (0..15)
1.116 0 0 0 0 0 0 0 0 0 0 0 0 0 0 0
##$SHL_CALCBW= (0..15)
yes yes yes yes yes yes yes yes yes yes yes yes yes yes yes yes
##$SHL_CALCINTEG= (0..15)
yes yes yes yes yes yes yes yes yes yes yes yes yes yes yes yes
##$SHL_CENTERAMP= (0..15)
0 0 0 0 0 0 0 0 0 0 0 0 0 0 0 0
##$SHL_CYCNUM= (0..15)
0 0 0 0 0 0 0 0 0 0 0 0 0 0 0 0
##$SHL_DIPOLCPL= (0..15)
0 0 0 0 0 0 0 0 0 0 0 0 0 0 0 0
##$SHL_ENDAMP= (0..15)
0 0 0 0 0 0 0 0 0 0 0 0 0 0 0 0
##$SHL_EXMODE= (0..15)
<Excitation> <> <> <> <> <> <> <> <> <> <> <> <> <> <> <>
##$SHL_EXPAND= (0..15)
<> <> <> <> <> <> <> <> <> <> <> <> <> <> <> <>
##$SHL_EXPANDCF0= (0..143)
0 0 0 0 0 0 0 0 0 0 0 0 0 0 0 0 0 0 0 0 0 0 0 0 0 0 0 0 0 0 0 0 0 0 0 0
0 0 0 0 0 0 0 0 0 0 0 0 0 0 0 0 0 0 0 0 0 0 0 0 0 0 0 0 0 0 0 0 0 0 0 0
0 0 0 0 0 0 0 0 0 0 0 0 0 0 0 0 0 0 0 0 0 0 0 0 0 0 0 0 0 0 0 0 0 0 0 0
0 0 0 0 0 0 0 0 0 0 0 0 0 0 0 0 0 0 0 0 0 0 0 0 0 0 0 0 0 0 0 0 0 0 0 0
##$SHL_EXPANDCF1= (0..143)
0 0 0 0 0 0 0 0 0 0 0 0 0 0 0 0 0 0 0 0 0 0 0 0 0 0 0 0 0 0 0 0 0 0 0 0
0 0 0 0 0 0 0 0 0 0 0 0 0 0 0 0 0 0 0 0 0 0 0 0 0 0 0 0 0 0 0 0 0 0 0 0
0 0 0 0 0 0 0 0 0 0 0 0 0 0 0 0 0 0 0 0 0 0 0 0 0 0 0 0 0 0 0 0 0 0 0 0
0 0 0 0 0 0 0 0 0 0 0 0 0 0 0 0 0 0 0 0 0 0 0 0 0 0 0 0 0 0 0 0 0 0 0 0
##$SHL_EXPANDCF10= (0..143)
0 0 0 0 0 0 0 0 0 0 0 0 0 0 0 0 0 0 0 0 0 0 0 0 0 0 0 0 0 0 0 0 0 0 0 0
0 0 0 0 0 0 0 0 0 0 0 0 0 0 0 0 0 0 0 0 0 0 0 0 0 0 0 0 0 0 0 0 0 0 0 0
0 0 0 0 0 0 0 0 0 0 0 0 0 0 0 0 0 0 0 0 0 0 0 0 0 0 0 0 0 0 0 0 0 0 0 0
0 0 0 0 0 0 0 0 0 0 0 0 0 0 0 0 0 0 0 0 0 0 0 0 0 0 0 0 0 0 0 0 0 0 0 0
##$SHL_EXPANDCF11= (0..143)
0 0 0 0 0 0 0 0 0 0 0 0 0 0 0 0 0 0 0 0 0 0 0 0 0 0 0 0 0 0 0 0 0 0 0 0
0 0 0 0 0 0 0 0 0 0 0 0 0 0 0 0 0 0 0 0 0 0 0 0 0 0 0 0 0 0 0 0 0 0 0 0
0 0 0 0 0 0 0 0 0 0 0 0 0 0 0 0 0 0 0 0 0 0 0 0 0 0 0 0 0 0 0 0 0 0 0 0
0 0 0 0 0 0 0 0 0 0 0 0 0 0 0 0 0 0 0 0 0 0 0 0 0 0 0 0 0 0 0 0 0 0 0 0
##$SHL_EXPANDCF12= (0..143)
0 0 0 0 0 0 0 0 0 0 0 0 0 0 0 0 0 0 0 0 0 0 0 0 0 0 0 0 0 0 0 0 0 0 0 0
0 0 0 0 0 0 0 0 0 0 0 0 0 0 0 0 0 0 0 0 0 0 0 0 0 0 0 0 0 0 0 0 0 0 0 0
0 0 0 0 0 0 0 0 0 0 0 0 0 0 0 0 0 0 0 0 0 0 0 0 0 0 0 0 0 0 0 0 0 0 0 0
0 0 0 0 0 0 0 0 0 0 0 0 0 0 0 0 0 0 0 0 0 0 0 0 0 0 0 0 0 0 0 0 0 0 0 0
##$SHL_EXPANDCF13= (0..143)
0 0 0 0 0 0 0 0 0 0 0 0 0 0 0 0 0 0 0 0 0 0 0 0 0 0 0 0 0 0 0 0 0 0 0 0
0 0 0 0 0 0 0 0 0 0 0 0 0 0 0 0 0 0 0 0 0 0 0 0 0 0 0 0 0 0 0 0 0 0 0 0
0 0 0 0 0 0 0 0 0 0 0 0 0 0 0 0 0 0 0 0 0 0 0 0 0 0 0 0 0 0 0 0 0 0 0 0
0 0 0 0 0 0 0 0 0 0 0 0 0 0 0 0 0 0 0 0 0 0 0 0 0 0 0 0 0 0 0 0 0 0 0 0
##$SHL_EXPANDCF14= (0..143)
0 0 0 0 0 0 0 0 0 0 0 0 0 0 0 0 0 0 0 0 0 0 0 0 0 0 0 0 0 0 0 0 0 0 0 0
0 0 0 0 0 0 0 0 0 0 0 0 0 0 0 0 0 0 0 0 0 0 0 0 0 0 0 0 0 0 0 0 0 0 0 0
0 0 0 0 0 0 0 0 0 0 0 0 0 0 0 0 0 0 0 0 0 0 0 0 0 0 0 0 0 0 0 0 0 0 0 0
0 0 0 0 0 0 0 0 0 0 0 0 0 0 0 0 0 0 0 0 0 0 0 0 0 0 0 0 0 0 0 0 0 0 0 0
##$SHL_EXPANDCF15= (0..143)
0 0 0 0 0 0 0 0 0 0 0 0 0 0 0 0 0 0 0 0 0 0 0 0 0 0 0 0 0 0 0 0 0 0 0 0
0 0 0 0 0 0 0 0 0 0 0 0 0 0 0 0 0 0 0 0 0 0 0 0 0 0 0 0 0 0 0 0 0 0 0 0
0 0 0 0 0 0 0 0 0 0 0 0 0 0 0 0 0 0 0 0 0 0 0 0 0 0 0 0 0 0 0 0 0 0 0 0
0 0 0 0 0 0 0 0 0 0 0 0 0 0 0 0 0 0 0 0 0 0 0 0 0 0 0 0 0 0 0 0 0 0 0 0
##$SHL_EXPANDCF2= (0..143)
0 0 0 0 0 0 0 0 0 0 0 0 0 0 0 0 0 0 0 0 0 0 0 0 0 0 0 0 0 0 0 0 0 0 0 0
0 0 0 0 0 0 0 0 0 0 0 0 0 0 0 0 0 0 0 0 0 0 0 0 0 0 0 0 0 0 0 0 0 0 0 0
0 0 0 0 0 0 0 0 0 0 0 0 0 0 0 0 0 0 0 0 0 0 0 0 0 0 0 0 0 0 0 0 0 0 0 0
0 0 0 0 0 0 0 0 0 0 0 0 0 0 0 0 0 0 0 0 0 0 0 0 0 0 0 0 0 0 0 0 0 0 0 0
##$SHL_EXPANDCF3= (0..143)
0 0 0 0 0 0 0 0 0 0 0 0 0 0 0 0 0 0 0 0 0 0 0 0 0 0 0 0 0 0 0 0 0 0 0 0
0 0 0 0 0 0 0 0 0 0 0 0 0 0 0 0 0 0 0 0 0 0 0 0 0 0 0 0 0 0 0 0 0 0 0 0
0 0 0 0 0 0 0 0 0 0 0 0 0 0 0 0 0 0 0 0 0 0 0 0 0 0 0 0 0 0 0 0 0 0 0 0
0 0 0 0 0 0 0 0 0 0 0 0 0 0 0 0 0 0 0 0 0 0 0 0 0 0 0 0 0 0 0 0 0 0 0 0
##$SHL_EXPANDCF4= (0..143)
0 0 0 0 0 0 0 0 0 0 0 0 0 0 0 0 0 0 0 0 0 0 0 0 0 0 0 0 0 0 0 0 0 0 0 0
0 0 0 0 0 0 0 0 0 0 0 0 0 0 0 0 0 0 0 0 0 0 0 0 0 0 0 0 0 0 0 0 0 0 0 0
0 0 0 0 0 0 0 0 0 0 0 0 0 0 0 0 0 0 0 0 0 0 0 0 0 0 0 0 0 0 0 0 0 0 0 0
0 0 0 0 0 0 0 0 0 0 0 0 0 0 0 0 0 0 0 0 0 0 0 0 0 0 0 0 0 0 0 0 0 0 0 0
##$SHL_EXPANDCF5= (0..143)
0 0 0 0 0 0 0 0 0 0 0 0 0 0 0 0 0 0 0 0 0 0 0 0 0 0 0 0 0 0 0 0 0 0 0 0
0 0 0 0 0 0 0 0 0 0 0 0 0 0 0 0 0 0 0 0 0 0 0 0 0 0 0 0 0 0 0 0 0 0 0 0
0 0 0 0 0 0 0 0 0 0 0 0 0 0 0 0 0 0 0 0 0 0 0 0 0 0 0 0 0 0 0 0 0 0 0 0
0 0 0 0 0 0 0 0 0 0 0 0 0 0 0 0 0 0 0 0 0 0 0 0 0 0 0 0 0 0 0 0 0 0 0 0
##$SHL_EXPANDCF6= (0..143)
0 0 0 0 0 0 0 0 0 0 0 0 0 0 0 0 0 0 0 0 0 0 0 0 0 0 0 0 0 0 0 0 0 0 0 0
0 0 0 0 0 0 0 0 0 0 0 0 0 0 0 0 0 0 0 0 0 0 0 0 0 0 0 0 0 0 0 0 0 0 0 0
0 0 0 0 0 0 0 0 0 0 0 0 0 0 0 0 0 0 0 0 0 0 0 0 0 0 0 0 0 0 0 0 0 0 0 0
0 0 0 0 0 0 0 0 0 0 0 0 0 0 0 0 0 0 0 0 0 0 0 0 0 0 0 0 0 0 0 0 0 0 0 0
##$SHL_EXPANDCF7= (0..143)
0 0 0 0 0 0 0 0 0 0 0 0 0 0 0 0 0 0 0 0 0 0 0 0 0 0 0 0 0 0 0 0 0 0 0 0
0 0 0 0 0 0 0 0 0 0 0 0 0 0 0 0 0 0 0 0 0 0 0 0 0 0 0 0 0 0 0 0 0 0 0 0
0 0 0 0 0 0 0 0 0 0 0 0 0 0 0 0 0 0 0 0 0 0 0 0 0 0 0 0 0 0 0 0 0 0 0 0
0 0 0 0 0 0 0 0 0 0 0 0 0 0 0 0 0 0 0 0 0 0 0 0 0 0 0 0 0 0 0 0 0 0 0 0
##$SHL_EXPANDCF8= (0..143)
0 0 0 0 0 0 0 0 0 0 0 0 0 0 0 0 0 0 0 0 0 0 0 0 0 0 0 0 0 0 0 0 0 0 0 0
0 0 0 0 0 0 0 0 0 0 0 0 0 0 0 0 0 0 0 0 0 0 0 0 0 0 0 0 0 0 0 0 0 0 0 0
0 0 0 0 0 0 0 0 0 0 0 0 0 0 0 0 0 0 0 0 0 0 0 0 0 0 0 0 0 0 0 0 0 0 0 0
0 0 0 0 0 0 0 0 0 0 0 0 0 0 0 0 0 0 0 0 0 0 0 0 0 0 0 0 0 0 0 0 0 0 0 0
##$SHL_EXPANDCF9= (0..143)
0 0 0 0 0 0 0 0 0 0 0 0 0 0 0 0 0 0 0 0 0 0 0 0 0 0 0 0 0 0 0 0 0 0 0 0
0 0 0 0 0 0 0 0 0 0 0 0 0 0 0 0 0 0 0 0 0 0 0 0 0 0 0 0 0 0 0 0 0 0 0 0
0 0 0 0 0 0 0 0 0 0 0 0 0 0 0 0 0 0 0 0 0 0 0 0 0 0 0 0 0 0 0 0 0 0 0 0
0 0 0 0 0 0 0 0 0 0 0 0 0 0 0 0 0 0 0 0 0 0 0 0 0 0 0 0 0 0 0 0 0 0 0 0
##$SHL_EXPFAC= (0..15)
0 0 0 0 0 0 0 0 0 0 0 0 0 0 0 0
##$SHL_FRACEND= (0..15)
0 0 0 0 0 0 0 0 0 0 0 0 0 0 0 0
##$SHL_FRACORG= (0..15)
0 0 0 0 0 0 0 0 0 0 0 0 0 0 0 0
##$SHL_FRACSTART= (0..15)
0 0 0 0 0 0 0 0 0 0 0 0 0 0 0 0
##$SHL_FULLHALF= (0..15)
0 0 0 0 0 0 0 0 0 0 0 0 0 0 0 0
##$SHL_FUNCAMP= (0..15)
100 0 0 0 0 0 0 0 0 0 0 0 0 0 0 0
##$SHL_FUNCTION= (0..15)
<Rectangle> <> <> <> <> <> <> <> <> <> <> <> <> <> <> <>
##$SHL_GCO= (0..15)
<> <> <> <> <> <> <> <> <> <> <> <> <> <> <> <>
##$SHL_GCOCOEFFS0= (0..59)
0 0 0 0 0 0 0 0 0 0 0 0 0 0 0 0 0 0 0 0 0 0 0 0 0 0 0 0 0 0 0 0 0 0 0 0
0 0 0 0 0 0 0 0 0 0 0 0 0 0 0 0 0 0 0 0 0 0 0 0
##$SHL_GCOCOEFFS1= (0..59)
0 0 0 0 0 0 0 0 0 0 0 0 0 0 0 0 0 0 0 0 0 0 0 0 0 0 0 0 0 0 0 0 0 0 0 0
0 0 0 0 0 0 0 0 0 0 0 0 0 0 0 0 0 0 0 0 0 0 0 0
##$SHL_GCOCOEFFS10= (0..59)
0 0 0 0 0 0 0 0 0 0 0 0 0 0 0 0 0 0 0 0 0 0 0 0 0 0 0 0 0 0 0 0 0 0 0 0
0 0 0 0 0 0 0 0 0 0 0 0 0 0 0 0 0 0 0 0 0 0 0 0
##$SHL_GCOCOEFFS11= (0..59)
0 0 0 0 0 0 0 0 0 0 0 0 0 0 0 0 0 0 0 0 0 0 0 0 0 0 0 0 0 0 0 0 0 0 0 0
0 0 0 0 0 0 0 0 0 0 0 0 0 0 0 0 0 0 0 0 0 0 0 0
##$SHL_GCOCOEFFS12= (0..59)
0 0 0 0 0 0 0 0 0 0 0 0 0 0 0 0 0 0 0 0 0 0 0 0 0 0 0 0 0 0 0 0 0 0 0 0
0 0 0 0 0 0 0 0 0 0 0 0 0 0 0 0 0 0 0 0 0 0 0 0
##$SHL_GCOCOEFFS13= (0..59)
0 0 0 0 0 0 0 0 0 0 0 0 0 0 0 0 0 0 0 0 0 0 0 0 0 0 0 0 0 0 0 0 0 0 0 0
0 0 0 0 0 0 0 0 0 0 0 0 0 0 0 0 0 0 0 0 0 0 0 0
##$SHL_GCOCOEFFS14= (0..59)
0 0 0 0 0 0 0 0 0 0 0 0 0 0 0 0 0 0 0 0 0 0 0 0 0 0 0 0 0 0 0 0 0 0 0 0
0 0 0 0 0 0 0 0 0 0 0 0 0 0 0 0 0 0 0 0 0 0 0 0
##$SHL_GCOCOEFFS15= (0..59)
0 0 0 0 0 0 0 0 0 0 0 0 0 0 0 0 0 0 0 0 0 0 0 0 0 0 0 0 0 0 0 0 0 0 0 0
0 0 0 0 0 0 0 0 0 0 0 0 0 0 0 0 0 0 0 0 0 0 0 0
##$SHL_GCOCOEFFS2= (0..59)
0 0 0 0 0 0 0 0 0 0 0 0 0 0 0 0 0 0 0 0 0 0 0 0 0 0 0 0 0 0 0 0 0 0 0 0
0 0 0 0 0 0 0 0 0 0 0 0 0 0 0 0 0 0 0 0 0 0 0 0
##$SHL_GCOCOEFFS3= (0..59)
0 0 0 0 0 0 0 0 0 0 0 0 0 0 0 0 0 0 0 0 0 0 0 0 0 0 0 0 0 0 0 0 0 0 0 0
0 0 0 0 0 0 0 0 0 0 0 0 0 0 0 0 0 0 0 0 0 0 0 0
##$SHL_GCOCOEFFS4= (0..59)
0 0 0 0 0 0 0 0 0 0 0 0 0 0 0 0 0 0 0 0 0 0 0 0 0 0 0 0 0 0 0 0 0 0 0 0
0 0 0 0 0 0 0 0 0 0 0 0 0 0 0 0 0 0 0 0 0 0 0 0
##$SHL_GCOCOEFFS5= (0..59)
0 0 0 0 0 0 0 0 0 0 0 0 0 0 0 0 0 0 0 0 0 0 0 0 0 0 0 0 0 0 0 0 0 0 0 0
0 0 0 0 0 0 0 0 0 0 0 0 0 0 0 0 0 0 0 0 0 0 0 0
##$SHL_GCOCOEFFS6= (0..59)
0 0 0 0 0 0 0 0 0 0 0 0 0 0 0 0 0 0 0 0 0 0 0 0 0 0 0 0 0 0 0 0 0 0 0 0
0 0 0 0 0 0 0 0 0 0 0 0 0 0 0 0 0 0 0 0 0 0 0 0
##$SHL_GCOCOEFFS7= (0..59)
0 0 0 0 0 0 0 0 0 0 0 0 0 0 0 0 0 0 0 0 0 0 0 0 0 0 0 0 0 0 0 0 0 0 0 0
0 0 0 0 0 0 0 0 0 0 0 0 0 0 0 0 0 0 0 0 0 0 0 0
##$SHL_GCOCOEFFS8= (0..59)
0 0 0 0 0 0 0 0 0 0 0 0 0 0 0 0 0 0 0 0 0 0 0 0 0 0 0 0 0 0 0 0 0 0 0 0
0 0 0 0 0 0 0 0 0 0 0 0 0 0 0 0 0 0 0 0 0 0 0 0
##$SHL_GCOCOEFFS9= (0..59)
0 0 0 0 0 0 0 0 0 0 0 0 0 0 0 0 0 0 0 0 0 0 0 0 0 0 0 0 0 0 0 0 0 0 0 0
0 0 0 0 0 0 0 0 0 0 0 0 0 0 0 0 0 0 0 0 0 0 0 0
##$SHL_INTEGFAC= (0..15)
1 0 0 0 0 0 0 0 0 0 0 0 0 0 0 0
##$SHL_LB= (0..15)
0 0 0 0 0 0 0 0 0 0 0 0 0 0 0 0
##$SHL_LEFTLIMIT= (0..15)
0 0 0 0 0 0 0 0 0 0 0 0 0 0 0 0
##$SHL_LENGTH= (0..15)
25000.000373 0 0 0 0 0 0 0 0 0 0 0 0 0 0 0
##$SHL_MAN= (0..15)
<> <> <> <> <> <> <> <> <> <> <> <> <> <> <> <>
##$SHL_MEANAMP= (0..15)
0 0 0 0 0 0 0 0 0 0 0 0 0 0 0 0
##$SHL_MODAMP= (0..15)
0 0 0 0 0 0 0 0 0 0 0 0 0 0 0 0
##$SHL_MODE= (0..15)
0 0 0 0 0 0 0 0 0 0 0 0 0 0 0 0
##$SHL_MODFREQ= (0..15)
0 0 0 0 0 0 0 0 0 0 0 0 0 0 0 0
##$SHL_MODPHASE= (0..15)
0 0 0 0 0 0 0 0 0 0 0 0 0 0 0 0
##$SHL_MODSCALE= (0..15)
0 0 0 0 0 0 0 0 0 0 0 0 0 0 0 0
##$SHL_MODSW= (0..15)
0 0 0 0 0 0 0 0 0 0 0 0 0 0 0 0
##$SHL_MODSWDIR= (0..15)
-1 -1 -1 -1 -1 -1 -1 -1 -1 -1 -1 -1 -1 -1 -1 -1
##$SHL_MU= (0..15)
0 0 0 0 0 0 0 0 0 0 0 0 0 0 0 0
##$SHL_NPOINTS= (0..15)
1250 0 0 0 0 0 0 0 0 0 0 0 0 0 0 0
##$SHL_OFFS= (0..15)
<> <> <> <> <> <> <> <> <> <> <> <> <> <> <> <>
##$SHL_OFFSCOEFF0= (0..95)
0 0 0 0 0 0 0 0 0 0 0 0 0 0 0 0 0 0 0 0 0 0 0 0 0 0 0 0 0 0 0 0 0 0 0 0
0 0 0 0 0 0 0 0 0 0 0 0 0 0 0 0 0 0 0 0 0 0 0 0 0 0 0 0 0 0 0 0 0 0 0 0
0 0 0 0 0 0 0 0 0 0 0 0 0 0 0 0 0 0 0 0 0 0 0 0
##$SHL_OFFSCOEFF1= (0..95)
0 0 0 0 0 0 0 0 0 0 0 0 0 0 0 0 0 0 0 0 0 0 0 0 0 0 0 0 0 0 0 0 0 0 0 0
0 0 0 0 0 0 0 0 0 0 0 0 0 0 0 0 0 0 0 0 0 0 0 0 0 0 0 0 0 0 0 0 0 0 0 0
0 0 0 0 0 0 0 0 0 0 0 0 0 0 0 0 0 0 0 0 0 0 0 0
##$SHL_OFFSCOEFF10= (0..95)
0 0 0 0 0 0 0 0 0 0 0 0 0 0 0 0 0 0 0 0 0 0 0 0 0 0 0 0 0 0 0 0 0 0 0 0
0 0 0 0 0 0 0 0 0 0 0 0 0 0 0 0 0 0 0 0 0 0 0 0 0 0 0 0 0 0 0 0 0 0 0 0
0 0 0 0 0 0 0 0 0 0 0 0 0 0 0 0 0 0 0 0 0 0 0 0
##$SHL_OFFSCOEFF11= (0..95)
0 0 0 0 0 0 0 0 0 0 0 0 0 0 0 0 0 0 0 0 0 0 0 0 0 0 0 0 0 0 0 0 0 0 0 0
0 0 0 0 0 0 0 0 0 0 0 0 0 0 0 0 0 0 0 0 0 0 0 0 0 0 0 0 0 0 0 0 0 0 0 0
0 0 0 0 0 0 0 0 0 0 0 0 0 0 0 0 0 0 0 0 0 0 0 0
##$SHL_OFFSCOEFF12= (0..95)
0 0 0 0 0 0 0 0 0 0 0 0 0 0 0 0 0 0 0 0 0 0 0 0 0 0 0 0 0 0 0 0 0 0 0 0
0 0 0 0 0 0 0 0 0 0 0 0 0 0 0 0 0 0 0 0 0 0 0 0 0 0 0 0 0 0 0 0 0 0 0 0
0 0 0 0 0 0 0 0 0 0 0 0 0 0 0 0 0 0 0 0 0 0 0 0
##$SHL_OFFSCOEFF13= (0..95)
0 0 0 0 0 0 0 0 0 0 0 0 0 0 0 0 0 0 0 0 0 0 0 0 0 0 0 0 0 0 0 0 0 0 0 0
0 0 0 0 0 0 0 0 0 0 0 0 0 0 0 0 0 0 0 0 0 0 0 0 0 0 0 0 0 0 0 0 0 0 0 0
0 0 0 0 0 0 0 0 0 0 0 0 0 0 0 0 0 0 0 0 0 0 0 0
##$SHL_OFFSCOEFF14= (0..95)
0 0 0 0 0 0 0 0 0 0 0 0 0 0 0 0 0 0 0 0 0 0 0 0 0 0 0 0 0 0 0 0 0 0 0 0
0 0 0 0 0 0 0 0 0 0 0 0 0 0 0 0 0 0 0 0 0 0 0 0 0 0 0 0 0 0 0 0 0 0 0 0
0 0 0 0 0 0 0 0 0 0 0 0 0 0 0 0 0 0 0 0 0 0 0 0
##$SHL_OFFSCOEFF15= (0..95)
0 0 0 0 0 0 0 0 0 0 0 0 0 0 0 0 0 0 0 0 0 0 0 0 0 0 0 0 0 0 0 0 0 0 0 0
0 0 0 0 0 0 0 0 0 0 0 0 0 0 0 0 0 0 0 0 0 0 0 0 0 0 0 0 0 0 0 0 0 0 0 0
0 0 0 0 0 0 0 0 0 0 0 0 0 0 0 0 0 0 0 0 0 0 0 0
##$SHL_OFFSCOEFF2= (0..95)
0 0 0 0 0 0 0 0 0 0 0 0 0 0 0 0 0 0 0 0 0 0 0 0 0 0 0 0 0 0 0 0 0 0 0 0
0 0 0 0 0 0 0 0 0 0 0 0 0 0 0 0 0 0 0 0 0 0 0 0 0 0 0 0 0 0 0 0 0 0 0 0
0 0 0 0 0 0 0 0 0 0 0 0 0 0 0 0 0 0 0 0 0 0 0 0
##$SHL_OFFSCOEFF3= (0..95)
0 0 0 0 0 0 0 0 0 0 0 0 0 0 0 0 0 0 0 0 0 0 0 0 0 0 0 0 0 0 0 0 0 0 0 0
0 0 0 0 0 0 0 0 0 0 0 0 0 0 0 0 0 0 0 0 0 0 0 0 0 0 0 0 0 0 0 0 0 0 0 0
0 0 0 0 0 0 0 0 0 0 0 0 0 0 0 0 0 0 0 0 0 0 0 0
##$SHL_OFFSCOEFF4= (0..95)
0 0 0 0 0 0 0 0 0 0 0 0 0 0 0 0 0 0 0 0 0 0 0 0 0 0 0 0 0 0 0 0 0 0 0 0
0 0 0 0 0 0 0 0 0 0 0 0 0 0 0 0 0 0 0 0 0 0 0 0 0 0 0 0 0 0 0 0 0 0 0 0
0 0 0 0 0 0 0 0 0 0 0 0 0 0 0 0 0 0 0 0 0 0 0 0
##$SHL_OFFSCOEFF5= (0..95)
0 0 0 0 0 0 0 0 0 0 0 0 0 0 0 0 0 0 0 0 0 0 0 0 0 0 0 0 0 0 0 0 0 0 0 0
0 0 0 0 0 0 0 0 0 0 0 0 0 0 0 0 0 0 0 0 0 0 0 0 0 0 0 0 0 0 0 0 0 0 0 0
0 0 0 0 0 0 0 0 0 0 0 0 0 0 0 0 0 0 0 0 0 0 0 0
##$SHL_OFFSCOEFF6= (0..95)
0 0 0 0 0 0 0 0 0 0 0 0 0 0 0 0 0 0 0 0 0 0 0 0 0 0 0 0 0 0 0 0 0 0 0 0
0 0 0 0 0 0 0 0 0 0 0 0 0 0 0 0 0 0 0 0 0 0 0 0 0 0 0 0 0 0 0 0 0 0 0 0
0 0 0 0 0 0 0 0 0 0 0 0 0 0 0 0 0 0 0 0 0 0 0 0
##$SHL_OFFSCOEFF7= (0..95)
0 0 0 0 0 0 0 0 0 0 0 0 0 0 0 0 0 0 0 0 0 0 0 0 0 0 0 0 0 0 0 0 0 0 0 0
0 0 0 0 0 0 0 0 0 0 0 0 0 0 0 0 0 0 0 0 0 0 0 0 0 0 0 0 0 0 0 0 0 0 0 0
0 0 0 0 0 0 0 0 0 0 0 0 0 0 0 0 0 0 0 0 0 0 0 0
##$SHL_OFFSCOEFF8= (0..95)
0 0 0 0 0 0 0 0 0 0 0 0 0 0 0 0 0 0 0 0 0 0 0 0 0 0 0 0 0 0 0 0 0 0 0 0
0 0 0 0 0 0 0 0 0 0 0 0 0 0 0 0 0 0 0 0 0 0 0 0 0 0 0 0 0 0 0 0 0 0 0 0
0 0 0 0 0 0 0 0 0 0 0 0 0 0 0 0 0 0 0 0 0 0 0 0
##$SHL_OFFSCOEFF9= (0..95)
0 0 0 0 0 0 0 0 0 0 0 0 0 0 0 0 0 0 0 0 0 0 0 0 0 0 0 0 0 0 0 0 0 0 0 0
0 0 0 0 0 0 0 0 0 0 0 0 0 0 0 0 0 0 0 0 0 0 0 0 0 0 0 0 0 0 0 0 0 0 0 0
0 0 0 0 0 0 0 0 0 0 0 0 0 0 0 0 0 0 0 0 0 0 0 0
##$SHL_PHASE= (0..15)
0 0 0 0 0 0 0 0 0 0 0 0 0 0 0 0
##$SHL_PHASEFAC= (0..15)
0 0 0 0 0 0 0 0 0 0 0 0 0 0 0 0
##$SHL_POWERINDEX= (0..15)
0 0 0 0 0 0 0 0 0 0 0 0 0 0 0 0
##$SHL_QUADCOEFF= (0..15)
0 0 0 0 0 0 0 0 0 0 0 0 0 0 0 0
##$SHL_RIGHTLIMIT= (0..15)
0 0 0 0 0 0 0 0 0 0 0 0 0 0 0 0
##$SHL_SCALEFACTOR= (0..15)
1 1 1 1 1 1 1 1 1 1 1 1 1 1 1 1
##$SHL_SF= (0..15)
<> <> <> <> <> <> <> <> <> <> <> <> <> <> <> <>
##$SHL_SFCOEFFS0= (0..200)
0 0 0 0 0 0 0 0 0 0 0 0 0 0 0 0 0 0 0 0 0 0 0 0 0 0 0 0 0 0 0 0 0 0 0 0
0 0 0 0 0 0 0 0 0 0 0 0 0 0 0 0 0 0 0 0 0 0 0 0 0 0 0 0 0 0 0 0 0 0 0 0
0 0 0 0 0 0 0 0 0 0 0 0 0 0 0 0 0 0 0 0 0 0 0 0 0 0 0 0 0 0 0 0 0 0 0 0
0 0 0 0 0 0 0 0 0 0 0 0 0 0 0 0 0 0 0 0 0 0 0 0 0 0 0 0 0 0 0 0 0 0 0 0
0 0 0 0 0 0 0 0 0 0 0 0 0 0 0 0 0 0 0 0 0 0 0 0 0 0 0 0 0 0 0 0 0 0 0 0
0 0 0 0 0 0 0 0 0 0 0 0 0 0 0 0 0 0 0 0 0
##$SHL_SFCOEFFS1= (0..200)
0 0 0 0 0 0 0 0 0 0 0 0 0 0 0 0 0 0 0 0 0 0 0 0 0 0 0 0 0 0 0 0 0 0 0 0
0 0 0 0 0 0 0 0 0 0 0 0 0 0 0 0 0 0 0 0 0 0 0 0 0 0 0 0 0 0 0 0 0 0 0 0
0 0 0 0 0 0 0 0 0 0 0 0 0 0 0 0 0 0 0 0 0 0 0 0 0 0 0 0 0 0 0 0 0 0 0 0
0 0 0 0 0 0 0 0 0 0 0 0 0 0 0 0 0 0 0 0 0 0 0 0 0 0 0 0 0 0 0 0 0 0 0 0
0 0 0 0 0 0 0 0 0 0 0 0 0 0 0 0 0 0 0 0 0 0 0 0 0 0 0 0 0 0 0 0 0 0 0 0
0 0 0 0 0 0 0 0 0 0 0 0 0 0 0 0 0 0 0 0 0
##$SHL_SFCOEFFS10= (0..200)
0 0 0 0 0 0 0 0 0 0 0 0 0 0 0 0 0 0 0 0 0 0 0 0 0 0 0 0 0 0 0 0 0 0 0 0
0 0 0 0 0 0 0 0 0 0 0 0 0 0 0 0 0 0 0 0 0 0 0 0 0 0 0 0 0 0 0 0 0 0 0 0
0 0 0 0 0 0 0 0 0 0 0 0 0 0 0 0 0 0 0 0 0 0 0 0 0 0 0 0 0 0 0 0 0 0 0 0
0 0 0 0 0 0 0 0 0 0 0 0 0 0 0 0 0 0 0 0 0 0 0 0 0 0 0 0 0 0 0 0 0 0 0 0
0 0 0 0 0 0 0 0 0 0 0 0 0 0 0 0 0 0 0 0 0 0 0 0 0 0 0 0 0 0 0 0 0 0 0 0
0 0 0 0 0 0 0 0 0 0 0 0 0 0 0 0 0 0 0 0 0
##$SHL_SFCOEFFS11= (0..200)
0 0 0 0 0 0 0 0 0 0 0 0 0 0 0 0 0 0 0 0 0 0 0 0 0 0 0 0 0 0 0 0 0 0 0 0
0 0 0 0 0 0 0 0 0 0 0 0 0 0 0 0 0 0 0 0 0 0 0 0 0 0 0 0 0 0 0 0 0 0 0 0
0 0 0 0 0 0 0 0 0 0 0 0 0 0 0 0 0 0 0 0 0 0 0 0 0 0 0 0 0 0 0 0 0 0 0 0
0 0 0 0 0 0 0 0 0 0 0 0 0 0 0 0 0 0 0 0 0 0 0 0 0 0 0 0 0 0 0 0 0 0 0 0
0 0 0 0 0 0 0 0 0 0 0 0 0 0 0 0 0 0 0 0 0 0 0 0 0 0 0 0 0 0 0 0 0 0 0 0
0 0 0 0 0 0 0 0 0 0 0 0 0 0 0 0 0 0 0 0 0
##$SHL_SFCOEFFS12= (0..200)
0 0 0 0 0 0 0 0 0 0 0 0 0 0 0 0 0 0 0 0 0 0 0 0 0 0 0 0 0 0 0 0 0 0 0 0
0 0 0 0 0 0 0 0 0 0 0 0 0 0 0 0 0 0 0 0 0 0 0 0 0 0 0 0 0 0 0 0 0 0 0 0
0 0 0 0 0 0 0 0 0 0 0 0 0 0 0 0 0 0 0 0 0 0 0 0 0 0 0 0 0 0 0 0 0 0 0 0
0 0 0 0 0 0 0 0 0 0 0 0 0 0 0 0 0 0 0 0 0 0 0 0 0 0 0 0 0 0 0 0 0 0 0 0
0 0 0 0 0 0 0 0 0 0 0 0 0 0 0 0 0 0 0 0 0 0 0 0 0 0 0 0 0 0 0 0 0 0 0 0
0 0 0 0 0 0 0 0 0 0 0 0 0 0 0 0 0 0 0 0 0
##$SHL_SFCOEFFS13= (0..200)
0 0 0 0 0 0 0 0 0 0 0 0 0 0 0 0 0 0 0 0 0 0 0 0 0 0 0 0 0 0 0 0 0 0 0 0
0 0 0 0 0 0 0 0 0 0 0 0 0 0 0 0 0 0 0 0 0 0 0 0 0 0 0 0 0 0 0 0 0 0 0 0
0 0 0 0 0 0 0 0 0 0 0 0 0 0 0 0 0 0 0 0 0 0 0 0 0 0 0 0 0 0 0 0 0 0 0 0
0 0 0 0 0 0 0 0 0 0 0 0 0 0 0 0 0 0 0 0 0 0 0 0 0 0 0 0 0 0 0 0 0 0 0 0
0 0 0 0 0 0 0 0 0 0 0 0 0 0 0 0 0 0 0 0 0 0 0 0 0 0 0 0 0 0 0 0 0 0 0 0
0 0 0 0 0 0 0 0 0 0 0 0 0 0 0 0 0 0 0 0 0
##$SHL_SFCOEFFS14= (0..200)
0 0 0 0 0 0 0 0 0 0 0 0 0 0 0 0 0 0 0 0 0 0 0 0 0 0 0 0 0 0 0 0 0 0 0 0
0 0 0 0 0 0 0 0 0 0 0 0 0 0 0 0 0 0 0 0 0 0 0 0 0 0 0 0 0 0 0 0 0 0 0 0
0 0 0 0 0 0 0 0 0 0 0 0 0 0 0 0 0 0 0 0 0 0 0 0 0 0 0 0 0 0 0 0 0 0 0 0
0 0 0 0 0 0 0 0 0 0 0 0 0 0 0 0 0 0 0 0 0 0 0 0 0 0 0 0 0 0 0 0 0 0 0 0
0 0 0 0 0 0 0 0 0 0 0 0 0 0 0 0 0 0 0 0 0 0 0 0 0 0 0 0 0 0 0 0 0 0 0 0
0 0 0 0 0 0 0 0 0 0 0 0 0 0 0 0 0 0 0 0 0
##$SHL_SFCOEFFS15= (0..200)
0 0 0 0 0 0 0 0 0 0 0 0 0 0 0 0 0 0 0 0 0 0 0 0 0 0 0 0 0 0 0 0 0 0 0 0
0 0 0 0 0 0 0 0 0 0 0 0 0 0 0 0 0 0 0 0 0 0 0 0 0 0 0 0 0 0 0 0 0 0 0 0
0 0 0 0 0 0 0 0 0 0 0 0 0 0 0 0 0 0 0 0 0 0 0 0 0 0 0 0 0 0 0 0 0 0 0 0
0 0 0 0 0 0 0 0 0 0 0 0 0 0 0 0 0 0 0 0 0 0 0 0 0 0 0 0 0 0 0 0 0 0 0 0
0 0 0 0 0 0 0 0 0 0 0 0 0 0 0 0 0 0 0 0 0 0 0 0 0 0 0 0 0 0 0 0 0 0 0 0
0 0 0 0 0 0 0 0 0 0 0 0 0 0 0 0 0 0 0 0 0
##$SHL_SFCOEFFS2= (0..200)
0 0 0 0 0 0 0 0 0 0 0 0 0 0 0 0 0 0 0 0 0 0 0 0 0 0 0 0 0 0 0 0 0 0 0 0
0 0 0 0 0 0 0 0 0 0 0 0 0 0 0 0 0 0 0 0 0 0 0 0 0 0 0 0 0 0 0 0 0 0 0 0
0 0 0 0 0 0 0 0 0 0 0 0 0 0 0 0 0 0 0 0 0 0 0 0 0 0 0 0 0 0 0 0 0 0 0 0
0 0 0 0 0 0 0 0 0 0 0 0 0 0 0 0 0 0 0 0 0 0 0 0 0 0 0 0 0 0 0 0 0 0 0 0
0 0 0 0 0 0 0 0 0 0 0 0 0 0 0 0 0 0 0 0 0 0 0 0 0 0 0 0 0 0 0 0 0 0 0 0
0 0 0 0 0 0 0 0 0 0 0 0 0 0 0 0 0 0 0 0 0
##$SHL_SFCOEFFS3= (0..200)
0 0 0 0 0 0 0 0 0 0 0 0 0 0 0 0 0 0 0 0 0 0 0 0 0 0 0 0 0 0 0 0 0 0 0 0
0 0 0 0 0 0 0 0 0 0 0 0 0 0 0 0 0 0 0 0 0 0 0 0 0 0 0 0 0 0 0 0 0 0 0 0
0 0 0 0 0 0 0 0 0 0 0 0 0 0 0 0 0 0 0 0 0 0 0 0 0 0 0 0 0 0 0 0 0 0 0 0
0 0 0 0 0 0 0 0 0 0 0 0 0 0 0 0 0 0 0 0 0 0 0 0 0 0 0 0 0 0 0 0 0 0 0 0
0 0 0 0 0 0 0 0 0 0 0 0 0 0 0 0 0 0 0 0 0 0 0 0 0 0 0 0 0 0 0 0 0 0 0 0
0 0 0 0 0 0 0 0 0 0 0 0 0 0 0 0 0 0 0 0 0
##$SHL_SFCOEFFS4= (0..200)
0 0 0 0 0 0 0 0 0 0 0 0 0 0 0 0 0 0 0 0 0 0 0 0 0 0 0 0 0 0 0 0 0 0 0 0
0 0 0 0 0 0 0 0 0 0 0 0 0 0 0 0 0 0 0 0 0 0 0 0 0 0 0 0 0 0 0 0 0 0 0 0
0 0 0 0 0 0 0 0 0 0 0 0 0 0 0 0 0 0 0 0 0 0 0 0 0 0 0 0 0 0 0 0 0 0 0 0
0 0 0 0 0 0 0 0 0 0 0 0 0 0 0 0 0 0 0 0 0 0 0 0 0 0 0 0 0 0 0 0 0 0 0 0
0 0 0 0 0 0 0 0 0 0 0 0 0 0 0 0 0 0 0 0 0 0 0 0 0 0 0 0 0 0 0 0 0 0 0 0
0 0 0 0 0 0 0 0 0 0 0 0 0 0 0 0 0 0 0 0 0
##$SHL_SFCOEFFS5= (0..200)
0 0 0 0 0 0 0 0 0 0 0 0 0 0 0 0 0 0 0 0 0 0 0 0 0 0 0 0 0 0 0 0 0 0 0 0
0 0 0 0 0 0 0 0 0 0 0 0 0 0 0 0 0 0 0 0 0 0 0 0 0 0 0 0 0 0 0 0 0 0 0 0
0 0 0 0 0 0 0 0 0 0 0 0 0 0 0 0 0 0 0 0 0 0 0 0 0 0 0 0 0 0 0 0 0 0 0 0
0 0 0 0 0 0 0 0 0 0 0 0 0 0 0 0 0 0 0 0 0 0 0 0 0 0 0 0 0 0 0 0 0 0 0 0
0 0 0 0 0 0 0 0 0 0 0 0 0 0 0 0 0 0 0 0 0 0 0 0 0 0 0 0 0 0 0 0 0 0 0 0
0 0 0 0 0 0 0 0 0 0 0 0 0 0 0 0 0 0 0 0 0
##$SHL_SFCOEFFS6= (0..200)
0 0 0 0 0 0 0 0 0 0 0 0 0 0 0 0 0 0 0 0 0 0 0 0 0 0 0 0 0 0 0 0 0 0 0 0
0 0 0 0 0 0 0 0 0 0 0 0 0 0 0 0 0 0 0 0 0 0 0 0 0 0 0 0 0 0 0 0 0 0 0 0
0 0 0 0 0 0 0 0 0 0 0 0 0 0 0 0 0 0 0 0 0 0 0 0 0 0 0 0 0 0 0 0 0 0 0 0
0 0 0 0 0 0 0 0 0 0 0 0 0 0 0 0 0 0 0 0 0 0 0 0 0 0 0 0 0 0 0 0 0 0 0 0
0 0 0 0 0 0 0 0 0 0 0 0 0 0 0 0 0 0 0 0 0 0 0 0 0 0 0 0 0 0 0 0 0 0 0 0
0 0 0 0 0 0 0 0 0 0 0 0 0 0 0 0 0 0 0 0 0
##$SHL_SFCOEFFS7= (0..200)
0 0 0 0 0 0 0 0 0 0 0 0 0 0 0 0 0 0 0 0 0 0 0 0 0 0 0 0 0 0 0 0 0 0 0 0
0 0 0 0 0 0 0 0 0 0 0 0 0 0 0 0 0 0 0 0 0 0 0 0 0 0 0 0 0 0 0 0 0 0 0 0
0 0 0 0 0 0 0 0 0 0 0 0 0 0 0 0 0 0 0 0 0 0 0 0 0 0 0 0 0 0 0 0 0 0 0 0
0 0 0 0 0 0 0 0 0 0 0 0 0 0 0 0 0 0 0 0 0 0 0 0 0 0 0 0 0 0 0 0 0 0 0 0
0 0 0 0 0 0 0 0 0 0 0 0 0 0 0 0 0 0 0 0 0 0 0 0 0 0 0 0 0 0 0 0 0 0 0 0
0 0 0 0 0 0 0 0 0 0 0 0 0 0 0 0 0 0 0 0 0
##$SHL_SFCOEFFS8= (0..200)
0 0 0 0 0 0 0 0 0 0 0 0 0 0 0 0 0 0 0 0 0 0 0 0 0 0 0 0 0 0 0 0 0 0 0 0
0 0 0 0 0 0 0 0 0 0 0 0 0 0 0 0 0 0 0 0 0 0 0 0 0 0 0 0 0 0 0 0 0 0 0 0
0 0 0 0 0 0 0 0 0 0 0 0 0 0 0 0 0 0 0 0 0 0 0 0 0 0 0 0 0 0 0 0 0 0 0 0
0 0 0 0 0 0 0 0 0 0 0 0 0 0 0 0 0 0 0 0 0 0 0 0 0 0 0 0 0 0 0 0 0 0 0 0
0 0 0 0 0 0 0 0 0 0 0 0 0 0 0 0 0 0 0 0 0 0 0 0 0 0 0 0 0 0 0 0 0 0 0 0
0 0 0 0 0 0 0 0 0 0 0 0 0 0 0 0 0 0 0 0 0
##$SHL_SFCOEFFS9= (0..200)
0 0 0 0 0 0 0 0 0 0 0 0 0 0 0 0 0 0 0 0 0 0 0 0 0 0 0 0 0 0 0 0 0 0 0 0
0 0 0 0 0 0 0 0 0 0 0 0 0 0 0 0 0 0 0 0 0 0 0 0 0 0 0 0 0 0 0 0 0 0 0 0
0 0 0 0 0 0 0 0 0 0 0 0 0 0 0 0 0 0 0 0 0 0 0 0 0 0 0 0 0 0 0 0 0 0 0 0
0 0 0 0 0 0 0 0 0 0 0 0 0 0 0 0 0 0 0 0 0 0 0 0 0 0 0 0 0 0 0 0 0 0 0 0
0 0 0 0 0 0 0 0 0 0 0 0 0 0 0 0 0 0 0 0 0 0 0 0 0 0 0 0 0 0 0 0 0 0 0 0
0 0 0 0 0 0 0 0 0 0 0 0 0 0 0 0 0 0 0 0 0
##$SHL_SMOOTHED= (0..15)
0 0 0 0 0 0 0 0 0 0 0 0 0 0 0 0
##$SHL_SMOOTHING= (0..15)
0 0 0 0 0 0 0 0 0 0 0 0 0 0 0 0
##$SHL_SPOAL= (0..15)
0 0 0 0 0 0 0 0 0 0 0 0 0 0 0 0
##$SHL_SPOFFS= (0..15)
0 0 0 0 0 0 0 0 0 0 0 0 0 0 0 0
##$SHL_SPOPH= (0..15)
0 0 0 0 0 0 0 0 0 0 0 0 0 0 0 0
##$SHL_STARTAMP= (0..15)
0 0 0 0 0 0 0 0 0 0 0 0 0 0 0 0
##$SHL_SW= (0..15)
0 0 0 0 0 0 0 0 0 0 0 0 0 0 0 0
##$SHL_SWDIR= (0..15)
-1 -1 -1 -1 -1 -1 -1 -1 -1 -1 -1 -1 -1 -1 -1 -1
##$SHL_TANKAPPA= (0..15)
0 0 0 0 0 0 0 0 0 0 0 0 0 0 0 0
##$SHL_TOTROT= (0..15)
90 0 0 0 0 0 0 0 0 0 0 0 0 0 0 0
##$SHL_TRUNCLEV= (0..15)
0 0 0 0 0 0 0 0 0 0 0 0 0 0 0 0
##$SHL_TYPE= (0..15)
<Excitation> <> <> <> <> <> <> <> <> <> <> <> <> <> <> <>
##$SHL_WINDOWSIZE= (0..15)
0 0 0 0 0 0 0 0 0 0 0 0 0 0 0 0
##$SHL_ZETA= (0..15)
0 0 0 0 0 0 0 0 0 0 0 0 0 0 0 0
##NPOINTS= 1250
##XYPOINTS= (XY..XY)
72.785889, 145.229645
72.324565, 146.731814
71.860384, 148.234068
71.393380, 149.736409
70.923587, 151.238838
70.451039, 152.741358
69.975772, 154.243970
69.497819, 155.746676
69.017216, 157.249479
68.533999, 158.752379
68.048203, 160.255381
67.559862, 161.758485
67.069014, 163.261695
66.575694, 164.765012
66.079938, 166.268439
65.581783, 167.771979
65.081265, 169.275634
64.578421, 170.779407
64.073288, 172.283302
63.565902, 173.787320
63.056302, 175.291465
62.544524, 176.795740
62.030605, 178.300149
61.514585, 179.804695
60.996499, 181.309381
60.476388, 182.814211
59.954287, 184.319189
59.430237, 185.824319
58.904275, 187.329604
58.376439, 188.835050
57.846770, 190.340661
57.315305, 191.846440
56.782083, 193.352394
56.247144, 194.858527
55.710526, 196.364843
55.172270, 197.871349
54.632414, 199.378050
54.090999, 200.884952
53.548064, 202.392061
53.003648, 203.899384
52.457793, 205.406926
51.910537, 206.914694
51.361921, 208.422697
50.811985, 209.930941
50.260770, 211.439434
49.708316, 212.948184
49.154664, 214.457200
48.599854, 215.966491
48.043927, 217.476066
47.486924, 218.985935
46.928885, 220.496108
46.369853, 222.006596
45.809867, 223.517410
45.248969, 225.028561
44.687200, 226.540063
44.124601, 228.051928
43.561214, 229.564170
42.997080, 231.076803
42.432241, 232.589843
41.866738, 234.103304
41.300612, 235.617205
40.733906, 237.131562
40.166660, 238.646394
39.598918, 240.161721
39.030719, 241.677563
38.462107, 243.193943
37.893123, 244.710884
37.323809, 246.228410
36.754207, 247.746547
36.184359, 249.265323
35.614306, 250.784768
35.044092, 252.304912
34.473757, 253.825788
33.903344, 255.347433
33.332895, 256.869882
32.762453, 258.393178
32.192058, 259.917361
31.621754, 261.442478
31.051583, 262.968578
30.481586, 264.495713
29.911807, 266.023940
29.342286, 267.553318
28.773067, 269.083913
28.204192, 270.615794
27.635702, 272.149037
27.067641, 273.683724
26.500049, 275.219941
25.932971, 276.757785
25.366448, 278.297358
24.800522, 279.838773
24.235236, 281.382152
23.670633, 282.927628
23.106754, 284.475347
22.543642, 286.025468
21.981340, 287.578165
21.419891, 289.133632
20.859336, 290.692079
20.299720, 292.253741
19.741084, 293.818876
19.183473, 295.387773
18.626928, 296.960750
18.071494, 298.538167
17.517215, 300.120423
16.964134, 301.707968
16.412295, 303.301310
15.861744, 304.901025
15.312524, 306.507764
14.764683, 308.122275
14.218267, 309.745411
13.673323, 311.378157
13.129898, 313.021654
12.588044, 314.677229
12.047810, 316.346439
11.509251, 318.031117
10.972421, 319.733440
10.437379, 321.456015
9.904188, 323.201984
9.372914, 324.975176
8.843632, 326.780298
8.316423, 328.623205
7.791380, 330.511271
7.268611, 332.453912
6.748244, 334.463342
6.230437, 336.555687
5.715389, 338.752675
5.203359, 341.084276
4.694702, 343.592964
4.189919, 346.340898
3.689759, 349.422561
3.195399, 352.988283
2.708823, 357.290833
2.233643, 2.784531
1.777129, 10.351550
1.355714, 21.833905
1.010713, 40.994032
0.837774, 71.740943
0.933683, 104.995762
1.234487, 127.311321
1.628209, 140.507797
2.060485, 148.947032
2.509974, 154.917712
2.967575, 159.503013
3.428909, 163.248153
3.891637, 166.450078
4.354403, 169.282254
4.816360, 171.852105
5.276951, 174.229440
5.735789, 176.461477
6.192596, 178.581246
6.647161, 180.612516
7.099322, 182.572818
7.548948, 184.475354
7.995932, 186.330253
8.440181, 188.145415
8.881618, 189.927087
9.320174, 191.680276
9.755786, 193.409038
10.188397, 195.116698
10.617957, 196.806002
11.044417, 198.479242
11.467730, 200.138342
11.887855, 201.784932
12.304750, 203.420401
12.718376, 205.045940
13.128695, 206.662575
13.535670, 208.271196
13.939266, 209.872577
14.339449, 211.467398
14.736183, 213.056253
15.129438, 214.639669
15.519179, 216.218111
15.905376, 217.791994
16.287998, 219.361687
16.667014, 220.927519
17.042394, 222.489788
17.414108, 224.048760
17.782129, 225.604675
18.146426, 227.157752
18.506972, 228.708188
18.863739, 230.256161
19.216700, 231.801837
19.565828, 233.345363
19.911096, 234.886876
20.252478, 236.426502
20.589947, 237.964356
20.923480, 239.500542
21.253049, 241.035158
21.578631, 242.568295
21.900201, 244.100034
22.217735, 245.630453
22.531209, 247.159624
22.840600, 248.687611
23.145884, 250.214477
23.447039, 251.740279
23.744042, 253.265069
24.036871, 254.788899
24.325504, 256.311813
24.609920, 257.833856
24.890097, 259.355068
25.166015, 260.875488
25.437654, 262.395150
25.704993, 263.914088
25.968011, 265.432334
26.226691, 266.949918
26.481012, 268.466867
26.730956, 269.983207
26.976504, 271.498964
27.217639, 273.014160
27.454341, 274.528818
27.686594, 276.042958
27.914381, 277.556600
28.137684, 279.069763
28.356488, 280.582464
28.570776, 282.094720
28.780531, 283.606547
28.985740, 285.117959
29.186386, 286.628972
29.382455, 288.139598
29.573932, 289.649850
29.760803, 291.159741
29.943055, 292.669282
30.120673, 294.178484
30.293645, 295.687357
30.461959, 297.195912
30.625601, 298.704158
30.784559, 300.212103
30.938823, 301.719758
31.088379, 303.227129
31.233219, 304.734224
31.373330, 306.241052
31.508702, 307.747619
31.639326, 309.253931
31.765192, 310.759995
31.886290, 312.265818
32.002612, 313.771405
32.114149, 315.276762
32.220893, 316.781894
32.322836, 318.286805
32.419970, 319.791502
32.512289, 321.295988
32.599785, 322.800267
32.682452, 324.304345
32.760284, 325.808224
32.833276, 327.311909
32.901421, 328.815403
32.964715, 330.318710
33.023153, 331.821832
33.076730, 333.324773
33.125444, 334.827535
33.169290, 336.330121
33.208265, 337.832534
33.242366, 339.334777
33.271591, 340.836850
33.295937, 342.338757
33.315403, 343.840500
33.329987, 345.342079
33.339688, 346.843497
33.344506, 348.344756
33.344439, 349.845857
33.339488, 351.346800
33.329654, 352.847588
33.314937, 354.348222
33.295338, 355.848701
33.270858, 357.349027
33.241500, 358.849201
33.207265, 0.349224
33.168156, 1.849094
33.124176, 3.348814
33.075328, 4.848383
33.021616, 6.347801
32.963042, 7.847068
32.899613, 9.346184
32.831332, 10.845149
32.758205, 12.343962
32.680236, 13.842623
32.597432, 15.341130
32.509798, 16.839484
32.417341, 18.337683
32.320068, 19.835725
32.217986, 21.333611
32.111101, 22.831338
31.999424, 24.328905
31.882960, 25.826310
31.761719, 27.323552
31.635710, 28.820628
31.504942, 30.317536
31.369425, 31.814274
31.229168, 33.310839
31.084182, 34.807228
30.934477, 36.303440
30.780065, 37.799470
30.620956, 39.295315
30.457162, 40.790972
30.288696, 42.286436
30.115570, 43.781705
29.937796, 45.276772
29.755388, 46.771635
29.568358, 48.266288
29.376721, 49.760726
29.180491, 51.254943
28.979681, 52.748933
28.774308, 54.242691
28.564385, 55.736210
28.349928, 57.229482
28.130953, 58.722502
27.907477, 60.215259
27.679514, 61.707748
27.447083, 63.199958
27.210200, 64.691879
26.968883, 66.183504
26.723149, 67.674820
26.473016, 69.165816
26.218503, 70.656481
25.959629, 72.146802
25.696412, 73.636765
25.428872, 75.126355
25.157028, 76.615559
24.880901, 78.104358
24.600510, 79.592736
24.315877, 81.080674
24.027021, 82.568152
23.733966, 84.055149
23.436731, 85.541641
23.135340, 87.027604
22.829813, 88.513012
22.520174, 89.997836
22.206446, 91.482046
21.888650, 92.965609
21.566812, 94.448490
21.240955, 95.930650
20.911102, 97.412048
20.577278, 98.892639
20.239508, 100.372375
19.897816, 101.851203
19.552228, 103.329065
19.202770, 104.805899
18.849467, 106.281637
18.492345, 107.756204
18.131431, 109.229518
17.766752, 110.701490
17.398334, 112.172019
17.026206, 113.640997
16.650395, 115.108304
16.270928, 116.573804
15.887834, 118.037350
15.501143, 119.498775
15.110882, 120.957894
14.717082, 122.414497
14.319772, 123.868351
13.918982, 125.319191
13.514742, 126.766716
13.107084, 128.210584
12.696038, 129.650405
12.281638, 131.085727
11.863914, 132.516033
11.442899, 133.940720
11.018628, 135.359084
10.591133, 136.770300
10.160451, 138.173389
9.726617, 139.567188
9.289668, 140.950298
8.849641, 142.321024
8.406578, 143.677292
7.960519, 145.016539
7.511510, 146.335557
7.059597, 147.630275
6.604834, 148.895455
6.147278, 150.124237
5.686997, 151.307459
5.224070, 152.432612
4.758596, 153.482151
4.290702, 154.430698
3.820562, 155.240131
3.348430, 155.850486
2.874710, 156.161834
2.400102, 155.994725
1.925966, 154.993051
1.455409, 152.344087
0.997337, 145.771626
0.588414, 126.840415
0.424559, 72.840432
0.709940, 30.992044
1.150955, 17.751041
1.627684, 12.847957
2.117768, 10.856350
2.615011, 10.173446
3.117064, 10.183493
3.622839, 10.603003
4.131751, 11.284056
4.643451, 12.142139
5.157713, 13.125530
5.674377, 14.200831
6.193321, 15.345527
6.714451, 16.543891
7.237686, 17.784607
7.762957, 19.059331
8.290204, 20.361770
8.819370, 21.687095
9.350402, 23.031533
9.883251, 24.392100
10.417868, 25.766398
10.954208, 27.152484
11.492225, 28.548765
12.031875, 29.953919
12.573114, 31.366847
13.115899, 32.786622
13.660189, 34.212458
14.205939, 35.643686
14.753109, 37.079731
15.301656, 38.520098
15.851538, 39.964355
16.402715, 41.412128
16.955143, 42.863089
17.508783, 44.316948
18.063591, 45.773450
18.619528, 47.232370
19.176550, 48.693506
19.734618, 50.156679
20.293688, 51.621729
20.853721, 53.088510
21.414673, 54.556893
21.976505, 56.026761
22.539173, 57.498008
23.102637, 58.970537
23.666855, 60.444262
24.231786, 61.919101
24.797387, 63.394982
25.363617, 64.871839
25.930434, 66.349610
26.497797, 67.828239
27.065664, 69.307674
27.633992, 70.787868
28.202741, 72.268777
28.771868, 73.750360
29.341331, 75.232579
29.911089, 76.715400
30.481100, 78.198790
31.051322, 79.682718
31.621712, 81.167157
32.192230, 82.652081
32.762833, 84.137464
33.333479, 85.623285
33.904127, 87.109521
34.474734, 88.596153
35.045259, 90.083163
35.615659, 91.570531
36.185894, 93.058243
36.755920, 94.546281
37.325697, 96.034633
37.895182, 97.523283
38.464334, 99.012219
39.033111, 100.501428
39.601471, 101.990900
40.169372, 103.480622
40.736773, 104.970585
41.303633, 106.460779
41.869909, 107.951194
42.435560, 109.441822
43.000545, 110.932655
43.564822, 112.423683
44.128350, 113.914901
44.691087, 115.406300
45.252993, 116.897875
45.814026, 118.389617
46.374144, 119.881522
46.933308, 121.373584
47.491475, 122.865796
48.048606, 124.358153
48.604658, 125.850651
49.159592, 127.343284
49.713366, 128.836048
50.265941, 130.328938
50.817275, 131.821950
51.367328, 133.315080
51.916061, 134.808325
52.463431, 136.301679
53.009400, 137.795140
53.553928, 139.288705
54.096974, 140.782369
54.638499, 142.276131
55.178463, 143.769986
55.716827, 145.263932
56.253550, 146.757966
56.788594, 148.252086
57.321920, 149.746288
57.853488, 151.240571
58.383259, 152.734932
58.911195, 154.229368
59.437257, 155.723878
59.961407, 157.218459
60.483605, 158.713110
61.003814, 160.207827
61.521995, 161.702611
62.038111, 163.197457
62.552123, 164.692365
63.063995, 166.187334
63.573688, 167.682360
64.081166, 169.177444
64.586390, 170.672582
65.089325, 172.167775
65.589932, 173.663019
66.088176, 175.158315
66.584020, 176.653660
67.077427, 178.149053
67.568362, 179.644494
68.056788, 181.139980
68.542670, 182.635510
69.025972, 184.131084
69.506659, 185.626700
69.984694, 187.122358
70.460045, 188.618055
70.932675, 190.113792
71.402549, 191.609567
71.869634, 193.105379
72.333896, 194.601228
72.795299, 196.097112
73.253811, 197.593030
73.709398, 199.088982
74.162026, 200.584967
74.611662, 202.080984
75.058274, 203.577033
75.501828, 205.073112
75.942292, 206.569221
76.379634, 208.065358
76.813822, 209.561525
77.244824, 211.057719
77.672608, 212.553940
78.097143, 214.050188
78.518398, 215.546461
78.936341, 217.042760
79.350943, 218.539083
79.762174, 220.035430
80.170002, 221.531801
80.574398, 223.028195
80.975332, 224.524611
81.372775, 226.021049
81.766698, 227.517509
82.157072, 229.013989
82.543868, 230.510490
82.927059, 232.007011
83.306615, 233.503551
83.682509, 235.000111
84.054714, 236.496689
84.423203, 237.993285
84.787947, 239.489899
85.148921, 240.986531
85.506098, 242.483179
85.859453, 243.979844
86.208958, 245.476526
86.554588, 246.973223
86.896319, 248.469936
87.234125, 249.966663
87.567981, 251.463406
87.897863, 252.960163
88.223747, 254.456934
88.545608, 255.953719
88.863424, 257.450518
89.177170, 258.947329
89.486825, 260.444154
89.792364, 261.940991
90.093767, 263.437840
90.391010, 264.934701
90.684072, 266.431574
90.972932, 267.928459
91.257568, 269.425354
91.537960, 270.922261
91.814086, 272.419178
92.085927, 273.916105
92.353463, 275.413043
92.616675, 276.909990
92.875542, 278.406947
93.130046, 279.903914
93.380168, 281.400889
93.625890, 282.897874
93.867194, 284.394867
94.104062, 285.891868
94.336478, 287.388878
94.564423, 288.885896
94.787881, 290.382922
95.006836, 291.879955
95.221272, 293.376996
95.431173, 294.874044
95.636523, 296.371099
95.837308, 297.868161
96.033513, 299.365229
96.225123, 300.862304
96.412125, 302.359385
96.594505, 303.856472
96.772249, 305.353565
96.945344, 306.850664
97.113778, 308.347768
97.277539, 309.844877
97.436614, 311.341992
97.590991, 312.839111
97.740660, 314.336236
97.885609, 315.833365
98.025828, 317.330498
98.161307, 318.827636
98.292035, 320.324777
98.418003, 321.821923
98.539202, 323.319073
98.655623, 324.816226
98.767258, 326.313383
98.874097, 327.810543
98.976134, 329.307706
99.073360, 330.804872
99.165770, 332.302041
99.253355, 333.799213
99.336110, 335.296387
99.414029, 336.793564
99.487105, 338.290743
99.555333, 339.787924
99.618710, 341.285107
99.677228, 342.782292
99.730886, 344.279478
99.779678, 345.776666
99.823601, 347.273856
99.862652, 348.771046
99.896827, 350.268238
99.926125, 351.765430
99.950544, 353.262624
99.970081, 354.759818
99.984734, 356.257012
99.994504, 357.754207
99.999389, 359.251402
99.999389, 0.748598
99.994504, 2.245793
99.984734, 3.742988
99.970081, 5.240182
99.950544, 6.737376
99.926125, 8.234570
99.896827, 9.731762
99.862652, 11.228954
99.823601, 12.726144
99.779678, 14.223334
99.730886, 15.720522
99.677228, 17.217708
99.618710, 18.714893
99.555333, 20.212076
99.487105, 21.709257
99.414029, 23.206436
99.336110, 24.703613
99.253355, 26.200787
99.165770, 27.697959
99.073360, 29.195128
98.976134, 30.692294
98.874097, 32.189457
98.767258, 33.686617
98.655623, 35.183774
98.539202, 36.680927
98.418003, 38.178077
98.292035, 39.675223
98.161307, 41.172364
98.025828, 42.669502
97.885609, 44.166635
97.740660, 45.663764
97.590991, 47.160889
97.436614, 48.658008
97.277539, 50.155123
97.113778, 51.652232
96.945344, 53.149336
96.772249, 54.646435
96.594505, 56.143528
96.412125, 57.640615
96.225123, 59.137696
96.033513, 60.634771
95.837308, 62.131839
95.636523, 63.628901
95.431173, 65.125956
95.221272, 66.623004
95.006836, 68.120045
94.787881, 69.617078
94.564423, 71.114104
94.336478, 72.611122
94.104062, 74.108132
93.867194, 75.605133
93.625890, 77.102126
93.380168, 78.599111
93.130046, 80.096086
92.875542, 81.593053
92.616675, 83.090010
92.353463, 84.586957
92.085927, 86.083895
91.814086, 87.580822
91.537960, 89.077739
91.257568, 90.574646
90.972932, 92.071541
90.684072, 93.568426
90.391010, 95.065299
90.093767, 96.562160
89.792364, 98.059009
89.486825, 99.555846
89.177170, 101.052671
88.863424, 102.549482
88.545608, 104.046281
88.223747, 105.543066
87.897863, 107.039837
87.567981, 108.536594
87.234125, 110.033337
86.896319, 111.530064
86.554588, 113.026777
86.208958, 114.523474
85.859453, 116.020156
85.506098, 117.516821
85.148921, 119.013469
84.787947, 120.510101
84.423203, 122.006715
84.054714, 123.503311
83.682509, 124.999889
83.306615, 126.496449
82.927059, 127.992989
82.543868, 129.489510
82.157072, 130.986011
81.766698, 132.482491
81.372775, 133.978951
80.975332, 135.475389
80.574398, 136.971805
80.170002, 138.468199
79.762174, 139.964570
79.350943, 141.460917
78.936341, 142.957240
78.518398, 144.453539
78.097143, 145.949812
77.672608, 147.446060
77.244824, 148.942281
76.813822, 150.438475
76.379634, 151.934642
75.942292, 153.430779
75.501828, 154.926888
75.058274, 156.422967
74.611662, 157.919016
74.162026, 159.415033
73.709398, 160.911018
73.253811, 162.406970
72.795299, 163.902888
72.333896, 165.398772
71.869634, 166.894621
71.402549, 168.390433
70.932675, 169.886208
70.460045, 171.381945
69.984694, 172.877642
69.506659, 174.373300
69.025972, 175.868916
68.542670, 177.364490
68.056788, 178.860020
67.568362, 180.355506
67.077427, 181.850947
66.584020, 183.346340
66.088176, 184.841685
65.589932, 186.336981
65.089325, 187.832225
64.586390, 189.327418
64.081166, 190.822556
63.573688, 192.317640
63.063995, 193.812666
62.552123, 195.307635
62.038111, 196.802543
61.521995, 198.297389
61.003814, 199.792173
60.483605, 201.286890
59.961407, 202.781541
59.437257, 204.276122
58.911195, 205.770632
58.383259, 207.265068
57.853488, 208.759429
57.321920, 210.253712
56.788594, 211.747914
56.253550, 213.242034
55.716827, 214.736068
55.178463, 216.230014
54.638499, 217.723869
54.096974, 219.217631
53.553928, 220.711295
53.009400, 222.204860
52.463431, 223.698321
51.916061, 225.191675
51.367328, 226.684920
50.817275, 228.178050
50.265941, 229.671062
49.713366, 231.163952
49.159592, 232.656716
48.604658, 234.149349
48.048606, 235.641847
47.491475, 237.134204
46.933308, 238.626416
46.374144, 240.118478
45.814026, 241.610383
45.252993, 243.102125
44.691087, 244.593700
44.128350, 246.085099
43.564822, 247.576317
43.000545, 249.067345
42.435560, 250.558178
41.869909, 252.048806
41.303633, 253.539221
40.736773, 255.029415
40.169372, 256.519378
39.601471, 258.009100
39.033111, 259.498572
38.464334, 260.987781
37.895182, 262.476717
37.325697, 263.965367
36.755920, 265.453719
36.185894, 266.941757
35.615659, 268.429469
35.045259, 269.916837
34.474734, 271.403847
33.904127, 272.890479
33.333479, 274.376715
32.762833, 275.862536
32.192230, 277.347919
31.621712, 278.832843
31.051322, 280.317282
30.481100, 281.801210
29.911089, 283.284600
29.341331, 284.767421
28.771868, 286.249640
28.202741, 287.731223
27.633992, 289.212132
27.065664, 290.692326
26.497797, 292.171761
25.930434, 293.650390
25.363617, 295.128161
24.797387, 296.605018
24.231786, 298.080899
23.666855, 299.555738
23.102637, 301.029463
22.539173, 302.501992
21.976505, 303.973239
21.414673, 305.443107
20.853721, 306.911490
20.293688, 308.378271
19.734618, 309.843321
19.176550, 311.306494
18.619528, 312.767630
18.063591, 314.226550
17.508783, 315.683052
16.955143, 317.136911
16.402715, 318.587872
15.851538, 320.035645
15.301656, 321.479902
14.753109, 322.920269
14.205939, 324.356314
13.660189, 325.787542
13.115899, 327.213378
12.573114, 328.633153
12.031875, 330.046081
11.492225, 331.451235
10.954208, 332.847516
10.417868, 334.233602
9.883251, 335.607900
9.350402, 336.968467
8.819370, 338.312905
8.290204, 339.638230
7.762957, 340.940669
7.237686, 342.215393
6.714451, 343.456109
6.193321, 344.654473
5.674377, 345.799169
5.157713, 346.874470
4.643451, 347.857861
4.131751, 348.715944
3.622839, 349.396997
3.117064, 349.816507
2.615011, 349.826554
2.117768, 349.143650
1.627684, 347.152043
1.150955, 342.248959
0.709940, 329.007956
0.424559, 287.159568
0.588414, 233.159585
0.997337, 214.228374
1.455409, 207.655913
1.925966, 205.006949
2.400102, 204.005275
2.874710, 203.838166
3.348430, 204.149514
3.820562, 204.759869
4.290702, 205.569302
4.758596, 206.517849
5.224070, 207.567388
5.686997, 208.692541
6.147278, 209.875763
6.604834, 211.104545
7.059597, 212.369725
7.511510, 213.664443
7.960519, 214.983461
8.406578, 216.322708
8.849641, 217.678976
9.289668, 219.049702
9.726617, 220.432812
10.160451, 221.826611
10.591133, 223.229700
11.018628, 224.640916
11.442899, 226.059280
11.863914, 227.483967
12.281638, 228.914273
12.696038, 230.349595
13.107084, 231.789416
13.514742, 233.233284
13.918982, 234.680809
14.319772, 236.131649
14.717082, 237.585503
15.110882, 239.042106
15.501143, 240.501225
15.887834, 241.962650
16.270928, 243.426196
16.650395, 244.891696
17.026206, 246.359003
17.398334, 247.827981
17.766752, 249.298510
18.131431, 250.770482
18.492345, 252.243796
18.849467, 253.718363
19.202770, 255.194101
19.552228, 256.670935
19.897816, 258.148797
20.239508, 259.627625
20.577278, 261.107361
20.911102, 262.587952
21.240955, 264.069350
21.566812, 265.551510
21.888650, 267.034391
22.206446, 268.517954
22.520174, 270.002164
22.829813, 271.486988
23.135340, 272.972396
23.436731, 274.458359
23.733966, 275.944851
24.027021, 277.431848
24.315877, 278.919326
24.600510, 280.407264
24.880901, 281.895642
25.157028, 283.384441
25.428872, 284.873645
25.696412, 286.363235
25.959629, 287.853198
26.218503, 289.343519
26.473016, 290.834184
26.723149, 292.325180
26.968883, 293.816496
27.210200, 295.308121
27.447083, 296.800042
27.679514, 298.292252
27.907477, 299.784741
28.130953, 301.277498
28.349928, 302.770518
28.564385, 304.263790
28.774308, 305.757309
28.979681, 307.251067
29.180491, 308.745057
29.376721, 310.239274
29.568358, 311.733712
29.755388, 313.228365
29.937796, 314.723228
30.115570, 316.218295
30.288696, 317.713564
30.457162, 319.209028
30.620956, 320.704685
30.780065, 322.200530
30.934477, 323.696560
31.084182, 325.192772
31.229168, 326.689161
31.369425, 328.185726
31.504942, 329.682464
31.635710, 331.179372
31.761719, 332.676448
31.882960, 334.173690
31.999424, 335.671095
32.111101, 337.168662
32.217986, 338.666389
32.320068, 340.164275
32.417341, 341.662317
32.509798, 343.160516
32.597432, 344.658870
32.680236, 346.157377
32.758205, 347.656038
32.831332, 349.154851
32.899613, 350.653816
32.963042, 352.152932
33.021616, 353.652199
33.075328, 355.151617
33.124176, 356.651186
33.168156, 358.150906
33.207265, 359.650776
33.241500, 1.150799
33.270858, 2.650973
33.295338, 4.151299
33.314937, 5.651778
33.329654, 7.152412
33.339488, 8.653200
33.344439, 10.154143
33.344506, 11.655244
33.339688, 13.156503
33.329987, 14.657921
33.315403, 16.159500
33.295937, 17.661243
33.271591, 19.163150
33.242366, 20.665223
33.208265, 22.167466
33.169290, 23.669879
33.125444, 25.172465
33.076730, 26.675227
33.023153, 28.178168
32.964715, 29.681290
32.901421, 31.184597
32.833276, 32.688091
32.760284, 34.191776
32.682452, 35.695655
32.599785, 37.199733
32.512289, 38.704012
32.419970, 40.208498
32.322836, 41.713195
32.220893, 43.218106
32.114149, 44.723238
32.002612, 46.228595
31.886290, 47.734182
31.765192, 49.240005
31.639326, 50.746069
31.508702, 52.252381
31.373330, 53.758948
31.233219, 55.265776
31.088379, 56.772871
30.938823, 58.280242
30.784559, 59.787897
30.625601, 61.295842
30.461959, 62.804088
30.293645, 64.312643
30.120673, 65.821516
29.943055, 67.330718
29.760803, 68.840259
29.573932, 70.350150
29.382455, 71.860402
29.186386, 73.371028
28.985740, 74.882041
28.780531, 76.393453
28.570776, 77.905280
28.356488, 79.417536
28.137684, 80.930237
27.914381, 82.443400
27.686594, 83.957042
27.454341, 85.471182
27.217639, 86.985840
26.976504, 88.501036
26.730956, 90.016793
26.481012, 91.533133
26.226691, 93.050082
25.968011, 94.567666
25.704993, 96.085912
25.437654, 97.604850
25.166015, 99.124512
24.890097, 100.644932
24.609920, 102.166144
24.325504, 103.688187
24.036871, 105.211101
23.744042, 106.734931
23.447039, 108.259721
23.145884, 109.785523
22.840600, 111.312389
22.531209, 112.840376
22.217735, 114.369547
21.900201, 115.899966
21.578631, 117.431705
21.253049, 118.964842
20.923480, 120.499458
20.589947, 122.035644
20.252478, 123.573498
19.911096, 125.113124
19.565828, 126.654637
19.216700, 128.198163
18.863739, 129.743839
18.506972, 131.291812
18.146426, 132.842248
17.782129, 134.395325
17.414108, 135.951240
17.042394, 137.510212
16.667014, 139.072481
16.287998, 140.638313
15.905376, 142.208006
15.519179, 143.781889
15.129438, 145.360331
14.736183, 146.943747
14.339449, 148.532602
13.939266, 150.127423
13.535670, 151.728804
13.128695, 153.337425
12.718376, 154.954060
12.304750, 156.579599
11.887855, 158.215068
11.467730, 159.861658
11.044417, 161.520758
10.617957, 163.193998
10.188397, 164.883302
9.755786, 166.590962
9.320174, 168.319724
8.881618, 170.072913
8.440181, 171.854585
7.995932, 173.669747
7.548948, 175.524646
7.099322, 177.427182
6.647161, 179.387484
6.192596, 181.418754
5.735789, 183.538523
5.276951, 185.770560
4.816360, 188.147895
4.354403, 190.717746
3.891637, 193.549922
3.428909, 196.751847
2.967575, 200.496987
2.509974, 205.082288
2.060485, 211.052968
1.628209, 219.492203
1.234487, 232.688679
0.933683, 255.004238
0.837774, 288.259057
1.010713, 319.005968
1.355714, 338.166095
1.777129, 349.648450
2.233643, 357.215469
2.708823, 2.709167
3.195399, 7.011717
3.689759, 10.577439
4.189919, 13.659102
4.694702, 16.407036
5.203359, 18.915724
5.715389, 21.247325
6.230437, 23.444313
6.748244, 25.536658
7.268611, 27.546088
7.791380, 29.488729
8.316423, 31.376795
8.843632, 33.219702
9.372914, 35.024824
9.904188, 36.798016
10.437379, 38.543985
10.972421, 40.266560
11.509251, 41.968883
12.047810, 43.653561
12.588044, 45.322771
13.129898, 46.978346
13.673323, 48.621843
14.218267, 50.254589
14.764683, 51.877725
15.312524, 53.492236
15.861744, 55.098975
16.412295, 56.698690
16.964134, 58.292032
17.517215, 59.879577
18.071494, 61.461833
18.626928, 63.039250
19.183473, 64.612227
19.741084, 66.181124
20.299720, 67.746259
20.859336, 69.307921
21.419891, 70.866368
21.981340, 72.421835
22.543642, 73.974532
23.106754, 75.524653
23.670633, 77.072372
24.235236, 78.617848
24.800522, 80.161227
25.366448, 81.702642
25.932971, 83.242215
26.500049, 84.780059
27.067641, 86.316276
27.635702, 87.850963
28.204192, 89.384206
28.773067, 90.916087
29.342286, 92.446682
29.911807, 93.976060
30.481586, 95.504287
31.051583, 97.031422
31.621754, 98.557522
32.192058, 100.082639
32.762453, 101.606822
33.332895, 103.130118
33.903344, 104.652567
34.473757, 106.174212
35.044092, 107.695088
35.614306, 109.215232
36.184359, 110.734677
36.754207, 112.253453
37.323809, 113.771590
37.893123, 115.289116
38.462107, 116.806057
39.030719, 118.322437
39.598918, 119.838279
40.166660, 121.353606
40.733906, 122.868438
41.300612, 124.382795
41.866738, 125.896696
42.432241, 127.410157
42.997080, 128.923197
43.561214, 130.435830
44.124601, 131.948072
44.687200, 133.459937
45.248969, 134.971439
45.809867, 136.482590
46.369853, 137.993404
46.928885, 139.503892
47.486924, 141.014065
48.043927, 142.523934
48.599854, 144.033509
49.154664, 145.542800
49.708316, 147.051816
50.260770, 148.560566
50.811985, 150.069059
51.361921, 151.577303
51.910537, 153.085306
52.457793, 154.593074
53.003648, 156.100616
53.548064, 157.607939
54.090999, 159.115048
54.632414, 160.621950
55.172270, 162.128651
55.710526, 163.635157
56.247144, 165.141473
56.782083, 166.647606
57.315305, 168.153560
57.846770, 169.659339
58.376439, 171.164950
58.904275, 172.670396
59.430237, 174.175681
59.954287, 175.680811
60.476388, 177.185789
60.996499, 178.690619
61.514585, 180.195305
62.030605, 181.699851
62.544524, 183.204260
63.056302, 184.708535
63.565902, 186.212680
64.073288, 187.716698
64.578421, 189.220593
65.081265, 190.724366
65.581783, 192.228021
66.079938, 193.731561
66.575694, 195.234988
67.069014, 196.738305
67.559862, 198.241515
68.048203, 199.744619
68.533999, 201.247621
69.017216, 202.750521
69.497819, 204.253324
69.975772, 205.756030
70.451039, 207.258642
70.923587, 208.761162
71.393380, 210.263591
71.860384, 211.765932
72.324565, 213.268186
72.785889, 214.770355
##END=
