##TITLE= Parameter file, TopSpin 4.3.0
##JCAMPDX= 5.0
##DATATYPE= Parameter Values
##ORIGIN= Bruker BioSpin GmbH
##OWNER= nmrsu
$$ 2024-02-29 13:38:46.297 +0000  nmrsu@4CE1161FJM
$$ C:/Bruker/TopSpin4.3.0/exp/stan/nmr/lists/wave/user/multisupp_aux_d8
$$ process C:\Bruker\TopSpin4.3.0\prog\mod\xwinshape.exe
##MINX= 0.39239800
##MAXX= 99.99938900
##MINY= 0.10369000
##MAXY= 359.89631000
##$SHAPE_ADDPHASE= 0
##$SHAPE_AMP= 99.99938937
##$SHAPE_BWFAC= 0
##$SHAPE_BWFAC50= 0
##$SHAPE_CALCBW= yes
##$SHAPE_CALCINTEG= yes
##$SHAPE_EXMODE= <Excitation>
##$SHAPE_EXPAND= <>
##$SHAPE_EXPANDCF= (0..143)
0 0 0 0 0 0 0 0 0 0 0 0 0 0 0 0 0 0 0 0 0 0 0 0 0 0 0 0 0 0 0 0 0 0 0 0
0 0 0 0 0 0 0 0 0 0 0 0 0 0 0 0 0 0 0 0 0 0 0 0 0 0 0 0 0 0 0 0 0 0 0 0
0 0 0 0 0 0 0 0 0 0 0 0 0 0 0 0 0 0 0 0 0 0 0 0 0 0 0 0 0 0 0 0 0 0 0 0
0 0 0 0 0 0 0 0 0 0 0 0 0 0 0 0 0 0 0 0 0 0 0 0 0 0 0 0 0 0 0 0 0 0 0 0
##$SHAPE_EXPFAC= 0
##$SHAPE_FRACEND= 0
##$SHAPE_FRACORG= 0
##$SHAPE_FRACSTART= 0
##$SHAPE_INTEGFAC= 0
##$SHAPE_KEEPRES= yes
##$SHAPE_LENGTH= 25000.000373
##$SHAPE_MAN= <M>
##$SHAPE_MODE= 3
##$SHAPE_MODFREQ= 0
##$SHAPE_MODPHASE= 0
##$SHAPE_MODSCALE= 0
##$SHAPE_MODSW= 0
##$SHAPE_MODSWDIR= -1
##$SHAPE_NPOINTS= 1250
##$SHAPE_OFFS= <1 3>
##$SHAPE_OFFSCOEFF= (0..95)
-140.16786 0 100 -207.91217 0 100 -276.40601 0 100 0 0 0 0 0 0 0 0 0 0
0 0 0 0 0 0 0 0 0 0 0 0 0 0 0 0 0 0 0 0 0 0 0 0 0 0 0 0 0 0 0 0 0 0 0 0
0 0 0 0 0 0 0 0 0 0 0 0 0 0 0 0 0 0 0 0 0 0 0 0 0 0 0 0 0 0 0 0 0 0 0 0
0 0 0 0 0
##$SHAPE_PARAMETER= <>
##$SHAPE_REPHFAC= 0
##$SHAPE_RES= 0
##$SHAPE_SCALEFAC= 1.00000611
##$SHAPE_SCALETYPE= 0
##$SHAPE_SPOAL= 0
##$SHAPE_SPOFFS= 0
##$SHAPE_SPOPH= 0
##$SHAPE_TOTROT= 90
##$SHAPE_TYPE= <Excitation>
##$SHAPE_USER_DEF= <>
##$SHAPE_VERSION= 2.1
##$SHL_ADDPHASE= (0..15)
0 0 0 0 0 0 0 0 0 0 0 0 0 0 0 0
##$SHL_ALIGNOFFSET= (0..15)
0 0 0 0 0 0 0 0 0 0 0 0 0 0 0 0
##$SHL_AMP= (0..15)
100 0 0 0 0 0 0 0 0 0 0 0 0 0 0 0
##$SHL_AMPFAC= (0..15)
0 0 0 0 0 0 0 0 0 0 0 0 0 0 0 0
##$SHL_BETA= (0..15)
0 0 0 0 0 0 0 0 0 0 0 0 0 0 0 0
##$SHL_BWFAC= (0..15)
1.116 0 0 0 0 0 0 0 0 0 0 0 0 0 0 0
##$SHL_CALCBW= (0..15)
yes yes yes yes yes yes yes yes yes yes yes yes yes yes yes yes
##$SHL_CALCINTEG= (0..15)
yes yes yes yes yes yes yes yes yes yes yes yes yes yes yes yes
##$SHL_CENTERAMP= (0..15)
0 0 0 0 0 0 0 0 0 0 0 0 0 0 0 0
##$SHL_CYCNUM= (0..15)
0 0 0 0 0 0 0 0 0 0 0 0 0 0 0 0
##$SHL_DIPOLCPL= (0..15)
0 0 0 0 0 0 0 0 0 0 0 0 0 0 0 0
##$SHL_ENDAMP= (0..15)
0 0 0 0 0 0 0 0 0 0 0 0 0 0 0 0
##$SHL_EXMODE= (0..15)
<Excitation> <> <> <> <> <> <> <> <> <> <> <> <> <> <> <>
##$SHL_EXPAND= (0..15)
<> <> <> <> <> <> <> <> <> <> <> <> <> <> <> <>
##$SHL_EXPANDCF0= (0..143)
0 0 0 0 0 0 0 0 0 0 0 0 0 0 0 0 0 0 0 0 0 0 0 0 0 0 0 0 0 0 0 0 0 0 0 0
0 0 0 0 0 0 0 0 0 0 0 0 0 0 0 0 0 0 0 0 0 0 0 0 0 0 0 0 0 0 0 0 0 0 0 0
0 0 0 0 0 0 0 0 0 0 0 0 0 0 0 0 0 0 0 0 0 0 0 0 0 0 0 0 0 0 0 0 0 0 0 0
0 0 0 0 0 0 0 0 0 0 0 0 0 0 0 0 0 0 0 0 0 0 0 0 0 0 0 0 0 0 0 0 0 0 0 0
##$SHL_EXPANDCF1= (0..143)
0 0 0 0 0 0 0 0 0 0 0 0 0 0 0 0 0 0 0 0 0 0 0 0 0 0 0 0 0 0 0 0 0 0 0 0
0 0 0 0 0 0 0 0 0 0 0 0 0 0 0 0 0 0 0 0 0 0 0 0 0 0 0 0 0 0 0 0 0 0 0 0
0 0 0 0 0 0 0 0 0 0 0 0 0 0 0 0 0 0 0 0 0 0 0 0 0 0 0 0 0 0 0 0 0 0 0 0
0 0 0 0 0 0 0 0 0 0 0 0 0 0 0 0 0 0 0 0 0 0 0 0 0 0 0 0 0 0 0 0 0 0 0 0
##$SHL_EXPANDCF10= (0..143)
0 0 0 0 0 0 0 0 0 0 0 0 0 0 0 0 0 0 0 0 0 0 0 0 0 0 0 0 0 0 0 0 0 0 0 0
0 0 0 0 0 0 0 0 0 0 0 0 0 0 0 0 0 0 0 0 0 0 0 0 0 0 0 0 0 0 0 0 0 0 0 0
0 0 0 0 0 0 0 0 0 0 0 0 0 0 0 0 0 0 0 0 0 0 0 0 0 0 0 0 0 0 0 0 0 0 0 0
0 0 0 0 0 0 0 0 0 0 0 0 0 0 0 0 0 0 0 0 0 0 0 0 0 0 0 0 0 0 0 0 0 0 0 0
##$SHL_EXPANDCF11= (0..143)
0 0 0 0 0 0 0 0 0 0 0 0 0 0 0 0 0 0 0 0 0 0 0 0 0 0 0 0 0 0 0 0 0 0 0 0
0 0 0 0 0 0 0 0 0 0 0 0 0 0 0 0 0 0 0 0 0 0 0 0 0 0 0 0 0 0 0 0 0 0 0 0
0 0 0 0 0 0 0 0 0 0 0 0 0 0 0 0 0 0 0 0 0 0 0 0 0 0 0 0 0 0 0 0 0 0 0 0
0 0 0 0 0 0 0 0 0 0 0 0 0 0 0 0 0 0 0 0 0 0 0 0 0 0 0 0 0 0 0 0 0 0 0 0
##$SHL_EXPANDCF12= (0..143)
0 0 0 0 0 0 0 0 0 0 0 0 0 0 0 0 0 0 0 0 0 0 0 0 0 0 0 0 0 0 0 0 0 0 0 0
0 0 0 0 0 0 0 0 0 0 0 0 0 0 0 0 0 0 0 0 0 0 0 0 0 0 0 0 0 0 0 0 0 0 0 0
0 0 0 0 0 0 0 0 0 0 0 0 0 0 0 0 0 0 0 0 0 0 0 0 0 0 0 0 0 0 0 0 0 0 0 0
0 0 0 0 0 0 0 0 0 0 0 0 0 0 0 0 0 0 0 0 0 0 0 0 0 0 0 0 0 0 0 0 0 0 0 0
##$SHL_EXPANDCF13= (0..143)
0 0 0 0 0 0 0 0 0 0 0 0 0 0 0 0 0 0 0 0 0 0 0 0 0 0 0 0 0 0 0 0 0 0 0 0
0 0 0 0 0 0 0 0 0 0 0 0 0 0 0 0 0 0 0 0 0 0 0 0 0 0 0 0 0 0 0 0 0 0 0 0
0 0 0 0 0 0 0 0 0 0 0 0 0 0 0 0 0 0 0 0 0 0 0 0 0 0 0 0 0 0 0 0 0 0 0 0
0 0 0 0 0 0 0 0 0 0 0 0 0 0 0 0 0 0 0 0 0 0 0 0 0 0 0 0 0 0 0 0 0 0 0 0
##$SHL_EXPANDCF14= (0..143)
0 0 0 0 0 0 0 0 0 0 0 0 0 0 0 0 0 0 0 0 0 0 0 0 0 0 0 0 0 0 0 0 0 0 0 0
0 0 0 0 0 0 0 0 0 0 0 0 0 0 0 0 0 0 0 0 0 0 0 0 0 0 0 0 0 0 0 0 0 0 0 0
0 0 0 0 0 0 0 0 0 0 0 0 0 0 0 0 0 0 0 0 0 0 0 0 0 0 0 0 0 0 0 0 0 0 0 0
0 0 0 0 0 0 0 0 0 0 0 0 0 0 0 0 0 0 0 0 0 0 0 0 0 0 0 0 0 0 0 0 0 0 0 0
##$SHL_EXPANDCF15= (0..143)
0 0 0 0 0 0 0 0 0 0 0 0 0 0 0 0 0 0 0 0 0 0 0 0 0 0 0 0 0 0 0 0 0 0 0 0
0 0 0 0 0 0 0 0 0 0 0 0 0 0 0 0 0 0 0 0 0 0 0 0 0 0 0 0 0 0 0 0 0 0 0 0
0 0 0 0 0 0 0 0 0 0 0 0 0 0 0 0 0 0 0 0 0 0 0 0 0 0 0 0 0 0 0 0 0 0 0 0
0 0 0 0 0 0 0 0 0 0 0 0 0 0 0 0 0 0 0 0 0 0 0 0 0 0 0 0 0 0 0 0 0 0 0 0
##$SHL_EXPANDCF2= (0..143)
0 0 0 0 0 0 0 0 0 0 0 0 0 0 0 0 0 0 0 0 0 0 0 0 0 0 0 0 0 0 0 0 0 0 0 0
0 0 0 0 0 0 0 0 0 0 0 0 0 0 0 0 0 0 0 0 0 0 0 0 0 0 0 0 0 0 0 0 0 0 0 0
0 0 0 0 0 0 0 0 0 0 0 0 0 0 0 0 0 0 0 0 0 0 0 0 0 0 0 0 0 0 0 0 0 0 0 0
0 0 0 0 0 0 0 0 0 0 0 0 0 0 0 0 0 0 0 0 0 0 0 0 0 0 0 0 0 0 0 0 0 0 0 0
##$SHL_EXPANDCF3= (0..143)
0 0 0 0 0 0 0 0 0 0 0 0 0 0 0 0 0 0 0 0 0 0 0 0 0 0 0 0 0 0 0 0 0 0 0 0
0 0 0 0 0 0 0 0 0 0 0 0 0 0 0 0 0 0 0 0 0 0 0 0 0 0 0 0 0 0 0 0 0 0 0 0
0 0 0 0 0 0 0 0 0 0 0 0 0 0 0 0 0 0 0 0 0 0 0 0 0 0 0 0 0 0 0 0 0 0 0 0
0 0 0 0 0 0 0 0 0 0 0 0 0 0 0 0 0 0 0 0 0 0 0 0 0 0 0 0 0 0 0 0 0 0 0 0
##$SHL_EXPANDCF4= (0..143)
0 0 0 0 0 0 0 0 0 0 0 0 0 0 0 0 0 0 0 0 0 0 0 0 0 0 0 0 0 0 0 0 0 0 0 0
0 0 0 0 0 0 0 0 0 0 0 0 0 0 0 0 0 0 0 0 0 0 0 0 0 0 0 0 0 0 0 0 0 0 0 0
0 0 0 0 0 0 0 0 0 0 0 0 0 0 0 0 0 0 0 0 0 0 0 0 0 0 0 0 0 0 0 0 0 0 0 0
0 0 0 0 0 0 0 0 0 0 0 0 0 0 0 0 0 0 0 0 0 0 0 0 0 0 0 0 0 0 0 0 0 0 0 0
##$SHL_EXPANDCF5= (0..143)
0 0 0 0 0 0 0 0 0 0 0 0 0 0 0 0 0 0 0 0 0 0 0 0 0 0 0 0 0 0 0 0 0 0 0 0
0 0 0 0 0 0 0 0 0 0 0 0 0 0 0 0 0 0 0 0 0 0 0 0 0 0 0 0 0 0 0 0 0 0 0 0
0 0 0 0 0 0 0 0 0 0 0 0 0 0 0 0 0 0 0 0 0 0 0 0 0 0 0 0 0 0 0 0 0 0 0 0
0 0 0 0 0 0 0 0 0 0 0 0 0 0 0 0 0 0 0 0 0 0 0 0 0 0 0 0 0 0 0 0 0 0 0 0
##$SHL_EXPANDCF6= (0..143)
0 0 0 0 0 0 0 0 0 0 0 0 0 0 0 0 0 0 0 0 0 0 0 0 0 0 0 0 0 0 0 0 0 0 0 0
0 0 0 0 0 0 0 0 0 0 0 0 0 0 0 0 0 0 0 0 0 0 0 0 0 0 0 0 0 0 0 0 0 0 0 0
0 0 0 0 0 0 0 0 0 0 0 0 0 0 0 0 0 0 0 0 0 0 0 0 0 0 0 0 0 0 0 0 0 0 0 0
0 0 0 0 0 0 0 0 0 0 0 0 0 0 0 0 0 0 0 0 0 0 0 0 0 0 0 0 0 0 0 0 0 0 0 0
##$SHL_EXPANDCF7= (0..143)
0 0 0 0 0 0 0 0 0 0 0 0 0 0 0 0 0 0 0 0 0 0 0 0 0 0 0 0 0 0 0 0 0 0 0 0
0 0 0 0 0 0 0 0 0 0 0 0 0 0 0 0 0 0 0 0 0 0 0 0 0 0 0 0 0 0 0 0 0 0 0 0
0 0 0 0 0 0 0 0 0 0 0 0 0 0 0 0 0 0 0 0 0 0 0 0 0 0 0 0 0 0 0 0 0 0 0 0
0 0 0 0 0 0 0 0 0 0 0 0 0 0 0 0 0 0 0 0 0 0 0 0 0 0 0 0 0 0 0 0 0 0 0 0
##$SHL_EXPANDCF8= (0..143)
0 0 0 0 0 0 0 0 0 0 0 0 0 0 0 0 0 0 0 0 0 0 0 0 0 0 0 0 0 0 0 0 0 0 0 0
0 0 0 0 0 0 0 0 0 0 0 0 0 0 0 0 0 0 0 0 0 0 0 0 0 0 0 0 0 0 0 0 0 0 0 0
0 0 0 0 0 0 0 0 0 0 0 0 0 0 0 0 0 0 0 0 0 0 0 0 0 0 0 0 0 0 0 0 0 0 0 0
0 0 0 0 0 0 0 0 0 0 0 0 0 0 0 0 0 0 0 0 0 0 0 0 0 0 0 0 0 0 0 0 0 0 0 0
##$SHL_EXPANDCF9= (0..143)
0 0 0 0 0 0 0 0 0 0 0 0 0 0 0 0 0 0 0 0 0 0 0 0 0 0 0 0 0 0 0 0 0 0 0 0
0 0 0 0 0 0 0 0 0 0 0 0 0 0 0 0 0 0 0 0 0 0 0 0 0 0 0 0 0 0 0 0 0 0 0 0
0 0 0 0 0 0 0 0 0 0 0 0 0 0 0 0 0 0 0 0 0 0 0 0 0 0 0 0 0 0 0 0 0 0 0 0
0 0 0 0 0 0 0 0 0 0 0 0 0 0 0 0 0 0 0 0 0 0 0 0 0 0 0 0 0 0 0 0 0 0 0 0
##$SHL_EXPFAC= (0..15)
0 0 0 0 0 0 0 0 0 0 0 0 0 0 0 0
##$SHL_FRACEND= (0..15)
0 0 0 0 0 0 0 0 0 0 0 0 0 0 0 0
##$SHL_FRACORG= (0..15)
0 0 0 0 0 0 0 0 0 0 0 0 0 0 0 0
##$SHL_FRACSTART= (0..15)
0 0 0 0 0 0 0 0 0 0 0 0 0 0 0 0
##$SHL_FULLHALF= (0..15)
0 0 0 0 0 0 0 0 0 0 0 0 0 0 0 0
##$SHL_FUNCAMP= (0..15)
100 0 0 0 0 0 0 0 0 0 0 0 0 0 0 0
##$SHL_FUNCTION= (0..15)
<Rectangle> <> <> <> <> <> <> <> <> <> <> <> <> <> <> <>
##$SHL_GCO= (0..15)
<> <> <> <> <> <> <> <> <> <> <> <> <> <> <> <>
##$SHL_GCOCOEFFS0= (0..59)
0 0 0 0 0 0 0 0 0 0 0 0 0 0 0 0 0 0 0 0 0 0 0 0 0 0 0 0 0 0 0 0 0 0 0 0
0 0 0 0 0 0 0 0 0 0 0 0 0 0 0 0 0 0 0 0 0 0 0 0
##$SHL_GCOCOEFFS1= (0..59)
0 0 0 0 0 0 0 0 0 0 0 0 0 0 0 0 0 0 0 0 0 0 0 0 0 0 0 0 0 0 0 0 0 0 0 0
0 0 0 0 0 0 0 0 0 0 0 0 0 0 0 0 0 0 0 0 0 0 0 0
##$SHL_GCOCOEFFS10= (0..59)
0 0 0 0 0 0 0 0 0 0 0 0 0 0 0 0 0 0 0 0 0 0 0 0 0 0 0 0 0 0 0 0 0 0 0 0
0 0 0 0 0 0 0 0 0 0 0 0 0 0 0 0 0 0 0 0 0 0 0 0
##$SHL_GCOCOEFFS11= (0..59)
0 0 0 0 0 0 0 0 0 0 0 0 0 0 0 0 0 0 0 0 0 0 0 0 0 0 0 0 0 0 0 0 0 0 0 0
0 0 0 0 0 0 0 0 0 0 0 0 0 0 0 0 0 0 0 0 0 0 0 0
##$SHL_GCOCOEFFS12= (0..59)
0 0 0 0 0 0 0 0 0 0 0 0 0 0 0 0 0 0 0 0 0 0 0 0 0 0 0 0 0 0 0 0 0 0 0 0
0 0 0 0 0 0 0 0 0 0 0 0 0 0 0 0 0 0 0 0 0 0 0 0
##$SHL_GCOCOEFFS13= (0..59)
0 0 0 0 0 0 0 0 0 0 0 0 0 0 0 0 0 0 0 0 0 0 0 0 0 0 0 0 0 0 0 0 0 0 0 0
0 0 0 0 0 0 0 0 0 0 0 0 0 0 0 0 0 0 0 0 0 0 0 0
##$SHL_GCOCOEFFS14= (0..59)
0 0 0 0 0 0 0 0 0 0 0 0 0 0 0 0 0 0 0 0 0 0 0 0 0 0 0 0 0 0 0 0 0 0 0 0
0 0 0 0 0 0 0 0 0 0 0 0 0 0 0 0 0 0 0 0 0 0 0 0
##$SHL_GCOCOEFFS15= (0..59)
0 0 0 0 0 0 0 0 0 0 0 0 0 0 0 0 0 0 0 0 0 0 0 0 0 0 0 0 0 0 0 0 0 0 0 0
0 0 0 0 0 0 0 0 0 0 0 0 0 0 0 0 0 0 0 0 0 0 0 0
##$SHL_GCOCOEFFS2= (0..59)
0 0 0 0 0 0 0 0 0 0 0 0 0 0 0 0 0 0 0 0 0 0 0 0 0 0 0 0 0 0 0 0 0 0 0 0
0 0 0 0 0 0 0 0 0 0 0 0 0 0 0 0 0 0 0 0 0 0 0 0
##$SHL_GCOCOEFFS3= (0..59)
0 0 0 0 0 0 0 0 0 0 0 0 0 0 0 0 0 0 0 0 0 0 0 0 0 0 0 0 0 0 0 0 0 0 0 0
0 0 0 0 0 0 0 0 0 0 0 0 0 0 0 0 0 0 0 0 0 0 0 0
##$SHL_GCOCOEFFS4= (0..59)
0 0 0 0 0 0 0 0 0 0 0 0 0 0 0 0 0 0 0 0 0 0 0 0 0 0 0 0 0 0 0 0 0 0 0 0
0 0 0 0 0 0 0 0 0 0 0 0 0 0 0 0 0 0 0 0 0 0 0 0
##$SHL_GCOCOEFFS5= (0..59)
0 0 0 0 0 0 0 0 0 0 0 0 0 0 0 0 0 0 0 0 0 0 0 0 0 0 0 0 0 0 0 0 0 0 0 0
0 0 0 0 0 0 0 0 0 0 0 0 0 0 0 0 0 0 0 0 0 0 0 0
##$SHL_GCOCOEFFS6= (0..59)
0 0 0 0 0 0 0 0 0 0 0 0 0 0 0 0 0 0 0 0 0 0 0 0 0 0 0 0 0 0 0 0 0 0 0 0
0 0 0 0 0 0 0 0 0 0 0 0 0 0 0 0 0 0 0 0 0 0 0 0
##$SHL_GCOCOEFFS7= (0..59)
0 0 0 0 0 0 0 0 0 0 0 0 0 0 0 0 0 0 0 0 0 0 0 0 0 0 0 0 0 0 0 0 0 0 0 0
0 0 0 0 0 0 0 0 0 0 0 0 0 0 0 0 0 0 0 0 0 0 0 0
##$SHL_GCOCOEFFS8= (0..59)
0 0 0 0 0 0 0 0 0 0 0 0 0 0 0 0 0 0 0 0 0 0 0 0 0 0 0 0 0 0 0 0 0 0 0 0
0 0 0 0 0 0 0 0 0 0 0 0 0 0 0 0 0 0 0 0 0 0 0 0
##$SHL_GCOCOEFFS9= (0..59)
0 0 0 0 0 0 0 0 0 0 0 0 0 0 0 0 0 0 0 0 0 0 0 0 0 0 0 0 0 0 0 0 0 0 0 0
0 0 0 0 0 0 0 0 0 0 0 0 0 0 0 0 0 0 0 0 0 0 0 0
##$SHL_INTEGFAC= (0..15)
1 0 0 0 0 0 0 0 0 0 0 0 0 0 0 0
##$SHL_LB= (0..15)
0 0 0 0 0 0 0 0 0 0 0 0 0 0 0 0
##$SHL_LEFTLIMIT= (0..15)
0 0 0 0 0 0 0 0 0 0 0 0 0 0 0 0
##$SHL_LENGTH= (0..15)
25000.000373 0 0 0 0 0 0 0 0 0 0 0 0 0 0 0
##$SHL_MAN= (0..15)
<> <> <> <> <> <> <> <> <> <> <> <> <> <> <> <>
##$SHL_MEANAMP= (0..15)
0 0 0 0 0 0 0 0 0 0 0 0 0 0 0 0
##$SHL_MODAMP= (0..15)
0 0 0 0 0 0 0 0 0 0 0 0 0 0 0 0
##$SHL_MODE= (0..15)
0 0 0 0 0 0 0 0 0 0 0 0 0 0 0 0
##$SHL_MODFREQ= (0..15)
0 0 0 0 0 0 0 0 0 0 0 0 0 0 0 0
##$SHL_MODPHASE= (0..15)
0 0 0 0 0 0 0 0 0 0 0 0 0 0 0 0
##$SHL_MODSCALE= (0..15)
0 0 0 0 0 0 0 0 0 0 0 0 0 0 0 0
##$SHL_MODSW= (0..15)
0 0 0 0 0 0 0 0 0 0 0 0 0 0 0 0
##$SHL_MODSWDIR= (0..15)
-1 -1 -1 -1 -1 -1 -1 -1 -1 -1 -1 -1 -1 -1 -1 -1
##$SHL_MU= (0..15)
0 0 0 0 0 0 0 0 0 0 0 0 0 0 0 0
##$SHL_NPOINTS= (0..15)
1250 0 0 0 0 0 0 0 0 0 0 0 0 0 0 0
##$SHL_OFFS= (0..15)
<> <> <> <> <> <> <> <> <> <> <> <> <> <> <> <>
##$SHL_OFFSCOEFF0= (0..95)
0 0 0 0 0 0 0 0 0 0 0 0 0 0 0 0 0 0 0 0 0 0 0 0 0 0 0 0 0 0 0 0 0 0 0 0
0 0 0 0 0 0 0 0 0 0 0 0 0 0 0 0 0 0 0 0 0 0 0 0 0 0 0 0 0 0 0 0 0 0 0 0
0 0 0 0 0 0 0 0 0 0 0 0 0 0 0 0 0 0 0 0 0 0 0 0
##$SHL_OFFSCOEFF1= (0..95)
0 0 0 0 0 0 0 0 0 0 0 0 0 0 0 0 0 0 0 0 0 0 0 0 0 0 0 0 0 0 0 0 0 0 0 0
0 0 0 0 0 0 0 0 0 0 0 0 0 0 0 0 0 0 0 0 0 0 0 0 0 0 0 0 0 0 0 0 0 0 0 0
0 0 0 0 0 0 0 0 0 0 0 0 0 0 0 0 0 0 0 0 0 0 0 0
##$SHL_OFFSCOEFF10= (0..95)
0 0 0 0 0 0 0 0 0 0 0 0 0 0 0 0 0 0 0 0 0 0 0 0 0 0 0 0 0 0 0 0 0 0 0 0
0 0 0 0 0 0 0 0 0 0 0 0 0 0 0 0 0 0 0 0 0 0 0 0 0 0 0 0 0 0 0 0 0 0 0 0
0 0 0 0 0 0 0 0 0 0 0 0 0 0 0 0 0 0 0 0 0 0 0 0
##$SHL_OFFSCOEFF11= (0..95)
0 0 0 0 0 0 0 0 0 0 0 0 0 0 0 0 0 0 0 0 0 0 0 0 0 0 0 0 0 0 0 0 0 0 0 0
0 0 0 0 0 0 0 0 0 0 0 0 0 0 0 0 0 0 0 0 0 0 0 0 0 0 0 0 0 0 0 0 0 0 0 0
0 0 0 0 0 0 0 0 0 0 0 0 0 0 0 0 0 0 0 0 0 0 0 0
##$SHL_OFFSCOEFF12= (0..95)
0 0 0 0 0 0 0 0 0 0 0 0 0 0 0 0 0 0 0 0 0 0 0 0 0 0 0 0 0 0 0 0 0 0 0 0
0 0 0 0 0 0 0 0 0 0 0 0 0 0 0 0 0 0 0 0 0 0 0 0 0 0 0 0 0 0 0 0 0 0 0 0
0 0 0 0 0 0 0 0 0 0 0 0 0 0 0 0 0 0 0 0 0 0 0 0
##$SHL_OFFSCOEFF13= (0..95)
0 0 0 0 0 0 0 0 0 0 0 0 0 0 0 0 0 0 0 0 0 0 0 0 0 0 0 0 0 0 0 0 0 0 0 0
0 0 0 0 0 0 0 0 0 0 0 0 0 0 0 0 0 0 0 0 0 0 0 0 0 0 0 0 0 0 0 0 0 0 0 0
0 0 0 0 0 0 0 0 0 0 0 0 0 0 0 0 0 0 0 0 0 0 0 0
##$SHL_OFFSCOEFF14= (0..95)
0 0 0 0 0 0 0 0 0 0 0 0 0 0 0 0 0 0 0 0 0 0 0 0 0 0 0 0 0 0 0 0 0 0 0 0
0 0 0 0 0 0 0 0 0 0 0 0 0 0 0 0 0 0 0 0 0 0 0 0 0 0 0 0 0 0 0 0 0 0 0 0
0 0 0 0 0 0 0 0 0 0 0 0 0 0 0 0 0 0 0 0 0 0 0 0
##$SHL_OFFSCOEFF15= (0..95)
0 0 0 0 0 0 0 0 0 0 0 0 0 0 0 0 0 0 0 0 0 0 0 0 0 0 0 0 0 0 0 0 0 0 0 0
0 0 0 0 0 0 0 0 0 0 0 0 0 0 0 0 0 0 0 0 0 0 0 0 0 0 0 0 0 0 0 0 0 0 0 0
0 0 0 0 0 0 0 0 0 0 0 0 0 0 0 0 0 0 0 0 0 0 0 0
##$SHL_OFFSCOEFF2= (0..95)
0 0 0 0 0 0 0 0 0 0 0 0 0 0 0 0 0 0 0 0 0 0 0 0 0 0 0 0 0 0 0 0 0 0 0 0
0 0 0 0 0 0 0 0 0 0 0 0 0 0 0 0 0 0 0 0 0 0 0 0 0 0 0 0 0 0 0 0 0 0 0 0
0 0 0 0 0 0 0 0 0 0 0 0 0 0 0 0 0 0 0 0 0 0 0 0
##$SHL_OFFSCOEFF3= (0..95)
0 0 0 0 0 0 0 0 0 0 0 0 0 0 0 0 0 0 0 0 0 0 0 0 0 0 0 0 0 0 0 0 0 0 0 0
0 0 0 0 0 0 0 0 0 0 0 0 0 0 0 0 0 0 0 0 0 0 0 0 0 0 0 0 0 0 0 0 0 0 0 0
0 0 0 0 0 0 0 0 0 0 0 0 0 0 0 0 0 0 0 0 0 0 0 0
##$SHL_OFFSCOEFF4= (0..95)
0 0 0 0 0 0 0 0 0 0 0 0 0 0 0 0 0 0 0 0 0 0 0 0 0 0 0 0 0 0 0 0 0 0 0 0
0 0 0 0 0 0 0 0 0 0 0 0 0 0 0 0 0 0 0 0 0 0 0 0 0 0 0 0 0 0 0 0 0 0 0 0
0 0 0 0 0 0 0 0 0 0 0 0 0 0 0 0 0 0 0 0 0 0 0 0
##$SHL_OFFSCOEFF5= (0..95)
0 0 0 0 0 0 0 0 0 0 0 0 0 0 0 0 0 0 0 0 0 0 0 0 0 0 0 0 0 0 0 0 0 0 0 0
0 0 0 0 0 0 0 0 0 0 0 0 0 0 0 0 0 0 0 0 0 0 0 0 0 0 0 0 0 0 0 0 0 0 0 0
0 0 0 0 0 0 0 0 0 0 0 0 0 0 0 0 0 0 0 0 0 0 0 0
##$SHL_OFFSCOEFF6= (0..95)
0 0 0 0 0 0 0 0 0 0 0 0 0 0 0 0 0 0 0 0 0 0 0 0 0 0 0 0 0 0 0 0 0 0 0 0
0 0 0 0 0 0 0 0 0 0 0 0 0 0 0 0 0 0 0 0 0 0 0 0 0 0 0 0 0 0 0 0 0 0 0 0
0 0 0 0 0 0 0 0 0 0 0 0 0 0 0 0 0 0 0 0 0 0 0 0
##$SHL_OFFSCOEFF7= (0..95)
0 0 0 0 0 0 0 0 0 0 0 0 0 0 0 0 0 0 0 0 0 0 0 0 0 0 0 0 0 0 0 0 0 0 0 0
0 0 0 0 0 0 0 0 0 0 0 0 0 0 0 0 0 0 0 0 0 0 0 0 0 0 0 0 0 0 0 0 0 0 0 0
0 0 0 0 0 0 0 0 0 0 0 0 0 0 0 0 0 0 0 0 0 0 0 0
##$SHL_OFFSCOEFF8= (0..95)
0 0 0 0 0 0 0 0 0 0 0 0 0 0 0 0 0 0 0 0 0 0 0 0 0 0 0 0 0 0 0 0 0 0 0 0
0 0 0 0 0 0 0 0 0 0 0 0 0 0 0 0 0 0 0 0 0 0 0 0 0 0 0 0 0 0 0 0 0 0 0 0
0 0 0 0 0 0 0 0 0 0 0 0 0 0 0 0 0 0 0 0 0 0 0 0
##$SHL_OFFSCOEFF9= (0..95)
0 0 0 0 0 0 0 0 0 0 0 0 0 0 0 0 0 0 0 0 0 0 0 0 0 0 0 0 0 0 0 0 0 0 0 0
0 0 0 0 0 0 0 0 0 0 0 0 0 0 0 0 0 0 0 0 0 0 0 0 0 0 0 0 0 0 0 0 0 0 0 0
0 0 0 0 0 0 0 0 0 0 0 0 0 0 0 0 0 0 0 0 0 0 0 0
##$SHL_PHASE= (0..15)
0 0 0 0 0 0 0 0 0 0 0 0 0 0 0 0
##$SHL_PHASEFAC= (0..15)
0 0 0 0 0 0 0 0 0 0 0 0 0 0 0 0
##$SHL_POWERINDEX= (0..15)
0 0 0 0 0 0 0 0 0 0 0 0 0 0 0 0
##$SHL_QUADCOEFF= (0..15)
0 0 0 0 0 0 0 0 0 0 0 0 0 0 0 0
##$SHL_RIGHTLIMIT= (0..15)
0 0 0 0 0 0 0 0 0 0 0 0 0 0 0 0
##$SHL_SCALEFACTOR= (0..15)
1 1 1 1 1 1 1 1 1 1 1 1 1 1 1 1
##$SHL_SF= (0..15)
<> <> <> <> <> <> <> <> <> <> <> <> <> <> <> <>
##$SHL_SFCOEFFS0= (0..200)
0 0 0 0 0 0 0 0 0 0 0 0 0 0 0 0 0 0 0 0 0 0 0 0 0 0 0 0 0 0 0 0 0 0 0 0
0 0 0 0 0 0 0 0 0 0 0 0 0 0 0 0 0 0 0 0 0 0 0 0 0 0 0 0 0 0 0 0 0 0 0 0
0 0 0 0 0 0 0 0 0 0 0 0 0 0 0 0 0 0 0 0 0 0 0 0 0 0 0 0 0 0 0 0 0 0 0 0
0 0 0 0 0 0 0 0 0 0 0 0 0 0 0 0 0 0 0 0 0 0 0 0 0 0 0 0 0 0 0 0 0 0 0 0
0 0 0 0 0 0 0 0 0 0 0 0 0 0 0 0 0 0 0 0 0 0 0 0 0 0 0 0 0 0 0 0 0 0 0 0
0 0 0 0 0 0 0 0 0 0 0 0 0 0 0 0 0 0 0 0 0
##$SHL_SFCOEFFS1= (0..200)
0 0 0 0 0 0 0 0 0 0 0 0 0 0 0 0 0 0 0 0 0 0 0 0 0 0 0 0 0 0 0 0 0 0 0 0
0 0 0 0 0 0 0 0 0 0 0 0 0 0 0 0 0 0 0 0 0 0 0 0 0 0 0 0 0 0 0 0 0 0 0 0
0 0 0 0 0 0 0 0 0 0 0 0 0 0 0 0 0 0 0 0 0 0 0 0 0 0 0 0 0 0 0 0 0 0 0 0
0 0 0 0 0 0 0 0 0 0 0 0 0 0 0 0 0 0 0 0 0 0 0 0 0 0 0 0 0 0 0 0 0 0 0 0
0 0 0 0 0 0 0 0 0 0 0 0 0 0 0 0 0 0 0 0 0 0 0 0 0 0 0 0 0 0 0 0 0 0 0 0
0 0 0 0 0 0 0 0 0 0 0 0 0 0 0 0 0 0 0 0 0
##$SHL_SFCOEFFS10= (0..200)
0 0 0 0 0 0 0 0 0 0 0 0 0 0 0 0 0 0 0 0 0 0 0 0 0 0 0 0 0 0 0 0 0 0 0 0
0 0 0 0 0 0 0 0 0 0 0 0 0 0 0 0 0 0 0 0 0 0 0 0 0 0 0 0 0 0 0 0 0 0 0 0
0 0 0 0 0 0 0 0 0 0 0 0 0 0 0 0 0 0 0 0 0 0 0 0 0 0 0 0 0 0 0 0 0 0 0 0
0 0 0 0 0 0 0 0 0 0 0 0 0 0 0 0 0 0 0 0 0 0 0 0 0 0 0 0 0 0 0 0 0 0 0 0
0 0 0 0 0 0 0 0 0 0 0 0 0 0 0 0 0 0 0 0 0 0 0 0 0 0 0 0 0 0 0 0 0 0 0 0
0 0 0 0 0 0 0 0 0 0 0 0 0 0 0 0 0 0 0 0 0
##$SHL_SFCOEFFS11= (0..200)
0 0 0 0 0 0 0 0 0 0 0 0 0 0 0 0 0 0 0 0 0 0 0 0 0 0 0 0 0 0 0 0 0 0 0 0
0 0 0 0 0 0 0 0 0 0 0 0 0 0 0 0 0 0 0 0 0 0 0 0 0 0 0 0 0 0 0 0 0 0 0 0
0 0 0 0 0 0 0 0 0 0 0 0 0 0 0 0 0 0 0 0 0 0 0 0 0 0 0 0 0 0 0 0 0 0 0 0
0 0 0 0 0 0 0 0 0 0 0 0 0 0 0 0 0 0 0 0 0 0 0 0 0 0 0 0 0 0 0 0 0 0 0 0
0 0 0 0 0 0 0 0 0 0 0 0 0 0 0 0 0 0 0 0 0 0 0 0 0 0 0 0 0 0 0 0 0 0 0 0
0 0 0 0 0 0 0 0 0 0 0 0 0 0 0 0 0 0 0 0 0
##$SHL_SFCOEFFS12= (0..200)
0 0 0 0 0 0 0 0 0 0 0 0 0 0 0 0 0 0 0 0 0 0 0 0 0 0 0 0 0 0 0 0 0 0 0 0
0 0 0 0 0 0 0 0 0 0 0 0 0 0 0 0 0 0 0 0 0 0 0 0 0 0 0 0 0 0 0 0 0 0 0 0
0 0 0 0 0 0 0 0 0 0 0 0 0 0 0 0 0 0 0 0 0 0 0 0 0 0 0 0 0 0 0 0 0 0 0 0
0 0 0 0 0 0 0 0 0 0 0 0 0 0 0 0 0 0 0 0 0 0 0 0 0 0 0 0 0 0 0 0 0 0 0 0
0 0 0 0 0 0 0 0 0 0 0 0 0 0 0 0 0 0 0 0 0 0 0 0 0 0 0 0 0 0 0 0 0 0 0 0
0 0 0 0 0 0 0 0 0 0 0 0 0 0 0 0 0 0 0 0 0
##$SHL_SFCOEFFS13= (0..200)
0 0 0 0 0 0 0 0 0 0 0 0 0 0 0 0 0 0 0 0 0 0 0 0 0 0 0 0 0 0 0 0 0 0 0 0
0 0 0 0 0 0 0 0 0 0 0 0 0 0 0 0 0 0 0 0 0 0 0 0 0 0 0 0 0 0 0 0 0 0 0 0
0 0 0 0 0 0 0 0 0 0 0 0 0 0 0 0 0 0 0 0 0 0 0 0 0 0 0 0 0 0 0 0 0 0 0 0
0 0 0 0 0 0 0 0 0 0 0 0 0 0 0 0 0 0 0 0 0 0 0 0 0 0 0 0 0 0 0 0 0 0 0 0
0 0 0 0 0 0 0 0 0 0 0 0 0 0 0 0 0 0 0 0 0 0 0 0 0 0 0 0 0 0 0 0 0 0 0 0
0 0 0 0 0 0 0 0 0 0 0 0 0 0 0 0 0 0 0 0 0
##$SHL_SFCOEFFS14= (0..200)
0 0 0 0 0 0 0 0 0 0 0 0 0 0 0 0 0 0 0 0 0 0 0 0 0 0 0 0 0 0 0 0 0 0 0 0
0 0 0 0 0 0 0 0 0 0 0 0 0 0 0 0 0 0 0 0 0 0 0 0 0 0 0 0 0 0 0 0 0 0 0 0
0 0 0 0 0 0 0 0 0 0 0 0 0 0 0 0 0 0 0 0 0 0 0 0 0 0 0 0 0 0 0 0 0 0 0 0
0 0 0 0 0 0 0 0 0 0 0 0 0 0 0 0 0 0 0 0 0 0 0 0 0 0 0 0 0 0 0 0 0 0 0 0
0 0 0 0 0 0 0 0 0 0 0 0 0 0 0 0 0 0 0 0 0 0 0 0 0 0 0 0 0 0 0 0 0 0 0 0
0 0 0 0 0 0 0 0 0 0 0 0 0 0 0 0 0 0 0 0 0
##$SHL_SFCOEFFS15= (0..200)
0 0 0 0 0 0 0 0 0 0 0 0 0 0 0 0 0 0 0 0 0 0 0 0 0 0 0 0 0 0 0 0 0 0 0 0
0 0 0 0 0 0 0 0 0 0 0 0 0 0 0 0 0 0 0 0 0 0 0 0 0 0 0 0 0 0 0 0 0 0 0 0
0 0 0 0 0 0 0 0 0 0 0 0 0 0 0 0 0 0 0 0 0 0 0 0 0 0 0 0 0 0 0 0 0 0 0 0
0 0 0 0 0 0 0 0 0 0 0 0 0 0 0 0 0 0 0 0 0 0 0 0 0 0 0 0 0 0 0 0 0 0 0 0
0 0 0 0 0 0 0 0 0 0 0 0 0 0 0 0 0 0 0 0 0 0 0 0 0 0 0 0 0 0 0 0 0 0 0 0
0 0 0 0 0 0 0 0 0 0 0 0 0 0 0 0 0 0 0 0 0
##$SHL_SFCOEFFS2= (0..200)
0 0 0 0 0 0 0 0 0 0 0 0 0 0 0 0 0 0 0 0 0 0 0 0 0 0 0 0 0 0 0 0 0 0 0 0
0 0 0 0 0 0 0 0 0 0 0 0 0 0 0 0 0 0 0 0 0 0 0 0 0 0 0 0 0 0 0 0 0 0 0 0
0 0 0 0 0 0 0 0 0 0 0 0 0 0 0 0 0 0 0 0 0 0 0 0 0 0 0 0 0 0 0 0 0 0 0 0
0 0 0 0 0 0 0 0 0 0 0 0 0 0 0 0 0 0 0 0 0 0 0 0 0 0 0 0 0 0 0 0 0 0 0 0
0 0 0 0 0 0 0 0 0 0 0 0 0 0 0 0 0 0 0 0 0 0 0 0 0 0 0 0 0 0 0 0 0 0 0 0
0 0 0 0 0 0 0 0 0 0 0 0 0 0 0 0 0 0 0 0 0
##$SHL_SFCOEFFS3= (0..200)
0 0 0 0 0 0 0 0 0 0 0 0 0 0 0 0 0 0 0 0 0 0 0 0 0 0 0 0 0 0 0 0 0 0 0 0
0 0 0 0 0 0 0 0 0 0 0 0 0 0 0 0 0 0 0 0 0 0 0 0 0 0 0 0 0 0 0 0 0 0 0 0
0 0 0 0 0 0 0 0 0 0 0 0 0 0 0 0 0 0 0 0 0 0 0 0 0 0 0 0 0 0 0 0 0 0 0 0
0 0 0 0 0 0 0 0 0 0 0 0 0 0 0 0 0 0 0 0 0 0 0 0 0 0 0 0 0 0 0 0 0 0 0 0
0 0 0 0 0 0 0 0 0 0 0 0 0 0 0 0 0 0 0 0 0 0 0 0 0 0 0 0 0 0 0 0 0 0 0 0
0 0 0 0 0 0 0 0 0 0 0 0 0 0 0 0 0 0 0 0 0
##$SHL_SFCOEFFS4= (0..200)
0 0 0 0 0 0 0 0 0 0 0 0 0 0 0 0 0 0 0 0 0 0 0 0 0 0 0 0 0 0 0 0 0 0 0 0
0 0 0 0 0 0 0 0 0 0 0 0 0 0 0 0 0 0 0 0 0 0 0 0 0 0 0 0 0 0 0 0 0 0 0 0
0 0 0 0 0 0 0 0 0 0 0 0 0 0 0 0 0 0 0 0 0 0 0 0 0 0 0 0 0 0 0 0 0 0 0 0
0 0 0 0 0 0 0 0 0 0 0 0 0 0 0 0 0 0 0 0 0 0 0 0 0 0 0 0 0 0 0 0 0 0 0 0
0 0 0 0 0 0 0 0 0 0 0 0 0 0 0 0 0 0 0 0 0 0 0 0 0 0 0 0 0 0 0 0 0 0 0 0
0 0 0 0 0 0 0 0 0 0 0 0 0 0 0 0 0 0 0 0 0
##$SHL_SFCOEFFS5= (0..200)
0 0 0 0 0 0 0 0 0 0 0 0 0 0 0 0 0 0 0 0 0 0 0 0 0 0 0 0 0 0 0 0 0 0 0 0
0 0 0 0 0 0 0 0 0 0 0 0 0 0 0 0 0 0 0 0 0 0 0 0 0 0 0 0 0 0 0 0 0 0 0 0
0 0 0 0 0 0 0 0 0 0 0 0 0 0 0 0 0 0 0 0 0 0 0 0 0 0 0 0 0 0 0 0 0 0 0 0
0 0 0 0 0 0 0 0 0 0 0 0 0 0 0 0 0 0 0 0 0 0 0 0 0 0 0 0 0 0 0 0 0 0 0 0
0 0 0 0 0 0 0 0 0 0 0 0 0 0 0 0 0 0 0 0 0 0 0 0 0 0 0 0 0 0 0 0 0 0 0 0
0 0 0 0 0 0 0 0 0 0 0 0 0 0 0 0 0 0 0 0 0
##$SHL_SFCOEFFS6= (0..200)
0 0 0 0 0 0 0 0 0 0 0 0 0 0 0 0 0 0 0 0 0 0 0 0 0 0 0 0 0 0 0 0 0 0 0 0
0 0 0 0 0 0 0 0 0 0 0 0 0 0 0 0 0 0 0 0 0 0 0 0 0 0 0 0 0 0 0 0 0 0 0 0
0 0 0 0 0 0 0 0 0 0 0 0 0 0 0 0 0 0 0 0 0 0 0 0 0 0 0 0 0 0 0 0 0 0 0 0
0 0 0 0 0 0 0 0 0 0 0 0 0 0 0 0 0 0 0 0 0 0 0 0 0 0 0 0 0 0 0 0 0 0 0 0
0 0 0 0 0 0 0 0 0 0 0 0 0 0 0 0 0 0 0 0 0 0 0 0 0 0 0 0 0 0 0 0 0 0 0 0
0 0 0 0 0 0 0 0 0 0 0 0 0 0 0 0 0 0 0 0 0
##$SHL_SFCOEFFS7= (0..200)
0 0 0 0 0 0 0 0 0 0 0 0 0 0 0 0 0 0 0 0 0 0 0 0 0 0 0 0 0 0 0 0 0 0 0 0
0 0 0 0 0 0 0 0 0 0 0 0 0 0 0 0 0 0 0 0 0 0 0 0 0 0 0 0 0 0 0 0 0 0 0 0
0 0 0 0 0 0 0 0 0 0 0 0 0 0 0 0 0 0 0 0 0 0 0 0 0 0 0 0 0 0 0 0 0 0 0 0
0 0 0 0 0 0 0 0 0 0 0 0 0 0 0 0 0 0 0 0 0 0 0 0 0 0 0 0 0 0 0 0 0 0 0 0
0 0 0 0 0 0 0 0 0 0 0 0 0 0 0 0 0 0 0 0 0 0 0 0 0 0 0 0 0 0 0 0 0 0 0 0
0 0 0 0 0 0 0 0 0 0 0 0 0 0 0 0 0 0 0 0 0
##$SHL_SFCOEFFS8= (0..200)
0 0 0 0 0 0 0 0 0 0 0 0 0 0 0 0 0 0 0 0 0 0 0 0 0 0 0 0 0 0 0 0 0 0 0 0
0 0 0 0 0 0 0 0 0 0 0 0 0 0 0 0 0 0 0 0 0 0 0 0 0 0 0 0 0 0 0 0 0 0 0 0
0 0 0 0 0 0 0 0 0 0 0 0 0 0 0 0 0 0 0 0 0 0 0 0 0 0 0 0 0 0 0 0 0 0 0 0
0 0 0 0 0 0 0 0 0 0 0 0 0 0 0 0 0 0 0 0 0 0 0 0 0 0 0 0 0 0 0 0 0 0 0 0
0 0 0 0 0 0 0 0 0 0 0 0 0 0 0 0 0 0 0 0 0 0 0 0 0 0 0 0 0 0 0 0 0 0 0 0
0 0 0 0 0 0 0 0 0 0 0 0 0 0 0 0 0 0 0 0 0
##$SHL_SFCOEFFS9= (0..200)
0 0 0 0 0 0 0 0 0 0 0 0 0 0 0 0 0 0 0 0 0 0 0 0 0 0 0 0 0 0 0 0 0 0 0 0
0 0 0 0 0 0 0 0 0 0 0 0 0 0 0 0 0 0 0 0 0 0 0 0 0 0 0 0 0 0 0 0 0 0 0 0
0 0 0 0 0 0 0 0 0 0 0 0 0 0 0 0 0 0 0 0 0 0 0 0 0 0 0 0 0 0 0 0 0 0 0 0
0 0 0 0 0 0 0 0 0 0 0 0 0 0 0 0 0 0 0 0 0 0 0 0 0 0 0 0 0 0 0 0 0 0 0 0
0 0 0 0 0 0 0 0 0 0 0 0 0 0 0 0 0 0 0 0 0 0 0 0 0 0 0 0 0 0 0 0 0 0 0 0
0 0 0 0 0 0 0 0 0 0 0 0 0 0 0 0 0 0 0 0 0
##$SHL_SMOOTHED= (0..15)
0 0 0 0 0 0 0 0 0 0 0 0 0 0 0 0
##$SHL_SMOOTHING= (0..15)
0 0 0 0 0 0 0 0 0 0 0 0 0 0 0 0
##$SHL_SPOAL= (0..15)
0 0 0 0 0 0 0 0 0 0 0 0 0 0 0 0
##$SHL_SPOFFS= (0..15)
0 0 0 0 0 0 0 0 0 0 0 0 0 0 0 0
##$SHL_SPOPH= (0..15)
0 0 0 0 0 0 0 0 0 0 0 0 0 0 0 0
##$SHL_STARTAMP= (0..15)
0 0 0 0 0 0 0 0 0 0 0 0 0 0 0 0
##$SHL_SW= (0..15)
0 0 0 0 0 0 0 0 0 0 0 0 0 0 0 0
##$SHL_SWDIR= (0..15)
-1 -1 -1 -1 -1 -1 -1 -1 -1 -1 -1 -1 -1 -1 -1 -1
##$SHL_TANKAPPA= (0..15)
0 0 0 0 0 0 0 0 0 0 0 0 0 0 0 0
##$SHL_TOTROT= (0..15)
90 0 0 0 0 0 0 0 0 0 0 0 0 0 0 0
##$SHL_TRUNCLEV= (0..15)
0 0 0 0 0 0 0 0 0 0 0 0 0 0 0 0
##$SHL_TYPE= (0..15)
<Excitation> <> <> <> <> <> <> <> <> <> <> <> <> <> <> <>
##$SHL_WINDOWSIZE= (0..15)
0 0 0 0 0 0 0 0 0 0 0 0 0 0 0 0
##$SHL_ZETA= (0..15)
0 0 0 0 0 0 0 0 0 0 0 0 0 0 0 0
##NPOINTS= 1250
##XYPOINTS= (XY..XY)
72.784261, 144.230253
72.322911, 145.733599
71.858704, 147.237022
71.391674, 148.740526
70.921856, 150.244111
70.449283, 151.747779
69.973990, 153.251532
69.496012, 154.755371
69.015385, 156.259300
68.532143, 157.763319
68.046322, 159.267431
67.557958, 160.771637
67.067085, 162.275940
66.573741, 163.780343
66.077962, 165.284846
65.579783, 166.789454
65.079242, 168.294167
64.576374, 169.798989
64.071218, 171.303923
63.563809, 172.808971
63.054186, 174.314135
62.542385, 175.819420
62.028444, 177.324827
61.512401, 178.830360
60.994294, 180.336023
60.474160, 181.841818
59.952038, 183.347749
59.427965, 184.853820
58.901981, 186.360035
58.374125, 187.866397
57.844433, 189.372911
57.312947, 190.879580
56.779704, 192.386410
56.244743, 193.893404
55.708105, 195.400568
55.169827, 196.907906
54.629951, 198.415424
54.088515, 199.923126
53.545558, 201.431019
53.001122, 202.939109
52.455246, 204.447401
51.907969, 205.955901
51.359332, 207.464617
50.809376, 208.973555
50.258140, 210.482723
49.705666, 211.992127
49.151993, 213.501776
48.597162, 215.011678
48.041214, 216.521842
47.484190, 218.032276
46.926131, 219.542990
46.367077, 221.053994
45.807070, 222.565299
45.246151, 224.076914
44.684360, 225.588851
44.121740, 227.101123
43.558332, 228.613742
42.994176, 230.126722
42.429315, 231.640075
41.863790, 233.153817
41.297642, 234.667963
40.730913, 236.182529
40.163645, 237.697533
39.595879, 239.212993
39.027657, 240.728927
38.459021, 242.245356
37.890013, 243.762301
37.320675, 245.279786
36.751048, 246.797833
36.181174, 248.316469
35.611096, 249.835719
35.040855, 251.355614
34.470493, 252.876184
33.900053, 254.397460
33.329576, 255.919478
32.759104, 257.442275
32.188681, 258.965889
31.618346, 260.490363
31.048144, 262.015743
30.478115, 263.542075
29.908302, 265.069413
29.338747, 266.597811
28.769493, 268.127330
28.200581, 269.658033
27.632054, 271.189990
27.063953, 272.723277
26.496322, 274.257973
25.929201, 275.794168
25.362635, 277.331955
24.796663, 278.871438
24.231330, 280.412730
23.666676, 281.955954
23.102746, 283.501243
22.539580, 285.048745
21.977221, 286.598620
21.415711, 288.151046
20.855094, 289.706218
20.295411, 291.264350
19.736706, 292.825683
19.179020, 294.390480
18.622398, 295.959037
18.066881, 297.531684
17.512514, 299.108790
16.959339, 300.690769
16.407400, 302.278090
15.856742, 303.871283
15.307409, 305.470950
14.759445, 307.077779
14.212897, 308.692559
13.667810, 310.316197
13.124231, 311.949746
12.582209, 313.594431
12.041794, 315.251689
11.503035, 316.923211
10.965987, 318.611010
10.430704, 320.317491
9.897247, 322.045559
9.365677, 323.798753
8.836064, 325.581425
8.308482, 327.398993
7.783017, 329.258284
7.259766, 331.168019
6.738844, 333.139525
6.220392, 335.187770
5.704584, 337.332949
5.191649, 339.602964
4.681894, 342.037445
4.175757, 344.694554
3.673885, 347.663049
3.177302, 351.084932
2.687737, 355.200942
2.208367, 0.449373
1.745678, 7.700001
1.314771, 18.843672
0.955842, 38.071766
0.771596, 70.659884
0.875576, 106.279369
1.191711, 128.963081
1.596433, 141.835106
2.035785, 149.928604
2.489991, 155.628049
2.950901, 160.008193
3.414664, 163.596457
3.879243, 166.675948
4.343461, 169.410559
4.806585, 171.901179
5.268133, 174.213101
5.727769, 176.390355
6.185250, 178.463671
6.640393, 180.455129
7.093053, 182.380987
7.543114, 184.253480
7.990479, 186.081986
8.435067, 187.873811
8.876805, 189.634734
9.315630, 191.369380
9.751484, 193.081497
10.184315, 194.774155
10.614073, 196.449889
11.040713, 198.110814
11.464191, 199.758707
11.884467, 201.395070
12.301500, 203.021184
12.715253, 204.638148
13.125689, 206.246908
13.532773, 207.848285
13.936469, 209.442992
14.336744, 211.031655
14.733564, 212.614823
15.126899, 214.192981
15.516714, 215.766558
15.902981, 217.335936
16.285667, 218.901454
16.664743, 220.463417
17.040179, 222.022098
17.411946, 223.577742
17.780015, 225.130572
18.144358, 226.680788
18.504947, 228.228572
18.861754, 229.774088
19.214753, 231.317488
19.563915, 232.858910
19.909216, 234.398478
20.250628, 235.936308
20.588126, 237.472505
20.921685, 239.007168
21.251279, 240.540385
21.576885, 242.072240
21.898476, 243.602808
22.216030, 245.132161
22.529523, 246.660364
22.838931, 248.187478
23.144231, 249.713559
23.445401, 251.238661
23.742418, 252.762831
24.035259, 254.286117
24.323904, 255.808560
24.608330, 257.330201
24.888518, 258.851077
25.164445, 260.371223
25.436091, 261.890672
25.703437, 263.409455
25.966462, 264.927600
26.225147, 266.445136
26.479474, 267.962087
26.729422, 269.478478
26.974974, 270.994331
27.216111, 272.509669
27.452816, 274.024510
27.685071, 275.538876
27.912859, 277.052782
28.136163, 278.566248
28.354967, 280.079288
28.569255, 281.591919
28.779010, 283.104155
28.984218, 284.616009
29.184862, 286.127495
29.380929, 287.638625
29.572404, 289.149411
29.759273, 290.659865
29.941522, 292.169996
30.119137, 293.679815
30.292106, 295.189332
30.460415, 296.698555
30.624053, 298.207494
30.783007, 299.716157
30.937266, 301.224551
31.086818, 302.732685
31.231652, 304.240565
31.371757, 305.748198
31.507124, 307.255591
31.637742, 308.762750
31.763602, 310.269681
31.884694, 311.776390
32.001009, 313.282881
32.112540, 314.789160
32.219277, 316.295233
32.321213, 317.801102
32.418340, 319.306774
32.510651, 320.812252
32.598140, 322.317539
32.680799, 323.822641
32.758624, 325.327561
32.831607, 326.832301
32.899744, 328.336866
32.963030, 329.841258
33.021460, 331.345480
33.075029, 332.849535
33.123734, 334.353426
33.167572, 335.857155
33.206538, 337.360725
33.240631, 338.864137
33.269847, 340.367394
33.294184, 341.870498
33.313641, 343.373450
33.328216, 344.876252
33.337908, 346.378906
33.342716, 347.881413
33.342641, 349.383774
33.337681, 350.885991
33.327837, 352.388064
33.313111, 353.889995
33.293502, 355.391785
33.269013, 356.893433
33.239646, 358.394941
33.205401, 359.896310
33.166283, 1.397539
33.122293, 2.898629
33.073436, 4.399581
33.019713, 5.900393
32.961131, 7.401066
32.897692, 8.901601
32.829401, 10.401996
32.756264, 11.902251
32.678286, 13.402366
32.595472, 14.902340
32.507828, 16.402173
32.415361, 17.901863
32.318079, 19.401409
32.215987, 20.900811
32.109093, 22.400066
31.997405, 23.899174
31.880932, 25.398134
31.759681, 26.896942
31.633663, 28.395599
31.502885, 29.894100
31.367358, 31.392445
31.227091, 32.890631
31.082095, 34.388656
30.932380, 35.886516
30.777958, 37.384209
30.618840, 38.881732
30.455037, 40.379082
30.286561, 41.876255
30.113425, 43.373247
29.935641, 44.870054
29.753223, 46.366673
29.566183, 47.863098
29.374537, 49.359325
29.178296, 50.855349
28.977477, 52.351165
28.772093, 53.846766
28.562161, 55.342148
28.347694, 56.837302
28.128709, 58.332224
27.905223, 59.826904
27.677250, 61.321337
27.444809, 62.815513
27.207916, 64.309424
26.966589, 65.803061
26.720845, 67.296414
26.470702, 68.789473
26.216178, 70.282227
25.957294, 71.774664
25.694066, 73.266771
25.426515, 74.758536
25.154661, 76.249944
24.878523, 77.740980
24.598121, 79.231628
24.313477, 80.721871
24.024611, 82.211690
23.731544, 83.701066
23.434298, 85.189978
23.132895, 86.678402
22.827357, 88.166316
22.517706, 89.653692
22.203965, 91.140502
21.886158, 92.626716
21.564307, 94.112303
21.238437, 95.597225
20.908571, 97.081446
20.574733, 98.564924
20.236949, 100.047615
19.895244, 101.529469
19.549641, 103.010434
19.200168, 104.490453
18.846849, 105.969461
18.489711, 107.447392
18.128781, 108.924169
17.764085, 110.399709
17.395649, 111.873921
17.023502, 113.346705
16.647671, 114.817949
16.268185, 116.287530
15.885070, 117.755310
15.498356, 119.221138
15.108072, 120.684841
14.714247, 122.146227
14.316911, 123.605081
13.916094, 125.061159
13.511825, 126.514184
13.104135, 127.963840
12.693057, 129.409767
12.278620, 130.851551
11.860858, 132.288713
11.439803, 133.720699
11.015487, 135.146859
10.587944, 136.566434
10.157209, 137.978520
9.723317, 139.382046
9.286304, 140.775721
8.846208, 142.157983
8.403066, 143.526919
7.956920, 144.880166
7.507812, 146.214762
7.055788, 147.526952
6.600896, 148.811903
6.143193, 150.063279
5.682739, 151.272621
5.219608, 152.428368
4.753888, 153.514302
4.285692, 154.506941
3.815174, 155.370981
3.342557, 156.050817
2.868189, 156.453606
2.392673, 156.412144
1.917185, 155.593070
1.444413, 153.229038
0.982172, 147.130365
0.563989, 128.729025
0.392398, 71.323081
0.692544, 28.331343
1.141130, 15.817901
1.621332, 11.352801
2.113335, 9.621044
2.611782, 9.106394
3.114659, 9.233506
3.621029, 9.739004
4.130392, 10.485890
4.642445, 11.396031
5.156990, 12.421671
5.673884, 13.531995
6.193021, 14.706242
6.714313, 15.929914
7.237687, 17.192587
7.763078, 18.486571
8.290429, 19.806072
8.819687, 21.146642
9.350799, 22.504807
9.883720, 23.877818
10.418401, 25.263469
10.954797, 26.659970
11.492865, 28.065855
12.032561, 29.479908
12.573842, 30.901115
13.116666, 32.328625
13.660989, 33.761713
14.206771, 35.199764
14.753969, 36.642249
15.302542, 38.088710
15.852449, 39.538753
16.403647, 40.992032
16.956095, 42.448245
17.509753, 43.907125
18.064578, 45.368438
18.620529, 46.831976
19.177565, 48.297554
19.735645, 49.765007
20.294727, 51.234186
20.854770, 52.704960
21.415732, 54.177208
21.977571, 55.650822
22.540248, 57.125706
23.103718, 58.601770
23.667942, 60.078933
24.232878, 61.557123
24.798484, 63.036272
25.364718, 64.516319
25.931539, 65.997207
26.498904, 67.478885
27.066773, 68.961305
27.635103, 70.444424
28.203853, 71.928200
28.772981, 73.412597
29.342445, 74.897579
29.912203, 76.383115
30.482214, 77.869174
31.052435, 79.355730
31.622824, 80.842755
32.193341, 82.330226
32.763942, 83.818121
33.334586, 85.306418
33.905231, 86.795098
34.475836, 88.284142
35.046358, 89.773533
35.616755, 91.263255
36.186986, 92.753292
36.757009, 94.243631
37.326782, 95.734257
37.896263, 97.225158
38.465410, 98.716323
39.034183, 100.207739
39.602538, 101.699396
40.170434, 103.191285
40.737830, 104.683394
41.304685, 106.175716
41.870955, 107.668243
42.436601, 109.160964
43.001580, 110.653874
43.565851, 112.146965
44.129373, 113.640230
44.692104, 115.133661
45.254004, 116.627254
45.815030, 118.121002
46.375142, 119.614899
46.934299, 121.108940
47.492459, 122.603120
48.049583, 124.097434
48.605628, 125.591876
49.160555, 127.086444
49.714322, 128.581131
50.266889, 130.075935
50.818216, 131.570852
51.368262, 133.065877
51.916986, 134.561006
52.464349, 136.056238
53.010311, 137.551567
53.554831, 139.046992
54.097869, 140.542509
54.639386, 142.038115
55.179342, 143.533807
55.717697, 145.029583
56.254412, 146.525440
56.789448, 148.021375
57.322766, 149.517387
57.854325, 151.013473
58.384088, 152.509630
58.912016, 154.005858
59.438069, 155.502152
59.962210, 156.998513
60.484400, 158.494937
61.004600, 159.991423
61.522773, 161.487969
62.038880, 162.984574
62.552884, 164.481236
63.064747, 165.977952
63.574431, 167.474723
64.081900, 168.971546
64.587116, 170.468419
65.090041, 171.965342
65.590640, 173.462313
66.088875, 174.959331
66.584710, 176.456395
67.078109, 177.953503
67.569035, 179.450654
68.057452, 180.947847
68.543325, 182.445081
69.026618, 183.942356
69.507296, 185.439669
69.985323, 186.937020
70.460664, 188.434408
70.933285, 189.931832
71.403151, 191.429291
71.870228, 192.926785
72.334480, 194.424312
72.795875, 195.921871
73.254378, 197.419463
73.709956, 198.917085
74.162575, 200.414738
74.612203, 201.912420
75.058806, 203.410131
75.502352, 204.907870
75.942807, 206.405636
76.380141, 207.903429
76.814320, 209.401249
77.245313, 210.899094
77.673088, 212.396964
78.097615, 213.894858
78.518861, 215.392776
78.936797, 216.890717
79.351390, 218.388681
79.762612, 219.886667
80.170432, 221.384675
80.574820, 222.882704
80.975746, 224.380754
81.373181, 225.878823
81.767096, 227.376913
82.157462, 228.875021
82.544250, 230.373149
82.927433, 231.871295
83.306981, 233.369458
83.682867, 234.867640
84.055065, 236.365838
84.423545, 237.864053
84.788282, 239.362285
85.149249, 240.860533
85.506418, 242.358796
85.859765, 243.857075
86.209263, 245.355368
86.554886, 246.853676
86.896609, 248.351999
87.234408, 249.850335
87.568257, 251.348685
87.898132, 252.847048
88.224009, 254.345424
88.545863, 255.843813
88.863672, 257.342214
89.177412, 258.840628
89.487059, 260.339053
89.792592, 261.837490
90.093988, 263.335938
90.391225, 264.834397
90.684281, 266.332867
90.973134, 267.831348
91.257764, 269.329838
91.538150, 270.828339
91.814270, 272.326850
92.086105, 273.825370
92.353636, 275.323899
92.616841, 276.822438
92.875702, 278.320985
93.130200, 279.819541
93.380317, 281.318105
93.626034, 282.816678
93.867333, 284.315258
94.104196, 285.813847
94.336606, 287.312443
94.564546, 288.811046
94.787999, 290.309657
95.006949, 291.808274
95.221380, 293.306899
95.431276, 294.805530
95.636622, 296.304167
95.837403, 297.802811
96.033603, 299.301461
96.225209, 300.800116
96.412207, 302.298778
96.594582, 303.797445
96.772322, 305.296117
96.945414, 306.794795
97.113844, 308.293477
97.277601, 309.792165
97.436672, 311.290857
97.591046, 312.789554
97.740712, 314.288255
97.885658, 315.786961
98.025874, 317.285670
98.161349, 318.784384
98.292074, 320.283101
98.418040, 321.781822
98.539236, 323.280547
98.655654, 324.779275
98.767286, 326.278006
98.874123, 327.776740
98.976157, 329.275477
99.073382, 330.774217
99.165789, 332.272959
99.253372, 333.771704
99.336125, 335.270452
99.414042, 336.769201
99.487117, 338.267953
99.555344, 339.766706
99.618718, 341.265462
99.677236, 342.764219
99.730892, 344.262977
99.779683, 345.761737
99.823605, 347.260498
99.862655, 348.759260
99.896830, 350.258024
99.926127, 351.756788
99.950545, 353.255553
99.970081, 354.754318
99.984735, 356.253084
99.994504, 357.751850
99.999389, 359.250617
99.999389, 0.749383
99.994504, 2.248150
99.984735, 3.746916
99.970081, 5.245682
99.950545, 6.744447
99.926127, 8.243212
99.896830, 9.741976
99.862655, 11.240740
99.823605, 12.739502
99.779683, 14.238263
99.730892, 15.737023
99.677236, 17.235781
99.618718, 18.734538
99.555344, 20.233294
99.487117, 21.732047
99.414042, 23.230799
99.336125, 24.729548
99.253372, 26.228296
99.165789, 27.727041
99.073382, 29.225783
98.976157, 30.724523
98.874123, 32.223260
98.767286, 33.721994
98.655654, 35.220725
98.539236, 36.719453
98.418040, 38.218178
98.292074, 39.716899
98.161349, 41.215616
98.025874, 42.714330
97.885658, 44.213039
97.740712, 45.711745
97.591046, 47.210446
97.436672, 48.709143
97.277601, 50.207835
97.113844, 51.706523
96.945414, 53.205205
96.772322, 54.703883
96.594582, 56.202555
96.412207, 57.701222
96.225209, 59.199884
96.033603, 60.698539
95.837403, 62.197189
95.636622, 63.695833
95.431276, 65.194470
95.221380, 66.693101
95.006949, 68.191726
94.787999, 69.690343
94.564546, 71.188954
94.336606, 72.687557
94.104196, 74.186153
93.867333, 75.684742
93.626034, 77.183322
93.380317, 78.681895
93.130200, 80.180459
92.875702, 81.679015
92.616841, 83.177562
92.353636, 84.676101
92.086105, 86.174630
91.814270, 87.673150
91.538150, 89.171661
91.257764, 90.670162
90.973134, 92.168652
90.684281, 93.667133
90.391225, 95.165603
90.093988, 96.664062
89.792592, 98.162510
89.487059, 99.660947
89.177412, 101.159372
88.863672, 102.657786
88.545863, 104.156187
88.224009, 105.654576
87.898132, 107.152952
87.568257, 108.651315
87.234408, 110.149665
86.896609, 111.648001
86.554886, 113.146324
86.209263, 114.644632
85.859765, 116.142925
85.506418, 117.641204
85.149249, 119.139467
84.788282, 120.637715
84.423545, 122.135947
84.055065, 123.634162
83.682867, 125.132360
83.306981, 126.630542
82.927433, 128.128705
82.544250, 129.626851
82.157462, 131.124979
81.767096, 132.623087
81.373181, 134.121177
80.975746, 135.619246
80.574820, 137.117296
80.170432, 138.615325
79.762612, 140.113333
79.351390, 141.611319
78.936797, 143.109283
78.518861, 144.607224
78.097615, 146.105142
77.673088, 147.603036
77.245313, 149.100906
76.814320, 150.598751
76.380141, 152.096571
75.942807, 153.594364
75.502352, 155.092130
75.058806, 156.589869
74.612203, 158.087580
74.162575, 159.585262
73.709956, 161.082915
73.254378, 162.580537
72.795875, 164.078129
72.334480, 165.575688
71.870228, 167.073215
71.403151, 168.570709
70.933285, 170.068168
70.460664, 171.565592
69.985323, 173.062980
69.507296, 174.560331
69.026618, 176.057644
68.543325, 177.554919
68.057452, 179.052153
67.569035, 180.549346
67.078109, 182.046497
66.584710, 183.543605
66.088875, 185.040669
65.590640, 186.537687
65.090041, 188.034658
64.587116, 189.531581
64.081900, 191.028454
63.574431, 192.525277
63.064747, 194.022048
62.552884, 195.518764
62.038880, 197.015426
61.522773, 198.512031
61.004600, 200.008577
60.484400, 201.505063
59.962210, 203.001487
59.438069, 204.497848
58.912016, 205.994142
58.384088, 207.490370
57.854325, 208.986527
57.322766, 210.482613
56.789448, 211.978625
56.254412, 213.474560
55.717697, 214.970417
55.179342, 216.466193
54.639386, 217.961885
54.097869, 219.457491
53.554831, 220.953008
53.010311, 222.448433
52.464349, 223.943762
51.916986, 225.438994
51.368262, 226.934123
50.818216, 228.429148
50.266889, 229.924065
49.714322, 231.418869
49.160555, 232.913556
48.605628, 234.408124
48.049583, 235.902566
47.492459, 237.396880
46.934299, 238.891060
46.375142, 240.385101
45.815030, 241.878998
45.254004, 243.372746
44.692104, 244.866339
44.129373, 246.359770
43.565851, 247.853035
43.001580, 249.346126
42.436601, 250.839036
41.870955, 252.331757
41.304685, 253.824284
40.737830, 255.316606
40.170434, 256.808715
39.602538, 258.300604
39.034183, 259.792261
38.465410, 261.283677
37.896263, 262.774842
37.326782, 264.265743
36.757009, 265.756369
36.186986, 267.246708
35.616755, 268.736745
35.046358, 270.226467
34.475836, 271.715858
33.905231, 273.204902
33.334586, 274.693582
32.763942, 276.181879
32.193341, 277.669774
31.622824, 279.157245
31.052435, 280.644270
30.482214, 282.130826
29.912203, 283.616885
29.342445, 285.102421
28.772981, 286.587403
28.203853, 288.071800
27.635103, 289.555576
27.066773, 291.038695
26.498904, 292.521115
25.931539, 294.002793
25.364718, 295.483681
24.798484, 296.963728
24.232878, 298.442877
23.667942, 299.921067
23.103718, 301.398230
22.540248, 302.874294
21.977571, 304.349178
21.415732, 305.822792
20.854770, 307.295040
20.294727, 308.765814
19.735645, 310.234993
19.177565, 311.702446
18.620529, 313.168024
18.064578, 314.631562
17.509753, 316.092875
16.956095, 317.551755
16.403647, 319.007968
15.852449, 320.461247
15.302542, 321.911290
14.753969, 323.357751
14.206771, 324.800236
13.660989, 326.238287
13.116666, 327.671375
12.573842, 329.098885
12.032561, 330.520092
11.492865, 331.934145
10.954797, 333.340030
10.418401, 334.736531
9.883720, 336.122182
9.350799, 337.495193
8.819687, 338.853358
8.290429, 340.193928
7.763078, 341.513429
7.237687, 342.807413
6.714313, 344.070086
6.193021, 345.293758
5.673884, 346.468005
5.156990, 347.578329
4.642445, 348.603969
4.130392, 349.514110
3.621029, 350.260996
3.114659, 350.766494
2.611782, 350.893606
2.113335, 350.378956
1.621332, 348.647199
1.141130, 344.182099
0.692544, 331.668657
0.392398, 288.676919
0.563989, 231.270975
0.982172, 212.869635
1.444413, 206.770962
1.917185, 204.406930
2.392673, 203.587856
2.868189, 203.546394
3.342557, 203.949183
3.815174, 204.629019
4.285692, 205.493059
4.753888, 206.485698
5.219608, 207.571632
5.682739, 208.727379
6.143193, 209.936721
6.600896, 211.188097
7.055788, 212.473048
7.507812, 213.785238
7.956920, 215.119834
8.403066, 216.473081
8.846208, 217.842017
9.286304, 219.224279
9.723317, 220.617954
10.157209, 222.021480
10.587944, 223.433566
11.015487, 224.853141
11.439803, 226.279301
11.860858, 227.711287
12.278620, 229.148449
12.693057, 230.590233
13.104135, 232.036160
13.511825, 233.485816
13.916094, 234.938841
14.316911, 236.394919
14.714247, 237.853773
15.108072, 239.315159
15.498356, 240.778862
15.885070, 242.244690
16.268185, 243.712470
16.647671, 245.182051
17.023502, 246.653295
17.395649, 248.126079
17.764085, 249.600291
18.128781, 251.075831
18.489711, 252.552608
18.846849, 254.030539
19.200168, 255.509547
19.549641, 256.989566
19.895244, 258.470531
20.236949, 259.952385
20.574733, 261.435076
20.908571, 262.918554
21.238437, 264.402775
21.564307, 265.887697
21.886158, 267.373284
22.203965, 268.859498
22.517706, 270.346308
22.827357, 271.833684
23.132895, 273.321598
23.434298, 274.810022
23.731544, 276.298934
24.024611, 277.788310
24.313477, 279.278129
24.598121, 280.768372
24.878523, 282.259020
25.154661, 283.750056
25.426515, 285.241464
25.694066, 286.733229
25.957294, 288.225336
26.216178, 289.717773
26.470702, 291.210527
26.720845, 292.703586
26.966589, 294.196939
27.207916, 295.690576
27.444809, 297.184487
27.677250, 298.678663
27.905223, 300.173096
28.128709, 301.667776
28.347694, 303.162698
28.562161, 304.657852
28.772093, 306.153234
28.977477, 307.648835
29.178296, 309.144651
29.374537, 310.640675
29.566183, 312.136902
29.753223, 313.633327
29.935641, 315.129946
30.113425, 316.626753
30.286561, 318.123745
30.455037, 319.620918
30.618840, 321.118268
30.777958, 322.615791
30.932380, 324.113484
31.082095, 325.611344
31.227091, 327.109369
31.367358, 328.607555
31.502885, 330.105900
31.633663, 331.604401
31.759681, 333.103058
31.880932, 334.601866
31.997405, 336.100826
32.109093, 337.599934
32.215987, 339.099189
32.318079, 340.598591
32.415361, 342.098137
32.507828, 343.597827
32.595472, 345.097660
32.678286, 346.597634
32.756264, 348.097749
32.829401, 349.598004
32.897692, 351.098399
32.961131, 352.598934
33.019713, 354.099607
33.073436, 355.600419
33.122293, 357.101371
33.166283, 358.602461
33.205401, 0.103690
33.239646, 1.605059
33.269013, 3.106567
33.293502, 4.608215
33.313111, 6.110005
33.327837, 7.611936
33.337681, 9.114009
33.342641, 10.616226
33.342716, 12.118587
33.337908, 13.621094
33.328216, 15.123748
33.313641, 16.626550
33.294184, 18.129502
33.269847, 19.632606
33.240631, 21.135863
33.206538, 22.639275
33.167572, 24.142845
33.123734, 25.646574
33.075029, 27.150465
33.021460, 28.654520
32.963030, 30.158742
32.899744, 31.663134
32.831607, 33.167699
32.758624, 34.672439
32.680799, 36.177359
32.598140, 37.682461
32.510651, 39.187748
32.418340, 40.693226
32.321213, 42.198898
32.219277, 43.704767
32.112540, 45.210840
32.001009, 46.717119
31.884694, 48.223610
31.763602, 49.730319
31.637742, 51.237250
31.507124, 52.744409
31.371757, 54.251802
31.231652, 55.759435
31.086818, 57.267315
30.937266, 58.775449
30.783007, 60.283843
30.624053, 61.792506
30.460415, 63.301445
30.292106, 64.810668
30.119137, 66.320185
29.941522, 67.830004
29.759273, 69.340135
29.572404, 70.850589
29.380929, 72.361375
29.184862, 73.872505
28.984218, 75.383991
28.779010, 76.895845
28.569255, 78.408081
28.354967, 79.920712
28.136163, 81.433752
27.912859, 82.947218
27.685071, 84.461124
27.452816, 85.975490
27.216111, 87.490331
26.974974, 89.005669
26.729422, 90.521522
26.479474, 92.037913
26.225147, 93.554864
25.966462, 95.072400
25.703437, 96.590545
25.436091, 98.109328
25.164445, 99.628777
24.888518, 101.148923
24.608330, 102.669799
24.323904, 104.191440
24.035259, 105.713883
23.742418, 107.237169
23.445401, 108.761339
23.144231, 110.286441
22.838931, 111.812522
22.529523, 113.339636
22.216030, 114.867839
21.898476, 116.397192
21.576885, 117.927760
21.251279, 119.459615
20.921685, 120.992832
20.588126, 122.527495
20.250628, 124.063692
19.909216, 125.601522
19.563915, 127.141090
19.214753, 128.682512
18.861754, 130.225912
18.504947, 131.771428
18.144358, 133.319212
17.780015, 134.869428
17.411946, 136.422258
17.040179, 137.977902
16.664743, 139.536583
16.285667, 141.098546
15.902981, 142.664064
15.516714, 144.233442
15.126899, 145.807019
14.733564, 147.385177
14.336744, 148.968345
13.936469, 150.557008
13.532773, 152.151715
13.125689, 153.753092
12.715253, 155.361852
12.301500, 156.978816
11.884467, 158.604930
11.464191, 160.241293
11.040713, 161.889186
10.614073, 163.550111
10.184315, 165.225845
9.751484, 166.918503
9.315630, 168.630620
8.876805, 170.365266
8.435067, 172.126189
7.990479, 173.918014
7.543114, 175.746520
7.093053, 177.619013
6.640393, 179.544871
6.185250, 181.536329
5.727769, 183.609645
5.268133, 185.786899
4.806585, 188.098821
4.343461, 190.589441
3.879243, 193.324052
3.414664, 196.403543
2.950901, 199.991807
2.489991, 204.371951
2.035785, 210.071396
1.596433, 218.164894
1.191711, 231.036919
0.875576, 253.720631
0.771596, 289.340116
0.955842, 321.928234
1.314771, 341.156328
1.745678, 352.299999
2.208367, 359.550627
2.687737, 4.799058
3.177302, 8.915068
3.673885, 12.336951
4.175757, 15.305446
4.681894, 17.962555
5.191649, 20.397036
5.704584, 22.667051
6.220392, 24.812230
6.738844, 26.860475
7.259766, 28.831981
7.783017, 30.741716
8.308482, 32.601007
8.836064, 34.418575
9.365677, 36.201247
9.897247, 37.954441
10.430704, 39.682509
10.965987, 41.388990
11.503035, 43.076789
12.041794, 44.748311
12.582209, 46.405569
13.124231, 48.050254
13.667810, 49.683803
14.212897, 51.307441
14.759445, 52.922221
15.307409, 54.529050
15.856742, 56.128717
16.407400, 57.721910
16.959339, 59.309231
17.512514, 60.891210
18.066881, 62.468316
18.622398, 64.040963
19.179020, 65.609520
19.736706, 67.174317
20.295411, 68.735650
20.855094, 70.293782
21.415711, 71.848954
21.977221, 73.401380
22.539580, 74.951255
23.102746, 76.498757
23.666676, 78.044046
24.231330, 79.587270
24.796663, 81.128562
25.362635, 82.668045
25.929201, 84.205832
26.496322, 85.742027
27.063953, 87.276723
27.632054, 88.810010
28.200581, 90.341967
28.769493, 91.872670
29.338747, 93.402189
29.908302, 94.930587
30.478115, 96.457925
31.048144, 97.984257
31.618346, 99.509637
32.188681, 101.034111
32.759104, 102.557725
33.329576, 104.080522
33.900053, 105.602540
34.470493, 107.123816
35.040855, 108.644386
35.611096, 110.164281
36.181174, 111.683531
36.751048, 113.202167
37.320675, 114.720214
37.890013, 116.237699
38.459021, 117.754644
39.027657, 119.271073
39.595879, 120.787007
40.163645, 122.302467
40.730913, 123.817471
41.297642, 125.332037
41.863790, 126.846183
42.429315, 128.359925
42.994176, 129.873278
43.558332, 131.386258
44.121740, 132.898877
44.684360, 134.411149
45.246151, 135.923086
45.807070, 137.434701
46.367077, 138.946006
46.926131, 140.457010
47.484190, 141.967724
48.041214, 143.478158
48.597162, 144.988322
49.151993, 146.498224
49.705666, 148.007873
50.258140, 149.517277
50.809376, 151.026445
51.359332, 152.535383
51.907969, 154.044099
52.455246, 155.552599
53.001122, 157.060891
53.545558, 158.568981
54.088515, 160.076874
54.629951, 161.584576
55.169827, 163.092094
55.708105, 164.599432
56.244743, 166.106596
56.779704, 167.613590
57.312947, 169.120420
57.844433, 170.627089
58.374125, 172.133603
58.901981, 173.639965
59.427965, 175.146180
59.952038, 176.652251
60.474160, 178.158182
60.994294, 179.663977
61.512401, 181.169640
62.028444, 182.675173
62.542385, 184.180580
63.054186, 185.685865
63.563809, 187.191029
64.071218, 188.696077
64.576374, 190.201011
65.079242, 191.705833
65.579783, 193.210546
66.077962, 194.715154
66.573741, 196.219657
67.067085, 197.724060
67.557958, 199.228363
68.046322, 200.732569
68.532143, 202.236681
69.015385, 203.740700
69.496012, 205.244629
69.973990, 206.748468
70.449283, 208.252221
70.921856, 209.755889
71.391674, 211.259474
71.858704, 212.762978
72.322911, 214.266401
72.784261, 215.769747
##END=
