##TITLE= Parameter file, TopSpin 4.3.0
##JCAMPDX= 5.0
##DATATYPE= Parameter Values
##ORIGIN= Bruker BioSpin GmbH
##OWNER= nmrsu
$$ 2024-03-08 00:37:23.250 +0000  nmrsu@4CE1161FJM
$$ C:/Bruker/TopSpin4.3.0/exp/stan/nmr/lists/wave/user/multisupp_aux_d8
$$ process C:\Bruker\TopSpin4.3.0\prog\mod\xwinshape.exe
##MINX= 0.39963800
##MAXX= 99.99938900
##MINY= 0.16138800
##MAXY= 359.83861200
##$SHAPE_ADDPHASE= 0
##$SHAPE_AMP= 99.9993893
##$SHAPE_BWFAC= 0
##$SHAPE_BWFAC50= 0
##$SHAPE_CALCBW= yes
##$SHAPE_CALCINTEG= yes
##$SHAPE_EXMODE= <Excitation>
##$SHAPE_EXPAND= <>
##$SHAPE_EXPANDCF= (0..143)
0 0 0 0 0 0 0 0 0 0 0 0 0 0 0 0 0 0 0 0 0 0 0 0 0 0 0 0 0 0 0 0 0 0 0 0
0 0 0 0 0 0 0 0 0 0 0 0 0 0 0 0 0 0 0 0 0 0 0 0 0 0 0 0 0 0 0 0 0 0 0 0
0 0 0 0 0 0 0 0 0 0 0 0 0 0 0 0 0 0 0 0 0 0 0 0 0 0 0 0 0 0 0 0 0 0 0 0
0 0 0 0 0 0 0 0 0 0 0 0 0 0 0 0 0 0 0 0 0 0 0 0 0 0 0 0 0 0 0 0 0 0 0 0
##$SHAPE_EXPFAC= 0
##$SHAPE_FRACEND= 0
##$SHAPE_FRACORG= 0
##$SHAPE_FRACSTART= 0
##$SHAPE_INTEGFAC= 0
##$SHAPE_KEEPRES= yes
##$SHAPE_LENGTH= 25000.000373
##$SHAPE_MAN= <M>
##$SHAPE_MODE= 3
##$SHAPE_MODFREQ= 0
##$SHAPE_MODPHASE= 0
##$SHAPE_MODSCALE= 0
##$SHAPE_MODSW= 0
##$SHAPE_MODSWDIR= -1
##$SHAPE_NPOINTS= 1250
##$SHAPE_OFFS= <1 3>
##$SHAPE_OFFSCOEFF= (0..95)
-149.88379 0 100 -217.62329 0 100 -286.12939 0 100 0 0 0 0 0 0 0 0 0 0
0 0 0 0 0 0 0 0 0 0 0 0 0 0 0 0 0 0 0 0 0 0 0 0 0 0 0 0 0 0 0 0 0 0 0 0
0 0 0 0 0 0 0 0 0 0 0 0 0 0 0 0 0 0 0 0 0 0 0 0 0 0 0 0 0 0 0 0 0 0 0 0
0 0 0 0 0
##$SHAPE_PARAMETER= <>
##$SHAPE_REPHFAC= 0
##$SHAPE_RES= 0
##$SHAPE_SCALEFAC= 1.00000611
##$SHAPE_SCALETYPE= 0
##$SHAPE_SPOAL= 0
##$SHAPE_SPOFFS= 0
##$SHAPE_SPOPH= 0
##$SHAPE_TOTROT= 90
##$SHAPE_TYPE= <Excitation>
##$SHAPE_USER_DEF= <>
##$SHAPE_VERSION= 2.1
##$SHL_ADDPHASE= (0..15)
0 0 0 0 0 0 0 0 0 0 0 0 0 0 0 0
##$SHL_ALIGNOFFSET= (0..15)
0 0 0 0 0 0 0 0 0 0 0 0 0 0 0 0
##$SHL_AMP= (0..15)
100 0 0 0 0 0 0 0 0 0 0 0 0 0 0 0
##$SHL_AMPFAC= (0..15)
0 0 0 0 0 0 0 0 0 0 0 0 0 0 0 0
##$SHL_BETA= (0..15)
0 0 0 0 0 0 0 0 0 0 0 0 0 0 0 0
##$SHL_BWFAC= (0..15)
1.116 0 0 0 0 0 0 0 0 0 0 0 0 0 0 0
##$SHL_CALCBW= (0..15)
yes yes yes yes yes yes yes yes yes yes yes yes yes yes yes yes
##$SHL_CALCINTEG= (0..15)
yes yes yes yes yes yes yes yes yes yes yes yes yes yes yes yes
##$SHL_CENTERAMP= (0..15)
0 0 0 0 0 0 0 0 0 0 0 0 0 0 0 0
##$SHL_CYCNUM= (0..15)
0 0 0 0 0 0 0 0 0 0 0 0 0 0 0 0
##$SHL_DIPOLCPL= (0..15)
0 0 0 0 0 0 0 0 0 0 0 0 0 0 0 0
##$SHL_ENDAMP= (0..15)
0 0 0 0 0 0 0 0 0 0 0 0 0 0 0 0
##$SHL_EXMODE= (0..15)
<Excitation> <> <> <> <> <> <> <> <> <> <> <> <> <> <> <>
##$SHL_EXPAND= (0..15)
<> <> <> <> <> <> <> <> <> <> <> <> <> <> <> <>
##$SHL_EXPANDCF0= (0..143)
0 0 0 0 0 0 0 0 0 0 0 0 0 0 0 0 0 0 0 0 0 0 0 0 0 0 0 0 0 0 0 0 0 0 0 0
0 0 0 0 0 0 0 0 0 0 0 0 0 0 0 0 0 0 0 0 0 0 0 0 0 0 0 0 0 0 0 0 0 0 0 0
0 0 0 0 0 0 0 0 0 0 0 0 0 0 0 0 0 0 0 0 0 0 0 0 0 0 0 0 0 0 0 0 0 0 0 0
0 0 0 0 0 0 0 0 0 0 0 0 0 0 0 0 0 0 0 0 0 0 0 0 0 0 0 0 0 0 0 0 0 0 0 0
##$SHL_EXPANDCF1= (0..143)
0 0 0 0 0 0 0 0 0 0 0 0 0 0 0 0 0 0 0 0 0 0 0 0 0 0 0 0 0 0 0 0 0 0 0 0
0 0 0 0 0 0 0 0 0 0 0 0 0 0 0 0 0 0 0 0 0 0 0 0 0 0 0 0 0 0 0 0 0 0 0 0
0 0 0 0 0 0 0 0 0 0 0 0 0 0 0 0 0 0 0 0 0 0 0 0 0 0 0 0 0 0 0 0 0 0 0 0
0 0 0 0 0 0 0 0 0 0 0 0 0 0 0 0 0 0 0 0 0 0 0 0 0 0 0 0 0 0 0 0 0 0 0 0
##$SHL_EXPANDCF10= (0..143)
0 0 0 0 0 0 0 0 0 0 0 0 0 0 0 0 0 0 0 0 0 0 0 0 0 0 0 0 0 0 0 0 0 0 0 0
0 0 0 0 0 0 0 0 0 0 0 0 0 0 0 0 0 0 0 0 0 0 0 0 0 0 0 0 0 0 0 0 0 0 0 0
0 0 0 0 0 0 0 0 0 0 0 0 0 0 0 0 0 0 0 0 0 0 0 0 0 0 0 0 0 0 0 0 0 0 0 0
0 0 0 0 0 0 0 0 0 0 0 0 0 0 0 0 0 0 0 0 0 0 0 0 0 0 0 0 0 0 0 0 0 0 0 0
##$SHL_EXPANDCF11= (0..143)
0 0 0 0 0 0 0 0 0 0 0 0 0 0 0 0 0 0 0 0 0 0 0 0 0 0 0 0 0 0 0 0 0 0 0 0
0 0 0 0 0 0 0 0 0 0 0 0 0 0 0 0 0 0 0 0 0 0 0 0 0 0 0 0 0 0 0 0 0 0 0 0
0 0 0 0 0 0 0 0 0 0 0 0 0 0 0 0 0 0 0 0 0 0 0 0 0 0 0 0 0 0 0 0 0 0 0 0
0 0 0 0 0 0 0 0 0 0 0 0 0 0 0 0 0 0 0 0 0 0 0 0 0 0 0 0 0 0 0 0 0 0 0 0
##$SHL_EXPANDCF12= (0..143)
0 0 0 0 0 0 0 0 0 0 0 0 0 0 0 0 0 0 0 0 0 0 0 0 0 0 0 0 0 0 0 0 0 0 0 0
0 0 0 0 0 0 0 0 0 0 0 0 0 0 0 0 0 0 0 0 0 0 0 0 0 0 0 0 0 0 0 0 0 0 0 0
0 0 0 0 0 0 0 0 0 0 0 0 0 0 0 0 0 0 0 0 0 0 0 0 0 0 0 0 0 0 0 0 0 0 0 0
0 0 0 0 0 0 0 0 0 0 0 0 0 0 0 0 0 0 0 0 0 0 0 0 0 0 0 0 0 0 0 0 0 0 0 0
##$SHL_EXPANDCF13= (0..143)
0 0 0 0 0 0 0 0 0 0 0 0 0 0 0 0 0 0 0 0 0 0 0 0 0 0 0 0 0 0 0 0 0 0 0 0
0 0 0 0 0 0 0 0 0 0 0 0 0 0 0 0 0 0 0 0 0 0 0 0 0 0 0 0 0 0 0 0 0 0 0 0
0 0 0 0 0 0 0 0 0 0 0 0 0 0 0 0 0 0 0 0 0 0 0 0 0 0 0 0 0 0 0 0 0 0 0 0
0 0 0 0 0 0 0 0 0 0 0 0 0 0 0 0 0 0 0 0 0 0 0 0 0 0 0 0 0 0 0 0 0 0 0 0
##$SHL_EXPANDCF14= (0..143)
0 0 0 0 0 0 0 0 0 0 0 0 0 0 0 0 0 0 0 0 0 0 0 0 0 0 0 0 0 0 0 0 0 0 0 0
0 0 0 0 0 0 0 0 0 0 0 0 0 0 0 0 0 0 0 0 0 0 0 0 0 0 0 0 0 0 0 0 0 0 0 0
0 0 0 0 0 0 0 0 0 0 0 0 0 0 0 0 0 0 0 0 0 0 0 0 0 0 0 0 0 0 0 0 0 0 0 0
0 0 0 0 0 0 0 0 0 0 0 0 0 0 0 0 0 0 0 0 0 0 0 0 0 0 0 0 0 0 0 0 0 0 0 0
##$SHL_EXPANDCF15= (0..143)
0 0 0 0 0 0 0 0 0 0 0 0 0 0 0 0 0 0 0 0 0 0 0 0 0 0 0 0 0 0 0 0 0 0 0 0
0 0 0 0 0 0 0 0 0 0 0 0 0 0 0 0 0 0 0 0 0 0 0 0 0 0 0 0 0 0 0 0 0 0 0 0
0 0 0 0 0 0 0 0 0 0 0 0 0 0 0 0 0 0 0 0 0 0 0 0 0 0 0 0 0 0 0 0 0 0 0 0
0 0 0 0 0 0 0 0 0 0 0 0 0 0 0 0 0 0 0 0 0 0 0 0 0 0 0 0 0 0 0 0 0 0 0 0
##$SHL_EXPANDCF2= (0..143)
0 0 0 0 0 0 0 0 0 0 0 0 0 0 0 0 0 0 0 0 0 0 0 0 0 0 0 0 0 0 0 0 0 0 0 0
0 0 0 0 0 0 0 0 0 0 0 0 0 0 0 0 0 0 0 0 0 0 0 0 0 0 0 0 0 0 0 0 0 0 0 0
0 0 0 0 0 0 0 0 0 0 0 0 0 0 0 0 0 0 0 0 0 0 0 0 0 0 0 0 0 0 0 0 0 0 0 0
0 0 0 0 0 0 0 0 0 0 0 0 0 0 0 0 0 0 0 0 0 0 0 0 0 0 0 0 0 0 0 0 0 0 0 0
##$SHL_EXPANDCF3= (0..143)
0 0 0 0 0 0 0 0 0 0 0 0 0 0 0 0 0 0 0 0 0 0 0 0 0 0 0 0 0 0 0 0 0 0 0 0
0 0 0 0 0 0 0 0 0 0 0 0 0 0 0 0 0 0 0 0 0 0 0 0 0 0 0 0 0 0 0 0 0 0 0 0
0 0 0 0 0 0 0 0 0 0 0 0 0 0 0 0 0 0 0 0 0 0 0 0 0 0 0 0 0 0 0 0 0 0 0 0
0 0 0 0 0 0 0 0 0 0 0 0 0 0 0 0 0 0 0 0 0 0 0 0 0 0 0 0 0 0 0 0 0 0 0 0
##$SHL_EXPANDCF4= (0..143)
0 0 0 0 0 0 0 0 0 0 0 0 0 0 0 0 0 0 0 0 0 0 0 0 0 0 0 0 0 0 0 0 0 0 0 0
0 0 0 0 0 0 0 0 0 0 0 0 0 0 0 0 0 0 0 0 0 0 0 0 0 0 0 0 0 0 0 0 0 0 0 0
0 0 0 0 0 0 0 0 0 0 0 0 0 0 0 0 0 0 0 0 0 0 0 0 0 0 0 0 0 0 0 0 0 0 0 0
0 0 0 0 0 0 0 0 0 0 0 0 0 0 0 0 0 0 0 0 0 0 0 0 0 0 0 0 0 0 0 0 0 0 0 0
##$SHL_EXPANDCF5= (0..143)
0 0 0 0 0 0 0 0 0 0 0 0 0 0 0 0 0 0 0 0 0 0 0 0 0 0 0 0 0 0 0 0 0 0 0 0
0 0 0 0 0 0 0 0 0 0 0 0 0 0 0 0 0 0 0 0 0 0 0 0 0 0 0 0 0 0 0 0 0 0 0 0
0 0 0 0 0 0 0 0 0 0 0 0 0 0 0 0 0 0 0 0 0 0 0 0 0 0 0 0 0 0 0 0 0 0 0 0
0 0 0 0 0 0 0 0 0 0 0 0 0 0 0 0 0 0 0 0 0 0 0 0 0 0 0 0 0 0 0 0 0 0 0 0
##$SHL_EXPANDCF6= (0..143)
0 0 0 0 0 0 0 0 0 0 0 0 0 0 0 0 0 0 0 0 0 0 0 0 0 0 0 0 0 0 0 0 0 0 0 0
0 0 0 0 0 0 0 0 0 0 0 0 0 0 0 0 0 0 0 0 0 0 0 0 0 0 0 0 0 0 0 0 0 0 0 0
0 0 0 0 0 0 0 0 0 0 0 0 0 0 0 0 0 0 0 0 0 0 0 0 0 0 0 0 0 0 0 0 0 0 0 0
0 0 0 0 0 0 0 0 0 0 0 0 0 0 0 0 0 0 0 0 0 0 0 0 0 0 0 0 0 0 0 0 0 0 0 0
##$SHL_EXPANDCF7= (0..143)
0 0 0 0 0 0 0 0 0 0 0 0 0 0 0 0 0 0 0 0 0 0 0 0 0 0 0 0 0 0 0 0 0 0 0 0
0 0 0 0 0 0 0 0 0 0 0 0 0 0 0 0 0 0 0 0 0 0 0 0 0 0 0 0 0 0 0 0 0 0 0 0
0 0 0 0 0 0 0 0 0 0 0 0 0 0 0 0 0 0 0 0 0 0 0 0 0 0 0 0 0 0 0 0 0 0 0 0
0 0 0 0 0 0 0 0 0 0 0 0 0 0 0 0 0 0 0 0 0 0 0 0 0 0 0 0 0 0 0 0 0 0 0 0
##$SHL_EXPANDCF8= (0..143)
0 0 0 0 0 0 0 0 0 0 0 0 0 0 0 0 0 0 0 0 0 0 0 0 0 0 0 0 0 0 0 0 0 0 0 0
0 0 0 0 0 0 0 0 0 0 0 0 0 0 0 0 0 0 0 0 0 0 0 0 0 0 0 0 0 0 0 0 0 0 0 0
0 0 0 0 0 0 0 0 0 0 0 0 0 0 0 0 0 0 0 0 0 0 0 0 0 0 0 0 0 0 0 0 0 0 0 0
0 0 0 0 0 0 0 0 0 0 0 0 0 0 0 0 0 0 0 0 0 0 0 0 0 0 0 0 0 0 0 0 0 0 0 0
##$SHL_EXPANDCF9= (0..143)
0 0 0 0 0 0 0 0 0 0 0 0 0 0 0 0 0 0 0 0 0 0 0 0 0 0 0 0 0 0 0 0 0 0 0 0
0 0 0 0 0 0 0 0 0 0 0 0 0 0 0 0 0 0 0 0 0 0 0 0 0 0 0 0 0 0 0 0 0 0 0 0
0 0 0 0 0 0 0 0 0 0 0 0 0 0 0 0 0 0 0 0 0 0 0 0 0 0 0 0 0 0 0 0 0 0 0 0
0 0 0 0 0 0 0 0 0 0 0 0 0 0 0 0 0 0 0 0 0 0 0 0 0 0 0 0 0 0 0 0 0 0 0 0
##$SHL_EXPFAC= (0..15)
0 0 0 0 0 0 0 0 0 0 0 0 0 0 0 0
##$SHL_FRACEND= (0..15)
0 0 0 0 0 0 0 0 0 0 0 0 0 0 0 0
##$SHL_FRACORG= (0..15)
0 0 0 0 0 0 0 0 0 0 0 0 0 0 0 0
##$SHL_FRACSTART= (0..15)
0 0 0 0 0 0 0 0 0 0 0 0 0 0 0 0
##$SHL_FULLHALF= (0..15)
0 0 0 0 0 0 0 0 0 0 0 0 0 0 0 0
##$SHL_FUNCAMP= (0..15)
100 0 0 0 0 0 0 0 0 0 0 0 0 0 0 0
##$SHL_FUNCTION= (0..15)
<Rectangle> <> <> <> <> <> <> <> <> <> <> <> <> <> <> <>
##$SHL_GCO= (0..15)
<> <> <> <> <> <> <> <> <> <> <> <> <> <> <> <>
##$SHL_GCOCOEFFS0= (0..59)
0 0 0 0 0 0 0 0 0 0 0 0 0 0 0 0 0 0 0 0 0 0 0 0 0 0 0 0 0 0 0 0 0 0 0 0
0 0 0 0 0 0 0 0 0 0 0 0 0 0 0 0 0 0 0 0 0 0 0 0
##$SHL_GCOCOEFFS1= (0..59)
0 0 0 0 0 0 0 0 0 0 0 0 0 0 0 0 0 0 0 0 0 0 0 0 0 0 0 0 0 0 0 0 0 0 0 0
0 0 0 0 0 0 0 0 0 0 0 0 0 0 0 0 0 0 0 0 0 0 0 0
##$SHL_GCOCOEFFS10= (0..59)
0 0 0 0 0 0 0 0 0 0 0 0 0 0 0 0 0 0 0 0 0 0 0 0 0 0 0 0 0 0 0 0 0 0 0 0
0 0 0 0 0 0 0 0 0 0 0 0 0 0 0 0 0 0 0 0 0 0 0 0
##$SHL_GCOCOEFFS11= (0..59)
0 0 0 0 0 0 0 0 0 0 0 0 0 0 0 0 0 0 0 0 0 0 0 0 0 0 0 0 0 0 0 0 0 0 0 0
0 0 0 0 0 0 0 0 0 0 0 0 0 0 0 0 0 0 0 0 0 0 0 0
##$SHL_GCOCOEFFS12= (0..59)
0 0 0 0 0 0 0 0 0 0 0 0 0 0 0 0 0 0 0 0 0 0 0 0 0 0 0 0 0 0 0 0 0 0 0 0
0 0 0 0 0 0 0 0 0 0 0 0 0 0 0 0 0 0 0 0 0 0 0 0
##$SHL_GCOCOEFFS13= (0..59)
0 0 0 0 0 0 0 0 0 0 0 0 0 0 0 0 0 0 0 0 0 0 0 0 0 0 0 0 0 0 0 0 0 0 0 0
0 0 0 0 0 0 0 0 0 0 0 0 0 0 0 0 0 0 0 0 0 0 0 0
##$SHL_GCOCOEFFS14= (0..59)
0 0 0 0 0 0 0 0 0 0 0 0 0 0 0 0 0 0 0 0 0 0 0 0 0 0 0 0 0 0 0 0 0 0 0 0
0 0 0 0 0 0 0 0 0 0 0 0 0 0 0 0 0 0 0 0 0 0 0 0
##$SHL_GCOCOEFFS15= (0..59)
0 0 0 0 0 0 0 0 0 0 0 0 0 0 0 0 0 0 0 0 0 0 0 0 0 0 0 0 0 0 0 0 0 0 0 0
0 0 0 0 0 0 0 0 0 0 0 0 0 0 0 0 0 0 0 0 0 0 0 0
##$SHL_GCOCOEFFS2= (0..59)
0 0 0 0 0 0 0 0 0 0 0 0 0 0 0 0 0 0 0 0 0 0 0 0 0 0 0 0 0 0 0 0 0 0 0 0
0 0 0 0 0 0 0 0 0 0 0 0 0 0 0 0 0 0 0 0 0 0 0 0
##$SHL_GCOCOEFFS3= (0..59)
0 0 0 0 0 0 0 0 0 0 0 0 0 0 0 0 0 0 0 0 0 0 0 0 0 0 0 0 0 0 0 0 0 0 0 0
0 0 0 0 0 0 0 0 0 0 0 0 0 0 0 0 0 0 0 0 0 0 0 0
##$SHL_GCOCOEFFS4= (0..59)
0 0 0 0 0 0 0 0 0 0 0 0 0 0 0 0 0 0 0 0 0 0 0 0 0 0 0 0 0 0 0 0 0 0 0 0
0 0 0 0 0 0 0 0 0 0 0 0 0 0 0 0 0 0 0 0 0 0 0 0
##$SHL_GCOCOEFFS5= (0..59)
0 0 0 0 0 0 0 0 0 0 0 0 0 0 0 0 0 0 0 0 0 0 0 0 0 0 0 0 0 0 0 0 0 0 0 0
0 0 0 0 0 0 0 0 0 0 0 0 0 0 0 0 0 0 0 0 0 0 0 0
##$SHL_GCOCOEFFS6= (0..59)
0 0 0 0 0 0 0 0 0 0 0 0 0 0 0 0 0 0 0 0 0 0 0 0 0 0 0 0 0 0 0 0 0 0 0 0
0 0 0 0 0 0 0 0 0 0 0 0 0 0 0 0 0 0 0 0 0 0 0 0
##$SHL_GCOCOEFFS7= (0..59)
0 0 0 0 0 0 0 0 0 0 0 0 0 0 0 0 0 0 0 0 0 0 0 0 0 0 0 0 0 0 0 0 0 0 0 0
0 0 0 0 0 0 0 0 0 0 0 0 0 0 0 0 0 0 0 0 0 0 0 0
##$SHL_GCOCOEFFS8= (0..59)
0 0 0 0 0 0 0 0 0 0 0 0 0 0 0 0 0 0 0 0 0 0 0 0 0 0 0 0 0 0 0 0 0 0 0 0
0 0 0 0 0 0 0 0 0 0 0 0 0 0 0 0 0 0 0 0 0 0 0 0
##$SHL_GCOCOEFFS9= (0..59)
0 0 0 0 0 0 0 0 0 0 0 0 0 0 0 0 0 0 0 0 0 0 0 0 0 0 0 0 0 0 0 0 0 0 0 0
0 0 0 0 0 0 0 0 0 0 0 0 0 0 0 0 0 0 0 0 0 0 0 0
##$SHL_INTEGFAC= (0..15)
1 0 0 0 0 0 0 0 0 0 0 0 0 0 0 0
##$SHL_LB= (0..15)
0 0 0 0 0 0 0 0 0 0 0 0 0 0 0 0
##$SHL_LEFTLIMIT= (0..15)
0 0 0 0 0 0 0 0 0 0 0 0 0 0 0 0
##$SHL_LENGTH= (0..15)
25000.000373 0 0 0 0 0 0 0 0 0 0 0 0 0 0 0
##$SHL_MAN= (0..15)
<> <> <> <> <> <> <> <> <> <> <> <> <> <> <> <>
##$SHL_MEANAMP= (0..15)
0 0 0 0 0 0 0 0 0 0 0 0 0 0 0 0
##$SHL_MODAMP= (0..15)
0 0 0 0 0 0 0 0 0 0 0 0 0 0 0 0
##$SHL_MODE= (0..15)
0 0 0 0 0 0 0 0 0 0 0 0 0 0 0 0
##$SHL_MODFREQ= (0..15)
0 0 0 0 0 0 0 0 0 0 0 0 0 0 0 0
##$SHL_MODPHASE= (0..15)
0 0 0 0 0 0 0 0 0 0 0 0 0 0 0 0
##$SHL_MODSCALE= (0..15)
0 0 0 0 0 0 0 0 0 0 0 0 0 0 0 0
##$SHL_MODSW= (0..15)
0 0 0 0 0 0 0 0 0 0 0 0 0 0 0 0
##$SHL_MODSWDIR= (0..15)
-1 -1 -1 -1 -1 -1 -1 -1 -1 -1 -1 -1 -1 -1 -1 -1
##$SHL_MU= (0..15)
0 0 0 0 0 0 0 0 0 0 0 0 0 0 0 0
##$SHL_NPOINTS= (0..15)
1250 0 0 0 0 0 0 0 0 0 0 0 0 0 0 0
##$SHL_OFFS= (0..15)
<> <> <> <> <> <> <> <> <> <> <> <> <> <> <> <>
##$SHL_OFFSCOEFF0= (0..95)
0 0 0 0 0 0 0 0 0 0 0 0 0 0 0 0 0 0 0 0 0 0 0 0 0 0 0 0 0 0 0 0 0 0 0 0
0 0 0 0 0 0 0 0 0 0 0 0 0 0 0 0 0 0 0 0 0 0 0 0 0 0 0 0 0 0 0 0 0 0 0 0
0 0 0 0 0 0 0 0 0 0 0 0 0 0 0 0 0 0 0 0 0 0 0 0
##$SHL_OFFSCOEFF1= (0..95)
0 0 0 0 0 0 0 0 0 0 0 0 0 0 0 0 0 0 0 0 0 0 0 0 0 0 0 0 0 0 0 0 0 0 0 0
0 0 0 0 0 0 0 0 0 0 0 0 0 0 0 0 0 0 0 0 0 0 0 0 0 0 0 0 0 0 0 0 0 0 0 0
0 0 0 0 0 0 0 0 0 0 0 0 0 0 0 0 0 0 0 0 0 0 0 0
##$SHL_OFFSCOEFF10= (0..95)
0 0 0 0 0 0 0 0 0 0 0 0 0 0 0 0 0 0 0 0 0 0 0 0 0 0 0 0 0 0 0 0 0 0 0 0
0 0 0 0 0 0 0 0 0 0 0 0 0 0 0 0 0 0 0 0 0 0 0 0 0 0 0 0 0 0 0 0 0 0 0 0
0 0 0 0 0 0 0 0 0 0 0 0 0 0 0 0 0 0 0 0 0 0 0 0
##$SHL_OFFSCOEFF11= (0..95)
0 0 0 0 0 0 0 0 0 0 0 0 0 0 0 0 0 0 0 0 0 0 0 0 0 0 0 0 0 0 0 0 0 0 0 0
0 0 0 0 0 0 0 0 0 0 0 0 0 0 0 0 0 0 0 0 0 0 0 0 0 0 0 0 0 0 0 0 0 0 0 0
0 0 0 0 0 0 0 0 0 0 0 0 0 0 0 0 0 0 0 0 0 0 0 0
##$SHL_OFFSCOEFF12= (0..95)
0 0 0 0 0 0 0 0 0 0 0 0 0 0 0 0 0 0 0 0 0 0 0 0 0 0 0 0 0 0 0 0 0 0 0 0
0 0 0 0 0 0 0 0 0 0 0 0 0 0 0 0 0 0 0 0 0 0 0 0 0 0 0 0 0 0 0 0 0 0 0 0
0 0 0 0 0 0 0 0 0 0 0 0 0 0 0 0 0 0 0 0 0 0 0 0
##$SHL_OFFSCOEFF13= (0..95)
0 0 0 0 0 0 0 0 0 0 0 0 0 0 0 0 0 0 0 0 0 0 0 0 0 0 0 0 0 0 0 0 0 0 0 0
0 0 0 0 0 0 0 0 0 0 0 0 0 0 0 0 0 0 0 0 0 0 0 0 0 0 0 0 0 0 0 0 0 0 0 0
0 0 0 0 0 0 0 0 0 0 0 0 0 0 0 0 0 0 0 0 0 0 0 0
##$SHL_OFFSCOEFF14= (0..95)
0 0 0 0 0 0 0 0 0 0 0 0 0 0 0 0 0 0 0 0 0 0 0 0 0 0 0 0 0 0 0 0 0 0 0 0
0 0 0 0 0 0 0 0 0 0 0 0 0 0 0 0 0 0 0 0 0 0 0 0 0 0 0 0 0 0 0 0 0 0 0 0
0 0 0 0 0 0 0 0 0 0 0 0 0 0 0 0 0 0 0 0 0 0 0 0
##$SHL_OFFSCOEFF15= (0..95)
0 0 0 0 0 0 0 0 0 0 0 0 0 0 0 0 0 0 0 0 0 0 0 0 0 0 0 0 0 0 0 0 0 0 0 0
0 0 0 0 0 0 0 0 0 0 0 0 0 0 0 0 0 0 0 0 0 0 0 0 0 0 0 0 0 0 0 0 0 0 0 0
0 0 0 0 0 0 0 0 0 0 0 0 0 0 0 0 0 0 0 0 0 0 0 0
##$SHL_OFFSCOEFF2= (0..95)
0 0 0 0 0 0 0 0 0 0 0 0 0 0 0 0 0 0 0 0 0 0 0 0 0 0 0 0 0 0 0 0 0 0 0 0
0 0 0 0 0 0 0 0 0 0 0 0 0 0 0 0 0 0 0 0 0 0 0 0 0 0 0 0 0 0 0 0 0 0 0 0
0 0 0 0 0 0 0 0 0 0 0 0 0 0 0 0 0 0 0 0 0 0 0 0
##$SHL_OFFSCOEFF3= (0..95)
0 0 0 0 0 0 0 0 0 0 0 0 0 0 0 0 0 0 0 0 0 0 0 0 0 0 0 0 0 0 0 0 0 0 0 0
0 0 0 0 0 0 0 0 0 0 0 0 0 0 0 0 0 0 0 0 0 0 0 0 0 0 0 0 0 0 0 0 0 0 0 0
0 0 0 0 0 0 0 0 0 0 0 0 0 0 0 0 0 0 0 0 0 0 0 0
##$SHL_OFFSCOEFF4= (0..95)
0 0 0 0 0 0 0 0 0 0 0 0 0 0 0 0 0 0 0 0 0 0 0 0 0 0 0 0 0 0 0 0 0 0 0 0
0 0 0 0 0 0 0 0 0 0 0 0 0 0 0 0 0 0 0 0 0 0 0 0 0 0 0 0 0 0 0 0 0 0 0 0
0 0 0 0 0 0 0 0 0 0 0 0 0 0 0 0 0 0 0 0 0 0 0 0
##$SHL_OFFSCOEFF5= (0..95)
0 0 0 0 0 0 0 0 0 0 0 0 0 0 0 0 0 0 0 0 0 0 0 0 0 0 0 0 0 0 0 0 0 0 0 0
0 0 0 0 0 0 0 0 0 0 0 0 0 0 0 0 0 0 0 0 0 0 0 0 0 0 0 0 0 0 0 0 0 0 0 0
0 0 0 0 0 0 0 0 0 0 0 0 0 0 0 0 0 0 0 0 0 0 0 0
##$SHL_OFFSCOEFF6= (0..95)
0 0 0 0 0 0 0 0 0 0 0 0 0 0 0 0 0 0 0 0 0 0 0 0 0 0 0 0 0 0 0 0 0 0 0 0
0 0 0 0 0 0 0 0 0 0 0 0 0 0 0 0 0 0 0 0 0 0 0 0 0 0 0 0 0 0 0 0 0 0 0 0
0 0 0 0 0 0 0 0 0 0 0 0 0 0 0 0 0 0 0 0 0 0 0 0
##$SHL_OFFSCOEFF7= (0..95)
0 0 0 0 0 0 0 0 0 0 0 0 0 0 0 0 0 0 0 0 0 0 0 0 0 0 0 0 0 0 0 0 0 0 0 0
0 0 0 0 0 0 0 0 0 0 0 0 0 0 0 0 0 0 0 0 0 0 0 0 0 0 0 0 0 0 0 0 0 0 0 0
0 0 0 0 0 0 0 0 0 0 0 0 0 0 0 0 0 0 0 0 0 0 0 0
##$SHL_OFFSCOEFF8= (0..95)
0 0 0 0 0 0 0 0 0 0 0 0 0 0 0 0 0 0 0 0 0 0 0 0 0 0 0 0 0 0 0 0 0 0 0 0
0 0 0 0 0 0 0 0 0 0 0 0 0 0 0 0 0 0 0 0 0 0 0 0 0 0 0 0 0 0 0 0 0 0 0 0
0 0 0 0 0 0 0 0 0 0 0 0 0 0 0 0 0 0 0 0 0 0 0 0
##$SHL_OFFSCOEFF9= (0..95)
0 0 0 0 0 0 0 0 0 0 0 0 0 0 0 0 0 0 0 0 0 0 0 0 0 0 0 0 0 0 0 0 0 0 0 0
0 0 0 0 0 0 0 0 0 0 0 0 0 0 0 0 0 0 0 0 0 0 0 0 0 0 0 0 0 0 0 0 0 0 0 0
0 0 0 0 0 0 0 0 0 0 0 0 0 0 0 0 0 0 0 0 0 0 0 0
##$SHL_PHASE= (0..15)
0 0 0 0 0 0 0 0 0 0 0 0 0 0 0 0
##$SHL_PHASEFAC= (0..15)
0 0 0 0 0 0 0 0 0 0 0 0 0 0 0 0
##$SHL_POWERINDEX= (0..15)
0 0 0 0 0 0 0 0 0 0 0 0 0 0 0 0
##$SHL_QUADCOEFF= (0..15)
0 0 0 0 0 0 0 0 0 0 0 0 0 0 0 0
##$SHL_RIGHTLIMIT= (0..15)
0 0 0 0 0 0 0 0 0 0 0 0 0 0 0 0
##$SHL_SCALEFACTOR= (0..15)
1 1 1 1 1 1 1 1 1 1 1 1 1 1 1 1
##$SHL_SF= (0..15)
<> <> <> <> <> <> <> <> <> <> <> <> <> <> <> <>
##$SHL_SFCOEFFS0= (0..200)
0 0 0 0 0 0 0 0 0 0 0 0 0 0 0 0 0 0 0 0 0 0 0 0 0 0 0 0 0 0 0 0 0 0 0 0
0 0 0 0 0 0 0 0 0 0 0 0 0 0 0 0 0 0 0 0 0 0 0 0 0 0 0 0 0 0 0 0 0 0 0 0
0 0 0 0 0 0 0 0 0 0 0 0 0 0 0 0 0 0 0 0 0 0 0 0 0 0 0 0 0 0 0 0 0 0 0 0
0 0 0 0 0 0 0 0 0 0 0 0 0 0 0 0 0 0 0 0 0 0 0 0 0 0 0 0 0 0 0 0 0 0 0 0
0 0 0 0 0 0 0 0 0 0 0 0 0 0 0 0 0 0 0 0 0 0 0 0 0 0 0 0 0 0 0 0 0 0 0 0
0 0 0 0 0 0 0 0 0 0 0 0 0 0 0 0 0 0 0 0 0
##$SHL_SFCOEFFS1= (0..200)
0 0 0 0 0 0 0 0 0 0 0 0 0 0 0 0 0 0 0 0 0 0 0 0 0 0 0 0 0 0 0 0 0 0 0 0
0 0 0 0 0 0 0 0 0 0 0 0 0 0 0 0 0 0 0 0 0 0 0 0 0 0 0 0 0 0 0 0 0 0 0 0
0 0 0 0 0 0 0 0 0 0 0 0 0 0 0 0 0 0 0 0 0 0 0 0 0 0 0 0 0 0 0 0 0 0 0 0
0 0 0 0 0 0 0 0 0 0 0 0 0 0 0 0 0 0 0 0 0 0 0 0 0 0 0 0 0 0 0 0 0 0 0 0
0 0 0 0 0 0 0 0 0 0 0 0 0 0 0 0 0 0 0 0 0 0 0 0 0 0 0 0 0 0 0 0 0 0 0 0
0 0 0 0 0 0 0 0 0 0 0 0 0 0 0 0 0 0 0 0 0
##$SHL_SFCOEFFS10= (0..200)
0 0 0 0 0 0 0 0 0 0 0 0 0 0 0 0 0 0 0 0 0 0 0 0 0 0 0 0 0 0 0 0 0 0 0 0
0 0 0 0 0 0 0 0 0 0 0 0 0 0 0 0 0 0 0 0 0 0 0 0 0 0 0 0 0 0 0 0 0 0 0 0
0 0 0 0 0 0 0 0 0 0 0 0 0 0 0 0 0 0 0 0 0 0 0 0 0 0 0 0 0 0 0 0 0 0 0 0
0 0 0 0 0 0 0 0 0 0 0 0 0 0 0 0 0 0 0 0 0 0 0 0 0 0 0 0 0 0 0 0 0 0 0 0
0 0 0 0 0 0 0 0 0 0 0 0 0 0 0 0 0 0 0 0 0 0 0 0 0 0 0 0 0 0 0 0 0 0 0 0
0 0 0 0 0 0 0 0 0 0 0 0 0 0 0 0 0 0 0 0 0
##$SHL_SFCOEFFS11= (0..200)
0 0 0 0 0 0 0 0 0 0 0 0 0 0 0 0 0 0 0 0 0 0 0 0 0 0 0 0 0 0 0 0 0 0 0 0
0 0 0 0 0 0 0 0 0 0 0 0 0 0 0 0 0 0 0 0 0 0 0 0 0 0 0 0 0 0 0 0 0 0 0 0
0 0 0 0 0 0 0 0 0 0 0 0 0 0 0 0 0 0 0 0 0 0 0 0 0 0 0 0 0 0 0 0 0 0 0 0
0 0 0 0 0 0 0 0 0 0 0 0 0 0 0 0 0 0 0 0 0 0 0 0 0 0 0 0 0 0 0 0 0 0 0 0
0 0 0 0 0 0 0 0 0 0 0 0 0 0 0 0 0 0 0 0 0 0 0 0 0 0 0 0 0 0 0 0 0 0 0 0
0 0 0 0 0 0 0 0 0 0 0 0 0 0 0 0 0 0 0 0 0
##$SHL_SFCOEFFS12= (0..200)
0 0 0 0 0 0 0 0 0 0 0 0 0 0 0 0 0 0 0 0 0 0 0 0 0 0 0 0 0 0 0 0 0 0 0 0
0 0 0 0 0 0 0 0 0 0 0 0 0 0 0 0 0 0 0 0 0 0 0 0 0 0 0 0 0 0 0 0 0 0 0 0
0 0 0 0 0 0 0 0 0 0 0 0 0 0 0 0 0 0 0 0 0 0 0 0 0 0 0 0 0 0 0 0 0 0 0 0
0 0 0 0 0 0 0 0 0 0 0 0 0 0 0 0 0 0 0 0 0 0 0 0 0 0 0 0 0 0 0 0 0 0 0 0
0 0 0 0 0 0 0 0 0 0 0 0 0 0 0 0 0 0 0 0 0 0 0 0 0 0 0 0 0 0 0 0 0 0 0 0
0 0 0 0 0 0 0 0 0 0 0 0 0 0 0 0 0 0 0 0 0
##$SHL_SFCOEFFS13= (0..200)
0 0 0 0 0 0 0 0 0 0 0 0 0 0 0 0 0 0 0 0 0 0 0 0 0 0 0 0 0 0 0 0 0 0 0 0
0 0 0 0 0 0 0 0 0 0 0 0 0 0 0 0 0 0 0 0 0 0 0 0 0 0 0 0 0 0 0 0 0 0 0 0
0 0 0 0 0 0 0 0 0 0 0 0 0 0 0 0 0 0 0 0 0 0 0 0 0 0 0 0 0 0 0 0 0 0 0 0
0 0 0 0 0 0 0 0 0 0 0 0 0 0 0 0 0 0 0 0 0 0 0 0 0 0 0 0 0 0 0 0 0 0 0 0
0 0 0 0 0 0 0 0 0 0 0 0 0 0 0 0 0 0 0 0 0 0 0 0 0 0 0 0 0 0 0 0 0 0 0 0
0 0 0 0 0 0 0 0 0 0 0 0 0 0 0 0 0 0 0 0 0
##$SHL_SFCOEFFS14= (0..200)
0 0 0 0 0 0 0 0 0 0 0 0 0 0 0 0 0 0 0 0 0 0 0 0 0 0 0 0 0 0 0 0 0 0 0 0
0 0 0 0 0 0 0 0 0 0 0 0 0 0 0 0 0 0 0 0 0 0 0 0 0 0 0 0 0 0 0 0 0 0 0 0
0 0 0 0 0 0 0 0 0 0 0 0 0 0 0 0 0 0 0 0 0 0 0 0 0 0 0 0 0 0 0 0 0 0 0 0
0 0 0 0 0 0 0 0 0 0 0 0 0 0 0 0 0 0 0 0 0 0 0 0 0 0 0 0 0 0 0 0 0 0 0 0
0 0 0 0 0 0 0 0 0 0 0 0 0 0 0 0 0 0 0 0 0 0 0 0 0 0 0 0 0 0 0 0 0 0 0 0
0 0 0 0 0 0 0 0 0 0 0 0 0 0 0 0 0 0 0 0 0
##$SHL_SFCOEFFS15= (0..200)
0 0 0 0 0 0 0 0 0 0 0 0 0 0 0 0 0 0 0 0 0 0 0 0 0 0 0 0 0 0 0 0 0 0 0 0
0 0 0 0 0 0 0 0 0 0 0 0 0 0 0 0 0 0 0 0 0 0 0 0 0 0 0 0 0 0 0 0 0 0 0 0
0 0 0 0 0 0 0 0 0 0 0 0 0 0 0 0 0 0 0 0 0 0 0 0 0 0 0 0 0 0 0 0 0 0 0 0
0 0 0 0 0 0 0 0 0 0 0 0 0 0 0 0 0 0 0 0 0 0 0 0 0 0 0 0 0 0 0 0 0 0 0 0
0 0 0 0 0 0 0 0 0 0 0 0 0 0 0 0 0 0 0 0 0 0 0 0 0 0 0 0 0 0 0 0 0 0 0 0
0 0 0 0 0 0 0 0 0 0 0 0 0 0 0 0 0 0 0 0 0
##$SHL_SFCOEFFS2= (0..200)
0 0 0 0 0 0 0 0 0 0 0 0 0 0 0 0 0 0 0 0 0 0 0 0 0 0 0 0 0 0 0 0 0 0 0 0
0 0 0 0 0 0 0 0 0 0 0 0 0 0 0 0 0 0 0 0 0 0 0 0 0 0 0 0 0 0 0 0 0 0 0 0
0 0 0 0 0 0 0 0 0 0 0 0 0 0 0 0 0 0 0 0 0 0 0 0 0 0 0 0 0 0 0 0 0 0 0 0
0 0 0 0 0 0 0 0 0 0 0 0 0 0 0 0 0 0 0 0 0 0 0 0 0 0 0 0 0 0 0 0 0 0 0 0
0 0 0 0 0 0 0 0 0 0 0 0 0 0 0 0 0 0 0 0 0 0 0 0 0 0 0 0 0 0 0 0 0 0 0 0
0 0 0 0 0 0 0 0 0 0 0 0 0 0 0 0 0 0 0 0 0
##$SHL_SFCOEFFS3= (0..200)
0 0 0 0 0 0 0 0 0 0 0 0 0 0 0 0 0 0 0 0 0 0 0 0 0 0 0 0 0 0 0 0 0 0 0 0
0 0 0 0 0 0 0 0 0 0 0 0 0 0 0 0 0 0 0 0 0 0 0 0 0 0 0 0 0 0 0 0 0 0 0 0
0 0 0 0 0 0 0 0 0 0 0 0 0 0 0 0 0 0 0 0 0 0 0 0 0 0 0 0 0 0 0 0 0 0 0 0
0 0 0 0 0 0 0 0 0 0 0 0 0 0 0 0 0 0 0 0 0 0 0 0 0 0 0 0 0 0 0 0 0 0 0 0
0 0 0 0 0 0 0 0 0 0 0 0 0 0 0 0 0 0 0 0 0 0 0 0 0 0 0 0 0 0 0 0 0 0 0 0
0 0 0 0 0 0 0 0 0 0 0 0 0 0 0 0 0 0 0 0 0
##$SHL_SFCOEFFS4= (0..200)
0 0 0 0 0 0 0 0 0 0 0 0 0 0 0 0 0 0 0 0 0 0 0 0 0 0 0 0 0 0 0 0 0 0 0 0
0 0 0 0 0 0 0 0 0 0 0 0 0 0 0 0 0 0 0 0 0 0 0 0 0 0 0 0 0 0 0 0 0 0 0 0
0 0 0 0 0 0 0 0 0 0 0 0 0 0 0 0 0 0 0 0 0 0 0 0 0 0 0 0 0 0 0 0 0 0 0 0
0 0 0 0 0 0 0 0 0 0 0 0 0 0 0 0 0 0 0 0 0 0 0 0 0 0 0 0 0 0 0 0 0 0 0 0
0 0 0 0 0 0 0 0 0 0 0 0 0 0 0 0 0 0 0 0 0 0 0 0 0 0 0 0 0 0 0 0 0 0 0 0
0 0 0 0 0 0 0 0 0 0 0 0 0 0 0 0 0 0 0 0 0
##$SHL_SFCOEFFS5= (0..200)
0 0 0 0 0 0 0 0 0 0 0 0 0 0 0 0 0 0 0 0 0 0 0 0 0 0 0 0 0 0 0 0 0 0 0 0
0 0 0 0 0 0 0 0 0 0 0 0 0 0 0 0 0 0 0 0 0 0 0 0 0 0 0 0 0 0 0 0 0 0 0 0
0 0 0 0 0 0 0 0 0 0 0 0 0 0 0 0 0 0 0 0 0 0 0 0 0 0 0 0 0 0 0 0 0 0 0 0
0 0 0 0 0 0 0 0 0 0 0 0 0 0 0 0 0 0 0 0 0 0 0 0 0 0 0 0 0 0 0 0 0 0 0 0
0 0 0 0 0 0 0 0 0 0 0 0 0 0 0 0 0 0 0 0 0 0 0 0 0 0 0 0 0 0 0 0 0 0 0 0
0 0 0 0 0 0 0 0 0 0 0 0 0 0 0 0 0 0 0 0 0
##$SHL_SFCOEFFS6= (0..200)
0 0 0 0 0 0 0 0 0 0 0 0 0 0 0 0 0 0 0 0 0 0 0 0 0 0 0 0 0 0 0 0 0 0 0 0
0 0 0 0 0 0 0 0 0 0 0 0 0 0 0 0 0 0 0 0 0 0 0 0 0 0 0 0 0 0 0 0 0 0 0 0
0 0 0 0 0 0 0 0 0 0 0 0 0 0 0 0 0 0 0 0 0 0 0 0 0 0 0 0 0 0 0 0 0 0 0 0
0 0 0 0 0 0 0 0 0 0 0 0 0 0 0 0 0 0 0 0 0 0 0 0 0 0 0 0 0 0 0 0 0 0 0 0
0 0 0 0 0 0 0 0 0 0 0 0 0 0 0 0 0 0 0 0 0 0 0 0 0 0 0 0 0 0 0 0 0 0 0 0
0 0 0 0 0 0 0 0 0 0 0 0 0 0 0 0 0 0 0 0 0
##$SHL_SFCOEFFS7= (0..200)
0 0 0 0 0 0 0 0 0 0 0 0 0 0 0 0 0 0 0 0 0 0 0 0 0 0 0 0 0 0 0 0 0 0 0 0
0 0 0 0 0 0 0 0 0 0 0 0 0 0 0 0 0 0 0 0 0 0 0 0 0 0 0 0 0 0 0 0 0 0 0 0
0 0 0 0 0 0 0 0 0 0 0 0 0 0 0 0 0 0 0 0 0 0 0 0 0 0 0 0 0 0 0 0 0 0 0 0
0 0 0 0 0 0 0 0 0 0 0 0 0 0 0 0 0 0 0 0 0 0 0 0 0 0 0 0 0 0 0 0 0 0 0 0
0 0 0 0 0 0 0 0 0 0 0 0 0 0 0 0 0 0 0 0 0 0 0 0 0 0 0 0 0 0 0 0 0 0 0 0
0 0 0 0 0 0 0 0 0 0 0 0 0 0 0 0 0 0 0 0 0
##$SHL_SFCOEFFS8= (0..200)
0 0 0 0 0 0 0 0 0 0 0 0 0 0 0 0 0 0 0 0 0 0 0 0 0 0 0 0 0 0 0 0 0 0 0 0
0 0 0 0 0 0 0 0 0 0 0 0 0 0 0 0 0 0 0 0 0 0 0 0 0 0 0 0 0 0 0 0 0 0 0 0
0 0 0 0 0 0 0 0 0 0 0 0 0 0 0 0 0 0 0 0 0 0 0 0 0 0 0 0 0 0 0 0 0 0 0 0
0 0 0 0 0 0 0 0 0 0 0 0 0 0 0 0 0 0 0 0 0 0 0 0 0 0 0 0 0 0 0 0 0 0 0 0
0 0 0 0 0 0 0 0 0 0 0 0 0 0 0 0 0 0 0 0 0 0 0 0 0 0 0 0 0 0 0 0 0 0 0 0
0 0 0 0 0 0 0 0 0 0 0 0 0 0 0 0 0 0 0 0 0
##$SHL_SFCOEFFS9= (0..200)
0 0 0 0 0 0 0 0 0 0 0 0 0 0 0 0 0 0 0 0 0 0 0 0 0 0 0 0 0 0 0 0 0 0 0 0
0 0 0 0 0 0 0 0 0 0 0 0 0 0 0 0 0 0 0 0 0 0 0 0 0 0 0 0 0 0 0 0 0 0 0 0
0 0 0 0 0 0 0 0 0 0 0 0 0 0 0 0 0 0 0 0 0 0 0 0 0 0 0 0 0 0 0 0 0 0 0 0
0 0 0 0 0 0 0 0 0 0 0 0 0 0 0 0 0 0 0 0 0 0 0 0 0 0 0 0 0 0 0 0 0 0 0 0
0 0 0 0 0 0 0 0 0 0 0 0 0 0 0 0 0 0 0 0 0 0 0 0 0 0 0 0 0 0 0 0 0 0 0 0
0 0 0 0 0 0 0 0 0 0 0 0 0 0 0 0 0 0 0 0 0
##$SHL_SMOOTHED= (0..15)
0 0 0 0 0 0 0 0 0 0 0 0 0 0 0 0
##$SHL_SMOOTHING= (0..15)
0 0 0 0 0 0 0 0 0 0 0 0 0 0 0 0
##$SHL_SPOAL= (0..15)
0 0 0 0 0 0 0 0 0 0 0 0 0 0 0 0
##$SHL_SPOFFS= (0..15)
0 0 0 0 0 0 0 0 0 0 0 0 0 0 0 0
##$SHL_SPOPH= (0..15)
0 0 0 0 0 0 0 0 0 0 0 0 0 0 0 0
##$SHL_STARTAMP= (0..15)
0 0 0 0 0 0 0 0 0 0 0 0 0 0 0 0
##$SHL_SW= (0..15)
0 0 0 0 0 0 0 0 0 0 0 0 0 0 0 0
##$SHL_SWDIR= (0..15)
-1 -1 -1 -1 -1 -1 -1 -1 -1 -1 -1 -1 -1 -1 -1 -1
##$SHL_TANKAPPA= (0..15)
0 0 0 0 0 0 0 0 0 0 0 0 0 0 0 0
##$SHL_TOTROT= (0..15)
90 0 0 0 0 0 0 0 0 0 0 0 0 0 0 0
##$SHL_TRUNCLEV= (0..15)
0 0 0 0 0 0 0 0 0 0 0 0 0 0 0 0
##$SHL_TYPE= (0..15)
<Excitation> <> <> <> <> <> <> <> <> <> <> <> <> <> <> <>
##$SHL_WINDOWSIZE= (0..15)
0 0 0 0 0 0 0 0 0 0 0 0 0 0 0 0
##$SHL_ZETA= (0..15)
0 0 0 0 0 0 0 0 0 0 0 0 0 0 0 0
##NPOINTS= 1250
##XYPOINTS= (XY..XY)
72.799606, 100.544199
72.338332, 102.117607
71.874200, 103.691095
71.407243, 105.264664
70.937496, 106.838317
70.464993, 108.412055
69.989769, 109.985880
69.511859, 111.559793
69.031297, 113.133797
68.548119, 114.707894
68.062361, 116.282085
67.574058, 117.856373
67.083246, 119.430760
66.589961, 121.005248
66.094238, 122.579840
65.596115, 124.154538
65.095628, 125.729344
64.592813, 127.304262
64.087708, 128.879293
63.580350, 130.454441
63.070775, 132.029708
62.559021, 133.605098
62.045126, 135.180614
61.529127, 136.756258
61.011062, 138.332034
60.490969, 139.907946
59.968886, 141.483997
59.444853, 143.060191
58.918906, 144.636531
58.391084, 146.213022
57.861427, 147.789668
57.329973, 149.366473
56.796762, 150.943442
56.261831, 152.520579
55.725221, 154.097890
55.186971, 155.675378
54.647120, 157.253050
54.105708, 158.830911
53.562775, 160.408967
53.018360, 161.987223
52.472503, 163.565687
51.925246, 165.144363
51.376626, 166.723259
50.826686, 168.302383
50.275465, 169.881741
49.723004, 171.461340
49.169343, 173.041190
48.614522, 174.621299
48.058584, 176.201675
47.501568, 177.782327
46.943515, 179.363265
46.384467, 180.944499
45.824464, 182.526040
45.263547, 184.107899
44.701759, 185.690087
44.139139, 187.272617
43.575729, 188.855501
43.011571, 190.438753
42.446707, 192.022388
41.881176, 193.606419
41.315023, 195.190864
40.748286, 196.775737
40.181010, 198.361058
39.613234, 199.946844
39.045002, 201.533115
38.476354, 203.119892
37.907333, 204.707196
37.337980, 206.295050
36.768337, 207.883479
36.198447, 209.472510
35.628351, 211.062169
35.058091, 212.652485
34.487709, 214.243491
33.917248, 215.835218
33.346749, 217.427704
32.776255, 219.020984
32.205807, 220.615099
31.635447, 222.210093
31.065219, 223.806010
30.495163, 225.402902
29.925322, 227.000819
29.355739, 228.599820
28.786455, 230.199965
28.217512, 231.801319
27.648954, 233.403954
27.080821, 235.007946
26.513157, 236.613378
25.946003, 238.220338
25.379401, 239.828925
24.813395, 241.439244
24.248026, 243.051409
23.683337, 244.665545
23.119369, 246.281790
22.556166, 247.900294
21.993769, 249.521220
21.432222, 251.144749
20.871566, 252.771080
20.311845, 254.400433
19.753101, 256.033051
19.195377, 257.669205
18.638716, 259.309194
18.083161, 260.953356
17.528755, 262.602067
16.975543, 264.255749
16.423567, 265.914880
15.872872, 267.579999
15.323503, 269.251720
14.775504, 270.930745
14.228922, 272.617875
13.683804, 274.314036
13.140195, 276.020300
12.598145, 277.737913
12.057705, 279.468337
11.518924, 281.213295
10.981857, 282.974832
10.446561, 284.755396
9.913094, 286.557941
9.381521, 288.386061
8.851912, 290.244180
8.324343, 292.137799
7.798901, 294.073847
7.275686, 296.061173
6.754817, 298.111259
6.236435, 300.239269
5.720722, 302.465642
5.207913, 304.818589
4.698323, 307.338125
4.192404, 310.082883
3.690820, 313.142149
3.194624, 316.658388
2.705584, 320.872223
2.226937, 326.219442
1.765248, 333.558061
1.335632, 344.730422
0.977621, 3.744659
0.790272, 35.593590
0.884932, 70.825094
1.193395, 93.815761
1.593865, 107.024224
2.030829, 115.366952
2.483583, 121.254425
2.943549, 125.785608
3.406667, 129.502109
3.870789, 132.695133
4.334677, 135.533362
4.797559, 138.120648
5.258929, 140.524194
5.718435, 142.789313
6.175823, 144.947620
6.630901, 147.021826
7.083520, 149.028653
7.533558, 150.980676
7.980916, 152.887537
8.425510, 154.756745
8.867264, 156.594234
9.306115, 158.404758
9.742003, 160.192166
10.174874, 161.959610
10.604679, 163.709694
11.031371, 165.444589
11.454906, 167.166117
11.875243, 168.875822
12.292341, 170.575019
12.706162, 172.264833
13.116669, 173.946237
13.523827, 175.620072
13.927600, 177.287070
14.327954, 178.947873
14.724856, 180.603044
15.118273, 182.253081
15.508174, 183.898423
15.894526, 185.539461
16.277301, 187.176545
16.656466, 188.809986
17.031993, 190.440064
17.403852, 192.067032
17.772015, 193.691116
18.136452, 195.312522
18.497136, 196.931436
18.854040, 198.548028
19.207135, 200.162452
19.556396, 201.774849
19.901795, 203.385348
20.243307, 204.994067
20.580906, 206.601113
20.914566, 208.206588
21.244262, 209.810583
21.569969, 211.413181
21.891663, 213.014463
22.209321, 214.614500
22.522917, 216.213359
22.832429, 217.811103
23.137834, 219.407790
23.439108, 221.003473
23.736230, 222.598204
24.029177, 224.192028
24.317928, 225.784990
24.602460, 227.377130
24.882754, 228.968487
25.158788, 230.559097
25.430541, 232.148993
25.697994, 233.738206
25.961126, 235.326768
26.219919, 236.914705
26.474353, 238.502044
26.724409, 240.088809
26.970068, 241.675024
27.211314, 243.260711
27.448127, 244.845890
27.680490, 246.430582
27.908386, 248.014804
28.131798, 249.598574
28.350710, 251.181910
28.565106, 252.764826
28.774969, 254.347338
28.980285, 255.929459
29.181037, 257.511203
29.377212, 259.092584
29.568795, 260.673612
29.755771, 262.254299
29.938128, 263.834657
30.115850, 265.414695
30.288927, 266.994424
30.457343, 268.573853
30.621088, 270.152990
30.780149, 271.731845
30.934515, 273.310425
31.084173, 274.888739
31.229113, 276.466793
31.369325, 278.044594
31.504798, 279.622149
31.635522, 281.199465
31.761487, 282.776548
31.882684, 284.353403
31.999104, 285.930035
32.110739, 287.506451
32.217581, 289.082655
32.319621, 290.658652
32.416851, 292.234445
32.509266, 293.810041
32.596858, 295.385442
32.679620, 296.960653
32.757547, 298.535677
32.830632, 300.110518
32.898871, 301.685179
32.962258, 303.259664
33.020789, 304.833975
33.074458, 306.408115
33.123264, 307.982087
33.167201, 309.555893
33.206267, 311.129536
33.240458, 312.703019
33.269772, 314.276342
33.294207, 315.849509
33.313762, 317.422520
33.328434, 318.995378
33.338222, 320.568084
33.343127, 322.140640
33.343146, 323.713047
33.338282, 325.285307
33.328533, 326.857419
33.313900, 328.429386
33.294385, 330.001208
33.269989, 331.572886
33.240714, 333.144421
33.206562, 334.715812
33.167534, 336.287061
33.123636, 337.858168
33.074868, 339.429133
33.021236, 340.999956
32.962742, 342.570636
32.899391, 344.141175
32.831189, 345.711570
32.758139, 347.281823
32.680247, 348.851933
32.597519, 350.421898
32.509961, 351.991719
32.417580, 353.561393
32.320381, 355.130921
32.218372, 356.700301
32.111562, 358.269532
31.999956, 359.838612
31.883565, 1.407539
31.762395, 2.976313
31.636457, 4.544930
31.505759, 6.113390
31.370311, 7.681689
31.230123, 9.249826
31.085204, 10.817798
30.935567, 12.385602
30.781221, 13.953235
30.622178, 15.520694
30.458450, 17.087976
30.290048, 18.655076
30.116986, 20.221992
29.939275, 21.788720
29.756929, 23.355254
29.569961, 24.921591
29.378385, 26.487725
29.182215, 28.053651
28.981465, 29.619365
28.776150, 31.184859
28.566285, 32.750129
28.351886, 34.315166
28.132967, 35.879966
27.909546, 37.444519
27.681639, 39.008818
27.449262, 40.572855
27.212432, 42.136622
26.971168, 43.700108
26.725486, 45.263304
26.475404, 46.826200
26.220941, 48.388783
25.962116, 49.951043
25.698948, 51.512965
25.431455, 53.074538
25.159658, 54.635746
24.883577, 56.196574
24.603232, 57.757005
24.318643, 59.317022
24.029831, 60.876607
23.736818, 62.435738
23.439625, 63.994395
23.138275, 65.552553
22.832788, 67.110190
22.523188, 68.667277
22.209498, 70.223786
21.891740, 71.779686
21.569938, 73.334945
21.244115, 74.889525
20.914297, 76.443388
20.580506, 77.996492
20.242768, 79.548791
19.901107, 81.100236
19.555549, 82.650772
19.206120, 84.200342
18.852844, 85.748879
18.495749, 87.296315
18.134860, 88.842572
17.770205, 90.387566
17.401810, 91.931203
17.029704, 93.473381
16.653912, 95.013986
16.274464, 96.552892
15.891388, 98.089959
15.504712, 99.625031
15.114465, 101.157933
14.720677, 102.688469
14.323377, 104.216419
13.922595, 105.741533
13.518362, 107.263529
13.110708, 108.782085
12.699664, 110.296834
12.285263, 111.807352
11.867535, 113.313151
11.446514, 114.813665
11.022233, 116.308233
10.594725, 117.796077
10.164025, 119.276279
9.730169, 120.747743
9.293192, 122.209154
8.853133, 123.658920
8.410029, 125.095090
7.963923, 126.515255
7.514856, 127.916397
7.062876, 129.294691
6.608032, 130.645211
6.150380, 131.961509
5.689983, 133.234972
5.226914, 134.453839
4.761266, 135.601614
4.293155, 136.654435
3.822738, 137.576449
3.350245, 138.311241
2.876038, 138.764746
2.400737, 138.767863
1.925557, 137.984361
1.453259, 135.643659
0.991821, 129.564609
0.574888, 111.366877
0.399638, 55.415052
0.691833, 12.199176
1.137732, 359.371896
1.616843, 354.805453
2.108274, 353.053049
2.606373, 352.553370
3.109017, 352.713810
3.615221, 353.263220
4.124460, 354.060637
4.636418, 355.025713
5.150888, 356.109357
5.667722, 357.279910
6.186810, 358.516046
6.708062, 359.802881
7.231403, 1.129712
7.756768, 2.488648
8.284097, 3.873744
8.813336, 5.280437
9.344434, 6.705163
9.877342, 8.145104
10.412015, 9.597998
10.948405, 11.062009
11.486469, 12.535633
12.026163, 14.017625
12.567443, 15.506946
13.110268, 17.002722
13.654594, 18.504213
14.200380, 20.010786
14.747583, 21.521900
15.296163, 23.037087
15.846077, 24.555941
16.397284, 26.078108
16.949743, 27.603280
17.503411, 29.131183
18.058248, 30.661577
18.614213, 32.194249
19.171263, 33.729009
19.729357, 35.265689
20.288455, 36.804137
20.848514, 38.344216
21.409493, 39.885805
21.971351, 41.428793
22.534046, 42.973080
23.097536, 44.518575
23.661780, 46.065196
24.226737, 47.612867
24.792364, 49.161520
25.358620, 50.711092
25.925464, 52.261525
26.492853, 53.812766
27.060746, 55.364767
27.629101, 56.917483
28.197876, 58.470872
28.767030, 60.024896
29.336520, 61.579520
29.906305, 63.134709
30.476343, 64.690435
31.046592, 66.246669
31.617010, 67.803383
32.187555, 69.360553
32.758186, 70.918157
33.328860, 72.476173
33.899536, 74.034580
34.470171, 75.593360
35.040724, 77.152495
35.611154, 78.711969
36.181417, 80.271765
36.751472, 81.831870
37.321278, 83.392269
37.890793, 84.952950
38.459974, 86.513900
39.028781, 88.075107
39.597171, 89.636561
40.165102, 91.198252
40.732534, 92.760169
41.299424, 94.322303
41.865730, 95.884646
42.431413, 97.447190
42.996428, 99.009926
43.560737, 100.572847
44.124296, 102.135945
44.687065, 103.699215
45.249002, 105.262650
45.810067, 106.826243
46.370218, 108.389989
46.929414, 109.953882
47.487613, 111.517917
48.044776, 113.082089
48.600861, 114.646393
49.155828, 116.210825
49.709635, 117.775380
50.262243, 119.340054
50.813610, 120.904842
51.363697, 122.469742
51.912462, 124.034749
52.459866, 125.599860
53.005869, 127.165072
53.550430, 128.730381
54.093510, 130.295784
54.635069, 131.861278
55.175067, 133.426860
55.713465, 134.992529
56.250222, 136.558280
56.785301, 138.124111
57.318661, 139.690021
57.850263, 141.256006
58.380069, 142.822065
58.908039, 144.388194
59.434136, 145.954393
59.958320, 147.520660
60.480553, 149.086991
61.000796, 150.653386
61.519012, 152.219842
62.035163, 153.786358
62.549210, 155.352932
63.061116, 156.919563
63.570844, 158.486249
64.078356, 160.052988
64.583616, 161.619779
65.086585, 163.186621
65.587227, 164.753512
66.085506, 166.320450
66.581384, 167.887436
67.074826, 169.454467
67.565795, 171.021542
68.054256, 172.588660
68.540173, 174.155820
69.023509, 175.723021
69.504230, 177.290262
69.982300, 178.857542
70.457685, 180.424859
70.930349, 181.992213
71.400258, 183.559604
71.867377, 185.127029
72.331672, 186.694489
72.793110, 188.261982
73.251655, 189.829507
73.707276, 191.397064
74.159938, 192.964652
74.609607, 194.532270
75.056252, 196.099918
75.499840, 197.667595
75.940337, 199.235299
76.377712, 200.803031
76.811933, 202.370790
77.242967, 203.938575
77.670784, 205.506385
78.095351, 207.074221
78.516638, 208.642080
78.934614, 210.209964
79.349248, 211.777870
79.760510, 213.345800
80.168369, 214.913751
80.572797, 216.481724
80.973762, 218.049718
81.371236, 219.617733
81.765190, 221.185768
82.155595, 222.753822
82.542421, 224.321896
82.925642, 225.889989
83.305228, 227.458100
83.681152, 229.026229
84.053387, 230.594375
84.421904, 232.162539
84.786678, 233.730719
85.147681, 235.298916
85.504887, 236.867129
85.858269, 238.435357
86.207803, 240.003601
86.553461, 241.571860
86.895219, 243.140133
87.233053, 244.708420
87.566936, 246.276722
87.896845, 247.845037
88.222755, 249.413365
88.544642, 250.981707
88.862484, 252.550060
89.176256, 254.118427
89.485936, 255.686805
89.791501, 257.255196
90.092928, 258.823598
90.390196, 260.392011
90.683282, 261.960435
90.972166, 263.528870
91.256826, 265.097315
91.537241, 266.665771
91.813390, 268.234237
92.085254, 269.802712
92.352812, 271.371197
92.616045, 272.939691
92.874934, 274.508195
93.129459, 276.076707
93.379602, 277.645228
93.625345, 279.213757
93.866670, 280.782294
94.103558, 282.350839
94.335993, 283.919393
94.563957, 285.487953
94.787434, 287.056521
95.006408, 288.625096
95.220862, 290.193679
95.430780, 291.762267
95.636148, 293.330863
95.836950, 294.899465
96.033172, 296.468073
96.224799, 298.036687
96.411816, 299.605307
96.594212, 301.173933
96.771971, 302.742564
96.945081, 304.311201
97.113530, 305.879843
97.277304, 307.448490
97.436392, 309.017141
97.590783, 310.585797
97.740465, 312.154458
97.885427, 313.723123
98.025658, 315.291793
98.161148, 316.860466
98.291888, 318.429144
98.417867, 319.997825
98.539076, 321.566509
98.655507, 323.135197
98.767151, 324.703888
98.873999, 326.272583
98.976045, 327.841280
99.073280, 329.409981
99.165697, 330.978683
99.253290, 332.547389
99.336052, 334.116097
99.413978, 335.684807
99.487060, 337.253519
99.555295, 338.822234
99.618676, 340.390950
99.677200, 341.959667
99.730862, 343.528387
99.779659, 345.097108
99.823586, 346.665830
99.862640, 348.234553
99.896818, 349.803277
99.926119, 351.372002
99.950539, 352.940728
99.970078, 354.509455
99.984733, 356.078181
99.994504, 357.646909
99.999389, 359.215636
99.999389, 0.784364
99.994504, 2.353091
99.984733, 3.921819
99.970078, 5.490545
99.950539, 7.059272
99.926119, 8.627998
99.896818, 10.196723
99.862640, 11.765447
99.823586, 13.334170
99.779659, 14.902892
99.730862, 16.471613
99.677200, 18.040333
99.618676, 19.609050
99.555295, 21.177766
99.487060, 22.746481
99.413978, 24.315193
99.336052, 25.883903
99.253290, 27.452611
99.165697, 29.021317
99.073280, 30.590019
98.976045, 32.158720
98.873999, 33.727417
98.767151, 35.296112
98.655507, 36.864803
98.539076, 38.433491
98.417867, 40.002175
98.291888, 41.570856
98.161148, 43.139534
98.025658, 44.708207
97.885427, 46.276877
97.740465, 47.845542
97.590783, 49.414203
97.436392, 50.982859
97.277304, 52.551510
97.113530, 54.120157
96.945081, 55.688799
96.771971, 57.257436
96.594212, 58.826067
96.411816, 60.394693
96.224799, 61.963313
96.033172, 63.531927
95.836950, 65.100535
95.636148, 66.669137
95.430780, 68.237733
95.220862, 69.806321
95.006408, 71.374904
94.787434, 72.943479
94.563957, 74.512047
94.335993, 76.080607
94.103558, 77.649161
93.866670, 79.217706
93.625345, 80.786243
93.379602, 82.354772
93.129459, 83.923293
92.874934, 85.491805
92.616045, 87.060309
92.352812, 88.628803
92.085254, 90.197288
91.813390, 91.765763
91.537241, 93.334229
91.256826, 94.902685
90.972166, 96.471130
90.683282, 98.039565
90.390196, 99.607989
90.092928, 101.176402
89.791501, 102.744804
89.485936, 104.313195
89.176256, 105.881573
88.862484, 107.449940
88.544642, 109.018293
88.222755, 110.586635
87.896845, 112.154963
87.566936, 113.723278
87.233053, 115.291580
86.895219, 116.859867
86.553461, 118.428140
86.207803, 119.996399
85.858269, 121.564643
85.504887, 123.132871
85.147681, 124.701084
84.786678, 126.269281
84.421904, 127.837461
84.053387, 129.405625
83.681152, 130.973771
83.305228, 132.541900
82.925642, 134.110011
82.542421, 135.678104
82.155595, 137.246178
81.765190, 138.814232
81.371236, 140.382267
80.973762, 141.950282
80.572797, 143.518276
80.168369, 145.086249
79.760510, 146.654200
79.349248, 148.222130
78.934614, 149.790036
78.516638, 151.357920
78.095351, 152.925779
77.670784, 154.493615
77.242967, 156.061425
76.811933, 157.629210
76.377712, 159.196969
75.940337, 160.764701
75.499840, 162.332405
75.056252, 163.900082
74.609607, 165.467730
74.159938, 167.035348
73.707276, 168.602936
73.251655, 170.170493
72.793110, 171.738018
72.331672, 173.305511
71.867377, 174.872971
71.400258, 176.440396
70.930349, 178.007787
70.457685, 179.575141
69.982300, 181.142458
69.504230, 182.709738
69.023509, 184.276979
68.540173, 185.844180
68.054256, 187.411340
67.565795, 188.978458
67.074826, 190.545533
66.581384, 192.112564
66.085506, 193.679550
65.587227, 195.246488
65.086585, 196.813379
64.583616, 198.380221
64.078356, 199.947012
63.570844, 201.513751
63.061116, 203.080437
62.549210, 204.647068
62.035163, 206.213642
61.519012, 207.780158
61.000796, 209.346614
60.480553, 210.913009
59.958320, 212.479340
59.434136, 214.045607
58.908039, 215.611806
58.380069, 217.177935
57.850263, 218.743994
57.318661, 220.309979
56.785301, 221.875889
56.250222, 223.441720
55.713465, 225.007471
55.175067, 226.573140
54.635069, 228.138722
54.093510, 229.704216
53.550430, 231.269619
53.005869, 232.834928
52.459866, 234.400140
51.912462, 235.965251
51.363697, 237.530258
50.813610, 239.095158
50.262243, 240.659946
49.709635, 242.224620
49.155828, 243.789175
48.600861, 245.353607
48.044776, 246.917911
47.487613, 248.482083
46.929414, 250.046118
46.370218, 251.610011
45.810067, 253.173757
45.249002, 254.737350
44.687065, 256.300785
44.124296, 257.864055
43.560737, 259.427153
42.996428, 260.990074
42.431413, 262.552810
41.865730, 264.115354
41.299424, 265.677697
40.732534, 267.239831
40.165102, 268.801748
39.597171, 270.363439
39.028781, 271.924893
38.459974, 273.486100
37.890793, 275.047050
37.321278, 276.607731
36.751472, 278.168130
36.181417, 279.728235
35.611154, 281.288031
35.040724, 282.847505
34.470171, 284.406640
33.899536, 285.965420
33.328860, 287.523827
32.758186, 289.081843
32.187555, 290.639447
31.617010, 292.196617
31.046592, 293.753331
30.476343, 295.309565
29.906305, 296.865291
29.336520, 298.420480
28.767030, 299.975104
28.197876, 301.529128
27.629101, 303.082517
27.060746, 304.635233
26.492853, 306.187234
25.925464, 307.738475
25.358620, 309.288908
24.792364, 310.838480
24.226737, 312.387133
23.661780, 313.934804
23.097536, 315.481425
22.534046, 317.026920
21.971351, 318.571207
21.409493, 320.114195
20.848514, 321.655784
20.288455, 323.195863
19.729357, 324.734311
19.171263, 326.270991
18.614213, 327.805751
18.058248, 329.338423
17.503411, 330.868817
16.949743, 332.396720
16.397284, 333.921892
15.846077, 335.444059
15.296163, 336.962913
14.747583, 338.478100
14.200380, 339.989214
13.654594, 341.495787
13.110268, 342.997278
12.567443, 344.493054
12.026163, 345.982375
11.486469, 347.464367
10.948405, 348.937991
10.412015, 350.402002
9.877342, 351.854896
9.344434, 353.294837
8.813336, 354.719563
8.284097, 356.126256
7.756768, 357.511352
7.231403, 358.870288
6.708062, 0.197119
6.186810, 1.483954
5.667722, 2.720090
5.150888, 3.890643
4.636418, 4.974287
4.124460, 5.939363
3.615221, 6.736780
3.109017, 7.286190
2.606373, 7.446630
2.108274, 6.946951
1.616843, 5.194547
1.137732, 0.628104
0.691833, 347.800824
0.399638, 304.584948
0.574888, 248.633123
0.991821, 230.435391
1.453259, 224.356341
1.925557, 222.015639
2.400737, 221.232137
2.876038, 221.235254
3.350245, 221.688759
3.822738, 222.423551
4.293155, 223.345565
4.761266, 224.398386
5.226914, 225.546161
5.689983, 226.765028
6.150380, 228.038491
6.608032, 229.354789
7.062876, 230.705309
7.514856, 232.083603
7.963923, 233.484745
8.410029, 234.904910
8.853133, 236.341080
9.293192, 237.790846
9.730169, 239.252257
10.164025, 240.723721
10.594725, 242.203923
11.022233, 243.691767
11.446514, 245.186335
11.867535, 246.686849
12.285263, 248.192648
12.699664, 249.703166
13.110708, 251.217915
13.518362, 252.736471
13.922595, 254.258467
14.323377, 255.783581
14.720677, 257.311531
15.114465, 258.842067
15.504712, 260.374969
15.891388, 261.910041
16.274464, 263.447108
16.653912, 264.986014
17.029704, 266.526619
17.401810, 268.068797
17.770205, 269.612434
18.134860, 271.157428
18.495749, 272.703685
18.852844, 274.251121
19.206120, 275.799658
19.555549, 277.349228
19.901107, 278.899764
20.242768, 280.451209
20.580506, 282.003508
20.914297, 283.556612
21.244115, 285.110475
21.569938, 286.665055
21.891740, 288.220314
22.209498, 289.776214
22.523188, 291.332723
22.832788, 292.889810
23.138275, 294.447447
23.439625, 296.005605
23.736818, 297.564262
24.029831, 299.123393
24.318643, 300.682978
24.603232, 302.242995
24.883577, 303.803426
25.159658, 305.364254
25.431455, 306.925462
25.698948, 308.487035
25.962116, 310.048957
26.220941, 311.611217
26.475404, 313.173800
26.725486, 314.736696
26.971168, 316.299892
27.212432, 317.863378
27.449262, 319.427145
27.681639, 320.991182
27.909546, 322.555481
28.132967, 324.120034
28.351886, 325.684834
28.566285, 327.249871
28.776150, 328.815141
28.981465, 330.380635
29.182215, 331.946349
29.378385, 333.512275
29.569961, 335.078409
29.756929, 336.644746
29.939275, 338.211280
30.116986, 339.778008
30.290048, 341.344924
30.458450, 342.912024
30.622178, 344.479306
30.781221, 346.046765
30.935567, 347.614398
31.085204, 349.182202
31.230123, 350.750174
31.370311, 352.318311
31.505759, 353.886610
31.636457, 355.455070
31.762395, 357.023687
31.883565, 358.592461
31.999956, 0.161388
32.111562, 1.730468
32.218372, 3.299699
32.320381, 4.869079
32.417580, 6.438607
32.509961, 8.008281
32.597519, 9.578102
32.680247, 11.148067
32.758139, 12.718177
32.831189, 14.288430
32.899391, 15.858825
32.962742, 17.429364
33.021236, 19.000044
33.074868, 20.570867
33.123636, 22.141832
33.167534, 23.712939
33.206562, 25.284188
33.240714, 26.855579
33.269989, 28.427114
33.294385, 29.998792
33.313900, 31.570614
33.328533, 33.142581
33.338282, 34.714693
33.343146, 36.286953
33.343127, 37.859360
33.338222, 39.431916
33.328434, 41.004622
33.313762, 42.577480
33.294207, 44.150491
33.269772, 45.723658
33.240458, 47.296981
33.206267, 48.870464
33.167201, 50.444107
33.123264, 52.017913
33.074458, 53.591885
33.020789, 55.166025
32.962258, 56.740336
32.898871, 58.314821
32.830632, 59.889482
32.757547, 61.464323
32.679620, 63.039347
32.596858, 64.614558
32.509266, 66.189959
32.416851, 67.765555
32.319621, 69.341348
32.217581, 70.917345
32.110739, 72.493549
31.999104, 74.069965
31.882684, 75.646597
31.761487, 77.223452
31.635522, 78.800535
31.504798, 80.377851
31.369325, 81.955406
31.229113, 83.533207
31.084173, 85.111261
30.934515, 86.689575
30.780149, 88.268155
30.621088, 89.847010
30.457343, 91.426147
30.288927, 93.005576
30.115850, 94.585305
29.938128, 96.165343
29.755771, 97.745701
29.568795, 99.326388
29.377212, 100.907416
29.181037, 102.488797
28.980285, 104.070541
28.774969, 105.652662
28.565106, 107.235174
28.350710, 108.818090
28.131798, 110.401426
27.908386, 111.985196
27.680490, 113.569418
27.448127, 115.154110
27.211314, 116.739289
26.970068, 118.324976
26.724409, 119.911191
26.474353, 121.497956
26.219919, 123.085295
25.961126, 124.673232
25.697994, 126.261794
25.430541, 127.851007
25.158788, 129.440903
24.882754, 131.031513
24.602460, 132.622870
24.317928, 134.215010
24.029177, 135.807972
23.736230, 137.401796
23.439108, 138.996527
23.137834, 140.592210
22.832429, 142.188897
22.522917, 143.786641
22.209321, 145.385500
21.891663, 146.985537
21.569969, 148.586819
21.244262, 150.189417
20.914566, 151.793412
20.580906, 153.398887
20.243307, 155.005933
19.901795, 156.614652
19.556396, 158.225151
19.207135, 159.837548
18.854040, 161.451972
18.497136, 163.068564
18.136452, 164.687478
17.772015, 166.308884
17.403852, 167.932968
17.031993, 169.559936
16.656466, 171.190014
16.277301, 172.823455
15.894526, 174.460539
15.508174, 176.101577
15.118273, 177.746919
14.724856, 179.396956
14.327954, 181.052127
13.927600, 182.712930
13.523827, 184.379928
13.116669, 186.053763
12.706162, 187.735167
12.292341, 189.424981
11.875243, 191.124178
11.454906, 192.833883
11.031371, 194.555411
10.604679, 196.290306
10.174874, 198.040390
9.742003, 199.807834
9.306115, 201.595242
8.867264, 203.405766
8.425510, 205.243255
7.980916, 207.112463
7.533558, 209.019324
7.083520, 210.971347
6.630901, 212.978174
6.175823, 215.052380
5.718435, 217.210687
5.258929, 219.475806
4.797559, 221.879352
4.334677, 224.466638
3.870789, 227.304867
3.406667, 230.497891
2.943549, 234.214392
2.483583, 238.745575
2.030829, 244.633048
1.593865, 252.975776
1.193395, 266.184239
0.884932, 289.174906
0.790272, 324.406410
0.977621, 356.255341
1.335632, 15.269578
1.765248, 26.441939
2.226937, 33.780558
2.705584, 39.127777
3.194624, 43.341612
3.690820, 46.857851
4.192404, 49.917117
4.698323, 52.661875
5.207913, 55.181411
5.720722, 57.534358
6.236435, 59.760731
6.754817, 61.888741
7.275686, 63.938827
7.798901, 65.926153
8.324343, 67.862201
8.851912, 69.755820
9.381521, 71.613939
9.913094, 73.442059
10.446561, 75.244604
10.981857, 77.025168
11.518924, 78.786705
12.057705, 80.531663
12.598145, 82.262087
13.140195, 83.979700
13.683804, 85.685964
14.228922, 87.382125
14.775504, 89.069255
15.323503, 90.748280
15.872872, 92.420001
16.423567, 94.085120
16.975543, 95.744251
17.528755, 97.397933
18.083161, 99.046644
18.638716, 100.690806
19.195377, 102.330795
19.753101, 103.966949
20.311845, 105.599567
20.871566, 107.228920
21.432222, 108.855251
21.993769, 110.478780
22.556166, 112.099706
23.119369, 113.718210
23.683337, 115.334455
24.248026, 116.948591
24.813395, 118.560756
25.379401, 120.171075
25.946003, 121.779662
26.513157, 123.386622
27.080821, 124.992054
27.648954, 126.596046
28.217512, 128.198681
28.786455, 129.800035
29.355739, 131.400180
29.925322, 132.999181
30.495163, 134.597098
31.065219, 136.193990
31.635447, 137.789907
32.205807, 139.384901
32.776255, 140.979016
33.346749, 142.572296
33.917248, 144.164782
34.487709, 145.756509
35.058091, 147.347515
35.628351, 148.937831
36.198447, 150.527490
36.768337, 152.116521
37.337980, 153.704950
37.907333, 155.292804
38.476354, 156.880108
39.045002, 158.466885
39.613234, 160.053156
40.181010, 161.638942
40.748286, 163.224263
41.315023, 164.809136
41.881176, 166.393581
42.446707, 167.977612
43.011571, 169.561247
43.575729, 171.144499
44.139139, 172.727383
44.701759, 174.309913
45.263547, 175.892101
45.824464, 177.473960
46.384467, 179.055501
46.943515, 180.636735
47.501568, 182.217673
48.058584, 183.798325
48.614522, 185.378701
49.169343, 186.958810
49.723004, 188.538660
50.275465, 190.118259
50.826686, 191.697617
51.376626, 193.276741
51.925246, 194.855637
52.472503, 196.434313
53.018360, 198.012777
53.562775, 199.591033
54.105708, 201.169089
54.647120, 202.746950
55.186971, 204.324622
55.725221, 205.902110
56.261831, 207.479421
56.796762, 209.056558
57.329973, 210.633527
57.861427, 212.210332
58.391084, 213.786978
58.918906, 215.363469
59.444853, 216.939809
59.968886, 218.516003
60.490969, 220.092054
61.011062, 221.667966
61.529127, 223.243742
62.045126, 224.819386
62.559021, 226.394902
63.070775, 227.970292
63.580350, 229.545559
64.087708, 231.120707
64.592813, 232.695738
65.095628, 234.270656
65.596115, 235.845462
66.094238, 237.420160
66.589961, 238.994752
67.083246, 240.569240
67.574058, 242.143627
68.062361, 243.717915
68.548119, 245.292106
69.031297, 246.866203
69.511859, 248.440207
69.989769, 250.014120
70.464993, 251.587945
70.937496, 253.161683
71.407243, 254.735336
71.874200, 256.308905
72.338332, 257.882393
72.799606, 259.455801
##END=
