##TITLE= Parameter file, TopSpin 4.3.0
##JCAMPDX= 5.0
##DATATYPE= Parameter Values
##ORIGIN= Bruker BioSpin GmbH
##OWNER= nmrsu
$$ 2024-03-07 21:14:06.812 +0000  nmrsu@4CE1161FJM
$$ C:/Bruker/TopSpin4.3.0/exp/stan/nmr/lists/wave/user/multisupp_aux_d8
$$ process C:\Bruker\TopSpin4.3.0\prog\mod\xwinshape.exe
##MINX= 0.47545200
##MAXX= 99.99665900
##MINY= 0.53275600
##MAXY= 359.46724400
##$SHAPE_ADDPHASE= 0
##$SHAPE_AMP= 99.99665913
##$SHAPE_BWFAC= 0
##$SHAPE_BWFAC50= 0
##$SHAPE_CALCBW= yes
##$SHAPE_CALCINTEG= yes
##$SHAPE_EXMODE= <Excitation>
##$SHAPE_EXPAND= <>
##$SHAPE_EXPANDCF= (0..143)
0 0 0 0 0 0 0 0 0 0 0 0 0 0 0 0 0 0 0 0 0 0 0 0 0 0 0 0 0 0 0 0 0 0 0 0
0 0 0 0 0 0 0 0 0 0 0 0 0 0 0 0 0 0 0 0 0 0 0 0 0 0 0 0 0 0 0 0 0 0 0 0
0 0 0 0 0 0 0 0 0 0 0 0 0 0 0 0 0 0 0 0 0 0 0 0 0 0 0 0 0 0 0 0 0 0 0 0
0 0 0 0 0 0 0 0 0 0 0 0 0 0 0 0 0 0 0 0 0 0 0 0 0 0 0 0 0 0 0 0 0 0 0 0
##$SHAPE_EXPFAC= 0
##$SHAPE_FRACEND= 0
##$SHAPE_FRACORG= 0
##$SHAPE_FRACSTART= 0
##$SHAPE_INTEGFAC= 0
##$SHAPE_KEEPRES= yes
##$SHAPE_LENGTH= 25000.000373
##$SHAPE_MAN= <M>
##$SHAPE_MODE= 4
##$SHAPE_MODFREQ= 0
##$SHAPE_MODPHASE= 0
##$SHAPE_MODSCALE= 0
##$SHAPE_MODSW= 0
##$SHAPE_MODSWDIR= -1
##$SHAPE_NPOINTS= 1250
##$SHAPE_OFFS= <1 4>
##$SHAPE_OFFSCOEFF= (0..95)
61.332153 0 100 -148.93048 0 100 -219.19376 0 100 -285.15517 0 100 0 0
0 0 0 0 0 0 0 0 0 0 0 0 0 0 0 0 0 0 0 0 0 0 0 0 0 0 0 0 0 0 0 0 0 0 0 0
0 0 0 0 0 0 0 0 0 0 0 0 0 0 0 0 0 0 0 0 0 0 0 0 0 0 0 0 0 0 0 0 0 0 0 0
0 0 0 0 0 0 0 0 0 0
##$SHAPE_PARAMETER= <>
##$SHAPE_REPHFAC= 0
##$SHAPE_RES= 0
##$SHAPE_SCALEFAC= 1.00003341
##$SHAPE_SCALETYPE= 0
##$SHAPE_SPOAL= 0
##$SHAPE_SPOFFS= 0
##$SHAPE_SPOPH= 0
##$SHAPE_TOTROT= 90
##$SHAPE_TYPE= <Excitation>
##$SHAPE_USER_DEF= <>
##$SHAPE_VERSION= 2.1
##$SHL_ADDPHASE= (0..15)
0 0 0 0 0 0 0 0 0 0 0 0 0 0 0 0
##$SHL_ALIGNOFFSET= (0..15)
0 0 0 0 0 0 0 0 0 0 0 0 0 0 0 0
##$SHL_AMP= (0..15)
100 0 0 0 0 0 0 0 0 0 0 0 0 0 0 0
##$SHL_AMPFAC= (0..15)
0 0 0 0 0 0 0 0 0 0 0 0 0 0 0 0
##$SHL_BETA= (0..15)
0 0 0 0 0 0 0 0 0 0 0 0 0 0 0 0
##$SHL_BWFAC= (0..15)
1.116 0 0 0 0 0 0 0 0 0 0 0 0 0 0 0
##$SHL_CALCBW= (0..15)
yes yes yes yes yes yes yes yes yes yes yes yes yes yes yes yes
##$SHL_CALCINTEG= (0..15)
yes yes yes yes yes yes yes yes yes yes yes yes yes yes yes yes
##$SHL_CENTERAMP= (0..15)
0 0 0 0 0 0 0 0 0 0 0 0 0 0 0 0
##$SHL_CYCNUM= (0..15)
0 0 0 0 0 0 0 0 0 0 0 0 0 0 0 0
##$SHL_DIPOLCPL= (0..15)
0 0 0 0 0 0 0 0 0 0 0 0 0 0 0 0
##$SHL_ENDAMP= (0..15)
0 0 0 0 0 0 0 0 0 0 0 0 0 0 0 0
##$SHL_EXMODE= (0..15)
<Excitation> <> <> <> <> <> <> <> <> <> <> <> <> <> <> <>
##$SHL_EXPAND= (0..15)
<> <> <> <> <> <> <> <> <> <> <> <> <> <> <> <>
##$SHL_EXPANDCF0= (0..143)
0 0 0 0 0 0 0 0 0 0 0 0 0 0 0 0 0 0 0 0 0 0 0 0 0 0 0 0 0 0 0 0 0 0 0 0
0 0 0 0 0 0 0 0 0 0 0 0 0 0 0 0 0 0 0 0 0 0 0 0 0 0 0 0 0 0 0 0 0 0 0 0
0 0 0 0 0 0 0 0 0 0 0 0 0 0 0 0 0 0 0 0 0 0 0 0 0 0 0 0 0 0 0 0 0 0 0 0
0 0 0 0 0 0 0 0 0 0 0 0 0 0 0 0 0 0 0 0 0 0 0 0 0 0 0 0 0 0 0 0 0 0 0 0
##$SHL_EXPANDCF1= (0..143)
0 0 0 0 0 0 0 0 0 0 0 0 0 0 0 0 0 0 0 0 0 0 0 0 0 0 0 0 0 0 0 0 0 0 0 0
0 0 0 0 0 0 0 0 0 0 0 0 0 0 0 0 0 0 0 0 0 0 0 0 0 0 0 0 0 0 0 0 0 0 0 0
0 0 0 0 0 0 0 0 0 0 0 0 0 0 0 0 0 0 0 0 0 0 0 0 0 0 0 0 0 0 0 0 0 0 0 0
0 0 0 0 0 0 0 0 0 0 0 0 0 0 0 0 0 0 0 0 0 0 0 0 0 0 0 0 0 0 0 0 0 0 0 0
##$SHL_EXPANDCF10= (0..143)
0 0 0 0 0 0 0 0 0 0 0 0 0 0 0 0 0 0 0 0 0 0 0 0 0 0 0 0 0 0 0 0 0 0 0 0
0 0 0 0 0 0 0 0 0 0 0 0 0 0 0 0 0 0 0 0 0 0 0 0 0 0 0 0 0 0 0 0 0 0 0 0
0 0 0 0 0 0 0 0 0 0 0 0 0 0 0 0 0 0 0 0 0 0 0 0 0 0 0 0 0 0 0 0 0 0 0 0
0 0 0 0 0 0 0 0 0 0 0 0 0 0 0 0 0 0 0 0 0 0 0 0 0 0 0 0 0 0 0 0 0 0 0 0
##$SHL_EXPANDCF11= (0..143)
0 0 0 0 0 0 0 0 0 0 0 0 0 0 0 0 0 0 0 0 0 0 0 0 0 0 0 0 0 0 0 0 0 0 0 0
0 0 0 0 0 0 0 0 0 0 0 0 0 0 0 0 0 0 0 0 0 0 0 0 0 0 0 0 0 0 0 0 0 0 0 0
0 0 0 0 0 0 0 0 0 0 0 0 0 0 0 0 0 0 0 0 0 0 0 0 0 0 0 0 0 0 0 0 0 0 0 0
0 0 0 0 0 0 0 0 0 0 0 0 0 0 0 0 0 0 0 0 0 0 0 0 0 0 0 0 0 0 0 0 0 0 0 0
##$SHL_EXPANDCF12= (0..143)
0 0 0 0 0 0 0 0 0 0 0 0 0 0 0 0 0 0 0 0 0 0 0 0 0 0 0 0 0 0 0 0 0 0 0 0
0 0 0 0 0 0 0 0 0 0 0 0 0 0 0 0 0 0 0 0 0 0 0 0 0 0 0 0 0 0 0 0 0 0 0 0
0 0 0 0 0 0 0 0 0 0 0 0 0 0 0 0 0 0 0 0 0 0 0 0 0 0 0 0 0 0 0 0 0 0 0 0
0 0 0 0 0 0 0 0 0 0 0 0 0 0 0 0 0 0 0 0 0 0 0 0 0 0 0 0 0 0 0 0 0 0 0 0
##$SHL_EXPANDCF13= (0..143)
0 0 0 0 0 0 0 0 0 0 0 0 0 0 0 0 0 0 0 0 0 0 0 0 0 0 0 0 0 0 0 0 0 0 0 0
0 0 0 0 0 0 0 0 0 0 0 0 0 0 0 0 0 0 0 0 0 0 0 0 0 0 0 0 0 0 0 0 0 0 0 0
0 0 0 0 0 0 0 0 0 0 0 0 0 0 0 0 0 0 0 0 0 0 0 0 0 0 0 0 0 0 0 0 0 0 0 0
0 0 0 0 0 0 0 0 0 0 0 0 0 0 0 0 0 0 0 0 0 0 0 0 0 0 0 0 0 0 0 0 0 0 0 0
##$SHL_EXPANDCF14= (0..143)
0 0 0 0 0 0 0 0 0 0 0 0 0 0 0 0 0 0 0 0 0 0 0 0 0 0 0 0 0 0 0 0 0 0 0 0
0 0 0 0 0 0 0 0 0 0 0 0 0 0 0 0 0 0 0 0 0 0 0 0 0 0 0 0 0 0 0 0 0 0 0 0
0 0 0 0 0 0 0 0 0 0 0 0 0 0 0 0 0 0 0 0 0 0 0 0 0 0 0 0 0 0 0 0 0 0 0 0
0 0 0 0 0 0 0 0 0 0 0 0 0 0 0 0 0 0 0 0 0 0 0 0 0 0 0 0 0 0 0 0 0 0 0 0
##$SHL_EXPANDCF15= (0..143)
0 0 0 0 0 0 0 0 0 0 0 0 0 0 0 0 0 0 0 0 0 0 0 0 0 0 0 0 0 0 0 0 0 0 0 0
0 0 0 0 0 0 0 0 0 0 0 0 0 0 0 0 0 0 0 0 0 0 0 0 0 0 0 0 0 0 0 0 0 0 0 0
0 0 0 0 0 0 0 0 0 0 0 0 0 0 0 0 0 0 0 0 0 0 0 0 0 0 0 0 0 0 0 0 0 0 0 0
0 0 0 0 0 0 0 0 0 0 0 0 0 0 0 0 0 0 0 0 0 0 0 0 0 0 0 0 0 0 0 0 0 0 0 0
##$SHL_EXPANDCF2= (0..143)
0 0 0 0 0 0 0 0 0 0 0 0 0 0 0 0 0 0 0 0 0 0 0 0 0 0 0 0 0 0 0 0 0 0 0 0
0 0 0 0 0 0 0 0 0 0 0 0 0 0 0 0 0 0 0 0 0 0 0 0 0 0 0 0 0 0 0 0 0 0 0 0
0 0 0 0 0 0 0 0 0 0 0 0 0 0 0 0 0 0 0 0 0 0 0 0 0 0 0 0 0 0 0 0 0 0 0 0
0 0 0 0 0 0 0 0 0 0 0 0 0 0 0 0 0 0 0 0 0 0 0 0 0 0 0 0 0 0 0 0 0 0 0 0
##$SHL_EXPANDCF3= (0..143)
0 0 0 0 0 0 0 0 0 0 0 0 0 0 0 0 0 0 0 0 0 0 0 0 0 0 0 0 0 0 0 0 0 0 0 0
0 0 0 0 0 0 0 0 0 0 0 0 0 0 0 0 0 0 0 0 0 0 0 0 0 0 0 0 0 0 0 0 0 0 0 0
0 0 0 0 0 0 0 0 0 0 0 0 0 0 0 0 0 0 0 0 0 0 0 0 0 0 0 0 0 0 0 0 0 0 0 0
0 0 0 0 0 0 0 0 0 0 0 0 0 0 0 0 0 0 0 0 0 0 0 0 0 0 0 0 0 0 0 0 0 0 0 0
##$SHL_EXPANDCF4= (0..143)
0 0 0 0 0 0 0 0 0 0 0 0 0 0 0 0 0 0 0 0 0 0 0 0 0 0 0 0 0 0 0 0 0 0 0 0
0 0 0 0 0 0 0 0 0 0 0 0 0 0 0 0 0 0 0 0 0 0 0 0 0 0 0 0 0 0 0 0 0 0 0 0
0 0 0 0 0 0 0 0 0 0 0 0 0 0 0 0 0 0 0 0 0 0 0 0 0 0 0 0 0 0 0 0 0 0 0 0
0 0 0 0 0 0 0 0 0 0 0 0 0 0 0 0 0 0 0 0 0 0 0 0 0 0 0 0 0 0 0 0 0 0 0 0
##$SHL_EXPANDCF5= (0..143)
0 0 0 0 0 0 0 0 0 0 0 0 0 0 0 0 0 0 0 0 0 0 0 0 0 0 0 0 0 0 0 0 0 0 0 0
0 0 0 0 0 0 0 0 0 0 0 0 0 0 0 0 0 0 0 0 0 0 0 0 0 0 0 0 0 0 0 0 0 0 0 0
0 0 0 0 0 0 0 0 0 0 0 0 0 0 0 0 0 0 0 0 0 0 0 0 0 0 0 0 0 0 0 0 0 0 0 0
0 0 0 0 0 0 0 0 0 0 0 0 0 0 0 0 0 0 0 0 0 0 0 0 0 0 0 0 0 0 0 0 0 0 0 0
##$SHL_EXPANDCF6= (0..143)
0 0 0 0 0 0 0 0 0 0 0 0 0 0 0 0 0 0 0 0 0 0 0 0 0 0 0 0 0 0 0 0 0 0 0 0
0 0 0 0 0 0 0 0 0 0 0 0 0 0 0 0 0 0 0 0 0 0 0 0 0 0 0 0 0 0 0 0 0 0 0 0
0 0 0 0 0 0 0 0 0 0 0 0 0 0 0 0 0 0 0 0 0 0 0 0 0 0 0 0 0 0 0 0 0 0 0 0
0 0 0 0 0 0 0 0 0 0 0 0 0 0 0 0 0 0 0 0 0 0 0 0 0 0 0 0 0 0 0 0 0 0 0 0
##$SHL_EXPANDCF7= (0..143)
0 0 0 0 0 0 0 0 0 0 0 0 0 0 0 0 0 0 0 0 0 0 0 0 0 0 0 0 0 0 0 0 0 0 0 0
0 0 0 0 0 0 0 0 0 0 0 0 0 0 0 0 0 0 0 0 0 0 0 0 0 0 0 0 0 0 0 0 0 0 0 0
0 0 0 0 0 0 0 0 0 0 0 0 0 0 0 0 0 0 0 0 0 0 0 0 0 0 0 0 0 0 0 0 0 0 0 0
0 0 0 0 0 0 0 0 0 0 0 0 0 0 0 0 0 0 0 0 0 0 0 0 0 0 0 0 0 0 0 0 0 0 0 0
##$SHL_EXPANDCF8= (0..143)
0 0 0 0 0 0 0 0 0 0 0 0 0 0 0 0 0 0 0 0 0 0 0 0 0 0 0 0 0 0 0 0 0 0 0 0
0 0 0 0 0 0 0 0 0 0 0 0 0 0 0 0 0 0 0 0 0 0 0 0 0 0 0 0 0 0 0 0 0 0 0 0
0 0 0 0 0 0 0 0 0 0 0 0 0 0 0 0 0 0 0 0 0 0 0 0 0 0 0 0 0 0 0 0 0 0 0 0
0 0 0 0 0 0 0 0 0 0 0 0 0 0 0 0 0 0 0 0 0 0 0 0 0 0 0 0 0 0 0 0 0 0 0 0
##$SHL_EXPANDCF9= (0..143)
0 0 0 0 0 0 0 0 0 0 0 0 0 0 0 0 0 0 0 0 0 0 0 0 0 0 0 0 0 0 0 0 0 0 0 0
0 0 0 0 0 0 0 0 0 0 0 0 0 0 0 0 0 0 0 0 0 0 0 0 0 0 0 0 0 0 0 0 0 0 0 0
0 0 0 0 0 0 0 0 0 0 0 0 0 0 0 0 0 0 0 0 0 0 0 0 0 0 0 0 0 0 0 0 0 0 0 0
0 0 0 0 0 0 0 0 0 0 0 0 0 0 0 0 0 0 0 0 0 0 0 0 0 0 0 0 0 0 0 0 0 0 0 0
##$SHL_EXPFAC= (0..15)
0 0 0 0 0 0 0 0 0 0 0 0 0 0 0 0
##$SHL_FRACEND= (0..15)
0 0 0 0 0 0 0 0 0 0 0 0 0 0 0 0
##$SHL_FRACORG= (0..15)
0 0 0 0 0 0 0 0 0 0 0 0 0 0 0 0
##$SHL_FRACSTART= (0..15)
0 0 0 0 0 0 0 0 0 0 0 0 0 0 0 0
##$SHL_FULLHALF= (0..15)
0 0 0 0 0 0 0 0 0 0 0 0 0 0 0 0
##$SHL_FUNCAMP= (0..15)
100 0 0 0 0 0 0 0 0 0 0 0 0 0 0 0
##$SHL_FUNCTION= (0..15)
<Rectangle> <> <> <> <> <> <> <> <> <> <> <> <> <> <> <>
##$SHL_GCO= (0..15)
<> <> <> <> <> <> <> <> <> <> <> <> <> <> <> <>
##$SHL_GCOCOEFFS0= (0..59)
0 0 0 0 0 0 0 0 0 0 0 0 0 0 0 0 0 0 0 0 0 0 0 0 0 0 0 0 0 0 0 0 0 0 0 0
0 0 0 0 0 0 0 0 0 0 0 0 0 0 0 0 0 0 0 0 0 0 0 0
##$SHL_GCOCOEFFS1= (0..59)
0 0 0 0 0 0 0 0 0 0 0 0 0 0 0 0 0 0 0 0 0 0 0 0 0 0 0 0 0 0 0 0 0 0 0 0
0 0 0 0 0 0 0 0 0 0 0 0 0 0 0 0 0 0 0 0 0 0 0 0
##$SHL_GCOCOEFFS10= (0..59)
0 0 0 0 0 0 0 0 0 0 0 0 0 0 0 0 0 0 0 0 0 0 0 0 0 0 0 0 0 0 0 0 0 0 0 0
0 0 0 0 0 0 0 0 0 0 0 0 0 0 0 0 0 0 0 0 0 0 0 0
##$SHL_GCOCOEFFS11= (0..59)
0 0 0 0 0 0 0 0 0 0 0 0 0 0 0 0 0 0 0 0 0 0 0 0 0 0 0 0 0 0 0 0 0 0 0 0
0 0 0 0 0 0 0 0 0 0 0 0 0 0 0 0 0 0 0 0 0 0 0 0
##$SHL_GCOCOEFFS12= (0..59)
0 0 0 0 0 0 0 0 0 0 0 0 0 0 0 0 0 0 0 0 0 0 0 0 0 0 0 0 0 0 0 0 0 0 0 0
0 0 0 0 0 0 0 0 0 0 0 0 0 0 0 0 0 0 0 0 0 0 0 0
##$SHL_GCOCOEFFS13= (0..59)
0 0 0 0 0 0 0 0 0 0 0 0 0 0 0 0 0 0 0 0 0 0 0 0 0 0 0 0 0 0 0 0 0 0 0 0
0 0 0 0 0 0 0 0 0 0 0 0 0 0 0 0 0 0 0 0 0 0 0 0
##$SHL_GCOCOEFFS14= (0..59)
0 0 0 0 0 0 0 0 0 0 0 0 0 0 0 0 0 0 0 0 0 0 0 0 0 0 0 0 0 0 0 0 0 0 0 0
0 0 0 0 0 0 0 0 0 0 0 0 0 0 0 0 0 0 0 0 0 0 0 0
##$SHL_GCOCOEFFS15= (0..59)
0 0 0 0 0 0 0 0 0 0 0 0 0 0 0 0 0 0 0 0 0 0 0 0 0 0 0 0 0 0 0 0 0 0 0 0
0 0 0 0 0 0 0 0 0 0 0 0 0 0 0 0 0 0 0 0 0 0 0 0
##$SHL_GCOCOEFFS2= (0..59)
0 0 0 0 0 0 0 0 0 0 0 0 0 0 0 0 0 0 0 0 0 0 0 0 0 0 0 0 0 0 0 0 0 0 0 0
0 0 0 0 0 0 0 0 0 0 0 0 0 0 0 0 0 0 0 0 0 0 0 0
##$SHL_GCOCOEFFS3= (0..59)
0 0 0 0 0 0 0 0 0 0 0 0 0 0 0 0 0 0 0 0 0 0 0 0 0 0 0 0 0 0 0 0 0 0 0 0
0 0 0 0 0 0 0 0 0 0 0 0 0 0 0 0 0 0 0 0 0 0 0 0
##$SHL_GCOCOEFFS4= (0..59)
0 0 0 0 0 0 0 0 0 0 0 0 0 0 0 0 0 0 0 0 0 0 0 0 0 0 0 0 0 0 0 0 0 0 0 0
0 0 0 0 0 0 0 0 0 0 0 0 0 0 0 0 0 0 0 0 0 0 0 0
##$SHL_GCOCOEFFS5= (0..59)
0 0 0 0 0 0 0 0 0 0 0 0 0 0 0 0 0 0 0 0 0 0 0 0 0 0 0 0 0 0 0 0 0 0 0 0
0 0 0 0 0 0 0 0 0 0 0 0 0 0 0 0 0 0 0 0 0 0 0 0
##$SHL_GCOCOEFFS6= (0..59)
0 0 0 0 0 0 0 0 0 0 0 0 0 0 0 0 0 0 0 0 0 0 0 0 0 0 0 0 0 0 0 0 0 0 0 0
0 0 0 0 0 0 0 0 0 0 0 0 0 0 0 0 0 0 0 0 0 0 0 0
##$SHL_GCOCOEFFS7= (0..59)
0 0 0 0 0 0 0 0 0 0 0 0 0 0 0 0 0 0 0 0 0 0 0 0 0 0 0 0 0 0 0 0 0 0 0 0
0 0 0 0 0 0 0 0 0 0 0 0 0 0 0 0 0 0 0 0 0 0 0 0
##$SHL_GCOCOEFFS8= (0..59)
0 0 0 0 0 0 0 0 0 0 0 0 0 0 0 0 0 0 0 0 0 0 0 0 0 0 0 0 0 0 0 0 0 0 0 0
0 0 0 0 0 0 0 0 0 0 0 0 0 0 0 0 0 0 0 0 0 0 0 0
##$SHL_GCOCOEFFS9= (0..59)
0 0 0 0 0 0 0 0 0 0 0 0 0 0 0 0 0 0 0 0 0 0 0 0 0 0 0 0 0 0 0 0 0 0 0 0
0 0 0 0 0 0 0 0 0 0 0 0 0 0 0 0 0 0 0 0 0 0 0 0
##$SHL_INTEGFAC= (0..15)
1 0 0 0 0 0 0 0 0 0 0 0 0 0 0 0
##$SHL_LB= (0..15)
0 0 0 0 0 0 0 0 0 0 0 0 0 0 0 0
##$SHL_LEFTLIMIT= (0..15)
0 0 0 0 0 0 0 0 0 0 0 0 0 0 0 0
##$SHL_LENGTH= (0..15)
25000.000373 0 0 0 0 0 0 0 0 0 0 0 0 0 0 0
##$SHL_MAN= (0..15)
<> <> <> <> <> <> <> <> <> <> <> <> <> <> <> <>
##$SHL_MEANAMP= (0..15)
0 0 0 0 0 0 0 0 0 0 0 0 0 0 0 0
##$SHL_MODAMP= (0..15)
0 0 0 0 0 0 0 0 0 0 0 0 0 0 0 0
##$SHL_MODE= (0..15)
0 0 0 0 0 0 0 0 0 0 0 0 0 0 0 0
##$SHL_MODFREQ= (0..15)
0 0 0 0 0 0 0 0 0 0 0 0 0 0 0 0
##$SHL_MODPHASE= (0..15)
0 0 0 0 0 0 0 0 0 0 0 0 0 0 0 0
##$SHL_MODSCALE= (0..15)
0 0 0 0 0 0 0 0 0 0 0 0 0 0 0 0
##$SHL_MODSW= (0..15)
0 0 0 0 0 0 0 0 0 0 0 0 0 0 0 0
##$SHL_MODSWDIR= (0..15)
-1 -1 -1 -1 -1 -1 -1 -1 -1 -1 -1 -1 -1 -1 -1 -1
##$SHL_MU= (0..15)
0 0 0 0 0 0 0 0 0 0 0 0 0 0 0 0
##$SHL_NPOINTS= (0..15)
1250 0 0 0 0 0 0 0 0 0 0 0 0 0 0 0
##$SHL_OFFS= (0..15)
<> <> <> <> <> <> <> <> <> <> <> <> <> <> <> <>
##$SHL_OFFSCOEFF0= (0..95)
0 0 0 0 0 0 0 0 0 0 0 0 0 0 0 0 0 0 0 0 0 0 0 0 0 0 0 0 0 0 0 0 0 0 0 0
0 0 0 0 0 0 0 0 0 0 0 0 0 0 0 0 0 0 0 0 0 0 0 0 0 0 0 0 0 0 0 0 0 0 0 0
0 0 0 0 0 0 0 0 0 0 0 0 0 0 0 0 0 0 0 0 0 0 0 0
##$SHL_OFFSCOEFF1= (0..95)
0 0 0 0 0 0 0 0 0 0 0 0 0 0 0 0 0 0 0 0 0 0 0 0 0 0 0 0 0 0 0 0 0 0 0 0
0 0 0 0 0 0 0 0 0 0 0 0 0 0 0 0 0 0 0 0 0 0 0 0 0 0 0 0 0 0 0 0 0 0 0 0
0 0 0 0 0 0 0 0 0 0 0 0 0 0 0 0 0 0 0 0 0 0 0 0
##$SHL_OFFSCOEFF10= (0..95)
0 0 0 0 0 0 0 0 0 0 0 0 0 0 0 0 0 0 0 0 0 0 0 0 0 0 0 0 0 0 0 0 0 0 0 0
0 0 0 0 0 0 0 0 0 0 0 0 0 0 0 0 0 0 0 0 0 0 0 0 0 0 0 0 0 0 0 0 0 0 0 0
0 0 0 0 0 0 0 0 0 0 0 0 0 0 0 0 0 0 0 0 0 0 0 0
##$SHL_OFFSCOEFF11= (0..95)
0 0 0 0 0 0 0 0 0 0 0 0 0 0 0 0 0 0 0 0 0 0 0 0 0 0 0 0 0 0 0 0 0 0 0 0
0 0 0 0 0 0 0 0 0 0 0 0 0 0 0 0 0 0 0 0 0 0 0 0 0 0 0 0 0 0 0 0 0 0 0 0
0 0 0 0 0 0 0 0 0 0 0 0 0 0 0 0 0 0 0 0 0 0 0 0
##$SHL_OFFSCOEFF12= (0..95)
0 0 0 0 0 0 0 0 0 0 0 0 0 0 0 0 0 0 0 0 0 0 0 0 0 0 0 0 0 0 0 0 0 0 0 0
0 0 0 0 0 0 0 0 0 0 0 0 0 0 0 0 0 0 0 0 0 0 0 0 0 0 0 0 0 0 0 0 0 0 0 0
0 0 0 0 0 0 0 0 0 0 0 0 0 0 0 0 0 0 0 0 0 0 0 0
##$SHL_OFFSCOEFF13= (0..95)
0 0 0 0 0 0 0 0 0 0 0 0 0 0 0 0 0 0 0 0 0 0 0 0 0 0 0 0 0 0 0 0 0 0 0 0
0 0 0 0 0 0 0 0 0 0 0 0 0 0 0 0 0 0 0 0 0 0 0 0 0 0 0 0 0 0 0 0 0 0 0 0
0 0 0 0 0 0 0 0 0 0 0 0 0 0 0 0 0 0 0 0 0 0 0 0
##$SHL_OFFSCOEFF14= (0..95)
0 0 0 0 0 0 0 0 0 0 0 0 0 0 0 0 0 0 0 0 0 0 0 0 0 0 0 0 0 0 0 0 0 0 0 0
0 0 0 0 0 0 0 0 0 0 0 0 0 0 0 0 0 0 0 0 0 0 0 0 0 0 0 0 0 0 0 0 0 0 0 0
0 0 0 0 0 0 0 0 0 0 0 0 0 0 0 0 0 0 0 0 0 0 0 0
##$SHL_OFFSCOEFF15= (0..95)
0 0 0 0 0 0 0 0 0 0 0 0 0 0 0 0 0 0 0 0 0 0 0 0 0 0 0 0 0 0 0 0 0 0 0 0
0 0 0 0 0 0 0 0 0 0 0 0 0 0 0 0 0 0 0 0 0 0 0 0 0 0 0 0 0 0 0 0 0 0 0 0
0 0 0 0 0 0 0 0 0 0 0 0 0 0 0 0 0 0 0 0 0 0 0 0
##$SHL_OFFSCOEFF2= (0..95)
0 0 0 0 0 0 0 0 0 0 0 0 0 0 0 0 0 0 0 0 0 0 0 0 0 0 0 0 0 0 0 0 0 0 0 0
0 0 0 0 0 0 0 0 0 0 0 0 0 0 0 0 0 0 0 0 0 0 0 0 0 0 0 0 0 0 0 0 0 0 0 0
0 0 0 0 0 0 0 0 0 0 0 0 0 0 0 0 0 0 0 0 0 0 0 0
##$SHL_OFFSCOEFF3= (0..95)
0 0 0 0 0 0 0 0 0 0 0 0 0 0 0 0 0 0 0 0 0 0 0 0 0 0 0 0 0 0 0 0 0 0 0 0
0 0 0 0 0 0 0 0 0 0 0 0 0 0 0 0 0 0 0 0 0 0 0 0 0 0 0 0 0 0 0 0 0 0 0 0
0 0 0 0 0 0 0 0 0 0 0 0 0 0 0 0 0 0 0 0 0 0 0 0
##$SHL_OFFSCOEFF4= (0..95)
0 0 0 0 0 0 0 0 0 0 0 0 0 0 0 0 0 0 0 0 0 0 0 0 0 0 0 0 0 0 0 0 0 0 0 0
0 0 0 0 0 0 0 0 0 0 0 0 0 0 0 0 0 0 0 0 0 0 0 0 0 0 0 0 0 0 0 0 0 0 0 0
0 0 0 0 0 0 0 0 0 0 0 0 0 0 0 0 0 0 0 0 0 0 0 0
##$SHL_OFFSCOEFF5= (0..95)
0 0 0 0 0 0 0 0 0 0 0 0 0 0 0 0 0 0 0 0 0 0 0 0 0 0 0 0 0 0 0 0 0 0 0 0
0 0 0 0 0 0 0 0 0 0 0 0 0 0 0 0 0 0 0 0 0 0 0 0 0 0 0 0 0 0 0 0 0 0 0 0
0 0 0 0 0 0 0 0 0 0 0 0 0 0 0 0 0 0 0 0 0 0 0 0
##$SHL_OFFSCOEFF6= (0..95)
0 0 0 0 0 0 0 0 0 0 0 0 0 0 0 0 0 0 0 0 0 0 0 0 0 0 0 0 0 0 0 0 0 0 0 0
0 0 0 0 0 0 0 0 0 0 0 0 0 0 0 0 0 0 0 0 0 0 0 0 0 0 0 0 0 0 0 0 0 0 0 0
0 0 0 0 0 0 0 0 0 0 0 0 0 0 0 0 0 0 0 0 0 0 0 0
##$SHL_OFFSCOEFF7= (0..95)
0 0 0 0 0 0 0 0 0 0 0 0 0 0 0 0 0 0 0 0 0 0 0 0 0 0 0 0 0 0 0 0 0 0 0 0
0 0 0 0 0 0 0 0 0 0 0 0 0 0 0 0 0 0 0 0 0 0 0 0 0 0 0 0 0 0 0 0 0 0 0 0
0 0 0 0 0 0 0 0 0 0 0 0 0 0 0 0 0 0 0 0 0 0 0 0
##$SHL_OFFSCOEFF8= (0..95)
0 0 0 0 0 0 0 0 0 0 0 0 0 0 0 0 0 0 0 0 0 0 0 0 0 0 0 0 0 0 0 0 0 0 0 0
0 0 0 0 0 0 0 0 0 0 0 0 0 0 0 0 0 0 0 0 0 0 0 0 0 0 0 0 0 0 0 0 0 0 0 0
0 0 0 0 0 0 0 0 0 0 0 0 0 0 0 0 0 0 0 0 0 0 0 0
##$SHL_OFFSCOEFF9= (0..95)
0 0 0 0 0 0 0 0 0 0 0 0 0 0 0 0 0 0 0 0 0 0 0 0 0 0 0 0 0 0 0 0 0 0 0 0
0 0 0 0 0 0 0 0 0 0 0 0 0 0 0 0 0 0 0 0 0 0 0 0 0 0 0 0 0 0 0 0 0 0 0 0
0 0 0 0 0 0 0 0 0 0 0 0 0 0 0 0 0 0 0 0 0 0 0 0
##$SHL_PHASE= (0..15)
0 0 0 0 0 0 0 0 0 0 0 0 0 0 0 0
##$SHL_PHASEFAC= (0..15)
0 0 0 0 0 0 0 0 0 0 0 0 0 0 0 0
##$SHL_POWERINDEX= (0..15)
0 0 0 0 0 0 0 0 0 0 0 0 0 0 0 0
##$SHL_QUADCOEFF= (0..15)
0 0 0 0 0 0 0 0 0 0 0 0 0 0 0 0
##$SHL_RIGHTLIMIT= (0..15)
0 0 0 0 0 0 0 0 0 0 0 0 0 0 0 0
##$SHL_SCALEFACTOR= (0..15)
1 1 1 1 1 1 1 1 1 1 1 1 1 1 1 1
##$SHL_SF= (0..15)
<> <> <> <> <> <> <> <> <> <> <> <> <> <> <> <>
##$SHL_SFCOEFFS0= (0..200)
0 0 0 0 0 0 0 0 0 0 0 0 0 0 0 0 0 0 0 0 0 0 0 0 0 0 0 0 0 0 0 0 0 0 0 0
0 0 0 0 0 0 0 0 0 0 0 0 0 0 0 0 0 0 0 0 0 0 0 0 0 0 0 0 0 0 0 0 0 0 0 0
0 0 0 0 0 0 0 0 0 0 0 0 0 0 0 0 0 0 0 0 0 0 0 0 0 0 0 0 0 0 0 0 0 0 0 0
0 0 0 0 0 0 0 0 0 0 0 0 0 0 0 0 0 0 0 0 0 0 0 0 0 0 0 0 0 0 0 0 0 0 0 0
0 0 0 0 0 0 0 0 0 0 0 0 0 0 0 0 0 0 0 0 0 0 0 0 0 0 0 0 0 0 0 0 0 0 0 0
0 0 0 0 0 0 0 0 0 0 0 0 0 0 0 0 0 0 0 0 0
##$SHL_SFCOEFFS1= (0..200)
0 0 0 0 0 0 0 0 0 0 0 0 0 0 0 0 0 0 0 0 0 0 0 0 0 0 0 0 0 0 0 0 0 0 0 0
0 0 0 0 0 0 0 0 0 0 0 0 0 0 0 0 0 0 0 0 0 0 0 0 0 0 0 0 0 0 0 0 0 0 0 0
0 0 0 0 0 0 0 0 0 0 0 0 0 0 0 0 0 0 0 0 0 0 0 0 0 0 0 0 0 0 0 0 0 0 0 0
0 0 0 0 0 0 0 0 0 0 0 0 0 0 0 0 0 0 0 0 0 0 0 0 0 0 0 0 0 0 0 0 0 0 0 0
0 0 0 0 0 0 0 0 0 0 0 0 0 0 0 0 0 0 0 0 0 0 0 0 0 0 0 0 0 0 0 0 0 0 0 0
0 0 0 0 0 0 0 0 0 0 0 0 0 0 0 0 0 0 0 0 0
##$SHL_SFCOEFFS10= (0..200)
0 0 0 0 0 0 0 0 0 0 0 0 0 0 0 0 0 0 0 0 0 0 0 0 0 0 0 0 0 0 0 0 0 0 0 0
0 0 0 0 0 0 0 0 0 0 0 0 0 0 0 0 0 0 0 0 0 0 0 0 0 0 0 0 0 0 0 0 0 0 0 0
0 0 0 0 0 0 0 0 0 0 0 0 0 0 0 0 0 0 0 0 0 0 0 0 0 0 0 0 0 0 0 0 0 0 0 0
0 0 0 0 0 0 0 0 0 0 0 0 0 0 0 0 0 0 0 0 0 0 0 0 0 0 0 0 0 0 0 0 0 0 0 0
0 0 0 0 0 0 0 0 0 0 0 0 0 0 0 0 0 0 0 0 0 0 0 0 0 0 0 0 0 0 0 0 0 0 0 0
0 0 0 0 0 0 0 0 0 0 0 0 0 0 0 0 0 0 0 0 0
##$SHL_SFCOEFFS11= (0..200)
0 0 0 0 0 0 0 0 0 0 0 0 0 0 0 0 0 0 0 0 0 0 0 0 0 0 0 0 0 0 0 0 0 0 0 0
0 0 0 0 0 0 0 0 0 0 0 0 0 0 0 0 0 0 0 0 0 0 0 0 0 0 0 0 0 0 0 0 0 0 0 0
0 0 0 0 0 0 0 0 0 0 0 0 0 0 0 0 0 0 0 0 0 0 0 0 0 0 0 0 0 0 0 0 0 0 0 0
0 0 0 0 0 0 0 0 0 0 0 0 0 0 0 0 0 0 0 0 0 0 0 0 0 0 0 0 0 0 0 0 0 0 0 0
0 0 0 0 0 0 0 0 0 0 0 0 0 0 0 0 0 0 0 0 0 0 0 0 0 0 0 0 0 0 0 0 0 0 0 0
0 0 0 0 0 0 0 0 0 0 0 0 0 0 0 0 0 0 0 0 0
##$SHL_SFCOEFFS12= (0..200)
0 0 0 0 0 0 0 0 0 0 0 0 0 0 0 0 0 0 0 0 0 0 0 0 0 0 0 0 0 0 0 0 0 0 0 0
0 0 0 0 0 0 0 0 0 0 0 0 0 0 0 0 0 0 0 0 0 0 0 0 0 0 0 0 0 0 0 0 0 0 0 0
0 0 0 0 0 0 0 0 0 0 0 0 0 0 0 0 0 0 0 0 0 0 0 0 0 0 0 0 0 0 0 0 0 0 0 0
0 0 0 0 0 0 0 0 0 0 0 0 0 0 0 0 0 0 0 0 0 0 0 0 0 0 0 0 0 0 0 0 0 0 0 0
0 0 0 0 0 0 0 0 0 0 0 0 0 0 0 0 0 0 0 0 0 0 0 0 0 0 0 0 0 0 0 0 0 0 0 0
0 0 0 0 0 0 0 0 0 0 0 0 0 0 0 0 0 0 0 0 0
##$SHL_SFCOEFFS13= (0..200)
0 0 0 0 0 0 0 0 0 0 0 0 0 0 0 0 0 0 0 0 0 0 0 0 0 0 0 0 0 0 0 0 0 0 0 0
0 0 0 0 0 0 0 0 0 0 0 0 0 0 0 0 0 0 0 0 0 0 0 0 0 0 0 0 0 0 0 0 0 0 0 0
0 0 0 0 0 0 0 0 0 0 0 0 0 0 0 0 0 0 0 0 0 0 0 0 0 0 0 0 0 0 0 0 0 0 0 0
0 0 0 0 0 0 0 0 0 0 0 0 0 0 0 0 0 0 0 0 0 0 0 0 0 0 0 0 0 0 0 0 0 0 0 0
0 0 0 0 0 0 0 0 0 0 0 0 0 0 0 0 0 0 0 0 0 0 0 0 0 0 0 0 0 0 0 0 0 0 0 0
0 0 0 0 0 0 0 0 0 0 0 0 0 0 0 0 0 0 0 0 0
##$SHL_SFCOEFFS14= (0..200)
0 0 0 0 0 0 0 0 0 0 0 0 0 0 0 0 0 0 0 0 0 0 0 0 0 0 0 0 0 0 0 0 0 0 0 0
0 0 0 0 0 0 0 0 0 0 0 0 0 0 0 0 0 0 0 0 0 0 0 0 0 0 0 0 0 0 0 0 0 0 0 0
0 0 0 0 0 0 0 0 0 0 0 0 0 0 0 0 0 0 0 0 0 0 0 0 0 0 0 0 0 0 0 0 0 0 0 0
0 0 0 0 0 0 0 0 0 0 0 0 0 0 0 0 0 0 0 0 0 0 0 0 0 0 0 0 0 0 0 0 0 0 0 0
0 0 0 0 0 0 0 0 0 0 0 0 0 0 0 0 0 0 0 0 0 0 0 0 0 0 0 0 0 0 0 0 0 0 0 0
0 0 0 0 0 0 0 0 0 0 0 0 0 0 0 0 0 0 0 0 0
##$SHL_SFCOEFFS15= (0..200)
0 0 0 0 0 0 0 0 0 0 0 0 0 0 0 0 0 0 0 0 0 0 0 0 0 0 0 0 0 0 0 0 0 0 0 0
0 0 0 0 0 0 0 0 0 0 0 0 0 0 0 0 0 0 0 0 0 0 0 0 0 0 0 0 0 0 0 0 0 0 0 0
0 0 0 0 0 0 0 0 0 0 0 0 0 0 0 0 0 0 0 0 0 0 0 0 0 0 0 0 0 0 0 0 0 0 0 0
0 0 0 0 0 0 0 0 0 0 0 0 0 0 0 0 0 0 0 0 0 0 0 0 0 0 0 0 0 0 0 0 0 0 0 0
0 0 0 0 0 0 0 0 0 0 0 0 0 0 0 0 0 0 0 0 0 0 0 0 0 0 0 0 0 0 0 0 0 0 0 0
0 0 0 0 0 0 0 0 0 0 0 0 0 0 0 0 0 0 0 0 0
##$SHL_SFCOEFFS2= (0..200)
0 0 0 0 0 0 0 0 0 0 0 0 0 0 0 0 0 0 0 0 0 0 0 0 0 0 0 0 0 0 0 0 0 0 0 0
0 0 0 0 0 0 0 0 0 0 0 0 0 0 0 0 0 0 0 0 0 0 0 0 0 0 0 0 0 0 0 0 0 0 0 0
0 0 0 0 0 0 0 0 0 0 0 0 0 0 0 0 0 0 0 0 0 0 0 0 0 0 0 0 0 0 0 0 0 0 0 0
0 0 0 0 0 0 0 0 0 0 0 0 0 0 0 0 0 0 0 0 0 0 0 0 0 0 0 0 0 0 0 0 0 0 0 0
0 0 0 0 0 0 0 0 0 0 0 0 0 0 0 0 0 0 0 0 0 0 0 0 0 0 0 0 0 0 0 0 0 0 0 0
0 0 0 0 0 0 0 0 0 0 0 0 0 0 0 0 0 0 0 0 0
##$SHL_SFCOEFFS3= (0..200)
0 0 0 0 0 0 0 0 0 0 0 0 0 0 0 0 0 0 0 0 0 0 0 0 0 0 0 0 0 0 0 0 0 0 0 0
0 0 0 0 0 0 0 0 0 0 0 0 0 0 0 0 0 0 0 0 0 0 0 0 0 0 0 0 0 0 0 0 0 0 0 0
0 0 0 0 0 0 0 0 0 0 0 0 0 0 0 0 0 0 0 0 0 0 0 0 0 0 0 0 0 0 0 0 0 0 0 0
0 0 0 0 0 0 0 0 0 0 0 0 0 0 0 0 0 0 0 0 0 0 0 0 0 0 0 0 0 0 0 0 0 0 0 0
0 0 0 0 0 0 0 0 0 0 0 0 0 0 0 0 0 0 0 0 0 0 0 0 0 0 0 0 0 0 0 0 0 0 0 0
0 0 0 0 0 0 0 0 0 0 0 0 0 0 0 0 0 0 0 0 0
##$SHL_SFCOEFFS4= (0..200)
0 0 0 0 0 0 0 0 0 0 0 0 0 0 0 0 0 0 0 0 0 0 0 0 0 0 0 0 0 0 0 0 0 0 0 0
0 0 0 0 0 0 0 0 0 0 0 0 0 0 0 0 0 0 0 0 0 0 0 0 0 0 0 0 0 0 0 0 0 0 0 0
0 0 0 0 0 0 0 0 0 0 0 0 0 0 0 0 0 0 0 0 0 0 0 0 0 0 0 0 0 0 0 0 0 0 0 0
0 0 0 0 0 0 0 0 0 0 0 0 0 0 0 0 0 0 0 0 0 0 0 0 0 0 0 0 0 0 0 0 0 0 0 0
0 0 0 0 0 0 0 0 0 0 0 0 0 0 0 0 0 0 0 0 0 0 0 0 0 0 0 0 0 0 0 0 0 0 0 0
0 0 0 0 0 0 0 0 0 0 0 0 0 0 0 0 0 0 0 0 0
##$SHL_SFCOEFFS5= (0..200)
0 0 0 0 0 0 0 0 0 0 0 0 0 0 0 0 0 0 0 0 0 0 0 0 0 0 0 0 0 0 0 0 0 0 0 0
0 0 0 0 0 0 0 0 0 0 0 0 0 0 0 0 0 0 0 0 0 0 0 0 0 0 0 0 0 0 0 0 0 0 0 0
0 0 0 0 0 0 0 0 0 0 0 0 0 0 0 0 0 0 0 0 0 0 0 0 0 0 0 0 0 0 0 0 0 0 0 0
0 0 0 0 0 0 0 0 0 0 0 0 0 0 0 0 0 0 0 0 0 0 0 0 0 0 0 0 0 0 0 0 0 0 0 0
0 0 0 0 0 0 0 0 0 0 0 0 0 0 0 0 0 0 0 0 0 0 0 0 0 0 0 0 0 0 0 0 0 0 0 0
0 0 0 0 0 0 0 0 0 0 0 0 0 0 0 0 0 0 0 0 0
##$SHL_SFCOEFFS6= (0..200)
0 0 0 0 0 0 0 0 0 0 0 0 0 0 0 0 0 0 0 0 0 0 0 0 0 0 0 0 0 0 0 0 0 0 0 0
0 0 0 0 0 0 0 0 0 0 0 0 0 0 0 0 0 0 0 0 0 0 0 0 0 0 0 0 0 0 0 0 0 0 0 0
0 0 0 0 0 0 0 0 0 0 0 0 0 0 0 0 0 0 0 0 0 0 0 0 0 0 0 0 0 0 0 0 0 0 0 0
0 0 0 0 0 0 0 0 0 0 0 0 0 0 0 0 0 0 0 0 0 0 0 0 0 0 0 0 0 0 0 0 0 0 0 0
0 0 0 0 0 0 0 0 0 0 0 0 0 0 0 0 0 0 0 0 0 0 0 0 0 0 0 0 0 0 0 0 0 0 0 0
0 0 0 0 0 0 0 0 0 0 0 0 0 0 0 0 0 0 0 0 0
##$SHL_SFCOEFFS7= (0..200)
0 0 0 0 0 0 0 0 0 0 0 0 0 0 0 0 0 0 0 0 0 0 0 0 0 0 0 0 0 0 0 0 0 0 0 0
0 0 0 0 0 0 0 0 0 0 0 0 0 0 0 0 0 0 0 0 0 0 0 0 0 0 0 0 0 0 0 0 0 0 0 0
0 0 0 0 0 0 0 0 0 0 0 0 0 0 0 0 0 0 0 0 0 0 0 0 0 0 0 0 0 0 0 0 0 0 0 0
0 0 0 0 0 0 0 0 0 0 0 0 0 0 0 0 0 0 0 0 0 0 0 0 0 0 0 0 0 0 0 0 0 0 0 0
0 0 0 0 0 0 0 0 0 0 0 0 0 0 0 0 0 0 0 0 0 0 0 0 0 0 0 0 0 0 0 0 0 0 0 0
0 0 0 0 0 0 0 0 0 0 0 0 0 0 0 0 0 0 0 0 0
##$SHL_SFCOEFFS8= (0..200)
0 0 0 0 0 0 0 0 0 0 0 0 0 0 0 0 0 0 0 0 0 0 0 0 0 0 0 0 0 0 0 0 0 0 0 0
0 0 0 0 0 0 0 0 0 0 0 0 0 0 0 0 0 0 0 0 0 0 0 0 0 0 0 0 0 0 0 0 0 0 0 0
0 0 0 0 0 0 0 0 0 0 0 0 0 0 0 0 0 0 0 0 0 0 0 0 0 0 0 0 0 0 0 0 0 0 0 0
0 0 0 0 0 0 0 0 0 0 0 0 0 0 0 0 0 0 0 0 0 0 0 0 0 0 0 0 0 0 0 0 0 0 0 0
0 0 0 0 0 0 0 0 0 0 0 0 0 0 0 0 0 0 0 0 0 0 0 0 0 0 0 0 0 0 0 0 0 0 0 0
0 0 0 0 0 0 0 0 0 0 0 0 0 0 0 0 0 0 0 0 0
##$SHL_SFCOEFFS9= (0..200)
0 0 0 0 0 0 0 0 0 0 0 0 0 0 0 0 0 0 0 0 0 0 0 0 0 0 0 0 0 0 0 0 0 0 0 0
0 0 0 0 0 0 0 0 0 0 0 0 0 0 0 0 0 0 0 0 0 0 0 0 0 0 0 0 0 0 0 0 0 0 0 0
0 0 0 0 0 0 0 0 0 0 0 0 0 0 0 0 0 0 0 0 0 0 0 0 0 0 0 0 0 0 0 0 0 0 0 0
0 0 0 0 0 0 0 0 0 0 0 0 0 0 0 0 0 0 0 0 0 0 0 0 0 0 0 0 0 0 0 0 0 0 0 0
0 0 0 0 0 0 0 0 0 0 0 0 0 0 0 0 0 0 0 0 0 0 0 0 0 0 0 0 0 0 0 0 0 0 0 0
0 0 0 0 0 0 0 0 0 0 0 0 0 0 0 0 0 0 0 0 0
##$SHL_SMOOTHED= (0..15)
0 0 0 0 0 0 0 0 0 0 0 0 0 0 0 0
##$SHL_SMOOTHING= (0..15)
0 0 0 0 0 0 0 0 0 0 0 0 0 0 0 0
##$SHL_SPOAL= (0..15)
0 0 0 0 0 0 0 0 0 0 0 0 0 0 0 0
##$SHL_SPOFFS= (0..15)
0 0 0 0 0 0 0 0 0 0 0 0 0 0 0 0
##$SHL_SPOPH= (0..15)
0 0 0 0 0 0 0 0 0 0 0 0 0 0 0 0
##$SHL_STARTAMP= (0..15)
0 0 0 0 0 0 0 0 0 0 0 0 0 0 0 0
##$SHL_SW= (0..15)
0 0 0 0 0 0 0 0 0 0 0 0 0 0 0 0
##$SHL_SWDIR= (0..15)
-1 -1 -1 -1 -1 -1 -1 -1 -1 -1 -1 -1 -1 -1 -1 -1
##$SHL_TANKAPPA= (0..15)
0 0 0 0 0 0 0 0 0 0 0 0 0 0 0 0
##$SHL_TOTROT= (0..15)
90 0 0 0 0 0 0 0 0 0 0 0 0 0 0 0
##$SHL_TRUNCLEV= (0..15)
0 0 0 0 0 0 0 0 0 0 0 0 0 0 0 0
##$SHL_TYPE= (0..15)
<Excitation> <> <> <> <> <> <> <> <> <> <> <> <> <> <> <>
##$SHL_WINDOWSIZE= (0..15)
0 0 0 0 0 0 0 0 0 0 0 0 0 0 0 0
##$SHL_ZETA= (0..15)
0 0 0 0 0 0 0 0 0 0 0 0 0 0 0 0
##NPOINTS= 1250
##XYPOINTS= (XY..XY)
29.486031, 102.952401
29.278169, 106.208928
29.123960, 109.475200
29.023007, 112.741406
28.974540, 115.997692
28.977425, 119.234389
29.030190, 122.442228
29.131048, 125.612537
29.277934, 128.737399
29.468550, 131.809782
29.700404, 134.823615
29.970856, 137.773834
30.277163, 140.656379
30.616520, 143.468167
30.986097, 146.207037
31.383072, 148.871671
31.804661, 151.461506
32.248138, 153.976640
32.710861, 156.417735
33.190277, 158.785921
33.683940, 161.082712
34.189515, 163.309922
34.704782, 165.469590
35.227637, 167.563924
35.756093, 169.595239
36.288281, 171.565913
36.822439, 173.478352
37.356918, 175.334953
37.890168, 177.138085
38.420742, 178.890064
38.947286, 180.593142
39.468534, 182.249493
39.983306, 183.861207
40.490500, 185.430285
40.989090, 186.958633
41.478119, 188.448065
41.956699, 189.900299
42.424002, 191.316961
42.879258, 192.699583
43.321755, 194.049612
43.750830, 195.368407
44.165871, 196.657242
44.566311, 197.917315
44.951629, 199.149746
45.321342, 200.355581
45.675009, 201.535800
46.012226, 202.691313
46.332624, 203.822970
46.635867, 204.931559
46.921653, 206.017815
47.189711, 207.082413
47.439798, 208.125982
47.671701, 209.149100
47.885234, 210.152298
48.080239, 211.136063
48.256581, 212.100840
48.414152, 213.047032
48.552866, 213.975005
48.672664, 214.885087
48.773507, 215.777569
48.855378, 216.652709
48.918284, 217.510732
48.962250, 218.351829
48.987327, 219.176161
48.993580, 219.983858
48.981101, 220.775019
48.949997, 221.549717
48.900396, 222.307993
48.832446, 223.049863
48.746315, 223.775312
48.642188, 224.484301
48.520271, 225.176761
48.380788, 225.852597
48.223980, 226.511687
48.050111, 227.153882
47.859460, 227.779005
47.652326, 228.386854
47.429027, 228.977198
47.189900, 229.549777
46.935300, 230.104305
46.665603, 230.640469
46.381201, 231.157925
46.082510, 231.656301
45.769960, 232.135196
45.444006, 232.594180
45.105120, 233.032792
44.753795, 233.450542
44.390545, 233.846909
44.015906, 234.221340
43.630433, 234.573253
43.234704, 234.902035
42.829320, 235.207041
42.414904, 235.487597
41.992101, 235.742998
41.561581, 235.972510
41.124036, 236.175372
40.680185, 236.350795
40.230770, 236.497965
39.776558, 236.616046
39.318342, 236.704181
38.856941, 236.761498
38.393199, 236.787112
37.927989, 236.780130
37.462208, 236.739659
36.996778, 236.664810
36.532650, 236.554709
36.070798, 236.408500
35.612221, 236.225365
35.157943, 236.004527
34.709008, 235.745265
34.266481, 235.446933
33.831446, 235.108970
33.405002, 234.730918
32.988259, 234.312443
32.582338, 233.853353
32.188361, 233.353615
31.807450, 232.813379
31.440720, 232.232997
31.089272, 231.613043
30.754187, 230.954329
30.436516, 230.257925
30.137275, 229.525170
29.857432, 228.757686
29.597903, 227.957379
29.359536, 227.126447
29.143110, 226.267369
28.949317, 225.382900
28.778761, 224.476052
28.631946, 223.550068
28.509267, 222.608399
28.411011, 221.654663
28.337345, 220.692610
28.288318, 219.726072
28.263859, 218.758922
28.263772, 217.795024
28.287746, 216.838183
28.335354, 215.892104
28.406056, 214.960346
28.499212, 214.046285
28.614084, 213.153078
28.749845, 212.283640
28.905593, 211.440620
29.080354, 210.626388
29.273097, 209.843024
29.482742, 209.092320
29.708170, 208.375780
29.948231, 207.694629
30.201755, 207.049824
30.467558, 206.442069
30.744451, 205.871833
31.031247, 205.339370
31.326764, 204.844733
31.629834, 204.387804
31.939307, 203.968304
32.254051, 203.585821
32.572960, 203.239821
32.894954, 202.929673
33.218981, 202.654662
33.544019, 202.414003
33.869080, 202.206857
34.193204, 202.032343
34.515468, 201.889548
34.834978, 201.777538
35.150874, 201.695365
35.462331, 201.642076
35.768554, 201.616720
36.068780, 201.618350
36.362277, 201.646031
36.648346, 201.698841
36.926316, 201.775878
37.195545, 201.876259
37.455421, 201.999120
37.705360, 202.143626
37.944803, 202.308961
38.173219, 202.494338
38.390104, 202.698995
38.594975, 202.922195
38.787377, 203.163226
38.966877, 203.421406
39.133064, 203.696073
39.285552, 203.986595
39.423973, 204.292361
39.547984, 204.612786
39.657260, 204.947307
39.751497, 205.295384
39.830411, 205.656500
39.893735, 206.030159
39.941224, 206.415883
39.972648, 206.813217
39.987798, 207.221723
39.986480, 207.640982
39.968517, 208.070592
39.933751, 208.510169
39.882038, 208.959343
39.813252, 209.417762
39.727282, 209.885087
39.624031, 210.360994
39.503419, 210.845171
39.365381, 211.337323
39.209866, 211.837162
39.036838, 212.344417
38.846274, 212.858825
38.638165, 213.380136
38.412518, 213.908109
38.169350, 214.442513
37.908695, 214.983129
37.630596, 215.529744
37.335112, 216.082157
37.022314, 216.640172
36.692284, 217.203606
36.345117, 217.772279
35.980921, 218.346022
35.599814, 218.924671
35.201927, 219.508072
34.787402, 220.096075
34.356392, 220.688539
33.909061, 221.285329
33.445585, 221.886316
32.966148, 222.491377
32.470947, 223.100397
31.960189, 223.713266
31.434089, 224.329881
30.892874, 224.950144
30.336780, 225.573966
29.766053, 226.201261
29.180946, 226.831953
28.581724, 227.465972
27.968659, 228.103254
27.342033, 228.743744
26.702135, 229.387395
26.049263, 230.034170
25.383723, 230.684041
24.705829, 231.336991
24.015902, 231.993016
23.314272, 232.652123
22.601275, 233.314339
21.877253, 233.979706
21.142556, 234.648290
20.397542, 235.320179
19.642572, 235.995494
18.878016, 236.674390
18.104249, 237.357067
17.321651, 238.043781
16.530609, 238.734852
15.731513, 239.430690
14.924761, 240.131811
14.110755, 240.838877
13.289900, 241.552735
12.462607, 242.274486
11.629293, 243.005576
10.790377, 243.747933
9.946284, 244.504178
9.097445, 245.277952
8.244295, 246.074454
7.387275, 246.901353
6.526840, 247.770437
5.663454, 248.700766
4.797609, 249.725273
3.929849, 250.906122
3.060836, 252.376232
2.191588, 254.479467
1.324642, 258.458925
0.477935, 274.464241
0.475452, 47.706812
1.321451, 63.823505
2.187353, 67.814424
3.055056, 69.922041
3.922012, 71.395288
4.787198, 72.579153
5.649949, 73.606895
6.509720, 74.540809
7.366015, 75.413885
8.218364, 76.245216
9.066310, 77.046606
9.909408, 77.825734
10.747215, 78.587806
11.579296, 79.336469
12.405221, 80.074348
13.224563, 80.803374
14.036899, 81.524995
14.841811, 82.240316
15.638885, 82.950186
16.427710, 83.655268
17.207882, 84.356083
17.979000, 85.053040
18.740667, 85.746465
19.492494, 86.436613
20.234095, 87.123688
20.965089, 87.807847
21.685103, 88.489212
22.393769, 89.167876
23.090724, 89.843906
23.775612, 90.517347
24.448084, 91.188225
25.107798, 91.856553
25.754419, 92.522328
26.387617, 93.185535
27.007073, 93.846148
27.612472, 94.504131
28.203511, 95.159440
28.779890, 95.812019
29.341322, 96.461809
29.887526, 97.108738
30.418229, 97.752732
30.933170, 98.393706
31.432093, 99.031569
31.914754, 99.666225
32.380917, 100.297569
32.830358, 100.925490
33.262861, 101.549870
33.678219, 102.170584
34.076237, 102.787501
34.456731, 103.400481
34.819526, 104.009377
35.164459, 104.614034
35.491377, 105.214290
35.800140, 105.809973
36.090618, 106.400904
36.362692, 106.986893
36.616258, 107.567741
36.851221, 108.143240
37.067499, 108.713170
37.265024, 109.277300
37.443739, 109.835387
37.603601, 110.387177
37.744581, 110.932402
37.866662, 111.470780
37.969841, 112.002013
38.054131, 112.525790
38.119556, 113.041783
38.166158, 113.549644
38.193991, 114.049010
38.203128, 114.539496
38.193654, 115.020697
38.165672, 115.492185
38.119301, 115.953510
38.054676, 116.404196
37.971952, 116.843740
37.871300, 117.271612
37.752908, 117.687249
37.616985, 118.090061
37.463759, 118.479419
37.293478, 118.854660
37.106411, 119.215082
36.902849, 119.559944
36.683105, 119.888458
36.447516, 120.199793
36.196443, 120.493067
35.930272, 120.767347
35.649416, 121.021645
35.354316, 121.254913
35.045443, 121.466045
34.723297, 121.653867
34.388412, 121.817139
34.041354, 121.954547
33.682727, 122.064705
33.313171, 122.146147
32.933368, 122.197328
32.544042, 122.216619
32.145959, 122.202307
31.739935, 122.152592
31.326837, 122.065588
30.907584, 121.939323
30.483150, 121.771744
30.054570, 121.560719
29.622940, 121.304044
29.189425, 120.999453
28.755255, 120.644635
28.321734, 120.237244
27.890239, 119.774927
27.462225, 119.255350
27.039226, 118.676232
26.622853, 118.035386
26.214797, 117.330768
25.816828, 116.560534
25.430787, 115.723106
25.058586, 114.817243
24.702197, 113.842123
24.363643, 112.797428
24.044984, 111.683438
23.748301, 110.501112
23.475674, 109.252184
23.229162, 107.939229
23.010771, 106.565732
22.822430, 105.136121
22.665957, 103.655782
22.543028, 102.131037
22.455143, 100.569083
22.403601, 98.977895
22.389465, 97.366094
22.413548, 95.742775
22.476393, 94.117319
22.578261, 92.499180
22.719133, 90.897676
22.898714, 89.321781
23.116443, 87.779941
23.371514, 86.279912
23.662895, 84.828642
23.989361, 83.432182
24.349517, 82.095637
24.741832, 80.823158
25.164666, 79.617960
25.616300, 78.482368
26.094959, 77.417887
26.598839, 76.425277
27.126126, 75.504641
27.675012, 74.655517
28.243709, 73.876967
28.830465, 73.167658
29.433565, 72.525945
30.051347, 71.949939
30.682199, 71.437572
31.324565, 70.986646
31.976946, 70.594888
32.637904, 70.259983
33.306056, 69.979606
33.980076, 69.751451
34.658696, 69.573250
35.340697, 69.442789
36.024916, 69.357922
36.710236, 69.316576
37.395589, 69.316763
38.079952, 69.356576
38.762342, 69.434200
39.441818, 69.547906
40.117478, 69.696053
40.788454, 69.877087
41.453914, 70.089539
42.113059, 70.332020
42.765119, 70.603223
43.409354, 70.901916
44.045054, 71.226939
44.671532, 71.577204
45.288129, 71.951687
45.894210, 72.349429
46.489164, 72.769531
47.072401, 73.211151
47.643353, 73.673501
48.201473, 74.155844
48.746236, 74.657494
49.277135, 75.177808
49.793681, 75.716189
50.295407, 76.272082
50.781861, 76.844971
51.252610, 77.434377
51.707241, 78.039858
52.145354, 78.661007
52.566570, 79.297446
52.970523, 79.948833
53.356868, 80.614853
53.725274, 81.295219
54.075426, 81.989675
54.407027, 82.697989
54.719797, 83.419956
55.013469, 84.155394
55.287795, 84.904148
55.542544, 85.666084
55.777499, 86.441095
55.992463, 87.229092
56.187251, 88.030011
56.361699, 88.843810
56.515657, 89.670467
56.648995, 90.509985
56.761597, 91.362385
56.853365, 92.227713
56.924222, 93.106032
56.974104, 93.997433
57.002970, 94.902023
57.010793, 95.819937
56.997567, 96.751327
56.963306, 97.696374
56.908042, 98.655278
56.831828, 99.628265
56.734735, 100.615588
56.616858, 101.617522
56.478312, 102.634372
56.319233, 103.666469
56.139781, 104.714171
55.940138, 105.777868
55.720510, 106.857981
55.481129, 107.954960
55.222250, 109.069291
54.944155, 110.201494
54.647156, 111.352125
54.331588, 112.521778
53.997820, 113.711086
53.646248, 114.920725
53.277303, 116.151412
52.891447, 117.403909
52.489176, 118.679026
52.071023, 119.977620
51.637560, 121.300600
51.189397, 122.648925
50.727186, 124.023609
50.251622, 125.425723
49.763447, 126.856392
49.263452, 128.316800
48.752475, 129.808190
48.231412, 131.331864
47.701212, 132.889182
47.162884, 134.481562
46.617499, 136.110477
46.066194, 137.777454
45.510171, 139.484066
44.950708, 141.231932
44.389153, 143.022702
43.826936, 144.858053
43.265563, 146.739674
42.706626, 148.669251
42.151800, 150.648451
41.602849, 152.678895
41.061620, 154.762138
40.530052, 156.899633
40.010167, 159.092703
39.504071, 161.342498
39.013948, 163.649952
38.542056, 166.015738
38.090715, 168.440217
37.662299, 170.923384
37.259220, 173.464816
36.883913, 176.063620
36.538816, 178.718382
36.226347, 181.427124
35.948879, 184.187271
35.708714, 186.995627
35.508050, 189.848365
35.348957, 192.741042
35.233341, 195.668621
35.162917, 198.625525
35.139181, 201.605706
35.163388, 204.602733
35.236527, 207.609896
35.359310, 210.620328
35.532164, 213.627122
35.755224, 216.623464
36.028336, 219.602752
36.351071, 222.558710
36.722735, 225.485483
37.142388, 228.377724
37.608870, 231.230651
38.120824, 234.040086
38.676722, 236.802482
39.274895, 239.514920
39.913558, 242.175093
40.590837, 244.781282
41.304793, 247.332316
42.053444, 249.827524
42.834783, 252.266686
43.646800, 254.649978
44.487492, 256.977922
45.354877, 259.251330
46.247005, 261.471258
47.161964, 263.638960
48.097890, 265.755847
49.052967, 267.823449
50.025432, 269.843384
51.013578, 271.817327
52.015754, 273.746990
53.030367, 275.634100
54.055877, 277.480379
55.090801, 279.287537
56.133710, 281.057252
57.183227, 282.791169
58.238025, 284.490889
59.296827, 286.157964
60.358400, 287.793895
61.421560, 289.400130
62.485160, 290.978058
63.548100, 292.529014
64.609314, 294.054277
65.667775, 295.555068
66.722491, 297.032556
67.772505, 298.487855
68.816889, 299.922027
69.854749, 301.336085
70.885218, 302.730993
71.907459, 304.107669
72.920658, 305.466986
73.924032, 306.809776
74.916818, 308.136830
75.898279, 309.448901
76.867700, 310.746705
77.824389, 312.030923
78.767674, 313.302204
79.696904, 314.561168
80.611449, 315.808402
81.510696, 317.044467
82.394053, 318.269899
83.260947, 319.485207
84.110820, 320.690879
84.943134, 321.887379
85.757368, 323.075151
86.553017, 324.254621
87.329593, 325.426194
88.086624, 326.590259
88.823655, 327.747190
89.540246, 328.897343
90.235974, 330.041061
90.910430, 331.178674
91.563221, 332.310499
92.193969, 333.436839
92.802313, 334.557989
93.387903, 335.674232
93.950409, 336.785841
94.489511, 337.893079
95.004906, 338.996202
95.496307, 340.095458
95.963440, 341.191085
96.406046, 342.283318
96.823879, 343.372382
97.216711, 344.458497
97.584325, 345.541879
97.926520, 346.622736
98.243110, 347.701275
98.533922, 348.777696
98.798799, 349.852195
99.037596, 350.924966
99.250186, 351.996199
99.436453, 353.066082
99.596297, 354.134799
99.729632, 355.202533
99.836385, 356.269466
99.916501, 357.335776
99.969935, 358.401643
99.996659, 359.467244
99.996659, 0.532756
99.969935, 1.598357
99.916501, 2.664224
99.836385, 3.730534
99.729632, 4.797467
99.596297, 5.865201
99.436453, 6.933918
99.250186, 8.003801
99.037596, 9.075034
98.798799, 10.147805
98.533922, 11.222304
98.243110, 12.298725
97.926520, 13.377264
97.584325, 14.458121
97.216711, 15.541503
96.823879, 16.627618
96.406046, 17.716682
95.963440, 18.808915
95.496307, 19.904542
95.004906, 21.003798
94.489511, 22.106921
93.950409, 23.214159
93.387903, 24.325768
92.802313, 25.442011
92.193969, 26.563161
91.563221, 27.689501
90.910430, 28.821326
90.235974, 29.958939
89.540246, 31.102657
88.823655, 32.252810
88.086624, 33.409741
87.329593, 34.573806
86.553017, 35.745379
85.757368, 36.924849
84.943134, 38.112621
84.110820, 39.309121
83.260947, 40.514793
82.394053, 41.730101
81.510696, 42.955533
80.611449, 44.191598
79.696904, 45.438832
78.767674, 46.697796
77.824389, 47.969077
76.867700, 49.253295
75.898279, 50.551099
74.916818, 51.863170
73.924032, 53.190224
72.920658, 54.533014
71.907459, 55.892331
70.885218, 57.269007
69.854749, 58.663915
68.816889, 60.077973
67.772505, 61.512145
66.722491, 62.967444
65.667775, 64.444932
64.609314, 65.945723
63.548100, 67.470986
62.485160, 69.021942
61.421560, 70.599870
60.358400, 72.206105
59.296827, 73.842036
58.238025, 75.509111
57.183227, 77.208831
56.133710, 78.942748
55.090801, 80.712463
54.055877, 82.519621
53.030367, 84.365900
52.015754, 86.253010
51.013578, 88.182673
50.025432, 90.156616
49.052967, 92.176551
48.097890, 94.244153
47.161964, 96.361040
46.247005, 98.528742
45.354877, 100.748670
44.487492, 103.022078
43.646800, 105.350022
42.834783, 107.733314
42.053444, 110.172476
41.304793, 112.667684
40.590837, 115.218718
39.913558, 117.824907
39.274895, 120.485080
38.676722, 123.197518
38.120824, 125.959914
37.608870, 128.769349
37.142388, 131.622276
36.722735, 134.514517
36.351071, 137.441290
36.028336, 140.397248
35.755224, 143.376536
35.532164, 146.372878
35.359310, 149.379672
35.236527, 152.390104
35.163388, 155.397267
35.139181, 158.394294
35.162917, 161.374475
35.233341, 164.331379
35.348957, 167.258958
35.508050, 170.151635
35.708714, 173.004373
35.948879, 175.812729
36.226347, 178.572876
36.538816, 181.281618
36.883913, 183.936380
37.259220, 186.535184
37.662299, 189.076616
38.090715, 191.559783
38.542056, 193.984262
39.013948, 196.350048
39.504071, 198.657502
40.010167, 200.907297
40.530052, 203.100367
41.061620, 205.237862
41.602849, 207.321105
42.151800, 209.351549
42.706626, 211.330749
43.265563, 213.260326
43.826936, 215.141947
44.389153, 216.977298
44.950708, 218.768068
45.510171, 220.515934
46.066194, 222.222546
46.617499, 223.889523
47.162884, 225.518438
47.701212, 227.110818
48.231412, 228.668136
48.752475, 230.191810
49.263452, 231.683200
49.763447, 233.143608
50.251622, 234.574277
50.727186, 235.976391
51.189397, 237.351075
51.637560, 238.699400
52.071023, 240.022380
52.489176, 241.320974
52.891447, 242.596091
53.277303, 243.848588
53.646248, 245.079275
53.997820, 246.288914
54.331588, 247.478222
54.647156, 248.647875
54.944155, 249.798506
55.222250, 250.930709
55.481129, 252.045040
55.720510, 253.142019
55.940138, 254.222132
56.139781, 255.285829
56.319233, 256.333531
56.478312, 257.365628
56.616858, 258.382478
56.734735, 259.384412
56.831828, 260.371735
56.908042, 261.344722
56.963306, 262.303626
56.997567, 263.248673
57.010793, 264.180063
57.002970, 265.097977
56.974104, 266.002567
56.924222, 266.893968
56.853365, 267.772287
56.761597, 268.637615
56.648995, 269.490015
56.515657, 270.329533
56.361699, 271.156190
56.187251, 271.969989
55.992463, 272.770908
55.777499, 273.558905
55.542544, 274.333916
55.287795, 275.095852
55.013469, 275.844606
54.719797, 276.580044
54.407027, 277.302011
54.075426, 278.010325
53.725274, 278.704781
53.356868, 279.385147
52.970523, 280.051167
52.566570, 280.702554
52.145354, 281.338993
51.707241, 281.960142
51.252610, 282.565623
50.781861, 283.155029
50.295407, 283.727918
49.793681, 284.283811
49.277135, 284.822192
48.746236, 285.342506
48.201473, 285.844156
47.643353, 286.326499
47.072401, 286.788849
46.489164, 287.230469
45.894210, 287.650571
45.288129, 288.048313
44.671532, 288.422796
44.045054, 288.773061
43.409354, 289.098084
42.765119, 289.396777
42.113059, 289.667980
41.453914, 289.910461
40.788454, 290.122913
40.117478, 290.303947
39.441818, 290.452094
38.762342, 290.565800
38.079952, 290.643424
37.395589, 290.683237
36.710236, 290.683424
36.024916, 290.642078
35.340697, 290.557211
34.658696, 290.426750
33.980076, 290.248549
33.306056, 290.020394
32.637904, 289.740017
31.976946, 289.405112
31.324565, 289.013354
30.682199, 288.562428
30.051347, 288.050061
29.433565, 287.474055
28.830465, 286.832342
28.243709, 286.123033
27.675012, 285.344483
27.126126, 284.495359
26.598839, 283.574723
26.094959, 282.582113
25.616300, 281.517632
25.164666, 280.382040
24.741832, 279.176842
24.349517, 277.904363
23.989361, 276.567818
23.662895, 275.171358
23.371514, 273.720088
23.116443, 272.220059
22.898714, 270.678219
22.719133, 269.102324
22.578261, 267.500820
22.476393, 265.882681
22.413548, 264.257225
22.389465, 262.633906
22.403601, 261.022105
22.455143, 259.430917
22.543028, 257.868963
22.665957, 256.344218
22.822430, 254.863879
23.010771, 253.434268
23.229162, 252.060771
23.475674, 250.747816
23.748301, 249.498888
24.044984, 248.316562
24.363643, 247.202572
24.702197, 246.157877
25.058586, 245.182757
25.430787, 244.276894
25.816828, 243.439466
26.214797, 242.669232
26.622853, 241.964614
27.039226, 241.323768
27.462225, 240.744650
27.890239, 240.225073
28.321734, 239.762756
28.755255, 239.355365
29.189425, 239.000547
29.622940, 238.695956
30.054570, 238.439281
30.483150, 238.228256
30.907584, 238.060677
31.326837, 237.934412
31.739935, 237.847408
32.145959, 237.797693
32.544042, 237.783381
32.933368, 237.802672
33.313171, 237.853853
33.682727, 237.935295
34.041354, 238.045453
34.388412, 238.182861
34.723297, 238.346133
35.045443, 238.533955
35.354316, 238.745087
35.649416, 238.978355
35.930272, 239.232653
36.196443, 239.506933
36.447516, 239.800207
36.683105, 240.111542
36.902849, 240.440056
37.106411, 240.784918
37.293478, 241.145340
37.463759, 241.520581
37.616985, 241.909939
37.752908, 242.312751
37.871300, 242.728388
37.971952, 243.156260
38.054676, 243.595804
38.119301, 244.046490
38.165672, 244.507815
38.193654, 244.979303
38.203128, 245.460504
38.193991, 245.950990
38.166158, 246.450356
38.119556, 246.958217
38.054131, 247.474210
37.969841, 247.997987
37.866662, 248.529220
37.744581, 249.067598
37.603601, 249.612823
37.443739, 250.164613
37.265024, 250.722700
37.067499, 251.286830
36.851221, 251.856760
36.616258, 252.432259
36.362692, 253.013107
36.090618, 253.599096
35.800140, 254.190027
35.491377, 254.785710
35.164459, 255.385966
34.819526, 255.990623
34.456731, 256.599519
34.076237, 257.212499
33.678219, 257.829416
33.262861, 258.450130
32.830358, 259.074510
32.380917, 259.702431
31.914754, 260.333775
31.432093, 260.968431
30.933170, 261.606294
30.418229, 262.247268
29.887526, 262.891262
29.341322, 263.538191
28.779890, 264.187981
28.203511, 264.840560
27.612472, 265.495869
27.007073, 266.153852
26.387617, 266.814465
25.754419, 267.477672
25.107798, 268.143447
24.448084, 268.811775
23.775612, 269.482653
23.090724, 270.156094
22.393769, 270.832124
21.685103, 271.510788
20.965089, 272.192153
20.234095, 272.876312
19.492494, 273.563387
18.740667, 274.253535
17.979000, 274.946960
17.207882, 275.643917
16.427710, 276.344732
15.638885, 277.049814
14.841811, 277.759684
14.036899, 278.475005
13.224563, 279.196626
12.405221, 279.925652
11.579296, 280.663531
10.747215, 281.412194
9.909408, 282.174266
9.066310, 282.953394
8.218364, 283.754784
7.366015, 284.586115
6.509720, 285.459191
5.649949, 286.393105
4.787198, 287.420847
3.922012, 288.604712
3.055056, 290.077959
2.187353, 292.185576
1.321451, 296.176495
0.475452, 312.293188
0.477935, 85.535759
1.324642, 101.541075
2.191588, 105.520533
3.060836, 107.623768
3.929849, 109.093878
4.797609, 110.274727
5.663454, 111.299234
6.526840, 112.229563
7.387275, 113.098647
8.244295, 113.925546
9.097445, 114.722048
9.946284, 115.495822
10.790377, 116.252067
11.629293, 116.994424
12.462607, 117.725514
13.289900, 118.447265
14.110755, 119.161123
14.924761, 119.868189
15.731513, 120.569310
16.530609, 121.265148
17.321651, 121.956219
18.104249, 122.642933
18.878016, 123.325610
19.642572, 124.004506
20.397542, 124.679821
21.142556, 125.351710
21.877253, 126.020294
22.601275, 126.685661
23.314272, 127.347877
24.015902, 128.006984
24.705829, 128.663009
25.383723, 129.315959
26.049263, 129.965830
26.702135, 130.612605
27.342033, 131.256256
27.968659, 131.896746
28.581724, 132.534028
29.180946, 133.168047
29.766053, 133.798739
30.336780, 134.426034
30.892874, 135.049856
31.434089, 135.670119
31.960189, 136.286734
32.470947, 136.899603
32.966148, 137.508623
33.445585, 138.113684
33.909061, 138.714671
34.356392, 139.311461
34.787402, 139.903925
35.201927, 140.491928
35.599814, 141.075329
35.980921, 141.653978
36.345117, 142.227721
36.692284, 142.796394
37.022314, 143.359828
37.335112, 143.917843
37.630596, 144.470256
37.908695, 145.016871
38.169350, 145.557487
38.412518, 146.091891
38.638165, 146.619864
38.846274, 147.141175
39.036838, 147.655583
39.209866, 148.162838
39.365381, 148.662677
39.503419, 149.154829
39.624031, 149.639006
39.727282, 150.114913
39.813252, 150.582238
39.882038, 151.040657
39.933751, 151.489831
39.968517, 151.929408
39.986480, 152.359018
39.987798, 152.778277
39.972648, 153.186783
39.941224, 153.584117
39.893735, 153.969841
39.830411, 154.343500
39.751497, 154.704616
39.657260, 155.052693
39.547984, 155.387214
39.423973, 155.707639
39.285552, 156.013405
39.133064, 156.303927
38.966877, 156.578594
38.787377, 156.836774
38.594975, 157.077805
38.390104, 157.301005
38.173219, 157.505662
37.944803, 157.691039
37.705360, 157.856374
37.455421, 158.000880
37.195545, 158.123741
36.926316, 158.224122
36.648346, 158.301159
36.362277, 158.353969
36.068780, 158.381650
35.768554, 158.383280
35.462331, 158.357924
35.150874, 158.304635
34.834978, 158.222462
34.515468, 158.110452
34.193204, 157.967657
33.869080, 157.793143
33.544019, 157.585997
33.218981, 157.345338
32.894954, 157.070327
32.572960, 156.760179
32.254051, 156.414179
31.939307, 156.031696
31.629834, 155.612196
31.326764, 155.155267
31.031247, 154.660630
30.744451, 154.128167
30.467558, 153.557931
30.201755, 152.950176
29.948231, 152.305371
29.708170, 151.624220
29.482742, 150.907680
29.273097, 150.156976
29.080354, 149.373612
28.905593, 148.559380
28.749845, 147.716360
28.614084, 146.846922
28.499212, 145.953715
28.406056, 145.039654
28.335354, 144.107896
28.287746, 143.161817
28.263772, 142.204976
28.263859, 141.241078
28.288318, 140.273928
28.337345, 139.307390
28.411011, 138.345337
28.509267, 137.391601
28.631946, 136.449932
28.778761, 135.523948
28.949317, 134.617100
29.143110, 133.732631
29.359536, 132.873553
29.597903, 132.042621
29.857432, 131.242314
30.137275, 130.474830
30.436516, 129.742075
30.754187, 129.045671
31.089272, 128.386957
31.440720, 127.767003
31.807450, 127.186621
32.188361, 126.646385
32.582338, 126.146647
32.988259, 125.687557
33.405002, 125.269082
33.831446, 124.891030
34.266481, 124.553067
34.709008, 124.254735
35.157943, 123.995473
35.612221, 123.774635
36.070798, 123.591500
36.532650, 123.445291
36.996778, 123.335190
37.462208, 123.260341
37.927989, 123.219870
38.393199, 123.212888
38.856941, 123.238502
39.318342, 123.295819
39.776558, 123.383954
40.230770, 123.502035
40.680185, 123.649205
41.124036, 123.824628
41.561581, 124.027490
41.992101, 124.257002
42.414904, 124.512403
42.829320, 124.792959
43.234704, 125.097965
43.630433, 125.426747
44.015906, 125.778660
44.390545, 126.153091
44.753795, 126.549458
45.105120, 126.967208
45.444006, 127.405820
45.769960, 127.864804
46.082510, 128.343699
46.381201, 128.842075
46.665603, 129.359531
46.935300, 129.895695
47.189900, 130.450223
47.429027, 131.022802
47.652326, 131.613146
47.859460, 132.220995
48.050111, 132.846118
48.223980, 133.488313
48.380788, 134.147403
48.520271, 134.823239
48.642188, 135.515699
48.746315, 136.224688
48.832446, 136.950137
48.900396, 137.692007
48.949997, 138.450283
48.981101, 139.224981
48.993580, 140.016142
48.987327, 140.823839
48.962250, 141.648171
48.918284, 142.489268
48.855378, 143.347291
48.773507, 144.222431
48.672664, 145.114913
48.552866, 146.024995
48.414152, 146.952968
48.256581, 147.899160
48.080239, 148.863937
47.885234, 149.847702
47.671701, 150.850900
47.439798, 151.874018
47.189711, 152.917587
46.921653, 153.982185
46.635867, 155.068441
46.332624, 156.177030
46.012226, 157.308687
45.675009, 158.464200
45.321342, 159.644419
44.951629, 160.850254
44.566311, 162.082685
44.165871, 163.342758
43.750830, 164.631593
43.321755, 165.950388
42.879258, 167.300417
42.424002, 168.683039
41.956699, 170.099701
41.478119, 171.551935
40.989090, 173.041367
40.490500, 174.569715
39.983306, 176.138793
39.468534, 177.750507
38.947286, 179.406858
38.420742, 181.109936
37.890168, 182.861915
37.356918, 184.665047
36.822439, 186.521648
36.288281, 188.434087
35.756093, 190.404761
35.227637, 192.436076
34.704782, 194.530410
34.189515, 196.690078
33.683940, 198.917288
33.190277, 201.214079
32.710861, 203.582265
32.248138, 206.023360
31.804661, 208.538494
31.383072, 211.128329
30.986097, 213.792963
30.616520, 216.531833
30.277163, 219.343621
29.970856, 222.226166
29.700404, 225.176385
29.468550, 228.190218
29.277934, 231.262601
29.131048, 234.387463
29.030190, 237.557772
28.977425, 240.765611
28.974540, 244.002308
29.023007, 247.258594
29.123960, 250.524800
29.278169, 253.791072
29.486031, 257.047599
##END=
