##TITLE= Parameter file, TopSpin 4.3.0
##JCAMPDX= 5.0
##DATATYPE= Parameter Values
##ORIGIN= Bruker BioSpin GmbH
##OWNER= nmrsu
$$ 2024-05-23 09:14:39.725 +0100  nmrsu@4CE1161FJM
$$ C:/Bruker/TopSpin4.3.0/exp/stan/nmr/lists/wave/user/multisupp_aux_d8
$$ process C:\Bruker\TopSpin4.3.0\prog\mod\xwinshape.exe
##MINX= 6.94870000
##MAXX= 99.99938700
##MINY= 0.00702700
##MAXY= 359.99297300
##$SHAPE_ADDPHASE= 0
##$SHAPE_AMP= 99.99938727
##$SHAPE_BWFAC= 0
##$SHAPE_BWFAC50= 0
##$SHAPE_CALCBW= yes
##$SHAPE_CALCINTEG= yes
##$SHAPE_EXMODE= <Excitation>
##$SHAPE_EXPAND= <>
##$SHAPE_EXPANDCF= (0..143)
0 0 0 0 0 0 0 0 0 0 0 0 0 0 0 0 0 0 0 0 0 0 0 0 0 0 0 0 0 0 0 0 0 0 0 0
0 0 0 0 0 0 0 0 0 0 0 0 0 0 0 0 0 0 0 0 0 0 0 0 0 0 0 0 0 0 0 0 0 0 0 0
0 0 0 0 0 0 0 0 0 0 0 0 0 0 0 0 0 0 0 0 0 0 0 0 0 0 0 0 0 0 0 0 0 0 0 0
0 0 0 0 0 0 0 0 0 0 0 0 0 0 0 0 0 0 0 0 0 0 0 0 0 0 0 0 0 0 0 0 0 0 0 0
##$SHAPE_EXPFAC= 0
##$SHAPE_FRACEND= 0
##$SHAPE_FRACORG= 0
##$SHAPE_FRACSTART= 0
##$SHAPE_INTEGFAC= 0
##$SHAPE_KEEPRES= yes
##$SHAPE_LENGTH= 25000.000373
##$SHAPE_MAN= <M>
##$SHAPE_MODE= 3
##$SHAPE_MODFREQ= 0
##$SHAPE_MODPHASE= 0
##$SHAPE_MODSCALE= 0
##$SHAPE_MODSW= 0
##$SHAPE_MODSWDIR= -1
##$SHAPE_NPOINTS= 1250
##$SHAPE_OFFS= <1 3>
##$SHAPE_OFFSCOEFF= (0..95)
-154.74623 0 100 -215.98387 0 100 -290.98679 0 100 0 0 0 0 0 0 0 0 0 0
0 0 0 0 0 0 0 0 0 0 0 0 0 0 0 0 0 0 0 0 0 0 0 0 0 0 0 0 0 0 0 0 0 0 0 0
0 0 0 0 0 0 0 0 0 0 0 0 0 0 0 0 0 0 0 0 0 0 0 0 0 0 0 0 0 0 0 0 0 0 0 0
0 0 0 0 0
##$SHAPE_PARAMETER= <>
##$SHAPE_REPHFAC= 0
##$SHAPE_RES= 0
##$SHAPE_SCALEFAC= 1.00000613
##$SHAPE_SCALETYPE= 0
##$SHAPE_SPOAL= 0
##$SHAPE_SPOFFS= 0
##$SHAPE_SPOPH= 0
##$SHAPE_TOTROT= 90
##$SHAPE_TYPE= <Excitation>
##$SHAPE_USER_DEF= <>
##$SHAPE_VERSION= 2.1
##$SHL_ADDPHASE= (0..15)
0 0 0 0 0 0 0 0 0 0 0 0 0 0 0 0
##$SHL_ALIGNOFFSET= (0..15)
0 0 0 0 0 0 0 0 0 0 0 0 0 0 0 0
##$SHL_AMP= (0..15)
100 0 0 0 0 0 0 0 0 0 0 0 0 0 0 0
##$SHL_AMPFAC= (0..15)
0 0 0 0 0 0 0 0 0 0 0 0 0 0 0 0
##$SHL_BETA= (0..15)
0 0 0 0 0 0 0 0 0 0 0 0 0 0 0 0
##$SHL_BWFAC= (0..15)
1.116 0 0 0 0 0 0 0 0 0 0 0 0 0 0 0
##$SHL_CALCBW= (0..15)
yes yes yes yes yes yes yes yes yes yes yes yes yes yes yes yes
##$SHL_CALCINTEG= (0..15)
yes yes yes yes yes yes yes yes yes yes yes yes yes yes yes yes
##$SHL_CENTERAMP= (0..15)
0 0 0 0 0 0 0 0 0 0 0 0 0 0 0 0
##$SHL_CYCNUM= (0..15)
0 0 0 0 0 0 0 0 0 0 0 0 0 0 0 0
##$SHL_DIPOLCPL= (0..15)
0 0 0 0 0 0 0 0 0 0 0 0 0 0 0 0
##$SHL_ENDAMP= (0..15)
0 0 0 0 0 0 0 0 0 0 0 0 0 0 0 0
##$SHL_EXMODE= (0..15)
<Excitation> <> <> <> <> <> <> <> <> <> <> <> <> <> <> <>
##$SHL_EXPAND= (0..15)
<> <> <> <> <> <> <> <> <> <> <> <> <> <> <> <>
##$SHL_EXPANDCF0= (0..143)
0 0 0 0 0 0 0 0 0 0 0 0 0 0 0 0 0 0 0 0 0 0 0 0 0 0 0 0 0 0 0 0 0 0 0 0
0 0 0 0 0 0 0 0 0 0 0 0 0 0 0 0 0 0 0 0 0 0 0 0 0 0 0 0 0 0 0 0 0 0 0 0
0 0 0 0 0 0 0 0 0 0 0 0 0 0 0 0 0 0 0 0 0 0 0 0 0 0 0 0 0 0 0 0 0 0 0 0
0 0 0 0 0 0 0 0 0 0 0 0 0 0 0 0 0 0 0 0 0 0 0 0 0 0 0 0 0 0 0 0 0 0 0 0
##$SHL_EXPANDCF1= (0..143)
0 0 0 0 0 0 0 0 0 0 0 0 0 0 0 0 0 0 0 0 0 0 0 0 0 0 0 0 0 0 0 0 0 0 0 0
0 0 0 0 0 0 0 0 0 0 0 0 0 0 0 0 0 0 0 0 0 0 0 0 0 0 0 0 0 0 0 0 0 0 0 0
0 0 0 0 0 0 0 0 0 0 0 0 0 0 0 0 0 0 0 0 0 0 0 0 0 0 0 0 0 0 0 0 0 0 0 0
0 0 0 0 0 0 0 0 0 0 0 0 0 0 0 0 0 0 0 0 0 0 0 0 0 0 0 0 0 0 0 0 0 0 0 0
##$SHL_EXPANDCF10= (0..143)
0 0 0 0 0 0 0 0 0 0 0 0 0 0 0 0 0 0 0 0 0 0 0 0 0 0 0 0 0 0 0 0 0 0 0 0
0 0 0 0 0 0 0 0 0 0 0 0 0 0 0 0 0 0 0 0 0 0 0 0 0 0 0 0 0 0 0 0 0 0 0 0
0 0 0 0 0 0 0 0 0 0 0 0 0 0 0 0 0 0 0 0 0 0 0 0 0 0 0 0 0 0 0 0 0 0 0 0
0 0 0 0 0 0 0 0 0 0 0 0 0 0 0 0 0 0 0 0 0 0 0 0 0 0 0 0 0 0 0 0 0 0 0 0
##$SHL_EXPANDCF11= (0..143)
0 0 0 0 0 0 0 0 0 0 0 0 0 0 0 0 0 0 0 0 0 0 0 0 0 0 0 0 0 0 0 0 0 0 0 0
0 0 0 0 0 0 0 0 0 0 0 0 0 0 0 0 0 0 0 0 0 0 0 0 0 0 0 0 0 0 0 0 0 0 0 0
0 0 0 0 0 0 0 0 0 0 0 0 0 0 0 0 0 0 0 0 0 0 0 0 0 0 0 0 0 0 0 0 0 0 0 0
0 0 0 0 0 0 0 0 0 0 0 0 0 0 0 0 0 0 0 0 0 0 0 0 0 0 0 0 0 0 0 0 0 0 0 0
##$SHL_EXPANDCF12= (0..143)
0 0 0 0 0 0 0 0 0 0 0 0 0 0 0 0 0 0 0 0 0 0 0 0 0 0 0 0 0 0 0 0 0 0 0 0
0 0 0 0 0 0 0 0 0 0 0 0 0 0 0 0 0 0 0 0 0 0 0 0 0 0 0 0 0 0 0 0 0 0 0 0
0 0 0 0 0 0 0 0 0 0 0 0 0 0 0 0 0 0 0 0 0 0 0 0 0 0 0 0 0 0 0 0 0 0 0 0
0 0 0 0 0 0 0 0 0 0 0 0 0 0 0 0 0 0 0 0 0 0 0 0 0 0 0 0 0 0 0 0 0 0 0 0
##$SHL_EXPANDCF13= (0..143)
0 0 0 0 0 0 0 0 0 0 0 0 0 0 0 0 0 0 0 0 0 0 0 0 0 0 0 0 0 0 0 0 0 0 0 0
0 0 0 0 0 0 0 0 0 0 0 0 0 0 0 0 0 0 0 0 0 0 0 0 0 0 0 0 0 0 0 0 0 0 0 0
0 0 0 0 0 0 0 0 0 0 0 0 0 0 0 0 0 0 0 0 0 0 0 0 0 0 0 0 0 0 0 0 0 0 0 0
0 0 0 0 0 0 0 0 0 0 0 0 0 0 0 0 0 0 0 0 0 0 0 0 0 0 0 0 0 0 0 0 0 0 0 0
##$SHL_EXPANDCF14= (0..143)
0 0 0 0 0 0 0 0 0 0 0 0 0 0 0 0 0 0 0 0 0 0 0 0 0 0 0 0 0 0 0 0 0 0 0 0
0 0 0 0 0 0 0 0 0 0 0 0 0 0 0 0 0 0 0 0 0 0 0 0 0 0 0 0 0 0 0 0 0 0 0 0
0 0 0 0 0 0 0 0 0 0 0 0 0 0 0 0 0 0 0 0 0 0 0 0 0 0 0 0 0 0 0 0 0 0 0 0
0 0 0 0 0 0 0 0 0 0 0 0 0 0 0 0 0 0 0 0 0 0 0 0 0 0 0 0 0 0 0 0 0 0 0 0
##$SHL_EXPANDCF15= (0..143)
0 0 0 0 0 0 0 0 0 0 0 0 0 0 0 0 0 0 0 0 0 0 0 0 0 0 0 0 0 0 0 0 0 0 0 0
0 0 0 0 0 0 0 0 0 0 0 0 0 0 0 0 0 0 0 0 0 0 0 0 0 0 0 0 0 0 0 0 0 0 0 0
0 0 0 0 0 0 0 0 0 0 0 0 0 0 0 0 0 0 0 0 0 0 0 0 0 0 0 0 0 0 0 0 0 0 0 0
0 0 0 0 0 0 0 0 0 0 0 0 0 0 0 0 0 0 0 0 0 0 0 0 0 0 0 0 0 0 0 0 0 0 0 0
##$SHL_EXPANDCF2= (0..143)
0 0 0 0 0 0 0 0 0 0 0 0 0 0 0 0 0 0 0 0 0 0 0 0 0 0 0 0 0 0 0 0 0 0 0 0
0 0 0 0 0 0 0 0 0 0 0 0 0 0 0 0 0 0 0 0 0 0 0 0 0 0 0 0 0 0 0 0 0 0 0 0
0 0 0 0 0 0 0 0 0 0 0 0 0 0 0 0 0 0 0 0 0 0 0 0 0 0 0 0 0 0 0 0 0 0 0 0
0 0 0 0 0 0 0 0 0 0 0 0 0 0 0 0 0 0 0 0 0 0 0 0 0 0 0 0 0 0 0 0 0 0 0 0
##$SHL_EXPANDCF3= (0..143)
0 0 0 0 0 0 0 0 0 0 0 0 0 0 0 0 0 0 0 0 0 0 0 0 0 0 0 0 0 0 0 0 0 0 0 0
0 0 0 0 0 0 0 0 0 0 0 0 0 0 0 0 0 0 0 0 0 0 0 0 0 0 0 0 0 0 0 0 0 0 0 0
0 0 0 0 0 0 0 0 0 0 0 0 0 0 0 0 0 0 0 0 0 0 0 0 0 0 0 0 0 0 0 0 0 0 0 0
0 0 0 0 0 0 0 0 0 0 0 0 0 0 0 0 0 0 0 0 0 0 0 0 0 0 0 0 0 0 0 0 0 0 0 0
##$SHL_EXPANDCF4= (0..143)
0 0 0 0 0 0 0 0 0 0 0 0 0 0 0 0 0 0 0 0 0 0 0 0 0 0 0 0 0 0 0 0 0 0 0 0
0 0 0 0 0 0 0 0 0 0 0 0 0 0 0 0 0 0 0 0 0 0 0 0 0 0 0 0 0 0 0 0 0 0 0 0
0 0 0 0 0 0 0 0 0 0 0 0 0 0 0 0 0 0 0 0 0 0 0 0 0 0 0 0 0 0 0 0 0 0 0 0
0 0 0 0 0 0 0 0 0 0 0 0 0 0 0 0 0 0 0 0 0 0 0 0 0 0 0 0 0 0 0 0 0 0 0 0
##$SHL_EXPANDCF5= (0..143)
0 0 0 0 0 0 0 0 0 0 0 0 0 0 0 0 0 0 0 0 0 0 0 0 0 0 0 0 0 0 0 0 0 0 0 0
0 0 0 0 0 0 0 0 0 0 0 0 0 0 0 0 0 0 0 0 0 0 0 0 0 0 0 0 0 0 0 0 0 0 0 0
0 0 0 0 0 0 0 0 0 0 0 0 0 0 0 0 0 0 0 0 0 0 0 0 0 0 0 0 0 0 0 0 0 0 0 0
0 0 0 0 0 0 0 0 0 0 0 0 0 0 0 0 0 0 0 0 0 0 0 0 0 0 0 0 0 0 0 0 0 0 0 0
##$SHL_EXPANDCF6= (0..143)
0 0 0 0 0 0 0 0 0 0 0 0 0 0 0 0 0 0 0 0 0 0 0 0 0 0 0 0 0 0 0 0 0 0 0 0
0 0 0 0 0 0 0 0 0 0 0 0 0 0 0 0 0 0 0 0 0 0 0 0 0 0 0 0 0 0 0 0 0 0 0 0
0 0 0 0 0 0 0 0 0 0 0 0 0 0 0 0 0 0 0 0 0 0 0 0 0 0 0 0 0 0 0 0 0 0 0 0
0 0 0 0 0 0 0 0 0 0 0 0 0 0 0 0 0 0 0 0 0 0 0 0 0 0 0 0 0 0 0 0 0 0 0 0
##$SHL_EXPANDCF7= (0..143)
0 0 0 0 0 0 0 0 0 0 0 0 0 0 0 0 0 0 0 0 0 0 0 0 0 0 0 0 0 0 0 0 0 0 0 0
0 0 0 0 0 0 0 0 0 0 0 0 0 0 0 0 0 0 0 0 0 0 0 0 0 0 0 0 0 0 0 0 0 0 0 0
0 0 0 0 0 0 0 0 0 0 0 0 0 0 0 0 0 0 0 0 0 0 0 0 0 0 0 0 0 0 0 0 0 0 0 0
0 0 0 0 0 0 0 0 0 0 0 0 0 0 0 0 0 0 0 0 0 0 0 0 0 0 0 0 0 0 0 0 0 0 0 0
##$SHL_EXPANDCF8= (0..143)
0 0 0 0 0 0 0 0 0 0 0 0 0 0 0 0 0 0 0 0 0 0 0 0 0 0 0 0 0 0 0 0 0 0 0 0
0 0 0 0 0 0 0 0 0 0 0 0 0 0 0 0 0 0 0 0 0 0 0 0 0 0 0 0 0 0 0 0 0 0 0 0
0 0 0 0 0 0 0 0 0 0 0 0 0 0 0 0 0 0 0 0 0 0 0 0 0 0 0 0 0 0 0 0 0 0 0 0
0 0 0 0 0 0 0 0 0 0 0 0 0 0 0 0 0 0 0 0 0 0 0 0 0 0 0 0 0 0 0 0 0 0 0 0
##$SHL_EXPANDCF9= (0..143)
0 0 0 0 0 0 0 0 0 0 0 0 0 0 0 0 0 0 0 0 0 0 0 0 0 0 0 0 0 0 0 0 0 0 0 0
0 0 0 0 0 0 0 0 0 0 0 0 0 0 0 0 0 0 0 0 0 0 0 0 0 0 0 0 0 0 0 0 0 0 0 0
0 0 0 0 0 0 0 0 0 0 0 0 0 0 0 0 0 0 0 0 0 0 0 0 0 0 0 0 0 0 0 0 0 0 0 0
0 0 0 0 0 0 0 0 0 0 0 0 0 0 0 0 0 0 0 0 0 0 0 0 0 0 0 0 0 0 0 0 0 0 0 0
##$SHL_EXPFAC= (0..15)
0 0 0 0 0 0 0 0 0 0 0 0 0 0 0 0
##$SHL_FRACEND= (0..15)
0 0 0 0 0 0 0 0 0 0 0 0 0 0 0 0
##$SHL_FRACORG= (0..15)
0 0 0 0 0 0 0 0 0 0 0 0 0 0 0 0
##$SHL_FRACSTART= (0..15)
0 0 0 0 0 0 0 0 0 0 0 0 0 0 0 0
##$SHL_FULLHALF= (0..15)
0 0 0 0 0 0 0 0 0 0 0 0 0 0 0 0
##$SHL_FUNCAMP= (0..15)
100 0 0 0 0 0 0 0 0 0 0 0 0 0 0 0
##$SHL_FUNCTION= (0..15)
<Rectangle> <> <> <> <> <> <> <> <> <> <> <> <> <> <> <>
##$SHL_GCO= (0..15)
<> <> <> <> <> <> <> <> <> <> <> <> <> <> <> <>
##$SHL_GCOCOEFFS0= (0..59)
0 0 0 0 0 0 0 0 0 0 0 0 0 0 0 0 0 0 0 0 0 0 0 0 0 0 0 0 0 0 0 0 0 0 0 0
0 0 0 0 0 0 0 0 0 0 0 0 0 0 0 0 0 0 0 0 0 0 0 0
##$SHL_GCOCOEFFS1= (0..59)
0 0 0 0 0 0 0 0 0 0 0 0 0 0 0 0 0 0 0 0 0 0 0 0 0 0 0 0 0 0 0 0 0 0 0 0
0 0 0 0 0 0 0 0 0 0 0 0 0 0 0 0 0 0 0 0 0 0 0 0
##$SHL_GCOCOEFFS10= (0..59)
0 0 0 0 0 0 0 0 0 0 0 0 0 0 0 0 0 0 0 0 0 0 0 0 0 0 0 0 0 0 0 0 0 0 0 0
0 0 0 0 0 0 0 0 0 0 0 0 0 0 0 0 0 0 0 0 0 0 0 0
##$SHL_GCOCOEFFS11= (0..59)
0 0 0 0 0 0 0 0 0 0 0 0 0 0 0 0 0 0 0 0 0 0 0 0 0 0 0 0 0 0 0 0 0 0 0 0
0 0 0 0 0 0 0 0 0 0 0 0 0 0 0 0 0 0 0 0 0 0 0 0
##$SHL_GCOCOEFFS12= (0..59)
0 0 0 0 0 0 0 0 0 0 0 0 0 0 0 0 0 0 0 0 0 0 0 0 0 0 0 0 0 0 0 0 0 0 0 0
0 0 0 0 0 0 0 0 0 0 0 0 0 0 0 0 0 0 0 0 0 0 0 0
##$SHL_GCOCOEFFS13= (0..59)
0 0 0 0 0 0 0 0 0 0 0 0 0 0 0 0 0 0 0 0 0 0 0 0 0 0 0 0 0 0 0 0 0 0 0 0
0 0 0 0 0 0 0 0 0 0 0 0 0 0 0 0 0 0 0 0 0 0 0 0
##$SHL_GCOCOEFFS14= (0..59)
0 0 0 0 0 0 0 0 0 0 0 0 0 0 0 0 0 0 0 0 0 0 0 0 0 0 0 0 0 0 0 0 0 0 0 0
0 0 0 0 0 0 0 0 0 0 0 0 0 0 0 0 0 0 0 0 0 0 0 0
##$SHL_GCOCOEFFS15= (0..59)
0 0 0 0 0 0 0 0 0 0 0 0 0 0 0 0 0 0 0 0 0 0 0 0 0 0 0 0 0 0 0 0 0 0 0 0
0 0 0 0 0 0 0 0 0 0 0 0 0 0 0 0 0 0 0 0 0 0 0 0
##$SHL_GCOCOEFFS2= (0..59)
0 0 0 0 0 0 0 0 0 0 0 0 0 0 0 0 0 0 0 0 0 0 0 0 0 0 0 0 0 0 0 0 0 0 0 0
0 0 0 0 0 0 0 0 0 0 0 0 0 0 0 0 0 0 0 0 0 0 0 0
##$SHL_GCOCOEFFS3= (0..59)
0 0 0 0 0 0 0 0 0 0 0 0 0 0 0 0 0 0 0 0 0 0 0 0 0 0 0 0 0 0 0 0 0 0 0 0
0 0 0 0 0 0 0 0 0 0 0 0 0 0 0 0 0 0 0 0 0 0 0 0
##$SHL_GCOCOEFFS4= (0..59)
0 0 0 0 0 0 0 0 0 0 0 0 0 0 0 0 0 0 0 0 0 0 0 0 0 0 0 0 0 0 0 0 0 0 0 0
0 0 0 0 0 0 0 0 0 0 0 0 0 0 0 0 0 0 0 0 0 0 0 0
##$SHL_GCOCOEFFS5= (0..59)
0 0 0 0 0 0 0 0 0 0 0 0 0 0 0 0 0 0 0 0 0 0 0 0 0 0 0 0 0 0 0 0 0 0 0 0
0 0 0 0 0 0 0 0 0 0 0 0 0 0 0 0 0 0 0 0 0 0 0 0
##$SHL_GCOCOEFFS6= (0..59)
0 0 0 0 0 0 0 0 0 0 0 0 0 0 0 0 0 0 0 0 0 0 0 0 0 0 0 0 0 0 0 0 0 0 0 0
0 0 0 0 0 0 0 0 0 0 0 0 0 0 0 0 0 0 0 0 0 0 0 0
##$SHL_GCOCOEFFS7= (0..59)
0 0 0 0 0 0 0 0 0 0 0 0 0 0 0 0 0 0 0 0 0 0 0 0 0 0 0 0 0 0 0 0 0 0 0 0
0 0 0 0 0 0 0 0 0 0 0 0 0 0 0 0 0 0 0 0 0 0 0 0
##$SHL_GCOCOEFFS8= (0..59)
0 0 0 0 0 0 0 0 0 0 0 0 0 0 0 0 0 0 0 0 0 0 0 0 0 0 0 0 0 0 0 0 0 0 0 0
0 0 0 0 0 0 0 0 0 0 0 0 0 0 0 0 0 0 0 0 0 0 0 0
##$SHL_GCOCOEFFS9= (0..59)
0 0 0 0 0 0 0 0 0 0 0 0 0 0 0 0 0 0 0 0 0 0 0 0 0 0 0 0 0 0 0 0 0 0 0 0
0 0 0 0 0 0 0 0 0 0 0 0 0 0 0 0 0 0 0 0 0 0 0 0
##$SHL_INTEGFAC= (0..15)
1 0 0 0 0 0 0 0 0 0 0 0 0 0 0 0
##$SHL_LB= (0..15)
0 0 0 0 0 0 0 0 0 0 0 0 0 0 0 0
##$SHL_LEFTLIMIT= (0..15)
0 0 0 0 0 0 0 0 0 0 0 0 0 0 0 0
##$SHL_LENGTH= (0..15)
25000.000373 0 0 0 0 0 0 0 0 0 0 0 0 0 0 0
##$SHL_MAN= (0..15)
<> <> <> <> <> <> <> <> <> <> <> <> <> <> <> <>
##$SHL_MEANAMP= (0..15)
0 0 0 0 0 0 0 0 0 0 0 0 0 0 0 0
##$SHL_MODAMP= (0..15)
0 0 0 0 0 0 0 0 0 0 0 0 0 0 0 0
##$SHL_MODE= (0..15)
0 0 0 0 0 0 0 0 0 0 0 0 0 0 0 0
##$SHL_MODFREQ= (0..15)
0 0 0 0 0 0 0 0 0 0 0 0 0 0 0 0
##$SHL_MODPHASE= (0..15)
0 0 0 0 0 0 0 0 0 0 0 0 0 0 0 0
##$SHL_MODSCALE= (0..15)
0 0 0 0 0 0 0 0 0 0 0 0 0 0 0 0
##$SHL_MODSW= (0..15)
0 0 0 0 0 0 0 0 0 0 0 0 0 0 0 0
##$SHL_MODSWDIR= (0..15)
-1 -1 -1 -1 -1 -1 -1 -1 -1 -1 -1 -1 -1 -1 -1 -1
##$SHL_MU= (0..15)
0 0 0 0 0 0 0 0 0 0 0 0 0 0 0 0
##$SHL_NPOINTS= (0..15)
1250 0 0 0 0 0 0 0 0 0 0 0 0 0 0 0
##$SHL_OFFS= (0..15)
<> <> <> <> <> <> <> <> <> <> <> <> <> <> <> <>
##$SHL_OFFSCOEFF0= (0..95)
0 0 0 0 0 0 0 0 0 0 0 0 0 0 0 0 0 0 0 0 0 0 0 0 0 0 0 0 0 0 0 0 0 0 0 0
0 0 0 0 0 0 0 0 0 0 0 0 0 0 0 0 0 0 0 0 0 0 0 0 0 0 0 0 0 0 0 0 0 0 0 0
0 0 0 0 0 0 0 0 0 0 0 0 0 0 0 0 0 0 0 0 0 0 0 0
##$SHL_OFFSCOEFF1= (0..95)
0 0 0 0 0 0 0 0 0 0 0 0 0 0 0 0 0 0 0 0 0 0 0 0 0 0 0 0 0 0 0 0 0 0 0 0
0 0 0 0 0 0 0 0 0 0 0 0 0 0 0 0 0 0 0 0 0 0 0 0 0 0 0 0 0 0 0 0 0 0 0 0
0 0 0 0 0 0 0 0 0 0 0 0 0 0 0 0 0 0 0 0 0 0 0 0
##$SHL_OFFSCOEFF10= (0..95)
0 0 0 0 0 0 0 0 0 0 0 0 0 0 0 0 0 0 0 0 0 0 0 0 0 0 0 0 0 0 0 0 0 0 0 0
0 0 0 0 0 0 0 0 0 0 0 0 0 0 0 0 0 0 0 0 0 0 0 0 0 0 0 0 0 0 0 0 0 0 0 0
0 0 0 0 0 0 0 0 0 0 0 0 0 0 0 0 0 0 0 0 0 0 0 0
##$SHL_OFFSCOEFF11= (0..95)
0 0 0 0 0 0 0 0 0 0 0 0 0 0 0 0 0 0 0 0 0 0 0 0 0 0 0 0 0 0 0 0 0 0 0 0
0 0 0 0 0 0 0 0 0 0 0 0 0 0 0 0 0 0 0 0 0 0 0 0 0 0 0 0 0 0 0 0 0 0 0 0
0 0 0 0 0 0 0 0 0 0 0 0 0 0 0 0 0 0 0 0 0 0 0 0
##$SHL_OFFSCOEFF12= (0..95)
0 0 0 0 0 0 0 0 0 0 0 0 0 0 0 0 0 0 0 0 0 0 0 0 0 0 0 0 0 0 0 0 0 0 0 0
0 0 0 0 0 0 0 0 0 0 0 0 0 0 0 0 0 0 0 0 0 0 0 0 0 0 0 0 0 0 0 0 0 0 0 0
0 0 0 0 0 0 0 0 0 0 0 0 0 0 0 0 0 0 0 0 0 0 0 0
##$SHL_OFFSCOEFF13= (0..95)
0 0 0 0 0 0 0 0 0 0 0 0 0 0 0 0 0 0 0 0 0 0 0 0 0 0 0 0 0 0 0 0 0 0 0 0
0 0 0 0 0 0 0 0 0 0 0 0 0 0 0 0 0 0 0 0 0 0 0 0 0 0 0 0 0 0 0 0 0 0 0 0
0 0 0 0 0 0 0 0 0 0 0 0 0 0 0 0 0 0 0 0 0 0 0 0
##$SHL_OFFSCOEFF14= (0..95)
0 0 0 0 0 0 0 0 0 0 0 0 0 0 0 0 0 0 0 0 0 0 0 0 0 0 0 0 0 0 0 0 0 0 0 0
0 0 0 0 0 0 0 0 0 0 0 0 0 0 0 0 0 0 0 0 0 0 0 0 0 0 0 0 0 0 0 0 0 0 0 0
0 0 0 0 0 0 0 0 0 0 0 0 0 0 0 0 0 0 0 0 0 0 0 0
##$SHL_OFFSCOEFF15= (0..95)
0 0 0 0 0 0 0 0 0 0 0 0 0 0 0 0 0 0 0 0 0 0 0 0 0 0 0 0 0 0 0 0 0 0 0 0
0 0 0 0 0 0 0 0 0 0 0 0 0 0 0 0 0 0 0 0 0 0 0 0 0 0 0 0 0 0 0 0 0 0 0 0
0 0 0 0 0 0 0 0 0 0 0 0 0 0 0 0 0 0 0 0 0 0 0 0
##$SHL_OFFSCOEFF2= (0..95)
0 0 0 0 0 0 0 0 0 0 0 0 0 0 0 0 0 0 0 0 0 0 0 0 0 0 0 0 0 0 0 0 0 0 0 0
0 0 0 0 0 0 0 0 0 0 0 0 0 0 0 0 0 0 0 0 0 0 0 0 0 0 0 0 0 0 0 0 0 0 0 0
0 0 0 0 0 0 0 0 0 0 0 0 0 0 0 0 0 0 0 0 0 0 0 0
##$SHL_OFFSCOEFF3= (0..95)
0 0 0 0 0 0 0 0 0 0 0 0 0 0 0 0 0 0 0 0 0 0 0 0 0 0 0 0 0 0 0 0 0 0 0 0
0 0 0 0 0 0 0 0 0 0 0 0 0 0 0 0 0 0 0 0 0 0 0 0 0 0 0 0 0 0 0 0 0 0 0 0
0 0 0 0 0 0 0 0 0 0 0 0 0 0 0 0 0 0 0 0 0 0 0 0
##$SHL_OFFSCOEFF4= (0..95)
0 0 0 0 0 0 0 0 0 0 0 0 0 0 0 0 0 0 0 0 0 0 0 0 0 0 0 0 0 0 0 0 0 0 0 0
0 0 0 0 0 0 0 0 0 0 0 0 0 0 0 0 0 0 0 0 0 0 0 0 0 0 0 0 0 0 0 0 0 0 0 0
0 0 0 0 0 0 0 0 0 0 0 0 0 0 0 0 0 0 0 0 0 0 0 0
##$SHL_OFFSCOEFF5= (0..95)
0 0 0 0 0 0 0 0 0 0 0 0 0 0 0 0 0 0 0 0 0 0 0 0 0 0 0 0 0 0 0 0 0 0 0 0
0 0 0 0 0 0 0 0 0 0 0 0 0 0 0 0 0 0 0 0 0 0 0 0 0 0 0 0 0 0 0 0 0 0 0 0
0 0 0 0 0 0 0 0 0 0 0 0 0 0 0 0 0 0 0 0 0 0 0 0
##$SHL_OFFSCOEFF6= (0..95)
0 0 0 0 0 0 0 0 0 0 0 0 0 0 0 0 0 0 0 0 0 0 0 0 0 0 0 0 0 0 0 0 0 0 0 0
0 0 0 0 0 0 0 0 0 0 0 0 0 0 0 0 0 0 0 0 0 0 0 0 0 0 0 0 0 0 0 0 0 0 0 0
0 0 0 0 0 0 0 0 0 0 0 0 0 0 0 0 0 0 0 0 0 0 0 0
##$SHL_OFFSCOEFF7= (0..95)
0 0 0 0 0 0 0 0 0 0 0 0 0 0 0 0 0 0 0 0 0 0 0 0 0 0 0 0 0 0 0 0 0 0 0 0
0 0 0 0 0 0 0 0 0 0 0 0 0 0 0 0 0 0 0 0 0 0 0 0 0 0 0 0 0 0 0 0 0 0 0 0
0 0 0 0 0 0 0 0 0 0 0 0 0 0 0 0 0 0 0 0 0 0 0 0
##$SHL_OFFSCOEFF8= (0..95)
0 0 0 0 0 0 0 0 0 0 0 0 0 0 0 0 0 0 0 0 0 0 0 0 0 0 0 0 0 0 0 0 0 0 0 0
0 0 0 0 0 0 0 0 0 0 0 0 0 0 0 0 0 0 0 0 0 0 0 0 0 0 0 0 0 0 0 0 0 0 0 0
0 0 0 0 0 0 0 0 0 0 0 0 0 0 0 0 0 0 0 0 0 0 0 0
##$SHL_OFFSCOEFF9= (0..95)
0 0 0 0 0 0 0 0 0 0 0 0 0 0 0 0 0 0 0 0 0 0 0 0 0 0 0 0 0 0 0 0 0 0 0 0
0 0 0 0 0 0 0 0 0 0 0 0 0 0 0 0 0 0 0 0 0 0 0 0 0 0 0 0 0 0 0 0 0 0 0 0
0 0 0 0 0 0 0 0 0 0 0 0 0 0 0 0 0 0 0 0 0 0 0 0
##$SHL_PHASE= (0..15)
0 0 0 0 0 0 0 0 0 0 0 0 0 0 0 0
##$SHL_PHASEFAC= (0..15)
0 0 0 0 0 0 0 0 0 0 0 0 0 0 0 0
##$SHL_POWERINDEX= (0..15)
0 0 0 0 0 0 0 0 0 0 0 0 0 0 0 0
##$SHL_QUADCOEFF= (0..15)
0 0 0 0 0 0 0 0 0 0 0 0 0 0 0 0
##$SHL_RIGHTLIMIT= (0..15)
0 0 0 0 0 0 0 0 0 0 0 0 0 0 0 0
##$SHL_SCALEFACTOR= (0..15)
1 1 1 1 1 1 1 1 1 1 1 1 1 1 1 1
##$SHL_SF= (0..15)
<> <> <> <> <> <> <> <> <> <> <> <> <> <> <> <>
##$SHL_SFCOEFFS0= (0..200)
0 0 0 0 0 0 0 0 0 0 0 0 0 0 0 0 0 0 0 0 0 0 0 0 0 0 0 0 0 0 0 0 0 0 0 0
0 0 0 0 0 0 0 0 0 0 0 0 0 0 0 0 0 0 0 0 0 0 0 0 0 0 0 0 0 0 0 0 0 0 0 0
0 0 0 0 0 0 0 0 0 0 0 0 0 0 0 0 0 0 0 0 0 0 0 0 0 0 0 0 0 0 0 0 0 0 0 0
0 0 0 0 0 0 0 0 0 0 0 0 0 0 0 0 0 0 0 0 0 0 0 0 0 0 0 0 0 0 0 0 0 0 0 0
0 0 0 0 0 0 0 0 0 0 0 0 0 0 0 0 0 0 0 0 0 0 0 0 0 0 0 0 0 0 0 0 0 0 0 0
0 0 0 0 0 0 0 0 0 0 0 0 0 0 0 0 0 0 0 0 0
##$SHL_SFCOEFFS1= (0..200)
0 0 0 0 0 0 0 0 0 0 0 0 0 0 0 0 0 0 0 0 0 0 0 0 0 0 0 0 0 0 0 0 0 0 0 0
0 0 0 0 0 0 0 0 0 0 0 0 0 0 0 0 0 0 0 0 0 0 0 0 0 0 0 0 0 0 0 0 0 0 0 0
0 0 0 0 0 0 0 0 0 0 0 0 0 0 0 0 0 0 0 0 0 0 0 0 0 0 0 0 0 0 0 0 0 0 0 0
0 0 0 0 0 0 0 0 0 0 0 0 0 0 0 0 0 0 0 0 0 0 0 0 0 0 0 0 0 0 0 0 0 0 0 0
0 0 0 0 0 0 0 0 0 0 0 0 0 0 0 0 0 0 0 0 0 0 0 0 0 0 0 0 0 0 0 0 0 0 0 0
0 0 0 0 0 0 0 0 0 0 0 0 0 0 0 0 0 0 0 0 0
##$SHL_SFCOEFFS10= (0..200)
0 0 0 0 0 0 0 0 0 0 0 0 0 0 0 0 0 0 0 0 0 0 0 0 0 0 0 0 0 0 0 0 0 0 0 0
0 0 0 0 0 0 0 0 0 0 0 0 0 0 0 0 0 0 0 0 0 0 0 0 0 0 0 0 0 0 0 0 0 0 0 0
0 0 0 0 0 0 0 0 0 0 0 0 0 0 0 0 0 0 0 0 0 0 0 0 0 0 0 0 0 0 0 0 0 0 0 0
0 0 0 0 0 0 0 0 0 0 0 0 0 0 0 0 0 0 0 0 0 0 0 0 0 0 0 0 0 0 0 0 0 0 0 0
0 0 0 0 0 0 0 0 0 0 0 0 0 0 0 0 0 0 0 0 0 0 0 0 0 0 0 0 0 0 0 0 0 0 0 0
0 0 0 0 0 0 0 0 0 0 0 0 0 0 0 0 0 0 0 0 0
##$SHL_SFCOEFFS11= (0..200)
0 0 0 0 0 0 0 0 0 0 0 0 0 0 0 0 0 0 0 0 0 0 0 0 0 0 0 0 0 0 0 0 0 0 0 0
0 0 0 0 0 0 0 0 0 0 0 0 0 0 0 0 0 0 0 0 0 0 0 0 0 0 0 0 0 0 0 0 0 0 0 0
0 0 0 0 0 0 0 0 0 0 0 0 0 0 0 0 0 0 0 0 0 0 0 0 0 0 0 0 0 0 0 0 0 0 0 0
0 0 0 0 0 0 0 0 0 0 0 0 0 0 0 0 0 0 0 0 0 0 0 0 0 0 0 0 0 0 0 0 0 0 0 0
0 0 0 0 0 0 0 0 0 0 0 0 0 0 0 0 0 0 0 0 0 0 0 0 0 0 0 0 0 0 0 0 0 0 0 0
0 0 0 0 0 0 0 0 0 0 0 0 0 0 0 0 0 0 0 0 0
##$SHL_SFCOEFFS12= (0..200)
0 0 0 0 0 0 0 0 0 0 0 0 0 0 0 0 0 0 0 0 0 0 0 0 0 0 0 0 0 0 0 0 0 0 0 0
0 0 0 0 0 0 0 0 0 0 0 0 0 0 0 0 0 0 0 0 0 0 0 0 0 0 0 0 0 0 0 0 0 0 0 0
0 0 0 0 0 0 0 0 0 0 0 0 0 0 0 0 0 0 0 0 0 0 0 0 0 0 0 0 0 0 0 0 0 0 0 0
0 0 0 0 0 0 0 0 0 0 0 0 0 0 0 0 0 0 0 0 0 0 0 0 0 0 0 0 0 0 0 0 0 0 0 0
0 0 0 0 0 0 0 0 0 0 0 0 0 0 0 0 0 0 0 0 0 0 0 0 0 0 0 0 0 0 0 0 0 0 0 0
0 0 0 0 0 0 0 0 0 0 0 0 0 0 0 0 0 0 0 0 0
##$SHL_SFCOEFFS13= (0..200)
0 0 0 0 0 0 0 0 0 0 0 0 0 0 0 0 0 0 0 0 0 0 0 0 0 0 0 0 0 0 0 0 0 0 0 0
0 0 0 0 0 0 0 0 0 0 0 0 0 0 0 0 0 0 0 0 0 0 0 0 0 0 0 0 0 0 0 0 0 0 0 0
0 0 0 0 0 0 0 0 0 0 0 0 0 0 0 0 0 0 0 0 0 0 0 0 0 0 0 0 0 0 0 0 0 0 0 0
0 0 0 0 0 0 0 0 0 0 0 0 0 0 0 0 0 0 0 0 0 0 0 0 0 0 0 0 0 0 0 0 0 0 0 0
0 0 0 0 0 0 0 0 0 0 0 0 0 0 0 0 0 0 0 0 0 0 0 0 0 0 0 0 0 0 0 0 0 0 0 0
0 0 0 0 0 0 0 0 0 0 0 0 0 0 0 0 0 0 0 0 0
##$SHL_SFCOEFFS14= (0..200)
0 0 0 0 0 0 0 0 0 0 0 0 0 0 0 0 0 0 0 0 0 0 0 0 0 0 0 0 0 0 0 0 0 0 0 0
0 0 0 0 0 0 0 0 0 0 0 0 0 0 0 0 0 0 0 0 0 0 0 0 0 0 0 0 0 0 0 0 0 0 0 0
0 0 0 0 0 0 0 0 0 0 0 0 0 0 0 0 0 0 0 0 0 0 0 0 0 0 0 0 0 0 0 0 0 0 0 0
0 0 0 0 0 0 0 0 0 0 0 0 0 0 0 0 0 0 0 0 0 0 0 0 0 0 0 0 0 0 0 0 0 0 0 0
0 0 0 0 0 0 0 0 0 0 0 0 0 0 0 0 0 0 0 0 0 0 0 0 0 0 0 0 0 0 0 0 0 0 0 0
0 0 0 0 0 0 0 0 0 0 0 0 0 0 0 0 0 0 0 0 0
##$SHL_SFCOEFFS15= (0..200)
0 0 0 0 0 0 0 0 0 0 0 0 0 0 0 0 0 0 0 0 0 0 0 0 0 0 0 0 0 0 0 0 0 0 0 0
0 0 0 0 0 0 0 0 0 0 0 0 0 0 0 0 0 0 0 0 0 0 0 0 0 0 0 0 0 0 0 0 0 0 0 0
0 0 0 0 0 0 0 0 0 0 0 0 0 0 0 0 0 0 0 0 0 0 0 0 0 0 0 0 0 0 0 0 0 0 0 0
0 0 0 0 0 0 0 0 0 0 0 0 0 0 0 0 0 0 0 0 0 0 0 0 0 0 0 0 0 0 0 0 0 0 0 0
0 0 0 0 0 0 0 0 0 0 0 0 0 0 0 0 0 0 0 0 0 0 0 0 0 0 0 0 0 0 0 0 0 0 0 0
0 0 0 0 0 0 0 0 0 0 0 0 0 0 0 0 0 0 0 0 0
##$SHL_SFCOEFFS2= (0..200)
0 0 0 0 0 0 0 0 0 0 0 0 0 0 0 0 0 0 0 0 0 0 0 0 0 0 0 0 0 0 0 0 0 0 0 0
0 0 0 0 0 0 0 0 0 0 0 0 0 0 0 0 0 0 0 0 0 0 0 0 0 0 0 0 0 0 0 0 0 0 0 0
0 0 0 0 0 0 0 0 0 0 0 0 0 0 0 0 0 0 0 0 0 0 0 0 0 0 0 0 0 0 0 0 0 0 0 0
0 0 0 0 0 0 0 0 0 0 0 0 0 0 0 0 0 0 0 0 0 0 0 0 0 0 0 0 0 0 0 0 0 0 0 0
0 0 0 0 0 0 0 0 0 0 0 0 0 0 0 0 0 0 0 0 0 0 0 0 0 0 0 0 0 0 0 0 0 0 0 0
0 0 0 0 0 0 0 0 0 0 0 0 0 0 0 0 0 0 0 0 0
##$SHL_SFCOEFFS3= (0..200)
0 0 0 0 0 0 0 0 0 0 0 0 0 0 0 0 0 0 0 0 0 0 0 0 0 0 0 0 0 0 0 0 0 0 0 0
0 0 0 0 0 0 0 0 0 0 0 0 0 0 0 0 0 0 0 0 0 0 0 0 0 0 0 0 0 0 0 0 0 0 0 0
0 0 0 0 0 0 0 0 0 0 0 0 0 0 0 0 0 0 0 0 0 0 0 0 0 0 0 0 0 0 0 0 0 0 0 0
0 0 0 0 0 0 0 0 0 0 0 0 0 0 0 0 0 0 0 0 0 0 0 0 0 0 0 0 0 0 0 0 0 0 0 0
0 0 0 0 0 0 0 0 0 0 0 0 0 0 0 0 0 0 0 0 0 0 0 0 0 0 0 0 0 0 0 0 0 0 0 0
0 0 0 0 0 0 0 0 0 0 0 0 0 0 0 0 0 0 0 0 0
##$SHL_SFCOEFFS4= (0..200)
0 0 0 0 0 0 0 0 0 0 0 0 0 0 0 0 0 0 0 0 0 0 0 0 0 0 0 0 0 0 0 0 0 0 0 0
0 0 0 0 0 0 0 0 0 0 0 0 0 0 0 0 0 0 0 0 0 0 0 0 0 0 0 0 0 0 0 0 0 0 0 0
0 0 0 0 0 0 0 0 0 0 0 0 0 0 0 0 0 0 0 0 0 0 0 0 0 0 0 0 0 0 0 0 0 0 0 0
0 0 0 0 0 0 0 0 0 0 0 0 0 0 0 0 0 0 0 0 0 0 0 0 0 0 0 0 0 0 0 0 0 0 0 0
0 0 0 0 0 0 0 0 0 0 0 0 0 0 0 0 0 0 0 0 0 0 0 0 0 0 0 0 0 0 0 0 0 0 0 0
0 0 0 0 0 0 0 0 0 0 0 0 0 0 0 0 0 0 0 0 0
##$SHL_SFCOEFFS5= (0..200)
0 0 0 0 0 0 0 0 0 0 0 0 0 0 0 0 0 0 0 0 0 0 0 0 0 0 0 0 0 0 0 0 0 0 0 0
0 0 0 0 0 0 0 0 0 0 0 0 0 0 0 0 0 0 0 0 0 0 0 0 0 0 0 0 0 0 0 0 0 0 0 0
0 0 0 0 0 0 0 0 0 0 0 0 0 0 0 0 0 0 0 0 0 0 0 0 0 0 0 0 0 0 0 0 0 0 0 0
0 0 0 0 0 0 0 0 0 0 0 0 0 0 0 0 0 0 0 0 0 0 0 0 0 0 0 0 0 0 0 0 0 0 0 0
0 0 0 0 0 0 0 0 0 0 0 0 0 0 0 0 0 0 0 0 0 0 0 0 0 0 0 0 0 0 0 0 0 0 0 0
0 0 0 0 0 0 0 0 0 0 0 0 0 0 0 0 0 0 0 0 0
##$SHL_SFCOEFFS6= (0..200)
0 0 0 0 0 0 0 0 0 0 0 0 0 0 0 0 0 0 0 0 0 0 0 0 0 0 0 0 0 0 0 0 0 0 0 0
0 0 0 0 0 0 0 0 0 0 0 0 0 0 0 0 0 0 0 0 0 0 0 0 0 0 0 0 0 0 0 0 0 0 0 0
0 0 0 0 0 0 0 0 0 0 0 0 0 0 0 0 0 0 0 0 0 0 0 0 0 0 0 0 0 0 0 0 0 0 0 0
0 0 0 0 0 0 0 0 0 0 0 0 0 0 0 0 0 0 0 0 0 0 0 0 0 0 0 0 0 0 0 0 0 0 0 0
0 0 0 0 0 0 0 0 0 0 0 0 0 0 0 0 0 0 0 0 0 0 0 0 0 0 0 0 0 0 0 0 0 0 0 0
0 0 0 0 0 0 0 0 0 0 0 0 0 0 0 0 0 0 0 0 0
##$SHL_SFCOEFFS7= (0..200)
0 0 0 0 0 0 0 0 0 0 0 0 0 0 0 0 0 0 0 0 0 0 0 0 0 0 0 0 0 0 0 0 0 0 0 0
0 0 0 0 0 0 0 0 0 0 0 0 0 0 0 0 0 0 0 0 0 0 0 0 0 0 0 0 0 0 0 0 0 0 0 0
0 0 0 0 0 0 0 0 0 0 0 0 0 0 0 0 0 0 0 0 0 0 0 0 0 0 0 0 0 0 0 0 0 0 0 0
0 0 0 0 0 0 0 0 0 0 0 0 0 0 0 0 0 0 0 0 0 0 0 0 0 0 0 0 0 0 0 0 0 0 0 0
0 0 0 0 0 0 0 0 0 0 0 0 0 0 0 0 0 0 0 0 0 0 0 0 0 0 0 0 0 0 0 0 0 0 0 0
0 0 0 0 0 0 0 0 0 0 0 0 0 0 0 0 0 0 0 0 0
##$SHL_SFCOEFFS8= (0..200)
0 0 0 0 0 0 0 0 0 0 0 0 0 0 0 0 0 0 0 0 0 0 0 0 0 0 0 0 0 0 0 0 0 0 0 0
0 0 0 0 0 0 0 0 0 0 0 0 0 0 0 0 0 0 0 0 0 0 0 0 0 0 0 0 0 0 0 0 0 0 0 0
0 0 0 0 0 0 0 0 0 0 0 0 0 0 0 0 0 0 0 0 0 0 0 0 0 0 0 0 0 0 0 0 0 0 0 0
0 0 0 0 0 0 0 0 0 0 0 0 0 0 0 0 0 0 0 0 0 0 0 0 0 0 0 0 0 0 0 0 0 0 0 0
0 0 0 0 0 0 0 0 0 0 0 0 0 0 0 0 0 0 0 0 0 0 0 0 0 0 0 0 0 0 0 0 0 0 0 0
0 0 0 0 0 0 0 0 0 0 0 0 0 0 0 0 0 0 0 0 0
##$SHL_SFCOEFFS9= (0..200)
0 0 0 0 0 0 0 0 0 0 0 0 0 0 0 0 0 0 0 0 0 0 0 0 0 0 0 0 0 0 0 0 0 0 0 0
0 0 0 0 0 0 0 0 0 0 0 0 0 0 0 0 0 0 0 0 0 0 0 0 0 0 0 0 0 0 0 0 0 0 0 0
0 0 0 0 0 0 0 0 0 0 0 0 0 0 0 0 0 0 0 0 0 0 0 0 0 0 0 0 0 0 0 0 0 0 0 0
0 0 0 0 0 0 0 0 0 0 0 0 0 0 0 0 0 0 0 0 0 0 0 0 0 0 0 0 0 0 0 0 0 0 0 0
0 0 0 0 0 0 0 0 0 0 0 0 0 0 0 0 0 0 0 0 0 0 0 0 0 0 0 0 0 0 0 0 0 0 0 0
0 0 0 0 0 0 0 0 0 0 0 0 0 0 0 0 0 0 0 0 0
##$SHL_SMOOTHED= (0..15)
0 0 0 0 0 0 0 0 0 0 0 0 0 0 0 0
##$SHL_SMOOTHING= (0..15)
0 0 0 0 0 0 0 0 0 0 0 0 0 0 0 0
##$SHL_SPOAL= (0..15)
0 0 0 0 0 0 0 0 0 0 0 0 0 0 0 0
##$SHL_SPOFFS= (0..15)
0 0 0 0 0 0 0 0 0 0 0 0 0 0 0 0
##$SHL_SPOPH= (0..15)
0 0 0 0 0 0 0 0 0 0 0 0 0 0 0 0
##$SHL_STARTAMP= (0..15)
0 0 0 0 0 0 0 0 0 0 0 0 0 0 0 0
##$SHL_SW= (0..15)
0 0 0 0 0 0 0 0 0 0 0 0 0 0 0 0
##$SHL_SWDIR= (0..15)
-1 -1 -1 -1 -1 -1 -1 -1 -1 -1 -1 -1 -1 -1 -1 -1
##$SHL_TANKAPPA= (0..15)
0 0 0 0 0 0 0 0 0 0 0 0 0 0 0 0
##$SHL_TOTROT= (0..15)
90 0 0 0 0 0 0 0 0 0 0 0 0 0 0 0
##$SHL_TRUNCLEV= (0..15)
0 0 0 0 0 0 0 0 0 0 0 0 0 0 0 0
##$SHL_TYPE= (0..15)
<Excitation> <> <> <> <> <> <> <> <> <> <> <> <> <> <> <>
##$SHL_WINDOWSIZE= (0..15)
0 0 0 0 0 0 0 0 0 0 0 0 0 0 0 0
##$SHL_ZETA= (0..15)
0 0 0 0 0 0 0 0 0 0 0 0 0 0 0 0
##NPOINTS= 1250
##XYPOINTS= (XY..XY)
70.177593, 92.041091
69.738552, 93.715645
69.296823, 95.391662
68.852443, 97.069170
68.405450, 98.748202
67.955883, 100.428788
67.503779, 102.110960
67.049179, 103.794754
66.592120, 105.480202
66.132644, 107.167340
65.670789, 108.856206
65.206596, 110.546838
64.740105, 112.239274
64.271358, 113.933556
63.800396, 115.629725
63.327260, 117.327824
62.851993, 119.027898
62.374636, 120.729994
61.895234, 122.434158
61.413828, 124.140441
60.930463, 125.848892
60.445181, 127.559566
59.958029, 129.272517
59.469050, 130.987801
58.978289, 132.705476
58.485792, 134.425602
57.991605, 136.148244
57.495774, 137.873465
56.998346, 139.601332
56.499369, 141.331915
55.998890, 143.065287
55.496957, 144.801521
54.993620, 146.540695
54.488927, 148.282890
53.982928, 150.028189
53.475674, 151.776678
52.967215, 153.528447
52.457603, 155.283590
51.946889, 157.042202
51.435127, 158.804384
50.922369, 160.570240
50.408670, 162.339879
49.894084, 164.113414
49.378666, 165.890962
48.862473, 167.672643
48.345560, 169.458586
47.827987, 171.248922
47.309810, 173.043789
46.791089, 174.843328
46.271884, 176.647690
45.752257, 178.457029
45.232269, 180.271507
44.711983, 182.091292
44.191464, 183.916560
43.670777, 185.747495
43.149987, 187.584286
42.629163, 189.427135
42.108374, 191.276250
41.587689, 193.131847
41.067181, 194.994154
40.546923, 196.863409
40.026990, 198.739860
39.507457, 200.623766
38.988404, 202.515399
38.469910, 204.415043
37.952057, 206.322994
37.434931, 208.239564
36.918616, 210.165079
36.403202, 212.099879
35.888780, 214.044321
35.375443, 215.998779
34.863289, 217.963645
34.352417, 219.939331
33.842929, 221.926266
33.334932, 223.924903
32.828535, 225.935715
32.323851, 227.959197
31.820997, 229.995872
31.320096, 232.046285
30.821272, 234.111008
30.324658, 236.190642
29.830388, 238.285816
29.338604, 240.397192
28.849454, 242.525461
28.363090, 244.671348
27.879673, 246.835612
27.399368, 249.019050
26.922352, 251.222494
26.448805, 253.446814
25.978918, 255.692919
25.512890, 257.961760
25.050932, 260.254328
24.593261, 262.571653
24.140107, 264.914808
23.691710, 267.284909
23.248325, 269.683109
22.810215, 272.110601
22.377659, 274.568616
21.950950, 277.058418
21.530394, 279.581304
21.116312, 282.138593
20.709043, 284.731627
20.308939, 287.361758
19.916371, 290.030341
19.531726, 292.738723
19.155408, 295.488229
18.787839, 298.280149
18.429457, 301.115715
18.080717, 303.996085
17.742090, 306.922320
17.414063, 309.895353
17.097133, 312.915966
16.791814, 315.984756
16.498624, 319.102102
16.218091, 322.268131
15.950744, 325.482681
15.697112, 328.745268
15.457717, 332.055047
15.233071, 335.410786
15.023670, 338.810834
14.829986, 342.253101
14.652460, 345.735045
14.491501, 349.253668
14.347471, 352.805518
14.220684, 356.386714
14.111399, 359.992973
14.019812, 3.619654
13.946053, 7.261815
13.890182, 10.914278
13.852187, 14.571707
13.831981, 18.228687
13.829403, 21.879809
13.844223, 25.519753
13.876138, 29.143373
13.924782, 32.745765
13.989729, 36.322337
14.070500, 39.868861
14.166567, 43.381516
14.277365, 46.856914
14.402296, 50.292124
14.540735, 53.684667
14.692040, 57.032519
14.855560, 60.334089
15.030634, 63.588204
15.216605, 66.794071
15.412819, 69.951255
15.618632, 73.059638
15.833412, 76.119383
16.056545, 79.130904
16.287432, 82.094825
16.525496, 85.011951
16.770180, 87.883236
17.020951, 90.709755
17.277295, 93.492676
17.538723, 96.233241
17.804769, 98.932746
18.074989, 101.592517
18.348959, 104.213904
18.626279, 106.798261
18.906567, 109.346939
19.189463, 111.861274
19.474624, 114.342583
19.761727, 116.792156
20.050464, 119.211253
20.340546, 121.601097
20.631697, 123.962874
20.923656, 126.297733
21.216179, 128.606781
21.509030, 130.891082
21.801989, 133.151661
22.094846, 135.389502
22.387403, 137.605548
22.679470, 139.800699
22.970870, 141.975821
23.261433, 144.131739
23.550996, 146.269240
23.839407, 148.389079
24.126520, 150.491973
24.412195, 152.578608
24.696302, 154.649639
24.978713, 156.705688
25.259308, 158.747351
25.537973, 160.775193
25.814598, 162.789756
26.089079, 164.791554
26.361315, 166.781078
26.631211, 168.758797
26.898674, 170.725156
27.163619, 172.680580
27.425959, 174.625476
27.685615, 176.560231
27.942508, 178.485213
28.196565, 180.400775
28.447714, 182.307252
28.695886, 184.204965
28.941015, 186.094220
29.183038, 187.975311
29.421893, 189.848514
29.657521, 191.714098
29.889866, 193.572317
30.118872, 195.423415
30.344487, 197.267623
30.566659, 199.105166
30.785340, 200.936254
31.000482, 202.761092
31.212039, 204.579875
31.419967, 206.392788
31.624222, 208.200011
31.824764, 210.001713
32.021551, 211.798058
32.214547, 213.589203
32.403712, 215.375297
32.589011, 217.156484
32.770409, 218.932902
32.947872, 220.704683
33.121367, 222.471952
33.290863, 224.234831
33.456327, 225.993436
33.617732, 227.747879
33.775048, 229.498266
33.928248, 231.244698
34.077304, 232.987276
34.222190, 234.726092
34.362882, 236.461237
34.499355, 238.192797
34.631586, 239.920855
34.759551, 241.645491
34.883230, 243.366782
35.002601, 245.084799
35.117643, 246.799613
35.228338, 248.511292
35.334665, 250.219899
35.436608, 251.925497
35.534148, 253.628143
35.627268, 255.327895
35.715953, 257.024807
35.800186, 258.718930
35.879953, 260.410314
35.955240, 262.099005
36.026033, 263.785048
36.092318, 265.468488
36.154084, 267.149363
36.211319, 268.827714
36.264011, 270.503578
36.312149, 272.176989
36.355725, 273.847980
36.394727, 275.516585
36.429147, 277.182831
36.458977, 278.846748
36.484208, 280.508362
36.504834, 282.167697
36.520848, 283.824778
36.532242, 285.479626
36.539013, 287.132260
36.541153, 288.782700
36.538659, 290.430963
36.531527, 292.077064
36.519752, 293.721018
36.503332, 295.362838
36.482264, 297.002534
36.456546, 298.640117
36.426176, 300.275594
36.391153, 301.908974
36.351477, 303.540262
36.307147, 305.169461
36.258163, 306.796575
36.204527, 308.421605
36.146239, 310.044551
36.083302, 311.665411
36.015718, 313.284181
35.943490, 314.900858
35.866621, 316.515436
35.785114, 318.127906
35.698974, 319.738260
35.608207, 321.346486
35.512816, 322.952573
35.412808, 324.556507
35.308189, 326.158271
35.198965, 327.757848
35.085145, 329.355220
34.966735, 330.950364
34.843744, 332.543259
34.716180, 334.133880
34.584053, 335.722199
34.447373, 337.308188
34.306149, 338.891815
34.160392, 340.473049
34.010114, 342.051852
33.855327, 343.628188
33.696041, 345.202016
33.532272, 346.773293
33.364030, 348.341974
33.191332, 349.908010
33.014190, 351.471350
32.832621, 353.031940
32.646638, 354.589723
32.456260, 356.144637
32.261501, 357.696618
32.062381, 359.245598
31.858915, 0.791506
31.651123, 2.334265
31.439025, 3.873796
31.222638, 5.410013
31.001985, 6.942827
30.777086, 8.472143
30.547963, 9.997862
30.314637, 11.519878
30.077133, 13.038080
29.835475, 14.552350
29.589686, 16.062564
29.339792, 17.568590
29.085820, 19.070288
28.827796, 20.567513
28.565749, 22.060107
28.299707, 23.547907
28.029700, 25.030738
27.755760, 26.508415
27.477918, 27.980741
27.196206, 29.447510
26.910660, 30.908499
26.621314, 32.363476
26.328204, 33.812192
26.031370, 35.254381
25.730850, 36.689762
25.426685, 38.118037
25.118917, 39.538885
24.807590, 40.951966
24.492751, 42.356918
24.174448, 43.753353
23.852729, 45.140857
23.527648, 46.518986
23.199258, 47.887267
22.867617, 49.245192
22.532785, 50.592215
22.194824, 51.927752
21.853801, 53.251173
21.509784, 54.561803
21.162848, 55.858912
20.813070, 57.141717
20.460532, 58.409369
20.105321, 59.660954
19.747531, 60.895480
19.387258, 62.111875
19.024610, 63.308977
18.659699, 64.485523
18.292644, 65.640141
17.923577, 66.771338
17.552638, 67.877487
17.179976, 68.956813
16.805756, 70.007379
16.430156, 71.027063
16.053367, 72.013544
15.675602, 72.964280
15.297091, 73.876477
14.918086, 74.747071
14.538866, 75.572689
14.159738, 76.349625
13.781040, 77.073797
13.403148, 77.740712
13.026480, 78.345421
12.651502, 78.882478
12.278733, 79.345897
11.908755, 79.729100
11.542219, 80.024881
11.179858, 80.225373
10.822493, 80.322018
10.471051, 80.305569
10.126573, 80.166114
9.790229, 79.893147
9.463334, 79.475697
9.147359, 78.902544
8.843944, 78.162541
8.554905, 77.245078
8.282239, 76.140698
8.028115, 74.841913
7.794858, 73.344179
7.584910, 71.647036
7.400782, 69.755305
7.244970, 67.680206
7.119865, 65.440214
7.027639, 63.061404
6.970122, 60.577085
6.948700, 58.026599
6.964216, 55.453306
7.016925, 52.901992
7.106484, 50.416044
7.231993, 48.034856
7.392071, 45.791807
7.584960, 43.713048
7.808637, 41.817129
8.060929, 40.115341
8.339607, 38.612563
8.642466, 37.308382
8.967383, 36.198290
9.312356, 35.274822
9.675530, 34.528537
10.055202, 33.948830
10.449828, 33.524559
10.858014, 33.244499
11.278508, 33.097677
11.710193, 33.073579
12.152068, 33.162285
12.603242, 33.354541
13.062917, 33.641780
13.530385, 34.016126
14.005007, 34.470364
14.486217, 34.997912
14.973503, 35.592774
15.466405, 36.249496
15.964510, 36.963124
16.467443, 37.729159
16.974865, 38.543513
17.486467, 39.402473
18.001968, 40.302662
18.521110, 41.241009
19.043658, 42.214718
19.569393, 43.221240
20.098116, 44.258249
20.629639, 45.323620
21.163792, 46.415411
21.700412, 47.531843
22.239350, 48.671285
22.780464, 49.832239
23.323622, 51.013329
23.868700, 52.213288
24.415579, 53.430950
24.964148, 54.665238
25.514300, 55.915157
26.065933, 57.179788
26.618953, 58.458279
27.173265, 59.749840
27.728780, 61.053740
28.285415, 62.369296
28.843086, 63.695877
29.401714, 65.032892
29.961223, 66.379791
30.521537, 67.736062
31.082586, 69.101226
31.644298, 70.474835
32.206605, 71.856470
32.769441, 73.245737
33.332741, 74.642270
33.896442, 76.045721
34.460480, 77.455767
35.024795, 78.872103
35.589328, 80.294441
36.154019, 81.722511
36.718811, 83.156058
37.283647, 84.594841
37.848472, 86.038635
38.413229, 87.487224
38.977866, 88.940406
39.542328, 90.397989
40.106562, 91.859793
40.670517, 93.325644
41.234140, 94.795380
41.797380, 96.268847
42.360187, 97.745898
42.922511, 99.226394
43.484303, 100.710201
44.045512, 102.197195
44.606091, 103.687256
45.165992, 105.180269
45.725165, 106.676126
46.283565, 108.174723
46.841144, 109.675962
47.397854, 111.179749
47.953651, 112.685993
48.508487, 114.194609
49.062316, 115.705515
49.615095, 117.218632
50.166776, 118.733886
50.717316, 120.251204
51.266670, 121.770518
51.814793, 123.291762
52.361642, 124.814874
52.907173, 126.339792
53.451342, 127.866458
53.994105, 129.394818
54.535421, 130.924818
55.075245, 132.456406
55.613537, 133.989533
56.150252, 135.524152
56.685350, 137.060218
57.218788, 138.597687
57.750524, 140.136516
58.280518, 141.676666
58.808728, 143.218098
59.335114, 144.760773
59.859634, 146.304656
60.382248, 147.849712
60.902916, 149.395907
61.421597, 150.943209
61.938252, 152.491587
62.452842, 154.041011
62.965326, 155.591451
63.475666, 157.142880
63.983823, 158.695270
64.489757, 160.248596
64.993432, 161.802831
65.494807, 163.357952
65.993845, 164.913934
66.490508, 166.470755
66.984759, 168.028393
67.476560, 169.586827
67.965874, 171.146035
68.452664, 172.705997
68.936893, 174.266695
69.418525, 175.828108
69.897523, 177.390220
70.373852, 178.953012
70.847475, 180.516467
71.318357, 182.080568
71.786462, 183.645300
72.251756, 185.210646
72.714203, 186.776592
73.173769, 188.343122
73.630419, 189.910223
74.084120, 191.477880
74.534837, 193.046081
74.982536, 194.614811
75.427185, 196.184058
75.868749, 197.753810
76.307197, 199.324054
76.742494, 200.894779
77.174610, 202.465974
77.603510, 204.037627
78.029165, 205.609728
78.451541, 207.182265
78.870608, 208.755230
79.286334, 210.328611
79.698688, 211.902400
80.107640, 213.476586
80.513159, 215.051160
80.915216, 216.626114
81.313779, 218.201439
81.708820, 219.777126
82.100310, 221.353167
82.488219, 222.929553
82.872519, 224.506277
83.253180, 226.083332
83.630176, 227.660709
84.003477, 229.238401
84.373056, 230.816400
84.738887, 232.394701
85.100941, 233.973296
85.459192, 235.552178
85.813613, 237.131341
86.164179, 238.710778
86.510863, 240.290484
86.853639, 241.870451
87.192483, 243.450674
87.527369, 245.031148
87.858272, 246.611865
88.185169, 248.192822
88.508034, 249.774011
88.826844, 251.355429
89.141576, 252.937069
89.452206, 254.518926
89.758711, 256.100996
90.061069, 257.683273
90.359257, 259.265753
90.653253, 260.848430
90.943036, 262.431300
91.228584, 264.014359
91.509877, 265.597602
91.786892, 267.181024
92.059611, 268.764621
92.328013, 270.348390
92.592077, 271.932325
92.851786, 273.516423
93.107118, 275.100679
93.358057, 276.685090
93.604582, 278.269651
93.846676, 279.854360
94.084322, 281.439211
94.317501, 283.024202
94.546197, 284.609329
94.770392, 286.194588
94.990070, 287.779975
95.205215, 289.365488
95.415811, 290.951122
95.621843, 292.536874
95.823295, 294.122742
96.020153, 295.708720
96.212401, 297.294808
96.400027, 298.881000
96.583015, 300.467295
96.761353, 302.053688
96.935028, 303.640178
97.104026, 305.226760
97.268336, 306.813432
97.427944, 308.400190
97.582840, 309.987033
97.733012, 311.573956
97.878450, 313.160958
98.019141, 314.748035
98.155076, 316.335184
98.286245, 317.922403
98.412639, 319.509689
98.534247, 321.097039
98.651061, 322.684451
98.763073, 324.271921
98.870274, 325.859448
98.972656, 327.447028
99.070212, 329.034658
99.162935, 330.622338
99.250818, 332.210062
99.333853, 333.797830
99.412036, 335.385639
99.485361, 336.973485
99.553821, 338.561367
99.617412, 340.149282
99.676130, 341.737228
99.729970, 343.325202
99.778928, 344.913201
99.823000, 346.501223
99.862184, 348.089266
99.896476, 349.677327
99.925874, 351.265404
99.950375, 352.853494
99.969979, 354.441595
99.984682, 356.029705
99.994486, 357.617821
99.999387, 359.205940
99.999387, 0.794060
99.994486, 2.382179
99.984682, 3.970295
99.969979, 5.558405
99.950375, 7.146506
99.925874, 8.734596
99.896476, 10.322673
99.862184, 11.910734
99.823000, 13.498777
99.778928, 15.086799
99.729970, 16.674798
99.676130, 18.262772
99.617412, 19.850718
99.553821, 21.438633
99.485361, 23.026515
99.412036, 24.614361
99.333853, 26.202170
99.250818, 27.789938
99.162935, 29.377662
99.070212, 30.965342
98.972656, 32.552972
98.870274, 34.140552
98.763073, 35.728079
98.651061, 37.315549
98.534247, 38.902961
98.412639, 40.490311
98.286245, 42.077597
98.155076, 43.664816
98.019141, 45.251965
97.878450, 46.839042
97.733012, 48.426044
97.582840, 50.012967
97.427944, 51.599810
97.268336, 53.186568
97.104026, 54.773240
96.935028, 56.359822
96.761353, 57.946312
96.583015, 59.532705
96.400027, 61.119000
96.212401, 62.705192
96.020153, 64.291280
95.823295, 65.877258
95.621843, 67.463126
95.415811, 69.048878
95.205215, 70.634512
94.990070, 72.220025
94.770392, 73.805412
94.546197, 75.390671
94.317501, 76.975798
94.084322, 78.560789
93.846676, 80.145640
93.604582, 81.730349
93.358057, 83.314910
93.107118, 84.899321
92.851786, 86.483577
92.592077, 88.067675
92.328013, 89.651610
92.059611, 91.235379
91.786892, 92.818976
91.509877, 94.402398
91.228584, 95.985641
90.943036, 97.568700
90.653253, 99.151570
90.359257, 100.734247
90.061069, 102.316727
89.758711, 103.899004
89.452206, 105.481074
89.141576, 107.062931
88.826844, 108.644571
88.508034, 110.225989
88.185169, 111.807178
87.858272, 113.388135
87.527369, 114.968852
87.192483, 116.549326
86.853639, 118.129549
86.510863, 119.709516
86.164179, 121.289222
85.813613, 122.868659
85.459192, 124.447822
85.100941, 126.026704
84.738887, 127.605299
84.373056, 129.183600
84.003477, 130.761599
83.630176, 132.339291
83.253180, 133.916668
82.872519, 135.493723
82.488219, 137.070447
82.100310, 138.646833
81.708820, 140.222874
81.313779, 141.798561
80.915216, 143.373886
80.513159, 144.948840
80.107640, 146.523414
79.698688, 148.097600
79.286334, 149.671389
78.870608, 151.244770
78.451541, 152.817735
78.029165, 154.390272
77.603510, 155.962373
77.174610, 157.534026
76.742494, 159.105221
76.307197, 160.675946
75.868749, 162.246190
75.427185, 163.815942
74.982536, 165.385189
74.534837, 166.953919
74.084120, 168.522120
73.630419, 170.089777
73.173769, 171.656878
72.714203, 173.223408
72.251756, 174.789354
71.786462, 176.354700
71.318357, 177.919432
70.847475, 179.483533
70.373852, 181.046988
69.897523, 182.609780
69.418525, 184.171892
68.936893, 185.733305
68.452664, 187.294003
67.965874, 188.853965
67.476560, 190.413173
66.984759, 191.971607
66.490508, 193.529245
65.993845, 195.086066
65.494807, 196.642048
64.993432, 198.197169
64.489757, 199.751404
63.983823, 201.304730
63.475666, 202.857120
62.965326, 204.408549
62.452842, 205.958989
61.938252, 207.508413
61.421597, 209.056791
60.902916, 210.604093
60.382248, 212.150288
59.859634, 213.695344
59.335114, 215.239227
58.808728, 216.781902
58.280518, 218.323334
57.750524, 219.863484
57.218788, 221.402313
56.685350, 222.939782
56.150252, 224.475848
55.613537, 226.010467
55.075245, 227.543594
54.535421, 229.075182
53.994105, 230.605182
53.451342, 232.133542
52.907173, 233.660208
52.361642, 235.185126
51.814793, 236.708238
51.266670, 238.229482
50.717316, 239.748796
50.166776, 241.266114
49.615095, 242.781368
49.062316, 244.294485
48.508487, 245.805391
47.953651, 247.314007
47.397854, 248.820251
46.841144, 250.324038
46.283565, 251.825277
45.725165, 253.323874
45.165992, 254.819731
44.606091, 256.312744
44.045512, 257.802805
43.484303, 259.289799
42.922511, 260.773606
42.360187, 262.254102
41.797380, 263.731153
41.234140, 265.204620
40.670517, 266.674356
40.106562, 268.140207
39.542328, 269.602011
38.977866, 271.059594
38.413229, 272.512776
37.848472, 273.961365
37.283647, 275.405159
36.718811, 276.843942
36.154019, 278.277489
35.589328, 279.705559
35.024795, 281.127897
34.460480, 282.544233
33.896442, 283.954279
33.332741, 285.357730
32.769441, 286.754263
32.206605, 288.143530
31.644298, 289.525165
31.082586, 290.898774
30.521537, 292.263938
29.961223, 293.620209
29.401714, 294.967108
28.843086, 296.304123
28.285415, 297.630704
27.728780, 298.946260
27.173265, 300.250160
26.618953, 301.541721
26.065933, 302.820212
25.514300, 304.084843
24.964148, 305.334762
24.415579, 306.569050
23.868700, 307.786712
23.323622, 308.986671
22.780464, 310.167761
22.239350, 311.328715
21.700412, 312.468157
21.163792, 313.584589
20.629639, 314.676380
20.098116, 315.741751
19.569393, 316.778760
19.043658, 317.785282
18.521110, 318.758991
18.001968, 319.697338
17.486467, 320.597527
16.974865, 321.456487
16.467443, 322.270841
15.964510, 323.036876
15.466405, 323.750504
14.973503, 324.407226
14.486217, 325.002088
14.005007, 325.529636
13.530385, 325.983874
13.062917, 326.358220
12.603242, 326.645459
12.152068, 326.837715
11.710193, 326.926421
11.278508, 326.902323
10.858014, 326.755501
10.449828, 326.475441
10.055202, 326.051170
9.675530, 325.471463
9.312356, 324.725178
8.967383, 323.801710
8.642466, 322.691618
8.339607, 321.387437
8.060929, 319.884659
7.808637, 318.182871
7.584960, 316.286952
7.392071, 314.208193
7.231993, 311.965144
7.106484, 309.583956
7.016925, 307.098008
6.964216, 304.546694
6.948700, 301.973401
6.970122, 299.422915
7.027639, 296.938596
7.119865, 294.559786
7.244970, 292.319794
7.400782, 290.244695
7.584910, 288.352964
7.794858, 286.655821
8.028115, 285.158087
8.282239, 283.859302
8.554905, 282.754922
8.843944, 281.837459
9.147359, 281.097456
9.463334, 280.524303
9.790229, 280.106853
10.126573, 279.833886
10.471051, 279.694431
10.822493, 279.677982
11.179858, 279.774627
11.542219, 279.975119
11.908755, 280.270900
12.278733, 280.654103
12.651502, 281.117522
13.026480, 281.654579
13.403148, 282.259288
13.781040, 282.926203
14.159738, 283.650375
14.538866, 284.427311
14.918086, 285.252929
15.297091, 286.123523
15.675602, 287.035720
16.053367, 287.986456
16.430156, 288.972937
16.805756, 289.992621
17.179976, 291.043187
17.552638, 292.122513
17.923577, 293.228662
18.292644, 294.359859
18.659699, 295.514477
19.024610, 296.691023
19.387258, 297.888125
19.747531, 299.104520
20.105321, 300.339046
20.460532, 301.590631
20.813070, 302.858283
21.162848, 304.141088
21.509784, 305.438197
21.853801, 306.748827
22.194824, 308.072248
22.532785, 309.407785
22.867617, 310.754808
23.199258, 312.112733
23.527648, 313.481014
23.852729, 314.859143
24.174448, 316.246647
24.492751, 317.643082
24.807590, 319.048034
25.118917, 320.461115
25.426685, 321.881963
25.730850, 323.310238
26.031370, 324.745619
26.328204, 326.187808
26.621314, 327.636524
26.910660, 329.091501
27.196206, 330.552490
27.477918, 332.019259
27.755760, 333.491585
28.029700, 334.969262
28.299707, 336.452093
28.565749, 337.939893
28.827796, 339.432487
29.085820, 340.929712
29.339792, 342.431410
29.589686, 343.937436
29.835475, 345.447650
30.077133, 346.961920
30.314637, 348.480122
30.547963, 350.002138
30.777086, 351.527857
31.001985, 353.057173
31.222638, 354.589987
31.439025, 356.126204
31.651123, 357.665735
31.858915, 359.208494
32.062381, 0.754402
32.261501, 2.303382
32.456260, 3.855363
32.646638, 5.410277
32.832621, 6.968060
33.014190, 8.528650
33.191332, 10.091990
33.364030, 11.658026
33.532272, 13.226707
33.696041, 14.797984
33.855327, 16.371812
34.010114, 17.948148
34.160392, 19.526951
34.306149, 21.108185
34.447373, 22.691812
34.584053, 24.277801
34.716180, 25.866120
34.843744, 27.456741
34.966735, 29.049636
35.085145, 30.644780
35.198965, 32.242152
35.308189, 33.841729
35.412808, 35.443493
35.512816, 37.047427
35.608207, 38.653514
35.698974, 40.261740
35.785114, 41.872094
35.866621, 43.484564
35.943490, 45.099142
36.015718, 46.715819
36.083302, 48.334589
36.146239, 49.955449
36.204527, 51.578395
36.258163, 53.203425
36.307147, 54.830539
36.351477, 56.459738
36.391153, 58.091026
36.426176, 59.724406
36.456546, 61.359883
36.482264, 62.997466
36.503332, 64.637162
36.519752, 66.278982
36.531527, 67.922936
36.538659, 69.569037
36.541153, 71.217300
36.539013, 72.867740
36.532242, 74.520374
36.520848, 76.175222
36.504834, 77.832303
36.484208, 79.491638
36.458977, 81.153252
36.429147, 82.817169
36.394727, 84.483415
36.355725, 86.152020
36.312149, 87.823011
36.264011, 89.496422
36.211319, 91.172286
36.154084, 92.850637
36.092318, 94.531512
36.026033, 96.214952
35.955240, 97.900995
35.879953, 99.589686
35.800186, 101.281070
35.715953, 102.975193
35.627268, 104.672105
35.534148, 106.371857
35.436608, 108.074503
35.334665, 109.780101
35.228338, 111.488708
35.117643, 113.200387
35.002601, 114.915201
34.883230, 116.633218
34.759551, 118.354509
34.631586, 120.079145
34.499355, 121.807203
34.362882, 123.538763
34.222190, 125.273908
34.077304, 127.012724
33.928248, 128.755302
33.775048, 130.501734
33.617732, 132.252121
33.456327, 134.006564
33.290863, 135.765169
33.121367, 137.528048
32.947872, 139.295317
32.770409, 141.067098
32.589011, 142.843516
32.403712, 144.624703
32.214547, 146.410797
32.021551, 148.201942
31.824764, 149.998287
31.624222, 151.799989
31.419967, 153.607212
31.212039, 155.420125
31.000482, 157.238908
30.785340, 159.063746
30.566659, 160.894834
30.344487, 162.732377
30.118872, 164.576585
29.889866, 166.427683
29.657521, 168.285902
29.421893, 170.151486
29.183038, 172.024689
28.941015, 173.905780
28.695886, 175.795035
28.447714, 177.692748
28.196565, 179.599225
27.942508, 181.514787
27.685615, 183.439769
27.425959, 185.374524
27.163619, 187.319420
26.898674, 189.274844
26.631211, 191.241203
26.361315, 193.218922
26.089079, 195.208446
25.814598, 197.210244
25.537973, 199.224807
25.259308, 201.252649
24.978713, 203.294312
24.696302, 205.350361
24.412195, 207.421392
24.126520, 209.508027
23.839407, 211.610921
23.550996, 213.730760
23.261433, 215.868261
22.970870, 218.024179
22.679470, 220.199301
22.387403, 222.394452
22.094846, 224.610498
21.801989, 226.848339
21.509030, 229.108918
21.216179, 231.393219
20.923656, 233.702267
20.631697, 236.037126
20.340546, 238.398903
20.050464, 240.788747
19.761727, 243.207844
19.474624, 245.657417
19.189463, 248.138726
18.906567, 250.653061
18.626279, 253.201739
18.348959, 255.786096
18.074989, 258.407483
17.804769, 261.067254
17.538723, 263.766759
17.277295, 266.507324
17.020951, 269.290245
16.770180, 272.116764
16.525496, 274.988049
16.287432, 277.905175
16.056545, 280.869096
15.833412, 283.880617
15.618632, 286.940362
15.412819, 290.048745
15.216605, 293.205929
15.030634, 296.411796
14.855560, 299.665911
14.692040, 302.967481
14.540735, 306.315333
14.402296, 309.707876
14.277365, 313.143086
14.166567, 316.618484
14.070500, 320.131139
13.989729, 323.677663
13.924782, 327.254235
13.876138, 330.856627
13.844223, 334.480247
13.829403, 338.120191
13.831981, 341.771313
13.852187, 345.428293
13.890182, 349.085722
13.946053, 352.738185
14.019812, 356.380346
14.111399, 0.007027
14.220684, 3.613286
14.347471, 7.194482
14.491501, 10.746332
14.652460, 14.264955
14.829986, 17.746899
15.023670, 21.189166
15.233071, 24.589214
15.457717, 27.944953
15.697112, 31.254732
15.950744, 34.517319
16.218091, 37.731869
16.498624, 40.897898
16.791814, 44.015244
17.097133, 47.084034
17.414063, 50.104647
17.742090, 53.077680
18.080717, 56.003915
18.429457, 58.884285
18.787839, 61.719851
19.155408, 64.511771
19.531726, 67.261277
19.916371, 69.969659
20.308939, 72.638242
20.709043, 75.268373
21.116312, 77.861407
21.530394, 80.418696
21.950950, 82.941582
22.377659, 85.431384
22.810215, 87.889399
23.248325, 90.316891
23.691710, 92.715091
24.140107, 95.085192
24.593261, 97.428347
25.050932, 99.745672
25.512890, 102.038240
25.978918, 104.307081
26.448805, 106.553186
26.922352, 108.777506
27.399368, 110.980950
27.879673, 113.164388
28.363090, 115.328652
28.849454, 117.474539
29.338604, 119.602808
29.830388, 121.714184
30.324658, 123.809358
30.821272, 125.888992
31.320096, 127.953715
31.820997, 130.004128
32.323851, 132.040803
32.828535, 134.064285
33.334932, 136.075097
33.842929, 138.073734
34.352417, 140.060669
34.863289, 142.036355
35.375443, 144.001221
35.888780, 145.955679
36.403202, 147.900121
36.918616, 149.834921
37.434931, 151.760436
37.952057, 153.677006
38.469910, 155.584957
38.988404, 157.484601
39.507457, 159.376234
40.026990, 161.260140
40.546923, 163.136591
41.067181, 165.005846
41.587689, 166.868153
42.108374, 168.723750
42.629163, 170.572865
43.149987, 172.415714
43.670777, 174.252505
44.191464, 176.083440
44.711983, 177.908708
45.232269, 179.728493
45.752257, 181.542971
46.271884, 183.352310
46.791089, 185.156672
47.309810, 186.956211
47.827987, 188.751078
48.345560, 190.541414
48.862473, 192.327357
49.378666, 194.109038
49.894084, 195.886586
50.408670, 197.660121
50.922369, 199.429760
51.435127, 201.195616
51.946889, 202.957798
52.457603, 204.716410
52.967215, 206.471553
53.475674, 208.223322
53.982928, 209.971811
54.488927, 211.717110
54.993620, 213.459305
55.496957, 215.198479
55.998890, 216.934713
56.499369, 218.668085
56.998346, 220.398668
57.495774, 222.126535
57.991605, 223.851756
58.485792, 225.574398
58.978289, 227.294524
59.469050, 229.012199
59.958029, 230.727483
60.445181, 232.440434
60.930463, 234.151108
61.413828, 235.859559
61.895234, 237.565842
62.374636, 239.270006
62.851993, 240.972102
63.327260, 242.672176
63.800396, 244.370275
64.271358, 246.066444
64.740105, 247.760726
65.206596, 249.453162
65.670789, 251.143794
66.132644, 252.832660
66.592120, 254.519798
67.049179, 256.205246
67.503779, 257.889040
67.955883, 259.571212
68.405450, 261.251798
68.852443, 262.930830
69.296823, 264.608338
69.738552, 266.284355
70.177593, 267.958909
##END=
