##TITLE= Parameter file, TopSpin 4.3.0
##JCAMPDX= 5.0
##DATATYPE= Parameter Values
##ORIGIN= Bruker BioSpin GmbH
##OWNER= nmrsu
$$ 2024-05-09 15:32:51.475 +0100  nmrsu@4CE1161FJM
$$ C:/Bruker/TopSpin4.3.0/exp/stan/nmr/lists/wave/user/multisupp_aux_d8
$$ process C:\Bruker\TopSpin4.3.0\prog\mod\xwinshape.exe
##MINX= 0.45106800
##MAXX= 99.99938900
##MINY= 0.16799800
##MAXY= 359.83200200
##$SHAPE_ADDPHASE= 0
##$SHAPE_AMP= 99.99938934
##$SHAPE_BWFAC= 0
##$SHAPE_BWFAC50= 0
##$SHAPE_CALCBW= yes
##$SHAPE_CALCINTEG= yes
##$SHAPE_EXMODE= <Excitation>
##$SHAPE_EXPAND= <>
##$SHAPE_EXPANDCF= (0..143)
0 0 0 0 0 0 0 0 0 0 0 0 0 0 0 0 0 0 0 0 0 0 0 0 0 0 0 0 0 0 0 0 0 0 0 0
0 0 0 0 0 0 0 0 0 0 0 0 0 0 0 0 0 0 0 0 0 0 0 0 0 0 0 0 0 0 0 0 0 0 0 0
0 0 0 0 0 0 0 0 0 0 0 0 0 0 0 0 0 0 0 0 0 0 0 0 0 0 0 0 0 0 0 0 0 0 0 0
0 0 0 0 0 0 0 0 0 0 0 0 0 0 0 0 0 0 0 0 0 0 0 0 0 0 0 0 0 0 0 0 0 0 0 0
##$SHAPE_EXPFAC= 0
##$SHAPE_FRACEND= 0
##$SHAPE_FRACORG= 0
##$SHAPE_FRACSTART= 0
##$SHAPE_INTEGFAC= 0
##$SHAPE_KEEPRES= yes
##$SHAPE_LENGTH= 25000.000373
##$SHAPE_MAN= <M>
##$SHAPE_MODE= 3
##$SHAPE_MODFREQ= 0
##$SHAPE_MODPHASE= 0
##$SHAPE_MODSCALE= 0
##$SHAPE_MODSW= 0
##$SHAPE_MODSWDIR= -1
##$SHAPE_NPOINTS= 1250
##$SHAPE_OFFS= <1 3>
##$SHAPE_OFFSCOEFF= (0..95)
-157.96185 0 100 -225.64862 0 100 -294.20289 0 100 0 0 0 0 0 0 0 0 0 0
0 0 0 0 0 0 0 0 0 0 0 0 0 0 0 0 0 0 0 0 0 0 0 0 0 0 0 0 0 0 0 0 0 0 0 0
0 0 0 0 0 0 0 0 0 0 0 0 0 0 0 0 0 0 0 0 0 0 0 0 0 0 0 0 0 0 0 0 0 0 0 0
0 0 0 0 0
##$SHAPE_PARAMETER= <>
##$SHAPE_REPHFAC= 0
##$SHAPE_RES= 0
##$SHAPE_SCALEFAC= 1.00000611
##$SHAPE_SCALETYPE= 0
##$SHAPE_SPOAL= 0
##$SHAPE_SPOFFS= 0
##$SHAPE_SPOPH= 0
##$SHAPE_TOTROT= 90
##$SHAPE_TYPE= <Excitation>
##$SHAPE_USER_DEF= <>
##$SHAPE_VERSION= 2.1
##$SHL_ADDPHASE= (0..15)
0 0 0 0 0 0 0 0 0 0 0 0 0 0 0 0
##$SHL_ALIGNOFFSET= (0..15)
0 0 0 0 0 0 0 0 0 0 0 0 0 0 0 0
##$SHL_AMP= (0..15)
100 0 0 0 0 0 0 0 0 0 0 0 0 0 0 0
##$SHL_AMPFAC= (0..15)
0 0 0 0 0 0 0 0 0 0 0 0 0 0 0 0
##$SHL_BETA= (0..15)
0 0 0 0 0 0 0 0 0 0 0 0 0 0 0 0
##$SHL_BWFAC= (0..15)
1.116 0 0 0 0 0 0 0 0 0 0 0 0 0 0 0
##$SHL_CALCBW= (0..15)
yes yes yes yes yes yes yes yes yes yes yes yes yes yes yes yes
##$SHL_CALCINTEG= (0..15)
yes yes yes yes yes yes yes yes yes yes yes yes yes yes yes yes
##$SHL_CENTERAMP= (0..15)
0 0 0 0 0 0 0 0 0 0 0 0 0 0 0 0
##$SHL_CYCNUM= (0..15)
0 0 0 0 0 0 0 0 0 0 0 0 0 0 0 0
##$SHL_DIPOLCPL= (0..15)
0 0 0 0 0 0 0 0 0 0 0 0 0 0 0 0
##$SHL_ENDAMP= (0..15)
0 0 0 0 0 0 0 0 0 0 0 0 0 0 0 0
##$SHL_EXMODE= (0..15)
<Excitation> <> <> <> <> <> <> <> <> <> <> <> <> <> <> <>
##$SHL_EXPAND= (0..15)
<> <> <> <> <> <> <> <> <> <> <> <> <> <> <> <>
##$SHL_EXPANDCF0= (0..143)
0 0 0 0 0 0 0 0 0 0 0 0 0 0 0 0 0 0 0 0 0 0 0 0 0 0 0 0 0 0 0 0 0 0 0 0
0 0 0 0 0 0 0 0 0 0 0 0 0 0 0 0 0 0 0 0 0 0 0 0 0 0 0 0 0 0 0 0 0 0 0 0
0 0 0 0 0 0 0 0 0 0 0 0 0 0 0 0 0 0 0 0 0 0 0 0 0 0 0 0 0 0 0 0 0 0 0 0
0 0 0 0 0 0 0 0 0 0 0 0 0 0 0 0 0 0 0 0 0 0 0 0 0 0 0 0 0 0 0 0 0 0 0 0
##$SHL_EXPANDCF1= (0..143)
0 0 0 0 0 0 0 0 0 0 0 0 0 0 0 0 0 0 0 0 0 0 0 0 0 0 0 0 0 0 0 0 0 0 0 0
0 0 0 0 0 0 0 0 0 0 0 0 0 0 0 0 0 0 0 0 0 0 0 0 0 0 0 0 0 0 0 0 0 0 0 0
0 0 0 0 0 0 0 0 0 0 0 0 0 0 0 0 0 0 0 0 0 0 0 0 0 0 0 0 0 0 0 0 0 0 0 0
0 0 0 0 0 0 0 0 0 0 0 0 0 0 0 0 0 0 0 0 0 0 0 0 0 0 0 0 0 0 0 0 0 0 0 0
##$SHL_EXPANDCF10= (0..143)
0 0 0 0 0 0 0 0 0 0 0 0 0 0 0 0 0 0 0 0 0 0 0 0 0 0 0 0 0 0 0 0 0 0 0 0
0 0 0 0 0 0 0 0 0 0 0 0 0 0 0 0 0 0 0 0 0 0 0 0 0 0 0 0 0 0 0 0 0 0 0 0
0 0 0 0 0 0 0 0 0 0 0 0 0 0 0 0 0 0 0 0 0 0 0 0 0 0 0 0 0 0 0 0 0 0 0 0
0 0 0 0 0 0 0 0 0 0 0 0 0 0 0 0 0 0 0 0 0 0 0 0 0 0 0 0 0 0 0 0 0 0 0 0
##$SHL_EXPANDCF11= (0..143)
0 0 0 0 0 0 0 0 0 0 0 0 0 0 0 0 0 0 0 0 0 0 0 0 0 0 0 0 0 0 0 0 0 0 0 0
0 0 0 0 0 0 0 0 0 0 0 0 0 0 0 0 0 0 0 0 0 0 0 0 0 0 0 0 0 0 0 0 0 0 0 0
0 0 0 0 0 0 0 0 0 0 0 0 0 0 0 0 0 0 0 0 0 0 0 0 0 0 0 0 0 0 0 0 0 0 0 0
0 0 0 0 0 0 0 0 0 0 0 0 0 0 0 0 0 0 0 0 0 0 0 0 0 0 0 0 0 0 0 0 0 0 0 0
##$SHL_EXPANDCF12= (0..143)
0 0 0 0 0 0 0 0 0 0 0 0 0 0 0 0 0 0 0 0 0 0 0 0 0 0 0 0 0 0 0 0 0 0 0 0
0 0 0 0 0 0 0 0 0 0 0 0 0 0 0 0 0 0 0 0 0 0 0 0 0 0 0 0 0 0 0 0 0 0 0 0
0 0 0 0 0 0 0 0 0 0 0 0 0 0 0 0 0 0 0 0 0 0 0 0 0 0 0 0 0 0 0 0 0 0 0 0
0 0 0 0 0 0 0 0 0 0 0 0 0 0 0 0 0 0 0 0 0 0 0 0 0 0 0 0 0 0 0 0 0 0 0 0
##$SHL_EXPANDCF13= (0..143)
0 0 0 0 0 0 0 0 0 0 0 0 0 0 0 0 0 0 0 0 0 0 0 0 0 0 0 0 0 0 0 0 0 0 0 0
0 0 0 0 0 0 0 0 0 0 0 0 0 0 0 0 0 0 0 0 0 0 0 0 0 0 0 0 0 0 0 0 0 0 0 0
0 0 0 0 0 0 0 0 0 0 0 0 0 0 0 0 0 0 0 0 0 0 0 0 0 0 0 0 0 0 0 0 0 0 0 0
0 0 0 0 0 0 0 0 0 0 0 0 0 0 0 0 0 0 0 0 0 0 0 0 0 0 0 0 0 0 0 0 0 0 0 0
##$SHL_EXPANDCF14= (0..143)
0 0 0 0 0 0 0 0 0 0 0 0 0 0 0 0 0 0 0 0 0 0 0 0 0 0 0 0 0 0 0 0 0 0 0 0
0 0 0 0 0 0 0 0 0 0 0 0 0 0 0 0 0 0 0 0 0 0 0 0 0 0 0 0 0 0 0 0 0 0 0 0
0 0 0 0 0 0 0 0 0 0 0 0 0 0 0 0 0 0 0 0 0 0 0 0 0 0 0 0 0 0 0 0 0 0 0 0
0 0 0 0 0 0 0 0 0 0 0 0 0 0 0 0 0 0 0 0 0 0 0 0 0 0 0 0 0 0 0 0 0 0 0 0
##$SHL_EXPANDCF15= (0..143)
0 0 0 0 0 0 0 0 0 0 0 0 0 0 0 0 0 0 0 0 0 0 0 0 0 0 0 0 0 0 0 0 0 0 0 0
0 0 0 0 0 0 0 0 0 0 0 0 0 0 0 0 0 0 0 0 0 0 0 0 0 0 0 0 0 0 0 0 0 0 0 0
0 0 0 0 0 0 0 0 0 0 0 0 0 0 0 0 0 0 0 0 0 0 0 0 0 0 0 0 0 0 0 0 0 0 0 0
0 0 0 0 0 0 0 0 0 0 0 0 0 0 0 0 0 0 0 0 0 0 0 0 0 0 0 0 0 0 0 0 0 0 0 0
##$SHL_EXPANDCF2= (0..143)
0 0 0 0 0 0 0 0 0 0 0 0 0 0 0 0 0 0 0 0 0 0 0 0 0 0 0 0 0 0 0 0 0 0 0 0
0 0 0 0 0 0 0 0 0 0 0 0 0 0 0 0 0 0 0 0 0 0 0 0 0 0 0 0 0 0 0 0 0 0 0 0
0 0 0 0 0 0 0 0 0 0 0 0 0 0 0 0 0 0 0 0 0 0 0 0 0 0 0 0 0 0 0 0 0 0 0 0
0 0 0 0 0 0 0 0 0 0 0 0 0 0 0 0 0 0 0 0 0 0 0 0 0 0 0 0 0 0 0 0 0 0 0 0
##$SHL_EXPANDCF3= (0..143)
0 0 0 0 0 0 0 0 0 0 0 0 0 0 0 0 0 0 0 0 0 0 0 0 0 0 0 0 0 0 0 0 0 0 0 0
0 0 0 0 0 0 0 0 0 0 0 0 0 0 0 0 0 0 0 0 0 0 0 0 0 0 0 0 0 0 0 0 0 0 0 0
0 0 0 0 0 0 0 0 0 0 0 0 0 0 0 0 0 0 0 0 0 0 0 0 0 0 0 0 0 0 0 0 0 0 0 0
0 0 0 0 0 0 0 0 0 0 0 0 0 0 0 0 0 0 0 0 0 0 0 0 0 0 0 0 0 0 0 0 0 0 0 0
##$SHL_EXPANDCF4= (0..143)
0 0 0 0 0 0 0 0 0 0 0 0 0 0 0 0 0 0 0 0 0 0 0 0 0 0 0 0 0 0 0 0 0 0 0 0
0 0 0 0 0 0 0 0 0 0 0 0 0 0 0 0 0 0 0 0 0 0 0 0 0 0 0 0 0 0 0 0 0 0 0 0
0 0 0 0 0 0 0 0 0 0 0 0 0 0 0 0 0 0 0 0 0 0 0 0 0 0 0 0 0 0 0 0 0 0 0 0
0 0 0 0 0 0 0 0 0 0 0 0 0 0 0 0 0 0 0 0 0 0 0 0 0 0 0 0 0 0 0 0 0 0 0 0
##$SHL_EXPANDCF5= (0..143)
0 0 0 0 0 0 0 0 0 0 0 0 0 0 0 0 0 0 0 0 0 0 0 0 0 0 0 0 0 0 0 0 0 0 0 0
0 0 0 0 0 0 0 0 0 0 0 0 0 0 0 0 0 0 0 0 0 0 0 0 0 0 0 0 0 0 0 0 0 0 0 0
0 0 0 0 0 0 0 0 0 0 0 0 0 0 0 0 0 0 0 0 0 0 0 0 0 0 0 0 0 0 0 0 0 0 0 0
0 0 0 0 0 0 0 0 0 0 0 0 0 0 0 0 0 0 0 0 0 0 0 0 0 0 0 0 0 0 0 0 0 0 0 0
##$SHL_EXPANDCF6= (0..143)
0 0 0 0 0 0 0 0 0 0 0 0 0 0 0 0 0 0 0 0 0 0 0 0 0 0 0 0 0 0 0 0 0 0 0 0
0 0 0 0 0 0 0 0 0 0 0 0 0 0 0 0 0 0 0 0 0 0 0 0 0 0 0 0 0 0 0 0 0 0 0 0
0 0 0 0 0 0 0 0 0 0 0 0 0 0 0 0 0 0 0 0 0 0 0 0 0 0 0 0 0 0 0 0 0 0 0 0
0 0 0 0 0 0 0 0 0 0 0 0 0 0 0 0 0 0 0 0 0 0 0 0 0 0 0 0 0 0 0 0 0 0 0 0
##$SHL_EXPANDCF7= (0..143)
0 0 0 0 0 0 0 0 0 0 0 0 0 0 0 0 0 0 0 0 0 0 0 0 0 0 0 0 0 0 0 0 0 0 0 0
0 0 0 0 0 0 0 0 0 0 0 0 0 0 0 0 0 0 0 0 0 0 0 0 0 0 0 0 0 0 0 0 0 0 0 0
0 0 0 0 0 0 0 0 0 0 0 0 0 0 0 0 0 0 0 0 0 0 0 0 0 0 0 0 0 0 0 0 0 0 0 0
0 0 0 0 0 0 0 0 0 0 0 0 0 0 0 0 0 0 0 0 0 0 0 0 0 0 0 0 0 0 0 0 0 0 0 0
##$SHL_EXPANDCF8= (0..143)
0 0 0 0 0 0 0 0 0 0 0 0 0 0 0 0 0 0 0 0 0 0 0 0 0 0 0 0 0 0 0 0 0 0 0 0
0 0 0 0 0 0 0 0 0 0 0 0 0 0 0 0 0 0 0 0 0 0 0 0 0 0 0 0 0 0 0 0 0 0 0 0
0 0 0 0 0 0 0 0 0 0 0 0 0 0 0 0 0 0 0 0 0 0 0 0 0 0 0 0 0 0 0 0 0 0 0 0
0 0 0 0 0 0 0 0 0 0 0 0 0 0 0 0 0 0 0 0 0 0 0 0 0 0 0 0 0 0 0 0 0 0 0 0
##$SHL_EXPANDCF9= (0..143)
0 0 0 0 0 0 0 0 0 0 0 0 0 0 0 0 0 0 0 0 0 0 0 0 0 0 0 0 0 0 0 0 0 0 0 0
0 0 0 0 0 0 0 0 0 0 0 0 0 0 0 0 0 0 0 0 0 0 0 0 0 0 0 0 0 0 0 0 0 0 0 0
0 0 0 0 0 0 0 0 0 0 0 0 0 0 0 0 0 0 0 0 0 0 0 0 0 0 0 0 0 0 0 0 0 0 0 0
0 0 0 0 0 0 0 0 0 0 0 0 0 0 0 0 0 0 0 0 0 0 0 0 0 0 0 0 0 0 0 0 0 0 0 0
##$SHL_EXPFAC= (0..15)
0 0 0 0 0 0 0 0 0 0 0 0 0 0 0 0
##$SHL_FRACEND= (0..15)
0 0 0 0 0 0 0 0 0 0 0 0 0 0 0 0
##$SHL_FRACORG= (0..15)
0 0 0 0 0 0 0 0 0 0 0 0 0 0 0 0
##$SHL_FRACSTART= (0..15)
0 0 0 0 0 0 0 0 0 0 0 0 0 0 0 0
##$SHL_FULLHALF= (0..15)
0 0 0 0 0 0 0 0 0 0 0 0 0 0 0 0
##$SHL_FUNCAMP= (0..15)
100 0 0 0 0 0 0 0 0 0 0 0 0 0 0 0
##$SHL_FUNCTION= (0..15)
<Rectangle> <> <> <> <> <> <> <> <> <> <> <> <> <> <> <>
##$SHL_GCO= (0..15)
<> <> <> <> <> <> <> <> <> <> <> <> <> <> <> <>
##$SHL_GCOCOEFFS0= (0..59)
0 0 0 0 0 0 0 0 0 0 0 0 0 0 0 0 0 0 0 0 0 0 0 0 0 0 0 0 0 0 0 0 0 0 0 0
0 0 0 0 0 0 0 0 0 0 0 0 0 0 0 0 0 0 0 0 0 0 0 0
##$SHL_GCOCOEFFS1= (0..59)
0 0 0 0 0 0 0 0 0 0 0 0 0 0 0 0 0 0 0 0 0 0 0 0 0 0 0 0 0 0 0 0 0 0 0 0
0 0 0 0 0 0 0 0 0 0 0 0 0 0 0 0 0 0 0 0 0 0 0 0
##$SHL_GCOCOEFFS10= (0..59)
0 0 0 0 0 0 0 0 0 0 0 0 0 0 0 0 0 0 0 0 0 0 0 0 0 0 0 0 0 0 0 0 0 0 0 0
0 0 0 0 0 0 0 0 0 0 0 0 0 0 0 0 0 0 0 0 0 0 0 0
##$SHL_GCOCOEFFS11= (0..59)
0 0 0 0 0 0 0 0 0 0 0 0 0 0 0 0 0 0 0 0 0 0 0 0 0 0 0 0 0 0 0 0 0 0 0 0
0 0 0 0 0 0 0 0 0 0 0 0 0 0 0 0 0 0 0 0 0 0 0 0
##$SHL_GCOCOEFFS12= (0..59)
0 0 0 0 0 0 0 0 0 0 0 0 0 0 0 0 0 0 0 0 0 0 0 0 0 0 0 0 0 0 0 0 0 0 0 0
0 0 0 0 0 0 0 0 0 0 0 0 0 0 0 0 0 0 0 0 0 0 0 0
##$SHL_GCOCOEFFS13= (0..59)
0 0 0 0 0 0 0 0 0 0 0 0 0 0 0 0 0 0 0 0 0 0 0 0 0 0 0 0 0 0 0 0 0 0 0 0
0 0 0 0 0 0 0 0 0 0 0 0 0 0 0 0 0 0 0 0 0 0 0 0
##$SHL_GCOCOEFFS14= (0..59)
0 0 0 0 0 0 0 0 0 0 0 0 0 0 0 0 0 0 0 0 0 0 0 0 0 0 0 0 0 0 0 0 0 0 0 0
0 0 0 0 0 0 0 0 0 0 0 0 0 0 0 0 0 0 0 0 0 0 0 0
##$SHL_GCOCOEFFS15= (0..59)
0 0 0 0 0 0 0 0 0 0 0 0 0 0 0 0 0 0 0 0 0 0 0 0 0 0 0 0 0 0 0 0 0 0 0 0
0 0 0 0 0 0 0 0 0 0 0 0 0 0 0 0 0 0 0 0 0 0 0 0
##$SHL_GCOCOEFFS2= (0..59)
0 0 0 0 0 0 0 0 0 0 0 0 0 0 0 0 0 0 0 0 0 0 0 0 0 0 0 0 0 0 0 0 0 0 0 0
0 0 0 0 0 0 0 0 0 0 0 0 0 0 0 0 0 0 0 0 0 0 0 0
##$SHL_GCOCOEFFS3= (0..59)
0 0 0 0 0 0 0 0 0 0 0 0 0 0 0 0 0 0 0 0 0 0 0 0 0 0 0 0 0 0 0 0 0 0 0 0
0 0 0 0 0 0 0 0 0 0 0 0 0 0 0 0 0 0 0 0 0 0 0 0
##$SHL_GCOCOEFFS4= (0..59)
0 0 0 0 0 0 0 0 0 0 0 0 0 0 0 0 0 0 0 0 0 0 0 0 0 0 0 0 0 0 0 0 0 0 0 0
0 0 0 0 0 0 0 0 0 0 0 0 0 0 0 0 0 0 0 0 0 0 0 0
##$SHL_GCOCOEFFS5= (0..59)
0 0 0 0 0 0 0 0 0 0 0 0 0 0 0 0 0 0 0 0 0 0 0 0 0 0 0 0 0 0 0 0 0 0 0 0
0 0 0 0 0 0 0 0 0 0 0 0 0 0 0 0 0 0 0 0 0 0 0 0
##$SHL_GCOCOEFFS6= (0..59)
0 0 0 0 0 0 0 0 0 0 0 0 0 0 0 0 0 0 0 0 0 0 0 0 0 0 0 0 0 0 0 0 0 0 0 0
0 0 0 0 0 0 0 0 0 0 0 0 0 0 0 0 0 0 0 0 0 0 0 0
##$SHL_GCOCOEFFS7= (0..59)
0 0 0 0 0 0 0 0 0 0 0 0 0 0 0 0 0 0 0 0 0 0 0 0 0 0 0 0 0 0 0 0 0 0 0 0
0 0 0 0 0 0 0 0 0 0 0 0 0 0 0 0 0 0 0 0 0 0 0 0
##$SHL_GCOCOEFFS8= (0..59)
0 0 0 0 0 0 0 0 0 0 0 0 0 0 0 0 0 0 0 0 0 0 0 0 0 0 0 0 0 0 0 0 0 0 0 0
0 0 0 0 0 0 0 0 0 0 0 0 0 0 0 0 0 0 0 0 0 0 0 0
##$SHL_GCOCOEFFS9= (0..59)
0 0 0 0 0 0 0 0 0 0 0 0 0 0 0 0 0 0 0 0 0 0 0 0 0 0 0 0 0 0 0 0 0 0 0 0
0 0 0 0 0 0 0 0 0 0 0 0 0 0 0 0 0 0 0 0 0 0 0 0
##$SHL_INTEGFAC= (0..15)
1 0 0 0 0 0 0 0 0 0 0 0 0 0 0 0
##$SHL_LB= (0..15)
0 0 0 0 0 0 0 0 0 0 0 0 0 0 0 0
##$SHL_LEFTLIMIT= (0..15)
0 0 0 0 0 0 0 0 0 0 0 0 0 0 0 0
##$SHL_LENGTH= (0..15)
25000.000373 0 0 0 0 0 0 0 0 0 0 0 0 0 0 0
##$SHL_MAN= (0..15)
<> <> <> <> <> <> <> <> <> <> <> <> <> <> <> <>
##$SHL_MEANAMP= (0..15)
0 0 0 0 0 0 0 0 0 0 0 0 0 0 0 0
##$SHL_MODAMP= (0..15)
0 0 0 0 0 0 0 0 0 0 0 0 0 0 0 0
##$SHL_MODE= (0..15)
0 0 0 0 0 0 0 0 0 0 0 0 0 0 0 0
##$SHL_MODFREQ= (0..15)
0 0 0 0 0 0 0 0 0 0 0 0 0 0 0 0
##$SHL_MODPHASE= (0..15)
0 0 0 0 0 0 0 0 0 0 0 0 0 0 0 0
##$SHL_MODSCALE= (0..15)
0 0 0 0 0 0 0 0 0 0 0 0 0 0 0 0
##$SHL_MODSW= (0..15)
0 0 0 0 0 0 0 0 0 0 0 0 0 0 0 0
##$SHL_MODSWDIR= (0..15)
-1 -1 -1 -1 -1 -1 -1 -1 -1 -1 -1 -1 -1 -1 -1 -1
##$SHL_MU= (0..15)
0 0 0 0 0 0 0 0 0 0 0 0 0 0 0 0
##$SHL_NPOINTS= (0..15)
1250 0 0 0 0 0 0 0 0 0 0 0 0 0 0 0
##$SHL_OFFS= (0..15)
<> <> <> <> <> <> <> <> <> <> <> <> <> <> <> <>
##$SHL_OFFSCOEFF0= (0..95)
0 0 0 0 0 0 0 0 0 0 0 0 0 0 0 0 0 0 0 0 0 0 0 0 0 0 0 0 0 0 0 0 0 0 0 0
0 0 0 0 0 0 0 0 0 0 0 0 0 0 0 0 0 0 0 0 0 0 0 0 0 0 0 0 0 0 0 0 0 0 0 0
0 0 0 0 0 0 0 0 0 0 0 0 0 0 0 0 0 0 0 0 0 0 0 0
##$SHL_OFFSCOEFF1= (0..95)
0 0 0 0 0 0 0 0 0 0 0 0 0 0 0 0 0 0 0 0 0 0 0 0 0 0 0 0 0 0 0 0 0 0 0 0
0 0 0 0 0 0 0 0 0 0 0 0 0 0 0 0 0 0 0 0 0 0 0 0 0 0 0 0 0 0 0 0 0 0 0 0
0 0 0 0 0 0 0 0 0 0 0 0 0 0 0 0 0 0 0 0 0 0 0 0
##$SHL_OFFSCOEFF10= (0..95)
0 0 0 0 0 0 0 0 0 0 0 0 0 0 0 0 0 0 0 0 0 0 0 0 0 0 0 0 0 0 0 0 0 0 0 0
0 0 0 0 0 0 0 0 0 0 0 0 0 0 0 0 0 0 0 0 0 0 0 0 0 0 0 0 0 0 0 0 0 0 0 0
0 0 0 0 0 0 0 0 0 0 0 0 0 0 0 0 0 0 0 0 0 0 0 0
##$SHL_OFFSCOEFF11= (0..95)
0 0 0 0 0 0 0 0 0 0 0 0 0 0 0 0 0 0 0 0 0 0 0 0 0 0 0 0 0 0 0 0 0 0 0 0
0 0 0 0 0 0 0 0 0 0 0 0 0 0 0 0 0 0 0 0 0 0 0 0 0 0 0 0 0 0 0 0 0 0 0 0
0 0 0 0 0 0 0 0 0 0 0 0 0 0 0 0 0 0 0 0 0 0 0 0
##$SHL_OFFSCOEFF12= (0..95)
0 0 0 0 0 0 0 0 0 0 0 0 0 0 0 0 0 0 0 0 0 0 0 0 0 0 0 0 0 0 0 0 0 0 0 0
0 0 0 0 0 0 0 0 0 0 0 0 0 0 0 0 0 0 0 0 0 0 0 0 0 0 0 0 0 0 0 0 0 0 0 0
0 0 0 0 0 0 0 0 0 0 0 0 0 0 0 0 0 0 0 0 0 0 0 0
##$SHL_OFFSCOEFF13= (0..95)
0 0 0 0 0 0 0 0 0 0 0 0 0 0 0 0 0 0 0 0 0 0 0 0 0 0 0 0 0 0 0 0 0 0 0 0
0 0 0 0 0 0 0 0 0 0 0 0 0 0 0 0 0 0 0 0 0 0 0 0 0 0 0 0 0 0 0 0 0 0 0 0
0 0 0 0 0 0 0 0 0 0 0 0 0 0 0 0 0 0 0 0 0 0 0 0
##$SHL_OFFSCOEFF14= (0..95)
0 0 0 0 0 0 0 0 0 0 0 0 0 0 0 0 0 0 0 0 0 0 0 0 0 0 0 0 0 0 0 0 0 0 0 0
0 0 0 0 0 0 0 0 0 0 0 0 0 0 0 0 0 0 0 0 0 0 0 0 0 0 0 0 0 0 0 0 0 0 0 0
0 0 0 0 0 0 0 0 0 0 0 0 0 0 0 0 0 0 0 0 0 0 0 0
##$SHL_OFFSCOEFF15= (0..95)
0 0 0 0 0 0 0 0 0 0 0 0 0 0 0 0 0 0 0 0 0 0 0 0 0 0 0 0 0 0 0 0 0 0 0 0
0 0 0 0 0 0 0 0 0 0 0 0 0 0 0 0 0 0 0 0 0 0 0 0 0 0 0 0 0 0 0 0 0 0 0 0
0 0 0 0 0 0 0 0 0 0 0 0 0 0 0 0 0 0 0 0 0 0 0 0
##$SHL_OFFSCOEFF2= (0..95)
0 0 0 0 0 0 0 0 0 0 0 0 0 0 0 0 0 0 0 0 0 0 0 0 0 0 0 0 0 0 0 0 0 0 0 0
0 0 0 0 0 0 0 0 0 0 0 0 0 0 0 0 0 0 0 0 0 0 0 0 0 0 0 0 0 0 0 0 0 0 0 0
0 0 0 0 0 0 0 0 0 0 0 0 0 0 0 0 0 0 0 0 0 0 0 0
##$SHL_OFFSCOEFF3= (0..95)
0 0 0 0 0 0 0 0 0 0 0 0 0 0 0 0 0 0 0 0 0 0 0 0 0 0 0 0 0 0 0 0 0 0 0 0
0 0 0 0 0 0 0 0 0 0 0 0 0 0 0 0 0 0 0 0 0 0 0 0 0 0 0 0 0 0 0 0 0 0 0 0
0 0 0 0 0 0 0 0 0 0 0 0 0 0 0 0 0 0 0 0 0 0 0 0
##$SHL_OFFSCOEFF4= (0..95)
0 0 0 0 0 0 0 0 0 0 0 0 0 0 0 0 0 0 0 0 0 0 0 0 0 0 0 0 0 0 0 0 0 0 0 0
0 0 0 0 0 0 0 0 0 0 0 0 0 0 0 0 0 0 0 0 0 0 0 0 0 0 0 0 0 0 0 0 0 0 0 0
0 0 0 0 0 0 0 0 0 0 0 0 0 0 0 0 0 0 0 0 0 0 0 0
##$SHL_OFFSCOEFF5= (0..95)
0 0 0 0 0 0 0 0 0 0 0 0 0 0 0 0 0 0 0 0 0 0 0 0 0 0 0 0 0 0 0 0 0 0 0 0
0 0 0 0 0 0 0 0 0 0 0 0 0 0 0 0 0 0 0 0 0 0 0 0 0 0 0 0 0 0 0 0 0 0 0 0
0 0 0 0 0 0 0 0 0 0 0 0 0 0 0 0 0 0 0 0 0 0 0 0
##$SHL_OFFSCOEFF6= (0..95)
0 0 0 0 0 0 0 0 0 0 0 0 0 0 0 0 0 0 0 0 0 0 0 0 0 0 0 0 0 0 0 0 0 0 0 0
0 0 0 0 0 0 0 0 0 0 0 0 0 0 0 0 0 0 0 0 0 0 0 0 0 0 0 0 0 0 0 0 0 0 0 0
0 0 0 0 0 0 0 0 0 0 0 0 0 0 0 0 0 0 0 0 0 0 0 0
##$SHL_OFFSCOEFF7= (0..95)
0 0 0 0 0 0 0 0 0 0 0 0 0 0 0 0 0 0 0 0 0 0 0 0 0 0 0 0 0 0 0 0 0 0 0 0
0 0 0 0 0 0 0 0 0 0 0 0 0 0 0 0 0 0 0 0 0 0 0 0 0 0 0 0 0 0 0 0 0 0 0 0
0 0 0 0 0 0 0 0 0 0 0 0 0 0 0 0 0 0 0 0 0 0 0 0
##$SHL_OFFSCOEFF8= (0..95)
0 0 0 0 0 0 0 0 0 0 0 0 0 0 0 0 0 0 0 0 0 0 0 0 0 0 0 0 0 0 0 0 0 0 0 0
0 0 0 0 0 0 0 0 0 0 0 0 0 0 0 0 0 0 0 0 0 0 0 0 0 0 0 0 0 0 0 0 0 0 0 0
0 0 0 0 0 0 0 0 0 0 0 0 0 0 0 0 0 0 0 0 0 0 0 0
##$SHL_OFFSCOEFF9= (0..95)
0 0 0 0 0 0 0 0 0 0 0 0 0 0 0 0 0 0 0 0 0 0 0 0 0 0 0 0 0 0 0 0 0 0 0 0
0 0 0 0 0 0 0 0 0 0 0 0 0 0 0 0 0 0 0 0 0 0 0 0 0 0 0 0 0 0 0 0 0 0 0 0
0 0 0 0 0 0 0 0 0 0 0 0 0 0 0 0 0 0 0 0 0 0 0 0
##$SHL_PHASE= (0..15)
0 0 0 0 0 0 0 0 0 0 0 0 0 0 0 0
##$SHL_PHASEFAC= (0..15)
0 0 0 0 0 0 0 0 0 0 0 0 0 0 0 0
##$SHL_POWERINDEX= (0..15)
0 0 0 0 0 0 0 0 0 0 0 0 0 0 0 0
##$SHL_QUADCOEFF= (0..15)
0 0 0 0 0 0 0 0 0 0 0 0 0 0 0 0
##$SHL_RIGHTLIMIT= (0..15)
0 0 0 0 0 0 0 0 0 0 0 0 0 0 0 0
##$SHL_SCALEFACTOR= (0..15)
1 1 1 1 1 1 1 1 1 1 1 1 1 1 1 1
##$SHL_SF= (0..15)
<> <> <> <> <> <> <> <> <> <> <> <> <> <> <> <>
##$SHL_SFCOEFFS0= (0..200)
0 0 0 0 0 0 0 0 0 0 0 0 0 0 0 0 0 0 0 0 0 0 0 0 0 0 0 0 0 0 0 0 0 0 0 0
0 0 0 0 0 0 0 0 0 0 0 0 0 0 0 0 0 0 0 0 0 0 0 0 0 0 0 0 0 0 0 0 0 0 0 0
0 0 0 0 0 0 0 0 0 0 0 0 0 0 0 0 0 0 0 0 0 0 0 0 0 0 0 0 0 0 0 0 0 0 0 0
0 0 0 0 0 0 0 0 0 0 0 0 0 0 0 0 0 0 0 0 0 0 0 0 0 0 0 0 0 0 0 0 0 0 0 0
0 0 0 0 0 0 0 0 0 0 0 0 0 0 0 0 0 0 0 0 0 0 0 0 0 0 0 0 0 0 0 0 0 0 0 0
0 0 0 0 0 0 0 0 0 0 0 0 0 0 0 0 0 0 0 0 0
##$SHL_SFCOEFFS1= (0..200)
0 0 0 0 0 0 0 0 0 0 0 0 0 0 0 0 0 0 0 0 0 0 0 0 0 0 0 0 0 0 0 0 0 0 0 0
0 0 0 0 0 0 0 0 0 0 0 0 0 0 0 0 0 0 0 0 0 0 0 0 0 0 0 0 0 0 0 0 0 0 0 0
0 0 0 0 0 0 0 0 0 0 0 0 0 0 0 0 0 0 0 0 0 0 0 0 0 0 0 0 0 0 0 0 0 0 0 0
0 0 0 0 0 0 0 0 0 0 0 0 0 0 0 0 0 0 0 0 0 0 0 0 0 0 0 0 0 0 0 0 0 0 0 0
0 0 0 0 0 0 0 0 0 0 0 0 0 0 0 0 0 0 0 0 0 0 0 0 0 0 0 0 0 0 0 0 0 0 0 0
0 0 0 0 0 0 0 0 0 0 0 0 0 0 0 0 0 0 0 0 0
##$SHL_SFCOEFFS10= (0..200)
0 0 0 0 0 0 0 0 0 0 0 0 0 0 0 0 0 0 0 0 0 0 0 0 0 0 0 0 0 0 0 0 0 0 0 0
0 0 0 0 0 0 0 0 0 0 0 0 0 0 0 0 0 0 0 0 0 0 0 0 0 0 0 0 0 0 0 0 0 0 0 0
0 0 0 0 0 0 0 0 0 0 0 0 0 0 0 0 0 0 0 0 0 0 0 0 0 0 0 0 0 0 0 0 0 0 0 0
0 0 0 0 0 0 0 0 0 0 0 0 0 0 0 0 0 0 0 0 0 0 0 0 0 0 0 0 0 0 0 0 0 0 0 0
0 0 0 0 0 0 0 0 0 0 0 0 0 0 0 0 0 0 0 0 0 0 0 0 0 0 0 0 0 0 0 0 0 0 0 0
0 0 0 0 0 0 0 0 0 0 0 0 0 0 0 0 0 0 0 0 0
##$SHL_SFCOEFFS11= (0..200)
0 0 0 0 0 0 0 0 0 0 0 0 0 0 0 0 0 0 0 0 0 0 0 0 0 0 0 0 0 0 0 0 0 0 0 0
0 0 0 0 0 0 0 0 0 0 0 0 0 0 0 0 0 0 0 0 0 0 0 0 0 0 0 0 0 0 0 0 0 0 0 0
0 0 0 0 0 0 0 0 0 0 0 0 0 0 0 0 0 0 0 0 0 0 0 0 0 0 0 0 0 0 0 0 0 0 0 0
0 0 0 0 0 0 0 0 0 0 0 0 0 0 0 0 0 0 0 0 0 0 0 0 0 0 0 0 0 0 0 0 0 0 0 0
0 0 0 0 0 0 0 0 0 0 0 0 0 0 0 0 0 0 0 0 0 0 0 0 0 0 0 0 0 0 0 0 0 0 0 0
0 0 0 0 0 0 0 0 0 0 0 0 0 0 0 0 0 0 0 0 0
##$SHL_SFCOEFFS12= (0..200)
0 0 0 0 0 0 0 0 0 0 0 0 0 0 0 0 0 0 0 0 0 0 0 0 0 0 0 0 0 0 0 0 0 0 0 0
0 0 0 0 0 0 0 0 0 0 0 0 0 0 0 0 0 0 0 0 0 0 0 0 0 0 0 0 0 0 0 0 0 0 0 0
0 0 0 0 0 0 0 0 0 0 0 0 0 0 0 0 0 0 0 0 0 0 0 0 0 0 0 0 0 0 0 0 0 0 0 0
0 0 0 0 0 0 0 0 0 0 0 0 0 0 0 0 0 0 0 0 0 0 0 0 0 0 0 0 0 0 0 0 0 0 0 0
0 0 0 0 0 0 0 0 0 0 0 0 0 0 0 0 0 0 0 0 0 0 0 0 0 0 0 0 0 0 0 0 0 0 0 0
0 0 0 0 0 0 0 0 0 0 0 0 0 0 0 0 0 0 0 0 0
##$SHL_SFCOEFFS13= (0..200)
0 0 0 0 0 0 0 0 0 0 0 0 0 0 0 0 0 0 0 0 0 0 0 0 0 0 0 0 0 0 0 0 0 0 0 0
0 0 0 0 0 0 0 0 0 0 0 0 0 0 0 0 0 0 0 0 0 0 0 0 0 0 0 0 0 0 0 0 0 0 0 0
0 0 0 0 0 0 0 0 0 0 0 0 0 0 0 0 0 0 0 0 0 0 0 0 0 0 0 0 0 0 0 0 0 0 0 0
0 0 0 0 0 0 0 0 0 0 0 0 0 0 0 0 0 0 0 0 0 0 0 0 0 0 0 0 0 0 0 0 0 0 0 0
0 0 0 0 0 0 0 0 0 0 0 0 0 0 0 0 0 0 0 0 0 0 0 0 0 0 0 0 0 0 0 0 0 0 0 0
0 0 0 0 0 0 0 0 0 0 0 0 0 0 0 0 0 0 0 0 0
##$SHL_SFCOEFFS14= (0..200)
0 0 0 0 0 0 0 0 0 0 0 0 0 0 0 0 0 0 0 0 0 0 0 0 0 0 0 0 0 0 0 0 0 0 0 0
0 0 0 0 0 0 0 0 0 0 0 0 0 0 0 0 0 0 0 0 0 0 0 0 0 0 0 0 0 0 0 0 0 0 0 0
0 0 0 0 0 0 0 0 0 0 0 0 0 0 0 0 0 0 0 0 0 0 0 0 0 0 0 0 0 0 0 0 0 0 0 0
0 0 0 0 0 0 0 0 0 0 0 0 0 0 0 0 0 0 0 0 0 0 0 0 0 0 0 0 0 0 0 0 0 0 0 0
0 0 0 0 0 0 0 0 0 0 0 0 0 0 0 0 0 0 0 0 0 0 0 0 0 0 0 0 0 0 0 0 0 0 0 0
0 0 0 0 0 0 0 0 0 0 0 0 0 0 0 0 0 0 0 0 0
##$SHL_SFCOEFFS15= (0..200)
0 0 0 0 0 0 0 0 0 0 0 0 0 0 0 0 0 0 0 0 0 0 0 0 0 0 0 0 0 0 0 0 0 0 0 0
0 0 0 0 0 0 0 0 0 0 0 0 0 0 0 0 0 0 0 0 0 0 0 0 0 0 0 0 0 0 0 0 0 0 0 0
0 0 0 0 0 0 0 0 0 0 0 0 0 0 0 0 0 0 0 0 0 0 0 0 0 0 0 0 0 0 0 0 0 0 0 0
0 0 0 0 0 0 0 0 0 0 0 0 0 0 0 0 0 0 0 0 0 0 0 0 0 0 0 0 0 0 0 0 0 0 0 0
0 0 0 0 0 0 0 0 0 0 0 0 0 0 0 0 0 0 0 0 0 0 0 0 0 0 0 0 0 0 0 0 0 0 0 0
0 0 0 0 0 0 0 0 0 0 0 0 0 0 0 0 0 0 0 0 0
##$SHL_SFCOEFFS2= (0..200)
0 0 0 0 0 0 0 0 0 0 0 0 0 0 0 0 0 0 0 0 0 0 0 0 0 0 0 0 0 0 0 0 0 0 0 0
0 0 0 0 0 0 0 0 0 0 0 0 0 0 0 0 0 0 0 0 0 0 0 0 0 0 0 0 0 0 0 0 0 0 0 0
0 0 0 0 0 0 0 0 0 0 0 0 0 0 0 0 0 0 0 0 0 0 0 0 0 0 0 0 0 0 0 0 0 0 0 0
0 0 0 0 0 0 0 0 0 0 0 0 0 0 0 0 0 0 0 0 0 0 0 0 0 0 0 0 0 0 0 0 0 0 0 0
0 0 0 0 0 0 0 0 0 0 0 0 0 0 0 0 0 0 0 0 0 0 0 0 0 0 0 0 0 0 0 0 0 0 0 0
0 0 0 0 0 0 0 0 0 0 0 0 0 0 0 0 0 0 0 0 0
##$SHL_SFCOEFFS3= (0..200)
0 0 0 0 0 0 0 0 0 0 0 0 0 0 0 0 0 0 0 0 0 0 0 0 0 0 0 0 0 0 0 0 0 0 0 0
0 0 0 0 0 0 0 0 0 0 0 0 0 0 0 0 0 0 0 0 0 0 0 0 0 0 0 0 0 0 0 0 0 0 0 0
0 0 0 0 0 0 0 0 0 0 0 0 0 0 0 0 0 0 0 0 0 0 0 0 0 0 0 0 0 0 0 0 0 0 0 0
0 0 0 0 0 0 0 0 0 0 0 0 0 0 0 0 0 0 0 0 0 0 0 0 0 0 0 0 0 0 0 0 0 0 0 0
0 0 0 0 0 0 0 0 0 0 0 0 0 0 0 0 0 0 0 0 0 0 0 0 0 0 0 0 0 0 0 0 0 0 0 0
0 0 0 0 0 0 0 0 0 0 0 0 0 0 0 0 0 0 0 0 0
##$SHL_SFCOEFFS4= (0..200)
0 0 0 0 0 0 0 0 0 0 0 0 0 0 0 0 0 0 0 0 0 0 0 0 0 0 0 0 0 0 0 0 0 0 0 0
0 0 0 0 0 0 0 0 0 0 0 0 0 0 0 0 0 0 0 0 0 0 0 0 0 0 0 0 0 0 0 0 0 0 0 0
0 0 0 0 0 0 0 0 0 0 0 0 0 0 0 0 0 0 0 0 0 0 0 0 0 0 0 0 0 0 0 0 0 0 0 0
0 0 0 0 0 0 0 0 0 0 0 0 0 0 0 0 0 0 0 0 0 0 0 0 0 0 0 0 0 0 0 0 0 0 0 0
0 0 0 0 0 0 0 0 0 0 0 0 0 0 0 0 0 0 0 0 0 0 0 0 0 0 0 0 0 0 0 0 0 0 0 0
0 0 0 0 0 0 0 0 0 0 0 0 0 0 0 0 0 0 0 0 0
##$SHL_SFCOEFFS5= (0..200)
0 0 0 0 0 0 0 0 0 0 0 0 0 0 0 0 0 0 0 0 0 0 0 0 0 0 0 0 0 0 0 0 0 0 0 0
0 0 0 0 0 0 0 0 0 0 0 0 0 0 0 0 0 0 0 0 0 0 0 0 0 0 0 0 0 0 0 0 0 0 0 0
0 0 0 0 0 0 0 0 0 0 0 0 0 0 0 0 0 0 0 0 0 0 0 0 0 0 0 0 0 0 0 0 0 0 0 0
0 0 0 0 0 0 0 0 0 0 0 0 0 0 0 0 0 0 0 0 0 0 0 0 0 0 0 0 0 0 0 0 0 0 0 0
0 0 0 0 0 0 0 0 0 0 0 0 0 0 0 0 0 0 0 0 0 0 0 0 0 0 0 0 0 0 0 0 0 0 0 0
0 0 0 0 0 0 0 0 0 0 0 0 0 0 0 0 0 0 0 0 0
##$SHL_SFCOEFFS6= (0..200)
0 0 0 0 0 0 0 0 0 0 0 0 0 0 0 0 0 0 0 0 0 0 0 0 0 0 0 0 0 0 0 0 0 0 0 0
0 0 0 0 0 0 0 0 0 0 0 0 0 0 0 0 0 0 0 0 0 0 0 0 0 0 0 0 0 0 0 0 0 0 0 0
0 0 0 0 0 0 0 0 0 0 0 0 0 0 0 0 0 0 0 0 0 0 0 0 0 0 0 0 0 0 0 0 0 0 0 0
0 0 0 0 0 0 0 0 0 0 0 0 0 0 0 0 0 0 0 0 0 0 0 0 0 0 0 0 0 0 0 0 0 0 0 0
0 0 0 0 0 0 0 0 0 0 0 0 0 0 0 0 0 0 0 0 0 0 0 0 0 0 0 0 0 0 0 0 0 0 0 0
0 0 0 0 0 0 0 0 0 0 0 0 0 0 0 0 0 0 0 0 0
##$SHL_SFCOEFFS7= (0..200)
0 0 0 0 0 0 0 0 0 0 0 0 0 0 0 0 0 0 0 0 0 0 0 0 0 0 0 0 0 0 0 0 0 0 0 0
0 0 0 0 0 0 0 0 0 0 0 0 0 0 0 0 0 0 0 0 0 0 0 0 0 0 0 0 0 0 0 0 0 0 0 0
0 0 0 0 0 0 0 0 0 0 0 0 0 0 0 0 0 0 0 0 0 0 0 0 0 0 0 0 0 0 0 0 0 0 0 0
0 0 0 0 0 0 0 0 0 0 0 0 0 0 0 0 0 0 0 0 0 0 0 0 0 0 0 0 0 0 0 0 0 0 0 0
0 0 0 0 0 0 0 0 0 0 0 0 0 0 0 0 0 0 0 0 0 0 0 0 0 0 0 0 0 0 0 0 0 0 0 0
0 0 0 0 0 0 0 0 0 0 0 0 0 0 0 0 0 0 0 0 0
##$SHL_SFCOEFFS8= (0..200)
0 0 0 0 0 0 0 0 0 0 0 0 0 0 0 0 0 0 0 0 0 0 0 0 0 0 0 0 0 0 0 0 0 0 0 0
0 0 0 0 0 0 0 0 0 0 0 0 0 0 0 0 0 0 0 0 0 0 0 0 0 0 0 0 0 0 0 0 0 0 0 0
0 0 0 0 0 0 0 0 0 0 0 0 0 0 0 0 0 0 0 0 0 0 0 0 0 0 0 0 0 0 0 0 0 0 0 0
0 0 0 0 0 0 0 0 0 0 0 0 0 0 0 0 0 0 0 0 0 0 0 0 0 0 0 0 0 0 0 0 0 0 0 0
0 0 0 0 0 0 0 0 0 0 0 0 0 0 0 0 0 0 0 0 0 0 0 0 0 0 0 0 0 0 0 0 0 0 0 0
0 0 0 0 0 0 0 0 0 0 0 0 0 0 0 0 0 0 0 0 0
##$SHL_SFCOEFFS9= (0..200)
0 0 0 0 0 0 0 0 0 0 0 0 0 0 0 0 0 0 0 0 0 0 0 0 0 0 0 0 0 0 0 0 0 0 0 0
0 0 0 0 0 0 0 0 0 0 0 0 0 0 0 0 0 0 0 0 0 0 0 0 0 0 0 0 0 0 0 0 0 0 0 0
0 0 0 0 0 0 0 0 0 0 0 0 0 0 0 0 0 0 0 0 0 0 0 0 0 0 0 0 0 0 0 0 0 0 0 0
0 0 0 0 0 0 0 0 0 0 0 0 0 0 0 0 0 0 0 0 0 0 0 0 0 0 0 0 0 0 0 0 0 0 0 0
0 0 0 0 0 0 0 0 0 0 0 0 0 0 0 0 0 0 0 0 0 0 0 0 0 0 0 0 0 0 0 0 0 0 0 0
0 0 0 0 0 0 0 0 0 0 0 0 0 0 0 0 0 0 0 0 0
##$SHL_SMOOTHED= (0..15)
0 0 0 0 0 0 0 0 0 0 0 0 0 0 0 0
##$SHL_SMOOTHING= (0..15)
0 0 0 0 0 0 0 0 0 0 0 0 0 0 0 0
##$SHL_SPOAL= (0..15)
0 0 0 0 0 0 0 0 0 0 0 0 0 0 0 0
##$SHL_SPOFFS= (0..15)
0 0 0 0 0 0 0 0 0 0 0 0 0 0 0 0
##$SHL_SPOPH= (0..15)
0 0 0 0 0 0 0 0 0 0 0 0 0 0 0 0
##$SHL_STARTAMP= (0..15)
0 0 0 0 0 0 0 0 0 0 0 0 0 0 0 0
##$SHL_SW= (0..15)
0 0 0 0 0 0 0 0 0 0 0 0 0 0 0 0
##$SHL_SWDIR= (0..15)
-1 -1 -1 -1 -1 -1 -1 -1 -1 -1 -1 -1 -1 -1 -1 -1
##$SHL_TANKAPPA= (0..15)
0 0 0 0 0 0 0 0 0 0 0 0 0 0 0 0
##$SHL_TOTROT= (0..15)
90 0 0 0 0 0 0 0 0 0 0 0 0 0 0 0
##$SHL_TRUNCLEV= (0..15)
0 0 0 0 0 0 0 0 0 0 0 0 0 0 0 0
##$SHL_TYPE= (0..15)
<Excitation> <> <> <> <> <> <> <> <> <> <> <> <> <> <> <>
##$SHL_WINDOWSIZE= (0..15)
0 0 0 0 0 0 0 0 0 0 0 0 0 0 0 0
##$SHL_ZETA= (0..15)
0 0 0 0 0 0 0 0 0 0 0 0 0 0 0 0
##NPOINTS= 1250
##XYPOINTS= (XY..XY)
72.787700, 64.336232
72.326402, 65.968282
71.862245, 67.600423
71.395265, 69.232657
70.925496, 70.864984
70.452973, 72.497408
69.977729, 74.129931
69.499800, 75.762553
69.019221, 77.395279
68.536027, 79.028109
68.050253, 80.661046
67.561936, 82.294093
67.071111, 83.927252
66.577813, 85.560525
66.082080, 87.193916
65.583947, 88.827427
65.083450, 90.461061
64.580628, 92.094820
64.075516, 93.728709
63.568152, 95.362729
63.058573, 96.996884
62.546816, 98.631179
62.032918, 100.265615
61.516918, 101.900197
60.998854, 103.534929
60.478762, 105.169814
59.956682, 106.804857
59.432652, 108.440061
58.906710, 110.075432
58.378895, 111.710973
57.849245, 113.346690
57.317799, 114.982586
56.784597, 116.618668
56.249677, 118.254941
55.713079, 119.891409
55.174842, 121.528080
54.635005, 123.164958
54.093609, 124.802050
53.550693, 126.439363
53.006296, 128.076903
52.460459, 129.714676
51.913222, 131.352692
51.364625, 132.990956
50.814708, 134.629478
50.263511, 136.268265
49.711076, 137.907326
49.157442, 139.546670
48.602650, 141.186307
48.046742, 142.826246
47.489757, 144.466498
46.931737, 146.107075
46.372723, 147.747986
45.812756, 149.389245
45.251876, 151.030864
44.690126, 152.672856
44.127546, 154.315234
43.564178, 155.958014
43.000063, 157.601211
42.435243, 159.244840
41.869759, 160.888919
41.303653, 162.533466
40.736966, 164.178498
40.169741, 165.824037
39.602018, 167.470103
39.033840, 169.116718
38.465248, 170.763905
37.896285, 172.411690
37.326992, 174.060098
36.757412, 175.709157
36.187585, 177.358897
35.617555, 179.009348
35.047363, 180.660544
34.477051, 182.312521
33.906662, 183.965315
33.336238, 185.618967
32.765820, 187.273519
32.195451, 188.929017
31.625173, 190.585510
31.055028, 192.243049
30.485059, 193.901691
29.915308, 195.561495
29.345816, 197.222525
28.776627, 198.884852
28.207783, 200.548548
27.639326, 202.213694
27.071298, 203.880377
26.503741, 205.548691
25.936699, 207.218736
25.370214, 208.890623
24.804327, 210.564471
24.239082, 212.240410
23.674521, 213.918583
23.110686, 215.599143
22.547621, 217.282261
21.985368, 218.968122
21.423970, 220.656931
20.863470, 222.348914
20.303911, 224.044319
19.745336, 225.743422
19.187788, 227.446528
18.631311, 229.153980
18.075949, 230.866156
17.521746, 232.583483
16.968746, 234.306440
16.416994, 236.035568
15.866535, 237.771476
15.317415, 239.514861
14.769681, 241.266516
14.223380, 243.027348
13.678559, 244.798405
13.135269, 246.580900
12.593561, 248.376243
12.053486, 250.186088
11.515101, 252.012384
10.978462, 253.857443
10.443631, 255.724033
9.910673, 257.615491
9.379658, 259.535879
8.850666, 261.490192
8.323783, 263.484639
7.799109, 265.527036
7.276762, 267.627355
6.756882, 269.798523
6.239641, 272.057591
5.725258, 274.427506
5.214021, 276.939872
4.706324, 279.639394
4.202725, 282.591329
3.704057, 285.894525
3.211629, 289.705496
2.727638, 294.285529
2.256053, 300.099034
1.804759, 308.031137
1.391157, 319.868512
1.057030, 339.025885
0.892234, 8.516450
0.982068, 40.181082
1.270889, 62.275431
1.655537, 75.812549
2.081803, 84.639997
2.527228, 90.952177
2.981954, 95.830901
3.441166, 99.832610
3.902275, 103.264185
4.363768, 106.306301
4.824700, 109.071429
5.284450, 111.632925
5.742587, 114.040534
6.198802, 116.329121
6.652860, 118.523814
7.104584, 120.643166
7.553828, 122.701165
8.000476, 124.708549
8.444430, 126.673697
8.885603, 128.603240
9.323923, 130.502492
9.759323, 132.375766
10.191744, 134.226590
10.621131, 136.057885
11.047434, 137.872085
11.470604, 139.671239
11.890599, 141.457079
12.307374, 143.231082
12.720890, 144.994514
13.131108, 146.748468
13.537990, 148.493890
13.941500, 150.231605
14.341603, 151.962334
14.738264, 153.686712
15.131451, 155.405298
15.521129, 157.118588
15.907268, 158.827023
16.289835, 160.530996
16.668800, 162.230858
17.044133, 163.926925
17.415804, 165.619481
17.783784, 167.308781
18.148044, 168.995059
18.508555, 170.678523
18.865289, 172.359366
19.218220, 174.037760
19.567319, 175.713866
19.912561, 177.387828
20.253918, 179.059779
20.591366, 180.729842
20.924877, 182.398130
21.254427, 184.064745
21.579992, 185.729785
21.901545, 187.393336
22.219064, 189.055481
22.532525, 190.716295
22.841903, 192.375850
23.147175, 194.034210
23.448320, 195.691436
23.745313, 197.347585
24.038133, 199.002711
24.326759, 200.656862
24.611168, 202.310084
24.891340, 203.962422
25.167253, 205.613915
25.438887, 207.264601
25.706222, 208.914516
25.969238, 210.563694
26.227915, 212.212167
26.482235, 213.859963
26.732178, 215.507111
26.977726, 217.153636
27.218860, 218.799565
27.455563, 220.444921
27.687817, 222.089725
27.915605, 223.733998
28.138910, 225.377761
28.357716, 227.021032
28.572007, 228.663829
28.781766, 230.306168
28.986978, 231.948067
29.187628, 233.589539
29.383701, 235.230599
29.575183, 236.871262
29.762059, 238.511539
29.944316, 240.151443
30.121940, 241.790987
30.294918, 243.430180
30.463237, 245.069034
30.626885, 246.707559
30.785850, 248.345764
30.940120, 249.983659
31.089684, 251.621252
31.234531, 253.258551
31.374649, 254.895565
31.510029, 256.532301
31.640661, 258.168766
31.766535, 259.804967
31.887641, 261.440911
32.003972, 263.076603
32.115517, 264.712050
32.222270, 266.347258
32.324221, 267.982230
32.421364, 269.616974
32.513692, 271.251494
32.601197, 272.885793
32.683874, 274.519878
32.761715, 276.153751
32.834716, 277.787417
32.902870, 279.420880
32.966174, 281.054143
33.024622, 282.687209
33.078209, 284.320083
33.126933, 285.952766
33.170789, 287.585262
33.209774, 289.217573
33.243885, 290.849702
33.273120, 292.481652
33.297477, 294.113424
33.316953, 295.745020
33.331547, 297.376444
33.341258, 299.007695
33.346086, 300.638777
33.346030, 302.269689
33.341090, 303.900435
33.331266, 305.531015
33.316560, 307.161430
33.296971, 308.791682
33.272502, 310.421770
33.243155, 312.051696
33.208930, 313.681460
33.169832, 315.311063
33.125863, 316.940505
33.077025, 318.569786
33.023323, 320.198907
32.964761, 321.827867
32.901342, 323.456666
32.833072, 325.085304
32.759955, 326.713780
32.681997, 328.342093
32.599203, 329.970244
32.511580, 331.598231
32.419134, 333.226052
32.321871, 334.853708
32.219800, 336.481196
32.112926, 338.108515
32.001259, 339.735664
31.884806, 341.362641
31.763576, 342.989443
31.637578, 344.616068
31.506820, 346.242515
31.371313, 347.868781
31.231067, 349.494862
31.086091, 351.120757
30.936397, 352.746462
30.781995, 354.371973
30.622897, 355.997288
30.459114, 357.622402
30.290658, 359.247311
30.117542, 0.872011
29.939779, 2.496498
29.757381, 4.120766
29.570362, 5.744810
29.378735, 7.368626
29.182515, 8.992206
28.981716, 10.615545
28.776353, 12.238637
28.566440, 13.861473
28.351994, 15.484048
28.133029, 17.106352
27.909563, 18.728378
27.681611, 20.350117
27.449191, 21.971559
27.212318, 23.592695
26.971011, 25.213514
26.725288, 26.834004
26.475166, 28.454154
26.220663, 30.073951
25.961799, 31.693381
25.698593, 33.312430
25.431063, 34.931083
25.159230, 36.549323
24.883114, 38.167133
24.602734, 39.784494
24.318112, 41.401386
24.029268, 43.017789
23.736223, 44.633678
23.439000, 46.249030
23.137620, 47.863820
22.832105, 49.478017
22.522477, 51.091593
22.208761, 52.704515
21.890978, 54.316748
21.569152, 55.928254
21.243307, 57.538992
20.913467, 59.148919
20.579656, 60.757987
20.241899, 62.366144
19.900221, 63.973334
19.554647, 65.579495
19.205203, 67.184562
18.851914, 68.788461
18.494807, 70.391114
18.133909, 71.992432
17.769246, 73.592320
17.400845, 75.190672
17.028734, 76.787373
16.652940, 78.382293
16.273492, 79.975291
15.890419, 81.566207
15.503747, 83.154864
15.113508, 84.741066
14.719730, 86.324590
14.322444, 87.905186
13.921679, 89.482573
13.517466, 91.056431
13.109836, 92.626396
12.698820, 94.192050
12.284451, 95.752916
11.866762, 97.308442
11.445784, 98.857986
11.021553, 100.400800
10.594102, 101.936005
10.163467, 103.462560
9.729684, 104.979227
9.292791, 106.484518
8.852828, 107.976631
8.409834, 109.453360
7.963852, 110.911979
7.514930, 112.349076
7.063116, 113.760325
6.608466, 115.140159
6.151041, 116.481290
5.690913, 117.773986
5.228167, 119.004966
4.762910, 120.155613
4.295282, 121.199014
3.825474, 122.094777
3.353770, 122.779444
2.880620, 123.147439
2.406805, 123.009656
1.933850, 121.992368
1.465213, 119.249016
1.010699, 112.446610
0.609307, 93.319767
0.451068, 42.004758
0.724854, 1.245684
1.159429, 347.593820
1.633130, 342.472837
2.121527, 340.401446
2.617707, 339.712045
3.119034, 339.757062
3.624282, 340.236866
4.132795, 340.994696
4.644185, 341.940842
5.158197, 343.020344
5.674656, 344.197691
6.193430, 345.448930
6.714416, 346.757322
7.237528, 348.110824
7.762694, 349.500550
8.289849, 350.919801
8.818934, 352.363431
9.349895, 353.827425
9.882681, 355.308602
10.417242, 356.804409
10.953531, 358.312775
11.491503, 359.832002
12.031112, 1.360685
12.572315, 2.897651
13.115067, 4.441911
13.659326, 5.992630
14.205049, 7.549094
14.752194, 9.110691
15.300719, 10.676892
15.850580, 12.247239
16.401738, 13.821332
16.954150, 15.398821
17.507773, 16.979399
18.062568, 18.562794
18.618491, 20.148764
19.175502, 21.737096
19.733559, 23.327598
20.292620, 24.920099
20.852644, 26.514445
21.413588, 28.110499
21.975413, 29.708135
22.538075, 31.307239
23.101534, 32.907711
23.665747, 34.509455
24.230674, 36.112387
24.796271, 37.716430
25.362498, 39.321512
25.929313, 40.927569
26.496674, 42.534539
27.064539, 44.142369
27.632867, 45.751007
28.201615, 47.360407
28.770742, 48.970525
29.340205, 50.581320
29.909964, 52.192757
30.479976, 53.804800
31.050199, 55.417417
31.620591, 57.030578
32.191111, 58.644255
32.761716, 60.258422
33.332365, 61.873055
33.903015, 63.488132
34.473626, 65.103629
35.044154, 66.719529
35.614558, 68.335811
36.184796, 69.952459
36.754826, 71.569455
37.324607, 73.186785
37.894097, 74.804433
38.463253, 76.422385
39.032035, 78.040629
39.600400, 79.659152
40.168306, 81.277942
40.735713, 82.896989
41.302578, 84.516281
41.868860, 86.135810
42.434517, 87.755565
42.999507, 89.375538
43.563791, 90.995720
44.127325, 92.616104
44.690069, 94.236681
45.251981, 95.857444
45.813020, 97.478387
46.373146, 99.099503
46.932316, 100.720785
47.490490, 102.342228
48.047628, 103.963826
48.603688, 105.585573
49.158629, 107.207465
49.712411, 108.829496
50.264993, 110.451661
50.816334, 112.073956
51.366395, 113.696378
51.915135, 115.318920
52.462513, 116.941580
53.008490, 118.564354
53.553026, 120.187238
54.096080, 121.810229
54.637613, 123.433322
55.177585, 125.056516
55.715957, 126.679806
56.252689, 128.303191
56.787741, 129.926666
57.321075, 131.550230
57.852651, 133.173879
58.382431, 134.797611
58.910376, 136.421424
59.436446, 138.045315
59.960604, 139.669282
60.482811, 141.293323
61.003028, 142.917435
61.521218, 144.541618
62.037343, 146.165867
62.551364, 147.790183
63.063245, 149.414563
63.572947, 151.039004
64.080433, 152.663506
64.585666, 154.288067
65.088609, 155.912686
65.589225, 157.537360
66.087478, 159.162088
66.583331, 160.786869
67.076747, 162.411701
67.567691, 164.036583
68.056126, 165.661515
68.542016, 167.286493
69.025327, 168.911518
69.506023, 170.536588
69.984067, 172.161702
70.459426, 173.786858
70.932065, 175.412056
71.401949, 177.037295
71.869042, 178.662574
72.333313, 180.287891
72.794725, 181.913246
73.253246, 183.538638
73.708841, 185.164066
74.161478, 186.789529
74.611123, 188.415026
75.057743, 190.040556
75.501306, 191.666119
75.941779, 193.291714
76.379130, 194.917339
76.813326, 196.542995
77.244336, 198.168681
77.672128, 199.794395
78.096672, 201.420137
78.517935, 203.045907
78.935887, 204.671704
79.350498, 206.297527
79.761736, 207.923376
80.169572, 209.549250
80.573976, 211.175148
80.974919, 212.801070
81.372370, 214.427016
81.766301, 216.052984
82.156683, 217.678975
82.543488, 219.304987
82.926686, 220.931021
83.306250, 222.557075
83.682152, 224.183150
84.054365, 225.809245
84.422861, 227.435359
84.787613, 229.061492
85.148595, 230.687643
85.505780, 232.313813
85.859141, 233.940000
86.208654, 235.566205
86.554292, 237.192426
86.896030, 238.818664
87.233843, 240.444919
87.567706, 242.071189
87.897595, 243.697474
88.223485, 245.323774
88.545354, 246.950089
88.863176, 248.576419
89.176929, 250.202762
89.486591, 251.829119
89.792137, 253.455490
90.093546, 255.081873
90.390796, 256.708270
90.683864, 258.334678
90.972730, 259.961099
91.257373, 261.587532
91.537770, 263.213977
91.813903, 264.840432
92.085750, 266.466899
92.353292, 268.093377
92.616509, 269.719865
92.875382, 271.346363
93.129891, 272.972872
93.380019, 274.599390
93.625746, 276.225917
93.867056, 277.852454
94.103929, 279.479000
94.336350, 281.105555
94.564300, 282.732118
94.787763, 284.358690
95.006723, 285.985269
95.221164, 287.611857
95.431069, 289.238452
95.636424, 290.865055
95.837214, 292.491665
96.033423, 294.118282
96.225038, 295.744906
96.412044, 297.371536
96.594428, 298.998173
96.772176, 300.624816
96.945275, 302.251465
97.113713, 303.878120
97.277477, 305.504781
97.436555, 307.131447
97.590936, 308.758119
97.740609, 310.384795
97.885561, 312.011477
98.025784, 313.638163
98.161265, 315.264854
98.291996, 316.891549
98.417967, 318.518248
98.539169, 320.144952
98.655593, 321.771659
98.767229, 323.398370
98.874071, 325.025085
98.976110, 326.651803
99.073339, 328.278524
99.165751, 329.905248
99.253338, 331.531975
99.336095, 333.158705
99.414015, 334.785438
99.487093, 336.412173
99.555323, 338.038910
99.618701, 339.665649
99.677221, 341.292390
99.730880, 342.919133
99.779673, 344.545877
99.823597, 346.172623
99.862648, 347.799370
99.896825, 349.426118
99.926124, 351.052868
99.950543, 352.679618
99.970080, 354.306369
99.984734, 355.933120
99.994504, 357.559872
99.999389, 359.186624
99.999389, 0.813376
99.994504, 2.440128
99.984734, 4.066880
99.970080, 5.693631
99.950543, 7.320382
99.926124, 8.947132
99.896825, 10.573882
99.862648, 12.200630
99.823597, 13.827377
99.779673, 15.454123
99.730880, 17.080867
99.677221, 18.707610
99.618701, 20.334351
99.555323, 21.961090
99.487093, 23.587827
99.414015, 25.214562
99.336095, 26.841295
99.253338, 28.468025
99.165751, 30.094752
99.073339, 31.721476
98.976110, 33.348197
98.874071, 34.974915
98.767229, 36.601630
98.655593, 38.228341
98.539169, 39.855048
98.417967, 41.481752
98.291996, 43.108451
98.161265, 44.735146
98.025784, 46.361837
97.885561, 47.988523
97.740609, 49.615205
97.590936, 51.241881
97.436555, 52.868553
97.277477, 54.495219
97.113713, 56.121880
96.945275, 57.748535
96.772176, 59.375184
96.594428, 61.001827
96.412044, 62.628464
96.225038, 64.255094
96.033423, 65.881718
95.837214, 67.508335
95.636424, 69.134945
95.431069, 70.761548
95.221164, 72.388143
95.006723, 74.014731
94.787763, 75.641310
94.564300, 77.267882
94.336350, 78.894445
94.103929, 80.521000
93.867056, 82.147546
93.625746, 83.774083
93.380019, 85.400610
93.129891, 87.027128
92.875382, 88.653637
92.616509, 90.280135
92.353292, 91.906623
92.085750, 93.533101
91.813903, 95.159568
91.537770, 96.786023
91.257373, 98.412468
90.972730, 100.038901
90.683864, 101.665322
90.390796, 103.291730
90.093546, 104.918127
89.792137, 106.544510
89.486591, 108.170881
89.176929, 109.797238
88.863176, 111.423581
88.545354, 113.049911
88.223485, 114.676226
87.897595, 116.302526
87.567706, 117.928811
87.233843, 119.555081
86.896030, 121.181336
86.554292, 122.807574
86.208654, 124.433795
85.859141, 126.060000
85.505780, 127.686187
85.148595, 129.312357
84.787613, 130.938508
84.422861, 132.564641
84.054365, 134.190755
83.682152, 135.816850
83.306250, 137.442925
82.926686, 139.068979
82.543488, 140.695013
82.156683, 142.321025
81.766301, 143.947016
81.372370, 145.572984
80.974919, 147.198930
80.573976, 148.824852
80.169572, 150.450750
79.761736, 152.076624
79.350498, 153.702473
78.935887, 155.328296
78.517935, 156.954093
78.096672, 158.579863
77.672128, 160.205605
77.244336, 161.831319
76.813326, 163.457005
76.379130, 165.082661
75.941779, 166.708286
75.501306, 168.333881
75.057743, 169.959444
74.611123, 171.584974
74.161478, 173.210471
73.708841, 174.835934
73.253246, 176.461362
72.794725, 178.086754
72.333313, 179.712109
71.869042, 181.337426
71.401949, 182.962705
70.932065, 184.587944
70.459426, 186.213142
69.984067, 187.838298
69.506023, 189.463412
69.025327, 191.088482
68.542016, 192.713507
68.056126, 194.338485
67.567691, 195.963417
67.076747, 197.588299
66.583331, 199.213131
66.087478, 200.837912
65.589225, 202.462640
65.088609, 204.087314
64.585666, 205.711933
64.080433, 207.336494
63.572947, 208.960996
63.063245, 210.585437
62.551364, 212.209817
62.037343, 213.834133
61.521218, 215.458382
61.003028, 217.082565
60.482811, 218.706677
59.960604, 220.330718
59.436446, 221.954685
58.910376, 223.578576
58.382431, 225.202389
57.852651, 226.826121
57.321075, 228.449770
56.787741, 230.073334
56.252689, 231.696809
55.715957, 233.320194
55.177585, 234.943484
54.637613, 236.566678
54.096080, 238.189771
53.553026, 239.812762
53.008490, 241.435646
52.462513, 243.058420
51.915135, 244.681080
51.366395, 246.303622
50.816334, 247.926044
50.264993, 249.548339
49.712411, 251.170504
49.158629, 252.792535
48.603688, 254.414427
48.047628, 256.036174
47.490490, 257.657772
46.932316, 259.279215
46.373146, 260.900497
45.813020, 262.521613
45.251981, 264.142556
44.690069, 265.763319
44.127325, 267.383896
43.563791, 269.004280
42.999507, 270.624462
42.434517, 272.244435
41.868860, 273.864190
41.302578, 275.483719
40.735713, 277.103011
40.168306, 278.722058
39.600400, 280.340848
39.032035, 281.959371
38.463253, 283.577615
37.894097, 285.195567
37.324607, 286.813215
36.754826, 288.430545
36.184796, 290.047541
35.614558, 291.664189
35.044154, 293.280471
34.473626, 294.896371
33.903015, 296.511868
33.332365, 298.126945
32.761716, 299.741578
32.191111, 301.355745
31.620591, 302.969422
31.050199, 304.582583
30.479976, 306.195200
29.909964, 307.807243
29.340205, 309.418680
28.770742, 311.029475
28.201615, 312.639593
27.632867, 314.248993
27.064539, 315.857631
26.496674, 317.465461
25.929313, 319.072431
25.362498, 320.678488
24.796271, 322.283570
24.230674, 323.887613
23.665747, 325.490545
23.101534, 327.092289
22.538075, 328.692761
21.975413, 330.291865
21.413588, 331.889501
20.852644, 333.485555
20.292620, 335.079901
19.733559, 336.672402
19.175502, 338.262904
18.618491, 339.851236
18.062568, 341.437206
17.507773, 343.020601
16.954150, 344.601179
16.401738, 346.178668
15.850580, 347.752761
15.300719, 349.323108
14.752194, 350.889309
14.205049, 352.450906
13.659326, 354.007370
13.115067, 355.558089
12.572315, 357.102349
12.031112, 358.639315
11.491503, 0.167998
10.953531, 1.687225
10.417242, 3.195591
9.882681, 4.691398
9.349895, 6.172575
8.818934, 7.636569
8.289849, 9.080199
7.762694, 10.499450
7.237528, 11.889176
6.714416, 13.242678
6.193430, 14.551070
5.674656, 15.802309
5.158197, 16.979656
4.644185, 18.059158
4.132795, 19.005304
3.624282, 19.763134
3.119034, 20.242938
2.617707, 20.287955
2.121527, 19.598554
1.633130, 17.527163
1.159429, 12.406180
0.724854, 358.754316
0.451068, 317.995242
0.609307, 266.680233
1.010699, 247.553390
1.465213, 240.750984
1.933850, 238.007632
2.406805, 236.990344
2.880620, 236.852561
3.353770, 237.220556
3.825474, 237.905223
4.295282, 238.800986
4.762910, 239.844387
5.228167, 240.995034
5.690913, 242.226014
6.151041, 243.518710
6.608466, 244.859841
7.063116, 246.239675
7.514930, 247.650924
7.963852, 249.088021
8.409834, 250.546640
8.852828, 252.023369
9.292791, 253.515482
9.729684, 255.020773
10.163467, 256.537440
10.594102, 258.063995
11.021553, 259.599200
11.445784, 261.142014
11.866762, 262.691558
12.284451, 264.247084
12.698820, 265.807950
13.109836, 267.373604
13.517466, 268.943569
13.921679, 270.517427
14.322444, 272.094814
14.719730, 273.675410
15.113508, 275.258934
15.503747, 276.845136
15.890419, 278.433793
16.273492, 280.024709
16.652940, 281.617707
17.028734, 283.212627
17.400845, 284.809328
17.769246, 286.407680
18.133909, 288.007568
18.494807, 289.608886
18.851914, 291.211539
19.205203, 292.815438
19.554647, 294.420505
19.900221, 296.026666
20.241899, 297.633856
20.579656, 299.242013
20.913467, 300.851081
21.243307, 302.461008
21.569152, 304.071746
21.890978, 305.683252
22.208761, 307.295485
22.522477, 308.908407
22.832105, 310.521983
23.137620, 312.136180
23.439000, 313.750970
23.736223, 315.366322
24.029268, 316.982211
24.318112, 318.598614
24.602734, 320.215506
24.883114, 321.832867
25.159230, 323.450677
25.431063, 325.068917
25.698593, 326.687570
25.961799, 328.306619
26.220663, 329.926049
26.475166, 331.545846
26.725288, 333.165996
26.971011, 334.786486
27.212318, 336.407305
27.449191, 338.028441
27.681611, 339.649883
27.909563, 341.271622
28.133029, 342.893648
28.351994, 344.515952
28.566440, 346.138527
28.776353, 347.761363
28.981716, 349.384455
29.182515, 351.007794
29.378735, 352.631374
29.570362, 354.255190
29.757381, 355.879234
29.939779, 357.503502
30.117542, 359.127989
30.290658, 0.752689
30.459114, 2.377598
30.622897, 4.002712
30.781995, 5.628027
30.936397, 7.253538
31.086091, 8.879243
31.231067, 10.505138
31.371313, 12.131219
31.506820, 13.757485
31.637578, 15.383932
31.763576, 17.010557
31.884806, 18.637359
32.001259, 20.264336
32.112926, 21.891485
32.219800, 23.518804
32.321871, 25.146292
32.419134, 26.773948
32.511580, 28.401769
32.599203, 30.029756
32.681997, 31.657907
32.759955, 33.286220
32.833072, 34.914696
32.901342, 36.543334
32.964761, 38.172133
33.023323, 39.801093
33.077025, 41.430214
33.125863, 43.059495
33.169832, 44.688937
33.208930, 46.318540
33.243155, 47.948304
33.272502, 49.578230
33.296971, 51.208318
33.316560, 52.838570
33.331266, 54.468985
33.341090, 56.099565
33.346030, 57.730311
33.346086, 59.361223
33.341258, 60.992305
33.331547, 62.623556
33.316953, 64.254980
33.297477, 65.886576
33.273120, 67.518348
33.243885, 69.150298
33.209774, 70.782427
33.170789, 72.414738
33.126933, 74.047234
33.078209, 75.679917
33.024622, 77.312791
32.966174, 78.945857
32.902870, 80.579120
32.834716, 82.212583
32.761715, 83.846249
32.683874, 85.480122
32.601197, 87.114207
32.513692, 88.748506
32.421364, 90.383026
32.324221, 92.017770
32.222270, 93.652742
32.115517, 95.287950
32.003972, 96.923397
31.887641, 98.559089
31.766535, 100.195033
31.640661, 101.831234
31.510029, 103.467699
31.374649, 105.104435
31.234531, 106.741449
31.089684, 108.378748
30.940120, 110.016341
30.785850, 111.654236
30.626885, 113.292441
30.463237, 114.930966
30.294918, 116.569820
30.121940, 118.209013
29.944316, 119.848557
29.762059, 121.488461
29.575183, 123.128738
29.383701, 124.769401
29.187628, 126.410461
28.986978, 128.051933
28.781766, 129.693832
28.572007, 131.336171
28.357716, 132.978968
28.138910, 134.622239
27.915605, 136.266002
27.687817, 137.910275
27.455563, 139.555079
27.218860, 141.200435
26.977726, 142.846364
26.732178, 144.492889
26.482235, 146.140037
26.227915, 147.787833
25.969238, 149.436306
25.706222, 151.085484
25.438887, 152.735399
25.167253, 154.386085
24.891340, 156.037578
24.611168, 157.689916
24.326759, 159.343138
24.038133, 160.997289
23.745313, 162.652415
23.448320, 164.308564
23.147175, 165.965790
22.841903, 167.624150
22.532525, 169.283705
22.219064, 170.944519
21.901545, 172.606664
21.579992, 174.270215
21.254427, 175.935255
20.924877, 177.601870
20.591366, 179.270158
20.253918, 180.940221
19.912561, 182.612172
19.567319, 184.286134
19.218220, 185.962240
18.865289, 187.640634
18.508555, 189.321477
18.148044, 191.004941
17.783784, 192.691219
17.415804, 194.380519
17.044133, 196.073075
16.668800, 197.769142
16.289835, 199.469004
15.907268, 201.172977
15.521129, 202.881412
15.131451, 204.594702
14.738264, 206.313288
14.341603, 208.037666
13.941500, 209.768395
13.537990, 211.506110
13.131108, 213.251532
12.720890, 215.005486
12.307374, 216.768918
11.890599, 218.542921
11.470604, 220.328761
11.047434, 222.127915
10.621131, 223.942115
10.191744, 225.773410
9.759323, 227.624234
9.323923, 229.497508
8.885603, 231.396760
8.444430, 233.326303
8.000476, 235.291451
7.553828, 237.298835
7.104584, 239.356834
6.652860, 241.476186
6.198802, 243.670879
5.742587, 245.959466
5.284450, 248.367075
4.824700, 250.928571
4.363768, 253.693699
3.902275, 256.735815
3.441166, 260.167390
2.981954, 264.169099
2.527228, 269.047823
2.081803, 275.360003
1.655537, 284.187451
1.270889, 297.724569
0.982068, 319.818918
0.892234, 351.483550
1.057030, 20.974115
1.391157, 40.131488
1.804759, 51.968863
2.256053, 59.900966
2.727638, 65.714471
3.211629, 70.294504
3.704057, 74.105475
4.202725, 77.408671
4.706324, 80.360606
5.214021, 83.060128
5.725258, 85.572494
6.239641, 87.942409
6.756882, 90.201477
7.276762, 92.372645
7.799109, 94.472964
8.323783, 96.515361
8.850666, 98.509808
9.379658, 100.464121
9.910673, 102.384509
10.443631, 104.275967
10.978462, 106.142557
11.515101, 107.987616
12.053486, 109.813912
12.593561, 111.623757
13.135269, 113.419100
13.678559, 115.201595
14.223380, 116.972652
14.769681, 118.733484
15.317415, 120.485139
15.866535, 122.228524
16.416994, 123.964432
16.968746, 125.693560
17.521746, 127.416517
18.075949, 129.133844
18.631311, 130.846020
19.187788, 132.553472
19.745336, 134.256578
20.303911, 135.955681
20.863470, 137.651086
21.423970, 139.343069
21.985368, 141.031878
22.547621, 142.717739
23.110686, 144.400857
23.674521, 146.081417
24.239082, 147.759590
24.804327, 149.435529
25.370214, 151.109377
25.936699, 152.781264
26.503741, 154.451309
27.071298, 156.119623
27.639326, 157.786306
28.207783, 159.451452
28.776627, 161.115148
29.345816, 162.777475
29.915308, 164.438505
30.485059, 166.098309
31.055028, 167.756951
31.625173, 169.414490
32.195451, 171.070983
32.765820, 172.726481
33.336238, 174.381033
33.906662, 176.034685
34.477051, 177.687479
35.047363, 179.339456
35.617555, 180.990652
36.187585, 182.641103
36.757412, 184.290843
37.326992, 185.939902
37.896285, 187.588310
38.465248, 189.236095
39.033840, 190.883282
39.602018, 192.529897
40.169741, 194.175963
40.736966, 195.821502
41.303653, 197.466534
41.869759, 199.111081
42.435243, 200.755160
43.000063, 202.398789
43.564178, 204.041986
44.127546, 205.684766
44.690126, 207.327144
45.251876, 208.969136
45.812756, 210.610755
46.372723, 212.252014
46.931737, 213.892925
47.489757, 215.533502
48.046742, 217.173754
48.602650, 218.813693
49.157442, 220.453330
49.711076, 222.092674
50.263511, 223.731735
50.814708, 225.370522
51.364625, 227.009044
51.913222, 228.647308
52.460459, 230.285324
53.006296, 231.923097
53.550693, 233.560637
54.093609, 235.197950
54.635005, 236.835042
55.174842, 238.471920
55.713079, 240.108591
56.249677, 241.745059
56.784597, 243.381332
57.317799, 245.017414
57.849245, 246.653310
58.378895, 248.289027
58.906710, 249.924568
59.432652, 251.559939
59.956682, 253.195143
60.478762, 254.830186
60.998854, 256.465071
61.516918, 258.099803
62.032918, 259.734385
62.546816, 261.368821
63.058573, 263.003116
63.568152, 264.637271
64.075516, 266.271291
64.580628, 267.905180
65.083450, 269.538939
65.583947, 271.172573
66.082080, 272.806084
66.577813, 274.439475
67.071111, 276.072748
67.561936, 277.705907
68.050253, 279.338954
68.536027, 280.971891
69.019221, 282.604721
69.499800, 284.237447
69.977729, 285.870069
70.452973, 287.502592
70.925496, 289.135016
71.395265, 290.767343
71.862245, 292.399577
72.326402, 294.031718
72.787700, 295.663768
##END=
